9988
10000
9969
9984
9966
9976
9985
9988
9992
9985
9987
9973
9993
9990
9995
9999
9995
9967
9981
9990
9980
9974
9992
9991
9990
9995
9997
9992
9991
9960
9988
9988
9984
9981
9989
9980
9993
9963
9983
9974
9983
9979
9990
9990
9974
9992
9990
9997
9978
9986
9996
9990
9989
9973
9996
9976
9980
9999
9975
9988
9998
9994
10000
9985
9971
9989
9997
9989
9997
9988
9987
9983
9992
9995
9993
9970
9999
9995
9978
9988
10000
9995
9989
9979
9972
9990
9991
9974
9977
9984
9996
9994
9993
9985
9983
9998
9964
9980
9988
9987
9977
9990
9995
9993
9971
9990
9975
9980
9985
9994
9993
9980
9958
9995
9997
9989
9980
9999
9998
9993
9996
9998
9978
9981
9982
9978
9993
9966
9982
9999
9995
9990
9994
9982
9999
9987
9984
9977
9997
9991
9977
9994
9988
9990
9982
9998
9995
9985
9990
10000
9962
9958
9990
9980
9991
9982
9987
9997
9974
9992
9989
9968
9992
9989
9995
9988
9990
9988
9989
9983
9990
10000
9990
9993
9999
9988
9982
9984
9986
9998
9978
9980
9982
9995
9999
9988
9984
9985
9986
9991
9990
9971
9983
9994
9996
9991
9965
9976
9990
9982
9986
9981
9999
10000
9991
9992
9987
9988
9976
9975
9995
9971
9994
9975
9993
9964
9993
9973
9992
9991
9997
9971
9962
9984
9987
9965
9972
9993
9985
9979
9997
9991
9995
9993
9992
9987
9990
9981
9988
9981
9993
9981
9986
9979
9976
9990
9996
9998
9986
9997
9987
9976
9985
9974
9995
9981
9986
9992
9992
9970
9989
9990
9983
9988
9986
9988
9989
9990
9987
9985
9983
9981
9984
9993
9996
9995
9986
9985
9990
9996
9992
9977
9969
9983
9998
9985
9987
9994
9982
9992
9976
9973
9983
9990
9994
9983
9998
9991
9993
9989
9990
9994
9981
9986
9983
9975
9979
9985
9995
9987
9991
9971
10000
9989
9985
9995
9986
9979
9979
9993
9992
9978
9973
9993
9982
9973
9976
9989
9990
9994
9996
9993
9981
9984
9987
9990
9967
9978
9958
9997
9991
9991
9982
9988
9990
9995
9989
9998
9979
9995
9984
9992
10000
9976
9991
9990
9991
9986
9998
9997
9985
9985
9970
9987
9989
9989
9986
9991
9973
9997
9988
9987
9999
9990
9998
9995
9975
9986
9980
9957
9987
9984
9994
9965
9992
9976
9995
9984
9984
9995
9991
9969
9971
9984
9990
9987
9995
9975
9991
9982
9996
9985
9971
9974
9999
9980
9999
9981
9983
9981
9992
9981
9979
9971
9988
9974
9979
9983
9974
9981
9979
9979
9990
9990
9994
9990
9991
9983
9993
9973
9976
9989
9984
9989
10000
9972
9984
9989
9984
9996
9972
9966
9991
9995
9992
9985
9982
9992
9994
9993
9998
9993
9990
9987
9975
9993
9982
9971
10000
9992
9975
9999
9970
9969
9981
9967
9987
9988
9974
9981
9986
9977
9981
9986
9978
9986
9989
9981
9988
9975
9988
9994
9991
10000
9993
9991
9982
9984
9992
9991
9977
9992
9995
9998
9988
9988
9994
9980
9975
9993
9986
9999
9993
10000
9978
9978
9989
9979
9984
9994
9975
9991
9985
9987
9992
9987
9977
9998
9997
9997
9984
9987
9995
10000
9988
9979
9975
9994
9972
10000
9984
9976
9986
9985
9991
9986
9989
9979
9990
9980
9987
9979
9988
9978
9967
9991
9993
9993
9990
9985
9979
9979
9991
9983
9982
9992
9988
9994
9983
9998
9991
9991
9978
9989
9984
9982
9977
9974
9995
9979
9990
9984
9985
9979
9984
9992
9991
9986
9990
9970
9985
10000
9983
9990
9989
9978
9990
9979
9998
9992
9983
9992
9992
9976
9990
9990
9989
9986
9980
9996
9994
9986
9986
9987
9979
10000
9997
9970
9984
9998
9998
9996
9987
9999
9997
9991
9983
9966
9992
9972
9985
9988
9983
9979
9988
9972
9999
9981
9961
9985
9980
9991
9998
9990
9987
9991
9993
9991
9975
9994
9995
9997
9965
9984
10000
9979
9992
9987
9987
9981
9989
9968
9999
9993
9986
9983
9999
9989
9987
9993
9985
9995
9989
9984
9998
9984
9994
9978
9997
9992
9990
9976
9973
9985
9993
9989
9985
9986
9996
9966
9986
9976
9970
9992
9972
9994
9995
9996
9993
9984
9975
9984
9982
9996
9991
9984
9980
9991
9994
9989
9980
9990
9980
9985
9988
9993
9996
9991
9992
9993
9991
9968
9985
9980
9996
9984
9986
9996
9997
9984
9990
9981
9976
9986
9988
9965
9991
9994
9986
9996
9991
9990
9997
9984
9985
9973
9995
9983
9994
9968
9997
9996
9999
9998
9996
9970
9996
9983
9988
9989
9978
9993
9990
9971
9999
9985
9989
9987
9973
9977
9999
9994
9985
9986
9991
9989
9979
9990
9983
9993
9993
9973
9995
9989
9981
9986
9978
9994
9980
9992
9991
9988
9985
9984
9989
9999
9988
9995
9974
9969
9988
9983
9982
9997
9987
9985
9995
9980
9982
9997
9987
9988
9980
9985
9954
9989
9993
9985
9994
9977
9973
9996
9998
9968
9984
9995
9997
9994
9988
9994
9969
9994
9993
9997
9991
9988
9987
9983
9995
9992
9962
10000
9990
9997
9986
9987
9983
9993
9994
9978
9954
9991
9984
9980
9977
9995
9984
9982
9971
9986
9996
9987
9999
9975
9985
9984
9996
9975
9985
9988
9988
9987
9997
9999
9991
9969
9971
9996
9987
9996
9986
9960
9991
9986
9995
9992
9998
9985
9993
9988
9988
9998
9991
9953
9990
9989
9989
9992
9979
9983
9993
9992
9982
9979
9988
9993
9983
9985
9997
9981
9970
9979
9990
9994
9996
9967
9989
9993
9987
9965
9988
9992
9983
9992
9991
9993
9987
9974
9987
9991
9998
9979
9983
9988
9983
9975
9972
9999
9999
9986
9982
9981
9987
9999
9977
9994
9978
9976
9993
9986
9991
9983
9983
9998
9974
9995
9984
9997
9983
9998
9984
9991
9985
9982
9981
9986
9988
9989
9992
9990
9991
9980
9991
9988
9958
9995
9983
9992
9983
9987
9984
9991
9993
9989
9985
9973
9993
9988
9981
9983
9995
9994
9981
9985
9986
9982
10000
9968
9996
9989
9978
9994
9986
9992
9981
9990
9994
9989
9999
9972
