9982
9984
9975
9997
9993
9975
9979
9987
9962
9989
10000
9990
9975
9991
9983
9983
9958
9975
9997
9980
9984
9978
9973
9978
9987
9984
9985
9990
9986
9992
9970
9997
9979
9985
9968
9968
9989
9985
9994
9969
9990
9995
9990
9983
9989
9989
9980
9993
9992
9987
9995
9959
9985
9990
9977
9985
9987
9984
9984
9972
9980
9978
9990
9970
9999
9993
9988
9983
9986
10000
9961
9987
9988
9988
9992
9988
9985
9997
9991
9987
9998
9994
9994
9986
9991
9975
9984
9993
9998
9995
9993
9957
9997
9983
9984
9997
9962
9948
9980
9965
9973
10000
9982
9982
9985
9983
9982
9986
9994
9977
9995
9991
9988
9990
9990
9988
9992
9993
9984
9994
9971
9974
9973
9980
9975
9977
9985
9982
9978
9983
9985
9967
9989
9964
9982
9991
9991
9993
9981
9977
9984
9983
9988
10000
9996
9981
9989
9972
9975
9984
9991
10000
9994
9988
9978
9985
9997
9984
9991
9995
9971
9972
9986
9970
9952
9990
9992
9981
9980
9989
9970
9984
9988
9986
9978
9974
9990
9992
9967
9987
9991
9982
9993
9993
9984
9971
9985
9993
9986
9980
9979
9984
9989
9973
9981
9992
9993
9983
9994
9979
9986
9983
9966
9955
9985
9984
9962
9964
9977
9986
9978
9977
9997
9983
9986
9990
9984
9972
9969
9988
9979
9980
9979
9995
9996
9975
9990
9985
9964
9981
9970
9994
9985
9999
9996
9988
9989
9972
9988
9976
9993
9995
9989
9977
9993
9986
9992
9996
9986
9961
9986
9993
9998
9970
9964
9984
9993
9987
9983
9991
9974
9972
9971
9987
9988
9992
9988
9984
9979
9974
9982
9988
9993
9984
9972
9992
9975
9990
9990
9987
9990
9988
9989
9994
9992
9979
9991
9985
9975
9997
9977
9982
9983
9997
9999
9978
9957
9993
9988
9990
9982
9991
9983
9975
9967
9981
9995
9995
9980
9988
9978
10000
9977
9996
9981
9988
9979
9982
9965
9990
9982
9966
9982
9990
9977
9982
9974
9989
9986
9993
9995
9992
9982
9990
9983
9982
9988
9986
9982
9973
9973
9975
9974
9981
9984
9985
9990
9999
9982
9986
9995
9982
9990
9986
9982
9982
9985
9976
9987
9996
9979
9995
9993
9969
9980
9989
9983
9997
9979
9982
9970
9985
9995
9988
9993
9972
9957
9982
9989
9993
9986
9986
9983
9994
9985
9982
9989
9977
9984
9987
9984
9992
9985
9977
9978
9989
9974
9974
9968
9996
9987
9998
9980
9987
9989
9995
9995
9987
9985
9994
9979
9987
9997
9986
9973
9998
9988
9982
9986
9995
9986
9993
9988
9991
9977
9984
9990
9985
9998
9994
9981
9962
9981
9985
9978
9981
9975
9989
9990
9995
9989
9985
9994
9985
9972
9994
9991
9989
9981
9989
9979
9987
9973
9987
9989
9987
9989
9994
9985
9991
9985
9987
9974
9995
9987
9963
9976
9955
9990
9988
9983
9988
9989
9973
9987
9978
9987
9969
9956
9985
9996
9972
9989
9989
9986
9986
9970
9988
9988
9991
9984
9969
9986
9997
9988
9977
9999
9989
9986
9981
9987
9995
9987
9964
9979
9992
9982
9994
9987
9989
9991
9991
9998
9994
9980
9990
9967
9986
9986
9976
9995
9983
9963
9985
9966
9981
9980
9985
9977
9983
9981
9983
9997
9994
9990
9995
9995
9987
9994
9995
9977
9984
9993
9976
9970
9996
9955
9986
9980
9992
9975
9982
9996
9987
9999
9998
9976
9983
9967
9984
9992
9990
9976
9977
9984
9964
9975
9994
9993
9984
9982
9989
9984
9979
9994
9985
9996
9970
9975
9988
9987
9988
9967
9968
9986
9980
10000
9981
9975
9997
9997
9970
9972
9982
9991
9979
9981
9981
9997
9999
9981
9994
9986
9985
9984
9968
9993
9996
9995
9990
9997
9982
9977
9999
9991
9986
9988
9991
9986
9979
9975
9987
9986
9989
9983
9994
9993
9991
9979
9983
9983
9980
9980
9980
9987
9972
9987
9972
9990
9993
9980
9988
9976
9970
9975
9984
9990
9967
9972
9998
9994
9982
9982
9996
9984
9982
9984
9995
9992
9974
9980
9984
9988
9990
9982
9979
9970
9988
9999
9983
9986
9991
9980
9985
9985
9992
9967
9994
9981
9997
9976
9984
9975
9969
9973
9986
9981
9994
9985
9991
9978
9979
9991
9982
9988
9985
9977
9988
9987
9998
9983
9979
9991
9994
9988
9989
9988
9986
9970
9987
9973
9998
9969
9973
9982
9991
9979
9976
9986
9988
9986
9989
9984
9981
9989
9983
9975
9980
9978
9995
9986
9988
9989
9998
9988
9982
9972
9970
9983
9968
9977
9985
9988
9991
9973
9973
9981
9968
9987
9979
9987
9979
9979
9978
9989
9991
9997
9990
9967
9988
9976
9971
9976
9982
9995
9996
9997
9977
9985
9972
9979
9979
9969
9976
9987
9978
9959
9981
9987
9955
9978
9996
9977
9978
9983
9980
9977
9975
9965
9988
9989
9987
9982
9987
9976
9987
9984
9973
9991
9981
9993
9978
9987
9978
9984
9988
9982
9998
9974
9989
9987
9994
9988
9985
9987
9978
9996
9975
9975
9984
9991
9986
9977
9985
9988
9995
9966
9992
9985
9989
9980
9980
9987
9993
9984
9987
9986
9996
9986
9982
9986
9961
9986
9981
9980
9981
9983
9992
9988
9990
9989
9977
9973
9981
9990
9955
9992
9984
9977
9982
9990
9996
9987
9988
9992
9996
9969
9986
9966
9987
9986
9992
9984
9988
9978
9995
9990
9992
9987
9986
9997
9990
9995
9974
9995
9986
9991
9995
9977
9997
9987
9988
9959
9986
9999
9991
9983
9989
9987
9980
9994
9974
9991
9988
9977
9980
9988
9997
9989
9981
9977
9998
9988
9982
9979
9998
9999
9984
9991
9980
9991
10000
9989
9979
9995
9985
9980
9981
9969
9980
9983
9992
9982
9982
9966
9975
9983
9992
9985
9991
9977
9974
9993
9989
9983
9972
9991
9994
9992
9997
9996
9990
9966
9964
9975
9971
9990
9976
9975
9985
9984
9995
9978
9990
9985
9980
9992
9992
9987
9980
9986
9990
9998
9970
9972
9961
9984
9980
9992
9978
9989
9987
9974
9970
9981
9992
9976
9990
9983
9993
9988
9987
9976
9985
9968
9991
9997
9993
9994
9969
