9996
9984
9992
9981
9967
9992
9980
9970
9993
9982
9979
9961
9972
9988
9978
9987
9972
9969
9986
9982
9973
9976
9974
9989
9981
9984
9976
9989
9993
9988
9985
9986
9967
9993
9980
9980
9989
9988
9955
9993
9977
9978
9982
9986
9994
9964
9979
9971
9989
9983
9971
9986
9996
9984
9987
9972
9989
9991
9992
9970
9988
9990
9986
9971
9970
9990
9982
9977
9986
9978
9982
9988
9984
9989
9998
9991
9974
9993
9984
9983
9987
9986
9974
9988
9993
9976
9990
9980
9994
9991
9994
9994
9987
9983
9988
9984
9987
9984
9992
9963
9990
9980
9982
9983
9985
9988
9949
9988
9982
9989
9985
9967
9987
9968
9976
9966
9966
9993
9985
9928
9974
9985
9987
9993
9987
9978
9966
9973
9977
9964
9981
9987
9991
9977
9989
9981
9975
9989
9986
9983
9992
9976
9993
9988
9977
9984
9994
9971
9994
9993
9979
9986
9984
9990
9991
9992
9987
9981
9983
9993
9990
9981
9980
9989
9992
9973
9977
9991
9985
9975
9975
9963
9978
9992
9987
9985
9988
9988
9972
9992
9965
9981
9989
9986
9998
9990
9975
9994
9984
9991
9979
9975
9994
9988
9980
9976
9960
9990
9958
9999
9982
9994
9989
9995
9984
9998
9982
10000
9981
9978
9988
9964
9977
9987
9974
9993
9990
9989
9968
9986
9982
9977
9966
9986
9992
9985
9998
9984
9983
9954
9991
9981
9992
9988
9987
9982
9978
9984
9988
9970
9972
9974
9974
9971
9967
9986
9987
9986
9987
9970
9976
9975
9987
9980
9978
9987
9991
9997
9983
9987
9975
9991
9984
9980
9997
9973
9987
9968
9975
9974
9980
9986
9984
9977
9972
9976
9997
9995
9991
9988
9987
9993
9989
9998
9971
9986
9948
9983
9999
9971
9986
9988
9984
9982
9978
9987
9950
9990
9971
9982
9986
9978
9985
9982
9963
9987
9990
9957
9980
9985
9988
9991
9987
9993
9979
9934
9982
9988
9974
9988
9987
9986
9968
9980
9981
9955
9985
9972
9990
9978
9993
9996
9987
9991
9968
9978
9982
9987
9979
9977
9991
9982
9982
9981
9992
9989
9994
9987
9972
9978
9983
9989
9980
9987
9992
9994
9995
9987
9989
9992
9992
9983
9984
9985
9978
9980
9954
9994
9982
9991
9984
9990
9983
9971
9975
9990
9962
9965
9990
9982
9988
9992
9984
9993
9988
9988
9993
9981
9984
9992
9981
9985
9993
9983
9993
9975
9989
9984
9967
9986
9976
9973
9987
9986
9979
9973
9987
9985
9968
9995
9986
9993
9977
9992
9977
9991
9987
9991
9992
9978
9976
9982
9977
9987
9971
9985
9990
9990
9982
9994
9993
9979
9977
9992
9965
9984
9994
9987
9990
9964
9991
9982
9980
9993
9993
9974
9979
9995
9993
9995
9988
9990
9975
9981
9982
9942
9960
9995
9997
9996
9981
9975
9994
9979
9978
9987
9968
9976
9982
9950
9985
9985
9983
9989
9982
9989
9980
9964
9984
9977
9983
9993
9997
9979
9993
9973
9980
9986
9989
9988
9988
9987
9988
9995
9994
9983
9985
9968
9978
9993
9987
9995
9990
9983
9991
9982
9983
9982
9986
9993
9993
9975
9976
9988
9989
9977
9992
9992
9980
9981
9982
9990
9992
9976
9983
9996
9977
9993
9991
9992
9990
9981
9973
9980
9990
9977
9979
9998
9987
9972
9979
9995
9989
9994
9981
9984
9979
9986
9992
9985
9964
9997
9953
9984
9987
9997
9966
9982
9987
9983
9979
9987
9982
9977
9985
9991
9990
9986
9988
9987
9988
9984
9981
9991
9993
9995
9989
9990
9982
9995
9977
9966
9985
9989
9996
9985
9995
9969
9964
9978
9993
9990
9996
9988
9991
9971
9993
9983
9994
9988
9992
9982
9987
9983
9972
9981
9992
9993
9978
9952
9989
9990
9995
9983
9991
9989
9971
9992
9992
9985
9972
9979
9992
9976
9983
9994
9988
10000
9985
9993
9991
9991
9980
9982
9995
9991
9936
9959
9974
9977
9984
9978
9990
9975
9979
9986
9988
9966
9986
9990
9987
9990
9988
9984
9992
9995
9989
9986
9983
9975
9968
9984
9978
9979
9990
9977
9977
9998
9972
9967
9985
9977
9974
9983
9990
9980
9961
9981
9986
9982
9978
9974
9993
9991
9980
9972
9980
9966
9990
9976
9967
9978
9978
9990
9993
9989
9990
9990
9991
9985
9983
9967
9988
9965
9988
9989
9985
9987
9980
9994
9997
9996
9980
9981
9997
9968
9994
9975
9975
9976
9977
9993
9972
9971
9975
9993
9991
9985
9967
9982
9966
9981
9988
9985
9993
9980
9992
9975
9966
9991
9981
9974
9984
9976
9988
9982
9987
9979
9991
9992
9983
9970
9978
9972
9988
9991
9972
9997
9990
9982
9990
9979
9990
9982
9985
9977
9994
9972
9990
9982
9985
9986
9991
9982
10000
9987
9967
9989
9991
9995
9968
9983
9993
9983
9991
9979
9987
9981
9986
9993
9986
9973
9986
9987
9983
9997
9974
9989
9975
9978
9972
9991
9995
9989
9984
9975
9996
9980
9984
9983
9992
9993
9973
9977
9972
9970
9985
9984
9970
9984
9985
9987
9958
9976
9978
9989
9988
9979
9986
9988
9990
9985
9983
9987
9994
9979
9978
9984
9991
9977
9977
9977
9983
9988
9981
9982
9993
9974
9988
9967
9988
9981
9984
9981
9982
9973
9992
9970
9986
9962
9967
9987
9988
9966
9970
9998
9988
9971
9993
9980
9971
9989
9980
9987
9985
9985
9981
9971
9978
9994
9988
9979
9974
9989
9986
9983
9978
9987
9983
9975
9982
9978
9994
9989
9982
9986
9986
9976
9970
9992
9993
9986
9980
9988
9992
9975
9983
9996
9980
9987
9988
9979
9999
9972
9992
9987
9978
9981
9980
9966
9984
9985
9974
9982
9980
9995
9974
9976
9990
9991
9988
9981
9981
9984
9986
9993
9974
9979
9980
9990
9992
9991
9985
9985
9991
9976
9983
9995
9996
9986
9979
9995
9976
9990
9986
9958
9983
9983
9987
9984
9978
9994
9995
9975
9982
9979
9984
9989
9998
9981
9990
9988
9986
9979
9958
9998
9977
9981
9996
9975
9981
9981
9991
9991
9995
9994
9989
9991
9984
9978
9983
9987
9998
9966
9988
9987
9983
9976
9985
9981
