9990
9974
9992
9981
9980
9993
10000
9989
9993
9999
9977
9969
9987
9985
9990
9975
9968
9993
9991
9988
9992
9993
9998
9980
9983
9997
9990
9978
9989
9990
9984
9989
9983
9993
9981
9991
9976
9992
9965
9993
9992
9974
9980
9981
9978
9995
9992
9989
9979
9978
9991
9991
9993
9975
9986
9966
9998
9990
9984
9971
9987
9997
9988
9990
9989
9987
9984
9983
9999
9981
9991
9996
9983
9982
9967
9989
9974
9988
9985
9985
9986
9977
9965
9993
9983
9968
9977
9977
9988
9996
9985
9995
9985
9974
9985
9975
9991
9973
9976
9994
9998
9994
9984
9986
9971
9990
9985
9977
9985
9979
9984
9963
9964
9978
9982
9972
9995
9971
9968
9982
9978
9988
9988
9988
9967
9982
9997
9944
9990
9979
9986
9999
9996
9984
9994
9997
9979
9976
9987
9993
9984
9984
9994
9991
10000
9997
9970
9981
9985
9983
9975
9997
9974
9976
9984
9981
9990
9993
9981
9989
9990
9982
9981
9973
9979
9986
9990
9998
9970
9985
9988
9987
9990
9993
9994
9986
9982
9982
10000
9967
9977
9987
9985
9984
9974
9980
9978
9981
9988
9987
9980
9982
9977
9998
9987
9992
9997
9971
9968
9986
9981
9979
9974
9983
9981
9989
9981
9987
9977
9975
9991
9971
9985
9998
9986
9987
9980
9981
9980
9995
9985
10000
9992
9980
9986
9980
9998
9997
9982
9996
9991
9976
9977
9981
9988
9980
9957
9989
9988
9992
9988
9987
9987
9979
9981
9982
9984
9992
9979
9992
9996
9984
9992
10000
9990
9972
9987
9985
9990
9999
9977
9993
9995
9981
9989
9992
9985
9978
9991
10000
9987
9998
9987
9981
9989
9991
9987
9985
9961
9983
9983
9987
9985
9981
9982
9986
9974
9991
9986
9978
9997
9975
9999
9988
9991
9990
9991
9990
9974
9978
9984
9995
9991
9983
9978
9991
9984
9984
9978
9998
9986
9987
9961
9990
9979
9991
9987
9996
9972
9993
9981
9986
9978
10000
9993
9983
9985
9965
9982
9980
9969
9987
9995
9988
9984
9995
10000
9992
9988
9995
9993
9994
9985
9961
9993
9990
9992
9994
9986
9989
9990
9971
9997
9997
9992
9993
9978
9992
9982
9981
9997
9991
9997
9983
9989
9978
9968
9983
9970
9975
9992
9995
9985
9977
9992
9992
9992
9977
9988
9967
9978
9984
9989
9978
9995
9993
9986
9978
9970
9987
9978
9992
9991
9987
9987
9979
9990
9966
9989
9995
9985
9995
9992
9994
9994
9995
9987
9985
9965
9988
9986
9988
9991
9960
9980
9998
9993
9990
9990
9987
10000
9982
9995
10000
9994
9984
9990
9982
9982
9990
9987
9968
9991
9991
9985
9987
9987
9984
9994
9977
9982
9993
9996
9976
9992
9992
9989
9990
9978
9974
9997
9963
9988
9981
9989
9977
9989
9987
9979
9990
9998
9977
9983
9977
9983
9987
9977
9991
9994
9956
9980
9986
9983
9982
9984
9966
9989
9976
9989
9978
9982
9987
9986
9977
9970
9981
9990
9974
9983
9974
9976
9980
9992
9986
9979
9982
9987
9993
9993
9981
9982
9989
9994
9992
10000
9989
9986
9985
9957
9959
9967
9989
9989
9978
9986
9997
9972
9995
9976
9985
9999
9995
9987
9994
9987
9983
9983
9990
9987
9983
9982
9991
9995
9988
9979
9981
9985
9990
9992
9971
9970
9980
9989
9993
9982
9992
9987
9976
9979
9992
9991
9988
9989
9978
9984
9977
9979
9972
9983
9994
9983
9989
9952
9932
9962
9997
9990
9978
9991
9997
9992
9999
9987
9982
9991
9991
9993
9996
9985
9994
9984
9991
9956
9989
9984
9972
9951
9983
9997
9970
9977
9981
9972
9963
9988
9993
9989
9993
9994
9990
9997
9993
9988
9977
9989
9992
9986
9986
9983
9990
9980
9983
9994
9991
9993
9995
9989
9992
9989
9987
9986
9997
9985
9976
9991
9980
9986
9982
9978
9987
9974
9980
9991
9959
9989
9991
9991
9989
9992
9963
9992
9984
9972
9987
9997
9990
9990
9980
9992
9986
9973
9994
9987
9986
9992
9982
9987
9973
9985
9988
9985
9990
9966
9974
9993
9988
9991
9988
9974
9991
9972
9969
9990
9987
9979
9977
9990
9970
9997
9984
9994
9967
9985
9987
9982
9984
9994
9981
9995
9993
9990
9999
9996
9991
9974
9993
9957
9994
9981
9978
9977
9987
9988
9989
9964
9973
9986
9992
9988
9982
9986
9984
9996
9986
9999
9990
9985
9992
9977
9991
9973
9973
9986
9984
10000
9973
9995
9982
9986
9971
9969
9985
9990
9993
9981
9988
9976
9991
9983
9984
9976
9997
9966
9987
9994
9990
9999
9978
9978
9988
9987
9981
9971
9988
9993
9980
9993
9982
9985
9993
9979
9992
9983
9987
9984
9990
9993
9983
9977
9967
9992
9993
9995
9984
9965
9967
9995
9990
9974
9982
9999
9986
9981
9979
9990
9998
9985
9984
9965
9977
9996
9991
9979
9994
9991
9972
9975
9990
9990
9980
9978
9967
9956
9990
9996
9986
9983
9991
9992
9994
9994
9995
9986
9985
9981
9979
9986
9985
9978
9968
9994
9995
9987
9987
9993
9978
9994
9983
9989
9981
9985
9988
9988
9997
9983
9984
9970
9984
9959
9981
9975
9986
9977
9979
9986
9985
9953
9972
9976
9984
9962
9981
9980
9979
9979
9998
9986
9987
9988
9993
9991
9986
9974
9995
9987
9966
9974
9986
9973
9988
9975
9988
9961
9993
9979
9991
9978
9994
9972
9972
9995
9981
9981
9996
9999
9994
9995
9999
9948
9986
9993
9980
9995
9981
9997
9993
9983
9995
9996
9970
9982
9981
9990
9987
9976
9967
10000
9993
9995
9981
9977
9989
9993
9988
9976
9978
9989
9973
9969
9973
9991
9983
9979
9991
9986
9995
9985
9993
9992
9974
9988
9989
9981
9973
9985
9984
9984
9990
9992
9986
9981
9993
9972
9968
9987
9993
9987
9968
9979
9972
9985
9982
9991
9986
9984
9979
9995
9971
9977
9986
9990
9990
9994
9995
9968
9986
9982
9983
9998
9988
9983
9993
9993
9983
9986
9983
9975
9986
9991
9988
9963
9984
9979
9991
9966
9967
9989
9987
9991
9997
9975
9969
9984
9989
9995
9974
9960
9983
9992
9969
