10000
10000
9998
9987
10000
9992
10000
9980
10000
9996
10000
10000
9981
10000
9998
9983
9996
10000
9997
9985
9999
9991
9969
9970
9979
9990
10000
9977
10000
9972
9984
9991
9984
9999
9995
10000
9981
9996
10000
10000
10000
9985
9990
10000
9977
9989
9999
9997
9999
9999
10000
9998
10000
9988
9994
10000
9999
9994
9988
10000
9979
10000
10000
9987
9996
9998
9995
9993
9996
9999
9977
10000
9999
9997
9998
9987
10000
9994
10000
10000
9999
9997
9999
9999
10000
9990
9978
9999
9992
10000
9998
9989
9999
9996
9966
10000
10000
9988
9985
10000
9999
10000
10000
10000
9998
10000
10000
10000
10000
9990
10000
9993
9986
9999
10000
9996
10000
10000
9990
9996
10000
10000
9995
9993
9976
9986
9999
9986
9996
9982
9978
9991
9993
10000
9990
10000
9998
10000
9995
10000
9989
9989
9978
9992
9999
9996
9973
9984
9988
9962
10000
9995
9994
9986
9993
10000
9998
9983
9983
10000
9998
9999
9999
9995
10000
9985
9999
10000
9992
10000
9999
9999
10000
10000
9989
9984
9994
9999
10000
9998
10000
9990
10000
9997
9989
9997
10000
9999
9975
9999
10000
9991
9995
9993
9988
10000
9997
10000
9991
9998
9993
9994
9990
9997
10000
10000
9991
10000
10000
9967
9988
9982
10000
10000
9997
9999
9996
10000
9997
10000
10000
9961
9982
10000
9995
10000
10000
9997
9998
9995
9997
9970
9981
9998
9999
10000
10000
9991
9986
9999
9999
9998
9989
10000
10000
10000
9999
10000
9999
10000
10000
10000
9999
10000
9994
10000
10000
10000
9983
9973
10000
10000
10000
9992
9969
9998
9991
9998
9975
9993
10000
10000
9992
10000
9997
9999
9996
9988
9995
10000
9999
10000
9997
9985
9991
9995
10000
10000
10000
9998
9989
9999
9995
9997
9986
9979
9981
10000
9983
10000
9993
10000
9999
10000
10000
9999
9998
9993
9999
10000
9991
9998
9992
9995
9993
9999
10000
9964
10000
10000
9988
9979
9992
9994
9991
9992
9994
9983
10000
9998
10000
9991
9998
9977
10000
10000
9981
10000
10000
10000
9998
9998
10000
10000
9979
9987
10000
9999
9968
10000
9997
9993
9997
9998
10000
10000
9989
9995
10000
9998
10000
10000
10000
9999
9982
9970
9995
9999
9999
10000
9993
10000
9986
9988
10000
9966
9979
9999
9984
9999
9993
9999
9988
9994
10000
9997
9999
9990
10000
9994
10000
10000
10000
9993
9999
9999
9973
10000
9986
9978
9999
9975
9973
10000
10000
10000
9992
10000
10000
9999
10000
10000
10000
10000
10000
9999
9972
9999
9989
9992
9999
10000
10000
9982
10000
9978
9986
10000
9996
10000
10000
9987
10000
10000
9999
9989
10000
10000
10000
9984
10000
9990
9991
9997
9997
9999
10000
10000
10000
9984
9965
9997
9998
9996
10000
10000
9999
9987
9998
9998
10000
10000
9986
10000
9998
9970
10000
10000
9984
9997
9987
9973
10000
10000
9982
9979
9998
9999
10000
10000
10000
10000
9990
9979
9985
9992
10000
10000
10000
9994
9998
10000
9986
10000
9979
9988
9986
10000
9992
10000
9996
10000
10000
10000
9987
9993
9972
9998
10000
10000
10000
9994
9991
9996
9995
9999
9997
9996
10000
10000
9990
10000
10000
9997
10000
10000
9988
10000
10000
9998
10000
9986
9999
9975
9994
10000
9992
9978
9978
9997
10000
10000
9993
9998
9986
10000
9994
10000
9999
9996
9999
9986
9979
10000
10000
10000
9996
9984
9999
9993
9975
9971
10000
9996
9973
9994
10000
9993
10000
9983
10000
10000
9977
9999
9993
9989
9992
9999
10000
9990
9973
9993
9999
10000
10000
10000
10000
10000
9999
9971
9970
9999
10000
9997
10000
9999
9970
9998
9996
10000
10000
10000
9984
9995
9988
10000
10000
9980
9984
9998
10000
9993
9997
10000
9987
10000
10000
9988
9996
9993
10000
9989
9985
9999
10000
9999
10000
10000
9992
9979
10000
10000
9994
9997
10000
9981
10000
9996
9992
9998
9992
9997
9979
9997
9995
10000
9988
9991
9998
9973
10000
9998
10000
10000
10000
9984
9996
10000
9981
10000
9990
10000
10000
10000
9992
9995
9997
10000
10000
9998
9970
10000
9983
9990
9996
10000
10000
9969
9957
10000
10000
9985
10000
9998
10000
9996
10000
10000
9969
10000
10000
9990
9994
9991
10000
9996
9989
10000
9997
9977
9982
9999
9991
10000
10000
10000
9984
10000
9995
9993
10000
10000
9998
9998
9984
9995
9999
9996
9995
9994
10000
9999
9989
10000
9993
10000
9999
9984
9981
10000
9987
10000
9982
9987
9985
10000
10000
9991
9996
9998
10000
9988
9992
10000
9977
10000
9994
9993
10000
9999
9997
10000
10000
9997
10000
9992
10000
10000
9986
10000
9989
10000
10000
9976
10000
9992
9980
10000
10000
9987
10000
9999
10000
10000
10000
9996
9997
9993
10000
9996
10000
9999
10000
10000
9993
9987
9994
9985
9994
9984
9984
9961
9995
9989
9979
10000
9994
10000
9996
9998
9994
9976
9986
10000
9999
9992
10000
9981
10000
10000
9987
9993
9988
9984
9908
9993
10000
9998
9981
9997
10000
10000
9992
9999
10000
10000
9985
9991
10000
9991
10000
9995
9991
9990
9999
10000
9998
9994
9988
9985
10000
9999
9999
10000
9993
10000
9997
10000
10000
9999
9992
9997
9996
9977
9989
10000
9987
10000
10000
9992
9975
9986
10000
9992
9999
10000
9985
10000
10000
9984
10000
10000
9992
9996
10000
9987
9999
10000
9984
10000
9988
9976
9999
10000
10000
10000
9990
10000
9986
10000
9975
10000
9989
10000
9998
10000
10000
10000
9997
10000
9999
9976
9985
9993
9999
9997
9997
10000
10000
9992
10000
10000
10000
9965
9972
10000
10000
9997
9989
9990
10000
9999
9991
9986
9994
9989
10000
10000
10000
9999
10000
9975
9993
9997
9964
10000
10000
9997
9998
9989
10000
10000
10000
10000
10000
10000
9995
9992
9990
9978
9987
10000
9983
10000
9997
9985
10000
9997
9981
9979
9987
10000
9995
9994
10000
10000
9985
9964
9996
9996
9973
10000
10000
10000
10000
10000
9978
10000
10000
9998
9988
10000
9975
9999
10000
9987
9992
9998
10000
9995
10000
9991
10000
9995
10000
9999
9988
9995
9992
10000
