9974
9951
9967
9870
9991
9902
9989
10000
9963
10000
9605
9994
9947
9987
9979
9998
9986
9893
9986
9983
9955
9994
9837
9951
9980
9995
9869
9986
9973
9622
9980
9986
9977
9962
9981
9824
9743
9992
9719
9804
9888
9963
9994
9580
9827
9974
9806
9974
9960
9975
9923
9963
9969
9971
9990
9946
9542
9984
9958
9981
9979
9824
9969
9986
9944
9983
9988
9949
9994
9998
9961
10000
9969
9978
9969
9937
9869
9625
9913
9865
9809
9987
9983
9969
9980
9911
9980
9975
9970
9987
9972
9991
9987
9978
9983
9958
9980
9791
9991
9827
9969
9948
9879
9844
9981
9643
9934
9871
9968
9921
9966
9978
9998
9967
9918
9944
9981
9953
9882
9607
10000
9875
9900
9959
9954
9982
10000
10000
9885
9943
9943
9930
9954
9934
9961
9781
9978
9974
9979
9986
9990
9978
9982
9973
9991
9984
9994
9988
9988
9970
9989
9519
9987
9987
9974
9980
9990
9928
9978
10000
9982
9981
9987
9895
9985
9962
9972
9982
9900
9896
9936
9657
9893
9961
9642
9957
9935
9947
9955
9933
9961
10000
9953
9988
9988
9959
9947
10000
9882
9921
9957
9584
9774
9988
9922
9904
9986
9818
9982
9767
9947
9990
9975
9988
9954
9976
9978
9888
9941
9986
9977
9990
9974
9687
9983
9984
9976
9975
10000
9967
9971
9892
9972
9969
9981
9992
9726
9716
9990
9953
10000
9971
9978
9980
9976
9814
9999
9987
9984
9992
9971
9899
9982
10000
9990
9989
9896
9853
9954
9965
9843
9871
9939
9921
9977
9734
9992
9897
9968
9983
9990
9886
9939
9879
9977
9898
9951
9926
9951
9907
9961
9973
9935
9976
9739
9987
10000
9979
9959
9980
9992
9976
9954
9990
9979
9969
9985
9771
9774
10000
9977
9987
9939
9985
9985
9972
9994
9702
9759
9696
9890
9968
9893
9925
9759
9913
9964
9963
9676
9981
9968
9993
9971
9829
10000
9873
9964
9843
9915
9979
9982
10000
9960
9974
9986
9978
9982
9977
9991
9977
9981
9809
9987
9989
9952
9933
9757
10000
9915
9992
9965
9977
9878
9989
9972
9987
9973
9974
10000
9954
10000
9933
9991
9603
9877
9987
9978
9969
9857
9882
9864
9994
9982
9974
10000
9999
9922
9987
9956
9973
9971
9887
9922
9934
9969
9970
9954
9961
9976
9976
9754
9988
9982
9917
9981
9972
9972
9894
9903
9892
10000
9872
9923
9992
9956
9978
9971
9986
9975
9977
9939
9979
10000
9929
9881
9956
9896
9810
9935
9962
9861
9930
9923
9958
9989
9974
9969
9966
9967
9934
9977
9676
9744
9987
9955
9929
9970
9901
9989
9641
9991
9905
9795
10000
9951
9981
9810
9958
10000
9987
9989
9938
9977
10000
9855
9951
10000
9957
9904
9739
9967
9925
9948
9984
9990
9968
9998
9540
9979
9988
9989
9960
9823
9805
9967
9982
9965
9954
9975
9982
9930
9952
10000
9965
9981
9981
9996
9945
9977
9452
9987
9976
9926
9985
9863
9955
9744
9951
9946
9983
9965
9979
9954
9957
9997
9824
9877
9978
9991
9991
9968
9986
9893
9970
9811
9545
9972
9928
9819
9924
9952
10000
10000
9999
9951
9829
9611
9928
9983
9974
9984
9961
9980
9943
9980
9884
9980
9993
9988
9775
9913
9977
9496
9988
9954
9977
9974
9883
9959
9930
9925
9976
9981
9838
9818
9884
9934
9777
9973
9679
9983
9933
9982
9971
9948
9926
9874
9996
9984
9827
9975
9924
9984
9529
9939
9991
10000
9769
9985
9768
9919
9808
9987
9487
9936
9987
9997
9985
9972
9815
9551
9963
9896
9953
9988
9978
9989
9986
9789
9704
9975
9872
9971
9846
9939
9964
9987
9979
9988
9901
9618
9878
9876
9963
9884
9985
9957
9962
9973
9832
9695
9830
9979
9963
9930
9986
9926
9984
9979
9844
9950
9938
9926
9806
9985
9971
9964
9965
9967
9955
9984
9964
9977
9991
9980
9984
9939
9985
9987
9812
9984
9955
9984
9865
9443
9528
9979
9862
9962
9995
9919
9985
9888
9804
9972
10000
9934
9965
9945
9813
9967
9951
9936
9962
9701
9620
9891
9992
9984
9931
9975
9910
9927
9981
9993
9834
9786
9949
9982
9991
9941
9816
10000
9947
9946
9970
9968
9510
10000
9972
9969
9969
9963
9620
9970
9975
9992
9952
9975
9956
9976
9569
9880
9972
9983
9986
9928
9984
9989
9679
9984
9963
9957
9976
9969
9987
9880
9970
9843
9997
9994
9959
9966
9987
9951
9984
9989
9985
9984
9837
9929
9981
9939
9940
9982
9978
9995
9779
9975
9889
9917
9881
9821
9964
10000
9980
9911
9798
9873
9991
9934
10000
9994
9977
9978
9833
9957
9984
9851
9847
10000
9989
9926
9968
9998
9938
9958
9633
9981
9966
9980
9983
9982
9959
9689
9969
9519
9959
9919
9952
9936
9965
9977
9945
9871
9987
9992
9992
9976
9980
9991
9801
9989
9872
9977
9738
9983
9739
9955
9986
9982
9623
9971
9989
9968
9980
9897
9759
9983
9903
9644
9992
9556
9714
9730
10000
9662
9921
9732
9999
9973
9622
9933
9962
9971
9991
9988
9889
9959
9968
9969
9831
9956
9873
9993
9929
9977
9971
9819
9918
9868
9899
9839
9977
9947
9987
9993
9877
9963
9814
9986
9988
9959
9906
9953
9990
9764
10000
9964
9986
9721
9970
9898
9757
9816
9972
9926
9942
9967
9798
9951
9882
9700
9909
9985
10000
9943
9517
9977
9855
9897
9778
10000
9994
9981
9832
9960
9973
10000
9972
9974
9980
10000
9982
9902
9991
9975
9978
9981
9978
9951
9983
9984
9971
9875
9994
9983
9743
9995
9938
9957
9894
9692
9957
9969
9269
9963
9873
9980
9939
9989
9985
9991
10000
9595
9981
9978
9910
9963
9984
10000
9982
9995
9968
9911
9992
9542
9979
9974
9999
9990
9959
9866
9970
9968
9977
9947
9886
9948
9982
9974
9969
9979
9994
9980
9891
9977
9944
9953
9850
9981
9987
9761
9885
9954
9980
9981
10000
9972
9986
9682
9971
9574
9842
9987
9952
9966
9597
9681
9976
9808
9913
9923
9897
9989
9981
9772
9739
9679
9981
9931
9993
9980
9971
9981
9948
9831
9865
9977
9942
