9999
9998
9988
10000
9997
9995
10000
9982
9989
10000
9980
9997
9989
9994
9994
9992
10000
9998
9999
9992
9996
9992
9988
9997
9994
9996
10000
9990
9997
9999
9991
9989
9987
9990
10000
10000
10000
10000
9988
10000
9973
9997
10000
9995
10000
10000
9990
9986
9992
9978
10000
9963
9998
9999
9995
9988
9982
9989
9992
9999
9974
9984
9996
9999
9991
9999
9994
9995
9991
9970
10000
10000
9999
9998
9997
9992
9965
10000
10000
9999
10000
9985
9998
9977
10000
9999
9979
9973
9992
9972
10000
9998
9983
9994
9986
9999
9997
9993
9999
10000
9973
9995
10000
9979
9989
9996
10000
9999
9992
9993
9989
9992
9993
10000
10000
9998
10000
9984
9995
9996
9978
10000
9999
9992
10000
9999
9989
9983
10000
9990
10000
9984
10000
9989
9989
10000
10000
9997
9987
9999
10000
10000
9997
9978
9999
10000
9997
9984
9971
9995
9988
9999
9990
9996
9998
9994
10000
9998
10000
9997
10000
9993
9990
9994
9998
9999
9998
9998
9967
10000
9990
9996
9992
9965
9979
10000
9999
10000
10000
9997
9987
9982
9999
9974
10000
9999
10000
9991
9980
9997
9988
9991
9992
10000
9996
10000
9984
9999
9995
9993
9997
9999
9994
9998
9998
9996
9997
9992
9992
9989
9999
9996
9997
10000
10000
9993
9997
9981
9986
9986
9991
9994
9999
9983
9996
9993
9993
9997
9999
10000
9997
9998
9996
9993
9999
9994
9999
9984
9987
9996
9999
9981
9999
9996
9990
9991
9990
9997
10000
9998
9995
9986
9990
9997
9992
9999
9997
9994
9986
9998
10000
9999
9998
9995
9988
9989
9991
9994
9999
9984
9996
9992
9975
9994
9998
10000
9993
9987
9999
9987
9991
9989
10000
10000
9999
9992
9996
9923
9985
9992
10000
9984
10000
9986
9991
9999
9982
10000
9993
9997
9989
9998
10000
9995
9997
9994
10000
9986
9999
9998
9997
9984
9980
9992
9998
9998
9996
9994
10000
9996
9994
10000
9993
9991
10000
9999
9991
9985
9991
10000
9995
9993
9982
10000
9998
9992
10000
9996
9999
9998
10000
9999
9975
9999
9999
9991
9997
9969
9990
9999
10000
10000
9996
9968
10000
9990
9998
10000
9994
9999
9995
9994
9976
9999
9995
9975
10000
10000
10000
10000
9999
9993
9992
10000
9998
9987
9998
10000
9990
10000
10000
10000
10000
9992
9991
9988
9997
9969
9998
9998
10000
10000
9997
9997
9958
9999
9997
10000
9998
10000
9994
10000
9986
9984
9994
9995
9996
9997
9999
10000
9998
9997
9998
10000
10000
9995
9991
9993
10000
10000
9996
10000
9997
9984
9982
9984
9991
9992
9980
9999
10000
9996
9992
9986
9999
9999
9996
9988
9989
9995
9983
9988
9997
9987
9999
10000
9995
9997
9996
9990
9991
9988
9994
9999
9972
9992
9982
9996
9993
9994
9977
9991
9995
10000
9988
9993
9999
9997
9982
9999
10000
10000
9988
9995
9982
9985
9995
10000
9996
10000
10000
9999
9996
9989
9999
9977
9993
9997
9985
9999
9997
9997
10000
9978
9999
9982
9988
10000
9984
9981
9975
9994
10000
9992
9995
9998
9997
9997
9988
10000
9998
9988
9999
9988
9989
10000
9995
9997
9992
9997
9993
9991
10000
9983
9992
9999
9997
9995
9999
9993
9997
9999
10000
9991
10000
9972
9989
9999
9984
9982
9991
10000
9987
9995
10000
10000
10000
9993
9999
9994
9999
9988
10000
9997
9998
9997
10000
9999
9987
9995
10000
10000
9997
9996
10000
9987
10000
9993
9994
9995
9990
9992
9997
9985
10000
9997
9992
9987
10000
9996
9997
9995
9998
10000
9998
9997
9997
9988
9997
9979
10000
10000
9994
9985
9985
9997
9997
10000
9998
9999
9987
9988
9993
9976
9999
9998
10000
10000
9991
10000
9994
9989
10000
10000
9968
9998
9989
10000
10000
9994
10000
9999
9987
10000
10000
9997
10000
9997
9998
10000
9984
9988
10000
9998
9999
9991
9990
10000
9998
10000
10000
9974
10000
9986
9990
9983
9997
9988
9989
9999
9990
9996
9993
9988
9993
9992
9993
9978
10000
9999
9998
9994
10000
9981
10000
9993
9999
9997
9991
9987
10000
10000
10000
10000
9999
9995
9980
9989
9993
9998
9992
9993
9992
9992
9985
9996
9998
9998
9995
9995
9993
10000
9999
9990
9995
9999
10000
9999
9973
9991
9993
9998
9992
9998
9999
10000
9996
9991
10000
9987
9988
9998
9987
9996
9996
9995
9983
9997
9998
9998
9991
9984
9988
9996
9987
9998
9999
9998
9971
9998
9982
9989
9989
9988
9999
10000
9982
9992
9999
9999
9989
9997
9999
10000
9980
9992
9989
9977
9983
10000
9989
9982
9997
10000
10000
9979
9985
9993
9995
9988
9995
9998
9991
10000
9999
9985
10000
9994
10000
9998
9999
10000
9992
9997
10000
9998
9999
9999
9999
9999
9993
9999
9995
9982
9999
9977
9999
9982
10000
9991
9994
9999
9992
9999
10000
10000
9999
9990
10000
10000
9998
9988
9999
10000
10000
10000
9998
9997
9998
9999
9996
9995
10000
9995
9998
9983
9986
10000
10000
10000
9971
9997
10000
9998
9997
9999
9991
9982
10000
9993
10000
9991
9999
10000
10000
9992
9990
9986
9982
10000
9998
9995
9995
10000
9996
9994
9994
9994
9995
9998
10000
9990
10000
10000
9986
9999
9997
9993
9995
10000
9973
9998
9982
9996
9986
9994
9996
9984
9987
9986
10000
9999
9997
9999
9960
9993
10000
9986
10000
9995
10000
9984
9991
9963
9986
9991
9977
9990
9997
9976
9974
9999
9971
9999
10000
9995
9999
9980
10000
10000
9996
9992
9985
9983
9966
10000
9991
9991
10000
9987
10000
9972
10000
9986
10000
10000
9998
10000
9996
9992
9987
9986
9990
10000
9994
9985
9991
9999
9995
9996
10000
9999
10000
9987
9987
10000
9991
9989
9999
9998
9985
9994
9999
9995
9990
9980
9994
10000
9990
9744
10000
9985
9995
10000
9996
9998
9999
9998
10000
9998
9985
10000
9995
9987
9995
9984
10000
9999
9984
9994
9996
9987
9985
9988
10000
9987
9898
9993
10000
9995
10000
10000
10000
9994
9985
9997
10000
9988
9997
10000
9985
9975
9979
9988
10000
9999
9995
10000
9997
10000
