9964
9999
9975
9979
9993
9964
9991
9981
9989
9989
9961
9994
9978
9980
9973
9993
9976
9982
9975
9991
9979
9970
9996
9986
9991
9988
9989
9968
9991
9973
9967
9980
9984
9987
9986
9990
9989
9993
9992
9984
9989
9992
9980
9991
9982
9974
9965
9994
9999
9985
9986
9975
9986
9984
9976
9991
9973
9993
9966
9988
9984
9998
9978
9989
9992
9994
9990
9982
9967
9980
9985
9996
9982
9998
9990
9986
9989
9986
9990
9982
10000
9984
9986
9995
9976
9986
9964
9988
9972
9985
9983
9985
9993
9991
9992
9986
9983
9987
9979
9982
9992
9990
9987
9985
9992
9984
9980
9982
9975
9990
9985
9994
9971
9993
9986
9979
9983
9989
9984
9996
9985
9986
9993
9990
9999
9986
10000
9975
9993
9984
9975
9985
9991
9985
9969
9995
9981
9990
9975
9980
9977
9996
9977
9991
9984
9990
9974
9980
9967
9982
9975
9993
9984
9996
9982
9982
9987
9977
9987
9989
9976
9968
9982
9987
9987
9978
9997
9977
9978
9968
9982
9974
9985
9986
9987
9989
9953
9984
9989
9991
9982
9976
9974
9977
9984
9991
9996
9983
9971
9987
9981
9981
9980
9995
9975
9993
9970
9986
9987
9989
9988
9985
9978
9990
9982
9998
9997
9994
9987
9998
9991
9986
9989
9986
9997
9976
10000
9995
9985
9994
9984
9987
9976
9985
9975
9977
9978
9984
9984
9976
9975
9997
9982
9991
9992
9988
9985
9980
9986
9984
9973
9993
9946
9993
9974
9984
9998
9991
9979
9992
9993
9982
9985
9988
9996
9999
9986
9987
9985
9994
9995
10000
9991
9978
9976
9996
9983
9992
9981
9994
9972
9990
9985
9978
9997
9988
9991
9970
9994
9990
9979
9981
9971
9985
9983
9997
9989
9989
9980
9979
9992
9993
9989
9978
9996
9972
9969
9975
9994
9989
9999
9980
9991
9962
9974
9984
9980
9972
9984
9991
9968
9998
9992
9979
9984
9994
9977
9982
9992
9998
9976
9997
9994
9964
9991
9986
9984
9975
9980
9989
9984
9974
9988
9982
9983
9988
9970
9976
9979
9985
9999
9981
9996
9982
9975
9995
9982
9989
9994
9984
9973
9971
9983
9992
9983
9989
9981
9965
9997
9986
9992
9993
9987
9980
9989
9983
9955
9992
9984
9989
9987
9989
9987
9997
9992
9993
9994
9989
9977
9985
9982
9983
9981
9980
9988
9992
9990
9977
9983
9970
9988
9985
9990
9982
9981
9973
9985
9987
9975
9989
9990
9977
9995
9987
9999
9991
9985
9975
9960
9983
9996
9994
9984
9973
9982
9991
9983
9986
9985
9985
9990
9969
9993
9985
9992
9996
9981
9980
9994
9979
9963
9978
10000
9968
9993
9964
9986
9981
9991
9999
9977
9988
9987
9990
9995
9987
9986
9967
9985
9984
9969
9982
9991
9973
9992
9952
9997
9995
9988
9976
9999
9995
9995
9982
9986
9964
9983
9975
9982
9981
9992
9998
9990
9992
9985
9991
9977
9978
9996
9994
9990
9989
9967
9981
9978
9974
9980
9992
9978
9983
9976
9965
9969
9996
9986
9991
9987
9995
9995
9989
9994
9980
9988
9977
9996
9995
9991
9986
9988
9992
9988
10000
9976
9973
9991
9997
9990
9991
9992
9976
9985
9981
9987
9976
9978
9996
9987
9980
9987
9970
9990
9987
9983
9978
9987
9993
9983
9992
9993
9974
9974
9992
9989
9979
9991
9978
9985
9981
9986
9982
9982
9978
9995
9987
9994
9992
9962
10000
9987
9986
9995
9974
9981
9975
9986
9979
9984
9986
9936
9984
9976
9984
9985
9969
9969
9990
9985
9993
9990
9963
9986
9986
9994
9986
9956
9984
9995
9997
9987
9995
9993
9994
9993
9982
9967
9985
9997
9995
9995
9975
9992
9971
9986
9980
9986
9991
9988
9993
9987
9994
9999
9976
9982
9982
9989
9991
9987
9985
9981
9987
9980
9971
9994
9984
9986
9982
9978
9992
9979
9991
9980
9979
9989
9974
9987
9997
9989
9976
9989
9989
9961
9995
9984
9969
9990
9991
9983
9992
9994
10000
9983
9989
9996
9978
9994
9995
9993
9999
9998
9992
9982
9965
9991
9984
9994
9981
9978
9972
9987
9995
9988
9970
9985
9992
9990
9980
9985
9990
9983
9988
9982
9950
9993
9977
9985
9989
9995
9983
9971
9987
9995
10000
9986
9975
9991
9993
9984
9976
9986
9976
9992
9997
9990
9978
9996
9991
9974
9978
9971
9973
9988
9970
9974
9999
9971
9939
9966
9997
9983
9984
9989
9985
9982
9976
9978
9983
9989
9988
9993
10000
9996
9979
9994
10000
9991
9991
9980
9982
9999
9963
9978
9981
9992
9972
9985
10000
9988
9988
9981
9981
9992
9991
9979
9981
9968
9976
9981
9991
9977
9988
9975
9983
9944
9982
9997
9990
9971
9974
9970
9982
9986
9997
9976
9977
9987
9981
9971
9991
9962
9989
9985
9981
9986
9973
9973
9975
9993
9990
9996
9997
9986
9983
9986
9987
9981
9975
9969
9979
9999
9976
9989
9980
9993
9969
9975
9988
9975
9982
9989
9985
9978
9992
9988
9983
9974
9963
9978
9996
9992
9986
9989
9986
9991
9965
9983
9985
9993
9981
9991
9989
9992
9987
9992
9987
9975
9980
9995
9976
9989
9997
9989
9976
9971
9986
9995
9994
9974
9988
9988
9976
9990
9984
9980
9970
9994
9985
9983
9984
9979
9981
9987
9988
9986
9979
9984
9989
9988
9987
9987
9993
9999
9973
9967
9968
9994
9980
9990
9983
9992
9981
9979
9982
9970
9986
9997
9983
9969
9985
9972
9990
9985
9988
9999
9978
9980
9991
9976
9987
9972
9977
9949
9970
9991
9970
9966
9979
9988
9992
9982
9993
9985
9989
9991
9962
9965
9985
9992
9987
9992
9976
9968
9982
9990
9993
9973
9989
9977
9985
10000
9988
9962
9988
9980
9978
9967
9969
9987
9971
9976
9990
9984
9962
9986
9993
9993
9989
9993
9987
9981
9993
9996
9994
9995
9997
9987
9971
9967
9988
9986
9971
9966
9986
9982
9979
9965
9993
9983
9968
9997
9980
9989
9983
9988
9970
9994
9991
9987
9979
9987
9981
9987
9981
9981
9984
9976
9988
9980
9966
9987
9985
9980
9990
9989
9996
9990
9981
9987
9961
9991
9979
