9983
9983
9977
9988
9994
9996
9981
9977
9985
9992
9984
9959
9980
9990
9987
9991
9982
9989
9993
9970
9984
9984
9997
9991
9973
10000
9984
9995
9980
9984
9992
9999
9981
9988
9978
9981
9970
9956
9991
9996
9983
9990
9991
9993
9991
9985
9989
10000
9993
9979
9986
9964
9984
9977
9975
9981
9978
9995
9975
9986
9986
9989
9971
9992
9989
9993
9989
9979
9971
9989
9992
9992
9975
9973
9979
9992
9980
9994
9968
9973
9968
9986
9981
9978
9979
9985
9986
9969
9982
9980
9973
9995
9996
9991
9985
9995
9992
9987
9990
9977
9956
9973
9989
9978
9984
9971
9975
9949
9990
9980
9982
9988
9987
9993
9984
9970
9987
9991
9983
9974
9967
9976
9982
9977
9982
9996
9986
9982
9994
9971
9981
9978
10000
9999
9985
9994
9990
9989
9959
9986
9979
9985
9973
9972
9977
9985
9974
9941
9989
9973
9984
9988
9981
9983
9994
9981
9980
9983
9991
9983
9970
9980
9973
9988
9966
9987
9958
9979
9989
9989
9988
9987
9996
9991
9982
9994
9985
9995
9983
9979
9998
9978
9994
9992
9984
9987
9970
9975
9967
9978
9984
9990
9975
9986
9985
9987
9993
9998
9985
9986
9977
9977
9990
9974
9976
9991
9998
9981
9994
9964
9970
9987
9998
9984
9987
9993
9984
9993
9967
9972
9981
9986
9992
9992
9981
9990
9980
9986
9977
9996
9989
9989
9964
9984
9979
9985
9973
9987
9964
9983
9986
9972
9981
9991
9986
9983
9992
9977
9980
9986
9993
9979
9979
9991
9988
9983
9972
9993
9976
9992
9977
9980
9977
9982
9966
9981
9992
9979
9979
9976
9975
9983
9989
9973
9969
9987
9987
9974
9986
9978
9984
9984
9992
9986
9969
9997
9989
9993
10000
9961
9990
9990
9987
9976
9987
9967
9981
9987
9977
9990
9968
9947
9990
9976
9959
9995
9982
9982
9992
9992
9977
9983
9989
9971
9983
9978
9993
9981
9976
9997
9987
9979
9990
9975
9981
9989
9987
9987
9985
9966
9987
9956
9977
9969
9981
9960
9996
9984
9988
9985
9999
9990
9994
9981
9992
9984
9995
9992
9991
9991
9979
9992
9983
9996
9972
9986
9984
9977
9972
9977
9962
9989
9951
9980
9993
9969
9975
9997
9987
9993
9978
9975
9982
9992
9994
9986
9979
9991
9988
9991
9980
9993
9972
9986
9960
9979
9978
9983
9966
9983
9973
9980
9948
9984
9992
9979
9985
9975
9992
9982
9993
9994
9988
9968
9983
9981
9981
9968
9981
9983
9993
9987
9984
9973
9982
9969
9996
9976
9990
9978
9969
9978
9981
9976
9988
9993
9994
9991
9980
9984
9977
9972
9988
9972
9981
9987
9970
9983
9995
9989
9990
9984
9998
9992
9992
9968
9989
9990
9979
9994
9971
9993
9992
9993
9984
9980
9995
9983
9993
9975
9986
9961
9994
9990
9981
9960
9985
9991
9988
9996
9996
9973
9988
9990
9989
9997
9986
9973
9986
9977
9987
9988
9940
9977
9984
9996
9986
9978
9958
9974
9995
9991
9981
9978
9984
9982
9975
9997
9988
9996
9992
9990
9969
9983
9982
9974
9982
9984
9973
9973
9985
9980
9984
9983
9981
9978
9983
9978
9991
9995
9983
9983
9986
9987
9983
9973
9995
9959
9983
9985
9977
9980
9996
9979
9983
9981
9985
9996
9984
9975
9977
9983
9985
9993
9985
9985
9984
9973
9996
9988
9971
9990
9992
9979
9977
9987
9966
9979
9993
9988
9972
9989
9987
9991
9959
9985
9977
9979
9979
9984
9984
9978
9987
9983
9987
9968
9989
9988
9985
9996
9984
9989
9983
9974
9979
9992
9978
9995
9978
9987
9991
9988
9976
9992
9976
9994
9993
9988
9969
9981
9993
9975
9995
9983
9989
9994
9989
9990
9985
9990
9970
9959
9988
9974
9975
9984
9980
9990
9986
9973
9994
9991
9976
9976
9976
9982
9977
9978
9978
9979
9992
9997
9980
9988
9977
9978
9987
9997
9986
9975
9972
9987
9968
9988
9985
9973
9989
9994
9975
9960
9989
9976
9991
9987
9988
9975
9983
9993
9989
9989
9976
9968
9960
9991
9981
9981
9984
9993
9994
9990
9980
9991
9987
9993
9976
9984
9993
9982
9989
9985
9979
9985
9991
9986
9991
9982
10000
9987
9980
9975
9994
9992
9983
9978
9997
9989
9987
9979
9986
9980
9984
9992
9992
9984
9972
9968
9982
9996
9984
9968
9980
9995
9985
9988
9974
9987
9985
9987
9982
9971
9984
9984
9977
9979
9995
9978
9989
9973
9981
9964
9981
9972
9979
9971
9989
9974
9980
9988
9991
9992
9971
9986
9994
9965
9999
9984
9981
9951
9986
9988
9983
9984
9996
9983
9997
9981
9991
9982
9976
9991
9973
9996
9981
9976
9991
9972
9994
9989
9979
9992
9973
9992
9987
9983
9995
9987
9990
9977
9990
9988
9987
9974
9970
9963
9991
9987
9980
9994
9983
9992
9985
9980
9995
9967
9956
9996
9982
9988
9981
9979
9991
9968
9990
9969
9989
9959
9984
9985
9983
9980
9969
9991
9990
9998
9977
9984
9989
9989
9995
9987
9981
9992
9978
9967
9986
9972
9982
9995
9978
9989
9963
9993
9993
9983
9988
9999
9983
9981
9958
9998
9981
9995
9989
9989
9959
9974
9996
9986
9974
9987
9971
9990
9990
9975
9971
9982
9987
9970
9968
9989
9990
9992
9981
9992
9987
9994
9990
9987
9985
9988
9980
9986
9950
9995
9988
9982
9990
9992
9972
9979
9979
9969
9974
9968
9982
9979
9992
9994
9991
9989
9998
9968
9978
9985
9973
9974
9984
9985
9965
9967
9984
9991
9992
9985
9979
9981
9984
9978
9994
9981
9985
9974
9995
9970
9986
9995
9962
9996
9975
9982
9972
9980
9976
9988
9989
9986
9969
9991
9986
9989
9983
9981
9976
9987
9983
9989
9991
9982
9990
9965
9980
9989
9992
9998
9987
9981
9991
9985
9986
9987
9992
9983
9989
9960
9989
9984
9992
9972
9984
9976
9991
9978
9978
9996
9971
9985
9972
9983
9991
9972
9962
9998
9988
9964
9995
9992
9986
9983
9985
9975
9991
9988
9974
9978
9987
9985
9985
9981
9989
9963
9996
9986
9989
9977
9987
9988
9972
9987
9996
9991
