9978
9975
9971
9997
9996
9974
9997
9983
9987
9992
9988
9987
9985
9976
9988
9993
9976
9983
9983
9979
9981
9991
10000
9999
9953
9991
10000
10000
9989
10000
9988
9987
9978
9981
9984
9992
9999
9986
9984
9999
9982
9992
9994
9989
9993
9992
9975
9976
9999
9999
9997
9999
9988
9986
9982
9983
9987
9979
9999
9999
9999
9980
10000
9983
9996
9981
9998
9999
9991
9977
9984
9987
9980
9974
9999
9997
9989
9986
9995
9990
9998
9964
9974
9990
9991
9978
10000
9999
9983
9998
9994
10000
9988
9990
9984
9990
9992
9996
9986
9998
9988
9959
9983
9985
9960
9983
9971
9990
9998
9974
9959
9994
9995
10000
9990
9979
9967
10000
9991
9995
9988
9991
9995
9977
9994
9980
9991
9975
9976
9988
9990
9978
9990
9959
9988
9999
9986
9994
9986
9995
9976
9998
9964
9982
9995
9970
9999
9998
9979
9984
9996
9994
9981
9970
9999
9998
10000
9977
9999
9978
9987
9968
9993
9986
9996
10000
10000
9971
9987
9973
9976
9993
9956
9995
9985
10000
9978
9995
9985
9982
9986
9987
9985
9997
9988
9981
9990
10000
9987
9991
10000
10000
9997
10000
9999
9987
9996
9994
9982
9988
9995
9986
9981
9989
9990
9976
9994
9999
9972
9994
9977
9968
9998
9983
9939
9985
10000
9985
9968
9985
9998
9977
10000
9998
9998
10000
10000
9990
9988
9996
9977
9989
9998
9959
9992
9996
9986
9979
9990
9991
9995
9979
9965
9991
9991
9972
9990
9974
9994
9973
9999
10000
9979
10000
9987
9969
9985
9973
9987
9999
9990
9992
9989
9996
9976
9975
9982
9987
9988
9976
9977
9992
9987
9994
9974
9995
10000
9998
9977
9994
9967
9998
9997
9975
9998
9986
9992
9979
9996
9999
9989
9999
9988
9997
9968
9983
9992
9996
9990
9993
9998
9992
9985
9993
9979
9989
10000
9993
9996
9970
9982
9952
9994
9996
9990
10000
9985
9990
9975
9992
9997
9990
9999
9983
9975
9990
9984
9994
9987
9974
9983
9995
9974
9984
9982
9982
9987
10000
9991
9979
9989
9994
9987
9990
9990
9999
9985
9978
9972
10000
9980
9983
9993
9991
9988
9994
9984
9989
9982
9992
9998
9978
9988
9981
9989
9995
9999
9987
10000
9988
9998
9989
9971
9991
9990
9979
9996
9986
9999
9993
9983
9957
9973
9987
9992
9993
9973
9969
9992
9990
9970
9983
9993
9998
9984
9969
10000
9992
9996
9992
9999
9986
9976
9979
10000
9988
10000
9957
9995
10000
9993
9985
9975
9988
10000
9978
9997
10000
9974
9991
9994
9993
9967
9976
9987
9987
9981
9973
9981
9990
9992
9991
9999
9981
9991
10000
9996
9999
9989
9992
9966
9991
9985
9996
9995
9990
9998
9987
9980
10000
9988
9992
10000
9991
9989
9984
9976
9987
9993
9994
9996
9994
9995
9988
9994
9999
9986
9964
9976
9992
9987
9982
10000
9996
9987
9997
9989
9989
9981
9988
9985
9992
9989
10000
9999
9982
9977
9987
9982
9987
9987
9966
9980
9974
9998
9995
9942
9979
9982
9983
9994
9998
9998
9970
9987
9997
9991
9962
9979
10000
10000
9978
9995
9988
9993
10000
9983
9980
9981
9994
9956
9988
9997
9988
9982
9986
9980
10000
9979
9985
9988
10000
9987
9996
9990
9993
9988
10000
9980
9995
9993
9968
9969
9992
9990
9985
9999
9992
9981
9989
9997
9984
9957
9977
9998
9967
9995
9975
9991
9989
9986
9995
9985
9994
10000
10000
9994
9982
9999
10000
9992
9983
9994
9985
9981
9986
9967
9998
9987
9978
10000
9978
9974
9998
9995
9984
9982
9991
9999
9999
9982
9991
9976
9987
9998
9996
10000
9994
9973
9991
9986
9993
9983
9980
9991
9974
9992
9999
9983
9988
9998
9984
9987
9970
9978
9986
10000
9980
9983
9990
9984
9996
9992
9999
9992
9965
9985
9985
9989
9999
10000
9991
9962
9977
9971
9985
9979
10000
9991
9981
9985
9980
9973
9989
10000
9988
9997
10000
9992
9987
9998
9999
9993
10000
9993
9997
9992
9988
9993
10000
9999
9992
9972
10000
10000
9991
9998
9998
9962
9961
9985
9983
9969
9995
9987
9993
9990
9983
9986
9995
9994
9999
9970
9980
10000
9998
9999
9997
9989
9986
9972
9989
9997
9981
9999
9998
9997
9993
10000
10000
9992
9999
9984
9977
9994
9984
9998
9977
10000
10000
9987
9976
9993
9966
9999
9986
9996
9994
9977
9986
9988
9982
9983
9999
9977
9996
9987
9992
9976
9984
9977
9990
9990
9985
9997
10000
9988
9993
9991
9982
9998
9994
9998
9984
10000
9994
9984
9985
9970
9992
10000
9991
10000
9996
9999
9988
9974
9986
9981
9985
9975
9975
9978
9998
10000
9976
9986
9999
9994
9977
9991
9988
10000
9986
9975
9979
9995
9979
10000
9995
9980
9982
10000
9990
9991
9993
9997
9983
10000
9958
9994
9988
9974
9988
9993
9993
9999
9996
9989
9997
9987
9994
9989
9998
9983
9987
9993
9989
9986
9987
9977
9999
9990
9976
9985
9987
9981
9995
9977
10000
10000
9999
9988
9997
9991
9998
9990
10000
10000
9990
9975
9999
9979
9984
9995
9991
9988
9996
9995
9995
9972
9988
9971
9987
9991
9954
9988
9998
9997
9991
9989
9985
9990
9977
9995
9967
9969
9999
9990
9998
9983
9997
9990
9978
9993
9986
9983
10000
9991
9992
9992
9999
9965
9979
10000
9974
9999
9995
9981
10000
9994
9982
9999
9968
9991
9980
9979
9973
9996
9981
9991
9986
9988
9989
9993
9981
9986
9961
9988
9984
9982
9995
9982
9990
9997
9980
10000
9998
9980
9949
9994
9996
9998
9989
9984
9984
9982
9987
9988
9983
9989
9973
10000
9975
9977
9988
9976
10000
9994
9986
9987
9989
9980
9993
9982
9978
9996
9990
9977
9988
9997
9996
9975
9971
9985
9993
9991
9967
9969
9995
9994
9994
9979
9992
9993
9987
9985
9984
9988
9993
9977
9998
9992
9964
9975
9996
9993
9963
9992
9971
9974
9988
9977
9988
9999
9996
9989
9995
9990
9988
9993
9978
9984
9982
9996
9997
9982
9994
9994
9979
9989
9997
9978
9994
9999
9988
10000
9997
9993
9984
