9988
10000
9972
9996
9985
9981
10000
10000
9993
9961
9983
10000
9968
9995
9999
9990
10000
9990
9993
9984
9998
9977
9993
9999
9981
9986
9993
9984
9996
10000
10000
9987
9996
10000
9992
9993
9979
9975
10000
9981
10000
10000
10000
9995
9983
10000
9988
9993
9989
9979
9982
9976
10000
9960
9989
10000
9986
9977
9972
9995
9988
9999
9996
9993
9990
9999
10000
9959
9984
10000
10000
9993
9998
9989
9987
9997
10000
10000
9998
9987
9979
9975
9997
9973
10000
9996
10000
9983
9990
9984
9974
9990
9975
9985
9998
9980
9985
9990
9952
9999
9990
9999
9978
9975
9999
9999
9993
10000
9989
9990
9990
9991
9999
9989
9967
9984
9987
9981
9992
9958
9984
9991
9998
9978
9971
9985
9992
9971
9973
9978
9999
9996
9983
9990
9994
9988
9987
9984
9989
9992
9994
9982
9995
9975
9993
9953
10000
9996
9983
9977
9966
9995
9990
9989
9988
9997
9982
10000
9990
9982
9998
9992
9998
9977
10000
9988
9984
9984
9993
9970
9968
10000
10000
9979
9993
9978
9999
9996
9974
9984
9984
10000
9987
9991
9985
9996
10000
9994
9993
10000
10000
10000
9982
9993
10000
9987
9999
9996
9998
9985
9993
9971
9988
9999
9999
9997
9998
9999
10000
9986
10000
10000
9998
9995
9994
10000
10000
9989
9994
9998
9976
9988
9999
9999
9999
10000
10000
9994
9986
9999
9969
9984
9993
9999
10000
9992
9991
10000
9992
9991
9999
9999
9979
9985
9998
9985
9984
9987
9991
9991
9998
9963
9984
9978
9940
9997
9981
9989
9988
9974
9996
9993
9968
9985
9989
9979
10000
9971
10000
9999
9998
9969
9983
9992
9977
10000
9997
9992
9993
9982
9979
9995
9978
9971
9981
9996
9971
9997
9991
9994
9987
9979
10000
9985
9980
9976
9991
9990
9998
9979
9988
9998
9977
9991
9998
9962
10000
9999
9967
10000
9976
9992
9997
9982
9986
9996
9977
9968
9995
9996
9984
9989
9994
9986
9999
9956
9989
9984
10000
9994
10000
9978
9992
9973
9985
9987
9990
9993
9990
9998
9998
9973
9987
9998
9996
9999
10000
9970
9990
9984
9980
9987
9992
9975
9998
9982
9994
9989
9965
9980
9997
9992
9992
9990
9998
9997
9995
9995
9990
9978
9999
9995
9990
9996
9987
9978
9984
9995
10000
10000
9994
10000
9979
9983
9998
9996
9968
9992
9981
9980
9996
9976
9999
9975
9997
9982
9994
9993
9984
9993
9996
9990
9992
9972
9994
9988
9990
9976
9998
10000
9980
10000
9989
9994
9996
9999
9990
9991
10000
9998
9982
9982
9975
10000
9985
9987
9973
9997
10000
9991
9996
10000
9998
10000
9990
9996
9985
9977
9985
9987
9992
9987
10000
9988
9984
9987
9971
10000
9992
9999
9998
9991
9994
10000
9976
10000
9976
9971
9974
9975
9980
10000
9992
9998
9999
9984
10000
9995
9988
9993
9974
9980
9988
9990
9995
9978
9985
9987
9991
9999
9993
9999
9973
9983
9992
9998
10000
9987
9991
9976
9991
9990
9971
9989
9995
9992
9998
9982
10000
9983
9988
9992
10000
9984
9975
9999
9998
9989
9987
9992
10000
9996
9993
10000
9998
9989
9999
9972
9992
9975
9984
9978
10000
9962
9982
9992
9993
9971
9995
9985
9999
9987
9978
9972
9985
9990
9995
9999
10000
9986
9996
9997
9982
9980
9994
9986
9989
9982
9967
9999
9988
10000
10000
9971
9980
10000
9982
9997
10000
9982
9985
9980
9987
9961
9990
9989
9997
9994
9990
9979
9996
9988
9986
9987
9999
9990
10000
9983
9989
9999
10000
9993
9996
9977
9983
9992
9990
9987
10000
9966
9996
9998
9961
9993
10000
9997
9986
9983
9980
9999
9999
9990
10000
10000
9999
9988
9983
9997
9982
9986
9983
9995
9993
9998
9976
9997
10000
9995
9980
10000
10000
9972
9963
10000
10000
9997
10000
9986
9998
9986
9982
9994
9983
9996
9989
9981
9998
9998
9995
10000
10000
9982
9981
9984
9984
10000
9985
9979
9988
9988
10000
9994
10000
9996
9967
9982
9971
9990
9990
9997
9991
9995
9978
9991
9996
9999
10000
9966
9983
9974
9973
9985
9988
9987
9986
9971
9998
9985
9995
9998
9953
9994
9980
9988
9985
9979
9996
9988
9999
10000
9990
10000
9983
9999
9987
10000
10000
9989
9992
9986
9989
9990
9984
9975
9998
9959
9996
9989
9993
9996
9997
9986
9985
9983
9991
9994
9988
9979
9985
9982
9992
9996
9980
9999
10000
9993
9990
9990
9986
10000
10000
9996
9963
9968
9990
9984
9977
9996
9958
9990
9990
9974
10000
9986
9994
9988
9993
9999
9982
9999
9998
9999
9998
10000
9993
9967
9979
9964
9992
9993
9985
10000
9999
9960
9991
9991
10000
10000
9997
9987
9992
10000
9989
9993
9998
9999
9988
9997
9990
9993
9990
10000
9974
9999
9989
9993
9994
9995
9996
10000
9984
9998
9997
10000
10000
9977
9997
9984
9993
9999
9978
9998
10000
9997
9982
9996
9984
9981
9990
9994
9997
9996
9979
9998
9991
9998
9978
9974
9974
9981
9978
9995
9989
9971
9988
9974
10000
9999
10000
9986
9949
9992
9999
9997
9990
9996
9986
9978
9973
9994
9998
9998
9989
9974
9997
9992
9999
9991
9970
9986
9998
9972
9989
9990
9982
9995
9972
9994
9980
9976
9968
9987
9994
9976
9999
10000
9986
10000
9980
9996
9978
9999
9985
9993
9959
9994
9999
9973
9996
9958
9995
9995
9993
9987
9987
9984
9997
9972
9963
9999
9985
9989
10000
9984
10000
9986
10000
9989
9988
9974
9990
9985
9992
9987
9994
9983
9983
9966
9991
9963
10000
9983
9991
9998
10000
9980
9991
9985
9985
9992
9997
9997
9998
9997
9995
10000
9993
9997
9990
10000
10000
9988
9991
9986
9998
9977
9982
10000
9997
9992
9995
9983
9974
9998
9996
9997
9988
9987
9987
9974
9998
9981
9989
10000
9989
9992
9963
9999
9950
9983
9970
9988
9983
10000
9983
9990
9990
9971
9993
9985
9998
9983
9992
9996
9985
9990
9984
9986
9995
9989
9988
9992
9998
9988
9986
9999
9978
9988
9996
9987
9991
9983
10000
9988
9991
9989
9979
9994
9987
9980
