10000
9999
9988
9988
9992
10000
9974
9974
9983
10000
9976
9994
9996
10000
9999
9997
9993
9991
9972
9993
9987
9986
9991
9978
9997
9997
9982
9994
9992
9982
9993
10000
9975
10000
9986
9998
10000
9980
10000
10000
10000
10000
9964
10000
9983
9984
9995
9985
10000
9985
9978
10000
9983
9987
9991
9970
9998
10000
10000
10000
9987
9982
9977
10000
9995
9995
10000
10000
9991
9991
9996
9994
9994
9992
10000
9997
9994
9975
9993
10000
10000
9999
9980
10000
9973
9986
9987
9981
10000
9994
9976
9996
10000
9976
9998
10000
9991
9985
10000
9992
10000
9993
9979
9982
9988
10000
9995
9977
9990
9992
9999
10000
9991
10000
10000
9984
9976
9988
9975
9982
9981
9985
9981
10000
9988
10000
9983
10000
10000
10000
9990
9957
9995
9986
9974
9996
9999
9998
10000
10000
10000
9985
10000
9972
9994
10000
9989
9984
9981
10000
9994
9989
9992
10000
10000
9990
9969
9986
9979
9988
9995
10000
9971
9970
9975
9976
9982
10000
10000
9987
9981
9982
10000
9999
9999
9988
9985
9976
9994
9997
10000
9989
9972
9997
9989
9972
9996
9996
10000
9982
9990
9997
10000
9994
9987
9999
9999
10000
9982
9976
9998
9982
9990
9996
10000
9992
9993
10000
10000
9987
10000
9992
9986
9973
9995
10000
10000
9986
9991
9975
9973
9999
9998
9998
10000
9975
9973
9995
9947
9979
10000
10000
9998
9987
9995
9990
9982
10000
9986
10000
9998
9991
9995
9982
9983
9999
9999
9984
9986
9989
9985
9992
10000
9981
9978
9978
10000
9973
10000
9988
10000
9969
10000
10000
9995
10000
9988
9996
10000
9985
9976
9985
9986
10000
9997
9990
9993
9997
9991
9979
9993
10000
9990
9997
10000
10000
9980
9982
10000
9984
10000
10000
10000
9975
9996
10000
9993
10000
9997
9999
9988
10000
10000
10000
10000
10000
9989
9999
9961
10000
9966
9979
9981
9973
10000
9994
9984
10000
9993
9974
9991
9997
9971
10000
9993
9979
9999
10000
10000
9986
9994
9991
9990
10000
9992
9963
9938
9954
9974
9989
9987
9987
10000
10000
10000
9969
9981
10000
9989
10000
9981
9980
9990
9999
9982
9994
9995
9985
9981
9990
9974
10000
9995
9994
9971
9952
9996
9984
9988
9989
10000
9985
10000
9989
10000
9986
9999
9990
10000
10000
9990
10000
10000
10000
9976
9983
9985
9994
9972
9991
9988
9983
9990
9989
9952
9999
9998
9983
9984
10000
9997
9995
9990
10000
10000
9983
9977
9997
10000
9989
10000
10000
9999
9996
10000
10000
9989
9966
9985
9985
9993
10000
9979
10000
9999
10000
9983
9996
10000
9997
9990
9971
9988
9988
9994
9986
9997
9968
10000
10000
9967
9963
9999
9975
9999
9978
10000
9981
9992
9993
9999
9987
9975
9994
9985
9969
9964
10000
9974
9987
10000
9998
9979
9981
10000
9999
9994
9978
9957
10000
9979
9990
9999
9995
10000
9993
9995
9999
9993
10000
9982
10000
9982
9985
9980
9985
9999
9986
10000
9979
10000
9996
9984
9981
9987
9999
9999
9975
9976
9997
9999
9984
9982
9959
9980
10000
9989
9996
9981
9983
9971
9974
9977
9991
9987
9996
9987
10000
9992
9991
9991
9978
9990
9977
10000
10000
10000
9983
9994
9999
9985
9999
9995
10000
9987
9978
9998
10000
9988
10000
9977
9993
9999
9985
9998
9972
9982
10000
10000
9975
9982
9997
9984
9995
9975
10000
9984
9999
9974
9983
10000
9975
10000
10000
9971
10000
10000
10000
9989
9994
9959
9999
9995
9958
9999
9992
9954
9973
9998
10000
9964
9980
9993
10000
9968
9988
9976
9982
9985
9965
9989
9982
9991
9973
9976
9966
10000
10000
9997
9986
9982
9981
9992
10000
9978
9992
9980
9976
9982
10000
9983
9997
9994
9968
10000
9988
9997
10000
9994
9989
10000
9996
9962
10000
9982
9986
9985
9984
9992
9989
9982
9976
9993
9972
9988
10000
9958
9998
9996
10000
9999
9987
9978
9958
9983
9982
9994
10000
9988
9975
9998
9995
9974
9986
9967
10000
10000
10000
9999
10000
9998
10000
9988
9980
10000
10000
10000
9982
9962
9988
9982
10000
10000
9986
10000
9994
10000
9977
9998
9983
9969
9969
9998
9985
9989
10000
10000
9994
9994
9988
10000
9985
9985
9986
10000
9985
9999
10000
9979
10000
10000
10000
9999
9986
9999
9987
9997
9969
9989
9975
10000
10000
9998
10000
9984
10000
9982
10000
9990
9985
10000
9985
9992
9969
9984
9992
9994
10000
9995
9980
9996
10000
9978
10000
9980
10000
9978
10000
9966
9973
9987
9979
9980
9999
10000
9969
9977
9992
9981
9967
9993
9985
9995
10000
10000
10000
10000
9991
9988
9981
9997
9989
9999
10000
9994
9998
9997
9994
9977
10000
9970
9972
10000
9998
10000
9980
9997
10000
9989
9995
10000
9992
9998
9979
10000
9978
10000
9996
10000
9990
10000
9977
9970
9981
10000
9957
10000
10000
9993
9995
10000
9971
9981
9999
9989
9987
10000
10000
9997
10000
9994
10000
9996
10000
9991
10000
10000
10000
9991
9979
9995
9974
9990
9983
9992
10000
10000
9975
10000
10000
10000
10000
9976
9989
9967
9992
9990
9984
9971
10000
9991
9999
9978
9968
9991
9991
9985
9962
9993
9999
9980
9998
9975
9994
10000
10000
9996
9974
9991
10000
10000
9966
9999
9988
10000
9982
9971
10000
9991
9982
9986
10000
10000
10000
9970
9995
9985
9985
10000
9993
9999
9981
9998
9975
9976
9996
9987
9997
9993
10000
9981
10000
9996
9979
9982
10000
10000
9987
9985
10000
10000
9999
10000
9988
10000
9994
10000
9994
9981
10000
9985
9991
9996
9993
9984
9993
9960
9986
9999
10000
9996
10000
9991
9980
10000
9980
9996
10000
9982
9994
9990
10000
9990
9999
9979
9976
9993
9996
9986
9982
9998
9985
9975
10000
9989
10000
9987
9967
10000
9968
9981
9999
9977
9978
10000
10000
9988
10000
9987
10000
10000
9981
9982
9984
9997
9999
9984
9998
9991
9962
9988
10000
10000
10000
9979
9998
9997
9976
10000
9984
10000
10000
9993
10000
9981
9981
10000
9990
10000
10000
9999
9977
9995
9950
10000
9984
9996
9992
9973
9983
