9982
9977
9985
9993
9995
9981
9987
9982
9986
9967
9981
9993
9970
9987
9983
9988
9997
9992
9974
9974
9990
9974
9978
9968
9993
9987
9994
9987
9976
9972
9988
9985
9981
9992
9979
9981
9993
9964
9996
9986
9972
9987
9992
9987
9979
9971
9975
9976
9973
9978
9987
9986
9993
9982
9993
9976
9945
9995
9981
9968
9947
9984
9991
9982
9985
9958
9976
9993
9982
9996
9971
9971
9981
9974
9973
9988
9987
9992
9974
9993
9987
9973
9976
9982
9988
9986
9989
9979
9993
10000
9974
9974
9995
9986
9977
9983
9990
9972
9992
9990
9984
9979
9987
9969
9986
9993
9985
9996
9971
9984
9983
9986
9983
9960
9983
9972
9989
9974
9980
9993
9979
9958
9981
9976
9989
9964
9979
9979
9979
9964
9978
9981
9999
9985
9975
9981
9973
9983
9973
9986
10000
9993
9955
9991
9976
9960
9983
9987
9991
9993
9981
9991
9981
9975
9990
9990
9975
9982
9984
9981
9988
9971
9981
9986
9985
9977
9979
9980
9982
9981
9983
9977
9982
9963
9988
9984
9979
9988
9975
9997
9995
9980
9984
9966
9978
9977
9989
9985
9986
9993
9991
9983
9982
9972
9980
9995
9975
9972
9991
9992
9967
9981
9988
9977
9953
9988
9990
9986
9979
9992
9970
9995
9988
9982
9953
9993
9988
9986
9989
9979
9993
9989
9991
9975
9976
9980
9969
9987
9980
9974
9991
9985
9994
9995
9993
9986
9991
9972
9916
9997
9989
9984
9981
9986
9986
9963
9987
9981
9992
9987
9988
9978
9985
9973
9972
9993
9985
9994
9972
9959
9990
9984
9976
9982
9992
9987
9985
9980
9986
9991
9983
9996
9962
9980
9944
9981
9954
9979
9985
9988
9989
9987
9987
9974
9989
9991
9983
9983
9978
9987
9989
9976
9982
9982
9977
9982
9988
9987
9984
9969
9979
9996
9991
9987
9986
9976
9996
9992
9972
9984
9988
9984
9985
9956
9959
9987
9979
9996
9988
9996
9975
9974
9982
9975
9981
9990
9969
9977
9976
9978
9981
9983
9974
9975
9988
9977
9994
9990
9984
9972
9977
9977
9962
9992
9991
9995
9987
9968
9972
9985
9978
9988
9987
9966
9984
9987
9966
9990
9964
9983
9995
9997
9990
9993
9977
9988
9996
9987
9988
9985
9972
9978
9973
9965
9975
9989
9979
9974
9979
9968
9995
9992
9994
9986
9979
9980
9995
9986
9988
9991
9970
9982
9992
9974
9974
9987
9992
9962
9984
9993
9990
9984
9991
9985
9979
9985
9983
9992
9986
9969
9977
9973
9995
9985
9979
9977
9983
9993
9986
9986
9968
9977
9985
9990
9985
9988
9993
9991
9994
9980
9986
9976
9984
9982
9972
9978
9987
9993
9974
9993
9983
9967
9992
9965
9992
9993
9974
9973
9979
9994
9975
9971
9994
9985
9983
9981
9990
9993
9996
9978
9974
9992
9984
9989
9976
9953
9990
9980
9992
9992
9994
9966
9980
9977
9994
9981
9983
9980
9985
9990
9978
9992
9977
9983
9986
9987
9980
9967
9993
9985
9969
9992
9994
9992
9996
9992
9990
9966
9979
9982
9970
9968
9976
9974
9990
9980
9987
9974
9967
9987
9990
9971
9979
9991
9968
9968
9977
9978
9961
9987
9992
9975
9972
9975
9985
9966
9981
9980
9984
9992
9983
9985
9997
9977
9983
9995
9998
9976
9991
9989
9960
9980
9994
9980
9963
9976
9982
9982
9975
9982
9979
9983
9994
9985
9990
9985
9987
9976
9980
9984
9991
9965
9973
9982
9979
9971
9980
9968
9971
9954
9976
9984
9976
9992
9991
9992
9994
9985
9990
9987
9979
9980
9976
9962
9988
9990
9976
9971
9994
9991
9994
9977
9978
9975
9983
9983
9981
9980
9995
9977
9979
9988
9976
9981
9976
9968
9975
9988
9973
9981
9985
9956
9972
9946
9977
9987
10000
9986
9984
9982
9994
9992
9979
9998
9986
9989
9977
9984
9971
9980
9977
9985
9986
9972
9988
9977
9989
9994
9980
9991
9966
9988
9986
9983
9986
9988
9986
9991
9989
9989
9991
9992
9980
9996
9976
9969
9981
9984
9961
9998
9989
9993
9991
9986
9985
9973
9977
9974
9987
9986
9988
9995
9984
9958
9987
9989
9974
9969
9984
9984
9989
9979
9982
9988
9991
9988
9993
9992
9959
9998
9960
9985
9964
9986
9964
9972
9992
9983
9980
9983
9992
9980
9969
9987
9991
9993
9980
9976
9977
9987
9991
9980
9972
9986
9986
9987
9997
9984
9992
9979
9973
9985
9977
9943
9973
9977
9965
9997
9981
9967
9986
9958
9975
9984
9990
9999
9992
9970
9974
9980
9990
9980
9989
9979
9975
9959
9966
9977
9993
10000
9976
9966
9996
9991
9990
9991
9986
9985
9970
9974
9986
9996
9966
9965
9983
9965
9980
9985
9988
9990
9961
9989
9976
9984
9986
9994
9971
9992
9967
9967
9985
9998
9967
9991
9994
9983
9978
9993
9979
9997
9994
9969
9989
9986
9992
9979
9982
9982
9995
9980
9986
9980
9999
9974
9964
9990
9969
9962
9981
9991
9973
9979
9990
9996
9989
9968
9984
9989
9988
9981
9986
9986
9998
9984
9974
9983
9983
9979
9985
9998
10000
9996
9988
9990
9968
9988
9961
9972
9990
9968
9995
9999
9988
9976
9989
9977
9983
9959
9994
9991
9988
9974
9965
9996
9956
9982
9986
9993
9970
9961
9969
9968
9992
9942
9994
9982
9997
9998
9977
9994
9977
9992
9987
9992
9984
9987
9972
9960
9986
9987
9987
9996
9986
9973
9986
9983
9988
9990
9988
9979
9985
9992
9973
9989
9991
9992
9978
9991
9980
9988
9993
9989
9957
9995
9991
9984
9977
9973
9993
9979
9991
9984
9949
9974
9968
9984
9981
9983
9983
9979
9994
9974
9994
9994
9987
9989
9984
9991
9967
9982
9980
9995
9984
9967
9986
9975
9995
9985
9959
9979
9996
9983
9979
9988
9993
9976
9978
9987
9982
9987
9986
9975
9980
9981
9996
9987
9990
9980
9984
9972
9969
9995
9971
9990
9987
9998
9993
9980
9982
9981
9988
9988
9977
9992
9978
9987
9975
9976
9969
9992
9980
9997
9983
9986
9978
9974
9990
9988
9972
9977
9983
9976
9982
9983
9979
9976
9988
9981
9992
9996
