9983
9979
9986
9993
9985
9992
9982
9982
9984
9970
9989
9969
9958
9993
9988
9990
9990
9979
9974
9997
9963
9992
9988
9981
9964
9979
9963
9990
9987
9994
9986
9978
9997
9989
9986
9995
9979
9994
9988
9991
9996
9982
9975
9982
9995
9976
9987
9982
9982
9993
9975
9973
9979
9993
9959
9978
9966
9967
9998
9977
9982
9989
9991
9980
9986
9982
9977
9990
9988
9996
9970
9983
9991
9990
9986
9992
9982
9980
9976
9975
9996
9985
9979
9990
9979
9989
9976
9982
9983
9989
9973
9996
9981
9979
9988
9988
9987
9978
9986
9989
9984
9987
9980
9985
9982
9994
9986
9989
9988
9977
9955
9984
9978
9974
9980
9996
9990
9997
9980
9978
9987
9970
9986
9974
9989
9978
9977
9979
9988
9983
9979
9977
9977
9984
9985
9994
9984
9989
9983
9977
9985
9976
9991
9985
9986
9984
9984
9993
9977
9983
9983
9985
9984
9991
9990
9976
9987
9982
9981
9995
9984
9985
9978
9983
9985
9985
9996
9972
9971
9989
9996
9979
9982
9989
9974
9971
9975
9975
9968
9991
9979
9985
9966
9986
9980
9993
9984
9974
9977
9987
9989
9990
9985
9964
9986
9997
9988
9991
9973
9987
9976
9981
9981
9978
9989
9984
9976
9988
9986
9984
9993
9984
9987
9952
9988
9979
9977
9985
9991
9980
9976
9965
9987
9990
9993
9998
9982
9980
9982
9968
9993
9983
9984
9995
9987
9985
9987
9987
9990
9987
9985
9973
9990
9984
9988
9987
9993
9997
9996
9978
9993
9991
9985
9996
9987
9972
9991
9985
9958
9975
9977
9989
9985
9970
9981
9985
9983
9993
9981
9988
9972
9981
9968
9981
9989
9979
9986
9985
9973
9980
9982
9982
9990
9990
9960
9980
9980
9979
9970
9985
9977
9971
9979
9988
9994
9987
9991
9996
9966
9989
9982
9990
9989
9986
9982
9996
9989
9967
9980
9993
9987
9979
9967
9970
9999
9970
9983
9993
9982
9978
9999
9971
9975
9989
9983
9983
9994
9990
9986
9975
9991
9992
9992
9970
9973
9973
9989
9980
9974
9987
9971
9997
9988
9979
9979
9977
9977
9988
9976
9978
9987
9995
9993
9985
9978
9969
9971
9987
9980
9979
9980
9992
9987
9982
9997
9965
9983
9989
9979
9989
9986
9998
9988
9972
9986
9985
9993
9986
9975
9977
9986
9980
9982
9986
9976
9990
9992
9959
9990
9982
9992
9992
9983
9981
9980
9974
9976
9963
9971
9981
9977
9988
9979
9992
9990
9979
9993
9995
9976
9992
9980
9980
9982
9963
9983
9986
9979
9985
9996
9994
9958
9993
9983
9973
9981
9958
9997
9981
9980
9989
9981
9992
9988
9967
9985
9992
9991
9985
9989
9989
9968
9992
9975
9982
9991
9976
9989
9984
9990
9983
9979
9986
9995
9984
9980
9978
9995
9979
9976
9993
9991
9983
9992
9971
9988
9983
9965
9975
9988
9980
9965
9982
9982
9996
9988
9990
9976
9996
9992
9986
9985
9987
9977
9986
9988
9979
9991
9978
9974
9980
9983
9995
9980
9972
9986
9983
9970
9988
9990
9987
9979
9964
9979
9968
9980
9972
9977
9968
9993
9989
9970
10000
9982
9988
9985
9978
9990
9965
9971
9976
9994
9982
9973
9985
9992
9985
9984
9985
9975
9977
9987
9966
9992
9972
9990
9976
9983
9988
9977
9996
9979
9997
9984
9974
9988
9974
9988
9987
9990
9979
9979
9974
9983
9979
9972
9993
9980
9991
9988
9993
9980
9988
9985
9981
9982
9990
9984
9988
9986
9968
9996
9996
9985
9990
9969
9986
9987
9980
9975
9988
9962
9980
9995
9984
9984
9986
9987
9990
9976
9975
9994
9982
9999
9988
9984
9980
9968
9991
9991
9973
9982
9995
9970
9981
9974
9982
9985
9995
9995
9994
9976
9981
9999
9982
9989
9985
9985
9980
9957
9991
9976
9978
9989
9983
9989
9989
9997
9991
9966
9983
9973
9985
9989
9988
9985
9978
9960
9977
9990
9974
9971
9987
9970
9968
9981
9970
9957
9998
9973
9980
9980
9988
9957
9977
9966
9985
9974
9973
9976
9981
9990
9998
9981
9975
9980
9986
9981
9995
9977
9979
9985
9987
9988
9989
9979
9978
9976
9985
9989
9990
9988
9975
9976
9995
9988
9983
9981
9977
9983
9989
9978
9989
9982
9993
9982
9973
9989
9976
9985
9986
9993
9985
9980
9977
9954
9985
9993
9987
9986
9983
9978
9968
9993
9982
9985
9990
9990
9986
9997
9993
9987
9996
9987
9994
9964
9988
9982
9983
9982
9967
9989
9976
9986
9992
9988
9978
9983
9990
9993
9993
9995
9974
9976
9993
9982
9983
9979
9984
9986
9977
9986
9986
9989
9985
9979
9980
9979
9982
9966
9955
9990
9977
9989
9982
9968
9988
9976
9995
9982
9953
9993
9988
9966
9978
9949
9978
9990
9998
9987
9975
9985
9998
9970
9987
9990
9982
9982
9969
9989
9980
9988
9991
9985
9981
9986
9985
9992
9974
9964
9985
9995
9991
9977
9978
9977
9979
9976
9988
9982
9980
9987
9964
9990
9990
9987
9985
9979
9980
9967
9990
9964
9992
9983
9978
9990
9991
9974
9993
9980
9991
9989
9983
9986
9976
9986
9985
9990
9961
9983
9984
9964
9983
9982
9981
9988
9971
9975
9990
9993
9984
9988
9986
9984
9983
9988
9980
9993
9982
9995
9973
9970
9990
9988
9987
9993
9984
9991
9984
9975
9993
9989
9992
9990
9988
9985
9975
9976
9974
9994
9986
9978
9996
9970
9968
9973
9974
9992
9987
9978
9992
9985
9969
9987
9972
9967
9977
9983
9982
9994
9986
9974
9952
9983
9992
9988
9955
9983
9989
9989
9993
9961
9990
9955
9987
9984
9971
9983
9985
9990
9990
9962
9991
9995
9955
9975
9973
9975
9966
9975
9974
9980
9983
9964
9973
9970
9974
9980
9983
9972
9979
9984
9988
9990
9996
9964
9990
9990
9985
9989
9974
9982
9984
9971
9995
9978
9994
9986
9975
9992
9992
9986
9975
9993
9997
9987
9980
9963
9977
9982
9987
9986
9984
9985
9972
9975
9975
9989
9982
9982
9955
9977
9984
9989
9994
9989
9977
9983
9984
9979
9985
9959
9979
9992
9981
9978
9957
9972
9988
9985
9995
