9976
9999
9979
9973
9980
9964
9994
10000
9998
10000
9989
9965
9996
10000
9983
9994
9999
9995
10000
9995
9993
9984
9999
9997
10000
9998
9955
9982
10000
9997
9995
9984
9996
9980
10000
9985
10000
10000
9999
9976
9995
9996
9984
9989
9969
9974
9988
9977
9998
9992
9989
9992
9995
9997
9982
9993
9981
9995
9999
9998
9986
9986
9990
10000
9998
9995
10000
10000
10000
10000
9979
10000
9999
9978
9992
9999
9996
9986
9991
9982
9994
9995
10000
9999
9992
9996
9966
9979
9992
9995
9985
9995
9996
9999
9984
9991
9977
9986
10000
10000
9996
10000
9966
9980
10000
9993
10000
9990
10000
9987
9989
9991
9997
9997
9999
9987
9999
10000
10000
10000
9995
9973
9996
9964
10000
10000
10000
10000
9999
10000
9990
10000
9970
9991
9997
9986
9974
9999
9996
10000
10000
9963
10000
9999
9997
9993
9999
9998
9997
9994
9972
10000
9997
9999
9996
9996
9997
9947
10000
10000
9988
9994
9988
9981
9995
9990
9987
9985
9988
9982
10000
9987
9990
9990
9992
10000
10000
9986
10000
9980
9982
10000
10000
9998
9992
9999
9989
9977
9998
9983
9991
9971
9988
9987
9992
9979
10000
9979
9990
9981
9992
9987
9986
9979
9976
9991
9996
9998
9999
9981
10000
9999
9952
10000
9996
9999
10000
9986
10000
9989
9993
9958
9980
9997
10000
9985
9996
9988
10000
9992
9996
10000
9984
9999
9997
9972
9995
9971
9985
9986
9997
10000
9991
10000
9997
9992
9999
9990
9979
10000
9977
9989
9988
9999
9987
9990
9999
9980
9985
9992
10000
9987
9827
9987
9998
9990
9999
9986
9992
9993
9978
9991
10000
9967
9981
9981
9993
10000
9980
9983
9991
9996
9979
10000
9985
9996
9997
9983
9995
9988
9994
10000
9998
9981
9978
9995
9990
9999
9998
9986
9990
9990
9994
9981
10000
9989
9974
9957
9983
9984
10000
10000
10000
9997
9979
9981
10000
9974
10000
9998
9997
9985
9999
9991
9999
9996
9992
9992
9992
9990
9981
9966
9996
10000
10000
9989
9998
9998
9976
9997
9978
9991
9993
9998
9989
9992
10000
9991
9988
9997
9999
9992
10000
10000
10000
9987
10000
9990
9977
9978
9970
10000
10000
9989
9983
9972
9981
9989
10000
9984
9990
10000
9989
9986
10000
10000
10000
10000
9988
10000
9990
9995
9995
9996
10000
9980
9997
9984
9975
9995
9990
9968
9989
9996
9987
10000
9999
10000
9997
9999
9999
9994
9987
9983
9987
9999
10000
9998
9987
9986
9998
9985
9997
9991
9989
10000
9999
9995
9990
10000
9996
9996
9996
9991
10000
9993
10000
9971
9995
9989
10000
9995
9995
9999
10000
10000
9973
9995
9993
9996
9999
9978
9994
9990
9998
9991
9985
9974
9987
9991
9991
9983
9981
9985
9991
9999
9993
9977
9999
9992
9997
9975
9989
9996
9995
10000
9995
9999
9971
9976
10000
9999
9986
9995
9988
9971
9997
9987
9989
9992
9985
9999
9995
9992
10000
10000
10000
9999
9999
9989
9990
9968
9971
9972
10000
9999
10000
9986
9999
9981
9992
9977
9980
9977
10000
9999
9992
9990
9996
10000
9976
9999
9979
10000
9974
9999
9997
9980
9978
9979
9987
9983
10000
9999
9995
9990
9980
9950
10000
9995
9991
9996
9992
9988
9943
9995
9976
9970
9982
9990
9991
9977
9982
9996
9989
9994
9999
9997
9979
9999
9982
9987
9966
9985
9997
9990
9993
9985
9982
9993
9998
9989
9982
9984
9960
10000
9957
9995
10000
9979
9986
9997
10000
9996
9999
10000
9997
9989
9996
9974
10000
9977
9992
10000
9989
9994
9984
9990
9996
9998
9996
9988
9993
9994
9983
9984
9983
10000
9999
10000
9999
9988
10000
9984
9969
9997
9993
9983
9987
9995
9999
9988
9989
9986
9988
9978
9991
9996
9999
9999
9995
10000
9999
9981
9978
10000
9996
9989
9997
9990
10000
9997
10000
9974
9986
9996
9995
9994
9985
9990
9996
10000
10000
9984
9998
9998
9971
9998
9974
9992
9982
9974
9994
9963
9992
9991
9995
9993
9984
10000
10000
9974
10000
9983
10000
9979
9999
10000
9972
9988
9968
10000
9987
9974
9998
9988
9986
9996
10000
10000
9993
9977
9976
9997
9989
10000
9995
10000
9995
9985
10000
9998
9999
10000
10000
10000
9973
9998
9987
9990
9997
9990
9983
9993
9999
9991
9996
9991
9968
9942
9989
9979
9990
9998
9987
10000
9980
9990
9983
10000
9989
9993
9985
9976
9980
9974
9985
10000
9990
9983
9982
9998
10000
9984
9978
9985
9990
9988
10000
9996
10000
9993
10000
10000
9999
9999
9993
9997
9990
9977
9986
10000
10000
9999
9997
9946
9991
9962
10000
9993
10000
9988
9990
9994
10000
9998
9997
9994
9971
9989
9999
9995
9989
10000
9994
9999
9998
9997
9999
9999
9998
9983
9985
9998
10000
9989
10000
9989
9981
9997
9994
9989
9999
9971
9979
9989
10000
9998
9997
9982
9988
9975
9983
9984
9992
9994
10000
9974
9998
9991
9999
10000
9996
10000
10000
9998
9991
9988
9988
9974
9987
9997
9983
9983
10000
9990
9999
9990
9996
9984
9992
9980
9993
9991
9991
9957
9993
10000
9989
9984
9977
9997
10000
9995
10000
9983
9997
9994
9990
10000
9993
9997
9990
9999
9986
9996
9990
9987
9994
9995
9999
9992
9981
10000
9999
10000
9981
9989
9999
9976
9983
9999
10000
9999
9999
10000
9982
9995
9991
9981
9999
10000
9983
9983
10000
9995
9986
9994
9999
10000
9969
9987
9993
9999
10000
9990
9996
9998
9991
9987
9997
9984
10000
9985
10000
9983
9999
9987
10000
9986
9999
9999
10000
9983
10000
9997
9996
9991
9973
10000
9977
10000
9989
9998
9989
9985
10000
9972
9979
9999
9993
9988
9984
9992
9972
9982
9991
9978
9980
10000
9990
9991
9998
9998
9990
10000
9985
9994
9989
9983
9993
9988
9995
10000
9999
9999
9997
9985
9975
9985
9986
9985
9984
9990
9981
9979
9983
9999
9989
9980
10000
9997
9993
9993
9965
9996
9976
10000
10000
9991
9986
9996
9982
9954
9994
9994
9999
9990
9990
9982
9981
9997
9979
9992
9999
9997
9985
9998
9986
9980
