9977
9978
9988
10000
9989
9989
9992
9994
9988
9983
9985
9992
9989
9982
9976
9987
9972
9976
9983
9972
9989
9989
9989
9969
9983
9974
9979
9995
9988
9983
9989
9972
9984
9984
9994
9991
9988
9985
9993
9993
9988
9980
9995
9993
9988
9987
9989
9968
9967
9985
9983
9978
9995
9977
9984
9995
9968
9970
10000
9981
9978
9988
9988
9976
9982
9986
9965
9979
9977
9979
9997
9993
9988
9990
9978
9960
9975
9990
9995
9986
9998
9995
9992
9980
9987
9986
9983
9986
9992
9989
9979
9998
9982
9988
9966
9993
9984
9969
9994
9973
9998
9954
9975
9983
9980
9999
9979
9995
9991
9956
9981
9987
9989
9982
9978
9983
9978
9972
9982
9974
9973
9969
9964
9989
9976
9984
9993
9992
9970
9985
9984
9988
9987
9985
9997
9988
9985
9986
9983
9972
9991
9984
9970
9972
9980
9982
9959
9984
9965
9988
9995
9974
9979
9971
9981
9988
9992
9994
9981
9974
9989
9987
9968
9990
9957
9983
9975
9967
9989
9973
9985
9973
9963
9985
9982
9983
9982
9987
9982
9981
9976
9986
9990
9980
9976
9999
9978
9999
9995
9981
9988
9982
9977
9982
9986
9984
9990
9978
9983
9983
9976
9989
9966
9982
9993
9989
9983
9988
9989
9986
9973
9974
9981
9974
9993
9998
9993
9979
9952
9958
9957
9986
9981
9977
9990
9976
9973
9975
10000
9987
9996
9981
9969
9979
9979
9985
9983
9990
9979
9976
9985
9979
9985
9996
9999
9983
9990
9984
9969
9972
9971
9988
9959
9992
9968
9984
9990
9958
9993
9984
9988
9984
9981
9979
9980
9984
9977
9987
9983
9990
9977
9973
9996
9978
9969
9979
9982
9986
9987
9994
9991
9989
9997
9983
9983
9976
9985
9983
9948
9990
9986
9988
9988
9965
9994
9992
9988
9968
9963
9988
9979
9968
9949
9992
9986
9979
9987
9996
9984
9990
9997
9998
9978
9989
9986
9997
9970
9989
9991
9976
9982
9971
9992
9984
9990
9987
9984
9976
9987
9991
9976
9985
9996
9966
9971
9985
9993
9975
9976
9986
9972
9968
9991
9995
9998
9990
9985
9986
9986
9990
9993
9980
9981
9987
9978
9976
9985
9984
9982
9988
9989
9971
9978
9990
9979
9992
9985
9987
9987
9987
9986
9988
9994
9991
9978
9972
9989
9986
9986
9991
9977
9984
9986
9976
9972
9979
9984
9981
9969
9991
9989
9991
9984
9988
9979
9992
9969
9980
9984
9984
9982
9979
9957
9986
9990
9988
9991
9972
9981
9985
9973
9986
9987
9990
9982
9973
9979
9979
9984
9983
9996
9977
9984
9984
9978
9993
9981
9964
9965
9975
9994
9965
9988
9972
9984
9975
9975
9987
9979
9983
9975
9978
9986
9982
9974
9996
9991
9975
9991
9993
9982
9988
9982
9957
9988
9991
9972
9987
9973
9983
9993
9989
9987
9990
9989
9977
9990
9971
9996
9940
9986
9988
9988
9983
9995
9988
9979
9987
9989
9988
9970
9992
9976
9979
9986
9982
9971
9993
9968
9996
9978
9993
9990
9966
9982
9981
9984
9997
9990
9969
9976
9979
9986
9988
9968
9980
9989
9986
9983
9975
9984
9977
9980
9993
9979
9988
9995
9979
9981
9979
9975
9982
9996
9975
9985
9986
9973
9993
9971
9986
9976
9974
9991
9990
9978
9976
9992
9975
9996
9978
9983
9991
9982
9999
9968
9977
9993
9964
10000
9992
9983
9962
9987
9977
9981
9992
9972
9976
9946
9987
9984
9984
9968
9987
9973
9996
9966
9988
9993
9987
9989
9987
9987
9978
9993
9979
9986
9991
9983
9978
9987
9983
9993
9994
9952
9989
9973
9984
9980
9999
9963
9980
9993
9970
9966
9994
9985
9995
9986
9996
9984
9991
9982
9975
9996
9976
9997
9980
9985
9993
9984
9991
9984
9991
9980
9965
9966
9986
9985
9991
9986
9993
9966
9998
9981
9970
9985
9997
9983
9982
9988
9991
9969
9970
9969
9986
9994
9960
9987
9980
9982
9995
9984
9989
9983
9986
9978
9968
9990
9992
10000
9980
9985
9972
9998
9993
9972
9985
9980
9980
9972
9982
9977
9973
9976
9977
9981
9967
9995
9979
9953
9988
9977
9988
9956
9988
9978
9982
9983
9979
9962
9976
9981
9980
9971
9981
9966
9985
9983
9978
9957
9992
9991
9979
9972
9971
9983
9984
9985
9981
9971
9992
9984
9988
9974
9986
9981
9969
9977
9961
9994
9982
9998
9997
9983
9979
9991
9983
9990
9980
9981
9990
9970
9986
9981
9977
9982
9988
9994
9978
9967
9985
9986
9976
9991
9979
9978
9987
9976
9972
9975
9989
9974
9979
9976
9969
9987
9980
9976
9963
9983
9980
9994
9990
9993
9983
9995
9981
9980
9993
9992
9987
9964
9987
9992
9978
9980
9984
9964
9965
9988
9987
9990
9988
9976
9986
9987
9990
9970
9990
9995
9979
9980
9984
9986
9995
9992
9981
9990
9980
9978
9988
9991
9975
9986
9974
9985
9979
9970
9988
9988
9981
9979
9976
9989
9995
9992
9992
9991
9982
9988
9975
9985
9991
9986
9990
9985
9988
9986
9972
9979
9993
9989
9987
9980
9995
9976
9993
9981
9987
9985
9995
9977
9984
9995
9977
9994
9989
9985
9988
9979
9942
9974
9985
9987
9973
9979
9967
9972
9985
9973
9976
9973
9978
9996
9983
9969
9990
9989
9982
9984
9985
9975
9989
9986
9981
9990
9975
9990
9996
9993
9976
9985
9995
9987
9987
9974
9986
9990
9978
9982
9982
9981
9980
9980
9983
9954
9972
9978
9979
9993
9963
9966
9979
9974
9967
9988
9972
9973
9961
9974
9973
9982
9983
9972
9978
9975
9996
9977
9985
9985
9985
9988
9993
9994
9994
9984
9968
9977
9992
9984
9967
9985
9993
9960
9991
9991
9977
9973
9984
9988
9980
9983
9986
9966
9990
9997
9985
9973
9969
9985
9976
9994
9995
9971
9979
9970
9964
9985
9990
9990
9985
9961
9968
9995
9988
9978
9974
9983
9985
9983
9983
9989
9977
9967
9980
9989
9974
9992
9994
9982
9976
9995
9996
9989
9981
9976
9972
9982
9987
9983
9987
9987
9961
9998
9954
9985
9982
9989
9973
9978
9982
9988
9989
9981
9977
9985
9981
9986
9979
