9974
9990
9972
9990
9992
9974
9987
9968
9985
9967
9992
9998
9968
9988
9977
9993
9983
9966
9981
9995
9996
9985
9993
9985
9991
9958
9969
9987
9988
9984
9994
9988
9985
9986
9987
9990
9979
9979
9993
9972
9987
9989
9992
9976
9988
9996
9984
9977
9992
9990
9985
9964
9991
9991
9976
9973
9985
9957
9993
9985
9975
9985
9996
9969
9969
9989
9988
9972
9982
9991
9993
9985
9945
9981
9974
9973
9981
9990
9973
9983
9987
9972
9983
9990
9982
9987
9968
9988
9992
9990
9985
9979
9980
9982
9983
9988
9979
9985
9995
9996
9991
9985
9983
9994
9978
9968
9997
9988
9971
9981
9971
9978
9974
9996
9980
9970
9980
9985
9988
9994
9987
9988
9980
9984
9966
9990
9983
9973
9992
9982
9976
10000
9983
9983
9993
9960
9992
9981
9988
9981
9987
9983
9984
9994
9981
9989
9980
9991
9970
9979
9991
9995
9983
9974
9982
9987
9993
9992
9994
9994
9992
9987
9996
9983
9993
9980
9990
9962
9994
9987
9987
9976
9988
9979
9985
9989
9990
9969
9963
9985
9976
9983
9974
9990
9982
9996
9994
9982
9989
9992
9954
9988
9989
9990
9974
9992
9993
9982
9979
9991
9982
9975
9978
9973
9977
9986
9976
9985
9990
9988
9976
9974
9968
9972
9983
9991
9980
9977
9993
9985
9990
9981
9990
9973
9989
9976
9981
9984
9993
9986
9991
9999
9978
9992
9992
9967
9981
9991
9973
9983
9979
9987
9993
9980
9981
9986
9968
9994
9972
9983
9991
9982
9977
9993
9985
9984
9986
9982
9988
9995
9974
9988
9970
9975
9989
9988
9966
9990
9980
9970
9980
9988
9982
9976
9983
9982
9979
9983
9984
9988
9985
9988
9981
9993
9988
9985
9978
9989
9978
9997
9990
9977
9988
9968
9983
9972
9990
9989
9993
9977
9985
9986
9980
9988
9972
9995
9978
9981
9970
9982
9955
9951
9975
9989
9954
9982
9985
9985
9988
9977
9974
9933
9980
9962
9991
9986
9986
9987
9960
9968
9987
9988
9983
9992
9985
9981
9989
9998
9981
9990
9987
9998
9978
9996
9961
9988
9978
9977
9989
9985
9970
9983
9986
9987
9987
9984
9981
9985
9975
9983
9986
9984
9979
9972
9985
9969
9988
9973
9974
9985
9987
9974
9985
9982
9980
9997
9984
9989
9980
9988
9985
9991
9983
9963
9984
9967
9983
9965
9989
9989
9982
9981
9987
9982
9994
9977
9971
9987
9981
9966
9985
9995
9995
9960
9995
9983
9990
9990
9983
9994
9985
9987
9988
9987
9985
9976
9997
9991
9986
9980
9985
9995
9935
9989
9987
9985
9978
9981
9954
9983
9990
9972
9983
9996
9980
9985
9978
9985
9973
9988
9968
9987
9992
9992
9978
9978
9958
9981
9994
9971
9978
9977
9976
9984
9991
9987
9990
9976
9958
9976
9982
9990
9980
9982
9994
9988
9991
9978
9975
9992
9966
9983
9982
9982
9993
9976
9990
9989
9983
9981
9986
9987
9967
9988
9993
9983
9987
9972
9978
9982
9994
9981
9987
9991
9988
9993
9982
9984
9989
9981
9989
9984
9975
9994
9980
9983
9977
9987
9968
9986
9984
9996
9974
9975
9993
9982
9970
9994
9969
9981
9984
9986
9982
9991
9994
9970
9976
9981
9987
9991
9980
9981
9987
9981
9976
9988
9979
9972
9976
9983
9982
9981
9986
9996
9998
9989
9964
9993
9971
9989
9988
9962
9994
9966
9973
9994
9987
9989
9994
9996
9982
9983
9981
9990
9979
9980
9991
9991
9993
9993
9991
9990
9991
9995
9988
9984
9972
9996
9968
9983
9982
9977
9975
9991
9968
9971
9995
9965
9983
9974
9976
9983
9980
9984
9975
9980
9977
9998
9980
9980
9990
9979
9974
9991
9971
9980
9972
9997
9988
9980
9985
9990
9969
9970
9986
9973
9975
9980
9989
9985
9978
9970
9991
9978
9984
9979
9989
9988
9982
9990
9991
9973
9975
9989
9988
9984
9991
9984
9968
9981
9981
9994
9952
9970
9988
9984
9997
9989
9973
9982
9981
9983
9963
9981
9981
9988
9969
9991
9987
9966
9981
9984
9977
9992
9977
9989
9991
9984
9989
9976
9969
9955
9977
9990
9981
9983
9986
9975
9972
9989
9963
9992
9977
9982
9981
9984
9992
9982
9987
9976
9972
9991
9987
9990
9980
9955
9995
9983
9990
9991
9977
9998
9985
9967
9989
9990
9990
9988
9975
9975
9986
9992
9981
9987
9979
9980
9993
9970
9983
9988
9992
9996
9979
9984
9981
9977
9987
9993
9988
9979
9990
9982
9964
9972
9986
9989
9987
9964
9982
9986
9988
9972
9978
9954
9965
9986
9981
9974
9967
9965
9941
9965
9972
9976
9970
9975
9969
9977
9980
9989
9975
9993
9970
9954
9983
9959
9980
9970
9990
9980
9986
9990
9986
9988
9974
9991
9981
9988
9986
9978
9970
9971
9982
9960
9986
9992
9975
9975
9989
9983
9966
9980
9983
9973
9972
9992
9973
9985
9982
9986
9986
9993
9990
9996
9994
9974
9986
9976
9984
9982
9991
9971
9978
9989
9984
9989
9984
9993
9991
9990
9989
9986
9963
9961
9985
9986
9983
9972
9983
9986
9983
9968
9985
9952
9971
9985
9988
9963
9981
9995
9997
9986
9973
9983
9997
9993
9992
9969
9982
9977
9990
9987
9975
9990
9980
9979
9990
9992
9971
9982
9974
9983
9978
9985
9988
9985
9986
9991
9953
9991
9993
9989
9982
9975
9961
9993
9975
9977
9995
9984
9977
9979
9980
9976
9980
9984
9983
9970
9976
9977
9995
9977
9989
9983
9985
9985
9992
9955
9992
9977
9992
9987
9970
9965
9984
9987
9981
9992
9979
9993
9969
9981
9991
9996
9963
9988
9981
9987
9972
9983
9993
9958
9996
9988
9979
9979
9981
9990
9992
9992
9982
9985
9977
9975
9975
9988
9974
9974
9985
9993
9974
9980
9963
9982
9993
9992
9982
9980
9984
9986
9982
9984
9982
9963
9985
9982
9981
9989
9973
9979
9965
9974
9991
9997
9974
9974
9990
9984
9980
9986
9980
9975
9989
9982
9977
9979
9984
9978
9982
9982
9979
9985
9987
9995
9959
9989
9989
9974
9982
9962
9981
9978
9978
9994
9986
9979
9974
9991
9996
9989
