9969
9980
9990
9984
9975
9979
9982
9971
9972
9984
9994
9975
9995
9976
9981
9972
9978
9965
9972
9987
9955
9991
9989
9980
9997
9978
9969
9985
9959
9971
9983
9974
9988
9988
9990
9983
9982
9985
9974
9969
9990
9964
9992
9980
9991
9986
9992
9975
9985
9991
9988
9983
9976
9979
9961
9987
9986
9988
9987
9982
9997
9966
9980
9988
9992
9992
9987
9981
9961
9979
9951
9979
9992
9978
9978
9958
9984
9982
9984
9986
9982
9987
9995
9972
9981
9980
9962
9988
9994
9982
9999
9976
9986
9976
9956
9993
9970
9985
9965
9997
9985
9986
9981
9993
9962
9982
9998
9978
9998
9960
9983
9986
9990
9992
9986
9969
9991
9976
9979
9988
9980
9997
9992
9975
9991
9965
9990
9977
9989
9982
9976
9996
9969
9994
9985
9982
9992
9983
9986
9974
9980
9992
9985
9988
9982
9990
9979
9982
9989
9986
9986
9981
9989
9981
9985
9974
9990
9970
9995
9987
9968
9966
9990
9983
10000
9994
9989
9984
9968
9989
9990
9970
9980
9971
9974
9971
9984
9978
9979
9983
9970
9996
9975
9988
9989
9974
9981
9975
9970
9985
9993
9977
9985
9980
9978
9994
9979
9999
9975
9994
9983
9991
9980
9972
9969
9982
9984
9988
9999
9992
9992
9977
9991
9982
9994
9995
9996
9959
9979
9983
9985
9988
9983
9986
9981
9989
9978
9974
9966
9983
9994
9995
9980
9990
9987
9979
9978
9980
9970
9974
9967
9971
9989
9990
9988
9992
9991
9966
9991
9972
9988
9983
9984
9995
9975
9987
9981
9980
9977
9960
9980
9982
9984
9980
9990
9985
9985
9970
9993
9989
9993
9974
9992
9978
9965
9975
9985
9986
9986
9994
9984
9982
9985
9965
9995
9994
9977
9987
9990
9979
9989
9980
9989
9973
9980
9973
9986
9981
9996
9964
9984
9983
9987
9984
9977
9982
9983
9981
9989
9981
9986
9966
9991
9995
9958
9987
9987
9984
9990
9985
9987
9996
9974
9973
9963
9968
9984
9987
9963
9981
9979
9977
9980
9985
9948
9985
9985
9973
9985
9973
9990
9984
9978
9991
9981
9985
9979
9979
9961
9975
9962
9978
9986
9986
9974
9991
9982
9978
9999
9959
9987
9981
9991
9984
9982
9978
9980
9992
9984
9986
9981
9996
9970
9977
9985
9968
9987
9991
9979
9978
9979
9985
9986
9955
9992
9974
9983
9996
9989
9985
9975
9991
9993
9955
9972
9985
9989
9993
9976
9981
9975
9978
9991
9994
9990
9998
9994
9975
9974
9984
9969
9987
9975
9990
9978
9995
9989
9990
9981
9986
9991
9979
9969
9994
9987
9969
9995
9953
9973
9995
9978
9991
9987
9970
9968
9978
9997
9953
9992
9988
9992
9980
9984
9970
9988
9989
9992
9981
9989
9990
9979
9965
9982
9989
9997
9986
9978
9997
9992
9978
9971
9974
9978
9968
9985
9990
9992
9989
9983
9992
9984
9996
9989
9977
9983
10000
9985
9975
9986
9964
9968
9984
9992
9975
9982
9979
9984
9978
9978
9985
9973
9972
9990
9990
9983
9993
9978
9985
9996
9981
9994
9965
9990
9974
9974
9994
9990
9992
9985
9994
9986
9977
9977
9996
9983
9989
9986
9992
9969
9967
9956
9974
9971
9982
9977
9984
9992
9981
9971
9969
9977
9985
9974
9984
9967
9985
9992
9985
9974
9983
9987
9983
9993
9968
9973
9969
9981
9973
9983
9981
9975
9989
9980
9985
9975
9989
9979
9983
9969
9991
9982
9995
9975
10000
9994
9977
9985
9984
9987
9994
9985
9979
9977
9983
9996
9985
9979
9979
9979
9991
9979
9968
9987
9981
9987
9974
9986
9995
9984
9991
9993
9992
9988
9978
9987
9993
9983
9993
9989
9989
9979
9984
9997
9990
9990
9984
9988
9985
9974
9966
9993
9965
9984
9995
9963
9969
9980
9996
9977
9993
9974
9984
9964
9984
9986
9983
9992
9982
9984
9983
9985
9986
9976
9988
9993
9984
9982
9972
9978
9980
9997
9989
9987
9971
9970
9983
9980
9991
9983
9978
9977
9975
9987
9986
9990
9988
9985
9989
9982
9990
9988
9982
9989
9973
9982
9983
9983
9988
9984
9981
9974
9980
9984
9988
9981
9997
9998
9979
9977
9975
9991
9973
9971
9982
9982
9988
9990
9967
9984
9982
9989
9971
9990
9964
10000
9985
9960
9987
9979
9985
9990
9987
9985
9992
9990
9998
9990
9982
9983
9989
9987
9972
9981
9968
9981
9992
9982
9982
9976
9984
9994
9972
9963
9971
9976
9984
9983
9988
9978
9978
9967
9978
9980
9987
9971
9971
9982
9955
9986
9944
9993
9979
9991
9979
9962
9994
9984
9987
9981
9984
9954
9977
9983
9980
9976
9990
9976
9965
9970
9990
9972
9984
9982
9981
9970
9980
9979
9973
9987
9991
9983
9959
9966
9981
9990
9996
9987
9979
9985
9975
9985
9989
9980
9994
9987
9977
9988
9985
9978
9988
9967
9989
9992
9983
9982
9996
9977
9983
9979
9974
9982
9969
9998
9988
9992
9965
9989
9993
9974
9989
9972
9990
9972
9986
9972
9984
9981
9994
9994
9944
9990
9973
9997
9984
9986
9991
9977
9982
9976
9987
9990
9972
9983
9982
9986
9984
9980
9987
9976
9998
9963
9975
9980
9978
9993
9974
9988
9987
9987
9971
9978
9992
9987
9990
9985
9965
9991
9999
9991
9980
9980
9990
9983
9982
9988
9965
9952
9976
9995
9972
9989
9988
9999
9977
9993
9992
10000
9986
9978
9980
9987
9973
9989
9970
9976
9996
9987
9977
9991
9983
9976
9993
9978
9988
9991
9962
9958
9989
9972
9974
9983
9999
9995
9988
9980
9992
9978
9993
9966
9980
9996
9990
9978
9991
9990
9987
9988
9990
9982
9979
9971
9981
9989
9989
9989
9984
9977
9979
9982
9986
9986
9991
9979
9991
9984
9994
9975
9992
9985
9982
9966
9974
9993
9991
9993
9986
9977
9982
9990
9947
9987
9981
9993
9970
10000
9985
9989
9980
9983
9979
10000
9990
9991
9986
9980
9975
9985
9975
9974
9987
9979
9987
9987
9988
9983
9988
9986
9992
9977
9980
9991
9986
9987
9981
9997
9968
9988
9986
9992
9971
9980
9983
9995
9978
9992
9993
9998
9975
9990
9991
