10000
9654
9747
9732
9475
9937
9460
9851
9290
9930
9549
9286
9967
10000
9903
9888
9693
10000
9586
9672
9038
9885
9990
10000
9657
10000
9963
8822
10000
10000
10000
9782
10000
9664
9584
10000
9789
9363
9767
9497
9851
10000
8917
10000
9762
10000
9444
9418
9128
9983
9016
9802
9780
10000
10000
9964
9894
9957
9755
10000
9839
10000
10000
10000
9625
9700
10000
9027
9992
9265
9995
9775
9978
8950
9427
9744
9709
9415
9041
10000
9935
9846
10000
9479
9933
10000
10000
9332
10000
10000
9884
9963
9203
10000
9298
9976
9901
10000
9986
10000
9961
10000
10000
10000
9761
9909
9868
9936
9690
10000
9637
10000
9744
10000
9902
9403
9490
9995
10000
9470
9372
9567
9671
10000
9578
10000
9477
9781
8887
10000
10000
9192
9749
9994
9311
10000
9948
9667
9712
10000
9746
8957
10000
10000
9069
10000
10000
9868
9343
9187
10000
9747
10000
9543
9847
10000
9966
9974
9492
10000
9618
9880
10000
9394
9974
9929
9480
9976
9889
9815
10000
10000
9220
9977
10000
9885
10000
9787
8258
9506
10000
10000
9828
9486
10000
9196
10000
9974
10000
9346
10000
10000
10000
9989
9551
9720
9797
10000
9937
10000
10000
9495
9484
9188
10000
10000
9971
10000
10000
9610
9985
9070
9953
10000
10000
9955
9932
9988
9880
10000
10000
9990
9408
10000
9614
9814
10000
10000
9404
10000
9767
9582
8765
10000
9938
9986
10000
10000
9670
9891
9891
9982
10000
9077
9882
10000
9915
9633
9439
10000
10000
10000
10000
9147
9811
9747
9966
9958
9774
10000
9374
10000
10000
10000
9558
9175
9770
10000
9966
8788
9872
9287
8691
9164
10000
9537
10000
9747
9846
9989
8966
9742
9955
10000
10000
9657
10000
10000
8835
10000
9714
9884
9510
9864
10000
9989
9819
9935
10000
10000
9241
10000
9659
10000
9604
9353
10000
9965
10000
10000
9779
9540
9990
9580
9980
9302
10000
10000
10000
9623
9831
9839
10000
9832
9416
10000
10000
9334
10000
10000
10000
9847
8452
10000
10000
9960
9574
10000
9814
9925
10000
9146
9959
8817
9805
9748
10000
10000
9072
9845
9844
10000
9962
9128
10000
9307
10000
9606
10000
9534
9873
9515
9637
9594
10000
9672
9832
9350
10000
9879
10000
9393
9783
10000
10000
9698
9934
9481
10000
10000
10000
10000
10000
10000
9765
9877
10000
9592
9702
9202
10000
10000
10000
9523
10000
9930
9737
9424
10000
10000
9712
9941
9127
9707
9861
9921
9860
9858
9822
9749
9926
10000
10000
10000
9808
9566
9974
10000
9802
10000
10000
9935
9734
10000
9513
9897
8787
9563
9568
10000
8891
9506
10000
10000
10000
9978
10000
9118
9862
9428
9792
9177
10000
9854
9429
9930
9941
9583
9991
10000
9381
9768
9935
10000
10000
9552
10000
10000
10000
9407
10000
9910
9811
8481
9471
9961
10000
9974
9911
8808
9919
10000
10000
9664
10000
9927
9975
10000
9957
9780
9248
9770
10000
10000
9836
9812
9769
9476
9839
9463
9723
8938
10000
10000
9961
9175
9758
8680
9619
9929
9391
9725
10000
10000
8552
10000
8600
9365
9891
8935
10000
9426
10000
9986
10000
10000
9858
10000
9877
9948
10000
10000
9822
9483
9868
9581
10000
10000
10000
10000
8726
9915
10000
10000
10000
9966
10000
9961
9568
9898
9748
10000
9970
9851
9784
9093
10000
10000
9894
9952
9886
10000
10000
10000
10000
9990
9629
10000
10000
9991
9573
9354
9965
9946
9843
10000
9990
9894
9960
10000
10000
10000
9952
9802
10000
9196
10000
9843
9753
9978
9958
9968
10000
9648
9670
9867
9754
9955
10000
9774
10000
9849
9445
9354
8989
10000
10000
9820
10000
10000
9654
9928
9441
10000
9798
9963
9450
10000
9630
9893
10000
10000
9626
9364
10000
8893
9852
9748
10000
9894
9633
9960
9648
9956
8607
9931
9597
9688
10000
9818
8716
10000
9481
9296
10000
9911
9993
9968
9925
9983
9890
9985
9753
10000
9709
8953
10000
9634
10000
10000
9931
9858
10000
9845
10000
10000
9553
10000
10000
9915
9464
8936
9860
9952
10000
9209
9994
9574
10000
9334
9284
9903
9398
9690
9876
10000
10000
9886
9691
9629
9805
10000
9951
10000
9580
9961
10000
9975
10000
9926
10000
10000
9991
10000
9832
9989
9998
9828
9597
9763
9420
10000
10000
9243
9747
10000
9920
9884
9423
10000
9123
9935
9340
9101
9662
9691
9705
9531
9979
9640
10000
9874
9869
9937
9915
9618
9944
9111
9349
9794
9694
9997
9801
10000
9963
9860
9836
9948
9410
9556
10000
10000
10000
10000
10000
10000
9967
8912
9940
9364
9257
9551
9044
9789
10000
9589
9914
8241
9924
9975
10000
9220
10000
9664
9931
9980
10000
9988
9929
8438
9965
9948
9731
9975
9934
10000
9969
9765
9707
9796
9957
10000
9585
10000
10000
9087
9973
8858
10000
9965
10000
10000
9612
9185
10000
9868
9571
10000
9958
10000
10000
10000
9468
9396
9981
10000
9674
10000
9993
9368
9998
9956
8453
9443
10000
9636
9982
10000
10000
10000
9898
9528
9759
9870
10000
9033
9794
9753
9972
9896
9636
10000
8780
9952
9563
8773
10000
9969
9177
9227
10000
9953
10000
10000
10000
9629
9227
10000
9200
9977
9989
8748
10000
9616
8987
9944
9960
8845
9583
9864
10000
9479
10000
9932
9987
10000
10000
9935
9941
10000
10000
10000
10000
9760
9593
9082
9416
9256
8918
9979
10000
9522
10000
10000
9907
10000
9910
9987
10000
10000
9759
10000
10000
9549
9971
9414
10000
9759
9993
9522
9043
10000
9984
9438
10000
10000
9355
9284
9550
9982
9912
9381
10000
9875
10000
8708
9684
8637
9910
9751
9176
9706
9632
9864
9998
9092
9919
9984
9617
9799
9649
9942
9953
9940
9107
9951
9358
9151
9523
9807
9905
10000
10000
9954
8639
9901
9860
9623
9980
10000
9881
10000
9766
10000
10000
9911
9908
9394
10000
10000
9401
9915
9887
9936
9343
10000
9751
9288
9951
9884
10000
8820
9450
9970
9972
9984
9685
10000
9832
10000
9719
9789
10000
10000
9633
9922
9929
9632
9618
9849
9876
10000
9741
9067
8751
10000
9983
9527
9968
9827
