10000
10000
10000
10000
10000
10000
9998
10000
9999
10000
10000
9971
9994
10000
10000
9988
10000
9998
9997
9999
9989
9999
9999
10000
10000
10000
10000
10000
9997
10000
9996
10000
9997
10000
9987
9970
9998
9986
10000
9977
9990
10000
10000
10000
9987
10000
10000
10000
9998
9991
10000
10000
10000
9988
10000
10000
9993
9983
9998
9999
9999
9995
10000
10000
9987
9994
10000
9994
10000
9997
9988
9993
10000
9989
10000
9997
9996
9998
10000
9988
10000
10000
9991
9995
10000
10000
10000
10000
9999
10000
9998
9984
9996
10000
10000
9989
9995
10000
10000
9988
9999
9987
9996
9995
9982
9999
9995
10000
9982
9986
9997
10000
10000
10000
9993
9991
10000
9998
10000
9997
10000
9985
10000
10000
10000
9998
9983
10000
10000
9999
10000
9989
9987
9996
10000
10000
9995
9999
9992
9988
10000
9986
10000
10000
10000
9995
9998
10000
9982
9991
9992
9993
10000
9998
10000
9999
9981
10000
9998
9986
10000
9986
10000
9991
10000
10000
9999
10000
9987
9996
10000
10000
9998
9991
10000
9989
9996
9999
9992
9999
10000
9990
10000
9984
9990
9994
10000
10000
9992
10000
9998
10000
10000
10000
9979
9996
9999
9990
10000
9978
9998
9998
10000
10000
10000
10000
10000
9986
10000
9999
10000
9988
9992
10000
9973
10000
10000
10000
10000
9999
9997
10000
9997
9997
10000
9985
10000
9999
9998
10000
9998
10000
9999
9998
10000
10000
9988
10000
10000
9995
10000
9999
10000
9985
9990
9998
9992
9999
9996
10000
10000
9740
9995
10000
9994
9970
9999
9998
9994
9999
10000
9988
9992
9994
9991
9994
10000
10000
10000
9999
10000
10000
9991
9999
9981
10000
9979
9997
9992
9989
10000
9998
9998
9997
9999
9997
9999
10000
10000
10000
10000
9993
10000
9996
10000
9998
9997
10000
9997
9971
9984
9997
9998
9999
9998
9993
10000
9992
9972
9999
10000
10000
10000
10000
9999
9999
10000
9990
10000
9993
10000
10000
9989
9998
9992
10000
10000
9979
9998
10000
9997
9994
10000
9978
9997
9999
9972
9999
10000
10000
10000
9995
10000
9999
10000
9999
9998
9987
9998
10000
10000
9997
10000
9989
10000
10000
9982
10000
10000
9998
9986
9999
10000
9990
9981
9986
9996
10000
10000
10000
10000
10000
10000
9988
9993
9997
9995
10000
10000
10000
10000
10000
9997
9992
9994
10000
10000
9995
9994
9994
9997
9997
10000
9991
10000
9982
9995
10000
9977
10000
9996
9995
10000
9987
10000
9994
9999
9998
9999
10000
9989
9981
9999
10000
10000
10000
10000
9992
9999
9994
10000
9986
9999
10000
10000
10000
10000
9996
10000
9971
9989
10000
10000
9996
9990
9985
9997
9996
10000
9989
9998
10000
9966
10000
9993
10000
10000
10000
9994
10000
9982
9997
9996
10000
9998
9999
9990
10000
10000
9998
10000
10000
10000
10000
9996
9998
10000
10000
9994
9999
9985
9995
9994
9990
9995
9999
9997
9992
10000
10000
9985
9980
10000
10000
9993
9994
9976
9997
10000
9990
10000
9998
10000
9999
10000
10000
9997
10000
9996
9996
9999
9997
9997
9997
9986
9998
9995
9999
9998
9995
10000
9993
9994
10000
9999
9999
9993
9991
10000
9998
10000
9997
9999
9997
10000
9976
9983
9977
9998
9999
9996
10000
9991
10000
10000
10000
9990
10000
10000
9999
9999
10000
9960
9999
9998
9965
10000
9994
9979
10000
10000
9997
10000
10000
9999
9999
9989
9999
9991
9996
10000
9999
9999
10000
10000
9999
9983
9999
10000
10000
9999
9978
10000
10000
10000
10000
10000
10000
9999
10000
9976
10000
9997
10000
9970
10000
9991
9997
9995
9993
10000
10000
9993
9997
9990
10000
9996
9989
10000
9990
10000
10000
10000
9996
9990
9994
9991
9998
9985
9996
9998
9998
9998
9996
10000
10000
9993
10000
9975
9995
10000
10000
9999
9999
9996
9999
9999
9993
9998
9999
9991
9995
9987
9990
9981
9986
10000
9998
10000
9995
9996
9999
9993
10000
10000
9990
10000
10000
9995
9999
10000
9993
10000
10000
10000
10000
10000
9998
9996
9994
9994
10000
9999
9999
9998
9980
10000
9993
9984
9985
9994
9988
9997
10000
9993
9956
9998
10000
10000
10000
10000
10000
10000
9999
10000
9999
10000
9973
9999
9998
9995
9981
9998
9986
9998
9990
9998
9994
9989
10000
9990
9967
9999
10000
9987
9997
9995
9996
9998
9997
10000
10000
9999
9988
9998
10000
9988
9996
9999
9987
9995
9996
10000
9999
9991
10000
9999
10000
10000
9998
10000
10000
10000
9995
9985
10000
9999
9985
9998
10000
9995
9998
10000
10000
9997
9998
9995
10000
10000
10000
9993
10000
10000
9991
9986
10000
9991
9999
9996
10000
10000
9999
10000
9999
9989
10000
10000
10000
10000
10000
10000
9992
9998
10000
9999
9994
10000
9997
9998
10000
9985
9998
10000
9989
9996
9987
9999
10000
10000
9994
10000
10000
10000
9991
10000
10000
10000
9999
9989
10000
9998
10000
10000
10000
10000
10000
9981
10000
9994
10000
10000
9998
9999
10000
10000
10000
10000
10000
10000
10000
9992
10000
9991
9995
9988
10000
9999
9999
9977
10000
10000
9997
10000
9999
10000
9990
9999
10000
9999
10000
9999
9983
9995
9995
10000
9995
9982
10000
10000
10000
10000
9989
10000
9997
9996
9975
10000
9983
9996
9980
9988
10000
10000
9994
10000
9999
10000
10000
9999
10000
10000
9999
9991
10000
10000
10000
9995
9999
9993
9987
10000
9983
9999
10000
9990
10000
9997
10000
10000
10000
9997
10000
10000
10000
9991
9996
9989
9999
9999
10000
9996
9996
9993
9999
10000
9982
9999
10000
9997
9987
10000
10000
9992
9997
9995
10000
9991
9994
9989
10000
9987
10000
9999
9999
9987
9987
10000
9996
9982
9996
9999
10000
9999
10000
9987
9985
10000
9986
9991
9998
9988
10000
9991
10000
10000
9997
10000
10000
10000
10000
9991
9997
9999
9993
10000
9999
9993
9996
10000
10000
10000
9993
10000
9999
9982
10000
10000
10000
9982
10000
9986
9991
10000
10000
9992
10000
9996
10000
10000
10000
9998
9940
9996
9996
10000
10000
10000
9996
9998
9978
10000
10000
10000
9999
10000
9987
10000
9984
10000
9979
