9989
9989
9978
9983
9983
9969
9989
9980
9996
9991
9982
9975
9987
9993
9968
9972
9988
9983
9973
9979
9979
9977
9991
9989
9989
9982
9979
9996
9965
9970
9985
9990
9979
9972
9980
9985
9982
9970
9980
9995
9977
9984
9975
9974
9974
9986
9988
9979
9987
9977
9983
9988
9970
9983
9975
9986
9980
9988
9991
9974
9967
9981
9978
9977
9983
9981
9988
9961
9986
9991
9980
9980
9947
9970
9980
9976
9993
9995
9987
9991
9982
9991
9986
9983
9984
9982
9974
9980
9980
9972
9992
9991
9971
9986
9990
9984
9968
9980
9976
9991
9954
9987
9982
9990
9981
9983
9986
9976
9972
9992
9991
9981
9981
9990
9963
9979
9982
9986
9989
10000
9991
9980
9974
9970
9993
9987
9969
9991
9978
9981
9976
9992
9988
9972
9984
9973
9984
9970
9957
9987
9974
9987
9991
9984
9985
9990
9979
9965
9999
9991
9989
9933
9992
9980
9981
9982
9982
9949
9975
9984
9993
9978
9989
9986
9982
9974
9991
9988
9990
9980
9983
9985
9986
9985
9989
9971
9984
9990
9975
9957
9979
9978
9994
9993
9987
9978
9978
9977
9985
9997
9991
9978
9968
9986
9972
9972
9986
9980
9979
9994
9988
9993
9979
9974
9957
9987
9994
9972
9984
9953
9965
9990
9975
9989
9987
9990
9975
9993
9973
9977
9982
9964
9964
9985
9976
9988
9983
9987
9981
9951
9974
9981
9986
9986
9994
9979
9997
9986
9987
9986
9987
9985
9968
9974
9993
9991
9980
9972
9993
9959
9978
9985
9972
9987
9983
9988
9990
9981
9996
9993
9987
9976
9976
9973
9981
9976
9987
9973
9990
9992
9990
9984
9989
9982
9985
9990
9958
9980
9993
9974
9960
9968
9976
10000
9980
9981
9995
9977
9975
9988
9980
9986
9991
9978
9989
9988
9975
9988
9982
9969
9976
9981
9988
9973
9996
9988
9986
9993
9983
9986
9991
9989
9990
9984
9998
9970
9991
9989
9999
9977
9984
9985
9980
9978
9978
9974
9992
9971
9991
9994
9991
9991
9989
9989
9978
9987
9970
9978
9970
9987
9968
9979
9983
9992
9977
9992
9986
9985
9974
10000
9987
9984
9977
9980
9992
9993
9989
9988
9997
9992
9972
9964
9964
9983
9956
9991
9989
9993
9974
9993
9988
9978
9991
9978
9979
9980
9975
9984
9982
9978
9976
9978
9980
9980
9995
9983
9982
9977
9988
9981
9976
9982
9978
9987
9988
9980
9983
9987
9985
9982
9995
9977
9997
9989
9983
9989
9969
9972
9988
9969
9987
9987
9982
9980
9994
9990
9976
9982
9981
9986
9972
9976
9983
9956
9978
9989
9979
9970
9973
9982
9956
9988
9971
9970
9985
9994
9990
9986
9990
9980
9990
9988
9993
9983
9994
9985
9986
9976
9975
9991
9980
9982
9991
9973
9981
9977
9992
9985
9984
9990
9966
9988
9974
9984
9967
9983
9984
9977
9983
9986
9987
9982
9990
9984
9980
9989
9990
9979
9980
9965
9963
9986
9983
9989
9992
9991
9983
9990
9993
9986
9989
9990
9986
9980
9986
9986
9985
9977
9997
9981
9985
9977
9976
9977
9992
9969
9980
9987
9994
9991
9978
9990
9992
9992
9974
9997
9971
9988
9977
9972
9987
9996
9990
9978
9983
9978
9975
9970
9973
9968
9967
9982
9985
9991
9971
9993
9993
9991
9977
9977
9970
9989
9985
9981
10000
9956
9969
9989
9983
9990
9996
9977
9987
9972
9972
9979
9955
9979
9980
9988
9983
9991
9979
9965
9985
9984
9990
9975
9983
9992
9989
9982
9991
9974
9957
9982
9980
9976
9982
9980
9982
9993
9970
9975
9982
9989
9982
9988
9997
9985
9975
9978
9991
9989
9978
9987
9976
9969
9996
9977
9985
9988
9973
9985
9990
9990
9975
9986
9987
9960
9971
9994
9984
9982
9958
9980
9985
9985
9978
9961
9991
9994
9989
9989
9983
9982
9973
9986
9990
9991
9972
9987
9985
9978
9977
9967
9987
9972
9986
9991
9973
9978
9973
10000
9971
9975
9978
9986
9947
9974
9990
9984
9992
9987
9982
9974
9995
9987
9984
9983
9991
9970
9987
9966
9985
9985
9971
9986
9973
9994
9977
9989
9968
9981
9993
9968
9986
9992
9982
9994
9986
9985
9977
9976
9990
9990
9994
9984
9989
9988
9979
9995
9997
9977
9982
9986
9993
9979
9993
9973
9988
9980
9977
9990
9995
9982
9983
9997
9987
9987
9984
9985
9967
9978
9992
9984
9979
9967
9980
9999
9977
9974
9981
9988
9979
9989
10000
9985
9987
9995
9994
9979
9994
9983
9981
9988
9973
9960
9989
9984
9983
9979
9989
9968
9973
9991
9986
9977
9979
9990
9973
9992
9981
9979
9989
9992
9991
9984
9989
9975
9987
9979
9976
9975
9985
9986
9976
9982
9987
9974
9986
9982
9985
9993
9985
9994
9986
9993
9994
9992
9987
9971
9984
9998
9996
9990
9989
9994
9985
9982
9989
9980
9989
9979
9984
9991
9988
9972
9968
9982
9975
9973
9985
9990
9991
9989
9996
9989
9977
9984
9965
9993
9990
9970
9999
9993
9960
9981
9981
9989
9969
9985
9991
9994
9973
9982
9988
9978
9978
9982
9992
9983
9986
9981
9985
9987
9984
9972
9986
9984
9989
9984
9967
9984
9977
9990
9972
9994
9976
9977
9977
9993
9984
9981
9989
9978
9983
9995
9984
10000
9983
9960
9970
9990
9979
9977
9983
9982
9986
9982
9958
9982
9970
9990
9989
9992
9986
9970
9988
9998
9965
9968
9983
9977
9991
9988
9966
9982
9989
9989
9980
9982
9979
9987
9996
9989
9973
9994
9986
9954
9978
9984
9981
9985
9989
9988
9982
9981
9995
9988
9991
9989
9979
9943
9991
9986
9985
9974
9993
9967
9983
9989
9973
9989
9976
9985
9986
9978
9971
9983
9983
9994
9989
9971
9981
9986
9994
9999
9996
9977
9983
9990
9986
9967
9979
9982
9987
9973
9983
9987
9980
9979
9988
9993
9990
9985
9984
9993
9987
9989
9970
9982
9989
9981
9977
9972
9981
9965
9988
9975
9987
9984
9975
9991
9996
9980
9985
9958
9983
9983
9982
9981
9982
9954
9980
9983
9992
9991
9989
9987
9982
9983
10000
9996
9975
9985
9990
9984
9987
9978
