9970
9993
9999
9992
9992
9960
9997
9986
9994
9978
9984
9993
9976
9980
9988
9978
9982
9986
9992
9981
9963
9974
10000
9980
10000
9986
9980
9991
9982
9998
9967
9996
9984
10000
9990
9983
10000
9999
9992
9984
9991
9970
9998
9979
9985
9997
9969
9979
9992
9983
10000
9978
9975
9976
9994
9980
9999
9999
9986
9996
9999
9974
9982
9992
9988
9983
9998
9999
9982
9988
9984
9997
9987
9947
10000
9976
9989
9994
9995
9995
9997
9979
9973
9995
9996
9989
10000
9994
10000
9980
9999
9992
10000
9991
9981
9983
10000
9991
9991
9995
9987
9992
9973
9983
9986
10000
9998
9993
9994
9995
9986
10000
9990
10000
9982
9994
9995
9981
9981
9988
9991
9986
9996
9989
10000
9981
9989
9991
10000
9995
9989
9972
9992
9990
9977
9996
9987
9995
10000
9961
9998
9998
9997
10000
9995
9990
9971
9959
9983
9997
10000
9969
9998
9997
9990
9988
9989
9989
9998
9998
9980
9993
9998
9978
9982
10000
9997
9990
9977
9984
9975
9990
9992
9978
9989
9990
9992
9997
9996
9999
10000
9998
9997
10000
9967
9979
9983
9990
9992
9985
9974
9987
9988
9985
9969
10000
9994
9997
9990
9990
9972
9999
9997
9994
9999
9979
9986
9977
9992
9998
9997
9980
9997
9978
9963
9987
10000
9993
9999
9993
9993
9999
9999
9981
9982
9986
9975
9992
9991
9982
9991
9987
9984
9993
9990
9985
9984
9989
9999
10000
9984
9983
9980
9995
10000
10000
9984
9969
9975
9990
9991
9992
9985
9994
9976
10000
9972
9976
10000
10000
9989
9992
9979
9982
9969
9960
9984
9989
9998
9976
9999
9979
9985
9987
9988
9993
9974
9997
9994
10000
9999
9995
9992
9968
9999
9969
9982
9989
10000
9994
9966
9981
9985
9972
9999
9999
9985
9979
10000
9985
9982
9979
9998
9994
9989
9977
9983
9991
9981
10000
9999
9965
9995
9989
9982
9965
10000
9999
9995
9986
9992
9987
10000
9999
9992
9986
9993
9990
9994
9992
9994
10000
9999
9982
10000
9995
9992
9984
9985
9984
9985
9990
9992
9984
9967
9982
9994
9982
9980
9972
9985
9996
9994
9996
9978
9984
9987
9999
9987
10000
9993
9988
9976
9993
10000
9991
9989
9990
9989
9996
9987
9993
9991
9993
9974
9982
9978
9993
9990
9997
9986
9981
9989
10000
9992
9980
9991
9992
9992
9988
9981
9977
9989
9993
9977
9983
9994
9989
10000
9998
9991
9970
9994
9986
9984
9999
9985
9986
10000
9994
9990
9998
9975
9989
9989
9987
9980
9987
9988
10000
9994
9997
9973
9975
9982
9991
9998
9989
9987
9985
10000
9993
9983
10000
9982
9999
9994
10000
9997
9997
9977
9986
10000
9996
9999
9999
9995
9992
9993
9985
9985
9977
9992
9980
9992
10000
10000
9973
9982
9999
9993
9990
9996
9984
9999
10000
9975
9983
9987
9997
9981
9995
9971
9989
9983
9987
9999
9978
9989
9996
9979
9967
9978
9996
9995
9980
9983
9987
9998
9989
9996
9988
9966
9997
9998
9962
9988
9982
9981
10000
9998
9998
9985
9981
9983
9985
10000
9990
9994
10000
9985
9998
9974
9972
9996
10000
9987
9992
9994
10000
9977
9996
9986
9986
10000
10000
9992
9995
9987
9980
10000
10000
9989
9999
10000
9982
9989
9991
9992
9997
10000
9998
9993
9937
9996
10000
10000
9996
9966
9981
9979
9973
9982
9981
9999
9991
9993
9976
9993
9976
9984
9984
9993
9997
9998
9993
9990
9983
9980
9960
9992
9991
9999
9992
9995
9991
10000
9991
9976
9994
9993
9979
9998
9991
9994
9994
9967
9984
9989
10000
9994
9984
9974
9985
9980
9973
9989
9975
9996
9987
9994
9985
10000
9970
9962
9998
9998
9984
10000
10000
9987
9977
9994
9994
9990
10000
9984
10000
9988
10000
9979
9994
9986
9998
10000
9996
9980
9995
10000
9987
9992
9999
10000
9994
9982
9990
9997
9976
9987
10000
9984
9995
9997
9982
9998
9988
9985
9993
9992
9987
10000
9984
9986
9980
9986
10000
9998
9987
9999
9991
9992
9997
9998
9998
10000
9995
9989
9969
10000
9998
9988
9998
10000
9992
9977
9997
9987
9996
9990
9986
9975
9998
9987
10000
9990
9988
9985
9998
9998
9972
9999
9999
9981
9997
9984
9976
10000
9969
10000
9990
9990
9987
9982
9992
10000
10000
9983
9977
10000
9995
9996
9999
9985
9999
10000
9973
9997
9998
9992
10000
9987
9990
9962
9996
9991
9992
9986
9995
9975
9985
9994
9992
9991
9995
9971
9984
9988
9961
9995
10000
9964
9988
9984
9991
9988
10000
10000
9974
10000
9991
10000
9998
9996
9994
9987
9996
9998
9999
9999
9996
9998
9994
9968
9998
9994
9984
9973
9987
9991
9983
9984
9992
10000
9987
9979
9977
9987
10000
9982
9978
9979
9995
9971
9994
10000
9992
9960
9966
9999
9981
9982
9972
9988
9994
9986
9971
9986
10000
9992
9980
9986
9986
10000
9978
10000
9984
10000
9986
9999
9987
9989
9972
9991
9992
9986
10000
9997
9977
9992
9999
9982
9994
9977
10000
9966
9994
9982
9991
9982
9985
9999
9999
9973
9981
9990
10000
10000
9980
9981
9999
10000
10000
9983
9980
10000
9987
9987
9987
9995
9999
9986
9982
9983
9995
9994
9965
9989
9992
9975
9988
9999
9979
9983
9975
9990
9989
9985
10000
9989
9999
9997
9994
9986
10000
9976
9989
9999
9981
9990
9993
9986
9991
9998
9981
9998
10000
9995
9992
9994
9989
9992
9998
9968
9983
9989
9992
9992
9997
9996
9992
9998
9964
9998
9981
9997
9968
9977
9988
9995
9989
9967
9970
9997
9992
9992
9989
10000
9986
9997
9997
9981
9953
9986
9993
9974
9989
9984
9993
9994
9976
9977
9991
10000
9991
9997
9995
9994
9986
9990
9992
10000
9980
9959
9979
9993
9993
9988
9992
9977
9957
9976
9994
9996
10000
9991
9991
9976
9990
9976
9975
9986
9972
9986
9994
9987
9998
9994
10000
9990
9987
9989
9994
9988
9988
10000
10000
9997
9990
9995
9989
9985
9997
9992
9979
9997
9973
9987
9980
9984
10000
9982
9976
10000
10000
9986
9993
9998
9996
9994
9992
