9976
9984
9974
9983
9985
9997
9982
9984
9991
9978
9983
9978
9974
9987
9978
9984
9978
9991
9987
9989
9987
9981
9987
9990
9967
9985
9990
9989
9982
9987
9995
9979
9992
9993
9973
9979
9990
9984
9992
9986
9976
9980
9991
9969
9981
9998
9984
9979
9977
9998
9986
9973
9988
9981
9973
9957
9982
9960
9980
9980
9982
9998
9989
9974
9988
9971
9983
9999
9980
9989
9968
9987
9991
9988
9984
9976
9977
9965
9977
9989
9976
9970
9978
9993
9990
9986
9978
9963
9983
9991
9981
9986
9974
9988
10000
9980
9969
9975
9987
9974
9981
9987
9985
9979
9973
9980
9993
9974
9986
9991
9991
9979
9979
9974
9980
9984
9993
9986
9985
9983
9988
9968
9970
9996
9979
9980
9976
9988
9984
9974
9979
9940
9974
9977
9978
9980
9976
9991
9979
9981
9980
9998
9988
9987
9987
9973
9989
9993
9995
9991
9978
9985
9991
9963
9994
9987
9983
9991
9974
9967
9979
9979
9985
9986
9983
9969
9985
9989
9972
9992
9992
9965
9983
9988
9994
9969
9994
9985
9968
9994
9984
9975
9987
9973
9968
9982
9979
9970
9977
9987
9986
9979
9985
9980
9986
9973
9990
9996
9989
9976
9975
9970
9986
9974
9992
9985
9971
9980
9987
9996
9977
9991
9980
9986
9973
9985
9969
9991
9983
9983
9986
9993
9991
9992
9984
9984
9967
9991
9986
9992
9986
9965
9988
9974
9957
9979
9988
9964
9993
9983
9987
9976
9959
9990
9967
9996
9984
9998
9973
9980
9992
9961
9981
9979
9984
9987
9983
9986
9980
9985
9987
9992
9981
9996
9983
9997
9988
9990
9992
9995
9991
9992
9969
9994
9962
9987
9967
9987
9980
9991
9998
9990
9996
9996
9976
9983
9983
9974
9963
9988
9989
9978
9994
9979
9986
9992
9976
9989
9985
9981
9990
9995
9993
9986
9987
9990
9986
9981
9976
9994
9994
9988
9993
9992
9977
9983
9981
9990
9980
9986
9981
9998
9992
9985
9964
9989
9993
9985
9981
9989
9975
9987
9985
9987
9987
9989
9985
9969
9990
9996
9994
9987
9994
9978
9985
9983
9981
9983
9987
9993
9989
9990
9989
9987
9996
9971
9982
9988
9975
9991
9980
9991
9979
9994
9998
9984
9970
9955
9975
9996
9975
9984
9988
9993
9972
9966
9982
9999
9994
9976
9985
9978
9965
9972
9974
9986
9958
9973
9984
9994
9988
9985
9970
9974
9993
9974
9983
9969
9991
9992
9995
9985
9969
9955
9978
9990
9994
9979
9972
9988
9974
9979
9964
9969
9978
9987
9986
9994
9978
9993
9996
9957
9966
9969
9973
9980
9963
9949
9994
9988
9979
9985
9996
9994
9976
9988
9964
9987
9983
9987
9979
9990
9994
9987
9975
9987
9976
9981
9986
9995
9980
9990
9992
9991
9972
9967
9971
9991
9990
9991
9970
9986
9993
9970
9990
9976
9986
9969
9982
9987
9977
9990
9983
9969
9995
9988
9994
9984
9982
9978
9985
9990
9968
9998
9981
9978
9989
9985
9989
9993
9979
9963
9989
9987
9986
9994
9992
9984
9992
9973
9985
9987
9968
9989
9959
9991
9989
9973
9988
9989
9975
9990
9984
9984
9990
9978
9977
9985
9977
9982
9973
9985
9981
9982
9989
9986
9979
9983
9993
9982
9975
9995
9966
9990
9987
9985
9968
9986
9985
9988
9986
9978
9965
9957
9998
9989
9973
9986
9981
9974
9972
9992
9975
9986
9973
9983
9987
9989
9992
9980
9978
9978
9976
9989
9986
9978
9986
9975
9992
9980
9991
9991
9992
9976
9989
9991
9976
9983
9981
9990
9978
9970
9965
9998
9985
9967
9988
9992
9994
9999
9995
9983
9970
9990
9983
9991
9988
9986
9982
9988
9985
9975
9986
9979
9992
9986
9999
9955
9980
9971
9984
9992
9976
9984
9983
9993
9985
9980
9990
9985
9984
9983
9982
9985
9989
9981
9979
9987
9991
9988
9978
9976
9987
9987
9982
9991
9977
9983
9954
9982
9992
9958
9979
9973
9988
9983
9985
9978
9983
9989
9985
9970
9986
9990
9965
9992
9987
9981
9952
9996
9972
9980
9980
9975
9986
9967
9991
9989
9990
10000
9985
9984
9989
9982
9982
9971
9988
9985
9992
9988
9982
9998
9987
9985
9981
9992
9966
9984
9963
9973
9981
9985
9992
9988
9977
9978
9991
9986
9978
9990
9982
9988
9995
9981
9978
9976
9979
9986
9984
9982
9977
9988
9975
9983
9984
9972
9980
9978
9987
9986
9980
9986
9983
9977
9968
9988
9996
9986
9975
9982
9967
9995
9986
9997
9988
9980
9981
9984
9989
9947
9972
9992
9981
9948
9985
9989
9981
9992
9979
9976
9996
9988
9988
9990
9951
9989
9982
9986
9982
9988
9986
9963
9972
9979
9994
9993
9982
9995
9984
9997
9978
9986
9962
9983
9971
9987
9995
9972
9989
9988
9973
9987
9990
9985
9985
9977
9974
9973
9945
9991
9952
9989
9963
9991
9990
9977
9989
9989
9979
9974
9985
9981
9988
9972
9990
9981
9978
9987
9977
9995
9984
9976
9991
9992
9988
9968
9989
9976
9987
9990
9983
9985
9984
9986
9953
9988
9982
9978
9981
9990
9987
9984
9978
9978
9980
9981
9976
9975
9974
9992
9967
9990
9979
9985
9988
9965
9976
9987
9994
9987
9992
9986
9979
9975
9979
9944
9991
9989
9983
9983
9986
9987
9982
9990
9966
9988
9978
9977
9999
9987
9985
9969
9989
9986
9978
9961
9988
9997
9988
9975
9984
9984
9991
9975
9983
9978
9989
9982
9986
9976
9976
9989
9992
9993
9957
9986
9980
9986
9974
9992
9984
9981
9985
9988
9991
9986
9986
9995
9984
9986
9994
9979
9984
9989
9958
9982
9988
9980
9986
9985
9972
9984
9987
9975
9985
9979
9981
9974
9987
9968
9980
9987
9980
9989
9976
9970
9987
9980
9973
9988
9986
9984
9967
9983
9972
9997
9985
9986
9991
9980
9979
9986
9971
9997
9981
9987
9987
9995
9985
9978
9970
9991
9980
9984
9970
9984
9984
9981
9991
9992
9995
9990
9988
9977
9970
9981
9966
9995
9982
9987
9960
9982
9988
9992
9970
9984
9962
9988
9983
9975
9984
9986
9989
9978
9975
9959
9984
9985
9968
9987
