9983
9989
9998
9965
9998
9999
9982
9995
9997
10000
9991
9975
9964
9986
9999
9987
9985
10000
9993
9990
10000
10000
9993
9973
10000
9990
9996
10000
9987
9984
9992
9992
9999
9996
9998
9979
9988
9971
9993
9978
9984
9996
9998
10000
10000
9987
9995
9986
9984
9976
10000
9984
9977
9994
9999
9985
9994
9977
9982
9996
10000
9991
9997
9981
9994
9993
9992
9984
9992
9990
9996
9982
9994
9980
10000
10000
9978
10000
9993
9998
10000
9995
10000
10000
10000
9983
10000
10000
10000
9986
10000
9991
9978
9999
9994
9977
10000
9989
10000
9986
9979
9993
9997
9995
10000
9996
9990
9990
9965
9958
9997
9993
10000
9994
9972
9987
9974
9984
9976
9986
9999
9972
10000
9991
10000
9972
9971
9988
9996
9965
10000
10000
10000
9988
9988
9996
10000
9994
9987
10000
9989
9995
9999
9986
9979
9976
9996
9990
9992
9981
9997
9999
9993
10000
9977
9989
9986
9998
9987
10000
9996
9981
9949
10000
10000
9983
9990
10000
10000
9999
10000
10000
9998
9993
9976
9989
9998
10000
9988
9979
9980
9994
9984
9984
9999
9983
10000
9987
10000
10000
10000
9965
9995
9993
9991
10000
9990
9997
9985
9961
9999
10000
9998
9999
9990
9986
9953
9983
9994
9981
9992
9985
9992
9964
9985
9986
9982
9983
9988
9980
9990
9975
10000
9990
9978
9980
9995
9999
9995
9993
9982
9980
10000
10000
9993
9990
9987
9999
9996
9989
9991
9998
10000
9994
10000
9966
9990
9984
9993
9956
9991
9978
10000
9995
9984
10000
9980
9988
9980
9999
9999
9986
9998
9994
9998
9996
9990
9999
10000
9991
10000
9995
9988
9993
9974
9998
9995
10000
9995
10000
9983
9987
9987
10000
9999
9979
9984
10000
9982
10000
9976
9977
9978
9988
9992
9975
9999
9975
9985
9999
9997
9969
9980
10000
10000
9995
9969
9987
10000
10000
10000
9998
9990
9981
9992
10000
9987
9995
9992
10000
9992
9977
9984
9999
9968
9982
10000
9988
9997
9982
9994
10000
9983
9978
9960
9969
9996
9999
9992
10000
9981
9988
9975
9988
9987
9979
9981
9981
9995
10000
9997
9975
9997
9973
9994
9994
9968
9966
10000
9985
9984
9995
9979
10000
9981
9981
10000
9994
9999
9997
9994
9998
10000
10000
9984
10000
9984
9998
9986
9999
9992
9996
9998
9992
9995
9973
9995
9993
9992
9980
9995
10000
10000
9992
10000
9995
9991
9997
9999
9998
9981
10000
9991
9979
9989
9980
9990
10000
9980
9999
9972
9998
9995
9999
9991
9997
9997
10000
9983
9988
9988
9976
9980
9995
9983
9986
9990
10000
9992
10000
10000
9979
9993
9993
10000
9987
10000
10000
9979
9987
9995
10000
9993
10000
9993
9966
9991
9994
9991
9984
9972
9991
9994
9996
9988
9978
9980
10000
9997
9998
9999
9993
9984
9999
10000
9970
9993
9986
9991
9991
9983
9987
10000
9993
9982
9979
9986
9980
9989
10000
9998
9994
10000
9998
9999
9959
9986
9960
10000
9985
9989
9986
9999
9990
9985
9990
9969
9987
9978
9987
9994
10000
9964
9994
9990
9973
9990
9979
9976
9983
9999
9983
9989
9995
9991
9987
9996
9990
9976
9986
9985
9996
9970
9988
9984
9985
9987
9997
9985
9988
9999
10000
10000
9981
9983
9987
10000
9987
10000
9974
9996
10000
10000
9986
10000
9977
9974
9984
9992
9987
9986
10000
9966
9996
9988
9997
9976
10000
9975
10000
9979
9985
9996
10000
9996
10000
9971
10000
9992
9988
9988
10000
9984
9997
10000
10000
9998
9997
9983
9993
10000
9990
9998
10000
9992
9991
9994
9987
9995
9998
9980
9961
9992
10000
9992
9985
9986
9993
9985
9981
10000
10000
9998
9980
9990
10000
9997
9992
9986
9990
9992
9995
9999
9998
9992
9989
9995
9990
9985
9965
10000
10000
9995
10000
9984
9989
9984
9995
9996
10000
9959
9998
9999
9993
9997
9988
9999
10000
9975
9994
9997
9990
9998
9998
9974
9989
9995
9984
9997
9973
9998
9997
9999
10000
10000
9990
9995
9996
10000
9986
9989
9985
9983
10000
10000
10000
9976
9992
10000
9998
9995
9995
9979
9996
9999
10000
9985
9982
9985
9976
9997
9986
9997
9972
9998
9998
9984
9988
10000
9984
9987
9996
9998
9992
10000
10000
10000
9982
9999
9999
10000
10000
10000
10000
10000
9984
9990
10000
9975
9987
9981
9991
9996
9997
10000
9974
9984
9986
9993
10000
10000
9977
10000
9974
10000
10000
9996
9981
9995
9986
9991
10000
9993
9993
9980
9998
9982
9996
9975
9986
9965
9995
9999
10000
10000
9990
10000
9997
10000
10000
10000
9980
9999
10000
9991
9977
10000
10000
10000
9969
9986
10000
9996
9994
10000
9996
9993
9993
9985
9983
9990
9999
9982
9993
9983
9992
9999
9989
10000
9964
9991
9958
10000
10000
10000
9984
9985
9998
9984
9990
9999
9980
10000
9957
9993
9990
9992
9975
10000
9991
9996
9991
10000
10000
9999
9996
9989
10000
9971
9979
10000
10000
9994
9998
9990
9990
9992
9997
9995
9999
9990
9994
10000
9985
9983
10000
9995
9999
9997
9988
9989
9986
9991
9996
9980
9992
9984
9997
10000
9980
9997
9984
10000
9999
9998
9985
9996
9990
9985
9997
9990
9978
10000
9985
10000
9982
9985
9987
9989
10000
9979
9994
9997
9983
9999
9996
9993
9989
9979
10000
9998
10000
9992
9993
9994
10000
9983
9988
10000
9996
9991
9991
9999
9998
10000
9983
9957
9988
9989
9972
9989
9982
9992
10000
9964
9978
9966
9993
9983
9987
10000
9986
9952
9993
9987
9989
10000
9994
9999
9992
9987
10000
9989
9974
9974
10000
9985
9996
9985
9977
10000
9986
9962
10000
9998
9986
10000
9988
9987
10000
9986
9981
9995
9986
9992
9984
9999
9982
9992
9999
9999
9978
10000
9989
9990
9995
9988
9997
9998
9964
9980
10000
9995
9980
9983
9985
10000
9998
9991
9988
9991
9992
9994
10000
9974
9996
9970
9986
9981
10000
9969
9996
9995
9985
9997
9987
9996
9995
9983
9978
9989
10000
9985
9982
9965
9992
9990
9998
9969
10000
9981
9983
10000
9999
9998
9986
9992
10000
9984
9988
