9975
9983
9979
9966
9979
9978
9990
9990
9974
9993
9976
9978
9987
9990
9975
9995
9989
9978
9990
9984
9980
9965
9990
9998
9980
9962
9987
9976
9992
9969
9994
9979
9969
9982
9997
9973
9958
9985
9976
9987
9941
9983
9978
9986
9982
9989
9987
9970
9979
9978
9988
9987
9987
9966
9977
9981
9980
9994
9986
9970
9995
9981
9966
9949
9990
9997
9986
9974
9982
9991
9968
9996
9933
9977
9980
9983
9969
9986
9958
9995
9988
9973
9986
9960
9977
9992
9979
9981
9963
9994
9992
9999
9985
9976
9974
9977
9977
9969
9963
9996
9971
9985
9981
9983
9972
9982
9997
9982
9978
9992
9983
9975
9980
9979
9996
10000
9987
9983
9975
9991
9982
9985
9982
9984
9990
9970
9982
9981
9979
9993
9983
9991
9989
9993
9981
9981
9963
9992
9985
9993
9971
9985
9965
9980
9965
9992
9983
9962
9988
9957
9976
9978
9987
9981
9991
9973
9984
9979
9984
10000
10000
9978
9984
9986
9979
9984
9995
9956
9983
9986
9979
9995
9988
9985
9980
9995
9992
9970
9977
9993
9960
9978
9999
9988
9980
9992
9979
9994
9988
9982
9987
9994
9981
9986
9988
9988
9989
9991
9986
9994
9959
9993
9967
9967
9992
9991
9972
9965
9988
9976
9972
9987
9967
9974
9990
9972
9982
9996
9982
9990
9989
9987
9974
9987
9985
9993
9975
9997
9987
9964
9991
9980
9978
9992
9983
9986
9987
9983
9981
9987
9995
9984
9972
9986
9993
9983
9989
9994
9993
9979
9973
9988
9986
9980
9990
9992
9991
9982
9994
9984
9978
9990
9979
9988
9993
9986
9989
9986
9966
9968
9961
9995
9970
9973
9995
9998
9985
9986
9977
9990
9980
9989
9988
9985
9975
9984
9971
9985
9991
9991
9994
9975
9985
9987
9988
9983
9990
9986
9978
9969
9988
9971
9989
9983
9974
9954
9977
9986
9979
9988
9976
9999
9980
9984
9993
9985
9989
9981
9972
9987
9982
9995
9994
9978
9986
9981
9984
9982
9983
9990
9988
9988
9975
9979
9991
9987
9962
9991
9998
9996
9977
9981
9978
9983
9985
9983
9983
9994
9984
9987
9987
9982
9976
9963
9968
9976
9988
9994
9996
9990
9990
9977
9985
9985
9998
9990
9950
9981
9979
9993
9991
9988
9986
9989
9986
9981
9977
9982
9981
9978
9977
9988
9984
9982
9980
9977
9977
9988
9990
9980
9988
9980
9990
9978
9976
9991
9992
9981
9990
9990
9989
9972
9987
9993
9995
9990
9966
9996
9975
9992
9972
9981
9974
9992
9990
9977
9986
9986
9975
9986
9971
9989
9973
9966
9971
9982
9984
9993
9979
9986
9964
9986
9989
9994
9975
9988
9994
9986
9985
9975
9992
9996
9980
9993
9988
9981
9987
9997
9990
9974
9985
9990
9967
9987
9973
9973
9999
9994
9982
9980
9990
9985
9986
9959
9981
9990
9993
9971
9974
9985
9985
9992
9994
9987
9972
9980
9984
9951
9990
9992
9987
9956
9985
9978
9972
9996
9973
9993
9984
9982
9987
9980
9971
9977
9988
9983
9991
9988
9992
9985
9994
9956
9988
9978
9981
9947
9980
9984
9957
9987
9961
9985
9984
9984
9989
9984
9989
9979
9977
9977
9975
9985
9974
9971
9972
9989
9985
9983
9989
9989
9992
9972
9992
9995
9983
9974
9996
9954
9986
9970
9967
9956
9977
9986
9974
9991
9983
9979
9969
9994
9979
9998
9972
9978
9992
9971
9965
9953
9988
9989
9984
9992
9987
9967
9970
9994
9995
9970
9973
9972
9966
9985
9987
9980
9974
9992
9981
9986
9979
9990
9975
9981
9963
9985
9985
9982
9964
9982
9981
9983
9986
9991
9974
9974
9946
9982
9991
9979
9987
9995
9980
9994
9989
9995
9964
9983
9969
9987
9992
9989
9981
9998
9986
9977
9965
9986
9994
9974
9991
9978
9981
9992
9997
9974
9996
9991
9976
9986
9977
9984
9994
9983
9969
9966
9971
9991
9975
9984
9996
9976
9979
9980
9982
9976
9990
9981
9994
9994
9984
9992
9978
9988
9986
9988
9968
9988
9981
9980
9993
9983
9990
9974
9991
9967
9982
9988
9999
9974
9983
9984
9973
9983
9985
9987
9990
9998
9992
9971
9986
9986
9983
9994
9981
9988
9996
9989
9992
9993
9981
9986
9975
9970
9979
9985
9971
9982
9986
9988
9980
9981
9996
9996
9965
9981
9980
9990
9980
9988
9996
9976
9992
9977
9955
9992
9995
9995
9964
9949
9971
9988
9977
9984
9978
9991
9978
9968
9994
9994
9993
9987
9985
9971
9985
9991
9979
9986
9980
9985
9990
9968
9980
9986
9983
9961
9979
9977
9989
9991
9986
9992
9978
9991
9995
9990
9986
9975
9996
9987
9986
9989
9991
9976
9968
9986
9991
9987
9987
9992
9993
9982
9991
9991
9977
9994
9990
9992
9984
9990
9989
9983
9990
9989
9995
9982
9996
9968
9981
9977
9967
9992
9981
9977
9986
9975
9977
9994
9974
9975
9976
9968
9985
9980
9998
9982
9981
9987
9979
9977
9978
9983
9976
9973
9990
9981
9994
9992
9987
9992
9982
9981
9993
9971
9988
9981
9977
9991
9967
9995
9985
9965
9992
9970
9995
9984
9993
9973
9981
9942
9989
9976
9992
9988
9985
9985
9980
9990
9983
9985
9984
9978
9989
9978
9965
9989
9989
9983
9971
9991
9992
9979
9976
9993
9981
9979
9985
9986
9987
9989
9986
9975
9976
9972
9959
9987
9971
9972
9984
9982
9989
9951
9967
9984
9990
9972
9980
9990
9990
9976
9989
9987
9993
9992
9982
9981
9995
9981
9986
9973
9985
9978
9994
9979
9983
9983
9987
9985
9970
9981
9986
9982
9964
9973
9963
9981
9971
9986
9980
9986
9991
9981
9987
9989
9982
9973
9977
9982
9975
9975
9976
9980
9976
9982
9965
9990
9989
9976
9950
9966
9976
9977
9976
9951
9989
9966
9983
9989
9987
9988
9993
9978
9968
9967
9976
9992
9984
9996
9987
9980
9975
9988
9968
9981
9981
9985
9967
9989
9988
9980
9982
9991
9976
9978
9985
9965
9992
9975
9984
9974
9983
9996
9970
9973
9977
9984
9970
9977
9996
9988
9979
9972
9982
9990
9990
9983
9985
9987
9993
9996
10000
9959
