9981
9978
9989
9993
9987
9979
9972
9967
9968
9980
9991
9956
9974
9982
9974
9983
9981
9988
9979
9977
9972
9982
9991
9986
9993
9990
9983
9993
9979
9985
9976
9985
9964
9979
9984
9981
9983
9983
9975
9985
9998
9986
9989
9991
9965
9974
9986
9985
9980
9994
9965
9988
9988
9995
9990
9992
9976
9982
9986
9985
9988
9980
9992
9993
9962
9973
9993
9970
9984
9992
9996
9975
9988
9967
9987
9980
9986
9980
9956
9977
9995
9991
9982
9986
9953
9991
9972
9984
9969
9968
9982
9987
9992
9973
9982
9984
9976
9987
9975
9989
9982
9987
9986
9996
9992
9980
9974
9972
9985
9982
9981
9983
9986
9987
9987
9991
9966
9999
9978
9963
9987
9990
9993
9986
9998
9987
9977
9977
9989
9973
9972
9982
9982
9980
9979
9988
9977
9979
9988
9948
9958
9991
9974
9976
9974
9968
9976
9985
9974
9976
9990
9989
9973
9984
9966
9994
9980
9996
9982
9979
9987
9984
9977
9978
9981
9983
9970
9983
9986
9979
9987
9987
9986
9965
9998
9984
9968
9980
9996
9963
9981
9982
9964
9994
9995
9959
9981
9987
9996
9982
9975
9976
9992
9979
9986
9970
9991
9980
9983
9994
9986
9968
9976
9974
9999
9986
9978
9982
9984
9984
9987
9980
9981
9985
9968
9967
9958
9980
9982
9977
9977
9984
9986
9965
9980
9989
9998
9988
9994
9984
9995
9979
9984
9983
9983
9975
9973
9990
9969
9975
9984
9961
9958
9986
9977
9960
9989
9958
10000
9992
9982
9991
9993
9968
9987
9997
9993
9982
9981
9972
9987
9993
9978
9991
9996
9980
9982
9972
9983
9986
9981
9978
9992
9982
9985
9974
9991
9986
9990
9972
9991
9987
9978
9988
9987
9973
9980
9986
9982
9977
9989
9965
9988
9980
9971
9975
9952
9987
9976
9985
9994
9984
9988
9986
9975
9979
9974
9972
9962
9976
9990
9981
9984
9965
9992
9985
9980
9992
9986
9968
9999
9995
9965
9981
9991
9979
9987
9966
9972
9984
9984
9995
9985
9993
9987
9988
9979
9987
9970
9977
9991
9975
9977
9965
9985
9981
9985
9994
9983
9981
9971
9988
9974
9989
9984
9988
9988
9983
9988
9978
9992
9982
9981
9987
9984
9975
9984
9979
9970
9982
9973
9997
9986
9978
9991
9980
9987
9995
9990
9979
9991
9987
9977
9974
9976
9987
9974
9972
9978
9985
9977
9970
9986
9994
9993
9986
9977
9992
9991
9962
9990
9950
9976
9958
9986
9971
9986
9982
9979
9992
9969
9978
9995
9977
9977
9994
9980
9995
9979
9991
9986
9970
9985
9965
9979
9981
9961
9975
9973
9993
9985
9972
9992
9997
9994
9986
9979
9992
9973
9985
9987
9995
9991
10000
9993
9982
9986
9991
9980
9986
9963
9990
9993
9968
9990
9988
9981
9993
9961
9956
9990
9974
9988
9996
9988
9987
9979
9978
9983
9972
9990
9976
9991
9994
9987
9982
9990
9994
9995
9987
9983
9992
9988
9964
9969
9976
9958
9984
10000
9986
9985
9982
9990
9981
9963
9989
9984
9984
9991
9982
9989
9982
9973
9989
9979
9987
9993
9968
9991
9981
9970
9989
9982
9981
9991
9984
9990
9990
10000
9988
9986
9969
9983
9963
9993
9982
9972
9987
9994
9984
9975
9974
9993
9979
9959
9995
10000
9981
9984
9983
9993
9985
9976
9984
9990
9958
9973
9981
9985
9984
9977
9990
9992
9998
9979
9986
9962
9996
9987
9953
9986
9990
9974
9993
9984
9992
9984
9992
9998
9967
9983
9984
9984
9989
9972
9990
9983
9997
9993
9994
9975
9968
9987
9983
9986
9973
9985
9979
9973
9958
9988
9982
9983
9988
9988
9993
9994
9992
9972
9989
9994
9993
9983
9996
9990
9966
9980
9995
9970
9991
9962
9991
9987
9982
9985
9987
9993
9990
9984
9975
9984
9990
9992
9997
9983
9981
9976
9963
9991
9994
9975
9985
9990
9986
9964
9999
9966
9995
9994
9992
9968
9992
9980
9987
9993
9998
9993
9990
9973
9978
9975
9995
9979
9974
9968
9963
9986
9984
9960
9964
9991
9987
9988
9992
9980
9980
9989
9987
9995
9981
9985
9970
9972
9985
9985
9991
9980
9981
9990
9970
9981
9994
9972
10000
9977
9977
9990
9978
9985
9984
9978
9984
9977
9986
9971
9987
9973
9990
9988
9984
9978
9985
9976
9992
9971
9983
9990
9986
9946
9992
9981
9988
9996
9964
9978
9994
9990
9978
9983
9979
9984
9962
9986
9975
9988
9972
9974
9977
9965
9987
9967
9995
9983
9993
9967
9985
9983
9976
9978
9961
9991
9991
9990
9960
9994
9981
9983
9990
9976
9975
9989
9982
9974
9970
9984
9990
9991
9989
9990
9994
9967
9956
9990
9992
9976
9994
9985
9995
9992
9985
9974
9983
9978
9992
9988
9998
9984
9977
9973
9967
9992
9971
9995
9963
9976
9990
9987
9981
9993
9987
9989
9987
9977
9975
9983
9967
9985
9986
9997
9985
9980
9961
9977
9972
9994
9994
9993
9963
9980
9991
9994
9994
9979
9989
9984
9963
9983
9974
9985
9990
9985
9991
9994
9985
9974
9988
9976
9988
9986
9989
9979
9976
9976
9981
9964
9991
9984
9967
9957
9984
9989
9969
9983
9993
9998
9978
9987
9958
9995
9984
9965
9990
9990
9970
9985
9992
9995
9988
9989
9988
9969
9993
9983
9976
9981
9994
9983
9988
9967
9985
9972
9974
9984
9977
9982
9989
9975
9977
9992
9981
9983
9971
9987
9960
9958
9998
9985
9977
9980
9986
9992
9967
9981
9982
9982
9981
9983
9984
9982
9982
9985
9950
9994
9998
10000
9983
9970
9963
9982
9987
9992
9987
9979
9969
9991
9983
9985
9982
9984
9970
9975
9989
9989
9993
9982
9985
9987
9973
9980
9993
9968
9983
9980
9990
9987
9972
9965
9997
9994
9984
9982
9988
9983
9996
9987
9990
9986
9968
9995
9976
9980
9977
9962
9992
9991
9980
9994
9981
9995
9985
9984
9970
9986
9982
9991
9979
9986
9994
9961
9990
9981
9986
9990
9987
9983
9996
9995
9968
9978
9994
9973
9988
9995
9974
9943
9973
9976
9995
9984
9967
9979
9984
9990
9990
9971
9987
9976
9989
9991
9978
