9982
9978
9976
9987
9969
9989
9984
9987
9974
9990
9953
9969
9995
9981
9973
9995
9980
9984
9989
9981
9994
9966
9972
9970
9980
9997
9988
9984
9983
9996
9983
9996
9981
9973
9985
9988
9992
9989
9992
9945
9990
9980
9984
9990
9987
9988
9994
9966
9985
9970
9980
9987
9977
9996
9990
9991
9979
9982
9981
9991
9989
9970
9990
9984
9980
9981
9992
9994
9973
9996
9999
9987
9994
9995
9978
9999
9983
9982
9981
9995
9978
10000
9977
9995
9989
9978
9980
9968
9984
9992
9999
9969
9976
9977
9989
9995
9997
9980
9986
9988
9979
9985
9960
9992
9978
9990
9991
9997
9983
9976
9993
9989
9991
9992
9975
9958
9975
9995
9987
9977
9983
9975
9990
9990
9992
9990
9977
9988
9968
9982
9974
9995
9983
9980
9992
9982
9974
9994
9971
9975
9993
9995
9989
9991
9994
9991
9986
9986
9999
9981
9988
9984
9981
9997
9993
9978
9998
9984
9977
9987
9979
9980
9993
9991
9985
9991
9997
9951
9989
9976
9987
9960
9991
9988
9987
9977
9982
9977
9984
9994
9991
9976
9979
9988
9986
9985
9980
9993
9991
9984
9980
9976
9978
9988
9993
9991
9983
9985
9990
9988
9988
9977
9990
9990
9966
9990
9964
9981
9965
9990
9994
9988
9977
9975
9984
9998
9985
9989
9976
9988
9998
9992
9988
9981
9989
9985
9973
9994
9988
9991
9993
9989
9974
9992
9993
9996
9989
9984
9985
9990
9979
9992
9978
9996
9988
9982
9974
9979
9971
9995
9973
9993
9978
9997
9990
9982
9995
9961
9988
9981
9974
9967
9966
9980
9992
9975
9972
9988
9966
9984
9994
9971
9984
9984
9982
9964
9989
9994
9974
9989
9985
9988
9981
9973
9991
9994
9990
9970
9976
9966
9990
9965
9996
9990
9981
9974
9990
9988
9975
9991
9995
9982
9983
9978
9998
9977
9993
9991
9992
9979
9993
9988
9989
9995
9981
9983
9993
9982
9990
9975
9983
9992
9973
9984
9982
9992
9991
9977
9989
9978
9987
9997
9979
9977
9989
9989
9994
9990
9980
9981
9979
9984
9981
9969
9983
9980
9990
9970
9981
9990
9977
9976
9997
9989
9991
9991
9980
9987
9983
9982
9987
9979
10000
10000
9981
9983
9994
9980
9983
9981
9990
9985
9984
9981
9989
9991
9985
9970
9983
9985
9987
9989
9982
9990
9990
9991
9980
9985
9992
9980
9994
9975
9976
9980
9992
9991
9987
9994
9993
9990
9981
9964
9981
9994
9998
9991
9981
9998
9990
10000
9982
9993
9980
9982
9996
9982
9978
9982
9979
9987
9989
9991
9982
9986
9984
9990
9977
9977
9984
9974
9981
9996
9988
9976
9981
9976
9982
9978
9983
9970
9979
9978
9971
9984
9992
9992
9990
9993
9988
9996
9976
9994
9983
9983
9980
9988
9990
9987
9989
9994
9998
9981
9992
9972
9991
9986
9988
9982
9981
9995
9999
9984
9986
9984
9986
9978
9989
9987
9966
9990
9985
9992
9975
9980
9969
9978
9992
9981
9976
9994
9992
9994
9994
9976
9989
9991
9989
9993
9991
9985
9989
9991
9997
9989
9987
9983
9973
9980
9994
9977
9989
9989
9974
9978
9980
9981
9991
9993
9988
9992
9980
9990
9989
9987
9972
9983
9981
9992
9990
9980
9983
9953
9981
9973
9965
9983
9986
9979
9997
9968
9971
9993
9988
9978
9983
9994
9986
9970
9985
9994
9991
9970
9985
9978
9977
9994
9982
9988
9993
9991
9992
9977
9994
9987
9992
9988
9990
9988
9972
9999
9971
9992
9993
9977
9987
9984
9984
9990
9993
9982
9982
9990
9974
9995
9975
9976
9982
9972
9976
9976
9996
9992
9997
9991
9991
9988
9994
9988
9970
9976
9979
9987
9977
9970
9988
9983
9973
9989
9977
9970
9979
9991
9989
9994
9981
9975
9988
9978
9992
9990
9987
9983
9990
9966
9935
9994
9981
9979
9967
9982
9985
9985
9999
9992
9994
9989
9985
9990
9986
9964
9986
9992
9980
9992
9986
9992
9961
9991
9995
9986
9978
9976
9975
9996
9978
9988
9969
9991
9981
9980
9988
9987
9985
9983
9990
9987
9983
9995
9970
9994
9996
9987
9987
9974
9976
9967
9975
9987
9991
9998
9980
9966
9985
9986
9971
9982
9978
9973
9979
9993
9977
9984
9985
9989
9971
9988
9983
9984
9985
9987
9982
9989
9977
9976
9988
9992
9985
9972
9982
9995
9985
9986
9986
9950
9984
9978
9958
9988
9995
9993
9993
9967
9982
9981
9964
9988
9979
9988
9963
9994
9997
9967
9985
9995
9996
9998
9987
9985
9990
9981
9970
9990
9985
9983
9991
9987
9993
9993
9967
9992
9985
9984
9977
9975
9994
9985
9978
10000
9987
9987
9991
9984
9993
9980
9989
9969
9974
9991
9988
9981
9986
9979
9962
9980
9991
9990
9995
9989
9995
9986
9979
9984
9994
9971
9993
9986
9984
9985
9984
9989
9993
9987
9987
9985
9982
9978
9977
9984
9996
9994
9996
9979
9970
9998
9991
9995
9984
9969
9981
9972
9998
9983
9990
9991
9957
9984
9989
9990
9992
9976
9986
9986
9989
9990
9969
9988
9990
9983
9987
9994
9987
9983
9967
9985
9977
9994
9978
9991
9989
9990
9990
9989
9988
9986
9982
9978
9992
9995
9990
9990
9991
9988
9954
9997
9967
9987
9992
9975
9987
9975
9946
9964
9989
9993
9989
9990
9992
9980
9984
9983
9991
9972
9996
9977
9985
9974
9991
9977
9989
9972
9976
9972
9982
9964
9987
9991
9984
9980
9987
9998
9979
9968
9971
9985
9977
9986
9975
9982
9992
9989
9992
9989
9994
9977
9981
9993
9977
9993
9983
9986
9977
9986
9990
9991
9987
9989
9992
9987
9990
9984
9993
9980
9986
9979
9994
9986
9991
9994
9985
9992
9993
9989
9993
9987
9983
9977
9984
9989
9984
9981
9937
9997
9992
9992
9984
9994
9958
9981
9987
9983
9985
9980
9973
9999
9986
9992
9976
9987
9980
9974
9988
9981
9995
9986
9989
9996
9996
9990
9988
9978
9992
9982
9988
9993
9979
9985
9977
9993
9986
9990
9982
9990
9980
9989
9985
9986
9974
9995
9972
9991
9991
9994
9980
9992
9984
9991
9974
9999
9990
9996
