9977
9990
9985
9996
9982
9977
9987
9969
9995
9987
9993
9995
9990
9997
9994
9979
9996
9976
9995
9982
9982
9990
9993
9957
9974
9977
9987
9989
9990
9989
9989
9987
9990
9976
9989
9988
9987
9970
9988
9975
9987
9967
9982
9986
9986
9983
9996
9988
9994
9980
9982
9981
9961
9973
9965
9982
9989
9979
9992
9991
9994
9984
9983
9979
9991
9981
9982
9977
9980
9970
9988
9946
9987
9987
9982
9982
9979
9981
9999
9979
9993
9988
9976
9979
9989
9996
9985
9994
9986
9985
9986
9995
9994
9988
9980
9996
9982
9994
9980
9962
9984
9999
9980
9986
9986
9994
9988
9984
9976
9979
9994
9978
9985
9988
9994
9977
9977
9990
9968
9985
9973
9983
9972
9977
9987
9985
9989
9971
9972
9977
9987
9973
9981
9990
9974
9992
9980
9974
9987
9995
9986
9994
9995
10000
9983
9981
9990
9996
9994
9972
9987
9974
9964
9989
9990
9971
9995
9986
9981
9991
9986
9989
9973
9990
9997
9997
9995
9995
9983
9977
9977
9985
9985
9994
9983
9991
9996
9982
9991
9976
9976
9989
9986
9959
9970
9958
9976
9988
9966
9990
9990
9992
9988
9961
9985
9987
9986
9965
9987
9983
9989
9991
9991
9990
9962
9972
9981
9991
9973
9973
9963
9981
9977
9993
9993
9994
9990
9973
9976
9985
9981
9997
9973
9984
9979
9936
9998
9994
9980
9988
9983
9984
9982
9982
9988
9990
9985
9968
9962
9984
9981
9981
9984
9993
9992
9987
9990
9992
9952
9984
9970
9995
9976
9987
9993
9994
9982
9988
9984
9951
9980
9989
9994
10000
9995
9981
9998
9980
9987
9991
9993
9992
9975
9987
9974
9991
9997
9990
9966
9991
9971
9982
9987
9968
9994
9987
9989
9986
9976
9994
9976
9978
9992
9996
9988
9980
9992
9971
9989
9980
9975
9967
9979
9995
9978
9949
9979
9986
9963
9988
9993
9981
9978
9988
9941
9994
9973
9975
9975
9997
9983
9981
9981
9985
9991
9985
9988
9989
9981
9990
9978
9991
9950
9986
9976
9996
9971
9998
9997
9987
9993
9984
9999
9983
9994
9996
9995
9990
9974
9992
9993
9994
9994
9983
9994
9963
9975
9995
9982
9975
9983
9986
9979
9976
9961
9973
9974
9982
9993
9988
9995
9990
9982
9994
9992
9992
9981
9965
9993
9983
9971
9978
9987
9982
9992
9983
9986
9987
9982
9993
9988
9991
9977
9983
9974
9968
9982
9993
9964
9961
9985
9974
9990
9955
9984
9982
9989
9968
9985
9981
9995
9994
9993
9986
9976
9990
9975
9989
9990
9969
9977
9992
9969
9990
9976
9987
9984
9993
9987
9988
9974
9995
9999
9991
9986
9992
9990
9980
9955
9986
9964
9983
9983
9994
9990
9998
9986
9980
9989
9991
9991
9970
9988
9984
9979
9942
9980
9974
9980
9986
9982
9987
9993
9987
9982
9972
9992
9969
9983
9979
9986
9992
9978
9977
9987
9993
9988
9982
9957
9980
9987
9993
9996
9989
9988
9992
9974
9993
9993
9986
9997
9980
9996
9994
9965
9986
9991
9977
9990
9971
9985
9992
9998
9988
9974
9987
9990
9985
9992
9975
9996
9988
9981
9989
9992
9979
9983
9979
9987
9995
9990
9987
9972
9989
9992
9976
9988
10000
9989
9987
9983
9987
9974
9991
9983
9992
9987
9990
9992
9993
9990
9982
9975
9991
9991
9987
9986
9991
9996
9967
9977
9990
9988
9989
9994
9993
9989
9983
9957
9977
9989
9991
9986
9971
9983
9981
9985
9988
9992
9978
9976
9987
9988
9987
9984
9992
9973
9965
9990
9982
9996
9983
9991
9986
9988
9990
9989
9981
9997
9987
9992
9993
9992
9970
9991
9981
9980
9979
9989
9994
9992
9989
9982
9990
9964
9974
9981
9981
9975
9995
9985
9969
9990
9985
9991
9974
9975
9974
9993
9983
9985
9986
9982
9972
9971
9986
9983
9980
9987
9996
9994
9980
9966
9989
9994
9972
9974
9977
9982
9984
9992
9967
9992
9993
9990
9972
9992
9981
9981
9993
9991
9984
9982
9989
9983
9987
9992
9983
9983
9977
9995
9976
9992
9970
9961
9962
9992
9967
9996
9974
9993
9990
9990
9989
9988
9987
9990
9990
9989
9993
9985
9993
9994
9969
9992
9966
9993
9992
9991
9987
9976
9997
9997
9988
9993
9989
9977
9971
9996
9985
9973
9986
9962
9970
9984
9986
9984
9976
9977
9990
9983
9988
9991
9974
9990
9994
9993
9978
9982
9987
9995
9983
9991
9994
9987
9991
9980
9987
9995
9989
9984
9981
9977
9984
9972
9991
9972
9993
9995
9979
9967
9987
9988
9981
9976
9992
9974
9962
9983
9985
9988
9971
9987
9987
9987
9977
9982
9984
9992
9982
9984
9979
9993
9998
9991
9987
9983
9992
9990
9971
9989
9993
9973
9966
9986
9989
9991
9986
9998
9994
9978
9986
9978
9981
9987
9986
9987
9992
9992
9970
9984
9980
9973
9976
9990
9980
9974
9982
9988
9985
9995
9981
9983
9990
9995
9993
9989
9985
9959
9978
9989
9955
9973
9992
9989
9977
9992
9993
9995
9985
9986
9961
9984
9990
9985
9972
9984
9978
9968
9988
9989
9992
9983
9992
9981
9990
9981
9996
9984
9998
9987
9996
9981
9985
9976
9991
9972
9984
9990
9991
9985
9966
9977
9991
9995
9993
9994
9959
9981
9998
9981
9957
9978
9995
9960
9990
9991
9985
9990
9986
9994
9985
9970
9984
9984
9981
9980
9988
9988
9987
9981
9975
9997
9993
9985
9995
9977
9971
9992
9974
9976
9994
9989
9986
9988
9985
9991
9994
9982
9987
9989
9977
9974
9989
9981
9989
9991
9984
9992
9971
9983
9977
9992
9989
9993
9991
9995
9987
9994
9966
9982
9988
9991
9992
9985
9970
9997
9988
9962
9990
9981
9989
9997
9979
9990
9983
9982
9978
9979
9989
9987
9997
9994
9996
9981
9987
9991
9975
9975
9980
9984
9979
9978
9976
9988
9993
9989
9971
9984
9993
9980
9996
9988
9977
9985
9994
9987
9970
9991
9984
9991
9989
9961
9994
9970
9991
9995
9989
9978
9983
9991
9982
9972
9984
9997
9972
9987
9985
9970
9983
9994
9982
9977
9982
9972
9970
9994
9981
9974
9970
