9990
9994
9980
9975
9981
9986
9992
9990
9984
9986
9993
9986
9986
9977
9989
9969
9966
9975
9986
9970
9982
9984
9971
9975
9985
9967
9985
9989
9983
9974
9999
9985
9985
9983
9989
9987
9981
9997
9986
9992
9994
9994
9975
9990
9990
9979
9969
9985
9979
9990
9989
9991
9993
9978
9981
9975
9981
9979
9987
9985
9979
9987
9992
9980
9986
9967
9996
9961
9991
9987
9996
9990
9993
9983
9989
9974
9989
9975
9976
9980
9991
9977
9970
9986
9968
9994
9991
9984
9982
9982
9973
9986
9982
9991
9994
10000
9989
9984
9979
9984
9995
9979
9991
9985
9993
9981
9991
9993
9992
9977
9970
9982
9988
9916
9975
9994
9990
9999
9975
9976
9979
9982
9988
9978
9997
9985
9990
9972
9984
9997
9981
9977
9975
9994
9998
9988
9974
9989
9982
9976
9984
9986
9989
9980
9983
9987
9976
9985
9980
9975
9994
9991
9988
9984
9991
9996
9997
9986
9980
9997
9974
9979
9994
9973
9989
9991
9992
9978
9985
9979
9996
9980
9969
9995
9994
9980
9982
9973
9994
9974
9984
9987
9987
9987
9986
9983
9994
9961
9989
9980
9990
9996
9989
9987
9998
9993
9990
9988
9990
9993
9968
9984
9997
9974
9978
9971
9974
9993
9975
9976
9982
9971
9981
9990
9983
9953
9994
9987
9987
9987
9981
9989
9977
9977
9979
9996
9982
9979
9985
9996
9996
9990
9995
9961
9972
9977
9989
9987
9978
9979
9964
9991
9994
9988
9973
9992
9992
9994
9975
9978
9973
9985
9982
9979
9986
9976
9963
9971
9976
9961
9993
9979
9982
9974
9986
9983
9974
9975
9990
9991
9987
9985
9987
9984
9985
9994
9981
9999
9991
9991
9994
9985
9996
9993
9986
9980
9995
9991
9980
9980
9990
9978
9978
9988
9985
9964
9974
9978
9974
9989
9973
9985
9980
9971
9982
9990
9989
9981
9983
9987
9988
9986
9981
9985
9980
9981
9992
9984
9978
9990
9972
9983
9961
9990
9981
9982
9989
9975
9997
9987
9991
9982
9988
9971
9992
9989
9986
9975
9959
9995
9986
10000
9986
9984
9976
9989
9980
9984
9986
9965
9988
9989
9971
9986
9990
9985
9979
9988
9989
9979
9984
9982
9984
9990
9984
9985
9989
9980
9995
9984
9985
9993
9987
9996
9992
9986
9987
9995
9987
9998
9983
9991
9978
9997
9990
9977
9987
9982
9984
9988
9989
9999
9996
9984
9978
9987
9973
9982
9989
9976
9990
9977
9987
9986
9986
9996
9984
9989
9991
9980
9980
9991
9979
9989
9971
9963
9951
9985
9983
9985
9967
9990
9995
9988
9988
9986
9988
9993
9989
9988
9992
9987
9973
9971
9995
9994
9994
9981
9982
9993
9965
9967
9972
9984
9987
9994
9980
9995
9992
9977
9989
9974
9992
9990
9973
9991
9989
9991
9984
9965
9994
9995
9972
9984
9981
9986
9978
9987
9992
9988
9968
9989
9991
9998
9993
9989
9987
9984
9968
9988
9982
9976
9983
9975
9974
9980
9974
9989
9987
9968
9987
9988
9990
9976
9999
9984
9976
9983
9982
9983
9994
9995
9990
9980
9995
9982
9956
9973
9975
9984
9981
9984
9973
9980
9993
9974
9984
9991
9995
9993
9992
9980
9994
9959
9989
9977
9986
9992
9981
9992
9989
9955
9974
9985
9997
9970
9992
9986
9982
9997
9983
9991
9988
9976
9971
9992
9989
9994
9990
9980
9997
9988
9988
9977
9984
9993
9991
9987
9994
9972
9979
9965
9986
9987
9987
9966
9991
9991
9987
9995
9994
9994
9989
9982
9986
9991
9992
9980
9997
9970
9987
9976
9973
9978
9995
9987
9991
9992
9989
9991
9980
9980
9974
9989
9997
9994
9989
9961
9977
9985
9982
9987
9985
9982
9982
9980
9980
9980
9982
9975
9993
9978
9981
9987
9980
9976
9987
9988
9992
9982
9989
9975
9977
9991
9983
9982
9989
9983
9994
9982
9971
9993
9995
9996
9987
9994
9982
9981
9985
9977
9980
9987
9989
9983
9988
9986
9988
9984
9990
9976
9979
9974
9963
9990
9989
9989
9988
9989
9984
9987
9992
9977
9979
9990
9985
9980
9975
9987
9995
9982
9977
9989
9994
9992
9973
9986
9985
9970
9970
9979
9990
9989
9981
9973
9980
9978
9994
9983
9985
9989
9975
9966
9981
9989
9972
9977
9986
9985
9981
9990
9978
9985
9980
9991
9991
9988
9969
9977
9965
9993
9975
9974
9983
9988
9999
9977
9988
9983
9974
9991
9972
9995
10000
9984
9982
9968
9982
9986
9958
9981
9986
9992
9989
9988
9991
9994
9981
9986
9995
9980
9982
9995
9975
9992
9980
9988
9982
9979
9989
9981
9984
9983
9989
10000
9992
9990
9989
9989
9987
9994
9983
9986
9990
9992
9983
10000
9988
9955
9997
9990
9987
9993
9987
9980
10000
9994
9971
9989
9975
9981
9987
9984
9983
9988
9995
9987
9991
9980
9972
9982
9992
9985
9965
9987
9996
9987
9981
9986
9991
9990
9982
9985
9993
9987
9977
9987
9984
9990
9993
9973
9990
9999
9976
9979
9979
9960
9978
9979
9974
9984
9973
9998
9973
9987
9995
9996
9996
9981
9983
9983
9981
9991
9993
9983
9970
9980
9980
9987
9990
9991
9977
9995
9965
9981
9977
9997
9990
9985
9986
9966
9933
9980
9981
9992
9983
9980
9980
9992
9982
9987
9975
9991
9973
9995
9969
9989
9982
9994
9971
9981
9973
9988
9985
9979
9986
9984
9968
9986
9983
9989
9998
9990
9982
9986
9982
9979
9995
9987
9961
9977
9989
9983
9995
9990
9983
9983
9995
9987
9988
9991
9992
9993
9979
9990
9958
9988
9990
9984
9991
9989
9992
9978
9996
9986
9990
9993
9983
9982
9989
9981
9977
9989
9991
9996
9986
9977
9983
9996
9987
9990
9997
9983
9985
9962
9979
9994
9991
9995
9984
9993
9981
9983
9993
9988
9982
9997
9977
9990
9990
9972
9986
9991
9990
9984
9981
9980
9988
9983
9984
9995
9983
9997
9984
9991
9969
9986
9986
9992
9983
9987
9974
9993
9982
9990
9977
9994
9976
9959
9980
9971
9990
9993
9972
9987
9996
9975
9961
9992
9988
9980
9969
9978
9987
9980
9988
9984
9995
9997
9984
9978
