9915
9988
9910
9966
9240
9843
9810
9947
9981
9967
9952
9757
9977
9267
9985
9915
9972
9985
9989
9761
9915
9496
9757
9713
9946
9989
9981
9838
9990
10000
10000
9912
9884
9986
9817
9951
9992
9989
9982
9922
9864
9433
9980
9949
9977
9987
9988
9984
10000
9993
9849
9782
9917
9842
9756
9578
9988
9970
9639
9956
9770
9496
9941
9957
9930
9985
9977
9931
9910
9920
10000
9918
9987
9824
9919
9874
10000
9958
9977
9710
10000
9723
9989
9997
9621
9998
9964
9989
9891
9987
9987
9948
9849
9981
9640
9946
9983
9872
9948
10000
9975
9990
9664
10000
9760
9554
9937
9961
10000
9973
9632
10000
9606
10000
9607
9306
9876
9960
9849
9968
9858
9942
9955
9860
9915
9979
10000
9980
9982
9928
9990
9971
9935
9449
9956
9971
9717
9895
10000
9847
10000
9762
9954
9976
10000
9769
9986
9956
9703
9983
9888
9782
9888
9723
9975
9892
9874
9780
9972
9878
9964
9916
10000
9985
9869
10000
10000
9939
9947
9826
9595
9786
9890
9418
9868
9841
9896
9397
9881
9897
9991
9934
9919
9873
9797
9941
9661
9830
9535
9757
9899
9911
9754
9947
9945
9919
9806
9809
10000
9897
9989
9947
9555
9941
9754
9948
9967
9999
9483
9752
10000
9900
9594
9977
9956
9801
9783
9527
10000
10000
9916
10000
9969
9977
9756
9907
9798
9908
9927
9905
9637
9988
9370
9950
9935
9965
9606
9516
9892
9908
9994
10000
10000
9912
9527
9997
9796
9986
9980
9898
9958
9985
9656
10000
10000
9984
9992
9992
9994
9717
9959
9984
9589
10000
9743
9789
9737
9931
9597
9988
9809
9950
9977
9872
9909
9990
9965
9805
9909
9991
9958
10000
9967
9979
9989
9780
9545
9847
9192
9992
9814
9612
9884
9805
9985
9992
9744
9580
9907
9906
9808
9901
9945
9969
9906
10000
9665
9942
9949
9962
9980
9968
9958
9982
9971
9898
9808
9978
9978
9942
9886
9663
9645
9907
9901
9675
9956
9399
9988
9796
9819
9644
9611
9920
9763
9971
9934
9941
9916
9600
9497
9949
9990
10000
9967
9960
9940
9979
9654
9986
9993
9293
9990
9965
9907
9997
9986
9398
9841
9798
9960
9947
9982
9923
9947
9964
9948
9991
10000
9537
10000
10000
9844
9734
10000
9996
9982
9718
9976
9949
10000
9884
9969
9956
9781
9965
9844
9875
9840
9944
10000
9948
9847
9992
9990
9878
9983
9949
9953
9967
9985
9672
9944
9994
9919
9634
9983
9924
9933
9981
9778
9987
9991
10000
9936
9889
9973
10000
9983
10000
10000
9976
9979
9834
9969
10000
9831
9815
9939
9255
9933
9916
9950
9974
9760
9967
9981
9962
9847
9669
10000
9991
9633
9985
9876
9877
9864
9875
9845
9966
10000
9980
9875
9981
9539
9960
9942
9997
9999
9712
9967
9948
9962
9990
9967
9868
9983
9959
9967
10000
9950
9974
10000
9977
10000
10000
9954
9968
10000
9972
9953
9478
9653
9892
9900
9831
10000
9935
10000
10000
9915
9948
9909
9992
9968
9406
9879
9835
9795
9944
9520
9573
9976
9771
9945
9975
9983
9969
9962
10000
9809
9954
9964
9982
9598
9686
9923
9663
9912
9980
9820
9923
9983
9392
9802
9987
9925
9167
9567
9100
9986
9853
9962
9404
9813
9541
9978
9692
9954
9980
9769
9852
9879
9702
9976
10000
9743
9993
9982
9733
9828
9972
9934
10000
9960
9946
9871
9953
10000
9974
9984
9965
9960
9694
9662
9592
9898
9984
9909
9971
9992
9996
9982
9961
9537
9984
9914
9396
10000
9991
9771
9950
9990
9870
9764
9022
9953
9982
9660
9639
9850
9985
9951
9979
9972
9897
9821
9755
9987
9541
9919
9979
9964
9769
9840
9971
10000
9713
9909
9833
9954
9617
9984
9967
9977
9669
9971
9954
9976
9876
9722
9983
10000
9763
9975
9937
9616
9896
9804
10000
9990
9688
9902
9951
9709
10000
9771
9987
9977
9980
9977
9927
10000
9950
9959
10000
9779
9930
9950
9817
9857
9978
9831
9488
9965
9583
9976
9963
9992
9959
9775
9937
10000
9885
9737
9442
9709
9439
9709
10000
9903
9854
9982
9962
9928
9971
9820
9825
9999
9967
10000
10000
9854
9763
9826
9595
9847
9979
9983
9959
9973
9231
9985
9457
9860
10000
9948
10000
9978
9939
9981
9694
9964
9789
9863
10000
9866
9975
9953
9765
9939
9941
9953
9893
9928
9614
9891
9693
9972
9964
9982
9949
9975
9946
9609
9949
9954
9598
9992
9962
9958
9983
9873
9960
9810
9944
9951
9590
9966
9947
9572
9983
9525
9917
9567
9941
9987
9410
9977
9985
9992
9504
9951
9735
9974
9715
9952
9077
10000
9983
9828
10000
9969
9935
9685
9975
9972
10000
9963
9973
9963
9863
10000
9993
9835
9915
9713
9523
10000
9891
9961
9981
9916
9705
9831
9994
10000
9728
9987
9282
9915
9720
9849
9991
9812
9451
10000
9908
10000
9735
9793
10000
9959
9991
9549
9979
9855
9984
9964
9965
9834
9698
9780
9929
9693
9902
9762
9845
9972
9957
9911
9946
9745
9980
9983
9805
9260
9982
9896
9880
9322
9977
9963
9556
10000
9992
10000
9970
9930
9771
9964
9947
9871
9950
9171
9990
9770
9838
9965
9987
9414
9979
10000
9906
9827
9979
9988
9814
9769
9978
9992
9984
9973
9674
9837
9944
9940
9931
9737
9945
9910
9975
9982
9953
9694
9792
9835
9980
9984
9650
9972
9992
9517
9984
9634
9962
9340
10000
10000
9929
9979
9977
10000
9788
9827
10000
9568
9968
10000
9954
9990
9960
9530
9746
9996
9696
9949
9935
9643
9985
9812
9763
9555
9985
9574
9927
9773
9458
9838
9893
9966
10000
9966
9901
9989
9986
9987
9602
9948
10000
9919
9937
9911
9992
9961
9376
9987
9979
9984
9956
9898
9920
9750
9675
9919
9726
10000
9935
9887
9914
9959
9932
9946
9852
9778
9799
9985
9782
9740
9903
9927
9734
9969
9975
9842
9930
9943
9820
9986
9524
9937
9583
9969
9978
9960
9737
9670
9808
9855
9988
9839
9965
9925
9742
9979
10000
9909
9944
9551
9970
9802
9966
10000
9984
9957
9636
10000
9986
9989
9995
