9978
9916
9956
9979
9950
9678
9955
9903
9823
9819
9980
10000
9977
9967
9978
9990
9806
9710
9970
9984
9792
9939
10000
9999
9967
9892
9989
9958
9867
9594
9861
9982
9655
9869
9965
9968
9980
9960
9754
9960
9978
9883
9983
9976
9969
9752
9953
9981
9992
9988
9896
9982
9984
9992
9950
10000
9973
10000
9978
9981
9954
9915
9952
9987
9780
9936
9966
9992
9954
9985
9797
9979
9994
9924
9881
9941
9956
9981
9977
9954
9988
9828
9816
9971
9957
9985
9859
9988
10000
9970
9970
9983
9883
9899
9975
9680
9974
9983
9986
9979
9971
9968
9527
9756
9958
9886
9952
9930
9982
9990
9990
9956
9929
9984
9965
9948
10000
9952
9935
9979
9927
9861
9980
9985
9982
9535
9782
10000
9977
9802
9991
9986
9859
9782
9983
9933
9987
9954
9933
9639
10000
9766
9957
9967
9632
9968
9998
9997
9978
9988
9987
9931
9982
9936
9980
9948
9867
9865
9988
9875
9992
9975
9965
9939
9929
9986
9969
9643
9973
9992
9968
9989
9935
9946
9865
9951
9898
9871
9969
9950
9979
9980
9983
9472
9972
9957
9987
10000
9869
9983
9984
9837
9925
9857
9982
9976
9989
9690
9874
9992
10000
9958
9961
9844
9987
9969
9617
9966
9979
9980
9926
9875
9990
9871
9991
9953
9815
9431
9665
9984
9942
9973
9965
9965
9985
9984
9972
9961
9973
9983
9557
9987
10000
9875
9875
9880
9973
10000
9941
9950
9947
9960
9973
9743
9767
9987
9996
9992
9757
9789
9871
9936
9985
9958
9976
9989
9795
9961
9991
9965
9970
9971
9989
9976
9896
9970
9957
9990
9974
9988
9749
9969
9965
9856
9893
9974
9988
9916
9862
9988
9913
9983
9976
9756
9971
9985
9809
9895
9697
9892
9991
9770
9901
9744
10000
9965
9951
9984
9974
9970
9980
9968
9969
9959
9988
9984
9986
9855
9916
9963
9935
9986
9903
9979
9987
9964
9739
9933
9868
9998
9999
9971
9989
9909
9879
9962
9990
9969
9885
9973
9924
9900
9849
9943
9968
9983
9943
9949
9930
9999
9991
9961
9842
9987
9985
9986
10000
9891
9981
9860
9978
9833
9646
9961
9820
9612
9980
9895
9845
9950
9996
9926
9945
9988
9950
9990
9961
9686
9979
9972
9953
9842
9956
9984
9979
9845
10000
9904
9836
9704
9751
9902
9958
9891
9984
9797
9953
9971
9903
9894
9944
9995
9771
9977
9996
9860
9985
9961
9905
9964
9993
9982
9650
9998
9952
9874
10000
9958
9988
9968
9971
9976
9993
9989
9973
9981
9993
9953
9943
9935
9947
9925
9985
9969
9966
9984
9978
9948
9959
9977
9838
9936
9896
9981
10000
9766
9971
9975
9917
9968
9942
9958
9971
9748
9980
9988
9920
9887
9936
9833
9944
9960
9759
9745
9976
9918
9691
9917
9988
9943
9892
9987
9947
9980
9944
9955
9913
9960
9984
9943
9957
9771
9876
9843
9951
10000
9889
9722
9989
9980
9996
9878
9594
9978
9972
10000
9671
9922
9950
9873
9813
9980
9778
9982
9911
9702
9964
9960
9730
9981
9848
10000
9885
9728
9977
9889
9967
9992
9934
9970
9983
9773
9993
9982
9971
9958
9936
9987
9961
9914
9959
9850
9962
9944
9945
9969
9956
9663
9982
9956
9965
9995
9985
9669
9987
9902
9985
9935
9953
9973
9953
9949
9970
9862
9963
9976
9987
9811
9978
9966
10000
9989
9979
9719
9945
9919
9967
9643
9835
9979
9792
9975
9894
9996
9958
9935
9821
9939
9790
9862
9994
9967
9828
9919
9933
9998
9775
9983
9994
9971
9991
9987
9964
9994
9985
9986
9980
9580
9911
9728
9914
9985
9949
9990
9821
10000
9887
9958
9985
10000
9913
9878
9984
9655
9588
9988
9980
9770
9965
9991
9947
9986
9993
9971
9989
9974
9992
9984
10000
9981
9774
9971
10000
9995
9758
9799
9985
9984
9912
9938
10000
9980
9709
9984
9966
9961
9973
9975
9994
9958
9992
9708
9962
9936
9964
9680
9985
9843
9979
9860
9978
9929
9970
9970
9768
9844
9845
9984
9868
9972
9687
9924
9927
9983
9892
9502
9988
9922
9833
10000
9984
9650
9981
9985
9985
9849
9908
9980
9736
9988
9982
9885
9968
9976
10000
10000
9986
9970
9952
9973
9952
9979
9931
9981
9992
9992
9731
9981
9998
9992
9943
9976
9953
9576
9701
9887
9800
9785
9990
9986
9830
9663
9993
9976
9954
9990
9863
9989
9996
9626
9621
9954
9952
9971
9984
9976
9969
9973
9646
9968
9977
9988
9978
9883
9970
9987
9976
9981
9908
9988
9946
9959
9994
9925
9976
9984
9949
9989
9916
9948
9982
9950
9582
9948
9985
9988
9981
9991
9974
9935
9989
9712
9952
9991
9983
9992
9964
9985
9983
9798
9642
9990
9978
9918
9682
9905
9838
9955
10000
9848
9974
9928
9941
9864
9992
9993
9993
9990
9964
9984
9976
9899
9929
9973
9967
9866
9933
9776
9762
9980
9922
9967
9787
9990
9822
9933
9991
9870
9580
9972
9988
9782
9973
10000
9973
9970
9995
9984
9657
9978
9985
9985
9984
9960
9890
10000
9926
9985
9872
10000
9977
9930
9970
9948
9978
9990
9885
9978
9741
9972
9997
9980
9754
9988
9975
9984
9990
9782
9984
9940
9976
9891
9872
9800
9918
9825
9978
9775
9930
9800
10000
9974
9947
9961
9995
9964
10000
9983
9894
9909
9866
9936
9889
9982
9987
10000
9989
9860
9971
9982
9976
9991
10000
9956
9971
9813
9968
9961
9986
9957
9955
9933
9984
9809
10000
9898
9984
9979
9939
9971
9958
9985
9846
9871
9949
9917
10000
9937
9905
9936
9939
9971
9992
9820
9901
9828
9935
9740
9987
9996
9966
9942
9977
9943
9979
9914
9846
9966
9953
9707
9990
9936
9975
9980
9995
9891
9968
9998
9971
9991
9930
9967
9915
9980
9995
9964
9754
9985
9984
9693
9980
9560
9769
9916
9980
9911
9762
9978
9934
9962
9624
9979
9883
9968
10000
9507
9912
9959
9971
9577
9980
9993
9978
9762
9986
9987
9727
9601
9995
9989
9946
9999
9943
9976
9971
9801
9991
9850
9947
9957
9915
9966
9869
9888
9981
9941
9875
9978
9954
9867
