10000
9992
10000
10000
10000
10000
10000
10000
10000
10000
10000
10000
10000
10000
10000
10000
10000
10000
10000
9998
10000
10000
10000
10000
10000
10000
10000
10000
9999
10000
10000
10000
10000
9997
10000
10000
10000
9996
10000
10000
10000
10000
10000
10000
10000
10000
10000
10000
10000
10000
10000
10000
10000
10000
10000
10000
10000
10000
10000
10000
9997
10000
10000
10000
10000
10000
10000
10000
10000
10000
10000
10000
10000
10000
10000
10000
9998
10000
10000
10000
9969
9989
10000
9986
10000
10000
10000
10000
10000
9988
10000
10000
10000
10000
10000
10000
10000
10000
10000
10000
10000
10000
10000
10000
10000
10000
10000
9992
10000
10000
10000
10000
10000
10000
10000
10000
10000
10000
10000
10000
10000
9997
9999
10000
10000
10000
10000
10000
10000
10000
10000
10000
10000
9989
10000
10000
10000
10000
10000
10000
10000
10000
10000
10000
9967
10000
10000
10000
10000
10000
10000
10000
10000
10000
10000
10000
10000
10000
10000
10000
10000
10000
10000
10000
10000
10000
10000
10000
10000
10000
10000
10000
10000
10000
10000
10000
10000
10000
9999
10000
10000
10000
10000
10000
10000
10000
10000
10000
10000
10000
10000
10000
10000
10000
10000
10000
9998
10000
9968
10000
10000
10000
9998
10000
10000
9999
10000
10000
10000
9967
10000
10000
10000
10000
10000
10000
10000
10000
10000
10000
10000
10000
10000
10000
10000
10000
10000
10000
10000
10000
10000
10000
9996
10000
10000
10000
10000
10000
10000
10000
10000
10000
10000
10000
10000
10000
10000
9975
10000
10000
10000
10000
10000
10000
10000
10000
10000
10000
10000
10000
10000
10000
9985
10000
10000
10000
10000
10000
10000
9967
9989
10000
10000
9987
10000
10000
10000
10000
10000
10000
9996
10000
10000
10000
9971
10000
10000
10000
10000
10000
9994
10000
10000
10000
10000
10000
10000
10000
10000
10000
10000
10000
9999
10000
9979
10000
10000
10000
10000
10000
10000
10000
10000
9998
10000
10000
10000
10000
10000
10000
10000
10000
10000
10000
10000
9961
10000
9997
10000
10000
10000
10000
10000
10000
10000
10000
10000
10000
10000
10000
10000
10000
10000
10000
10000
9994
10000
10000
10000
10000
10000
10000
10000
9990
9994
10000
10000
10000
10000
10000
9971
10000
10000
9982
10000
10000
9998
10000
10000
10000
10000
10000
9999
10000
10000
10000
10000
10000
10000
9996
9997
10000
10000
10000
10000
10000
10000
10000
10000
10000
10000
9991
10000
10000
10000
10000
10000
10000
10000
10000
10000
9975
10000
9996
10000
10000
10000
10000
10000
10000
10000
9999
10000
9999
10000
10000
10000
9979
10000
10000
9981
10000
10000
9989
10000
10000
10000
10000
10000
10000
10000
10000
10000
10000
10000
10000
10000
10000
10000
10000
10000
10000
10000
10000
10000
10000
10000
10000
10000
10000
10000
10000
10000
10000
10000
10000
10000
9977
10000
10000
10000
10000
9999
10000
10000
10000
10000
10000
10000
10000
10000
10000
9983
10000
10000
10000
10000
10000
10000
10000
10000
10000
10000
10000
10000
10000
10000
10000
10000
10000
10000
10000
10000
10000
9999
10000
10000
10000
10000
10000
10000
10000
10000
10000
10000
10000
10000
10000
10000
10000
10000
10000
10000
9987
10000
10000
10000
10000
10000
10000
10000
10000
10000
10000
10000
10000
10000
10000
10000
10000
9997
10000
9993
10000
10000
10000
10000
10000
10000
10000
10000
10000
10000
10000
9990
10000
10000
10000
10000
10000
9998
10000
9997
9988
10000
10000
10000
10000
10000
10000
10000
10000
10000
10000
10000
10000
10000
10000
10000
10000
10000
10000
10000
10000
10000
10000
10000
10000
10000
10000
9995
10000
10000
10000
10000
10000
10000
10000
10000
9988
10000
10000
9997
10000
10000
10000
9990
10000
10000
10000
9985
10000
10000
10000
10000
10000
10000
9997
10000
10000
10000
10000
10000
10000
10000
10000
10000
10000
9999
10000
10000
9992
10000
10000
10000
10000
10000
10000
10000
10000
10000
10000
10000
10000
10000
10000
10000
10000
10000
9995
10000
10000
10000
9997
10000
10000
10000
10000
10000
10000
10000
10000
10000
10000
10000
10000
10000
10000
10000
10000
10000
10000
10000
10000
10000
10000
10000
10000
9992
10000
10000
10000
10000
10000
10000
10000
10000
10000
9988
10000
10000
10000
10000
9991
10000
10000
10000
10000
10000
10000
10000
10000
9986
10000
10000
10000
10000
10000
10000
10000
10000
10000
10000
10000
10000
10000
10000
10000
10000
10000
10000
10000
9993
10000
10000
10000
10000
10000
10000
10000
9991
10000
10000
10000
10000
10000
9995
10000
10000
10000
10000
10000
10000
10000
10000
10000
10000
10000
10000
10000
10000
10000
10000
10000
10000
10000
10000
10000
10000
10000
10000
10000
10000
10000
10000
10000
10000
10000
10000
9980
10000
10000
10000
10000
10000
10000
10000
10000
10000
10000
10000
9984
10000
10000
10000
10000
9998
10000
10000
10000
10000
10000
10000
9983
10000
10000
10000
10000
10000
10000
10000
10000
10000
10000
10000
10000
10000
10000
10000
10000
10000
10000
10000
10000
10000
10000
10000
10000
10000
10000
10000
10000
10000
10000
10000
10000
10000
10000
10000
10000
10000
10000
10000
10000
10000
10000
10000
9989
9984
10000
10000
10000
10000
9998
10000
10000
10000
10000
10000
10000
10000
10000
10000
10000
9997
10000
10000
10000
9973
10000
10000
10000
9994
10000
9998
10000
10000
10000
10000
9982
10000
10000
10000
10000
10000
10000
10000
10000
10000
10000
10000
10000
9999
10000
10000
10000
10000
10000
9997
10000
10000
10000
10000
10000
10000
10000
10000
10000
10000
10000
10000
10000
10000
10000
10000
9998
10000
10000
10000
10000
10000
10000
10000
10000
10000
10000
10000
10000
10000
10000
10000
10000
10000
10000
10000
10000
10000
10000
10000
10000
10000
9998
10000
10000
10000
10000
9989
10000
9991
10000
10000
10000
10000
10000
10000
9979
10000
10000
10000
10000
10000
10000
10000
10000
10000
10000
10000
10000
10000
10000
10000
10000
10000
10000
10000
10000
9985
10000
10000
10000
10000
10000
10000
10000
10000
9998
9989
10000
10000
10000
10000
10000
10000
10000
10000
10000
10000
10000
10000
10000
10000
10000
10000
10000
9982
10000
10000
10000
10000
10000
10000
10000
10000
10000
10000
10000
9999
10000
10000
10000
