9954
9984
9989
9967
9981
9988
9973
9985
9990
9984
9989
9999
9979
9973
9971
9988
9989
9972
9974
9981
9970
9993
9981
9995
9974
9988
9994
9968
9982
9992
9993
9982
9987
9988
9971
9993
9983
9993
9996
9987
9994
9966
9970
9973
9984
9988
9971
9979
9994
9985
9990
9980
9997
10000
9983
9983
9978
9983
9985
9997
9994
9962
9992
9964
9977
9988
9990
9993
9971
9981
9973
9963
9972
9990
9997
9976
9997
9998
9991
9998
9983
9968
9980
9971
9983
9989
9990
9965
9988
9985
9992
9989
9992
9996
9954
9986
9978
9984
9969
9969
9985
9985
9990
9977
9991
9978
9970
9986
9990
9997
9980
9988
9994
9976
9992
9986
9977
9973
9972
9989
9987
9989
9984
9992
9987
9964
9992
9984
9996
9978
9992
9972
9978
9987
9992
9986
9992
9982
9991
9996
9982
9968
9967
9964
9987
9985
9985
9977
9987
9991
9968
9990
9982
9975
9993
9968
9981
9968
9991
9973
9986
9998
9981
9987
9985
9984
9983
9999
9989
9983
9979
9970
9983
9997
9982
9983
9983
9983
9980
9994
9972
9995
9982
9991
9992
9976
9981
9989
9980
9984
9980
9985
9986
9969
9982
9993
9982
9985
9989
9978
9969
9993
9974
9957
9996
9989
10000
9981
9993
9990
9982
9992
9988
9984
9989
9977
9990
9988
9986
9977
9988
9981
9996
9981
9981
9999
9978
9970
9990
9995
9981
9994
9961
9987
9988
9981
9994
9983
9989
9991
9970
9979
9980
9970
9998
9980
9974
9984
9993
9993
9980
9988
9991
9983
9994
9992
9987
9984
9981
9994
9991
9971
9992
9981
9994
9975
9992
9997
9994
9987
9989
9996
9989
9959
9982
9997
9951
9981
9991
9987
9977
9974
9986
9995
9983
9965
9981
9996
9986
9990
9995
9974
9981
9987
9986
9990
9987
9984
9992
9988
9988
9983
9969
9984
9962
9973
9984
9982
9977
9968
9986
9990
9983
9987
9981
9990
9981
9985
9993
9989
9968
9990
9987
9993
9996
9982
9979
9984
9968
9996
9989
9976
9987
9997
9988
9988
9970
9992
9987
9993
9996
9987
9976
9978
9965
9987
9989
9968
9978
9973
9987
9990
9985
9995
9994
9977
9996
9980
9984
9974
9965
9983
9994
9986
9988
9984
9980
9983
9970
9983
9995
9975
9983
9979
9978
9985
9981
9976
9985
9988
9961
9992
9985
9983
9988
9994
9995
9987
9991
9977
9991
9981
9984
9987
9989
9988
9987
9979
9979
9994
9998
9984
9988
9980
9992
9975
9990
9995
9985
9991
9973
9973
9975
9993
9974
9994
9990
9999
9983
9986
9996
9980
9977
9989
9985
9978
9995
9980
9998
9983
9982
9992
9989
9994
9990
9993
9980
9980
9987
9986
9990
9984
9976
9973
9979
9977
9988
9980
9974
9969
9993
9993
9979
9975
9975
9978
9986
9992
9988
9996
9992
9983
9985
9988
9995
9985
9994
9987
9983
9986
9997
9978
9988
9986
9969
9981
9980
9985
9957
9992
9991
9987
9982
9996
9981
9982
9985
9965
9989
9968
9991
9971
9992
9992
9986
9983
9966
9987
9984
9999
9993
9988
9976
9995
9992
9988
9994
9974
9979
9982
9978
9975
9997
9993
9974
9993
9987
9977
9977
9983
9987
9995
9985
9986
9988
9992
9990
9982
9973
9971
9992
9985
9987
9982
9989
9992
9999
9986
9995
9986
9987
9988
9997
9981
9990
9979
9975
9990
9986
9990
9976
9990
9977
9985
9987
9985
9974
9984
9967
9986
9977
9993
9995
9984
9988
9978
9993
9975
9987
9978
9991
9984
9986
9978
9997
10000
9986
9974
9987
9964
9980
9984
9993
9979
9960
9973
9988
9994
9994
9981
9984
9973
9981
9989
9999
9995
9972
9993
9971
9993
9990
9981
9983
9993
9987
9986
9978
9969
9989
9973
9990
9974
9976
9994
9995
9979
9992
9997
9997
9984
9987
9983
9981
9977
9989
9982
9999
9992
9977
9988
9963
9974
9984
9994
9976
9986
9991
9986
9977
9987
9994
9984
9990
9994
9996
9978
9994
9993
9983
9994
9984
9986
9993
9980
9989
9988
9998
9977
9996
9990
9989
9990
9980
9994
9982
9989
9986
9990
9993
9984
9979
9972
9980
9966
9990
9989
9987
9984
9988
9983
9994
9990
9985
9997
9993
9989
9989
9993
9984
9989
9989
9980
9982
9988
9960
9974
9970
9982
9989
9991
9978
9986
9992
9993
9981
9993
9985
9990
9980
9981
9998
9979
9975
9996
9988
9994
9976
9991
9973
9987
9985
9995
9984
9989
9985
9976
9988
9989
9998
9998
9974
9973
9976
9976
9989
9990
9976
9979
9996
9993
9974
9989
9982
9982
9969
9973
9980
9984
9984
9984
9988
9983
9986
9998
9990
9990
9992
9988
9984
9981
9973
9986
9991
9971
9986
9957
9992
9992
9985
9987
9991
9976
9976
9995
9987
9990
9989
9979
9980
9995
9982
9975
9993
9961
9989
9986
9986
9943
9985
9993
9966
9989
9991
9964
9994
9988
9993
9986
9981
9992
9989
9977
9979
9969
9984
9978
9994
9994
9990
9992
9989
9982
9998
9973
9988
9986
9974
9995
9970
9987
9964
9980
9989
9972
9989
9990
9994
9982
9989
9965
9990
9988
9982
9978
9987
9990
9982
9987
9999
9987
9994
9983
9994
9974
9981
9987
9993
9983
9987
9982
9981
9996
9987
9959
9989
9969
9984
9968
9984
9993
9979
9986
9996
9984
9982
9974
9967
9993
9967
9991
9976
9989
9985
9971
9969
9961
9981
9994
9980
9991
9985
9988
9986
9983
9982
9975
9990
9971
9974
9991
9994
9983
9994
9993
9988
9983
9988
9986
9976
9989
9991
9988
9979
9963
9991
9988
9996
9989
9997
9979
9988
9992
9977
9988
9999
9997
9983
9986
10000
9986
9963
9990
9967
9993
9995
9973
9983
9996
9988
9989
9994
9996
9978
9992
9993
9996
9975
9992
9971
10000
9984
9984
9983
9995
9991
9993
9985
9993
9982
9989
9990
9981
9984
9993
9974
9987
9986
9988
9984
9987
9986
9978
9978
9978
9989
9982
9992
9968
9994
9985
9988
9991
9984
9983
9989
9976
9994
9999
9979
9992
9982
9977
10000
9979
9968
9974
9976
9960
9975
9980
9982
9991
9965
9976
9980
9988
9995
9984
9990
9950
