9999
10000
9986
9961
9990
9995
9986
9985
9973
9990
9991
9982
9988
9989
9979
9995
9993
9981
9990
9983
9978
9992
9972
9999
9991
9978
10000
9988
9994
9975
9984
9994
9995
9996
9973
10000
9988
9995
9972
9986
9991
10000
9989
9986
9996
9987
10000
9986
9988
9981
9998
9986
9993
9986
9983
9981
9999
9988
9993
9975
9989
9984
9999
9989
9976
9967
9986
9987
9992
9992
9993
9973
9990
9992
9996
9982
9991
9973
9997
9979
9991
10000
9995
9986
9975
9991
9996
9978
9991
10000
9977
9990
9990
9992
9999
9986
9991
9995
9998
9987
9999
9985
9980
9998
9986
9987
9970
9976
9995
9980
9981
9976
9985
9985
9993
9997
9990
9996
9981
9981
9990
9998
9998
9975
9992
10000
9990
9984
9999
9992
9990
9975
9985
9991
9999
9974
9978
9993
9986
9998
9970
10000
9992
9979
9985
9989
9970
9994
9998
9998
9991
10000
9971
9989
9998
10000
9983
10000
9980
9986
9979
9997
9981
9993
9998
9974
9995
9995
10000
9993
9985
9970
9987
9982
9994
9980
9997
9990
9983
9978
9995
9973
9989
9979
9994
9984
9993
10000
9976
9992
9994
9995
10000
9990
9987
9987
9989
9994
9992
9998
9993
9981
9987
9996
9989
9974
10000
10000
9986
10000
9977
9980
9986
9991
9995
9981
9979
9985
9997
9993
9999
9984
9977
9954
9987
9995
9998
9989
9977
9984
9993
9987
9980
9999
9994
10000
9992
10000
9996
9988
9996
9995
9974
10000
9987
9984
9996
9984
9992
9986
9996
9975
9973
9993
9973
9950
9969
9988
9993
9980
9998
9960
9977
9995
9992
9982
9981
9985
9986
9996
9982
9998
9997
10000
10000
9999
9990
9968
9979
9991
9988
9998
9982
9981
9995
10000
9987
9981
10000
10000
9996
10000
10000
9988
9988
9973
9985
9990
9987
9998
9993
9998
9997
9992
9984
9983
9982
9993
9979
9975
9996
9972
9986
9988
9992
9997
9993
9993
9985
9983
9974
9970
9991
9986
9991
9986
9990
9957
9982
9991
10000
9988
9995
9988
10000
9997
9986
9994
9994
9961
9989
9994
9985
9993
9993
9988
9999
9984
10000
9993
9977
9977
9999
9998
9995
9994
9988
9992
9986
9996
9979
9986
9984
9992
9992
9995
10000
10000
9996
9983
9992
9979
10000
9998
9981
9990
9995
9993
9978
9973
9992
9994
9994
9998
9990
9986
9997
9967
9995
9986
9989
9986
9992
9985
9989
9964
9982
9977
9993
9985
9984
9997
9988
9989
9998
9986
9996
9993
9983
9999
9974
9988
9986
9989
9985
9986
9983
9994
9988
9956
9999
9991
9999
9990
9989
10000
9988
9990
9973
9992
9983
9967
9991
10000
9993
9996
9970
9999
9980
9999
9992
9978
9986
9988
9997
10000
9987
9990
9986
9975
10000
9988
9972
9994
9999
9995
9986
9988
9996
9977
9986
9989
9982
9976
9989
9988
9983
9991
9992
9996
9985
9994
9999
9992
9990
9993
9980
9981
9996
9995
9993
9991
9986
9998
9997
9983
10000
9966
9993
10000
9995
9996
9997
9997
10000
9997
9988
9965
10000
9965
9993
9992
9981
9987
9988
9988
9984
10000
9995
10000
9999
9974
9982
9986
9998
9957
9989
9991
9984
9981
9976
9984
9992
9987
9981
9948
9997
9995
9985
9986
9998
9986
9984
9996
9978
9994
9994
10000
9997
9979
9979
10000
9990
9995
9982
9990
9976
9996
9991
9995
9980
9996
9997
9983
9987
9984
9985
9994
9993
9992
9990
9987
10000
9984
9999
9994
9990
10000
9974
9989
9995
9957
9975
9996
9978
9985
9995
9993
9989
9991
9988
9998
9996
9990
9984
9976
9998
9983
9972
9975
9995
9987
9990
9995
10000
9979
9979
9986
9984
9993
9995
9995
9989
9982
9990
9992
9992
9973
9961
9999
9995
9980
9999
9981
9983
9987
9993
9975
10000
9979
9996
9973
9994
9978
9986
9990
9992
9992
9995
9977
9988
9969
9983
9986
9975
9985
10000
9987
9973
9986
9995
9995
9995
9996
9993
9995
9969
9997
9972
9989
9999
9999
9980
9996
9991
9990
9982
9988
9980
9980
9995
9969
9990
9986
9985
9990
9983
9995
9974
9999
9977
9997
9984
9995
9989
10000
9991
9981
9999
9998
9984
9988
9990
9988
10000
9999
9979
9967
9989
9985
9981
9998
10000
9991
9998
9994
9996
9999
9984
9979
9990
9979
9997
10000
9998
9993
9993
9992
9988
9974
10000
9980
9993
10000
9980
9988
10000
9995
9990
9975
9996
9986
9977
9988
9985
9997
9990
10000
9990
10000
9974
9993
9997
9999
9989
9970
9997
9986
9997
9987
9958
10000
9987
9996
9985
9984
9957
9993
9971
9981
9978
9997
9982
9986
9991
10000
9977
9987
9995
9983
9999
9986
9997
9986
9999
10000
9999
10000
9992
9989
9993
9994
9980
9995
9983
9989
9980
9988
9989
9968
9973
9988
10000
9983
9991
9992
9982
9991
9955
9995
9982
9989
9987
9985
9990
9998
9990
9974
9994
9999
9992
10000
10000
9995
9996
9994
9982
9984
9980
9993
9984
9996
9972
9984
9994
9987
9981
9983
9994
9988
9991
9987
10000
9996
9974
9965
9989
9986
9992
9987
9982
9983
9989
9996
9995
9998
9998
9999
9987
9997
9980
9996
9995
9992
9996
9976
9966
9988
9998
9979
9994
9997
9986
9993
9979
9987
9995
9987
9980
9979
9984
9996
10000
9997
9974
9988
9991
9993
9987
9991
9990
10000
9992
9997
9999
9985
9993
9994
9994
9974
9978
9980
9986
9999
9981
9999
9986
9973
10000
9995
9991
10000
9992
9990
10000
9981
9987
9985
9993
9988
9993
9987
9993
9985
9993
10000
9951
9979
9988
9985
9998
9986
9992
9999
9980
9997
10000
9979
10000
9976
9999
9986
9986
9997
9991
9986
9973
9990
9991
9981
9968
9997
9997
10000
9998
9972
9972
9990
9993
9992
9992
10000
9977
9997
9989
9993
9990
9989
9984
9993
9985
9994
9984
9988
9992
10000
9992
9977
9980
9999
9991
9997
9983
9988
9979
9991
9996
9999
9993
9992
9986
10000
9980
9998
9982
9995
9988
9995
9991
9978
9994
9992
9992
9989
9988
9981
9981
9989
9997
9998
9973
9999
9967
9986
9990
9983
10000
10000
9994
9993
