9985
9991
9971
10000
9986
9985
9996
9976
9991
9983
9982
9978
9992
9989
9995
9983
9976
9987
9964
9995
9984
9995
9984
9974
9995
9987
9967
9995
9987
9985
9983
9980
9993
9981
9995
9981
9988
9973
9995
9988
9983
9981
9984
9995
9991
9994
9979
9982
9981
9972
9983
9995
9981
9979
9992
9960
9990
9989
9991
9989
9991
9994
9996
9979
9977
9981
9981
9995
9989
9995
9983
9983
9990
9988
9987
9982
9987
9986
9991
9991
9988
9979
9990
9975
9979
9962
9969
9997
9983
9991
9986
9972
9986
9993
9983
9986
9986
9984
9984
9987
9984
9986
9987
10000
9983
9987
9994
9981
9963
9995
9983
9987
9989
9951
9994
9978
9972
9995
9985
9972
9964
9985
9976
9992
9997
9978
9986
9987
9983
9982
9994
9993
9987
9977
9988
9981
9995
9992
9966
9972
9969
9993
9972
9981
9992
9967
9998
9996
9981
9970
9983
9975
9994
9988
9991
9988
9993
9989
9983
9993
9998
9983
9996
9981
9972
9993
9980
9972
9992
9993
9982
9965
9971
9969
9985
9989
9981
9986
9968
9993
9973
9976
9982
9968
9992
9985
9992
9967
9994
9973
9979
9998
9995
9985
9996
9983
9987
9977
9992
9994
9975
9975
9987
9995
9995
9978
9997
9996
9982
9971
9983
9991
9989
9990
9999
9979
9974
9982
9992
9976
9975
9965
9984
9988
9975
9986
9969
9983
9969
9980
9963
9994
9982
9993
9997
9991
9993
9999
9975
9969
9971
9985
9999
9973
9986
9985
9983
9984
9992
9995
9994
9964
9999
9994
9982
9980
9983
9996
9993
9997
9988
9976
9984
9971
9996
9979
9993
9981
9988
9989
9980
9990
9988
9985
9996
9982
9970
9984
9981
9964
9986
9991
9989
9994
9993
9987
9960
9998
9994
9976
9994
9985
9988
9967
9996
9985
9984
9993
9977
9980
9978
9989
9982
9995
9982
9999
9986
9969
9998
9973
9995
9997
9993
9985
9995
9976
9987
9979
9978
9996
9989
9989
9989
9979
9968
9994
9964
9992
9967
9989
9994
9984
9997
9983
9984
10000
9990
9961
9986
9981
9999
9975
9998
9985
9951
9979
9970
9989
9984
10000
9974
9989
9983
10000
9992
9973
9984
9989
9992
9978
9985
9999
9970
9977
9974
9964
9989
9969
10000
9977
9970
9989
9976
9984
9991
9990
9983
9977
9990
9978
9972
9994
9980
9977
9995
9994
9999
9985
9993
9995
9958
9970
9975
9993
9986
9994
9985
9988
9984
9984
9987
9993
9979
9967
9995
9983
9993
9973
9983
9981
9982
9988
9994
9989
9983
9981
9985
9981
9976
9996
9990
9989
9999
9981
9986
9980
9989
9984
9990
9983
9977
9985
9990
9983
9980
9985
9999
9987
9996
9959
9982
9976
9993
9988
9987
9982
9973
9985
9979
9988
9983
9976
9999
9982
9978
9985
9986
9986
10000
9984
9980
9993
9992
9997
9988
10000
9962
9993
9985
9992
9970
9992
9992
9993
9992
9986
9995
9992
9953
9976
9992
9988
9996
9980
9998
9987
9973
9979
9977
9993
9996
9976
9988
9981
9979
9989
9994
9986
9955
9980
9976
9977
9999
9985
9969
9997
9976
9998
9980
9960
9986
9984
9991
9987
9980
9981
9985
9987
9988
9990
9974
9993
9992
9982
9983
9992
9991
9990
9999
9986
9988
9989
9978
9984
9991
9990
9973
9965
9989
9990
9984
9989
9968
9996
9993
9989
9994
9974
9993
9985
9992
9996
10000
9975
9986
9986
9969
9973
9973
9976
9995
9982
9997
9975
9974
9997
9985
9995
9983
9995
9985
9988
9992
9995
9984
9982
9995
9982
9989
9980
9987
9991
9994
9999
9979
9962
9983
9992
9992
9985
9981
9998
9978
9986
9990
9991
9953
9996
9988
9981
9986
9997
9987
9996
9985
9986
9974
9978
9999
9981
9986
9979
9986
9976
9993
9970
10000
9980
9986
9997
9988
9992
9980
9997
9991
9985
9972
9988
9971
9975
9983
9986
9972
9999
9978
9986
9983
9983
9979
9997
9973
9971
9987
9992
9989
9988
9989
9985
9986
9995
9976
9941
9981
9987
9972
9996
9996
9983
9988
9975
10000
9990
9975
9986
9993
9990
9994
9991
9988
9993
9976
9983
9991
9974
9987
9963
9986
9983
9971
9992
9979
9989
9975
9989
9996
9978
9994
9981
9995
9993
9984
9998
9979
10000
9975
9984
9981
9985
9985
9979
9982
9966
9983
9993
9988
9979
9996
9995
9985
9994
9990
9983
9979
9994
9970
9972
9967
9991
9982
9973
9982
9996
9988
9987
9975
9996
9999
9986
9990
9989
9997
9968
9996
9982
9978
9999
9997
9975
9993
9984
9993
9971
9973
9980
9997
9991
9993
9983
9969
9996
9991
9984
9981
9990
9989
9991
9991
9971
9975
9997
9998
9980
9983
9991
9995
9955
9974
9974
9988
9978
9973
9995
9987
9987
9993
9976
9973
9987
9988
9980
9988
9995
9987
9993
9985
9989
9994
9978
9992
9987
9998
9962
9987
9986
9975
9999
9986
9995
9985
9975
9973
9999
9993
10000
9957
9989
9971
9986
9990
9992
9975
9999
9992
9990
9960
9977
9987
9977
9995
9992
9986
9993
9998
9986
9998
9988
9981
9980
9969
9987
9975
9994
9989
9992
9987
9975
9993
9992
9995
9988
9998
9989
9993
9984
9993
9990
9994
9973
9958
9986
9991
9983
9979
9990
9967
9946
9997
9995
9997
9971
9980
9997
9974
9978
9995
9989
9986
9996
9969
9995
9982
9992
9991
9995
9985
9977
9975
9961
9998
9994
9993
9981
9987
9987
9985
9987
9949
9992
9993
9972
9981
9990
9984
9985
9985
9985
9980
9990
9963
9991
10000
9994
9994
9992
9966
9973
9990
9981
9989
9977
9988
9980
9994
9980
9991
9995
9976
9985
9988
9972
9984
9985
9984
9992
9973
9995
9971
9988
9988
9995
9993
9998
9963
9973
9979
9996
9978
9994
9973
9988
9989
9984
9984
9975
9982
9974
9969
9985
9997
9974
9988
9994
9988
9992
9968
9981
9992
9986
9990
9995
9975
9982
9985
9991
9975
9987
9973
9979
9987
9991
9972
9979
9989
9970
9975
9996
9981
9986
9995
10000
9976
9981
9990
9992
9987
9976
9986
9986
9976
9960
9979
9976
9975
9988
9993
9994
9981
9983
9999
9984
