9995
9996
9993
9974
9994
9975
9992
9982
9987
9993
9991
9995
9977
9993
9979
9982
9993
9997
9989
9962
9996
9991
9997
9985
9987
9966
9989
9997
9996
9990
9977
9986
9993
9982
9989
9990
9986
9999
9977
9985
9995
9974
9990
9984
9986
9985
9997
9989
9992
9996
9982
9996
9990
9992
9991
9993
9979
9989
9978
9987
9983
9952
9998
9979
9970
9996
9968
9976
9960
10000
9988
9986
9984
9997
9976
10000
9978
9984
9989
9998
9995
9963
9977
9989
9989
9979
9981
9970
9990
9985
9948
9983
9987
9992
9989
9997
9983
9984
9998
9991
9990
9985
9991
9982
9995
9984
9993
9986
9988
9994
9993
9999
9995
9991
9976
9994
9991
9994
9983
9997
9998
9985
9983
9991
9968
9992
9989
9993
9998
9981
9991
9985
9990
9975
9975
9970
9951
9992
9984
9993
9986
9984
9987
9970
9981
9983
9997
9982
9991
9996
9984
9997
9997
9996
9987
9990
9994
9986
9978
9977
9988
9996
9987
9999
9979
9988
9999
9987
9958
9996
9986
9995
9986
9978
9994
9993
9976
9995
9989
9995
9983
9984
9977
9981
9992
10000
9974
9991
9989
9986
10000
9972
9986
9990
9963
9970
9986
9981
9986
9978
9985
9994
9990
9987
9990
9981
9969
9976
9981
9989
9987
9986
9989
9992
9983
9980
9976
9988
9983
9988
9995
9986
9993
9990
9983
10000
9980
9998
9982
9991
9999
9988
9970
9967
9991
9974
9998
9998
9996
9979
9980
9989
9979
9979
9975
9995
9990
9993
10000
9981
9986
9994
9985
9988
9964
9984
9991
9971
9983
9983
9994
9979
9974
9967
9967
9977
9985
9991
9982
9990
9984
9978
9991
9994
9981
9987
9986
9992
9991
9984
9980
9965
9989
9971
9983
9997
9992
9985
9969
9988
9986
9983
9985
9995
9977
9989
10000
9995
9997
9992
9971
9993
9985
9973
9972
9993
9990
9986
9972
10000
9976
9988
9981
9995
9987
9989
9973
9992
9992
9989
9991
9992
9987
9993
9996
9979
9968
9988
9994
9994
9993
9992
9980
9999
9958
9983
10000
9999
9973
9974
9994
9989
9996
9986
9972
9988
10000
9994
9985
9982
9949
9983
9999
9988
9988
9985
9986
9979
10000
9994
9978
9996
9990
9979
9985
9990
9981
9989
9971
9994
9990
9992
9993
9984
9999
9980
9987
9996
9984
9984
9992
9988
9983
9983
9997
9979
9981
9975
9995
9987
9992
9974
9990
9993
9978
9988
9993
9982
9988
9992
9992
9999
9985
9992
9985
9985
9992
9996
9983
9980
9975
9998
9987
9999
9992
9988
9993
9989
9999
9982
9992
9994
9999
9987
9967
9994
9978
9995
9994
9988
9998
9986
9986
9986
9983
9985
9993
9991
9984
9996
9987
9965
9983
9983
9994
10000
9984
9978
10000
9973
9980
9980
9996
9989
9990
9999
9992
9986
9996
9993
9984
9980
9985
9965
9998
9981
9976
9999
9987
9990
9966
9995
9979
10000
9993
9987
9970
9985
9985
9981
9990
9991
9987
9977
9992
9990
9993
9988
9983
9998
9993
9986
9989
9977
9985
10000
9989
9991
9987
9977
9983
9985
9978
9989
9961
9997
9987
9973
9997
9997
9958
9994
9999
9986
9988
9987
9987
10000
9977
9988
9985
9984
9972
9992
9981
9990
9984
9974
9990
9988
9962
9994
9990
9998
9986
9994
9990
9986
9990
9999
9993
9978
9990
9992
9973
9973
9957
9979
9990
9975
9997
9985
9979
9983
9972
9984
9993
9992
9980
9973
9978
9979
9972
9989
9974
9976
9980
9997
9997
9981
9985
9988
9987
9995
9987
9974
9970
9974
9975
9994
9999
9987
9994
9975
9985
9991
9994
9994
9975
9986
9994
9980
9980
9975
9990
9980
9979
9961
9992
9990
9979
9988
9978
10000
9999
9986
9980
9987
9984
9998
9993
9963
9995
9991
9993
9992
9986
9986
9989
9992
9982
9980
9981
9986
9984
9995
9997
9983
9969
9994
9996
9984
9991
9988
9988
9990
9984
9994
9985
9976
9992
9983
9990
9999
9996
9985
9972
9987
9974
9984
9977
9998
9982
9961
9985
9977
9984
10000
9993
9983
9970
9976
9979
9993
9983
9985
10000
9990
9974
9983
9979
9995
9981
9985
9984
9980
9979
9994
9938
9978
10000
9995
9973
9988
10000
9974
9982
9985
10000
9987
9994
9986
9978
9984
9983
9989
9986
9983
9997
9983
9987
9995
9988
9996
9996
9985
9994
10000
9981
9983
9982
9996
9967
9998
9991
9981
9982
9958
9966
9983
9982
9991
9970
9994
9962
9984
9993
9988
9986
9999
9971
9975
9989
9977
9990
9978
9982
9992
9993
9980
9989
9983
9983
9978
9990
9990
9982
9969
9988
9995
9973
10000
9973
9995
9986
9994
9983
9988
9987
9978
9985
9978
9993
9980
9965
9963
9982
9990
9994
9994
9982
9971
9984
9984
9972
9991
9991
9989
9981
9996
9998
9994
9986
9987
9994
9990
9992
9972
9991
9985
9963
9982
9977
9989
9990
9988
9985
9973
10000
9991
9997
9999
9973
9993
9973
9981
9958
9997
9977
9986
9974
9982
9998
9983
9993
9974
9989
9968
9990
9993
9998
9989
9967
9986
9997
9979
9991
9980
9996
9995
9998
9987
9981
9987
9994
9997
9998
9972
9986
9977
9999
9986
9981
9973
9987
9980
9988
9996
9994
9994
9982
9990
10000
9991
9996
9991
9984
9985
9977
9983
9995
9997
9994
9994
9989
9976
9976
9998
9989
9989
9995
9992
9997
9988
9990
9987
9998
9964
9986
9983
9990
9998
9984
9992
9984
9978
9987
9982
9983
9984
9991
9983
9988
9993
9982
9979
9990
10000
9997
9985
9992
9978
9989
9984
9989
9971
9983
9998
9980
9990
9980
9988
9973
9979
9987
9981
10000
9991
9967
9988
9984
9997
10000
9989
9988
9980
9969
9983
9973
9999
9987
9981
9992
9986
9988
10000
9987
9999
9991
9975
9998
9981
9990
9993
9992
9982
9988
9959
9986
9992
9993
9986
9997
9995
9987
9994
9991
9985
9987
9981
9991
9988
9988
9991
9972
9986
9991
9998
10000
9991
9986
9991
9995
9991
9957
9988
9989
9993
9997
9991
9996
9986
9963
9970
9976
9988
9998
9985
9986
9997
9996
9969
9971
9987
9982
9971
9995
9986
9996
9991
