9995
9994
9990
9965
9994
9981
9991
9979
9971
9977
9983
9990
10000
9986
9997
9987
9977
9971
9985
9988
9989
9997
9961
9965
9991
9975
9986
9992
9986
9995
9988
9986
9990
9975
9990
9989
9958
9980
9988
9991
9964
9981
9971
9997
9976
9977
9974
9981
9994
9992
9993
9989
9965
9996
9972
9974
9984
9969
9985
9969
9994
9986
9987
9961
9974
9990
9973
9984
9974
9977
9993
9998
9982
9971
9986
9989
9991
9980
9985
9980
9984
9966
9991
9974
9991
9979
9988
9965
9987
9979
9979
9992
9993
9990
10000
9988
9982
9990
9992
9991
9985
9991
9991
9988
9994
9986
9973
9981
9990
9987
9988
9985
9986
9979
9994
9989
9988
9991
9978
9987
9981
9986
9996
9982
9989
9979
9981
9986
10000
9978
9977
9997
10000
9974
10000
9948
9990
9978
9992
9992
9979
9979
9993
9985
9981
9988
9970
9988
9989
9976
9984
9978
9989
9975
9973
9986
9980
9984
9980
9993
9996
9994
9991
9986
9969
9985
9994
9975
9974
9989
9999
9992
9989
9994
9971
9968
9983
9976
9989
9993
9973
9983
9974
9979
9976
9981
9986
9991
9978
9979
9979
9983
9986
9971
9984
9987
9993
9984
9982
9984
9998
9995
9982
9989
9996
9986
9993
9963
9981
9987
9978
9985
9992
9973
9989
9990
9996
9984
9982
9988
9977
9976
9989
9988
9970
9973
9993
9978
9978
9993
9991
9966
9988
9992
9978
9987
9974
9984
9978
9988
9988
9973
9995
9993
9983
9982
9971
9986
9982
9984
9978
9997
9992
9994
9990
9967
9978
9987
9996
9986
9989
9979
9990
9991
9984
9992
9983
9989
9983
9975
9997
9984
9985
9998
9991
9988
9992
9992
9996
9998
9990
9986
9991
9995
9987
9988
9974
9982
9973
9986
9984
9980
9968
9959
9990
9990
9997
9981
9977
9986
9974
9999
9980
9990
9982
9969
9992
9983
9965
9988
9992
9989
9995
10000
9973
9990
9977
9984
9977
9993
9989
9993
9993
9994
9983
9981
9981
9983
9967
9980
9980
9992
9989
9984
9988
9985
9981
9973
9993
9994
9986
9978
9995
9987
9984
10000
10000
9967
9994
9980
9973
10000
9994
9974
9989
9987
9980
9991
9991
9980
9995
9970
10000
9984
9970
9988
9990
9981
9981
9983
9978
9977
9989
9993
9977
9990
9996
9994
9973
9991
9984
9980
9995
9975
9990
9962
9992
9996
9999
9981
9986
9995
9990
9983
9989
9985
9982
9967
9995
9981
9977
9992
9994
9991
9980
9978
9988
10000
9975
9996
9992
9991
9987
9982
9981
9992
9989
9996
9998
9982
9998
9991
9970
9990
9984
9997
9985
9994
9995
9978
9985
9997
9989
9989
9990
9986
9995
9979
9992
9993
9990
9975
9991
9976
9963
9999
9998
9968
9987
9992
9979
9999
9995
9972
9986
9976
9970
9985
9981
9991
9976
9977
9980
9986
9992
9989
9985
9980
9992
9983
9988
9982
9978
9983
9979
9995
9986
9983
9981
9991
9994
9973
9980
9985
9981
9989
9973
9973
9964
9996
9989
9977
9996
9982
9988
9986
9992
9996
9983
9995
9982
9986
9974
9974
9989
9961
9978
9994
9991
9993
9989
9989
9979
10000
9994
9981
9990
9979
9996
9985
9982
9978
9989
9984
9985
9985
9954
9990
9998
9985
9997
9997
9987
9980
9955
9990
9963
9984
9992
9969
9976
9982
9983
9990
9980
9993
9970
9991
9966
9992
9972
9983
9994
9997
9984
9979
9990
9988
9983
9977
9985
9985
9987
9983
9991
9990
9984
9989
9976
9987
9987
9985
9987
9983
9994
9993
9991
9993
9986
9974
9989
9975
9993
9991
9995
9949
9991
9989
9992
9995
9995
9988
9979
9985
9975
9968
9965
9984
9981
9997
9992
9990
9984
9977
9992
9988
9983
9974
9992
9992
9982
9976
9987
9978
9984
9998
9988
9993
9975
9983
9982
9985
9996
9991
9968
9990
9991
9981
9998
9978
9988
9986
9976
9985
9989
9986
9974
9955
9983
9991
9988
9972
9995
9980
9994
9979
9996
9985
9991
9984
9985
9978
9973
9997
9982
9998
9965
9977
9990
9979
9988
9994
9992
9985
9988
9975
9987
9989
9995
9984
9986
9988
9999
9992
9970
9974
10000
9990
9991
9992
9991
10000
9987
9990
9968
9987
9995
9968
9983
9976
9967
9983
9986
9977
9992
9969
9981
9989
9979
9974
9986
9970
9996
9979
9982
9987
9987
9990
9972
9984
9965
9974
9988
9981
9994
9991
9976
9991
9977
9959
9997
9985
9991
9979
9998
9992
9986
9964
9989
9983
9982
9986
9989
9981
9985
9980
9975
9980
9979
9989
9989
9989
9986
9987
9979
9995
9989
9986
9964
9987
9984
9979
9994
9990
9993
9995
9991
9986
9968
9999
9996
9987
9980
9982
9967
9957
10000
9976
9996
9999
9985
9993
9990
9979
9997
9986
9991
9993
9995
9986
9990
9976
9979
9981
9982
9994
9995
9970
9981
9976
9984
9985
9969
9982
9990
9979
9984
9991
9986
9991
9982
9978
9985
9986
9974
9973
9985
9987
9988
9992
9981
9987
9974
9985
9995
9992
9989
9988
9976
9989
9982
9984
9985
9994
9992
9992
9979
9993
9987
9993
9978
9992
9988
9989
9987
9990
9979
9964
9982
9979
9984
9982
9994
9966
9987
9988
9991
9999
9965
9979
9993
9985
9972
9981
9981
9984
9972
9993
9986
9997
9991
9987
9982
9992
9980
9960
9997
9981
9995
9960
9975
9962
9988
9993
9979
9985
9972
10000
9990
9984
9970
9971
9981
9998
9996
9976
9988
9970
9985
9996
9981
9984
9988
9978
9984
9984
9977
9991
9996
9997
9981
9984
9994
9987
9974
9974
9982
9973
9992
9991
9960
9998
9989
9997
9993
9990
9991
9988
9981
9974
9974
9977
9991
9971
9990
9994
9984
9980
10000
9982
9991
9985
9974
9969
9986
9995
9996
9969
9993
9984
9988
9993
9988
9990
9988
9974
9985
9988
9974
9987
9971
9985
9994
9987
9982
9998
9998
9993
9977
9962
9989
9984
9985
9988
9970
9988
9967
9988
9995
9998
9990
9996
9959
9974
9968
9979
9993
9989
9988
9994
9993
9993
9992
9985
9991
9987
9978
9980
9985
9974
9980
9992
9988
9979
9990
9945
9982
9996
9981
9986
