9983
9997
9989
9994
9997
9978
9971
9986
9979
9998
9970
9984
9988
9975
9972
9968
9993
9980
9983
9996
9993
9958
9967
9987
9986
9984
9990
9988
9987
9982
9970
9991
9978
9982
9982
9999
9983
9997
9993
9978
9998
9981
9992
9983
9986
9989
9985
9985
9991
9998
9987
9984
9991
9966
9998
9990
10000
9972
9994
9991
9983
9988
9987
9988
9996
9991
9987
9973
9985
9993
9984
9991
9990
9975
9976
9999
9980
9991
9995
9996
9966
9990
9995
9993
9983
9982
9989
9998
9992
9967
9997
10000
9991
9986
9987
9999
9984
9988
9991
9994
9984
9981
9987
9975
9988
9988
9978
9981
9990
9982
9986
9982
9980
9988
9990
9982
9985
9960
9979
9986
9996
9972
9973
9989
9977
9983
9984
9988
9978
9990
9987
9971
9994
9977
9993
9993
9976
10000
9979
9961
9982
9988
9989
9988
9984
9994
9998
9986
9980
9973
9992
9993
9969
9986
9974
9976
9986
9959
9996
9994
9983
9980
9982
9994
9982
9987
9967
9978
9997
10000
9966
9981
9991
9989
9973
9980
9974
9984
9976
9986
9976
9986
9991
9994
9993
9987
9989
9989
10000
9978
9981
9994
9990
9981
9997
9993
9984
9986
9983
9989
9984
9984
9997
9989
9985
9992
9981
9984
9996
9967
9988
9990
9986
9979
9986
9984
9984
9975
9963
9989
9984
9978
9978
9992
9988
9981
9987
9987
9986
9983
9987
9975
9981
9983
9981
9964
9967
9989
9996
9979
9971
9980
10000
9983
9980
9985
9997
9993
9990
9980
9997
9982
9986
9985
9983
9989
9979
9995
9988
9979
9982
9993
9993
9990
9978
9996
9989
9985
9997
9976
9993
9979
10000
9982
9991
9978
9988
9986
9997
9961
9987
9995
9977
9988
9983
9978
9991
9975
9993
9962
9981
9994
9994
9980
9968
9981
9998
9980
9984
9971
9986
9992
9979
9982
9985
9963
9995
9993
9976
9986
9987
9997
9991
9992
9990
9990
9990
9964
9987
9986
9977
9979
9992
9981
9989
9980
9977
9965
9990
9998
9948
9970
9966
9976
9987
9998
9981
9988
9978
9978
9960
9963
9987
9982
9975
9965
9987
9981
9975
9981
9989
9991
9983
9976
9987
9996
9976
9985
10000
9986
9969
9980
9987
9988
9966
9996
9988
9990
9990
9996
9990
9990
9975
9970
9964
9991
9981
9977
9991
9983
9995
9987
9973
9977
9966
9992
9976
9982
9979
9986
9960
9978
9996
9986
9993
9984
9994
9983
9964
9963
9977
9980
9995
10000
9989
9999
9992
9977
9987
9987
9985
9980
9987
9992
9991
9977
9975
9987
9985
9979
9976
9980
9984
9954
9976
9995
10000
9987
9975
9985
9983
9985
9982
9990
9984
9983
9986
10000
9981
9979
9984
9991
9984
9993
9997
9960
9979
9993
9992
9987
9964
9977
9997
9972
9975
9984
10000
9998
9990
9995
9993
9990
9972
9992
9989
9973
9975
9995
9980
9990
9993
9959
9969
9985
9993
9984
9988
9991
9972
9991
9990
9994
9996
9975
9979
9964
9990
9987
9992
9974
9970
9992
9992
9997
9995
9991
9994
9989
9975
9985
9969
9990
9981
9975
9980
9986
10000
9989
9992
9982
9984
9995
9971
9986
9983
9989
9998
9994
9982
9983
9976
9980
9991
9995
9972
9994
9996
9987
9992
9991
9988
9982
9981
9978
9990
9979
9996
9993
9976
9994
9988
9978
9977
9977
9990
9973
9987
9993
9991
9980
9989
9984
9983
9986
9966
9994
9981
9991
9983
9973
9985
9974
9987
9977
9974
9971
9991
9995
9974
9986
9968
9985
9984
9989
9976
9984
9985
9986
9990
9981
9996
9986
9967
9996
9994
9985
9990
9997
9972
9987
9983
9971
9979
9979
9986
9981
9996
9995
9989
9996
9983
9995
9992
9985
9983
9978
9987
9983
9994
9991
9997
9979
9988
9988
9976
9990
9977
9982
9990
9992
9986
9984
9993
9974
9994
9988
9988
9994
9969
9975
9977
9991
9989
9996
9995
9962
9998
9983
9988
9990
9991
9988
9988
10000
9980
9987
9998
9989
9985
9957
9994
9993
9976
9990
9991
9983
9998
9969
9977
9990
9979
9981
9993
9979
9984
9964
9983
9987
9994
9982
9988
9987
9991
9984
9988
9979
9991
9988
9984
9984
9983
9994
9989
9980
9982
9983
9978
9991
9980
9970
9987
9972
9969
9977
9991
9997
9997
9989
9984
9965
9986
9996
10000
9994
9978
9996
9968
9990
9992
9992
9982
9966
9973
9982
9980
9979
9989
9989
9971
9994
9980
9980
9966
9976
9997
9991
9986
9988
9991
9974
9984
9971
9983
9984
9999
9986
9984
9980
9993
9965
9974
9995
9994
9976
9973
9993
9983
9996
9968
9980
9990
9982
9989
9961
9995
9991
9980
9980
9990
9979
9991
10000
9973
9978
9962
9990
9985
9977
9976
9998
9973
9987
9979
9985
9972
9994
9987
9989
9989
9988
9990
9975
9974
9992
9983
9990
9986
9989
9981
9976
9991
10000
9992
9975
9986
9990
9984
9988
9951
9981
9968
9986
9985
9982
9984
9968
9963
9966
9969
9983
9985
9996
9993
9985
9971
9983
9986
9994
9982
9985
9973
9986
9977
9977
9992
9981
9984
9979
9982
10000
9995
9989
9994
9983
9990
9983
9988
9962
9962
9977
9987
9993
9976
9970
9983
9997
9985
9989
9976
9989
9967
9986
9971
9970
9989
9970
9979
9980
9996
9987
9977
9977
9983
9988
9994
9984
9954
9990
9966
9984
9984
9996
9978
9992
9996
9971
9993
9988
9980
9964
9986
9980
10000
9983
9997
9996
9978
9988
9988
9982
9995
9988
9989
9979
9983
9985
9995
9963
9986
9982
9978
9980
9963
9982
9986
9987
9989
9959
9988
9987
9989
9992
9988
9974
9992
9990
9969
9989
9979
9978
9984
9989
9984
9986
9987
9946
9977
9997
9988
9985
9994
9999
9972
9989
9978
9983
9989
9982
9992
9978
9989
9971
10000
9976
9997
9992
9975
9975
9943
9979
9993
9985
9992
9982
9977
9983
9986
9995
9977
9986
9981
9982
9975
9975
9990
9988
9991
9999
9967
9983
9971
9981
9987
9989
9978
9979
9984
9974
9995
9970
9996
9984
9998
9986
9992
10000
9989
9990
9982
9984
9997
9992
9990
10000
9993
9988
9987
9992
9994
9987
