9981
9974
9987
9990
9993
9969
9991
9982
9983
9997
9981
9980
9987
9988
9989
9984
9983
9993
9989
9988
9975
9981
9997
9981
9986
9996
9991
9989
9991
9970
9984
9992
9976
9986
9995
9988
9993
9987
9994
9992
9997
9970
9988
9991
9973
9992
9971
9993
9963
9984
9995
9991
9977
9962
9991
9980
9979
9971
9978
9971
9996
9985
9993
9973
9999
9983
9978
9994
9990
9984
9988
9989
9950
9986
9981
9983
9977
9995
9968
9996
9980
9996
9989
9994
9969
9986
9985
9990
9978
9982
9981
9986
9981
9982
9989
9990
9984
9985
9993
9983
9976
9980
9983
9987
9970
9993
9988
9977
9985
9975
9990
9988
9975
9977
9979
9978
9994
9988
9990
9949
9982
9987
9965
9982
9979
9965
9985
9984
9993
9993
9993
9964
9995
9995
9987
9983
9996
9973
9993
9984
9977
9981
9968
10000
9991
9986
9991
9996
9990
9972
9982
9982
9991
9986
9996
9993
9971
9994
9981
9979
9984
9983
9991
9993
9986
9986
9994
9991
9995
9970
9993
9979
9980
9979
9975
9972
9970
9986
9991
9991
9992
9968
9975
9981
9984
9981
9994
9987
9980
9987
9986
9969
9985
9990
9987
9987
9997
9987
9970
9966
9979
9988
9981
9985
9977
9992
9994
9989
9984
9988
9978
9975
9988
9993
9995
9987
9991
9993
9985
9988
9980
9993
9980
9984
9989
9985
9985
9996
9973
9982
9983
9958
10000
9970
9986
9999
9983
9985
9960
9977
9988
9987
9982
9989
9979
9975
9973
9961
9980
9963
9994
9989
9959
9992
9982
9979
9975
9981
9978
9992
9994
9983
9975
9993
9988
9985
9994
9991
9965
9977
9987
9968
9990
9978
9980
9982
9986
9977
9987
9995
9943
9990
9992
9977
9989
9982
9982
9992
9984
9988
9995
9991
9989
9981
9992
9991
9982
9987
9988
9996
9998
9987
9971
9995
9994
9991
9971
9986
9986
9950
9960
9988
9977
9982
9994
9970
9986
9997
9957
9987
9993
9986
9974
9972
9992
9993
9980
9968
9991
9971
9981
9986
9991
9993
9982
9982
9991
9995
9986
9982
9975
9989
9973
9989
9998
9986
9954
9992
9967
9988
9990
9986
9985
9983
9997
9992
9963
9983
9978
9973
9991
9983
9990
9998
9992
9977
9988
9991
9967
9997
9978
9995
9995
9981
9997
9978
9985
9985
9986
9977
9983
9993
9977
9985
9986
9976
9990
9990
9991
9993
9969
9997
9994
9983
9982
9979
9979
9974
9986
9991
9966
9987
9995
9974
9963
9994
9987
9984
9968
9978
9984
9994
9985
9983
9970
9992
9984
9986
9966
10000
9987
9996
9982
9975
9983
9994
9990
9986
9981
9982
9991
9974
9987
9995
9970
9990
9987
10000
9984
9968
9984
9977
9962
9990
9981
9967
9994
9978
9990
9979
9982
9977
9983
9984
9994
9996
9980
9980
9980
9989
9973
9991
9985
9976
9991
9990
9982
9983
9987
9963
9979
9992
9991
9985
9973
9991
9993
9986
9994
9987
9987
9987
9984
9984
9993
9986
9993
9987
9989
9983
9989
9990
9994
9978
9989
9986
9983
9983
9986
9987
9978
9971
9989
9983
9971
9981
9995
9997
9992
9994
9980
9987
9998
9997
9994
9989
9972
9987
9981
9977
9979
9986
9993
9975
9982
9986
9986
9966
9981
9992
9988
9989
9974
9992
9986
9974
9942
9982
9977
9993
9991
9989
9972
9968
9992
9967
9983
9979
9985
9989
9997
9977
9974
9985
9992
9995
9995
9984
9981
9988
9982
9972
9986
9980
9995
9983
9977
9947
9995
9987
9994
9995
9988
9972
9978
9991
9969
9989
9978
9979
9990
9980
9991
9990
9980
9974
9993
9992
9972
9990
9985
9993
9993
9971
9993
9975
9993
9990
9981
9988
9988
9983
9988
9987
9983
9999
9982
9995
9983
9985
9986
9996
9986
9962
9965
9988
9992
9988
9986
9984
9992
9968
9957
9987
9992
9982
9996
9985
9985
9977
9987
9994
9997
9994
9982
9994
9996
9998
9986
9989
9993
9980
9998
9991
9968
9957
9993
9974
9974
9976
9999
9990
9981
9998
9990
9974
9994
9988
9989
9991
9991
9977
9989
9983
9986
9991
9988
9991
9991
9995
9979
9976
9976
9989
9990
9978
9983
9982
9980
9993
9998
9970
9997
9981
9994
9974
9980
9974
9994
9982
9991
9979
9973
9988
9979
9996
9996
9990
9991
9983
9994
9989
9982
9996
9982
9985
9963
9993
9990
9980
9972
9978
9986
9983
9977
9985
9981
9979
9995
9969
9985
9982
9977
9994
9990
9999
9994
9974
9975
9986
9979
9978
9990
9980
9996
9971
9993
9977
9982
9971
9987
9980
9982
9987
9993
9976
9988
9986
9985
9975
9977
9984
9975
9979
9992
9986
9977
9986
9984
9991
9956
9993
9991
9991
9967
9979
9982
9983
9983
9975
9977
9992
9989
9982
9983
9988
9983
9984
9975
9992
9973
9985
9967
9992
9993
9990
9971
9994
9959
9992
9972
9988
9973
9984
9984
9980
9978
9982
9988
9965
9996
9988
9969
9987
9987
9983
9977
9977
9982
9992
9997
9997
9979
9989
9993
9980
9991
9983
9982
9974
9982
9990
9984
9992
9990
9975
9989
9989
9981
9985
9986
9993
9989
9988
9980
9979
9990
9978
9985
9978
9985
9991
9983
9991
9992
9989
9996
9988
9988
9989
9977
9969
9982
9967
9998
9988
9984
9989
9984
9995
9983
9990
9989
9992
9996
9995
9989
9978
9980
9988
9980
9969
9992
9994
9977
9981
9977
9960
9986
9987
9984
9988
9963
9996
9997
9996
9968
9974
9989
9980
9951
9984
9984
9989
9973
9993
9992
9996
9984
9983
9992
9985
9989
9994
9981
9974
9987
9991
9986
9989
9983
9989
9986
9996
9973
9979
9990
9985
9992
9989
9994
9993
9997
9990
9995
9997
9992
9978
9982
9984
9990
9991
9987
9994
9994
9986
9986
9987
9980
9991
9978
9991
9966
9983
9987
9985
9992
9982
9990
9986
9995
9980
9977
9991
9983
9979
9971
9992
9979
9993
9985
9987
9993
9986
9996
9988
9982
9992
9995
9986
9984
9987
9986
9981
9995
9957
9975
9991
9983
9992
9990
9977
9991
9967
9993
9981
9990
9991
9974
9981
9986
9984
9957
9995
9992
9986
9988
9979
9983
9987
