10000
9981
9997
9989
9981
9979
9991
9994
9968
9992
9990
9970
9992
9986
9965
9991
9988
9972
9980
10000
9990
9989
9986
10000
9997
9990
9962
9989
9990
9992
9979
9979
10000
9969
9981
9996
9994
9979
9988
9989
9992
9981
10000
9983
9988
9980
9971
10000
9994
9977
9976
10000
9996
9985
9973
9987
9990
9982
9998
9985
9993
9994
9992
10000
10000
9978
9985
9998
9994
9979
9983
9972
9998
9968
9968
10000
9986
10000
9989
9991
10000
9986
9952
9986
9964
9994
9984
9981
9979
9985
9967
9961
9992
9997
9983
9984
9971
9979
9989
10000
10000
9994
9999
10000
9988
9969
10000
9978
9999
10000
9976
9985
9989
9999
9970
9994
9984
9982
9987
9978
9992
9973
9990
9993
9999
10000
9998
9962
9982
9989
9987
9997
9975
10000
9997
10000
9975
9985
9999
10000
9994
9973
9987
9988
9987
9997
9999
9981
10000
9992
9986
9981
9990
9979
9991
9991
9983
9991
9987
9988
9997
9999
9988
9992
9984
9988
9977
9989
10000
9992
9999
10000
9974
9998
9994
10000
9994
10000
10000
9971
9997
9998
9998
9990
9980
9985
9997
9992
9992
9972
9989
9984
9989
9994
9979
9985
9987
9991
9988
9982
9985
9996
9998
9986
10000
10000
9973
9976
9988
9992
9972
9998
10000
9994
9988
9995
9989
9988
10000
9990
9984
9992
9974
9985
9980
9987
9982
9991
9956
9981
10000
9980
9983
9992
9981
9985
10000
10000
9975
9987
9983
9985
9990
9962
9983
9988
9988
9980
9989
9989
9987
10000
9986
9977
9997
9999
9986
9979
9985
9991
9987
9972
9971
9997
9977
9980
9983
9990
9989
10000
9999
9973
9990
9987
9961
10000
9982
9977
9998
9977
9990
9984
9970
10000
9980
9993
9978
10000
9997
9988
9990
9983
9976
9978
9987
9996
9959
9982
10000
9992
9993
10000
9989
9990
9979
9980
9989
9984
9994
9985
9985
10000
9986
9982
9989
10000
9998
10000
9977
9990
9999
9982
9976
9980
9978
9963
9992
9955
9999
9993
9986
9987
9988
9985
9999
9987
9982
9989
9995
9985
9979
9989
10000
9994
9997
10000
9990
9976
9989
9997
10000
9974
10000
9990
10000
9992
9997
9985
9998
9989
9976
9984
9987
9994
9991
10000
9984
10000
9979
10000
9996
9991
10000
9979
9990
10000
9995
9981
10000
9985
9980
9988
10000
9999
9985
9987
9997
9991
9969
9994
10000
9963
10000
9987
9995
10000
9989
9998
9985
10000
9998
10000
9986
10000
9983
9935
9982
9986
9956
9994
9985
9983
9960
10000
9986
9995
9983
9980
9993
9985
9994
9989
9969
9992
9991
9990
9992
9996
9985
10000
9994
9987
9990
9984
9992
9992
9982
9977
9977
9986
9997
9994
10000
9988
9980
10000
9987
9977
9996
9996
9988
9983
10000
9995
9990
9988
9990
10000
9975
9989
9999
9989
9975
10000
9984
9990
9988
9981
9976
9982
9986
9988
9996
9986
9994
9993
10000
9990
9990
9986
9982
9986
9997
9992
9978
9992
9991
9972
10000
9987
10000
9979
9998
9975
9998
9990
9986
9976
9993
9994
9993
9988
9991
9974
10000
9992
9990
9982
9988
9994
9984
9993
9981
9977
9999
9991
9992
9986
9980
9979
9977
9990
9979
9992
9998
9967
9993
9992
9987
10000
9985
9995
9981
9985
9977
9957
10000
9973
9988
9984
9987
9983
10000
9996
9972
9978
9989
9985
9978
10000
9991
9989
10000
9999
9988
9974
9997
9967
9980
9992
9993
9984
9977
9982
9995
9965
9993
9988
10000
9966
10000
9992
9983
9997
9995
9987
9998
9983
9967
9968
9992
9993
9987
9993
9988
9995
9974
9982
9988
9984
10000
9999
9987
10000
9989
9995
9996
9974
9992
10000
9988
9993
9989
9978
10000
9975
9992
9985
9976
10000
10000
10000
9988
9991
9985
9998
9984
10000
9982
9984
9973
9992
9996
10000
9967
10000
9980
9981
9988
9974
10000
10000
9980
10000
9972
9976
9984
10000
9988
9984
9990
9984
9988
10000
9994
9986
10000
9980
10000
10000
9988
10000
9994
9990
10000
9969
9995
9970
9975
9977
10000
9976
9975
9974
9990
9972
9992
9961
9983
9984
9990
10000
9982
9989
9970
9994
9966
9977
9993
10000
9986
9986
10000
9984
9999
9982
9996
9966
9996
10000
10000
9991
9996
10000
9986
10000
9983
9990
9964
9955
9943
9983
9999
9974
9994
10000
9983
9981
9987
10000
9986
9994
9993
9969
9981
10000
9982
9995
9989
9986
9996
9964
9990
9997
9990
9979
9973
9963
9993
9996
9966
10000
9993
9991
9982
9952
9982
9956
9987
9986
9996
9987
9996
9974
9984
9991
9983
9992
9990
9974
9977
9987
9991
10000
9979
10000
9988
10000
10000
9986
10000
10000
9977
9987
9991
9991
9983
9986
9996
9977
9977
9994
10000
9992
9978
9995
9966
9989
9986
9985
9984
9980
9979
9980
9962
9996
9995
10000
9987
9978
9989
9983
9984
9991
9998
9980
9995
9994
9970
9984
9988
9990
10000
9984
9987
9997
9988
10000
9958
9979
9993
9991
9984
9994
9998
9979
10000
10000
9999
9987
9996
9994
9997
9969
9988
9998
9981
9989
9982
9981
9985
9978
9993
9961
9993
9985
9991
9992
9977
9993
9984
9989
9959
9995
9998
9990
9986
9989
9992
9978
9994
9976
9996
9984
10000
9981
9998
9977
9998
9989
10000
9988
10000
9983
9983
9969
9997
9970
9990
9989
9969
9988
9986
10000
9986
9973
10000
9969
9985
9979
9999
10000
9983
10000
9994
9993
9981
9989
10000
9981
9980
9995
9973
9977
10000
9987
9993
9999
9999
9965
9990
9987
9949
9983
9984
9993
9996
10000
9986
9999
9968
10000
10000
9979
9995
9961
9967
9989
9994
9996
10000
9999
10000
9993
10000
9971
9991
9982
9992
9992
9972
9983
9964
9977
9969
9986
9993
9976
9993
9974
9992
10000
10000
9988
9979
9991
9987
9987
10000
9990
9983
9985
9985
9992
9978
10000
9971
9982
9975
10000
9994
10000
9985
9985
9994
10000
9997
9989
10000
9947
9984
9987
9980
9984
9989
9993
9986
9988
9996
10000
9993
9990
9955
9988
9995
9976
9969
9988
9987
9964
10000
10000
10000
9979
9966
9957
9983
9990
9979
9978
