9995
9974
9989
9989
9984
9988
9981
9995
9969
9958
9985
9998
9980
9991
9991
9980
9982
9997
9970
9984
9986
9975
9970
9968
9985
9968
9985
9985
9972
9988
9984
9996
9995
9993
9978
9993
9982
9985
10000
9959
9971
9982
9992
9985
9991
9990
9991
9995
9996
9989
9998
9990
9993
9987
9970
9984
9975
9991
9980
9974
9970
9989
9999
9966
9942
9990
9975
9988
9988
9988
9982
9965
9973
9982
9989
9981
9994
10000
9984
9978
9978
9967
9976
9970
9990
9991
9996
9997
9978
9970
9988
9983
9987
9999
9989
9976
9988
9991
9991
9996
9994
9987
9978
9986
9974
9992
9987
9985
9994
9972
9979
9983
9993
9987
9950
9994
9980
9978
9987
9991
9980
9986
9987
9974
9979
9983
9985
9977
9984
9993
9981
9985
9994
9963
9981
9991
9996
9997
9971
9983
9990
9977
9974
9982
9998
9990
9972
9999
9993
9993
9990
9978
9994
9981
9965
9981
9982
9985
9988
9987
9978
9990
9992
9996
9990
9987
9984
9985
9991
9994
9985
9988
9991
9986
9983
9983
9982
9994
9985
9995
9986
9992
9983
9987
9972
9992
9981
9977
9980
9987
9982
9984
9993
9994
9987
9986
9976
9982
9970
9973
9968
9992
9972
9986
9985
9994
9983
9989
9959
9985
9987
9943
9979
9993
9989
9980
9994
9980
9983
9971
9984
9982
9994
9994
9982
9989
9986
9984
9979
9990
9985
9990
9989
9983
9983
9979
9982
9981
9992
9982
9992
9971
9981
9989
9992
9969
9986
9996
9989
9979
9993
9992
9971
9989
9980
9985
9967
9994
9977
9996
9988
9968
9979
9968
9994
9976
9986
9962
9994
9983
9983
9974
9980
9987
9990
9996
9987
9990
9985
9976
9991
9963
9989
9989
9997
9990
9996
9991
9992
9968
9990
9978
9980
9979
9983
9993
9980
9998
9975
9990
9980
9979
9991
9993
9988
9974
9983
9983
9993
9957
9988
9987
9990
9991
9976
9988
9992
9979
9990
9966
9984
9974
9974
9991
9977
9967
9996
9982
9992
9984
9968
9980
9995
9970
9981
9992
9993
9986
9995
9972
9987
9984
9973
9986
9975
9984
9984
9983
9987
9982
9995
9986
9993
9957
9996
9988
9986
9987
9989
9981
9986
9988
9990
9982
9981
9987
9989
9984
9989
9992
9988
9992
9983
9964
9988
9992
9986
9988
9983
9987
9987
9963
9978
9967
9987
9984
9982
9993
9982
9986
9968
9993
9964
9977
9995
9978
9969
9965
9969
9988
9976
9979
9988
9969
9982
9989
9974
9964
9968
9982
9984
9990
9992
9971
9991
9994
9980
9980
9977
9988
9987
9969
9985
9978
9988
9996
9978
9986
9993
9985
9985
9974
9970
9973
9977
9980
9986
9974
9998
9980
9988
9980
9995
9998
9987
9989
9985
9974
9986
9983
9986
9982
9987
9982
9982
9991
9980
9992
9975
9977
9982
9992
9987
9967
9962
9978
9987
9978
9980
9956
9991
9975
9994
9978
9987
9983
9979
9984
9986
9992
9983
9973
9988
9995
9994
9982
9987
9983
9985
9991
9993
9977
9989
9972
9990
9987
9987
9981
9991
9999
9989
9994
9994
9992
10000
9985
9991
9995
9977
9980
9994
9990
9999
9974
9986
9993
9966
9978
9967
9987
9998
9987
9993
9986
9956
9980
9987
9990
9986
9956
9979
9988
9991
9984
9993
9982
9992
9979
9990
9984
9986
9987
9980
9989
9988
9977
9982
9990
9977
9984
9977
9985
9979
9974
9994
9988
9983
9981
9975
9985
9994
9966
9978
9989
9980
9971
9989
9985
9994
9993
9987
9974
9986
9988
9965
9980
9985
9991
9966
9995
9996
9979
9997
9984
9992
9985
9985
9985
9977
9992
9984
9990
9982
9991
9975
9977
9985
9987
9986
9982
9981
9992
9983
9971
9974
9984
9987
9981
9992
9970
9997
10000
9974
9987
9984
9982
9984
9984
9983
9980
9965
9990
9986
9988
9980
9998
9987
9994
9993
9991
9986
9997
9985
9998
9983
9975
9991
9992
9989
9990
9996
9991
9985
9983
9963
9981
9987
9972
9989
9985
9988
9986
9987
9978
9975
9981
9991
9982
9992
9988
9988
9995
9990
9992
9992
9980
9995
9985
9988
9982
9992
9987
9974
9984
9975
9992
9992
9994
9981
9971
9980
9996
9996
9986
9991
9967
9985
9995
9988
9981
9991
9951
9991
9962
9973
9978
9992
9982
9965
9986
9983
9998
9984
9950
9978
9996
9977
9974
9989
9992
9985
9997
9992
9979
9976
9969
9987
9995
9976
9979
9988
9993
9993
9982
9986
9987
9983
9977
9997
9992
9991
9964
9966
9973
9978
9990
9970
9987
9966
9988
9993
9967
9992
9974
9990
9973
9978
9977
9975
9987
9995
9994
9991
9991
9986
9984
9998
9985
9978
9991
9988
9998
9989
9965
9979
9992
9991
9979
9985
9990
9994
9967
9995
9985
9990
9990
9987
9994
9984
9983
9989
9983
9975
9997
9989
9980
9980
9978
9987
9994
9990
9966
9965
9981
9977
9995
9992
9995
9990
9967
9945
9989
9980
9973
9985
9992
9987
9991
9970
9990
9991
9977
9970
9948
9973
9993
9992
9992
9971
9997
9988
9973
9995
9987
9986
9986
9968
9976
9985
9995
9992
9989
9986
9985
9997
9982
9981
9972
9989
9982
9988
9987
9989
9980
9978
9974
9981
9986
9973
9984
9988
9970
9985
9986
9992
9978
9994
9988
9950
9984
9982
9982
9969
9992
9987
9992
9991
9995
9978
9979
9992
9980
9986
10000
9971
9996
9995
9972
9980
9976
9988
9992
9993
9989
9997
9991
9982
9981
9981
9989
9989
9986
9982
9985
9972
9985
9990
9991
9992
9989
9970
9966
9993
9982
9983
9975
9962
9985
9972
9994
9997
9969
9988
9995
9981
9993
9983
9977
9986
9990
9976
9992
9984
9984
9985
9986
9986
9998
9983
9998
9982
9995
9984
9989
9989
9971
9971
9980
9968
9991
9988
9966
9991
9992
9991
9981
9997
9976
9978
9988
9990
9988
9985
9990
9972
9979
9995
9956
9998
9984
9997
9970
9965
9989
9983
9992
9991
9993
9972
9970
9978
9994
9958
9985
9988
9975
9992
9969
9994
9976
9984
9978
9996
9974
9985
9974
9987
9984
9977
9977
9969
9988
9994
9995
9984
9982
9979
9993
9980
9990
