9986
9991
9989
10000
9989
9981
9994
9984
9974
9985
9991
9980
9989
9977
9996
9986
9998
9986
9993
9978
9982
9984
10000
9994
10000
9976
9974
9986
9992
10000
9985
9993
9979
9976
9995
9991
9976
9995
9984
9997
9984
9996
9991
9990
10000
9986
9982
9977
9988
9984
9978
9983
9976
9980
9982
9976
9976
9976
9996
9985
9979
9969
9989
10000
9998
9976
9983
9992
9993
9970
9980
9998
9992
9946
9973
9981
9981
9999
9983
9979
10000
9988
9973
9990
9996
9989
9991
9970
9984
9996
10000
9980
9995
9987
9995
9989
9958
9974
9995
9975
9987
9990
9991
9988
9979
9991
9992
10000
9998
9984
9976
9979
9984
9994
9967
9995
9997
10000
9981
9988
9991
9980
9961
9987
9991
10000
9988
9985
9972
9986
9991
9992
9987
9966
9992
9991
9981
9988
9993
9987
10000
9990
9990
9976
10000
9993
10000
9990
9976
10000
9983
9988
9983
9974
9973
10000
9989
10000
9996
9988
9989
9975
9999
9978
9997
9990
9986
9991
9966
9995
9981
9969
9985
9979
9998
9986
9999
9975
9970
9990
9974
9977
9990
9979
9994
9990
9986
9988
9988
9987
9988
9980
10000
9982
9968
9989
9977
9978
9969
9998
10000
9989
9996
9995
9993
9982
9982
9994
10000
9981
9989
9999
9988
9973
9988
9976
9974
9972
9983
9987
9988
9992
9987
9985
9985
9995
9998
9997
9990
10000
9986
9982
9989
9995
9991
9999
9978
9977
9986
9963
9957
10000
9997
9986
9984
9991
9991
9986
9992
9977
9966
10000
9988
9985
9983
9987
9988
9971
9971
9965
9972
10000
9978
9985
9987
9984
9985
10000
9987
10000
9998
9978
9977
9980
9982
9977
9976
9986
9980
9980
9985
10000
9989
9999
9980
9988
10000
9972
9988
9986
9991
9995
10000
9991
9973
9988
9993
9981
9994
9976
9988
9997
9983
9993
9984
9999
9980
9980
9981
10000
9987
9980
9976
9995
9983
9983
9990
9982
9993
9987
9979
9991
9986
9970
9995
9987
9969
9994
9993
9999
9990
9990
9983
9948
9983
9992
9978
9990
9982
9987
9984
9993
9992
9996
9984
9983
9973
9991
9984
9980
9974
9973
9988
9988
9993
9988
9983
10000
9989
10000
9993
9994
9982
9975
9984
9997
9976
9994
9971
9997
9983
9998
9986
9996
9989
9986
9982
9987
9979
9980
9972
9984
9969
9978
9994
10000
9992
9970
9979
9980
9992
9998
9991
9990
9996
9988
9981
9987
9981
9989
9974
9990
10000
9969
9987
9981
10000
9983
10000
9984
9998
9989
9984
9990
9984
9980
9984
10000
9971
9994
9979
10000
9994
9971
10000
9993
9973
9988
9979
9987
9994
9978
9972
9989
9987
9983
9990
9963
9991
9972
9985
9974
9999
10000
10000
9991
9997
9984
9972
9999
9998
9988
9968
9983
9990
9969
9984
9984
10000
9986
9988
9968
10000
9992
9995
9971
9986
9982
9985
9993
9992
10000
9978
10000
9984
9981
9985
9993
9985
9967
9986
9993
9988
9956
9969
9985
9986
9991
9977
9970
9997
9981
9996
9997
9989
10000
9985
9995
9990
9996
9986
9987
9998
9985
10000
9987
9986
9988
9995
10000
9998
9989
9992
10000
9969
9960
9985
9986
10000
9990
9980
9986
9982
9987
9991
9989
9999
9995
9995
9983
9988
9990
9952
9991
9984
9996
9979
9986
9991
9989
9977
9993
10000
9977
9992
10000
9974
9992
9985
9990
9961
9980
9990
9989
9986
9982
9969
9986
9979
9978
9993
9991
9979
9983
9978
9970
9959
9981
9981
9974
9986
9980
9988
9981
10000
9981
9976
9991
9986
9991
9991
9989
9998
9977
10000
9968
10000
9991
9985
9987
9967
9986
9980
9989
9994
9993
9988
9982
9982
9979
9989
9994
9990
9992
9990
9998
9988
9982
9990
9964
9984
9985
9996
9994
10000
9976
9986
9969
9982
9999
9995
9990
9990
9992
9989
9996
9982
9974
9992
9994
9971
9995
9992
9985
9985
9995
9960
9989
9998
9981
10000
9991
9993
9991
9983
9990
9980
9994
9995
10000
9967
9985
9984
9986
9990
9979
9970
9996
9985
9982
9980
9988
9977
9980
9990
9980
9991
9982
10000
9977
9995
9997
9960
9999
9987
9993
9993
9969
9979
9991
9971
9991
9988
9964
10000
9994
9992
10000
9979
9994
9996
9985
9998
9940
9989
9998
9975
9996
9986
9995
9985
9997
9993
9980
9990
9984
10000
10000
10000
9990
9980
9988
9968
9989
9992
9992
9969
10000
9986
9986
9989
9991
9999
9987
9983
9992
9979
9961
9982
9993
9992
9995
9981
9972
9993
9984
9993
9978
9998
9997
9982
9996
9987
10000
9975
10000
9980
9980
10000
9991
9984
9991
9990
9994
9981
9997
9985
10000
9984
9986
9989
9998
10000
10000
9991
9978
9989
9986
9991
10000
9993
9970
9996
9984
10000
9960
9982
9983
9998
9981
9977
9967
9994
9975
9988
9987
10000
9987
9989
9986
10000
10000
9988
9982
9979
9990
9991
9997
9989
9989
9988
9986
10000
9987
9988
9986
9992
9995
9992
9987
9985
9977
9992
9989
9966
9981
10000
10000
9972
9985
9990
9998
9992
9964
9980
10000
9977
9984
9996
9988
9992
9989
9967
9986
9971
9969
9999
10000
9985
9980
9994
9983
9990
9960
10000
9975
9954
9994
9984
9991
9993
9995
10000
9985
9986
9992
9973
9995
9967
10000
9991
9985
9981
9986
9998
9988
9987
10000
10000
9982
9978
9983
9985
9973
10000
9976
9984
10000
9977
9998
9981
9971
10000
9981
9991
9976
9987
9993
9974
9998
9992
9997
9980
9971
9976
9990
10000
9971
9977
9992
9992
9970
9992
9976
9986
9995
9986
10000
9988
9985
9991
9979
9981
9964
9984
9987
10000
9981
9992
9973
9994
9975
9984
9992
10000
10000
9995
9991
9990
9994
9980
10000
9994
9992
9995
9997
9980
9989
9991
9983
9993
9964
9997
9991
9978
9995
9979
9986
9980
9997
9994
9986
9997
9991
9990
10000
9989
9980
9997
9972
9971
9989
10000
9992
9992
9961
9989
9995
9968
9971
9997
9991
9984
9977
9980
9982
10000
9982
9995
9966
9989
9988
9973
9988
9985
9980
9993
9971
9986
9975
9986
9990
9983
9993
9984
9977
9992
9996
9992
9955
