9979
9977
9981
9998
10000
10000
9997
9997
10000
9997
10000
9995
9976
10000
10000
9989
10000
10000
10000
9995
10000
10000
9987
9998
10000
10000
9975
9994
9992
9994
9999
9998
10000
9990
9975
9999
9997
9975
10000
9986
10000
9978
9986
10000
10000
10000
9996
10000
9999
9992
10000
9995
10000
9992
9999
10000
9993
9998
10000
9998
10000
9975
9996
9999
10000
9979
10000
9999
9976
9989
9996
9989
9982
9999
10000
9998
9941
9991
9997
10000
9997
9999
9983
9977
9967
10000
10000
9994
9999
9992
9999
9999
9991
9966
9994
9997
10000
10000
10000
10000
9999
9969
9988
10000
9993
10000
9984
9996
10000
10000
9996
10000
10000
10000
10000
10000
10000
9992
9984
9999
9987
10000
9997
9988
10000
9997
10000
9981
10000
10000
9998
9992
10000
9987
10000
10000
9981
9954
9989
9989
9987
9999
9982
10000
9974
9982
10000
10000
10000
10000
9989
9994
9997
9991
9999
9963
9998
9994
9989
9996
9992
10000
10000
9989
9995
10000
9985
9963
10000
10000
10000
9996
9998
9999
10000
9994
10000
10000
10000
9987
10000
9994
9988
9994
9982
9972
10000
9996
9985
10000
10000
9997
10000
10000
10000
9991
9999
10000
9989
9997
9998
9980
10000
9999
10000
9998
9995
9992
10000
10000
9979
10000
10000
9975
9991
9999
9987
10000
9988
9977
10000
9919
9994
10000
9999
9998
10000
10000
10000
9970
9997
10000
10000
9993
10000
9997
10000
9987
9999
9997
10000
9988
9991
9993
9998
10000
9995
9997
10000
9938
9985
10000
9999
9991
9982
10000
9989
9999
9991
10000
10000
9994
9990
9971
9982
9969
9999
10000
10000
10000
9999
10000
9999
10000
9996
10000
9995
10000
9999
9998
9996
9980
10000
9987
9999
10000
10000
9964
9996
9975
9986
9999
10000
9991
9996
9996
9996
10000
10000
9997
10000
10000
9985
9999
9994
9983
9999
9999
10000
10000
10000
9999
9995
10000
10000
10000
9985
10000
9997
9983
10000
10000
10000
10000
10000
10000
9987
9984
10000
9971
10000
10000
10000
9993
9989
9999
9984
10000
9982
9991
9990
10000
9984
9998
9951
9998
9975
9976
10000
10000
9996
9994
10000
9978
9996
9994
9997
9993
9998
9999
10000
9986
9994
10000
9999
10000
9989
9992
9998
9988
10000
9994
10000
9990
9987
9981
9994
9992
9983
10000
9976
9991
10000
10000
10000
9988
9965
9969
9999
9991
9999
10000
9983
9976
10000
9960
10000
10000
10000
9976
10000
10000
9973
9997
9983
9987
10000
9999
10000
9990
9998
9987
9999
10000
10000
9977
10000
9999
9990
10000
10000
10000
9980
9967
9966
9991
9985
9998
9994
10000
9988
10000
9999
9999
10000
9981
9997
10000
9998
10000
10000
9994
10000
10000
10000
9993
10000
10000
9998
10000
9993
9993
9991
9994
10000
10000
10000
9990
9977
9998
10000
9983
10000
9999
9987
9985
10000
10000
10000
9999
9991
9995
9999
10000
10000
10000
9999
9997
9988
9981
9987
9992
9992
9998
9998
9994
10000
9989
9999
10000
10000
10000
9983
10000
10000
10000
9994
9998
9992
9996
10000
10000
10000
10000
9979
9979
9996
10000
9990
9993
9995
9999
9998
10000
10000
9974
9998
10000
9986
9993
10000
10000
9999
9998
10000
9986
9964
9995
10000
9998
9981
9985
9994
9997
9981
9985
9985
9995
10000
9986
9971
9991
9996
9993
9994
10000
10000
9983
10000
9987
9996
9988
9999
9973
9999
9999
9994
10000
9998
9993
9984
9998
10000
10000
9999
10000
9986
10000
9998
10000
9997
9984
9988
10000
9996
9974
10000
10000
10000
9977
9998
10000
9980
10000
10000
10000
9984
9999
10000
9997
10000
9989
9991
10000
10000
10000
10000
10000
9996
10000
9983
9999
10000
9998
9999
9996
9996
9996
10000
9992
10000
9979
10000
9997
9991
9977
9990
10000
9984
9988
10000
10000
10000
10000
9999
10000
9998
10000
9994
9999
9995
9974
9997
9995
9996
9995
9982
10000
10000
9997
10000
9987
10000
9983
9991
10000
9999
9999
9999
9983
9986
9987
10000
9995
10000
10000
10000
9963
10000
10000
9989
9994
10000
9998
10000
10000
10000
10000
10000
10000
10000
9995
9973
10000
9994
10000
9999
9979
10000
9997
9996
10000
9990
9994
9980
9972
9991
10000
9998
10000
9983
9995
9995
10000
9996
9999
10000
10000
9998
9995
9980
9999
9986
10000
9988
9993
9991
9993
9987
9997
9986
10000
9983
10000
9990
10000
9983
10000
9999
9998
10000
9966
10000
9972
10000
9995
10000
10000
9993
9982
10000
9999
9969
10000
10000
9999
10000
9993
10000
9982
10000
10000
9963
10000
9997
9999
10000
10000
9995
9999
9987
9986
9987
9999
9978
9999
9995
10000
9990
10000
9985
10000
10000
10000
9982
9990
9998
9988
10000
9983
9987
9995
10000
9999
9995
9996
10000
10000
9980
10000
9983
10000
9992
9991
9997
9965
9986
9995
10000
9992
10000
9979
9991
10000
9999
9988
10000
9991
10000
9991
9991
9990
10000
10000
10000
9992
10000
9984
10000
10000
10000
10000
9995
10000
9996
9998
10000
9996
9999
9975
9993
9998
9968
9983
10000
9989
9995
10000
9969
10000
9975
9986
9830
9995
10000
9990
10000
9997
10000
9987
9995
9986
9973
10000
9985
10000
9994
10000
9995
9997
10000
9994
9994
10000
9988
10000
9999
9995
9992
9997
9978
9986
9995
10000
10000
10000
10000
9997
10000
10000
9997
10000
9993
9981
9974
10000
9991
9993
9991
9979
10000
10000
9995
10000
9986
9987
10000
9991
9999
9996
10000
9992
9980
9999
9999
9995
9999
10000
10000
9992
9993
10000
10000
9992
10000
9995
9991
10000
9979
9980
9999
9982
9999
9997
9998
9996
9983
9983
10000
10000
10000
10000
10000
10000
9995
9997
10000
10000
9971
9980
10000
9996
10000
9966
9974
10000
9988
9974
9990
9978
9984
10000
9981
9993
10000
9983
10000
10000
10000
9990
10000
9990
10000
10000
9992
10000
10000
9975
9941
9975
9999
10000
9998
9990
9980
9976
9999
9991
10000
9999
9990
9999
10000
9999
9996
10000
9985
9982
10000
9959
9990
10000
10000
9999
9973
9990
9999
9973
9999
9985
10000
9992
9999
10000
9996
10000
10000
10000
10000
9989
