9989
9985
9976
9998
9985
9978
9985
9985
9990
9987
9984
9991
9997
9986
9996
9994
9988
9985
9983
9978
9994
9993
9993
9992
9995
9983
9984
9988
9983
9988
9983
9971
9967
9985
9981
9970
9970
9972
9997
9980
9976
9988
9981
9994
9987
9983
9994
9985
9994
9988
9989
9982
9988
9977
9988
9983
9966
9989
9959
9985
9986
9972
9992
9976
10000
9976
9991
9988
9996
9989
9971
9976
9986
9980
9987
9978
9989
9991
9996
9987
9987
9989
9984
9981
9995
9971
9977
9980
9983
9991
9981
9991
9987
9991
9986
9980
9983
9990
9995
9992
9989
9986
9993
9986
9970
9991
9983
9977
9982
9972
9985
9968
9978
9981
9985
9989
9990
9992
9998
9986
9997
9993
9976
9985
9988
9991
9992
9989
9987
9987
9989
9986
9973
9989
9982
9985
9989
9984
9972
9991
9992
9983
9988
9994
9963
9959
9997
9996
9997
9997
9980
9972
9976
9982
9984
9990
9983
9987
9984
9999
9987
9975
10000
9990
9980
9975
9982
9981
9973
9986
9965
9983
9996
9986
9986
9994
9987
9971
9990
9987
9991
9995
9989
9987
9985
9991
9989
9995
9997
9993
9975
9955
9987
9992
9990
9981
9984
9992
9984
9993
9989
9987
9991
9981
9981
9969
9982
9980
9989
9996
9983
9985
9981
9992
9973
9976
9981
9967
9982
9980
9972
9962
9984
9977
9992
9986
10000
9997
9982
9990
9986
9992
9991
9983
9971
9977
9974
10000
9990
9987
9966
9985
9982
9992
9977
9987
9991
9993
9987
9983
9991
9976
9978
9986
9990
9979
9947
9994
9974
9997
9993
9987
9968
9967
9980
9969
9991
9986
9994
9980
9989
9985
9991
9965
9987
9992
9987
9967
9993
9978
9954
9974
9992
9978
9972
9993
9969
9980
9960
9984
9979
9977
9986
9980
9983
9995
9993
9991
9987
9986
9983
9978
9981
9986
9979
9980
9976
9984
9981
9983
9977
9989
9972
9990
9988
9983
9987
9993
9985
9982
9972
9992
9987
9998
9986
9982
9992
9983
9987
9986
9965
9986
9968
9993
9984
9965
9990
9982
9989
9995
9974
9996
9983
9986
9992
9989
9975
9984
9996
9992
9983
9989
9986
9977
9982
9981
9989
9991
9982
9987
9984
9998
9990
9981
9969
9978
9986
9990
9993
9974
9986
9988
9995
9990
9971
9966
9984
9982
9984
9993
9964
9987
9994
9998
9956
9984
9985
9967
9981
9989
9989
9981
9967
9989
9988
9940
9993
9982
9979
9984
9984
9983
9990
9997
9988
9974
9962
9993
9963
9996
9986
9987
9979
9994
9973
9991
9980
9989
9988
10000
9995
9986
9988
9997
9991
9978
9986
9979
9981
9992
9953
9983
9989
9981
9988
9986
9982
9978
9983
9989
9990
9983
9983
9979
9985
9995
9959
9990
9988
9998
9982
9972
9993
9979
9980
9996
9995
9980
9987
9990
9988
9982
9990
9982
9994
9981
9996
9996
9987
9994
9968
9993
9988
9987
9981
9986
9995
9991
9987
9988
9991
9993
9988
9994
9986
9977
9982
9996
9986
9967
9976
9997
10000
9979
9998
9997
9966
9976
9996
9995
9987
9990
9993
9969
9980
9989
9989
9970
9992
9988
9988
9994
9969
9993
9978
9999
9983
9997
9985
9978
9993
9983
9972
9978
9996
9989
9991
9992
9953
9986
9986
9984
9986
9981
9957
9989
9988
9987
9987
9981
9977
9999
9979
9994
9978
9961
9968
9995
9985
9978
9950
9985
9973
9985
9998
9983
9994
9977
9988
9989
9991
9985
9986
9984
9976
9986
9986
9975
9991
9979
9987
9962
9992
9979
9979
9985
9976
9978
9976
9982
9979
9973
9985
9982
9980
9985
9992
9989
9986
9982
9967
9989
9968
9989
9977
9981
9985
9980
9986
9984
9991
9982
9969
9982
9986
9982
9992
9997
9989
9972
9985
9967
9997
10000
9987
9988
9994
9981
9978
9991
9995
9983
9989
9989
9990
9991
9977
9962
9988
9984
9978
9983
9980
9986
9994
9972
9985
9991
9992
9993
9976
9984
9994
9992
9978
9995
9989
10000
9982
9989
9990
9979
9974
9983
9974
9987
9985
9994
9986
9985
9992
9993
9987
9987
9992
9981
9992
9989
9987
9995
9988
9985
9969
9988
9982
9987
9977
9993
9961
9980
9994
9980
9976
9977
9989
9976
9966
9981
9978
9991
9991
9987
9985
9976
9985
9997
9991
9965
9972
9984
9977
9969
9995
9975
9990
9990
9973
9992
9973
9968
9994
9996
9974
9975
9980
9987
9950
9993
9987
9981
9998
9997
9981
9983
9988
9990
9992
9983
9994
9993
9997
9976
9973
9989
9993
9990
9983
9990
9983
9967
9982
9984
9985
9995
9984
9991
9989
9993
9994
9981
9982
9975
9965
9980
9990
9984
9966
9980
9985
9995
9979
9995
9989
9975
9982
9989
9983
9983
9976
9981
9994
9982
9983
9981
9982
9992
9967
9987
9990
9986
9992
9990
9966
9963
9983
10000
9989
9979
9954
9959
9990
9994
9983
9987
9981
9984
9985
9989
9981
9976
9994
9971
9973
9993
9994
9980
9996
9990
9969
9983
9993
9993
9996
9976
9995
9975
9981
9985
9984
9974
9992
9997
9951
9980
9995
9978
9970
9990
9990
9992
9996
9989
9990
9982
9992
9990
9980
9992
9986
9990
9980
9989
9980
9985
9986
9970
9966
9979
9995
9978
9990
9949
9990
9991
9982
9978
9993
9992
9970
9990
9988
9994
9998
9976
9974
9992
9984
9980
9995
9992
9983
9992
9994
9997
9992
9990
9971
9973
9988
9984
9996
9968
9984
9982
9983
9993
10000
9991
9974
9990
9987
9985
9995
9992
9974
9960
9994
9967
9994
9980
9973
9985
9978
9973
9977
9989
9975
9987
9992
9994
9992
9983
9978
9991
9984
9980
9969
9996
9975
9974
9994
9988
9951
9965
9989
9987
9993
9960
9980
9993
9981
9957
9995
9995
9995
9988
9988
9979
9991
9978
9966
9994
9993
9980
9964
9987
9991
9986
9983
9995
9964
9997
9980
9983
9978
9981
9990
9985
9984
9978
9989
9974
9994
9993
9983
9990
9986
9986
9994
9974
9984
9989
9992
9991
9987
9976
9988
9992
9993
9976
9982
9990
9986
9992
9983
9996
9975
9991
9977
9984
9986
9989
9991
9989
9995
9990
9973
9969
9986
9977
