9982
9980
9930
9979
9890
9948
9961
9984
9974
9919
10000
9813
9972
9988
9979
9994
9992
9973
9973
9959
9846
9979
9991
9979
9644
10000
9939
9955
10000
9876
9920
9969
9989
9897
9981
10000
9977
9914
9961
9992
9881
9838
9853
9480
9884
9774
9646
9856
9943
9909
9658
9808
9844
9878
9633
9896
9743
10000
9974
9807
9940
9978
9796
9982
9888
9969
9984
9892
9999
9971
9989
9695
9960
9617
9885
9801
9988
9985
9988
9963
9989
9992
10000
9970
9900
9975
9981
9986
9863
9900
10000
9898
9980
9982
9992
9973
9954
9888
10000
9967
9981
9952
9688
9988
9981
9903
9755
9962
9817
9873
9988
9982
9987
9850
9992
9973
9973
9984
9972
9986
9733
9604
9959
10000
9942
9982
9995
9981
9785
9779
9917
9980
9973
9877
9723
9735
9986
9934
9858
9846
9882
9953
9984
9977
9969
9895
9966
9994
9987
9989
9889
9811
9980
9789
9989
9881
9994
9912
9999
9924
9728
9904
9990
10000
9933
9759
9713
9995
9945
10000
9993
9949
9940
10000
9979
9975
9983
9917
9958
9958
9865
9971
9986
9948
9902
9916
9997
10000
9932
9906
9816
9949
10000
9969
9985
9714
9989
9972
9977
9950
9970
9905
9985
9982
9897
9993
9896
9977
9984
9868
9976
9862
9954
9922
9984
9957
9864
9985
9979
9960
9907
9987
9986
9979
10000
9977
9985
9974
9928
9985
9951
9912
9858
9989
9853
9978
9829
9769
9766
9942
9983
9520
9977
9984
9980
9986
9897
9853
9990
9966
9947
9866
9977
10000
9940
9973
9685
9988
9988
9981
9831
9997
9617
9997
9980
9997
9957
10000
9988
9903
9983
9990
9970
9854
9993
9876
9984
9976
9987
9945
9970
9964
9828
9965
9986
9978
9895
9989
9933
10000
9876
9995
9947
9983
9865
9859
9656
9852
10000
9959
9844
9974
9958
9988
9975
9944
9947
9925
9965
9742
9748
10000
9977
9968
9983
9979
9942
9955
9911
9957
10000
9904
9978
9959
9705
9824
9817
9938
9975
10000
9814
9985
9725
9954
9989
9948
9984
9946
9939
9976
9664
9884
9844
9864
9974
9993
9918
9983
9970
9902
9983
9971
9985
9982
9990
9968
9656
9986
9965
9930
9974
9982
10000
9993
9949
9953
9989
9863
9966
9993
9984
9978
9993
9815
9993
9975
9865
9982
9745
9979
9991
9843
9992
9917
9852
9972
9991
9973
9889
9975
9978
9981
9781
9930
9972
9986
9993
9982
9963
9932
9949
9995
9985
9979
9974
9947
9962
9858
10000
9964
9973
9797
9801
9862
9766
9991
9861
9760
9990
9996
9932
9989
9987
9987
9977
9989
9925
9638
9998
9989
9975
9813
9802
9973
9993
9961
9766
9959
9658
9928
9984
9648
10000
9772
9970
9851
9934
9973
9710
10000
9969
9829
9980
9964
10000
9985
9966
9906
9963
9962
9986
9943
9840
9985
9843
9993
9990
9979
9888
9845
9959
9976
9957
9922
9942
9989
9950
9988
9892
9969
9974
9983
9974
9990
9663
9986
9975
9577
9865
9968
9985
9846
9960
9933
9907
9990
9975
9983
9945
9970
9984
9930
9982
9989
9955
9984
9964
9995
9990
9987
9984
9837
9967
9984
9958
9766
9940
9979
9982
9958
9845
9974
9932
9981
9976
9871
10000
9957
9999
9985
9982
9915
9893
9887
9984
9989
9986
9963
9987
9885
9776
10000
9992
9973
9985
9992
9969
9973
9966
9996
9996
9978
9959
9855
9982
9832
9954
9798
9978
9691
9968
9965
9822
9612
9726
9909
9987
9789
9985
9723
9967
9916
9984
10000
9921
9972
9974
9948
9961
9937
9991
9995
9966
9991
9984
9788
9521
9729
9990
9984
9983
9970
9715
9997
9994
9981
9979
9987
9926
9986
9969
10000
9736
9989
9905
9902
9845
9970
9988
9984
9984
9960
9927
9804
9976
9950
9983
9874
9982
9988
9988
9980
9992
9990
9988
9962
9980
9778
9985
9974
9840
9842
10000
9982
9976
9973
9961
9992
9910
9982
9976
9731
9995
9985
9980
9961
9915
9985
9995
9977
9983
9994
9930
9975
9989
9967
9974
9702
9982
9816
9794
9867
9963
9571
9971
9918
9930
9917
10000
9912
9974
9791
9994
9969
9978
9974
9964
9995
9965
9975
9953
9990
9983
9989
9964
9928
9708
9983
9886
9905
9981
9609
9934
9917
9928
9984
9987
9655
9952
9859
9888
9905
9966
9966
9986
9940
9909
9765
9835
9590
9972
9992
9986
9931
9755
10000
9953
9980
9974
9954
9777
9771
9647
9959
9944
9918
9970
9843
9995
9992
9973
9622
9991
10000
9985
9704
9924
9868
9650
9972
9699
9721
9612
9992
9978
9989
9889
9973
9961
9741
9989
9968
9792
9966
9948
9991
9829
10000
9966
9984
9982
9982
9889
9969
9718
9992
9989
9945
9851
9978
9977
9937
9971
9984
9977
9870
9985
9995
10000
9983
9980
9997
10000
9799
9977
9980
9988
9879
9625
9988
9966
9911
9963
9878
9809
9742
9815
9967
10000
9976
9973
9902
9980
9954
9697
9951
9994
9982
9976
9989
9759
9879
9939
9967
9960
9982
9588
9997
9950
9970
9988
9937
9910
9976
9855
9975
9563
9982
9832
9792
10000
9967
9983
9996
9979
9966
9879
9958
9976
9978
9983
9949
9941
9945
9930
9828
9977
9989
9980
9955
9688
9987
9985
9805
9995
9899
9979
9922
9941
9985
9909
9974
9779
9757
9974
9989
9981
9738
10000
10000
9887
9923
9966
9694
9968
9994
9978
9991
9985
9983
9988
9966
9856
9931
9989
9985
9964
9970
9904
9956
9962
9966
9992
9993
9970
9935
9695
9931
9986
9983
9983
10000
9971
9895
9986
9981
9956
9949
9930
9993
9966
9789
9962
9973
9816
9957
9966
9973
9995
9992
9788
9813
9976
9857
10000
9991
9900
9971
10000
9952
9998
9945
9941
9983
10000
9722
9982
9991
9653
9996
9911
9991
9968
9971
9973
9990
9994
9966
10000
9967
9919
9944
10000
10000
9609
9708
9924
9902
9719
9815
9917
9983
9977
9988
9564
9970
9985
9886
9550
9821
9972
9990
9986
9984
9869
9971
9982
9985
9943
9866
9981
9783
9963
9934
9503
9815
9963
9959
9379
9973
9921
9918
9983
9981
9980
9967
9942
9976
9948
9990
