9985
9983
9970
9995
9991
9981
9991
9988
9969
9983
10000
9991
9977
9980
9990
9990
9980
9985
9994
9975
9977
9981
9992
9997
9987
9996
9989
9986
9971
9979
9993
9977
9962
9981
9988
9974
9983
9981
9991
9971
9994
9988
9981
9971
9992
9990
10000
9985
9976
9988
9989
9978
9946
9990
9988
9989
9992
9985
9990
9995
9994
9985
9951
9994
9987
9976
9974
9997
9962
9992
9998
9966
9983
9967
9985
9980
9979
9966
9994
9989
9995
9984
9980
9996
9975
9994
9988
9974
9993
9990
9991
9988
9989
9996
9985
9997
9990
9994
9973
9979
9969
9970
9973
9954
9989
9985
9999
9994
9977
9972
9982
9964
9987
9977
9986
9984
9978
9994
9963
9982
9993
9980
9985
9986
9992
9991
9988
9993
9981
9989
9991
9980
9994
9987
9988
9985
9961
9973
9969
9992
9997
9983
9984
9992
9982
9997
9996
9998
9989
9994
9963
9993
9988
9982
9997
9988
9996
9982
9988
9970
9990
9985
9976
9987
9976
9983
9991
9976
9992
9988
9991
9984
9986
9990
9991
9980
9989
9993
9957
9993
9981
9989
9990
9996
9993
9966
9993
9982
9972
9981
9989
9974
9991
9993
9981
9958
9983
9999
9981
9979
9994
9981
9956
9987
9993
9990
9989
9994
9991
9995
9964
9964
9958
9984
9992
9976
9974
9982
9987
9979
9974
9978
9984
9981
9996
9964
9984
9994
9978
9963
9996
9993
9993
9987
9995
9992
9980
9973
9979
9983
9995
9984
9991
9968
9989
9971
9986
9988
9949
9985
9987
9967
9997
9990
10000
9987
9982
9983
9962
9985
9993
9968
9998
9983
9980
9992
9991
9984
9982
9983
9991
9982
9988
9988
9990
9985
9987
9998
9978
9988
9997
9986
9980
9996
9984
9985
9990
9989
9999
9990
9984
9987
9993
9997
9991
9980
9984
9987
9985
9992
9987
9978
9982
9991
9969
9978
9970
9996
9981
9985
9980
9967
9991
9968
9980
9998
9976
9982
9997
9985
9981
9974
9991
9992
9994
9975
9994
9991
9992
9998
9979
9983
9985
9989
9985
10000
9993
9970
9987
9982
9988
9995
9987
9971
9991
9993
9985
9986
9985
9986
9979
9983
9979
9980
9988
9993
9996
9991
9992
9996
9990
9974
9948
9987
9981
9990
9979
9986
9990
9975
9975
9990
9975
9989
9995
9991
9986
9996
9994
9976
9993
9938
9988
9994
9983
9962
9995
9989
9965
9987
9975
9994
9981
9963
9985
9995
9985
9994
9997
9995
9987
9971
9986
9988
9994
9992
9985
9992
9980
9983
9978
9993
9984
9969
9974
9976
9991
9980
9962
9977
9974
9988
9991
9971
9991
9983
9961
9974
9966
9980
9991
9994
9982
9986
9959
9980
9983
9982
9988
9989
9972
9992
9977
9987
9974
9993
9989
9951
9973
9988
9970
9993
9978
9991
9962
9982
9980
9979
9982
9997
9988
9969
9988
9994
9989
9987
9996
9977
9991
9970
9980
9996
9980
9986
9985
9989
9988
9988
9983
9984
9974
9987
9977
9985
9986
9989
9986
9972
9977
9980
9975
9965
9992
9969
9970
9990
9996
9984
9992
9983
9997
9986
9979
9970
9971
9979
9981
9989
9978
9982
9993
9990
9988
9985
9988
9990
9984
9982
9990
9981
9989
9990
9979
9991
9957
9971
9989
9995
9991
9992
9991
9970
9990
9988
9984
9975
9993
9990
9983
9963
9974
9989
9987
9992
9980
9985
9988
9979
9988
9988
9957
9987
9989
9975
9996
9979
9984
9993
9997
9997
9989
9987
9992
9987
9984
9992
9990
9984
9988
9989
9978
9990
9970
9983
9998
9997
9993
9990
9983
9992
9994
9987
9993
9991
9996
9988
9964
9994
9976
9976
9978
9985
9988
9980
9986
9978
9987
9974
9987
9970
9992
9993
9994
9985
9985
9990
9956
9981
9994
9987
9985
9965
9978
9985
9995
9979
9993
9986
9989
9992
9989
9996
9987
9990
9982
9981
9986
9985
9997
9987
9990
9985
9974
9993
9984
9998
9986
9983
9998
9982
9989
9977
9994
9981
9974
9989
9989
9990
9978
9988
9986
9975
9979
9987
9988
9992
9991
9997
9978
9987
9992
9991
9983
9992
9992
9985
9972
9985
9983
9987
9982
9985
9971
9983
9991
9974
9974
9970
9979
9982
9979
9994
9958
9988
9977
9971
9995
9991
9971
9977
9996
9995
9990
9983
9995
9975
9989
9991
9986
9990
9985
9982
9983
9991
9963
9971
9977
9990
9981
9993
9967
9991
9978
9969
9977
9985
9988
9986
9995
9965
9987
9979
9986
9984
9972
9994
9994
9978
9995
9985
9997
9987
9997
9973
9974
9988
9991
9982
9996
9988
9994
9983
9987
9994
9967
9986
9993
9986
9995
9987
9985
9986
9972
9997
9978
9991
9981
9985
9989
9980
9993
9986
9972
9978
9984
9986
9990
9971
9994
9989
9979
9983
9982
9991
9953
9994
9985
9981
9984
9975
9985
9982
9992
9994
9988
9975
9997
9978
9983
9986
9977
9985
9992
9980
9993
9983
9994
9993
9993
9994
9991
9969
9983
9988
9976
9984
9983
9965
9994
9989
9994
9988
9987
9978
9985
9986
9982
9983
9965
9984
9972
9996
9974
9991
9985
9991
9990
9977
9982
9986
9988
9987
9990
9979
9983
9985
9987
9976
9977
9966
9992
9995
9992
9985
9996
9996
9977
9985
9993
9970
9975
9992
9979
9987
9991
9994
9977
9984
9972
9986
9988
9982
9996
9997
9988
9987
9970
9985
9996
9991
9972
9961
9975
9983
9937
9970
9983
9980
9949
9975
9990
9981
9980
9977
9998
9979
9980
9985
9983
9983
9980
9977
9986
9983
9985
9998
9984
9993
9986
9982
9993
9975
9990
9988
9986
9968
9986
9988
9992
9985
9983
9989
9985
9995
9993
9987
9971
9994
9990
9993
9966
9995
9980
9993
9989
9993
9976
9994
9974
9968
9991
9992
9981
9979
9978
9996
9973
9984
9980
9992
9987
9983
9981
9986
9978
9991
9987
9981
9961
9958
9972
9986
9973
9992
9985
9981
9984
9983
9990
9977
9988
9967
9988
9991
9983
9991
9989
9974
9978
9991
9997
9991
9986
9989
9987
9991
9977
9992
9995
9995
9986
9998
9990
9985
9988
9983
9991
9993
9992
9974
9978
9985
9977
9979
9969
9986
9991
9979
9960
9984
