9989
9970
9991
9990
9989
9989
9984
9986
10000
9993
9984
9989
9985
9998
9992
9988
9986
9996
9992
9993
9997
9969
9997
9978
9981
9988
9982
9970
9984
9986
9983
9982
9977
9981
9976
9990
9984
9991
9994
9985
9995
9978
9988
9968
9972
9987
9967
9967
9985
9983
9987
9984
9984
9982
9989
9994
10000
9983
9993
9984
9997
9993
9992
9998
9983
9970
9998
9998
9994
9979
9994
9995
9988
9996
9994
9991
9978
9992
9990
9989
9984
9979
9976
9988
9981
9991
9993
9988
9990
9988
9993
9991
9999
9988
9981
9965
9984
9964
9977
9982
9995
9992
9965
9984
9997
9995
9997
9990
9994
9977
9973
9991
9984
9992
9984
9989
9974
9986
9968
9979
9981
9985
9989
9995
9995
9974
9994
9995
9992
9988
9987
9987
9983
9967
9984
9988
9994
9986
9992
9995
9983
9991
9992
9970
9979
9983
9984
9973
9981
9984
9987
9988
9981
9976
9966
9989
9987
9992
9987
9990
9994
9987
9976
9977
9993
9978
9989
9992
9982
9967
9989
9984
9989
9981
9994
9992
9996
9976
9983
9981
9982
9987
9968
9986
9972
9975
9991
9969
9963
9993
9976
9991
9973
9987
9998
9992
9968
9983
9976
9965
9997
9987
9991
9987
9990
9982
9972
9981
9971
9974
9987
9978
9989
9967
9986
9997
9983
9974
9970
9991
9990
9985
9990
9988
9979
9984
9988
9983
9994
9990
9992
9994
9976
9981
9986
9970
9979
9979
9970
9985
9986
9995
9988
9992
9988
9985
9954
9983
9984
9992
9982
9985
9981
9984
9990
9971
9982
9990
9986
9981
9976
9973
9994
9994
9986
9991
9964
9978
9985
9985
9981
9992
9996
9975
9997
9971
9983
9982
9984
9990
9989
9996
9996
9989
9991
9980
9991
9986
9989
9970
9982
9985
9984
9983
9979
9991
9984
9989
9979
9986
9993
9991
9966
9954
9992
9986
9979
9982
9962
9971
9977
9996
9986
9992
9987
9998
9989
9990
9973
9986
9977
9985
9972
9983
9986
9994
9987
9993
9992
9971
9985
9975
9979
9984
9983
9989
9980
9977
9982
9979
9994
9979
9994
9985
9995
9979
9988
9991
9992
9992
9974
9997
9982
9981
9985
9975
9989
9975
9987
9981
9994
9984
9960
9996
9980
9984
9984
9978
9983
9963
9981
9958
9964
9994
9962
9978
9986
9990
9973
9985
9995
9992
9996
9981
9988
9991
9983
9990
9981
9984
9973
9989
9988
9989
9990
9989
9996
9992
9996
10000
9971
9982
9988
9991
9992
9965
9989
9985
9985
9998
9985
9997
9988
9971
9985
9996
9980
9996
9977
9977
9980
9985
9977
9963
9990
9981
9984
9986
9967
9995
9977
9985
9986
9997
9992
9983
9969
9973
9977
9992
9991
9987
9991
9983
9989
9992
9995
9992
9992
9993
9989
9988
9990
9970
9996
9997
9979
9984
9990
9990
9987
9984
9987
9990
9995
9985
9983
9990
9986
9991
9990
9983
9991
9973
9993
9986
9975
9993
9991
9983
9991
9995
9992
9967
9981
9988
9997
9999
9994
9977
9978
9990
9995
9990
9999
9992
9983
9990
9977
9985
9995
9996
9992
9970
9988
9983
9968
9996
9990
9989
9977
9981
9967
9995
9985
9985
9992
9988
9972
9986
9990
9988
9989
9989
9987
9990
9991
10000
9988
9983
9984
9997
9987
9962
9985
9979
9962
9995
9952
9990
9987
9982
9988
9969
9993
9999
9978
9983
9986
9991
9988
9980
9991
9993
9984
9951
9973
9996
9991
9993
9968
9976
9973
9965
9978
9989
9983
9983
9984
9983
9993
9992
9982
9985
9993
9977
9970
9971
9972
9979
9989
9971
9987
9984
9979
9982
9984
9983
9981
9983
9981
9979
9966
9989
9992
9975
9972
9974
9975
9977
9990
9992
9968
9979
9992
9984
9991
9997
9974
9985
9981
9982
9992
9983
9985
9993
9989
9986
9986
9976
9987
9983
9985
9987
9980
9978
9971
9989
9992
9996
9983
9981
9979
9983
9965
9983
9982
9978
9980
9977
9992
9990
9976
9991
9971
9984
9978
9996
9976
9997
9983
9984
9990
9989
9994
9982
9983
9990
9962
9993
9980
9978
9979
9994
9988
9986
9971
9991
9986
9984
9970
9985
9980
9980
9991
9986
9991
9977
9986
9991
9974
9998
9982
9986
9986
9975
9986
9978
9997
9985
9998
9991
9987
9975
9979
9984
9993
9973
9996
9991
9991
9992
9996
9987
9987
9986
9969
9996
9989
9990
9977
9990
9975
9980
9996
9975
9974
9973
9980
9987
9985
9995
9973
9997
9982
9990
9983
10000
9985
9992
9992
9997
9984
9995
9984
9973
9995
9981
9995
9993
9986
9975
9990
9993
9990
9986
9990
9966
9963
9973
9969
9996
9997
9995
9982
9985
9980
9980
9974
9966
9975
9994
9970
9983
9987
9958
9985
9983
9989
9995
9984
9984
9984
9990
9981
9984
9993
9964
9997
9953
9981
9986
9982
9979
9964
9970
9995
9976
9991
9985
9976
9979
9964
9970
9994
9982
9975
9988
9995
9991
9986
9979
9991
9996
9987
9964
9987
9978
9990
9990
9970
9969
9983
9979
9974
9988
9989
9978
9994
9986
9991
9995
9979
9990
9992
9972
9986
9974
9987
9987
9978
9994
9985
9966
9981
9977
9999
9979
9974
9994
9979
9983
9978
9980
9980
9988
9983
9993
9993
9985
9991
9991
9986
9996
9982
9980
9993
9968
9993
9997
9996
9987
9995
9975
9996
9991
9990
9992
9973
9983
9990
9991
9997
9978
9993
9994
9961
9990
9971
9986
9994
9989
9992
9993
9981
9986
9985
9984
9992
9996
9984
9979
9985
9987
9984
9995
9976
9994
9952
9996
9990
9997
9981
9992
9998
9982
9978
9985
9992
9986
10000
9967
9986
9988
9972
9996
9975
9990
9992
9977
9993
9996
9962
9974
9976
9992
9989
9989
9994
9985
9990
9983
9972
9998
9993
9962
9979
9986
9985
9986
9989
9987
9997
9990
9985
9989
9994
9990
9975
9987
9989
9985
9984
9984
9993
9970
9983
9992
9997
9988
9981
9978
9972
9986
9983
9995
9988
9982
9978
9962
9992
9980
9972
9967
9980
9971
9993
9990
9990
9987
9984
9984
9967
9998
9997
9965
9965
9991
9996
9985
9994
9993
9982
9996
9988
9981
9980
9994
9991
9998
