9960
9980
9988
9980
9978
9983
9991
9983
9980
9989
9987
9966
9967
10000
9989
9983
9975
9984
9981
9994
9982
9992
9986
9976
9987
9980
9990
9991
9982
9979
9996
9983
9972
9997
9987
9987
9987
9979
9996
9966
9990
9996
9979
9975
9978
9994
9979
9982
9972
9971
9992
9986
9993
9983
9988
9987
9993
9988
9989
9996
9980
9992
9974
9979
9979
9997
9993
9992
9984
9980
9993
9986
9984
9989
9994
9976
9979
9986
9989
9998
9984
9992
9985
9986
9970
9982
9982
9985
9977
9992
9978
9978
9989
9987
9988
9983
9944
9987
9987
9991
9997
9980
9975
9994
9996
9989
9996
9979
9987
9989
9989
9977
9981
9970
9996
9984
9985
9998
9984
9963
9981
9987
9966
9997
9987
9979
9992
9983
9979
9992
9988
9999
9990
9983
9983
9985
9996
9986
9989
9988
9970
9975
9989
9991
9972
9985
9967
9979
9984
9977
9988
9985
9983
9993
9974
9958
9996
9982
9991
9991
9992
9989
9983
9964
9987
9989
9955
9976
9983
9989
9991
9982
9980
9997
9990
9975
9992
9984
9979
9972
9995
9973
9985
9971
9979
9990
9970
9991
9986
9981
9967
9991
9971
9991
9975
9995
9996
9980
9979
9991
9993
9963
9992
9982
9988
9974
9986
9976
9989
9990
9967
9984
9974
9985
9963
9978
9993
9993
9983
9979
9983
9993
9984
9976
9991
9970
9993
9999
9987
9988
9989
9986
9985
9993
9956
9996
9987
9994
9981
9994
9980
9966
9989
9986
9979
9992
9991
9979
10000
9978
9999
9995
9976
9967
9982
9991
9991
9988
9994
9994
9986
9978
9982
9986
9990
9967
9986
9992
9984
9981
9989
9977
9989
9984
9988
9986
9983
9988
9989
9976
9978
9966
9994
9988
9991
9978
9970
9993
9997
9991
9999
9992
9991
9989
9980
9991
9989
9986
9985
9987
9984
9990
9986
9976
9980
9994
9987
9992
9980
9983
9984
9962
9984
9981
9989
9986
9982
9992
9976
9984
9985
9940
9975
9996
9972
9997
9993
9967
9985
9983
9993
9991
9997
9980
9983
9970
9985
9994
9982
9981
9989
9980
9982
9989
9981
9972
9980
9994
9955
9978
9966
9961
9984
9980
9983
9977
9990
9984
9978
9981
9990
9991
9968
9980
9980
9993
9988
9993
9991
9962
9963
9976
9990
9988
9987
9982
9977
9981
9992
9999
9972
9981
9990
9976
9994
9981
9997
9984
9993
9995
9993
9996
9977
9984
9981
9980
9981
9983
9980
9967
9988
9976
9981
9981
9995
9990
9958
9996
9997
9975
9987
9990
9983
9999
9991
9990
9999
9977
9980
9993
9991
9986
9983
9994
9965
9998
9991
9979
9992
9965
9992
9983
9990
9978
9993
9986
9971
9993
9986
9979
9987
9988
9981
9989
9983
9998
9962
9984
9958
9984
9989
9987
9986
9971
9982
9987
9986
9995
9996
9982
9992
9992
9985
9988
9971
9997
9990
9996
9986
9982
9984
9989
9987
9990
9985
9984
9988
9965
9968
9997
9982
9987
9979
9987
9991
9972
9971
9992
9991
9978
9973
9981
9993
9959
9991
9990
9992
9987
9988
9968
9984
9990
9983
9969
9986
9969
9989
9996
9986
9995
9987
9964
9990
9996
9993
9977
9968
9976
9992
9983
9996
9987
9991
9980
9994
9978
9978
9990
9977
9990
9980
9989
9962
9987
9986
9980
9988
9983
9986
9993
9978
9975
9986
9978
9974
9994
9986
9991
9994
9986
9988
9990
9986
9992
9978
9972
9979
9989
9983
9991
9995
9997
9972
9997
9993
9988
9988
9989
9991
9980
9987
9986
9979
9985
9974
9971
9984
9977
9997
9982
9968
9975
9988
9975
9975
9992
9979
9980
9999
9997
9981
9991
9989
9989
9994
9985
9964
9990
9990
9993
9989
9968
9990
9987
9980
9981
9983
9991
9994
9977
9985
9955
9989
9966
9976
9989
9987
9977
9993
9979
9974
9989
9986
9951
9981
9986
9991
9994
9980
9974
9962
9982
9988
9986
9986
9985
9981
9990
9996
9987
9989
9992
9977
9978
9970
9965
9989
9988
9997
9974
9997
9983
9996
9990
9992
9993
9995
9984
9988
9991
9995
9973
9984
9992
9984
9990
9961
9996
9962
9980
9986
9988
9992
9970
9980
9982
9990
9986
9983
9968
9991
9990
9955
9992
9987
9999
9991
9980
9988
9990
9989
9973
9993
9989
9996
9988
9985
9994
9983
9971
9990
9979
9984
9979
9983
9976
9986
9984
9997
9986
9985
9993
9998
9991
9992
9986
9987
9991
9986
9996
9987
9992
9986
9969
9986
9990
9984
9972
9995
10000
9982
9995
9984
9962
9976
9987
9985
9968
9982
9998
9985
9989
9985
9998
9972
9976
9989
9970
9989
9973
9978
9986
9984
9978
9983
9972
9988
9989
9985
9949
9986
9965
9977
9987
9982
9977
9960
9993
9984
9986
9981
9971
9986
9974
9996
9993
9968
9987
9990
9998
9971
9992
9990
9993
9991
9980
9970
9976
9996
9989
9995
9994
9992
9986
9991
9989
9997
9980
9989
9977
9960
9980
9983
9993
9989
9978
9998
9985
9991
9989
9993
9997
9981
9988
9983
9963
9960
9992
9973
9990
9993
9985
9979
9976
9986
9977
9982
9987
9985
9983
9977
9985
9988
9979
9985
9990
9993
9996
9979
9989
9990
9970
9986
9964
9965
9980
9964
9987
9991
9985
9987
9985
9972
9980
9973
9991
9997
9989
9997
9986
9955
9971
9983
9981
9986
9995
9993
9970
9988
9995
9990
9968
9972
9981
9996
9986
9995
9975
9989
9988
9986
9989
9975
9990
9991
9971
9986
9961
9992
9966
9979
9972
9981
9967
9986
9990
9983
9989
9985
9970
9991
9983
9996
9976
9994
9984
9991
9988
9987
9990
9990
9990
9994
9995
9990
9978
9981
9969
9986
9985
9975
9991
9983
9979
9995
9991
9991
9945
9979
9989
9975
9990
9997
9984
9991
9989
9990
9995
9995
9988
9979
9985
9981
9988
9986
9983
9991
9966
9986
9982
9995
9977
9986
9988
9975
9988
9987
9979
9983
9984
9972
9979
9995
9962
9989
9972
9975
9978
9993
9991
9984
9982
9988
9992
9990
9981
9986
9984
9984
9986
9979
9969
9983
9994
9988
9994
9991
9992
9975
9987
9998
9980
9990
9984
9985
9963
9990
9973
9981
9980
