9989
9979
10000
9993
9994
9984
9980
9990
9993
10000
9985
9985
9998
9974
9987
9993
9998
9984
9995
9993
9988
9977
9991
9999
9988
9997
9976
9976
9998
9983
9967
9971
9981
9959
10000
9967
9999
9987
9994
9998
9993
10000
9986
9991
9966
9995
9989
9977
9994
9996
9999
9997
9992
9970
10000
9990
10000
9992
9983
10000
10000
9989
9977
10000
9990
9971
9966
9998
10000
9981
9997
9982
9990
9983
9966
10000
9987
9993
9981
10000
9990
9989
9999
10000
10000
9971
10000
9990
9999
10000
9981
9986
9994
9985
9978
9975
9991
9981
9970
9970
9992
9995
9998
9974
10000
9995
9983
9975
9993
9984
9983
9986
9980
9993
10000
9986
9983
9992
9991
9985
9976
9968
9984
9998
9993
9999
9985
9991
9967
9992
9986
10000
9995
9982
9993
9990
9999
9997
9979
9989
9993
9993
9960
9997
9987
9992
9999
9984
9998
9972
9981
9974
9993
9982
9999
10000
9978
10000
10000
9986
9985
9981
9991
9979
9998
10000
9986
9996
9982
9967
9985
9989
9985
9989
9999
9995
9982
9989
9987
9989
10000
9968
9995
9976
10000
9993
9993
9992
9987
9990
9989
9985
9990
9981
9997
9988
9994
9984
9984
9985
9991
9988
9953
9989
10000
9995
9982
10000
9982
10000
9982
9972
9957
9986
9996
9996
9994
10000
9987
9982
9980
10000
9977
10000
9988
9984
10000
9996
9976
9989
9990
9986
9990
10000
9979
10000
9969
9988
10000
9973
9993
9987
9975
9993
9996
9992
9986
9988
10000
9996
9987
9986
9992
9976
9999
9998
10000
9953
9988
9981
9999
10000
9980
9995
9973
9983
9986
9993
9994
9986
9990
9990
9996
9995
10000
10000
9999
9963
9985
10000
9999
10000
9992
9974
9985
9978
10000
9994
9964
9996
9996
9977
9972
9977
9991
9986
9987
9987
9985
10000
9987
9981
9977
9982
10000
10000
9992
9994
9987
9999
9989
9987
9991
9990
10000
9969
9983
9961
9993
9986
9980
9974
9996
9987
9989
9988
9988
9999
9985
9981
10000
9992
9993
10000
9989
9987
9967
9995
9985
9993
9987
9998
9977
9980
9974
9994
9984
9998
9987
9979
9979
9984
9990
9999
9983
9963
10000
9972
9997
9991
9992
9980
9982
9987
9989
9988
10000
9983
9992
9978
10000
9981
9998
10000
9972
9985
9988
9980
9985
9996
9986
10000
9931
9976
9996
9966
9983
9991
9989
9987
9989
9960
9989
9984
9976
9986
9991
9993
9987
9992
9985
9992
9994
9990
9980
9975
9985
9984
10000
10000
10000
9988
10000
10000
9987
10000
9998
9969
9991
9993
9984
9983
9991
9982
9974
9988
9971
9994
9991
9987
9978
9998
9994
10000
9982
9985
9980
9981
9988
9985
9993
9989
10000
9978
9988
9997
9982
9999
9983
10000
9990
9975
9993
9997
9988
10000
9989
9984
9985
9994
9982
9989
9992
9976
9998
10000
9977
9983
10000
9994
10000
10000
9984
9985
9992
10000
9997
9984
9976
9997
10000
9993
9996
9969
9970
9993
9982
9992
9979
9975
9999
9989
9977
9992
9974
9986
9981
9993
10000
9993
9990
9993
9997
9962
9990
9984
9999
9983
9977
9992
9983
9993
9979
9978
10000
9980
9972
9984
9995
9985
9971
9996
9991
9980
9994
9987
9989
9979
9988
9999
9978
9978
9976
9987
9982
9995
9990
10000
9983
10000
9991
9991
9982
9992
9984
9977
9995
9985
9985
10000
9994
9982
9992
9994
9980
9962
9993
9980
9971
10000
9982
9981
9975
9986
9971
9993
9995
9999
10000
9988
9992
9994
10000
10000
9978
9988
9993
10000
9990
9972
9990
9994
9982
9997
9982
9988
9979
9983
9984
9972
9988
9966
9980
9986
9981
10000
9981
10000
9996
9995
10000
9979
9978
9992
9991
9976
9982
9987
10000
9993
9978
9991
9993
9993
9986
9991
9986
9985
10000
9974
9989
9985
10000
10000
9997
9986
9994
9990
10000
9993
9991
9994
10000
10000
9962
9997
9997
9994
9988
9991
9975
9993
9997
9994
9998
9983
9990
9966
9986
9981
9992
10000
9974
9955
9990
9988
9986
10000
9986
9995
9993
9984
10000
9987
9996
9984
9996
9987
9971
10000
9986
9979
10000
9979
9988
9993
9983
9979
10000
9989
9979
10000
9992
9987
9964
9998
9986
10000
9985
9972
9991
9999
9976
9991
9983
9999
9992
9986
9977
9975
10000
9974
10000
9984
9999
9989
9982
9988
9926
9986
10000
9990
9988
9973
9992
9991
9994
9979
9974
9994
9947
9991
10000
9984
10000
10000
9996
9998
9972
9994
10000
9994
9985
9992
9994
9975
9984
9999
9990
9999
9961
9973
9993
9960
9997
9984
9990
9999
9982
10000
9991
9994
9975
10000
9983
9989
9988
9994
9979
9994
9994
9999
9986
9989
9977
9995
10000
9998
9982
9982
9998
9982
9982
9968
9979
9994
9988
9984
9978
9973
9991
9972
10000
9972
9973
9979
10000
9984
9990
10000
10000
9970
9993
10000
9997
9992
9997
10000
9992
9971
9988
9976
9975
9988
10000
9983
9967
9984
10000
9988
9985
10000
9978
9988
9993
9976
9984
9963
9974
9987
9987
9964
9991
9987
9988
9975
9989
9982
9975
9985
9991
9987
9984
9986
9993
9998
9986
9988
9998
9983
10000
9993
10000
9980
10000
9986
9988
9990
9998
9991
9984
9962
10000
9987
10000
9990
9995
9989
9995
9990
9981
9995
9978
9981
9984
9982
9994
9984
9994
9997
10000
9998
9999
9965
9970
9970
9993
9995
9992
9984
10000
9974
10000
9990
10000
9994
9986
9988
9977
9994
9985
9989
9981
9987
10000
10000
9997
9975
9993
9997
9974
9985
9997
9987
9984
9998
9998
9988
9973
9978
9996
9970
9983
9992
9990
9992
9976
10000
9981
9984
9982
9993
9982
9992
9992
9998
10000
9988
9999
9982
9991
10000
9986
9964
9991
9986
9961
9983
9983
9989
9989
9992
9987
9983
9987
9993
9994
9986
9987
9970
9986
10000
9992
9990
10000
9979
9976
9985
10000
9996
9985
9996
9988
9988
9993
9991
10000
9982
9986
9998
9982
9998
9983
9997
9995
9978
9984
9994
9982
10000
9993
9982
9994
9989
9989
10000
9992
9976
9999
9987
9980
9989
9989
9983
10000
10000
9975
9985
9986
9994
