9984
9994
9980
9989
9994
9981
9979
9977
9971
9991
9980
9986
9982
9988
9980
9991
9988
9981
9991
9981
9993
9994
9985
9999
9991
9993
9982
9993
9984
9980
9991
9975
9970
9991
9980
9991
9978
9964
9995
9972
9985
9985
9966
9978
9994
9999
9976
9981
9969
9997
9990
9991
9975
9997
9969
9991
9968
9985
9993
9970
9958
9996
9990
9986
9992
9998
9999
9983
9995
9987
9989
9971
9984
9980
9978
9996
9973
9998
9993
9988
9979
9982
9986
9974
9972
9995
9991
9984
9986
9963
9987
9979
10000
9978
9980
9977
9985
9981
9993
9958
9984
9982
9986
9967
9987
9960
9985
9990
9988
9992
9992
9987
9983
9972
9984
9978
9983
9967
9982
9978
9987
9988
9988
9990
9995
9974
9984
9982
9987
9977
9974
9982
9991
9994
9985
9980
9977
9971
9988
9988
9980
9987
9971
9986
9975
9984
9981
9988
9971
9987
9971
9990
9973
9987
9982
9976
9983
9988
9981
9991
9997
9989
9980
9981
9995
9976
9991
9994
9995
9991
9989
9983
9979
9973
9994
9969
9967
9983
9981
9985
9993
9970
9978
9960
9986
9993
9990
9992
9984
9991
9998
9983
9969
9994
9993
9992
9988
9968
9985
9982
9986
9993
9985
9975
9993
9984
9985
9984
9988
9983
9983
9991
9988
9977
9981
9997
9983
9990
9998
10000
9993
9969
9990
9995
9983
9987
9987
9992
9999
9986
9963
9980
9995
9992
9968
9979
9993
9995
9983
9984
9995
9977
9968
9993
9970
9988
9987
9987
9984
9989
9996
9977
9992
9987
9978
9981
9989
9993
9995
9980
9959
9970
9984
9982
9977
9962
9990
9978
9987
9964
9989
9988
9984
9970
9987
9987
9984
9990
9961
9989
9978
9982
9993
9989
9972
9986
9984
9988
9973
9959
9973
9992
9988
9973
9964
9984
9997
9987
9983
9991
9977
9987
9996
9995
9996
9968
9980
9993
9973
9975
9990
9996
9974
9990
9983
9971
9986
9989
9979
9991
9992
9985
9977
9977
9991
9997
9988
9989
9993
9986
9988
9986
9989
9985
9995
9991
9993
9972
9996
9981
9986
9984
9989
9993
9991
9979
9973
9969
9980
9981
9989
9988
9990
9990
9986
9995
9983
9989
9987
9947
9957
9992
9991
9979
9966
9985
9982
9974
9988
9979
9994
9988
9991
9985
9977
9985
9981
9982
9980
9993
9990
9987
9977
9975
9991
9997
9989
9982
9982
9982
9970
9994
9996
9970
9983
9980
9987
9988
9979
9987
9987
9961
9987
9985
9992
9973
9994
9988
9980
9994
9984
9988
9968
9972
9986
9981
9973
9989
9982
9984
9993
9980
9990
9967
9994
9986
9951
9981
9982
9956
9988
9986
9977
9987
9984
9986
9987
9998
9971
9992
9990
9975
9978
9970
9970
9995
9988
9972
9993
9995
9997
9985
9991
9983
9986
9982
9992
9977
9987
9985
9992
9996
9955
9992
9992
9966
9995
9971
9980
9991
9987
9972
9978
9993
9981
9986
9985
9997
9981
9992
9987
9988
9994
9962
9992
9976
9982
9986
9991
9988
9989
9973
9993
9982
9994
9986
9948
9981
9990
9994
9973
9987
9985
9994
9970
9972
9989
9986
9993
9962
9984
9981
9982
9980
9992
9980
9995
9977
9980
9988
9986
9978
9972
9987
9984
9980
9987
9975
9983
9988
9978
9981
9976
9987
9978
9990
9980
9992
9971
9996
9984
9993
9986
9993
9989
9987
9981
9986
9983
9977
9980
9996
9993
9993
9986
9977
9983
9990
9978
9987
9976
9992
9990
9986
9992
9990
9990
9980
9995
9997
9981
9985
9989
9983
9990
9994
9992
9991
9970
9991
9983
9971
9990
9975
9993
9988
9984
9991
9993
9980
9992
9996
10000
9982
9979
9992
9985
9997
9987
9993
9978
9982
9982
9967
9993
9991
9997
9988
9990
9995
9981
9994
9972
9988
9983
9984
9994
9981
9989
9981
9964
9990
9987
9973
9976
9976
9993
9984
9982
9984
9988
9994
9987
9984
9984
9989
9981
9978
9995
9982
9978
9990
9992
9993
9978
9989
9980
9998
9984
9980
9990
9996
9983
9981
9982
9970
9987
9997
9992
9993
9960
9988
9983
9988
9990
9992
9994
9930
9974
9992
9987
9982
9990
9983
9988
9991
9989
9991
9972
9984
9983
9965
9975
9995
9991
9994
9992
9984
9984
9990
9988
9995
9981
9972
9994
9979
9980
9981
9992
9989
9991
9985
9985
9978
9990
9971
9977
9990
9986
9979
9994
9995
9976
9989
9974
9992
9986
9979
9978
9985
9988
9980
9980
9968
9988
9992
9995
9987
9966
9996
9979
9984
9982
9965
9990
9978
9991
9986
9999
9977
9994
9991
9997
9983
9981
9986
9982
9959
9984
9978
9970
9946
9971
9994
9982
9995
9982
9987
9989
9978
9980
9978
9981
9991
9995
9965
9994
9990
9981
9972
9979
9994
9979
9972
9982
9984
9979
9984
9994
9986
9971
9997
9978
9988
9991
9973
9977
9970
9960
9993
9993
9985
9967
9981
9989
9994
9990
9997
9994
9980
9976
9972
9980
9986
9991
9981
9990
9994
9995
9983
9971
9982
9996
9979
9983
9986
9984
9981
9985
9986
9992
9987
9990
9992
9974
9981
9975
9975
9993
9970
9985
9968
9979
9962
9988
9992
9986
9983
9997
9989
9964
9988
9980
9988
9993
9985
9984
9974
9984
9983
9993
9970
9988
9988
9979
9992
9971
9987
9971
9984
9977
9978
9978
9992
9996
9996
9994
9974
9993
9987
9989
9972
9978
9952
9973
9987
9981
9981
9993
9979
9995
9991
9981
9985
9991
9991
9989
9966
9985
9984
9984
9991
9977
9985
9987
9993
9974
9976
9990
9988
9991
9998
9998
9975
9964
9983
9987
9986
9977
9970
9996
9984
9989
9975
9977
9979
9989
9993
9992
9957
9968
9987
9989
9980
9971
9982
9987
9938
9960
9975
9986
9993
9995
9989
9996
9981
9992
9993
9996
9983
9989
9957
9998
9984
9994
9997
9986
9993
9983
9994
9968
9984
9984
9989
9993
9976
9975
9984
9979
9994
9978
9991
9990
9985
9983
9979
9983
9983
9983
9992
9977
9972
9995
9982
9986
9992
9971
9993
9991
9997
9992
9993
9994
9996
9981
9983
9978
9983
9983
10000
9983
9971
9974
9980
9993
9978
9995
9988
9973
9983
