9997
9993
9982
10000
9988
10000
9974
10000
10000
9974
10000
9999
9989
10000
9999
9971
9975
10000
9989
10000
10000
9978
10000
9978
10000
10000
10000
9990
10000
10000
9987
9987
9989
9989
10000
9981
10000
9994
10000
10000
9996
9989
10000
9981
9977
10000
9966
9975
9978
9981
9994
10000
9988
10000
9988
10000
9975
9973
10000
9982
9964
9991
9976
10000
9984
9975
9981
9996
9983
9972
9991
10000
9993
9999
10000
9983
10000
9991
10000
9993
10000
9986
10000
10000
9979
9997
10000
10000
9994
9984
10000
9998
9986
10000
9994
9999
9988
10000
9987
9986
10000
9997
10000
10000
9981
10000
10000
10000
10000
9966
9990
9978
10000
10000
9991
10000
9986
9987
10000
9997
9991
10000
9991
9961
10000
9984
9992
9990
9992
9974
9999
9980
9988
9982
10000
9986
9987
10000
9999
9994
9975
10000
10000
10000
9993
10000
10000
9965
10000
9999
10000
9998
10000
9995
9986
9994
9974
9987
9983
10000
9978
10000
9978
10000
9999
9987
10000
9994
10000
9958
9990
10000
9968
9997
9974
10000
10000
9982
10000
9963
9984
9994
9989
10000
10000
9952
9998
10000
9981
9984
9986
9982
10000
9986
10000
10000
10000
9991
9976
9973
9997
10000
9991
10000
9982
10000
9969
9983
10000
9974
9982
10000
9973
10000
9985
9991
10000
10000
10000
9991
9989
10000
9985
9990
9966
9985
9959
9980
9987
10000
10000
10000
10000
9984
9994
9991
9989
10000
10000
9959
9984
9999
9990
10000
10000
9997
9991
9989
9987
9969
10000
9985
10000
9992
9985
10000
9987
10000
9970
9992
9988
9983
10000
10000
9982
10000
9994
9984
10000
9967
10000
10000
9987
9964
10000
9981
9993
10000
9984
9986
10000
10000
9979
9981
9990
9985
9979
9990
9976
10000
9973
9963
10000
9988
10000
9989
10000
9999
9994
10000
10000
10000
10000
10000
9986
10000
10000
9984
9989
10000
9973
10000
10000
9999
9993
9976
9982
9995
9993
10000
10000
9995
9999
10000
10000
9979
9993
10000
9983
10000
9999
10000
9958
9975
9992
9967
9997
9998
10000
10000
9993
9977
9985
10000
9982
10000
10000
9994
10000
10000
10000
9995
9980
10000
9986
10000
9992
9997
9982
10000
9994
9995
9998
9978
10000
9966
9995
9987
10000
9988
9993
10000
10000
10000
10000
10000
9988
10000
9959
9994
10000
9966
9980
10000
10000
9990
9970
10000
9999
9987
9996
9977
10000
10000
10000
9991
9998
9999
9976
9980
9992
9979
9993
10000
9981
9987
9984
10000
9992
9972
9964
9984
9987
10000
9999
9993
9984
10000
9993
10000
10000
9984
9983
9999
10000
9995
10000
9984
9994
10000
9979
10000
9998
10000
9971
10000
9984
10000
10000
10000
10000
10000
9972
10000
10000
10000
9992
9968
10000
9992
10000
10000
10000
9986
9978
10000
9996
10000
10000
10000
10000
9986
9994
9995
9990
9984
9968
10000
9979
9994
9989
9982
9995
9991
9999
9968
9990
10000
9987
9981
9972
10000
9983
9992
10000
9978
9985
10000
9981
9989
9990
10000
10000
9983
10000
9987
9993
9994
9981
9972
9987
10000
9997
9981
9989
9993
9965
9983
10000
9988
9999
9984
10000
9973
9985
9966
9999
10000
9982
10000
9989
10000
10000
9992
10000
10000
9999
9975
9977
10000
10000
10000
10000
9987
10000
10000
10000
9973
9995
9982
10000
9985
9993
10000
9978
9993
9969
10000
9984
9987
9994
9983
9981
10000
9986
9986
9992
9990
9980
9973
10000
10000
9971
9967
9973
9981
9999
9973
9985
9973
9991
9990
9987
9989
9989
10000
10000
9997
10000
9992
10000
9999
9986
9991
9990
9987
9990
9999
10000
10000
9996
10000
9971
10000
10000
10000
9990
9990
9989
10000
9983
9994
9978
9968
9983
9972
9995
10000
9982
10000
10000
10000
9988
9999
9977
10000
9987
10000
9978
10000
9991
10000
10000
10000
10000
9992
9975
9995
9999
9991
10000
10000
10000
10000
10000
10000
9990
9968
10000
9996
9996
10000
9976
10000
9988
9963
9990
10000
9986
10000
10000
9994
9987
10000
9972
9982
10000
9989
9979
9981
10000
9994
9978
9983
9998
9973
10000
10000
9996
9962
9987
10000
10000
9983
9983
10000
9982
10000
10000
9988
10000
10000
9993
9991
9978
10000
9981
9986
9983
10000
9996
9994
9994
10000
10000
9989
9973
9956
9994
9990
10000
9959
9983
9982
10000
9956
10000
9992
10000
9978
9993
9980
9990
9998
10000
10000
9977
9982
10000
10000
9987
9969
10000
9995
9985
10000
9976
9993
9998
10000
10000
10000
10000
10000
9987
9985
10000
10000
9997
9997
9994
9980
9991
10000
9989
9983
10000
10000
9982
9992
9985
9986
9988
9979
9973
9996
10000
10000
9977
9987
9989
10000
10000
10000
10000
9994
10000
9985
10000
9969
9987
9972
9980
9980
9981
9981
9996
9989
9974
9968
10000
9996
9980
9959
10000
9985
9973
10000
9976
10000
9963
9991
10000
10000
9962
9977
9999
10000
9991
9978
9965
9996
10000
9997
9992
9992
10000
9999
10000
9990
10000
10000
9981
9979
10000
9987
9975
9976
9987
9989
10000
10000
9987
9970
10000
9977
10000
9997
9987
10000
9980
9972
9991
10000
9986
9988
9993
9990
9968
9986
9993
10000
9991
10000
9986
10000
9999
10000
10000
9982
9984
10000
9993
10000
10000
9999
9974
10000
10000
9994
10000
9986
9954
10000
9983
9976
10000
9988
9999
9994
9988
9999
9989
9979
9988
9994
9985
10000
10000
9996
9997
10000
9985
9994
10000
10000
10000
9987
10000
9997
10000
10000
10000
10000
9976
9986
9972
9961
10000
9984
9987
9995
9992
9974
9959
9997
9998
9964
9986
9992
9982
9980
9979
10000
9975
10000
9976
9993
9981
10000
9995
10000
9991
9985
9982
9965
10000
9986
9989
9997
9991
9997
10000
10000
9986
10000
10000
9995
9994
9980
9964
9987
9978
9961
9995
9998
9986
9991
9992
9979
10000
9992
9975
10000
9993
9994
9983
9978
10000
9990
9981
9999
10000
10000
9999
9989
9968
10000
9977
10000
10000
10000
10000
10000
10000
9973
9992
9980
10000
9990
10000
10000
9976
10000
9984
9993
9993
9970
9978
9992
9979
10000
9991
9997
9980
10000
9981
9992
10000
9983
