10000
10000
10000
9991
9993
9991
10000
9987
10000
9983
9996
9985
9999
9998
10000
9982
9999
9976
9996
10000
9977
9986
9994
9975
9990
9972
9981
9977
10000
10000
10000
9967
9980
9994
10000
9997
10000
9969
10000
9973
9989
10000
10000
9989
9989
9949
9980
9998
9979
9988
9993
9982
9986
10000
9999
9989
10000
9986
9980
10000
9992
10000
9992
9972
9975
9985
9976
9997
9961
9984
9987
10000
10000
9972
9976
9985
9972
10000
9993
9981
9976
9981
10000
9987
9985
10000
10000
9988
9981
9988
10000
9996
9969
9989
9954
9978
9990
9994
9998
9971
9983
9971
9993
9980
10000
9984
10000
9992
9980
9994
10000
9987
9985
9987
9970
9979
9986
9983
9985
10000
9998
9960
9993
10000
9972
9978
9990
9978
9978
9993
10000
9978
9984
10000
10000
10000
9999
9985
9991
9960
10000
9971
9957
9992
9974
9990
10000
9993
9999
9990
10000
9980
9989
9996
9973
9985
10000
9994
9985
9994
9995
10000
9992
10000
9985
9997
9987
9988
10000
9992
10000
9986
10000
9982
9999
9998
9979
9988
9993
10000
9958
9994
10000
10000
9999
9983
9981
9998
10000
10000
9986
9980
9991
10000
9975
9976
9983
9984
9982
10000
9987
9998
10000
9987
10000
9989
9976
9987
9963
9989
9984
10000
10000
10000
10000
9993
9965
10000
10000
10000
9992
9988
9986
9981
9980
9973
10000
10000
9970
10000
10000
9984
9992
9982
10000
9971
10000
9994
9995
9991
9984
10000
9989
9996
9991
10000
9968
9985
9988
9987
9965
9984
9989
9997
10000
9986
9959
9991
9994
9995
9986
9991
10000
9985
10000
9983
9994
9960
9992
9983
9987
10000
9979
10000
9983
9986
9981
9993
9990
9999
9994
10000
9971
9991
10000
10000
9988
9991
9975
9983
9983
9990
9989
9967
9988
9963
9995
9965
10000
10000
9968
9990
10000
10000
9977
9968
9977
10000
10000
9998
9988
9994
9997
9982
9988
9966
10000
9983
9982
9992
9992
9963
9986
9997
9992
9991
10000
9967
9980
9982
9980
9995
9986
9989
10000
9969
9995
9985
9983
9969
9977
9991
9988
9956
10000
9982
9981
9999
9985
9989
9973
9981
9985
9957
10000
9971
9977
10000
10000
9988
9993
10000
10000
9982
10000
9976
10000
9986
9991
10000
9983
10000
9973
10000
9969
9982
9963
9991
9978
9991
9985
9950
10000
9974
10000
9979
9982
9991
10000
9996
9975
10000
9975
9994
9990
9985
10000
10000
10000
10000
9989
9983
9979
9973
9972
9998
9994
10000
9977
10000
9994
9992
10000
9993
9996
10000
10000
9975
9976
9983
9988
9990
9965
9999
9974
9986
9976
10000
9992
9985
9971
9988
9988
9987
9994
10000
9966
10000
9988
10000
9985
9987
10000
9975
10000
10000
10000
9985
9990
9989
9981
9990
9990
9987
10000
9989
9989
9981
9983
9998
9990
10000
9980
10000
9988
10000
9967
10000
10000
9979
10000
10000
9987
9994
9983
9999
10000
10000
9985
10000
9988
9990
9984
9996
9996
10000
10000
9973
9996
9991
9985
9994
9987
10000
10000
9994
9976
9989
9972
9991
9998
9992
9986
9976
9980
9976
9986
9989
9986
9990
9999
9996
9974
9983
10000
9991
9994
10000
9987
10000
9957
9974
9984
10000
10000
9970
9966
9979
10000
9982
9996
9973
9996
10000
9994
9986
10000
9988
9972
10000
9992
10000
10000
9979
9996
10000
9975
10000
10000
9990
9995
9989
10000
9988
10000
10000
9989
9964
9992
10000
9982
10000
9970
9996
10000
9997
9980
9999
10000
10000
9990
9994
9974
9979
9997
9986
10000
10000
9995
10000
10000
9984
9995
9995
9984
10000
10000
10000
9967
9987
9982
10000
9983
10000
9985
10000
10000
10000
9983
10000
10000
9993
9992
9995
9983
9992
9984
9993
9978
10000
9982
9971
10000
9983
10000
9973
9992
10000
10000
9992
10000
10000
9983
9968
9985
10000
9965
9990
10000
9982
9982
9987
9986
10000
10000
9982
9990
10000
10000
9998
9990
10000
9990
9985
10000
10000
9992
9987
9987
9990
10000
9997
9988
9993
9984
9984
10000
9987
10000
10000
10000
9989
10000
9967
9976
9991
9987
9985
9990
10000
10000
10000
9997
10000
9999
9969
9973
10000
9998
10000
9976
9990
9982
10000
10000
9987
9993
9994
10000
9998
9968
9989
9983
9949
9989
10000
9980
9987
10000
9990
9963
10000
9990
9993
10000
9999
9997
9964
9993
10000
9971
9989
10000
10000
10000
9988
9983
10000
9994
10000
10000
9988
10000
10000
10000
9978
9969
10000
9985
9999
9987
10000
9995
9987
9994
9970
9955
9982
9986
9986
10000
10000
10000
9999
9975
9993
9986
9978
9990
9988
9991
10000
9981
9982
9978
9995
9979
9986
9986
10000
9983
10000
9995
9981
9991
10000
10000
9973
9991
9973
9963
9972
9987
10000
10000
9977
9984
9988
9999
9989
9977
9947
9986
9986
9983
10000
9996
9990
9992
10000
9996
9994
9990
10000
9977
10000
10000
9973
9994
9966
9990
10000
9969
9984
9990
10000
10000
9992
9994
9995
9977
9982
9974
10000
9986
9995
9984
10000
9966
10000
9984
9998
9987
10000
9985
10000
10000
10000
9983
9985
9988
9998
10000
9980
10000
9985
9996
9974
9991
9975
9984
9996
10000
10000
9974
10000
9976
9982
9990
9987
10000
9984
10000
9981
10000
9993
9985
9986
9992
9999
10000
9975
10000
10000
9991
9983
10000
9988
9987
10000
9989
9976
9984
9997
9971
9976
10000
9995
9974
9989
9999
9973
9994
9994
9991
10000
10000
9971
9994
9990
9985
10000
9989
9996
9981
10000
10000
9992
9976
9981
10000
9986
10000
9992
10000
9999
10000
10000
9979
9994
9988
9985
9989
9985
10000
9990
9969
10000
10000
10000
9978
9993
9990
9978
9997
9979
10000
10000
9989
10000
9992
10000
9969
9993
9994
10000
10000
9999
10000
9974
10000
9993
10000
9973
9958
9974
10000
9979
9977
9992
9969
9972
9979
9971
10000
9980
10000
9995
9993
9979
10000
9995
10000
9998
10000
9989
10000
10000
10000
9973
9984
9987
9986
10000
10000
9991
10000
10000
10000
9982
9996
9979
9978
10000
9976
10000
10000
9983
9999
9994
9996
9991
10000
9984
10000
9989
9975
9993
10000
9986
