9976
10000
9726
9678
9961
9993
9872
9977
9974
9946
10000
9995
9978
9907
9922
9538
9956
9989
9898
9966
9554
9488
9909
9965
9458
9858
9939
9736
10000
9982
9976
9981
9987
9930
9987
9540
10000
9969
9794
9345
9657
9984
9966
9730
9985
9980
9679
9772
9704
9909
9965
9580
9896
9790
10000
9895
9905
9985
9986
9955
9890
9878
9810
9896
9862
9894
9934
9862
9988
9986
9669
9910
9966
9839
9967
9958
9914
9926
9917
9805
9976
10000
9838
9644
9972
9905
9737
9955
9965
9977
9689
9664
9963
9804
9735
9936
9852
9744
9752
9861
9990
9718
9945
9816
9978
9993
9966
10000
9982
9913
9670
9778
9851
9920
9908
9593
9940
9972
9954
9921
9994
9794
9938
9961
9961
9437
9990
9792
9784
9978
9825
9707
9982
9968
9373
9918
9401
9957
9980
9977
9967
9976
9984
9925
9971
9917
9969
9798
9473
9927
9812
9983
9967
9931
9383
9970
9976
9661
9730
9911
9970
9976
9990
10000
9988
9987
9962
9944
9802
9854
9875
9987
9518
9970
9845
9950
9833
9983
9884
9926
9947
9977
10000
9981
9976
9995
10000
9985
9980
9867
9856
9854
9920
9912
9988
9690
9991
9586
9991
9950
9992
9970
9949
9934
9981
9634
9576
9545
9987
9974
10000
9942
9954
9975
9753
9457
9903
9840
9849
9976
9954
9976
9918
9962
9935
9882
9070
9835
9959
9902
9890
10000
9817
9756
10000
9968
9940
9918
9926
10000
9704
9954
9915
10000
9975
9873
9990
9982
10000
9995
9879
9462
9730
9996
9732
9700
9964
9970
9994
9973
10000
9942
10000
9957
9595
9916
9879
9978
9755
9796
9987
9870
9854
9980
9916
9551
9857
9970
9862
10000
9992
9958
10000
9939
9982
9988
9963
9970
9736
9921
10000
9964
9783
9967
9868
9973
9946
9246
9993
9978
9943
9801
9733
9931
9973
9683
9936
9963
9983
10000
9957
9969
9857
9383
9705
10000
9810
9954
9622
9959
9865
10000
9991
9946
9969
9968
9968
9892
9778
9988
9932
9790
9903
9975
9848
9995
10000
10000
9979
9759
9965
9923
9973
10000
9927
10000
9977
9972
9852
10000
9992
9990
10000
9374
9475
9974
9429
9889
9971
9974
9456
9955
9987
9662
9731
9976
9943
10000
9907
9991
10000
9947
9958
9988
9887
9964
9978
9896
9937
9941
9969
9896
9955
9992
9864
9827
10000
10000
9790
9979
9962
9835
10000
9956
9899
10000
9825
9971
9933
9943
9830
9945
9978
9977
9999
9984
9828
9953
9888
9819
10000
9943
9958
9882
9749
9970
9948
9977
9719
9943
9601
9989
9757
9849
9957
9926
9674
9990
9664
9775
9660
10000
9649
9875
9974
9595
9225
9971
9928
9925
9989
9642
9883
9984
9786
9914
9974
9939
9971
9995
9968
9984
9895
9503
9928
9991
9972
9792
9970
9913
9784
9967
9970
9431
9939
10000
9907
9919
9716
9939
9933
9893
9968
9972
10000
9968
9715
9986
9749
9903
9971
10000
10000
9973
9964
9975
9971
9988
9975
10000
9951
9955
9905
10000
9988
9919
9990
9975
9776
9865
9891
9973
9931
9827
9808
9969
9883
9943
9911
9929
9978
9814
9946
9810
9923
9978
10000
10000
9629
9829
9912
9866
9981
9980
9969
9870
9585
9989
9937
10000
9995
9961
9953
9955
9896
9991
9915
9799
9964
10000
9881
9965
9976
9834
9983
9860
9622
9968
9977
9969
9666
9988
9962
9910
9927
9985
9938
9583
9913
9701
9875
9829
9817
9948
9973
9987
9984
9971
9952
9948
9626
9831
9956
9887
9907
9762
9935
9718
9991
9939
9741
9779
9988
9914
9985
9968
9814
9608
10000
9835
9725
9724
9969
10000
9940
9880
9981
9985
9893
9933
9954
9947
9829
9856
9925
10000
9839
9721
9945
9978
9937
9982
9991
9816
9975
9972
9892
9398
9730
9921
9986
9680
10000
9956
9649
9990
9633
9837
9991
9947
10000
9964
9879
9990
9929
9968
9982
9777
10000
10000
9944
9864
9868
9950
9907
9426
9335
9467
10000
9983
9976
9916
9638
9847
9632
9933
9964
10000
9929
9922
9865
9979
10000
9955
9943
9910
9890
10000
9662
9958
9387
9814
10000
9332
9930
9814
9835
9793
9878
9683
9964
9989
9971
9612
9984
9654
9979
9946
9707
9978
9427
9962
9920
9468
9981
9963
9797
9268
9888
9654
9978
9761
9671
9696
9987
9986
9983
9967
9954
9967
9939
9792
9974
9977
9990
9940
9666
9518
9977
9941
9759
10000
9963
9946
9861
9371
10000
9911
9619
9917
9931
9973
9971
9804
9867
9950
9878
9974
9966
9718
9989
9991
9933
9940
9948
9880
9983
9987
9956
9817
9982
9794
9975
9970
9671
9930
9934
9954
9878
9961
9674
9754
9996
9978
9887
8997
9984
10000
9959
9475
9970
9973
9770
9847
9962
9875
9929
9969
9941
9961
9938
9895
9814
9963
9889
9602
9960
10000
9876
9761
9953
9964
9831
9930
10000
9868
9985
9895
9982
9839
9968
9987
9557
9793
9997
9977
9337
9993
9985
9727
9921
10000
9982
9974
9979
9968
9983
9776
9724
9963
9983
10000
9676
10000
9756
9798
9943
9843
9979
9963
9984
9904
9595
9820
9745
9961
9975
9958
9751
9947
9979
9878
9531
9480
9597
9989
9637
9974
9959
9961
9995
9977
9899
9938
9995
9850
9992
9961
9984
9982
9984
9979
9962
9984
9970
9970
9976
9977
9979
9965
9976
9772
9933
9608
9965
9983
9832
9753
9829
10000
9878
9700
9817
9891
9984
9645
9863
9658
9869
9984
9778
9956
10000
9939
9953
9995
9945
9736
9972
9985
9987
9821
9740
9507
9936
9985
9952
9992
9403
9793
9950
9979
9903
9922
9905
9551
9965
9209
9734
9965
9965
9963
9901
9815
9809
9897
9981
9925
9966
9932
9990
9970
9754
10000
9842
9852
9965
10000
9962
9891
9673
9924
9531
9909
9764
9981
9820
9939
9981
9972
9977
9930
9977
9984
9733
9981
9883
9930
9850
9962
9975
9985
9887
10000
9965
9811
9978
9438
9669
9654
9838
9854
9959
9966
9975
9789
9889
9958
9773
9970
9985
9910
9975
10000
9969
9978
9967
9915
9881
9430
9605
9812
9701
9656
9971
9864
9887
10000
9938
9988
