9983
9999
9984
9977
9972
9972
10000
9992
10000
9992
9983
9970
9978
10000
9999
9989
10000
9982
10000
9995
9987
9993
9974
9999
9966
9990
9992
9994
9988
9990
10000
10000
9982
10000
9992
9987
10000
10000
9983
9992
9994
9993
9998
9999
9980
9984
10000
10000
9984
9988
10000
9979
9982
9982
10000
9974
9987
9996
9994
10000
9986
9980
9983
10000
10000
9980
9969
9997
9980
10000
9991
9977
10000
9988
9989
9982
10000
9984
9975
9990
9988
9995
9991
10000
9993
10000
10000
10000
10000
10000
9988
9961
9991
10000
10000
10000
9997
9986
10000
10000
9970
10000
9976
9987
9997
10000
9965
9984
9992
9995
10000
9982
10000
9989
10000
9995
10000
10000
9973
10000
10000
9989
10000
9980
9964
10000
10000
9991
10000
9985
9987
9988
9993
9979
10000
10000
10000
10000
9990
9989
9994
9989
10000
9971
10000
9992
9983
9988
9990
9965
9988
9985
10000
9990
9975
9980
10000
9968
9997
9998
9998
9987
9998
9986
9971
10000
10000
10000
9991
9996
10000
9973
9999
10000
9981
9998
9960
9989
9984
9982
9993
10000
10000
9973
10000
9990
9982
9982
9993
10000
10000
9987
9993
9978
9974
9986
9987
9985
10000
9977
9999
10000
10000
9981
9992
10000
10000
9981
9984
9971
9998
9986
9992
10000
9993
10000
9987
9989
10000
9982
9982
9988
9997
9989
10000
9985
9977
9980
9997
9977
9988
10000
9995
10000
9988
9968
9971
10000
9990
9977
9974
9983
9998
9957
9982
9995
9995
10000
9988
10000
9975
9978
9957
9977
9992
9990
9988
10000
10000
10000
10000
10000
9996
9977
9999
9985
9982
9999
9990
9989
9986
9987
10000
9993
9990
9990
9987
10000
10000
9994
9985
9981
9982
9991
9986
9990
9959
9977
10000
9978
9984
10000
10000
9988
9999
10000
9989
10000
10000
9983
9993
10000
9989
9974
9968
9980
9990
9975
9982
9986
9989
9984
10000
9997
9980
10000
9978
9984
9992
9987
9979
9984
9987
9988
10000
9982
9992
9992
10000
9966
9976
9996
9992
9982
10000
9981
10000
9983
9981
9992
9981
9983
10000
10000
9971
10000
9969
9967
10000
9999
10000
9990
9979
9952
9988
9979
9988
10000
9974
10000
9987
9968
9984
9982
9968
9984
10000
10000
9982
9981
9978
9975
10000
10000
9955
9982
9995
10000
10000
10000
9995
9995
9995
9985
10000
9978
9993
10000
10000
9974
9976
10000
10000
9989
9977
9984
9983
9985
9986
9987
9995
10000
9999
9980
9996
9991
10000
9994
9985
9981
9990
9993
9989
10000
9973
9958
9989
10000
9979
10000
9985
9967
9985
9990
9972
10000
9987
9996
9993
9978
10000
10000
9986
10000
9982
9996
10000
10000
9981
9998
9989
10000
9997
10000
9992
9982
9994
9997
9993
10000
10000
9992
9992
9997
10000
10000
10000
10000
10000
9992
10000
9986
9996
10000
9980
9990
9982
10000
9950
9987
10000
9993
9963
9981
9987
9996
9987
9981
10000
9977
9986
10000
9982
10000
9989
9988
9980
9981
9988
9983
9992
9977
9994
9995
9980
9945
9984
9990
10000
9973
10000
9986
9978
9994
9992
10000
9977
10000
9988
9993
9981
9999
9985
10000
9981
10000
9989
9962
10000
10000
9990
9998
10000
10000
9988
9997
9999
9973
10000
9974
9997
9972
9998
9998
9993
9987
9981
9977
9985
9987
9986
9990
9982
10000
9975
9998
10000
9998
9984
10000
9994
9987
10000
9987
10000
9972
9995
9980
9985
10000
9982
9975
10000
10000
9991
9992
9985
9994
9990
9982
9976
10000
10000
9971
9997
9976
9982
9967
9975
9968
10000
9988
9999
10000
9983
10000
9983
9991
10000
9988
9984
10000
9995
9982
10000
9945
9989
9997
10000
9980
9986
9988
10000
10000
9982
9989
9998
10000
9994
9981
9975
9984
9967
9982
9994
9979
10000
10000
9979
9994
9974
9982
9978
9982
9981
9989
9980
9994
10000
9984
9999
9996
10000
9980
10000
9977
9986
9972
10000
9995
9994
10000
9990
9969
9996
10000
9993
9999
10000
9982
9985
10000
9989
9985
9983
9995
9992
9957
9999
9997
9984
9983
10000
10000
9988
10000
9949
9991
9989
9990
10000
9986
10000
9982
9977
9977
9987
9986
10000
9979
9989
9983
10000
9998
9980
10000
10000
9998
9973
9982
9988
9974
9989
10000
10000
10000
9965
9986
9980
9997
9975
10000
9991
9969
10000
10000
9986
9977
9975
10000
9990
10000
9987
9984
10000
9978
9981
10000
9994
10000
9993
9997
9968
9991
9953
9990
9994
9992
9994
9999
10000
9973
9988
9982
10000
9998
9979
9973
10000
9974
10000
10000
10000
9991
9976
9990
10000
9994
9985
9983
9990
9992
9952
9993
9995
10000
9996
10000
9988
10000
9985
10000
10000
9993
9987
9966
9990
9988
9990
9991
9991
10000
9981
10000
9985
9980
10000
9968
9993
9994
10000
10000
9982
9990
10000
9985
9987
9988
9998
9966
10000
10000
9972
9999
9979
10000
9983
9979
9985
9988
9988
9977
10000
9979
9997
9975
9989
9973
9989
10000
9991
9989
9978
9971
10000
9988
9988
10000
9981
9983
10000
9997
9989
9995
9983
9979
9983
9993
9989
10000
10000
9990
9987
9993
9999
9993
9979
9971
9992
9991
9998
9993
10000
9990
9994
9983
9964
9985
9993
9985
10000
9994
9986
9991
10000
10000
9988
10000
9978
10000
9977
10000
9994
10000
10000
10000
9964
10000
10000
9978
9964
10000
9988
9984
9991
9977
9980
9981
9997
9999
9983
10000
9992
9980
9994
9987
10000
9994
9977
10000
10000
9988
9993
9990
9992
9991
10000
9938
9995
9996
10000
10000
9989
9983
10000
9986
9993
9996
9981
9988
10000
9985
9994
10000
9992
10000
9994
9980
9988
10000
9999
9990
9997
9952
9990
9989
9996
9998
9976
9999
10000
9992
10000
10000
9982
9993
9999
9986
9983
10000
9975
9996
9982
9989
9984
10000
9992
9995
9990
9989
9991
9993
9996
9981
9995
9979
9989
9979
9999
9996
10000
9979
9990
10000
9976
9999
10000
10000
10000
9994
10000
9993
9988
9993
10000
9972
10000
10000
9987
10000
10000
10000
10000
9976
10000
10000
10000
9983
9980
9973
10000
10000
10000
9977
10000
9978
10000
10000
9995
9991
