9980
9983
9993
9992
9989
9998
9971
9982
9995
9974
9989
9979
9999
9992
9986
9998
9996
9988
9977
9982
9996
9943
9989
9978
9986
9987
9975
9995
9982
9981
9973
9989
9976
9986
9982
9981
9984
9980
9988
9966
9983
9982
9979
9991
9987
9985
9990
9991
9994
9979
9984
9986
9968
9996
9974
9988
9985
9990
9983
9977
9981
9982
9995
9960
9989
9990
9998
9972
9982
9993
9981
9984
9990
9954
9968
9968
9987
9972
9988
9985
9993
9971
9973
9989
9985
9969
9978
9989
9983
9988
9993
9983
9989
9996
9987
9989
9976
9995
9978
9978
9995
9977
9988
9966
9994
9997
9972
9990
9987
9983
9935
9989
9983
9979
9990
9988
9970
9981
9981
9974
9984
9980
9991
9976
9988
9999
9994
9993
9985
9992
9997
9983
9996
9990
9983
9992
9992
9982
9984
9969
9989
9989
9994
9977
9974
9991
9976
9979
9976
9996
9975
9991
9976
9985
9996
9989
9975
9982
9983
9991
9991
9987
9988
9982
9984
9980
9997
9977
9983
9994
9976
9974
9997
9982
9988
9993
9998
9978
9985
9984
9987
9997
9980
9982
9983
9988
9988
9997
9976
9988
9987
9978
9969
9968
9991
9981
9986
9975
9986
9966
9989
9998
9986
9983
9994
9989
9991
9993
9992
9980
9979
9990
9978
9971
9995
9988
9989
9986
9990
9984
9985
9977
9991
9980
9989
9973
9992
9990
9976
9992
9959
9995
9992
9975
9968
9991
9993
9978
9989
9981
9987
9995
9981
9997
9990
9977
9980
9985
9974
9970
9993
9972
9983
9985
9944
9992
9983
9991
9970
9979
9987
9970
9986
9986
9995
9985
9967
9995
9977
9954
9984
9973
9984
9991
9984
9982
9996
9987
9987
9983
9988
9976
9974
9981
9979
9989
9982
9981
9983
9992
9986
9989
9991
9986
10000
9985
9999
9987
9998
9972
9986
9993
9985
9981
9949
9995
9989
9977
9999
9996
9985
9990
9981
9993
9996
9993
9984
9984
9978
9995
9991
9977
9984
9990
9984
9994
9965
9984
9994
9993
9959
9956
9993
9995
9979
9988
9989
9987
9983
9982
9992
9992
9973
9982
9989
9977
9998
9978
9984
9982
9996
9974
9989
9979
9992
9992
9976
9988
9988
9995
9966
9983
9973
9995
9987
9990
9993
9980
9993
9979
9970
9993
9977
9992
9965
9980
9989
9968
9972
9963
9992
9989
9975
10000
9983
9983
9978
9986
9985
9991
9972
9982
9992
9986
9987
9976
9991
9988
9977
9989
9986
9985
9960
9976
9990
9988
9986
9981
9988
9978
9986
9970
9983
9973
9969
9975
9988
9978
9960
9976
9984
9989
9988
9976
9994
9990
9984
9971
9988
9988
9985
9992
9986
9996
9989
9985
9985
9990
9993
9973
9962
9958
9978
9970
9994
9985
9941
9986
9995
9966
9974
9992
9999
9991
9993
9990
9990
9995
9982
9966
9993
9977
9974
9976
9968
9977
9965
9981
9972
10000
9990
9979
9992
9977
9984
9978
9994
9998
9953
9984
9995
9985
9988
9973
9991
9983
9983
9984
9985
9984
9994
9984
9993
9992
9978
9986
9959
9993
9985
9968
9973
9987
9991
9997
9988
9984
9974
9990
9984
9992
9987
9985
9997
9988
9986
9985
9977
9986
9947
9995
9992
9980
9966
9993
9988
9992
9990
9981
9969
9976
9991
9980
9995
9992
9989
9988
9955
9991
9982
9992
9988
9993
9995
9996
9990
9985
9969
9987
9983
9983
9981
9984
9983
9980
9981
9989
9949
9980
9995
9986
9992
9967
9991
9997
9985
9996
9992
9976
9995
9969
9980
9986
9990
9996
9993
9984
9979
9990
9995
9997
9990
9989
9976
9991
9979
9986
9983
9986
9991
9986
9992
9978
9995
9984
9988
9977
9993
9987
9977
9987
9987
9980
9985
9985
9990
9983
9948
9994
9978
9979
9966
9982
9983
9980
9987
9983
9970
9995
9992
9983
9985
9991
9986
9992
9983
9984
9979
9989
9986
9991
9988
9991
9984
9994
9994
9996
9986
9990
9997
9991
9986
9972
9983
9995
9976
9983
9988
9971
9989
9982
9993
9986
9979
9991
9983
9998
9981
9994
9964
9977
9976
9982
9986
9980
9995
9982
9992
9994
9964
9963
9995
9993
9982
9983
9959
9971
9967
9984
9974
9975
9993
9966
9980
9981
9994
9990
9988
9990
9991
9983
9997
9993
9992
9984
9995
9989
9992
9997
9985
9995
9994
9990
9985
9984
9991
9975
9992
9991
9993
9996
9971
9984
9980
9994
9995
9988
9993
9992
9989
9985
9985
9986
9989
9984
9979
9977
9978
9986
9988
9986
9993
9974
9982
9988
9992
9975
9985
9976
9998
9979
9988
9976
9976
9975
9962
9983
9972
9974
9996
9983
9991
9993
9983
9990
9981
9996
9994
9984
9982
9986
9960
9975
9989
9990
9995
9963
9987
9979
9992
9992
9990
9981
9992
9966
9977
9978
9988
9987
9977
10000
9981
9985
9976
9987
9994
9971
9976
9987
9991
9983
9974
9974
9990
9984
9978
9962
9997
9963
9980
9982
9989
9990
9976
9994
9994
9974
9992
9987
9990
9990
9979
9977
9977
9988
9954
9992
9971
9990
9960
9989
9993
9974
9976
10000
9992
9996
9994
9971
9988
9991
9984
9992
9985
9990
9996
9986
9977
9977
9970
9994
9985
9988
9991
9974
9975
9978
9995
10000
9998
9978
9983
9986
9981
9986
9996
9985
9981
9994
9987
9995
9987
9986
9990
9986
9973
9999
9970
9984
9994
9986
9981
9991
9994
9980
9986
9971
9988
9984
9989
9996
9993
9978
9972
9985
9972
9996
9976
9990
9990
9992
9995
9986
9991
9985
9982
9995
9999
9997
9962
9974
9991
9978
9992
9990
9999
9984
9994
9973
9991
9991
9966
9982
9988
9998
9991
9967
9980
9998
9988
9981
9973
9989
9989
9993
9989
9976
9986
9975
9975
9997
9988
9985
9986
9991
9996
9988
9982
9966
9998
9960
9985
9990
9978
9996
9984
9982
9988
9991
9965
9988
9992
9982
9987
9993
9960
9978
9976
9958
9984
9996
9990
9974
9989
9990
9994
9985
9983
9993
9969
9984
9990
9978
9982
9991
9987
9968
9970
9971
9991
9986
9992
9990
9966
9989
9982
9992
9979
9987
9991
9976
9981
9973
9989
9967
9978
9996
9995
9978
9992
9978
