9983
10000
9988
10000
9992
9976
9982
9972
9989
10000
9972
9985
10000
9976
9990
9979
9999
10000
9979
10000
10000
9994
9995
9982
9992
9977
9971
9951
9995
10000
9976
9990
9983
9958
9994
9983
9979
10000
10000
9997
10000
10000
9983
9983
10000
9993
9980
10000
10000
9995
9985
9982
10000
10000
9989
9997
9992
9982
9982
9997
9982
9981
9981
9981
9990
9990
9988
9990
9980
10000
10000
9989
9991
9991
10000
9987
9992
9972
10000
10000
10000
9983
9977
9985
9998
9981
10000
10000
10000
9993
9991
10000
10000
9974
9976
9982
9981
9986
9989
9978
10000
10000
9944
9996
9995
9994
10000
9956
9980
10000
10000
9976
10000
9989
10000
10000
9993
10000
9982
9988
9975
9984
9949
10000
10000
9972
9979
10000
9991
10000
9982
9995
9986
10000
9994
9961
10000
9971
9990
9986
9964
10000
9952
9981
9986
9987
9999
9990
9980
9981
9987
9987
9989
9966
10000
9986
9993
10000
9977
9983
9982
9979
9971
10000
9982
10000
10000
9974
9963
10000
10000
10000
9964
9977
10000
9985
9993
9977
10000
9982
9982
10000
9987
10000
9983
9991
10000
9988
9980
10000
9970
9975
10000
9984
9996
9987
9996
9980
9976
9974
10000
10000
9972
9994
9992
10000
9999
9981
9999
10000
9994
9998
9988
9993
10000
9975
9985
9992
9984
10000
10000
9997
9990
9989
10000
10000
10000
10000
9974
10000
9992
10000
9993
9998
9984
9993
9982
9992
10000
9985
9986
9984
9983
9982
10000
10000
9972
9985
9981
10000
10000
9975
9982
9988
9969
9991
10000
10000
9991
9999
9966
9998
10000
9988
9990
10000
10000
10000
9996
9984
9991
9970
9987
10000
10000
9965
9961
9974
10000
10000
10000
9983
9982
9978
9993
10000
9994
9988
9976
10000
9995
10000
9980
10000
9978
10000
9993
9989
9982
9987
10000
9986
10000
9984
9989
9980
10000
9981
9984
9991
9989
9991
10000
10000
9983
9985
9987
9976
9994
9988
9996
10000
9987
9990
9992
9988
9980
9987
9979
10000
9984
9976
9993
9990
9970
10000
9983
10000
10000
9990
10000
9992
9993
9993
9982
10000
10000
9998
9969
9969
9986
9999
9990
9967
9971
10000
10000
9988
10000
10000
9983
9977
9997
9983
9983
9985
9993
10000
10000
9991
9991
9993
10000
10000
10000
9989
9978
10000
9972
10000
9997
10000
9988
9978
10000
9976
9988
10000
9986
9980
10000
9984
9985
9985
10000
10000
9993
9995
10000
9999
9994
9989
9986
9996
9983
9981
9968
9999
9967
9994
9977
10000
9997
10000
10000
9965
9980
9984
9996
9976
10000
9971
9994
10000
9990
10000
9988
9994
9999
10000
9979
9995
9999
9987
9987
9960
9996
9983
9980
9971
10000
9979
10000
10000
9996
9993
10000
9970
9994
9987
9972
9992
9989
10000
9975
9991
10000
9975
9980
10000
9975
9999
9951
9970
9993
9986
10000
9977
9986
10000
10000
9955
9983
10000
9996
9984
9978
10000
10000
10000
9994
9964
9987
9994
9967
10000
10000
9987
9994
9998
9992
9994
9984
9996
10000
10000
9985
9989
9994
10000
9968
9990
9985
9981
9971
9981
9993
10000
9985
10000
9988
10000
10000
9985
10000
9969
10000
9976
9976
9977
9985
9987
10000
9985
9972
10000
9973
9985
10000
9982
9994
10000
9972
9982
10000
10000
10000
10000
9987
9977
10000
10000
10000
9979
9994
9991
9992
10000
10000
10000
9985
10000
9998
10000
10000
9991
9986
9972
10000
9992
9993
9982
9995
10000
9992
10000
10000
9995
9997
10000
9989
9985
9996
9982
9990
9992
9987
9978
9976
9995
10000
9996
10000
9972
9980
9987
9986
9983
9988
10000
10000
9992
9984
9987
10000
9977
9971
9977
10000
10000
9987
9989
10000
10000
10000
10000
10000
9983
9974
9989
10000
9973
10000
9979
9961
9968
10000
9981
9989
10000
9981
10000
9991
9991
10000
9972
10000
10000
10000
10000
10000
9976
9981
10000
9991
10000
9984
10000
9994
9990
10000
9971
9987
9989
10000
10000
9965
9979
10000
9982
9992
9977
9979
9981
9995
9972
9988
9991
9997
10000
10000
10000
10000
9963
10000
9999
9964
9990
9990
9995
9972
9981
9984
9971
9983
9977
9986
9990
9987
9990
9987
9991
9982
9994
9945
9999
9973
9996
9990
10000
9991
10000
9985
10000
9979
9992
9977
9992
10000
9962
9986
10000
10000
9986
9988
9983
10000
9981
9966
9980
10000
9980
10000
10000
9988
9988
9974
9982
9988
9986
9988
10000
10000
9968
9980
9982
10000
10000
9973
9990
10000
10000
10000
9979
9957
9999
9992
9993
9980
10000
9978
10000
10000
9994
9979
9991
9988
10000
9990
10000
9997
10000
10000
10000
9994
10000
10000
9981
10000
9975
9997
9981
9987
10000
9982
10000
10000
10000
9982
9982
9988
9990
9980
10000
9988
9983
9984
9991
9985
9988
9987
9990
9985
9980
9990
9988
10000
9982
10000
10000
9980
9995
9983
10000
9977
9992
10000
9975
10000
9983
10000
9969
9981
9988
9983
9989
9985
9991
10000
9993
9987
9967
9975
9986
10000
9971
9979
10000
10000
9986
10000
9981
9978
9965
10000
9986
10000
9986
9994
9996
9987
10000
9986
9982
10000
9991
10000
9996
10000
10000
9983
10000
10000
10000
9984
10000
9969
9991
9994
9975
9989
9978
9991
9989
9991
10000
9985
10000
9993
10000
10000
9980
9976
10000
9997
9997
9981
9993
9985
9989
9983
10000
10000
9986
10000
10000
9972
10000
9991
10000
10000
9990
10000
9986
10000
10000
9992
9996
10000
10000
10000
9996
9983
10000
10000
10000
9986
10000
10000
9993
9993
10000
9989
9993
9993
10000
9984
9981
10000
10000
9982
9987
10000
10000
9990
9976
9996
9968
9979
9985
9991
9990
9993
9986
9999
9981
9983
9976
9988
9991
9977
9996
9973
9991
9989
10000
10000
9977
9993
9974
9980
10000
10000
9967
9964
10000
9995
10000
10000
10000
9970
10000
9993
9976
9966
9984
10000
9994
10000
9995
10000
9965
9992
9977
9980
10000
9988
10000
9979
9985
10000
9992
9996
10000
10000
10000
9963
9988
10000
10000
10000
9989
10000
10000
9994
9990
9989
9967
10000
9991
9985
9986
9967
10000
9992
10000
9999
10000
10000
9991
