9998
9987
9994
9987
10000
9995
9993
10000
9982
9995
10000
10000
9991
9987
10000
9986
10000
10000
9982
9967
9961
9979
9982
9984
9991
9972
9993
9981
9983
9989
9970
10000
10000
9987
9982
9994
9993
9979
9998
9979
9981
10000
9990
10000
9995
9988
10000
9972
9999
9985
10000
10000
10000
9981
9988
9999
10000
9970
9959
9996
9980
9982
10000
10000
10000
9999
9994
9990
9992
9999
9984
10000
9982
9971
9977
9982
9983
9977
9989
10000
9969
10000
9978
9991
10000
9992
9982
9986
9982
10000
9994
10000
9984
9980
9985
9992
9990
9988
9986
10000
10000
10000
10000
10000
9974
9984
9980
10000
9979
9996
10000
9970
9979
9985
9986
9987
10000
9999
9976
9989
9999
9989
10000
9979
10000
10000
10000
10000
9988
10000
9954
9987
9962
10000
9998
9999
10000
9998
9999
10000
10000
9994
10000
9982
9988
9985
9997
9964
10000
9982
9990
10000
9993
9983
10000
9985
10000
9994
9991
9991
10000
10000
10000
10000
9999
9981
9975
9975
9977
10000
9992
9992
9991
9988
9991
9979
10000
10000
9982
9941
9986
10000
9984
10000
9997
9976
9976
10000
9982
9980
9993
10000
9991
9998
9993
10000
9974
10000
10000
9999
9992
10000
9989
10000
10000
9988
9985
9988
9990
10000
10000
10000
9996
9967
10000
9970
9996
9998
10000
10000
10000
10000
9981
10000
10000
10000
9984
9956
10000
10000
9987
9998
9980
9987
9975
9999
9981
9995
9986
9970
9987
9995
9992
10000
9994
9987
9993
10000
9991
9984
9993
9974
9991
9984
9985
9985
10000
10000
10000
9983
10000
9995
9994
9974
9994
9989
10000
10000
9985
10000
9999
9988
10000
9999
10000
9994
9986
10000
9969
9975
9977
10000
9988
10000
9980
9990
10000
10000
10000
9982
9971
9992
9998
9996
9982
9985
10000
9982
9993
9997
9993
10000
9975
10000
10000
9984
9986
9989
9968
9983
9991
9991
9978
9997
10000
9971
9983
9991
10000
10000
9989
10000
9982
9999
10000
10000
9981
10000
9965
9989
10000
9973
10000
9980
9980
9984
10000
9977
9995
10000
10000
9988
9981
10000
9984
9997
9989
10000
9977
10000
9986
9986
9982
9994
10000
10000
9987
9981
10000
9992
10000
10000
10000
10000
9988
10000
10000
9994
10000
9999
10000
9977
10000
9997
9999
10000
9985
9966
10000
9993
9994
10000
10000
9987
9973
10000
9988
10000
9999
10000
9974
10000
10000
10000
9994
9987
10000
9973
10000
10000
9979
9999
9987
10000
9973
9986
9997
9984
9993
9981
9993
10000
9988
10000
9981
9987
9982
10000
9988
9981
9972
9988
9984
10000
9987
10000
9980
10000
9992
9985
9998
9990
9984
10000
9995
9979
10000
9997
9985
9984
9988
10000
9997
9988
10000
9975
10000
10000
9997
9997
9990
10000
9993
9980
10000
9995
9993
10000
10000
9963
9989
10000
9992
10000
9992
10000
10000
10000
9992
10000
10000
9989
10000
9990
9993
9998
9980
9988
10000
9992
10000
9988
9993
9984
9986
10000
9978
9997
9989
9988
10000
10000
10000
10000
10000
10000
10000
10000
9973
9996
10000
9986
9990
9986
10000
9998
9999
9978
9981
9972
9986
10000
9989
10000
9998
9989
10000
9984
9979
10000
10000
9994
10000
10000
9994
9983
9965
9992
9957
10000
9994
9994
9989
9968
9988
9998
9985
10000
9954
9992
9993
9985
9996
9998
10000
9996
10000
9998
10000
10000
9991
9974
9978
10000
9980
9997
9967
9992
9977
10000
9988
10000
9996
10000
10000
10000
9965
9978
9982
9997
10000
9998
9990
9991
9988
9987
10000
9993
10000
9984
9984
10000
9986
9987
10000
10000
9984
9962
9989
9979
9967
10000
10000
10000
9994
9984
9993
9980
10000
9993
10000
10000
10000
9984
10000
10000
9980
9996
9991
9992
9973
10000
9995
9981
9980
10000
9989
9996
9998
10000
10000
10000
9983
10000
9990
9986
10000
10000
9987
10000
9990
9987
9985
9985
9977
9979
9971
9987
9985
9998
10000
10000
10000
9996
9977
9999
9977
9977
10000
9976
9978
10000
9990
9997
10000
10000
10000
10000
9992
9986
9980
10000
9993
9984
10000
9991
10000
9983
9989
10000
9996
9987
9991
10000
10000
9985
9985
9985
9983
9963
9992
9974
9995
9983
9995
10000
9992
9989
9991
9981
9979
9986
9990
9999
10000
9998
10000
9995
9991
9986
9994
10000
10000
9981
9977
10000
9987
10000
9975
10000
9969
9981
9984
10000
10000
9977
10000
9993
10000
9987
10000
9991
9997
9988
9988
10000
9992
9984
9999
9987
9996
10000
9994
9974
9993
9986
9989
9984
9992
9978
9996
10000
9990
9978
10000
9995
9995
9982
9997
9984
9976
9993
10000
10000
9982
9992
10000
9992
9989
9974
9982
9991
9996
9994
10000
9996
9983
10000
10000
9988
10000
9984
9978
9996
10000
9985
9974
9972
10000
9980
10000
9986
10000
9987
10000
9998
9989
10000
9999
9993
10000
9965
9990
9992
9976
9961
10000
9989
10000
9985
10000
9981
10000
10000
9966
9959
10000
9994
10000
9986
9980
9976
9976
10000
9981
10000
10000
9995
9990
9986
9998
9990
9985
10000
10000
9996
9980
10000
10000
9952
9981
10000
10000
10000
10000
9986
9971
9999
10000
9990
9997
10000
10000
9998
9989
9974
9988
9994
9981
10000
10000
10000
9985
9978
10000
9974
10000
9998
10000
10000
9985
10000
9977
9998
9981
9995
10000
10000
10000
9992
9952
9973
9986
10000
9978
9965
9994
10000
9988
10000
9997
10000
9992
10000
10000
9994
9989
10000
9992
9989
9990
9958
10000
9969
10000
9989
9976
9985
9979
10000
9985
9970
9982
9975
9994
10000
9992
9980
9976
10000
9988
9991
10000
10000
9985
10000
10000
9990
10000
10000
9990
10000
9999
9991
9993
10000
10000
9994
9985
9987
9967
9990
10000
9995
9988
9987
9990
9989
10000
9987
9994
9984
10000
10000
10000
9999
10000
9990
9991
9999
9972
9998
9987
9998
10000
9967
9980
10000
10000
9987
9999
10000
10000
10000
9971
9969
9990
9983
10000
9989
9976
9995
9982
9982
10000
10000
9973
9962
9985
10000
9997
9998
9978
10000
9968
9993
9986
10000
9992
10000
10000
9987
9998
10000
9989
10000
10000
10000
9983
9976
