9998
10000
10000
9997
10000
10000
10000
10000
10000
10000
10000
9995
9986
9999
10000
10000
9997
10000
10000
10000
10000
9998
10000
9993
10000
9997
10000
9999
10000
10000
10000
10000
10000
10000
10000
10000
10000
10000
10000
9995
10000
9997
9998
10000
9995
10000
10000
10000
10000
10000
9999
10000
10000
10000
10000
10000
9998
10000
10000
10000
9993
10000
9999
10000
9999
9999
9995
9996
10000
9999
9997
10000
10000
10000
10000
10000
10000
10000
9999
9999
10000
10000
9999
10000
10000
10000
10000
10000
9991
9999
9997
9998
10000
10000
10000
10000
10000
10000
10000
9996
9987
9998
10000
10000
9992
9998
10000
10000
10000
10000
10000
10000
10000
10000
9997
9999
9999
9998
10000
9999
10000
10000
9994
10000
9996
10000
10000
9991
10000
10000
9999
9998
9999
9999
10000
10000
10000
9995
9999
10000
9995
10000
9999
10000
10000
10000
10000
9997
9994
9996
10000
10000
10000
10000
9999
9993
9997
10000
10000
9991
9995
10000
10000
9999
9999
10000
10000
10000
9990
10000
9997
9975
9998
9997
10000
9999
9992
10000
9997
9998
9998
10000
10000
10000
10000
10000
9999
9999
10000
9997
9993
9986
9999
9996
10000
10000
10000
10000
9997
10000
10000
9999
10000
10000
10000
10000
10000
10000
10000
10000
10000
10000
10000
10000
9999
9997
10000
10000
10000
10000
10000
10000
10000
10000
10000
9998
9997
10000
9999
9991
9999
10000
10000
10000
9965
10000
10000
10000
10000
9996
10000
10000
10000
9999
10000
9995
10000
9999
10000
10000
9998
10000
9977
9995
9999
10000
10000
9997
9999
10000
9998
10000
10000
10000
10000
9995
10000
9990
10000
9981
10000
10000
9999
10000
10000
10000
9999
10000
9998
9999
10000
9999
10000
9998
10000
10000
9999
10000
10000
10000
10000
9990
10000
10000
10000
9997
9997
9997
10000
9999
10000
9999
10000
10000
10000
9999
10000
10000
10000
9993
9999
10000
9999
9996
10000
9999
10000
10000
10000
10000
10000
9999
9998
10000
10000
9992
10000
10000
10000
10000
10000
10000
10000
10000
10000
10000
10000
10000
10000
9990
10000
10000
10000
9999
10000
10000
9998
9997
10000
10000
10000
10000
10000
10000
10000
10000
9997
10000
10000
9996
10000
10000
9998
9995
10000
10000
9998
10000
10000
10000
9999
10000
9996
10000
10000
10000
10000
9999
10000
9987
10000
9993
10000
10000
10000
9998
10000
10000
10000
10000
10000
10000
10000
10000
10000
10000
10000
10000
10000
10000
10000
10000
10000
10000
10000
10000
9980
10000
10000
10000
10000
9995
9992
10000
10000
10000
10000
10000
10000
10000
9988
10000
10000
10000
10000
9999
10000
10000
9999
10000
10000
10000
10000
10000
9985
10000
10000
10000
9997
10000
10000
10000
10000
10000
9999
10000
10000
10000
9997
10000
9996
10000
10000
10000
10000
10000
10000
10000
9995
10000
10000
10000
10000
10000
10000
10000
10000
10000
10000
9999
10000
9997
10000
10000
9999
10000
9993
9975
9986
10000
10000
9999
9999
10000
10000
10000
10000
10000
10000
10000
9997
9999
9996
9999
10000
10000
9999
10000
10000
10000
10000
9999
10000
10000
10000
9998
9997
9999
9997
10000
10000
10000
10000
10000
10000
9993
10000
9988
10000
10000
10000
10000
9989
10000
9999
9999
10000
10000
9997
10000
10000
10000
10000
10000
10000
10000
10000
10000
9998
10000
10000
9997
10000
9992
10000
10000
9997
10000
10000
10000
9999
10000
9999
10000
9999
9999
10000
10000
10000
10000
9991
10000
10000
9998
9998
10000
10000
9999
9999
9967
10000
9999
9988
10000
9998
10000
9999
9999
10000
9999
9999
10000
10000
10000
10000
10000
10000
10000
10000
10000
10000
10000
9994
9999
10000
10000
9998
10000
10000
10000
10000
9998
10000
10000
10000
10000
10000
10000
10000
10000
9998
10000
10000
10000
10000
10000
10000
10000
9995
10000
9999
9999
9997
10000
9994
10000
10000
10000
10000
10000
10000
10000
9996
9999
10000
9974
10000
10000
10000
9998
9999
10000
10000
10000
10000
9997
9999
10000
10000
10000
10000
10000
9993
10000
9998
10000
9999
10000
9999
10000
10000
10000
10000
10000
10000
9996
10000
9996
9988
9998
10000
10000
10000
9999
9999
10000
9987
10000
9999
10000
10000
10000
9999
10000
10000
10000
9998
10000
10000
10000
10000
9999
10000
9998
9999
10000
10000
9999
10000
9996
9997
9994
10000
9992
9970
10000
9994
9998
9999
10000
10000
9997
10000
9991
10000
10000
10000
10000
10000
10000
9991
10000
9998
10000
10000
10000
10000
9998
10000
9984
10000
10000
10000
10000
10000
9998
10000
10000
9994
10000
10000
9999
10000
10000
9999
9996
10000
10000
10000
10000
10000
10000
9997
10000
10000
10000
9998
9993
9998
10000
10000
10000
10000
10000
10000
9999
9999
10000
10000
9992
10000
10000
10000
10000
10000
9980
10000
10000
10000
10000
10000
10000
9988
10000
9997
9994
9998
10000
10000
10000
10000
10000
9997
9998
10000
10000
10000
10000
9999
10000
10000
10000
10000
10000
10000
10000
10000
9998
10000
10000
10000
10000
10000
10000
10000
10000
10000
9999
9994
10000
9999
10000
10000
10000
10000
10000
9995
10000
10000
10000
10000
9984
9997
9998
10000
9999
10000
10000
10000
9994
10000
10000
10000
9993
10000
10000
10000
10000
9999
10000
10000
10000
9998
10000
10000
10000
9979
10000
10000
10000
10000
9986
9998
10000
10000
9999
10000
10000
10000
9999
10000
9999
10000
10000
10000
10000
10000
9999
10000
9999
10000
10000
10000
9905
10000
9998
10000
10000
10000
10000
10000
10000
10000
10000
9998
10000
10000
9995
10000
9997
10000
9999
9999
10000
9999
10000
10000
9996
10000
10000
10000
9999
10000
10000
10000
9996
10000
9999
10000
10000
9998
10000
10000
10000
9996
9999
10000
10000
9999
10000
10000
10000
10000
9999
10000
10000
10000
9749
10000
10000
10000
10000
10000
9991
9999
10000
9999
9995
10000
9999
10000
10000
10000
10000
10000
10000
10000
9999
10000
10000
10000
9997
9998
10000
10000
9999
10000
10000
10000
10000
10000
10000
10000
10000
10000
10000
10000
10000
9997
10000
10000
9989
9993
10000
10000
10000
10000
9999
10000
10000
10000
10000
10000
10000
10000
9981
10000
9999
10000
10000
