9953
9898
10000
10000
10000
10000
9374
10000
10000
10000
10000
10000
9810
9969
9603
9855
9637
10000
10000
10000
10000
10000
9519
10000
9765
10000
9970
10000
10000
9508
10000
9895
10000
10000
10000
10000
10000
10000
9765
10000
10000
10000
10000
10000
10000
10000
9314
9473
9246
9864
9537
9703
10000
10000
10000
10000
10000
9516
10000
10000
9990
10000
10000
10000
9683
10000
10000
10000
9310
10000
10000
9337
10000
8997
9858
10000
10000
10000
10000
9723
9897
10000
9891
9454
9975
10000
9881
9965
10000
9825
10000
10000
10000
10000
8943
10000
10000
10000
10000
10000
10000
10000
9267
10000
10000
10000
10000
10000
9116
9984
10000
10000
10000
10000
10000
9476
10000
10000
10000
9731
10000
10000
10000
10000
10000
9692
9263
10000
9731
9780
9333
10000
10000
10000
10000
10000
10000
10000
10000
9844
10000
9724
10000
10000
10000
10000
8721
10000
10000
8805
10000
9443
10000
10000
10000
10000
10000
9481
10000
8903
9832
10000
10000
10000
10000
9072
10000
10000
9779
10000
9847
10000
10000
10000
9418
10000
9810
10000
10000
10000
10000
10000
10000
9092
10000
10000
10000
10000
9627
10000
10000
9949
10000
9969
10000
9222
8231
10000
10000
9698
10000
9923
9245
10000
9739
9621
10000
10000
10000
10000
10000
10000
10000
10000
10000
9441
9224
10000
10000
10000
9422
10000
10000
9985
10000
10000
10000
10000
10000
10000
10000
10000
10000
10000
10000
9824
9879
8828
10000
9800
10000
9550
10000
10000
10000
9909
10000
10000
10000
10000
8774
10000
9671
9455
9918
9483
9754
9957
10000
9401
9457
9940
9355
10000
10000
9982
10000
10000
10000
10000
9113
10000
10000
10000
9159
10000
8274
10000
10000
10000
10000
10000
9903
9235
9964
10000
10000
10000
10000
9866
10000
10000
10000
9902
10000
10000
10000
9807
8650
10000
10000
9245
10000
10000
10000
10000
10000
9940
10000
9681
10000
10000
9593
10000
10000
9896
10000
10000
10000
9057
9768
9727
10000
10000
10000
9270
10000
9768
10000
10000
8483
9246
10000
9889
10000
9946
9785
9849
10000
10000
9888
10000
9307
8908
9191
10000
10000
9125
10000
10000
10000
10000
10000
9931
10000
10000
10000
10000
9524
10000
10000
10000
10000
10000
10000
10000
10000
10000
10000
10000
10000
9141
10000
10000
9893
10000
9954
9640
10000
9949
10000
9968
9731
10000
9959
9877
9725
10000
10000
9688
10000
10000
10000
9917
9384
10000
9541
10000
10000
10000
10000
10000
10000
9092
9930
8276
9911
10000
10000
9966
10000
10000
9522
9430
10000
9962
10000
9712
9845
10000
10000
10000
10000
9827
10000
10000
9277
9481
10000
10000
10000
10000
9162
9978
9768
10000
10000
9957
10000
10000
10000
9072
10000
10000
10000
10000
10000
10000
10000
10000
10000
10000
10000
10000
10000
9960
10000
10000
10000
10000
10000
10000
10000
9947
9243
10000
10000
10000
9656
10000
9625
10000
8604
8740
9917
9917
9103
10000
10000
10000
9986
9101
10000
8798
9177
10000
10000
10000
10000
10000
10000
10000
10000
10000
10000
10000
10000
9661
10000
9833
9168
8967
9776
9721
10000
10000
10000
10000
10000
8829
9440
10000
9687
9393
9951
10000
9730
9458
9824
8821
9232
10000
10000
9789
10000
10000
10000
10000
10000
9473
10000
10000
10000
10000
10000
10000
9710
10000
10000
10000
8876
10000
9168
9489
9221
10000
10000
10000
9321
10000
10000
10000
10000
10000
9210
8863
10000
10000
10000
10000
9380
9988
10000
10000
10000
9875
9968
9304
10000
10000
9940
10000
9860
10000
10000
10000
10000
10000
10000
10000
9744
9140
9649
9927
10000
10000
9596
10000
9764
9936
10000
9382
10000
10000
10000
10000
10000
10000
10000
9888
9287
10000
10000
9681
10000
10000
10000
10000
10000
10000
10000
10000
9035
10000
9886
10000
8860
10000
10000
9683
10000
9903
9101
10000
9859
10000
10000
10000
10000
10000
8994
10000
10000
8877
9675
10000
9947
10000
10000
10000
9742
10000
9916
9273
9881
10000
9944
9906
10000
10000
10000
9620
9971
10000
10000
8961
10000
10000
10000
9456
8968
9801
10000
9689
10000
10000
8754
10000
9540
9919
8290
10000
10000
10000
10000
10000
10000
10000
10000
10000
10000
10000
10000
10000
9258
9956
10000
10000
10000
10000
10000
10000
9747
10000
10000
10000
10000
10000
10000
10000
10000
9899
9575
10000
10000
10000
9988
10000
9615
10000
10000
10000
9882
10000
9579
10000
10000
10000
10000
10000
9638
9485
10000
10000
10000
9890
10000
10000
10000
10000
10000
10000
10000
10000
10000
10000
10000
10000
10000
10000
9971
9528
10000
10000
9530
9567
10000
10000
10000
10000
10000
10000
9003
10000
10000
10000
10000
9840
10000
10000
10000
9778
10000
9498
10000
10000
10000
9783
9531
10000
9350
10000
10000
9976
10000
10000
10000
10000
10000
10000
10000
8386
10000
9976
9146
10000
10000
9979
10000
10000
9494
9382
10000
9344
10000
10000
9992
10000
9966
10000
9410
10000
10000
9725
10000
10000
10000
9550
9868
10000
9705
9381
8685
8992
10000
10000
9391
9726
10000
8078
9133
10000
10000
10000
8490
10000
9595
9918
9039
10000
8894
10000
9624
9810
9406
10000
8869
9701
10000
9252
9525
10000
10000
10000
10000
10000
10000
10000
10000
8745
9796
9833
10000
10000
9578
9544
9803
9098
10000
10000
10000
10000
10000
9774
10000
10000
10000
9981
10000
9051
10000
10000
10000
10000
10000
10000
9992
10000
9027
10000
9351
10000
9959
9105
10000
10000
10000
9636
10000
9157
9559
10000
8809
9778
9589
10000
10000
8806
10000
9988
10000
10000
9997
10000
10000
9416
9165
9736
9584
10000
10000
10000
9605
9169
10000
9428
10000
9607
10000
10000
10000
9542
10000
8869
10000
9552
10000
9444
10000
10000
9269
9768
10000
10000
10000
9837
9999
10000
10000
10000
10000
10000
9946
10000
10000
10000
9670
10000
10000
10000
10000
9255
10000
10000
10000
9602
9547
10000
9870
10000
9235
10000
9721
10000
9764
10000
10000
10000
9850
10000
9570
10000
10000
10000
8968
10000
10000
9364
9437
9921
10000
10000
9158
9949
9244
10000
10000
10000
10000
9987
10000
10000
10000
10000
10000
9436
10000
10000
9652
10000
