9984
9994
9976
9964
9997
9973
9993
9997
9995
9975
9978
9972
9985
9983
9987
9982
9982
9983
9977
9989
9984
9960
9986
9994
9974
9981
9965
9995
9993
9989
9996
9994
9971
9978
9995
9985
9983
9993
9973
9996
9994
9994
9987
9986
9984
9965
9993
9975
9982
9994
9988
9984
9989
9973
9975
9991
9993
9986
9974
9985
9986
9986
9990
9981
9997
9975
9987
9980
9993
9990
9982
9985
9977
9987
9979
9984
9988
9992
9996
9991
9992
9997
9990
9992
9974
9937
9993
9984
9984
9967
9999
9993
9994
9968
9993
9985
9988
9992
9999
9959
9987
9970
9965
9983
9976
9987
9986
9994
9993
9987
9976
9971
9996
9989
9988
9996
9996
9973
9982
9972
9981
9977
9991
9986
9994
9991
9986
9996
9997
9984
9991
9980
9975
9990
9984
9993
9984
9982
9981
9984
9986
9989
9979
9972
9995
9995
9972
9994
9986
9978
9985
9985
9988
9984
9983
9978
9990
9991
9981
9992
9981
9992
9970
9995
9980
9989
9981
9992
9984
9992
9982
9988
10000
9986
9994
9976
9977
9970
9985
9996
9990
9993
9971
9993
9980
9979
9992
9990
9986
9984
9985
9991
10000
9982
9979
9982
9972
9994
9983
9988
9998
9997
9987
9991
9988
9991
9988
9983
9993
9988
9999
9973
9982
9987
9991
9977
9994
9983
9984
9989
9970
9974
9992
9986
9993
9981
9981
9996
9979
9984
9986
9988
9977
9983
9985
9992
9972
9989
9995
9988
9975
9991
9991
9980
9989
9988
9989
9990
9986
9993
9980
9974
9974
9991
9988
9990
9968
9969
9988
9993
9963
9989
9986
9992
9983
9989
9986
9983
9948
9946
9989
9975
9979
9969
9986
9992
9992
9995
9956
9978
9992
9992
9985
9960
9984
9984
9976
9995
9984
9969
9982
9991
9983
9979
9981
9995
9976
9993
9991
9991
9991
9970
9972
9979
9984
9984
9986
9988
9982
9968
9975
9994
9989
9989
9987
9995
9982
9992
9977
9991
9982
9990
9977
9993
9988
9980
9982
9990
9990
9973
9974
9970
9968
9982
9996
9984
9992
9993
9992
9988
9997
9999
9982
9971
9986
9987
9980
9975
9998
9974
9988
9971
9985
9976
9987
9992
9994
9991
9995
9992
9972
9992
9985
9997
9994
9982
9995
9974
9957
9989
9993
9985
9982
9976
9958
9975
9987
9988
9983
9992
9985
9994
9979
9983
9984
9995
9988
9982
9980
9970
9989
9980
9974
9991
9992
9980
9979
9977
9987
9992
9986
9989
9994
9989
9989
9980
9980
9977
9966
9980
9991
9992
9972
9976
9996
9978
9978
9976
9980
9989
9981
9992
9985
9985
9983
9986
9980
9982
9989
9993
10000
9981
9994
9988
9982
9981
9986
9985
9981
9970
9984
9988
9989
9984
9992
9987
9984
9990
9999
9957
9984
9985
9978
9987
9990
9981
9993
9998
9980
9983
9998
10000
9981
9994
9996
9992
9972
9980
9988
9962
9987
9982
9986
9977
9988
9988
9974
9980
9991
9991
9997
9987
9971
9988
9979
9982
9991
9981
9989
9979
9980
9994
9972
9997
9980
9990
9971
9986
9986
9979
9977
9977
9991
9992
9997
9997
9989
9993
9977
9984
9988
9979
9972
9991
9986
9955
9986
9981
9978
9974
9956
9989
9986
9968
9998
9997
9969
9989
9983
9971
9986
9998
9980
9989
9995
9970
9987
9981
9994
9989
9997
9991
9993
9991
9981
9990
9993
9992
9986
9993
9990
9987
9982
9974
9998
9988
9984
9976
9991
9998
9983
9988
9986
9970
9982
9985
9983
9992
9992
9988
9997
9984
9980
9990
9989
9964
9980
9990
9978
9989
9975
9991
9984
9978
9995
9977
9987
9992
9987
9982
9990
9992
9987
9942
9994
9986
9981
9989
9990
9977
9985
9988
9995
9982
9966
9975
9992
9980
9989
9995
9993
9989
9998
9990
9989
9978
9989
9987
9988
9974
9993
9988
9991
9984
9955
9989
9985
9973
9994
9998
9960
9982
9966
9995
9992
9992
9965
9983
9965
9988
9979
9991
9985
9986
9977
9989
9977
9980
9999
9994
9952
9964
10000
9986
9969
9986
9982
9992
9983
9989
9987
9987
9971
9998
9983
9988
9986
9992
9965
9990
9985
9981
9978
9989
9996
9982
9987
9994
9992
9986
9985
9988
9991
9996
9971
9986
9985
9961
9965
9984
9962
9985
9985
9994
9999
9982
9989
9996
9982
9998
9984
9994
9988
9967
9989
9992
9988
9979
9997
9986
9993
9974
9993
9998
9995
9995
9984
9988
9987
9992
9987
9990
9989
9983
9966
9988
9984
9973
9994
9960
9990
9985
9985
9983
9995
9989
9980
9995
9996
9991
9962
9980
9990
9984
9978
9987
9986
9981
9992
9993
9988
9980
9987
9988
9986
9983
9960
9990
9976
9983
9974
10000
9978
9997
9989
9994
9990
9983
9993
9979
9991
9966
9987
9950
9994
9976
9981
9977
9991
9985
9988
9982
9997
9996
9991
9982
9995
9988
9974
9984
9974
9997
9981
9997
9981
9990
9984
9982
9975
9990
9982
9999
9990
9994
9995
9992
9987
9982
9982
9979
9977
9992
9984
9989
9964
9992
9996
9985
9980
9976
9980
9963
9997
9981
9977
9989
9975
9994
9985
9993
9990
9987
9993
9995
9983
9980
9990
9995
9977
9986
9993
9986
9986
9986
9964
9992
9989
9994
9989
9981
9991
9985
9981
9989
9970
9988
9988
9987
9986
9993
9992
9989
9975
9980
9979
9995
9996
9988
9996
9986
9984
9988
9979
9966
9988
9992
9998
9972
9979
9989
9985
9992
9990
9991
9986
9989
9979
9988
9986
9994
9981
9984
9984
9966
9997
9999
9984
9994
9992
9990
9977
9991
9988
9987
9991
9993
9983
9976
9974
9985
9987
9969
9993
9972
9997
9970
9993
9984
9955
9993
9991
9988
9992
9983
9985
9987
9988
9971
9979
9979
9986
9985
9986
9995
9985
9987
9995
9987
9990
9991
9991
9980
9991
9991
9990
9983
9957
9994
9981
9978
9979
9982
9996
9994
9992
9975
9991
9985
9992
9954
9990
9986
9991
9994
9999
9982
9992
9978
9984
9995
9994
9981
9987
9981
9984
9983
9987
9983
9985
9995
9981
9976
9995
9992
9972
9979
9962
9987
9980
9991
9992
9993
9981
9998
9995
9975
9988
9990
9985
9989
