9997
9971
9981
9991
9988
9990
9952
9985
9965
9987
9993
9975
9991
9979
9967
9999
9983
9977
9999
9993
9999
9992
9996
9986
9994
9983
9989
9989
9980
9995
9993
9984
9989
9979
9993
9986
9980
9992
9988
9997
9991
9979
9978
9996
9994
9984
9988
9993
9966
9987
9983
9980
9981
9969
9988
9988
9970
9994
9977
9988
9988
9987
9994
9999
9996
9983
9991
9990
9988
9992
9985
9964
9994
9964
9989
9981
9969
9989
9989
9974
9995
9993
9977
9986
9992
9981
9968
9983
9991
9972
9971
9996
9985
9983
9994
9997
9994
9987
9981
9990
9989
9985
9973
9988
9968
9981
9980
9982
9994
9987
9977
9990
9987
9992
9994
9969
9987
9966
9981
9982
9996
9988
9982
10000
9983
9992
9993
9976
9995
9987
9979
9987
9989
9973
9989
9989
9981
9986
9987
9980
9985
9983
9981
9996
9979
9979
9992
9991
9987
9974
9992
10000
9988
9988
9992
9984
9990
9999
9975
9979
9997
9993
9976
9990
9967
9986
9993
9992
9968
9981
9997
9991
9995
9984
9990
9993
9983
9972
9995
9994
9998
9971
9981
9991
9990
9982
9988
9989
9980
9998
9993
9976
9992
9992
9983
9994
9984
9996
9996
9993
9985
9993
9977
9991
9985
9997
9958
9987
9994
9992
9989
9975
9983
9979
9978
9988
9985
9990
9992
9995
9992
9990
9994
9979
9990
9984
9986
9979
9983
9971
9983
9992
9997
9979
9980
9966
9977
9982
9998
9987
9996
9967
9976
9992
9968
9981
9996
9973
9994
9998
9996
9978
9991
9991
9972
9987
9967
9980
9990
9986
9998
9982
9982
9991
9995
9972
9985
9978
9983
9976
9992
9983
9986
9990
9983
9973
9976
9994
9983
9995
9990
9967
9981
9989
9972
9984
9975
9983
9973
9987
9983
9983
9965
9982
9982
10000
9993
9987
9979
9998
9995
9982
9975
9972
9994
9981
9993
9975
9990
9983
9971
9979
9982
9986
9979
9967
9986
9970
9993
9992
9989
9987
9989
9956
9976
9988
9994
9989
9991
9984
9993
9990
9984
9981
9972
9981
9988
9974
9983
9997
9994
9988
9989
9985
9985
9994
9969
9999
9992
9984
9990
9976
9974
9991
9992
9984
9972
9974
9985
9984
9956
9989
9995
9989
9983
9988
9993
9975
9986
9986
9998
9990
9990
9992
9983
9965
9986
9962
9990
9990
9988
9960
9939
9984
9988
9987
9980
9986
9977
9985
9998
9992
9994
9989
9983
9985
9988
9998
9988
9957
9998
9996
9982
9995
9995
9988
9979
9981
9984
9996
9969
9983
9993
9983
9964
9997
9981
9980
9985
9980
9989
9996
9984
9983
9959
9992
9991
9981
9960
9992
9984
9982
9971
9989
9996
9997
9975
9994
9992
9982
9966
9987
9987
9985
9985
9984
9970
9971
9977
9991
9992
9992
9984
9979
9984
9974
9992
9989
9973
9985
9975
9982
9992
9988
9990
9984
9996
9987
9998
9996
9960
9983
9998
9981
9995
9984
9988
9958
9989
9989
9986
9976
9986
9986
9987
9984
9956
9979
9975
9966
9983
9990
9993
9988
9993
9976
9989
9985
9995
9987
9991
9987
9990
10000
9995
9996
9984
9996
9984
9972
9987
9983
9958
9966
9977
9989
9984
9996
9988
9982
9986
9982
9994
9988
9986
9985
9994
9926
9979
9988
9998
9971
9975
9982
9982
9966
9993
9995
9987
9996
9990
9977
9994
9994
9991
9979
9997
9980
9979
9973
9945
9993
9975
9984
9988
9988
9994
9992
9976
9974
9979
9971
9992
9989
9997
9987
9994
9998
9980
9983
9976
9989
9987
9988
9972
9964
9984
10000
9990
9974
9984
9987
9985
9987
9979
9979
9979
9980
9990
9993
9974
9970
9994
9991
9988
9982
9976
9980
9965
9991
9980
9975
9982
9978
9994
9972
9979
9980
9980
9990
9982
9985
9974
9968
9991
9988
9991
9990
9993
9992
9992
9971
9989
9998
9983
9992
9976
9980
9984
9985
9988
9986
9973
9980
9981
9983
9996
9967
9986
9985
9982
9987
9978
9976
9984
9990
9980
9990
9998
9988
9984
9984
9998
9986
9993
9984
9993
9995
9999
9987
9972
9987
9964
9985
9991
9964
9995
9982
9995
9978
9988
9998
9990
9997
9990
9980
9988
9991
9979
9992
9994
9976
9983
9987
9991
9993
9975
9983
9983
9993
9993
9981
9993
9990
9980
9993
9983
9988
9990
9987
9993
9991
9996
9996
9970
9991
9988
9985
9990
9990
9979
9993
9993
9992
9990
9992
9990
9981
9979
9994
9984
9985
9985
10000
9983
9978
9989
9987
9984
9992
9992
9974
9961
9974
9995
9986
9977
9985
9988
9998
9994
9988
9975
9994
9988
9981
9977
9959
9978
9987
9984
9982
9999
9969
9994
9992
9993
9987
9966
9980
9989
9993
9994
9995
9988
9999
9989
9983
9993
9993
9992
9994
9986
9996
9998
9989
9970
9988
9999
9991
9990
9988
9968
9977
9995
9997
9977
9999
9991
9980
9994
9987
9981
9988
9988
9986
9987
9985
9977
9994
10000
9989
9995
9986
9995
9963
9989
9987
9986
9981
9967
9980
9992
9983
9979
9985
9967
9980
9985
9994
9977
9996
9989
9993
9984
9998
9991
9985
9994
9991
9980
9979
9992
9985
9973
9986
9984
9993
9977
9985
9978
9959
9992
9981
9976
9994
9988
9999
9992
9995
9990
9993
9989
9949
9991
9989
9992
9993
9975
9980
9997
9985
9985
9984
9987
9981
9980
9996
9980
9984
9974
9985
9974
9987
9990
9982
9996
9993
9983
9983
9997
9980
9981
9994
9956
9987
9979
9993
9997
9995
9988
9971
9996
9968
9981
9999
9991
9973
9980
9995
9992
9981
9981
9977
9994
9982
9973
9990
9987
9966
9968
9974
9971
9991
9989
9987
9990
9978
10000
9981
9983
9995
9981
9989
9967
9999
9964
9994
9990
9993
9975
9981
9992
9990
9991
9987
9986
9979
9992
9965
9997
9966
9990
9990
9990
9992
9984
9991
9980
9990
9972
9998
9984
9990
9991
9989
9969
9973
9980
9985
9982
9992
9988
9983
9991
9986
9982
9971
9991
9984
9988
9989
9978
9994
9985
9991
9991
9995
9989
9988
9978
9988
9991
9974
9973
9969
9984
9973
9988
9988
9965
9995
9974
10000
9996
9993
9977
9992
9974
9970
