9987
9993
9993
9978
9976
9983
9996
9989
9982
10000
9987
9987
9979
9969
9966
9997
9992
9988
9986
9996
9994
10000
9976
9993
9990
9982
9984
9989
9991
9981
9993
9977
9989
9979
9990
9987
9990
9989
9990
9991
9980
9990
9999
9973
9992
9999
9990
9982
9988
9982
9993
9998
9983
9992
9973
9986
9992
9996
9997
9992
9978
9983
9988
9979
9964
9989
9991
9995
9987
9948
9986
9996
9989
9998
9994
9973
9983
9993
9991
9994
9991
9995
9992
9993
9996
9994
9985
9979
9967
9996
9991
9993
9992
9994
9981
9984
9978
9972
9992
9986
9991
9986
9990
9984
9972
9983
9973
9978
9999
10000
9991
9982
9991
9997
9985
9975
9986
9991
9986
9995
9998
9980
9986
9986
9992
9999
9979
9995
9978
9979
9980
9987
9982
9993
9986
9997
9996
9976
9988
9981
9982
9984
9991
9990
9997
9989
9992
9977
9982
9996
9980
9944
9993
9986
9975
9983
9974
9996
9988
9991
9989
9983
9979
9992
9989
9997
9995
10000
9996
9982
9987
9995
9990
9989
9998
9995
9985
9978
9988
9999
9982
9998
9991
9982
10000
9986
9978
9988
9999
9992
9979
9981
9994
9990
9992
9997
9999
9999
9995
10000
9994
9991
9999
9987
9995
9984
9982
9979
9981
9990
9996
9979
9970
9982
9965
9984
9997
9984
9976
9994
9985
9986
9974
9971
9950
9996
9982
9974
9986
9978
9957
9989
9991
9985
9973
9993
9996
9987
9985
9991
9979
9964
9992
10000
9986
9969
9991
9977
9983
9992
9998
9997
9985
9973
9992
9994
9987
9996
9976
9956
9979
9983
9996
10000
9997
9986
9982
9986
9964
9966
9986
9978
9980
9981
9993
9982
9999
9992
9996
9989
9989
9978
9976
9993
10000
9970
9985
9990
9982
9989
9995
9982
9995
9982
9994
9970
9988
9998
9989
9967
9983
9990
9996
9954
9993
9993
9991
9986
9987
9992
9984
9968
9997
9995
9989
9981
9990
9974
9983
9985
9976
9996
9986
9979
9982
9991
9986
9995
9985
9983
9979
9998
9989
9992
9993
9994
9982
9979
9997
9994
9993
9991
9994
9993
9995
9998
9992
9987
9984
9996
9986
9992
9978
9994
9987
9980
9978
9993
9987
9984
9964
9991
9997
9983
9993
9980
9985
9992
9992
9987
9994
9991
9976
9992
9964
9962
9986
9994
9993
9999
9989
9992
9995
9966
9992
9993
9983
9987
9998
9977
9973
9977
9968
9986
9982
9992
9990
9992
9946
9965
9989
9985
9982
9979
9985
9987
9984
9995
9994
9985
9997
9995
9998
9981
9987
9999
9992
9973
9969
9979
9984
9977
9990
9987
9994
9995
9992
9985
9998
9997
9991
9984
9992
9970
9993
9979
9975
9990
9992
9993
9974
9993
9995
9995
9998
9992
9993
9996
9996
9987
9983
9959
9992
9978
9973
9999
9981
9993
9984
9990
9981
9972
10000
9994
9979
9977
9961
9997
9979
9999
9974
9988
9995
9986
10000
9993
9990
9984
9989
9992
9993
9986
9983
9989
9994
9963
9978
9986
9986
9979
9963
9996
9967
9978
9998
9983
9986
9980
9995
9976
9991
9992
9989
9988
9990
9991
9993
9955
9978
9989
9989
9969
9989
9983
9973
9995
9983
9986
9994
9986
9974
9984
9986
9987
9975
9983
9988
9978
9972
9990
9984
9959
9985
9993
9984
9964
9986
9997
9987
9966
9964
9991
9998
9998
9969
9994
9996
9958
9996
9971
9989
9976
9998
9975
9983
9973
9988
10000
9995
9974
9976
9987
9986
9983
9987
9997
9997
9982
9974
9996
9989
9983
9973
9984
9990
9994
9981
9983
9976
9999
9989
9969
9999
9979
9985
9986
9995
9991
9989
9959
9989
9982
9970
9988
9983
9991
9988
9988
9988
9986
9965
9974
9993
9970
9988
9996
9983
9973
9993
9993
9986
9993
9983
9987
9982
9993
9988
9985
9974
9990
9987
9978
9983
9996
9988
9995
9995
9980
9982
9973
9977
9979
9998
9991
9986
9979
9993
9977
9981
9981
9979
9996
10000
9986
9983
9998
9996
9991
9984
9992
9991
9987
9982
9998
9991
10000
9994
9997
9976
9987
9988
9993
9984
9972
9994
9986
9973
9998
9961
9988
9967
9985
9993
9972
9982
9982
9985
9984
9975
9977
9987
9995
9980
9996
9980
9977
9984
9967
9982
9990
9981
9985
9980
9995
9989
9977
9985
9989
9970
9991
9988
9985
9989
9991
9992
9965
9992
9994
9985
10000
9988
9993
9987
9992
9995
9975
9991
9985
9990
9984
9986
9983
9975
9991
9976
9983
9983
9973
9985
9989
9972
9982
9971
9975
9983
9987
9986
9985
9966
9984
9978
9969
9980
9973
9978
9980
9992
9996
9964
9984
9979
9983
9983
9981
9999
9984
9989
9989
9984
9996
9987
9998
9993
9989
9991
9993
9984
9981
9991
9974
9992
9988
9965
9998
9987
9997
9985
9992
9974
9976
9994
9987
9977
9993
9971
9982
9992
9993
9971
10000
9995
9970
9994
9990
9979
9999
9981
9979
9978
9989
9989
9971
9988
9983
9973
9978
9999
9998
9990
9981
9995
9997
9976
9985
9983
9996
9981
9986
9970
9983
9982
9978
9990
9994
10000
9993
9978
9987
9982
9998
9969
9983
9990
9976
9980
9988
9982
9990
9993
9989
9976
9980
10000
9997
9991
9988
9988
9981
9980
9984
9995
9984
9983
9985
9969
9982
9970
9995
9990
9998
9979
9984
9978
9995
9991
9990
9979
9992
9990
9964
9997
9976
9974
9964
9976
9997
9994
9980
10000
9987
9992
9981
9962
9992
10000
9983
9994
9990
9993
9982
9985
9974
9991
9993
9985
9987
9991
9990
9990
9992
9990
9975
9971
9994
9985
9987
9983
9967
9988
9977
9976
9979
9990
9991
9983
9986
9980
9994
9988
9995
9975
9996
9990
9995
9997
9998
9981
9980
9991
9997
9990
10000
9992
9983
9964
9989
10000
9987
9980
9981
9991
9989
9997
9987
9977
9975
9993
9983
9998
9990
9993
9991
9990
9992
9986
10000
9975
9996
9997
9998
10000
9992
9980
9993
9986
9998
9995
9981
9993
9989
9976
9990
9995
9974
9980
9986
9996
9974
9960
9977
9969
9979
9977
9994
9991
9999
9989
9975
9980
9977
9996
9989
9981
9970
9970
9993
9996
9971
9996
9991
