9987
9993
9983
9981
9991
9986
9992
9991
9993
9996
9990
9978
9989
9983
9992
9983
9995
9995
9983
9987
9992
9989
9989
9979
9942
9987
9989
9997
9996
9987
9982
9988
9987
9979
9991
9991
9975
9977
9987
9986
9986
9979
9986
9993
9996
9982
9992
9986
9978
9981
9979
10000
9985
9987
9990
9974
9991
9996
9997
9981
9986
9982
9990
9981
9985
9974
9974
9979
9987
9991
9991
9993
9989
9987
9994
9991
9975
9970
9990
9994
9986
9997
9997
9974
9987
9991
9976
9990
9981
9990
9983
9984
9981
9990
9967
9983
9980
9977
9994
9992
9991
9989
9985
9990
9973
9994
9989
9984
9994
9986
9983
9984
9971
9980
9987
9986
9986
9988
9983
9954
9993
9997
9978
9980
9980
9981
9983
9992
9976
9963
9994
9980
9982
9989
9991
9981
9954
9990
9989
9985
9972
9985
9966
9990
9985
9985
9990
9972
9989
9981
9978
9983
9991
9991
9987
9982
9992
9998
9984
9995
9981
9987
9995
10000
9963
9990
9994
9983
9990
9997
9990
9992
9968
9969
9961
9972
9964
9979
9986
9990
9999
9967
9982
9994
9962
9991
9975
9980
9985
9999
9988
9987
9996
9991
9977
9993
9978
9995
9977
9994
9984
9980
9981
9990
9990
9982
9990
9975
9982
9966
9983
9985
9976
9987
9954
9992
9984
9983
9974
9985
9991
9984
9979
9985
9973
9990
9991
9982
9979
9996
9983
9991
9981
9984
9982
9987
9975
9996
9987
9981
9985
9996
9987
9968
9992
9971
9965
9984
9982
9984
9991
9984
9984
9983
9983
9973
9984
9995
9987
9988
9981
9993
9984
9981
9988
9986
9970
9980
9996
9990
9986
9980
9981
9992
9983
9983
9979
9985
9986
9989
9986
9974
9986
9991
9977
9988
9977
9990
9984
9987
9982
9995
9974
9981
9993
9995
9997
9985
9994
9968
9990
9985
9937
9968
9987
9989
9997
9979
9982
9981
9987
9983
9987
9995
9983
9973
9992
9976
9989
9985
9973
9974
9982
9964
9989
9979
9977
9997
9976
9984
9982
9978
9992
9991
9993
9984
9985
9988
9995
9974
9987
9989
9986
9986
9987
9975
9986
9985
9980
9970
9988
9991
9986
9991
9976
9990
9989
9984
9959
9979
9994
9988
9983
9982
9973
9992
9979
9969
9983
9956
9992
9991
9986
9976
9996
9985
9984
9975
9991
9991
9985
9969
9983
9984
9980
9987
9968
9977
9980
9994
9985
9986
9989
9978
9972
9995
9990
9971
9972
9980
9993
9988
9978
9975
9980
9991
9981
9995
9980
9977
9991
9978
9992
9995
9984
9989
9983
9990
9985
9975
9949
9977
9992
9988
9986
9989
9980
9992
9988
9987
9971
9976
9961
9991
9973
9977
9978
9978
9993
9984
9996
9979
9977
9988
9952
9997
9983
10000
9997
9982
9985
9977
9987
9994
9993
9994
9985
9982
9992
9987
9981
9997
9989
9992
9984
9978
9991
9997
9971
9987
9987
9993
9982
9994
9989
9980
9988
9978
9983
9994
9993
9992
9951
9989
9991
9996
9977
9986
9985
9986
9963
9987
9985
9991
9989
9969
9981
9977
9983
9979
9976
9995
9978
9966
9984
9972
9953
9997
9985
9993
9988
9977
9959
9955
9986
9996
9988
9991
9982
9989
9997
9979
9987
9971
9996
9989
9996
9981
9985
9986
9991
9991
9990
9983
9985
9984
9991
9969
9998
9978
9987
9994
9988
9986
9989
9993
9975
9977
9970
9988
9994
9995
9989
9986
9978
9961
9994
9988
9983
9988
9992
9996
9984
9990
9991
9974
9989
9970
9989
9992
9988
9978
9961
9993
9980
9992
9994
9973
9985
9990
9995
9994
9992
9976
9988
9982
9985
9980
9983
9964
9984
9982
9991
9992
9967
9979
9960
9996
9991
9982
9990
9993
9978
9964
9984
9973
9995
9997
9997
9960
9987
9979
9979
9986
9987
9985
9995
9991
9980
9996
9981
9986
9988
9983
9988
9989
9986
9958
9979
9989
9985
9993
9981
9990
9989
9986
9992
9990
9988
9987
9987
9995
9982
9986
9980
9980
9992
9988
9992
9962
9963
9997
9985
9993
9967
9993
9964
9995
9979
9988
9991
9992
9981
9974
9988
9989
9989
9992
9976
9994
9979
9984
9978
9988
9989
9981
9978
9981
9982
9984
9989
9984
9982
9991
9997
9993
9983
9982
9979
9988
9985
9985
9964
9983
10000
9985
9994
9983
9978
9992
9996
9986
9982
9991
9988
9995
9985
9961
9983
9984
9981
9994
9977
9987
9978
9982
9991
9953
9974
9987
9985
9989
9985
9995
9991
9984
9957
9986
9994
9987
9989
9983
9988
9969
9988
9958
9986
9980
9974
9938
9977
9967
9975
9951
9980
9985
9995
9980
9987
9990
9983
9994
9994
9966
9987
9984
9984
9965
9971
9996
9994
9977
9977
9986
9964
9986
9983
9984
9983
9999
9978
9997
9970
9979
9978
9985
9987
9991
9997
9987
9990
9980
9978
9995
9966
9983
9984
9985
9992
9991
9991
9966
9972
9986
9976
9983
9967
9965
9991
9994
9956
9991
9990
9985
9990
9976
9992
9984
9994
9984
9974
9981
9994
9972
9958
9990
9960
9982
9992
9979
9983
9995
9992
9980
9994
9948
9996
9989
9980
9967
9998
9978
9997
9983
9985
9989
9994
9982
9991
9987
9986
9982
9978
9969
9981
9986
9987
9986
9989
9992
9985
9976
9987
9994
9978
9988
9976
9991
9988
9982
9993
9991
9992
9979
9976
9989
9978
9975
9971
9991
9983
9986
9992
9971
9987
9990
9989
9980
9988
9982
9970
9990
9977
9964
9971
9995
9987
9983
9982
9972
9987
9976
9995
9992
9977
9998
9980
9972
9991
9987
9979
9985
9997
9987
9996
9958
9970
9991
9980
9991
9987
9976
9974
9994
9986
9985
9985
9985
9986
9988
9990
9965
9976
9997
9973
9985
9992
9982
9988
9984
9967
9992
9990
9994
9966
9977
9989
9996
9991
9987
9989
9989
9977
9993
9977
9983
9976
9993
9986
9978
9999
9981
9994
9990
9991
9975
9983
9981
9992
9985
9977
9983
9981
9975
9977
9987
9998
9987
9979
9967
9981
9986
9971
9991
9990
9983
9983
9988
9967
9961
9967
9980
9983
9994
9971
9977
9988
9983
9969
9985
9980
9969
9988
9984
9971
9996
9990
9991
9971
9972
