9943
9992
9944
9970
9966
9701
10000
9963
9250
9835
9923
9970
9871
9926
9481
9909
9975
9854
9590
9975
9910
9946
9991
9779
9949
9670
9949
9828
9846
9897
9983
9985
9665
9920
9290
9955
9996
9830
9953
9987
9945
9890
9964
10000
9969
9988
9979
10000
9967
9968
9720
9390
9958
9916
9932
9767
9858
10000
10000
9934
9979
9308
9818
9583
10000
9975
9939
9968
9967
9975
9966
9955
9975
9958
9488
9926
9536
9979
9952
9971
9984
9821
9437
9779
9973
9948
9897
9978
9595
10000
9970
9956
9705
9963
9912
9894
9651
9881
9976
9939
9984
9983
10000
9964
9686
10000
9939
9980
10000
9486
9692
9976
9876
9714
9965
9979
9906
9949
9923
9975
9734
9840
9974
9975
9881
10000
9883
9940
9983
9899
10000
9912
9591
9682
9850
9783
9909
9456
9936
9894
9968
9715
9966
9917
9911
10000
9889
9234
9975
9871
9995
9826
9969
9699
9847
9958
9932
9987
10000
9964
9706
9942
9987
9891
9951
9981
9877
9632
9993
9841
9508
9864
9890
9959
9981
9593
9920
9940
9982
9970
9958
9959
9953
9932
9996
10000
9660
9763
9958
9907
9937
9846
9789
9976
9799
9699
9976
10000
9946
9301
9961
9951
9987
9577
9797
9776
9990
9963
9982
9988
9865
9980
9905
9931
9988
9878
9844
9800
10000
9792
9539
9796
9736
9993
9973
9915
9399
9676
9760
10000
9986
9985
9962
9991
9935
9958
9983
9982
9811
9759
9855
9972
9944
9973
9787
9954
9885
9912
9966
9866
10000
9729
9952
9455
9982
9623
9967
9874
9991
9979
9880
9976
9715
9705
9910
9956
9984
9986
9930
9952
9835
9972
9617
9825
9923
9965
9642
9961
9926
9865
9291
9838
9941
10000
9971
9826
9790
9735
9830
9925
9807
9946
9959
9983
9916
9991
9418
9922
9481
9863
10000
10000
9955
9989
9955
9976
9909
9750
9991
9572
9974
9983
9939
9944
9432
10000
9644
9918
9708
9791
9981
9927
9938
10000
9580
9733
9965
9870
9968
9381
9789
9988
9971
9962
9983
9387
9973
9962
9950
9946
9953
9984
9882
9941
9894
9853
9957
9887
9625
10000
9800
10000
10000
9618
10000
9686
9751
9956
9756
9836
9989
9926
9789
9934
9960
9990
9925
9968
9898
9693
9994
9818
9934
9782
9937
9977
9628
9721
9986
9985
9986
9964
9688
9927
9801
10000
9913
9989
9990
9986
9966
9942
9615
9895
10000
9990
9406
9977
10000
9989
9628
9710
9539
9979
10000
9537
9986
10000
10000
10000
9633
9261
9804
9814
9951
9985
9840
10000
9947
9941
9983
9912
9991
9831
9738
9672
9985
9967
9858
9921
9887
9966
9854
9625
9894
10000
9984
9831
10000
9964
9979
9984
9790
10000
9973
9975
9933
9937
9984
9933
9827
9768
9986
9626
9665
9967
9972
9991
9968
10000
9993
9967
10000
9979
9961
9748
9333
9978
9989
9948
9396
9981
9765
9684
9925
9893
9979
9933
9972
9977
9303
9790
9904
9646
9857
9931
9986
9945
9912
9892
9952
9749
9959
9816
9489
9969
9840
9838
9720
9957
9982
9933
9981
9981
10000
9464
9814
9990
9890
9982
9390
9739
9917
9993
9972
9919
9904
9982
9997
9987
9632
9526
10000
9917
9979
9919
9882
9909
9912
9979
9821
9960
9969
9636
9858
9960
9739
9927
9682
9982
9975
9843
9828
9931
9972
9753
10000
9691
9896
9575
9835
10000
9676
9732
9986
10000
9711
9931
9986
9917
9936
9910
9948
9970
9951
9854
9990
9848
9871
9865
9179
9886
9860
9976
9975
9919
9941
9905
9968
9973
10000
9988
9942
9939
10000
9977
10000
9962
9987
9815
9533
9800
9988
9808
9967
9910
9953
9926
9879
9971
9953
9934
9868
9939
9798
9994
9785
9976
9991
9714
9941
9948
9797
9894
9990
9983
9779
9963
9997
9717
9948
9892
9982
10000
9998
10000
9848
9800
9911
9974
9830
9965
9999
10000
9434
9972
9991
9883
9807
9932
9962
9995
9984
9974
9853
9956
9961
9977
9990
9447
9941
9986
9958
9800
9936
9856
9804
9832
9978
9958
9355
9582
9970
9987
9797
9982
9986
9949
9422
9993
9947
9921
9767
9963
9934
9969
9938
9974
9874
9694
9923
9715
9999
9873
9908
9895
9987
9831
9766
9901
9892
9971
9974
9867
9962
9965
9976
9997
9551
9875
9995
9669
9692
9993
9822
9940
9984
9985
9827
9978
9998
9888
9961
10000
9954
9946
9975
9928
9847
9316
9920
9834
9726
9975
9925
9976
9891
9901
9971
9388
9967
9954
9961
9992
9855
9682
9958
9982
9987
9930
9989
9928
9862
9906
9817
9974
9771
9976
9984
10000
9831
10000
9847
9985
10000
9521
9984
9769
9930
9962
9767
9966
9250
9898
9877
9913
9929
9986
9772
9924
9630
9888
9932
9970
9974
9866
9907
9846
9589
9883
9968
9981
9996
9968
9947
10000
9986
9441
10000
9525
9966
9852
9947
10000
9995
9985
9967
9953
10000
9979
9980
9977
9797
9976
9703
9969
9976
9960
9956
9868
9964
9954
9963
9719
9301
10000
9940
9986
9984
10000
9942
9956
9957
9993
9754
9996
9817
9600
9930
9694
9908
9691
9932
9675
9866
9862
9423
9640
9925
9748
9868
9964
9972
9567
9934
9969
9847
9974
9978
9389
9608
9884
9973
9750
9934
9565
9993
9522
9870
9474
9946
9735
9986
9981
9945
9615
9847
9828
9969
9130
9901
9984
9928
9674
10000
9895
9771
9993
9959
9967
9989
9981
9961
10000
9738
9951
9480
9819
9989
9960
9650
10000
9970
9946
9962
9960
9931
9812
9981
9529
9958
9998
9954
9801
10000
9808
9543
9978
9848
9762
9957
9926
9952
9873
9885
9988
9745
9622
10000
9889
9979
9986
9971
9982
9978
9841
9221
9805
9975
9963
9895
9965
9878
9961
10000
9956
9991
9338
9572
9753
9999
9927
9930
9632
9938
9703
9949
9448
9850
9933
9901
9877
9969
9955
9914
9912
9886
9870
9632
9945
9666
9802
9415
10000
9981
9927
9964
9993
9976
9974
9924
9856
9976
10000
9989
10000
9933
9561
10000
9976
9995
9755
9852
9952
9977
9572
9962
10000
9947
9981
9941
9776
9995
9770
9532
9980
9919
9967
9972
9796
