9977
9992
9972
9991
9952
9997
9982
9998
9995
9987
9985
9992
9984
9990
9987
9993
9992
9985
9993
9993
9978
9990
9981
9970
9980
9974
9979
9984
9981
9988
9989
9997
9985
9991
9986
9983
9981
9985
9985
9992
9975
9979
9981
9981
9994
9981
9991
9980
9989
9991
9985
9983
9990
9993
9981
9981
9989
9990
9992
9982
9985
9984
9992
9995
9987
9979
9973
9976
9994
9985
9965
9965
9984
9981
9982
9988
9969
9988
9987
9990
9984
9982
9994
9978
9971
9968
9983
9982
9989
9976
9987
9968
9998
9969
9984
9974
9987
9975
9975
9986
9977
9995
9988
9977
9981
9962
9986
9980
9981
9981
9993
9973
9975
9984
9987
9986
9992
9990
9993
9961
9991
9990
9978
9982
9994
9976
9987
9979
9994
9995
9996
9984
9996
9989
9966
9983
9988
9977
9971
9990
9989
9984
9982
9991
9989
9993
9986
9984
9984
9988
9987
9989
9991
9980
9985
9982
9987
9988
9981
9984
9981
9985
9994
9996
9977
9983
9995
9990
9985
9975
9990
9976
9971
9982
9998
9991
9990
9977
9965
9987
9975
9967
9975
9981
9984
9986
9983
9983
9989
9983
9983
9951
9990
9981
9993
9987
9988
9988
9984
9989
9987
9962
9993
9969
9988
9990
9969
9963
9997
9977
9992
9974
9984
9995
9997
9991
9992
9989
9990
9970
9980
9984
9983
9984
9988
9972
9977
9994
9993
9979
9979
9983
9998
9994
9985
9995
9973
9980
9968
9986
9982
9992
9989
9988
9993
9980
9985
9982
9981
9986
9983
9991
9999
9991
9985
9991
9972
9978
9992
9987
9970
9986
9982
9980
9985
9981
9991
9983
9981
9991
9977
9994
9981
9990
9977
9983
9979
9997
9980
9985
9996
9976
9982
9995
9994
9983
9986
9990
9974
9990
9982
9991
9988
9983
9982
9978
9994
9994
9987
9990
9977
9984
9968
9983
9961
9982
9980
9990
9979
9988
9995
9994
9991
9983
9994
9984
9981
9968
9979
9959
9998
9993
9983
9983
9979
9966
9958
9991
9991
9991
9980
9966
9977
9985
9981
9993
9990
9990
9980
9990
9975
9982
9986
9989
9993
9983
9963
9991
9986
9990
9995
9996
9996
9982
9983
9980
9983
9991
9978
9994
9982
9995
9972
9990
9990
9999
9982
9976
9981
9975
9971
9984
9990
9991
9988
9991
9978
9994
9973
9995
9989
9993
9980
9997
9992
9994
9987
9983
9993
9982
9997
9992
9993
9987
9972
9989
9988
9986
9976
9987
9987
9960
9998
9995
9993
9992
9983
9976
9990
9986
9992
9993
9988
9991
9980
9994
9987
9989
9988
9997
9996
9989
9995
9980
10000
9988
9984
9977
9977
9988
9977
9983
9985
9985
9977
9983
9996
9976
9981
9975
9983
9976
9983
9985
9974
9978
9990
9994
9979
9982
9995
9983
9974
9993
9985
9961
9987
9995
9981
9984
9972
10000
9988
9994
9995
9984
9979
9983
9985
9980
9992
9983
9961
9998
9972
9978
9994
9987
10000
9989
9986
9981
9976
9984
9982
9986
9976
9988
9986
9995
9978
9981
10000
9988
9988
9968
9994
9987
9993
9997
9973
9979
9948
9987
9981
9954
9985
9990
9984
9990
9984
9983
9990
9973
9993
9991
9988
9989
9977
9990
9975
9982
9977
9985
9965
9992
9986
9980
9993
9982
9990
9976
9992
9990
9988
9985
9994
9993
9987
9989
9972
9986
9981
9991
9962
10000
9971
9988
9979
9989
9974
9984
9989
9979
9986
9987
9996
9983
9988
9988
9977
9982
9989
9986
9975
9986
9969
9988
9999
9983
9974
9978
9989
9950
9991
9984
9974
9992
9994
9979
9990
9966
9980
9980
9996
9978
9993
9999
9975
9983
9994
9994
9991
9971
9979
9980
9975
9992
9987
9981
9985
9981
9989
9986
9994
9980
9988
9984
9988
9993
9976
9986
9994
9974
9986
9989
9986
9996
9975
9981
9993
9987
9990
9988
9993
9974
9984
9986
9981
9995
9973
9994
9986
9981
9995
9990
9983
9993
9972
9994
9975
9987
9973
9996
9976
9991
9988
9979
9996
9986
9998
9991
9985
9980
9962
9981
9979
9977
9988
9984
9989
9993
9998
9977
9992
9987
9988
9986
9991
9969
9983
9973
9988
9998
9983
9962
9985
9968
9999
9998
9996
9988
9988
9993
9985
9994
9985
9987
9982
9990
9971
9990
9979
9984
9960
9991
9984
9969
9986
9930
9978
9992
9989
9983
9994
9975
9993
9983
9995
9993
9995
9987
9985
9995
9984
9978
9987
9972
9994
9978
9974
9983
9981
9970
9978
9986
9988
9991
9965
9992
9983
9981
9986
9973
9962
9976
9980
9984
9980
9988
9992
9977
9990
9985
9986
9996
9985
9996
9984
9972
9998
9984
9991
9986
9989
9986
9992
9994
9985
9968
9983
9972
9997
9976
9981
9983
9980
9960
9994
9996
9994
9989
9988
9988
9978
9970
9978
9985
9992
9983
9960
9975
9992
9983
9979
9990
9972
9989
9976
9995
9991
9988
9968
9987
9985
9975
9991
9988
9980
9982
9983
9973
9988
9976
9966
9976
9984
9982
9985
9982
9965
9992
9969
9991
9983
9978
9971
9993
9964
9983
9990
9985
9974
9992
9995
9992
9978
9986
9983
9983
9992
9984
9984
9987
9961
9992
9995
9983
9981
9999
9983
9993
9975
9969
9992
9972
9992
9994
9988
9979
9987
9985
9989
9989
9993
9986
9966
9950
9978
9987
9993
9983
9980
9984
9983
9984
9996
9987
9994
9987
9995
9978
9988
9981
9994
9989
9988
9988
9987
9986
9986
9981
9996
9992
9984
9990
9974
9974
9981
9995
9988
9994
9993
9992
9982
9975
9985
9991
9991
9971
9990
9992
9994
9993
9973
9987
9982
9993
9981
9987
9978
9990
9986
9991
9989
9982
9987
9972
9986
9988
9976
9984
9992
9985
9976
9987
9990
9978
9981
9952
9984
9986
9984
9974
9983
9989
9995
9974
9999
9993
9986
9990
9976
9979
9987
9981
9982
9982
9986
9980
9991
9989
9974
9979
9971
9975
9981
9962
9989
9979
9994
9965
9981
9992
9985
9994
9987
9980
9990
9983
9993
9988
9981
9983
9975
9988
9978
9985
9978
9985
9983
9973
9965
9995
9977
9981
9997
9979
9966
9988
9987
9975
9984
9978
9986
9987
9989
9981
9990
9996
