9994
9984
9998
9987
9987
10000
9994
9978
10000
9994
9984
9981
9997
10000
9977
9999
9984
9986
9983
9982
9999
9976
9997
9984
9998
9973
9976
9981
9984
9998
9983
9982
9984
9988
9971
9993
9991
9984
9995
9984
9962
9979
9978
9983
9989
9987
9990
9980
9984
9978
9990
9953
9982
9975
9999
9985
9979
9997
9994
9985
9988
9984
9992
9978
9994
9988
9995
9985
9986
9998
9981
9989
9998
9991
9979
9971
9986
9990
9999
9978
9990
9991
9990
9994
9981
9979
10000
9999
9985
9992
9972
9972
10000
9999
9978
9990
10000
9999
9989
9983
9976
9990
9981
9998
9992
9986
9987
9993
9971
9993
9992
9983
9990
9985
9983
9998
9983
9990
9994
9990
9988
9991
10000
9991
9998
9977
9977
9960
9989
9985
9969
9991
9981
9986
10000
9989
10000
9987
9995
9994
9999
9995
9998
9990
9998
9997
9980
9985
9995
9998
9996
9979
9991
9961
9989
9996
9998
9983
9999
9980
9995
9982
9989
9979
9992
9993
9984
9984
9963
9968
9993
9994
9988
9988
9969
9964
10000
9989
9998
9981
9995
9985
9988
9995
9997
9989
9998
9994
9996
9984
9999
9987
9990
9992
9994
9981
9974
9988
9987
9984
9999
9994
9980
9999
9986
9988
9981
9982
9982
9992
9980
9995
9983
9946
9996
9998
9996
9994
10000
9980
9984
9988
9991
9981
9980
9970
9999
9988
9959
9970
9968
9993
9996
9998
9990
10000
9987
9986
10000
9991
9998
10000
9988
10000
9996
9994
9999
9989
9980
9994
9972
9994
9988
9997
9959
9950
9987
9991
9997
9965
9988
9981
9996
9977
9972
9990
9985
9976
9981
9983
9978
9993
9988
9999
9968
9984
9988
9985
9994
9939
9965
9986
9995
9994
9991
9998
9985
9993
9994
9998
9999
9986
9981
9991
9996
9988
9987
9997
9994
9996
9998
9999
9993
9991
9988
9984
9961
9999
9994
9979
9984
9996
9980
9984
9988
9995
10000
9991
9995
9996
9993
9997
9984
9976
9982
9979
9972
9981
9961
9968
9995
9985
10000
9978
10000
9977
9997
9986
9989
9994
9999
9989
9984
9991
9989
9985
9992
9987
9991
9994
9976
9980
9990
9989
9987
9984
9983
9993
9981
9966
9976
9998
9997
9981
9971
9976
9976
9996
9997
9964
9991
10000
9959
10000
9962
9981
9987
9972
9989
9968
9985
9991
9983
9979
9993
9981
9999
9986
9977
9975
9972
9981
9994
9989
9979
9993
10000
9989
10000
9995
9984
9968
9993
9982
9992
9976
9992
9995
9973
9978
9969
9964
9995
9996
9999
9990
9999
9985
9989
9991
9983
9992
9988
9977
9992
9970
9983
9992
9976
9992
9974
9988
9987
9969
9999
9999
9993
9991
9989
9989
9944
9999
9995
9998
9969
10000
9985
9988
10000
9983
9992
9972
9983
9978
9990
9986
9991
9998
9984
9999
10000
9988
9975
9995
9973
9997
10000
9985
9992
9975
9976
10000
9988
9990
9996
9997
9998
9995
9997
9987
9998
10000
9989
9976
9995
9980
9959
9997
9990
10000
9972
9985
9999
9975
9984
9992
9993
10000
9948
9993
9999
9982
9987
10000
9997
9987
9969
9997
9988
9991
9994
9989
9999
9992
9992
9980
9985
9974
9985
9974
9986
9990
9982
9986
9995
9994
9998
9989
9999
9999
9976
9971
9998
9982
9987
9996
9998
9996
9971
9996
9986
9995
9986
9998
9981
9987
9990
10000
9981
9976
9984
9983
9989
9985
9992
9987
9987
10000
9986
9987
9982
9995
9979
9990
9980
9988
9975
9967
9962
9996
9996
9983
9968
9976
9990
9979
9987
9989
9988
9994
9998
9977
9973
9996
9982
9992
10000
9984
9979
9991
9998
9999
9982
9982
9983
9983
9991
9989
9996
9995
9993
9995
9982
9986
9985
9985
9987
9998
9974
9972
9964
9983
9951
10000
9990
9969
9994
9991
9993
9995
9992
9979
9981
9989
9999
9993
9978
9988
9999
9985
10000
9992
9986
9985
9946
9992
9995
9987
9985
9988
9977
9977
9974
9993
9993
9983
9973
9992
9984
9983
9987
9995
9985
9974
9988
9989
9990
9993
9986
9991
10000
10000
9995
9972
9991
9985
9986
9990
9985
9997
9979
9986
9992
9982
9983
9986
9950
9981
9996
10000
9977
9986
10000
9982
9989
9976
9996
9976
9969
9978
9996
9986
9962
9995
9994
9994
9994
9988
9984
9995
9996
9963
9977
9984
9982
9974
9991
9997
10000
9991
9990
9999
9978
9996
9974
9990
9982
9984
9996
9978
9996
9994
9985
9984
9974
9975
9979
9997
9970
9983
9986
9981
9990
9987
9984
9998
9996
9985
9984
9993
9989
9991
9989
9988
9989
9990
9983
10000
9986
9987
9999
9999
9990
9996
9993
10000
9976
9966
9987
9991
9972
9971
9997
9985
9984
9998
9977
9988
10000
9994
9986
10000
9998
9988
9992
9986
9993
9994
9974
9992
9979
9987
9998
9991
10000
9992
9996
9982
10000
9988
9998
9977
9987
9992
9994
9987
9996
9994
9992
10000
9989
9972
9982
9983
9995
9979
9989
9977
9999
9999
9989
9983
9978
9993
9990
9991
9979
9996
9989
9993
9989
9986
9956
9985
9963
9978
9986
9993
9978
9982
9988
9987
9993
9999
9982
9997
9997
9970
9984
9999
9995
9974
9985
9990
9973
9977
9985
9991
9998
9990
9944
9991
10000
9997
9977
9998
9955
9985
9983
9992
9989
9990
9982
9963
9990
9994
9964
9984
9976
9998
9993
9991
9997
10000
9990
9988
9992
9988
9995
9990
9977
9964
9985
9985
9999
9964
9991
9985
9982
9987
9983
9998
9991
9992
9999
10000
9976
9990
9992
9974
9994
9993
9991
9963
9987
9998
9982
9992
9996
9973
9993
9992
9991
9988
9996
10000
9980
9980
9971
9995
9998
9979
9985
9981
9998
9982
9980
9993
9985
9999
9988
9991
10000
9997
9986
9986
9988
9970
9993
9974
9997
9973
9991
9995
9998
9983
9965
9997
9964
9985
9976
9977
9988
9994
9981
9993
9990
9979
9979
9981
9974
9978
9983
9996
9991
9994
9990
10000
9993
9996
9952
9995
9992
9993
9997
9980
9988
9985
9990
9988
9959
9985
9988
9977
9993
9994
9982
9996
10000
9990
9989
9998
9997
9980
9986
10000
9993
9987
9988
10000
