9992
9983
9996
9988
9980
9976
9967
9989
9969
9976
9988
9995
9989
9980
9995
9987
9990
9985
9985
9987
9987
9951
9976
9989
9990
9991
9985
9980
9985
9985
9983
9964
10000
9980
9997
9982
9975
9997
9998
9969
9991
9986
9997
9988
9997
9989
9988
9979
9989
9992
9995
9980
9987
9986
9986
9986
9974
9984
9990
9995
9966
9977
9971
9998
9975
9993
9962
9963
9991
9978
9991
9981
9992
9988
9984
9982
9991
9995
9981
9977
9989
9984
9980
9983
9974
9986
9984
9985
9975
9968
9996
9975
9969
9985
9989
9970
9980
9991
9975
9984
9995
9975
9990
9989
9984
9986
9977
9986
9992
9977
9986
9984
9983
9976
9993
9997
9987
9983
9981
9986
9989
9990
9984
9992
9992
9977
9989
9993
9989
9992
9971
9988
9974
9988
9986
9984
9965
9984
9994
9961
9979
9976
9982
9993
9982
9986
9965
9991
9990
9993
9986
9978
9978
9976
9995
9990
9991
9995
9984
9993
9975
9957
9994
9987
9959
9993
9982
9978
9989
9988
9981
9995
9979
9987
10000
9970
9985
9998
9990
9990
9990
9975
9963
9968
9996
9978
9994
9995
9966
9993
9994
9991
9976
9990
9981
9962
9980
9980
9985
9976
9993
9995
9990
9980
9981
9995
9953
9964
9991
9965
9971
9981
9994
9983
10000
9985
10000
9984
9976
9952
9995
9989
9990
9980
9995
9986
9978
9962
9985
9988
9993
9977
9992
9993
9965
9985
9986
9965
9983
9997
9970
9982
9966
9985
9987
9991
9987
9984
9987
9979
9991
9989
9985
9997
9966
9972
9987
9994
9986
9989
9985
9988
9992
9994
9954
9981
9987
9992
9971
9985
9982
9993
9995
9983
9972
9992
9971
9972
9984
9982
9978
9979
9987
9970
9983
9977
9988
9992
9994
9983
9970
9988
9975
9981
9985
9962
9968
9986
9993
9990
10000
9965
9992
9994
9990
9968
9996
9988
9986
9986
9995
9988
9985
9992
9987
9981
9973
9983
9971
9978
9994
9986
9992
9988
9985
9987
9982
9996
9985
9979
9969
9959
9993
9984
9972
9975
9980
9990
9972
9968
9991
9994
9976
9990
9982
9970
9986
9987
9986
9988
9977
9976
9966
9984
9964
9971
9992
9991
9971
9983
9993
9991
9996
9981
9989
9977
9978
9989
9980
9976
9981
9984
9995
9993
9993
9989
9986
9971
9980
9978
9986
9990
9985
9977
9986
9989
9983
9990
9970
9988
9978
9970
9996
9988
9986
9987
9977
9977
9974
9984
9990
9959
9952
9981
9990
9991
9979
9993
9975
9982
9994
9957
9988
9981
9990
9989
9973
9977
9979
9990
9982
9988
9960
9982
9965
9985
9996
9985
9962
9986
9986
9986
9979
9984
9987
9996
9987
9982
9975
9958
9974
9977
9979
9985
9986
9991
9973
9989
9977
9980
9990
9977
9996
9975
9983
9972
9988
9973
9996
9996
9986
9969
9988
9992
9992
9997
9982
9998
9976
9979
9970
9994
9981
9990
9986
9982
9962
9991
9996
9988
9982
9988
9989
9984
9985
9991
9972
9982
9991
9995
9961
9970
9985
9992
9989
9972
9987
9985
9994
9991
9979
9995
9979
9961
9987
9983
9989
9965
9990
9951
9987
9986
9966
9988
9987
9975
9991
9992
9991
9999
9989
9990
9987
9993
9980
9990
9989
9988
9991
9991
9989
9979
9977
9995
9980
9990
9999
9994
9988
9993
9977
9987
9994
9988
9993
9997
9972
9973
9995
9988
9993
9982
9976
9989
9982
9974
9979
10000
9991
9947
9976
9998
9991
9988
9987
9959
9979
9984
9990
9990
9991
9971
9973
9973
9990
9986
9973
9991
9986
9970
9989
9985
9976
9992
9977
9989
9992
9994
9985
9982
9988
9973
9984
9988
9985
9972
9984
9965
9987
9993
9989
9992
9980
9977
9981
9992
9999
9969
9993
9992
9969
9984
9974
9977
9987
9988
9990
9997
9981
9969
9981
9982
9997
9973
9998
9987
9994
9969
9984
9992
9973
9958
9968
9982
9989
9978
9977
9979
9995
9991
9988
9962
9990
9996
9986
9994
9976
9970
9993
9990
9973
9989
9987
9962
9985
9991
9982
9983
9978
9988
9981
9978
9996
9986
9984
9992
9996
9994
9984
9982
9986
9984
9994
9990
9999
9986
9985
9987
9970
9979
9983
9980
9992
9986
9989
9980
9991
9987
9991
9977
9985
9993
9978
9981
9983
9978
9986
9997
9995
9986
9988
9983
9968
9997
9986
9988
9993
9986
9995
9993
9968
9983
9994
9985
9969
9985
9992
9985
9977
9982
9991
9984
9984
9990
9990
9981
9996
9977
9972
9972
9987
9990
9982
9960
9994
9984
9989
9984
9990
9993
9989
9974
9985
9978
9986
9974
9984
9989
9972
9996
9966
9993
9973
9972
9981
9993
9979
9978
9989
9983
9988
9988
9994
9974
9985
9977
9984
9997
9959
9973
9961
9997
9989
9976
9966
9982
9979
9995
9990
9991
9988
9988
9980
9988
9991
9982
9985
9974
9992
9991
9986
9989
9984
9968
9983
9983
9960
9987
9983
9992
9991
9994
9971
9975
9987
9984
9988
9984
9987
9994
9990
9985
9982
9987
9988
9976
9988
9957
9983
9972
9992
9984
9948
9972
9983
9970
9984
9983
9974
9984
9972
9980
9981
9980
9970
9985
9987
9990
9988
9986
9983
9996
9993
9992
9980
9994
9987
9973
9993
9987
9998
9992
9984
9988
9989
9992
9992
9982
9984
9989
9974
9984
9997
9990
9959
9985
9979
9991
9989
9971
9992
9976
9997
9989
9987
9988
9986
9969
9975
9988
9973
9989
9976
9984
9999
9984
9983
9986
9975
9987
9998
9986
9981
9993
9992
9974
9971
9988
9976
9981
9985
9990
9988
9973
9985
9982
9991
9995
9992
9964
9985
9980
9990
9993
9986
9976
9991
9984
9981
9962
9967
9982
9990
9982
9980
9982
9969
9993
9953
9968
9993
9961
9988
9985
9990
9975
9987
9977
9988
9992
9985
9989
9987
9981
9983
9985
9977
9991
9984
9996
9969
9983
9981
9980
9989
9990
9997
9991
9992
9988
9991
9982
9992
9993
9989
9977
9985
9989
9994
9990
9981
9962
9985
9983
9967
9996
9992
9988
9981
9994
9986
9984
9994
9997
9981
9974
9980
9959
9984
9988
9980
9951
9992
9992
9984
9981
9990
9989
9973
9984
