9980
9971
9989
9970
9986
9983
9987
9963
9995
9995
9984
9989
9972
9994
9978
9982
9985
9996
9981
9998
9989
9975
9980
9984
10000
10000
9993
9977
9991
9991
9991
9995
9998
9992
9976
9983
9976
9976
9999
9986
9994
9965
9988
9982
9958
9989
9980
9993
9974
9980
9991
9994
9981
9987
9983
9983
9993
9979
9997
9974
9993
9983
9997
10000
9990
9999
9960
9996
9997
9984
9988
9979
9990
9971
9982
9981
9989
9989
9973
9970
9988
9998
9981
10000
9984
9986
9983
9995
9996
9982
10000
9989
9985
9992
9975
9990
9992
9992
9982
9985
9990
9993
9982
9981
9978
9998
9989
9986
9977
9993
9984
9988
9977
9981
10000
9993
9991
9996
9998
9993
9996
9998
10000
9998
9994
9992
9991
9982
9985
9989
9971
9999
9991
9995
9974
9980
10000
9999
9982
9980
9984
9980
9975
9973
9987
9983
9983
9974
9981
9993
9989
10000
9986
9977
9977
9991
9991
9994
9975
9999
9981
9986
9987
9992
9988
9987
9996
9999
9986
9992
9983
9977
9992
9969
9997
9995
9992
9995
10000
9978
9996
9997
9988
9986
9980
9980
9989
9995
9990
9982
9982
9967
9988
9986
9980
9990
9996
9977
9980
10000
9986
9998
9975
9981
9975
9990
9994
9994
9986
9985
10000
9980
9990
9986
9990
9991
9993
9976
9956
9991
9992
9985
9983
9998
9993
9985
9982
9983
9986
9995
9987
9986
9988
9987
10000
9994
9992
9997
9983
9996
9985
9969
9995
9999
9980
9993
9975
9979
9989
9984
9996
9984
9984
9990
9984
9988
9967
9994
9997
9980
9987
9973
9988
9987
10000
9977
9982
9988
9985
9999
9991
9995
9973
9997
9988
9969
9988
9990
9973
10000
9997
9981
9976
9987
9974
9990
9987
9985
9996
9993
9989
9975
9979
9980
9986
9994
9999
9990
9989
9993
9991
9987
9992
9977
9978
10000
9966
9982
9981
9994
9988
9991
9991
9973
9990
9985
10000
9976
9982
9987
9988
9961
9975
9988
9990
9998
9998
9997
9974
9983
9989
9992
9989
9994
9989
9981
9981
9997
9985
9990
9992
9957
9973
9994
9985
9982
9991
10000
9984
9973
9992
9988
9976
9956
9996
9999
9990
9990
9986
9988
9977
9990
9966
9981
9986
9977
9992
9990
9990
9992
9998
9987
9997
10000
10000
10000
9982
9978
9985
9980
9986
9988
9980
9991
9999
10000
10000
9983
9986
9992
9977
9977
9989
10000
9989
10000
9983
9978
9982
9978
9986
9993
9977
9980
9975
9994
9988
9984
9988
9991
9992
9987
9991
9970
9992
9998
9989
9989
9996
9984
9988
9989
9991
9977
9986
9996
9991
9981
10000
9993
9982
9985
9983
9985
9980
9975
9986
9990
9990
9986
9997
9994
9989
9985
9992
9983
9996
9990
9965
10000
9984
9982
9959
9985
10000
9992
9976
9967
9995
9999
9982
9994
9999
9997
10000
9963
9992
9982
9986
9994
9990
9999
9986
9994
9973
9991
9983
9973
9988
9994
9996
9985
9966
9976
9982
9990
9989
9992
9982
9991
9984
9954
9988
9994
9968
9993
9976
9991
9994
9991
9987
10000
9998
9990
9999
9987
9977
9988
9993
9993
9996
9995
9990
9986
9999
9992
9992
9978
9970
9997
9988
9991
9986
9987
9992
9997
9984
9992
9981
9993
9988
9973
9987
10000
9989
9996
9994
9988
9976
9977
9994
9981
9999
9984
9969
9989
9974
9987
9991
9986
9982
9977
9975
9995
9992
9994
9986
9969
9970
9964
9985
9996
9983
9988
9985
9996
9983
9985
9986
9999
9999
9951
9962
9990
10000
9999
9992
10000
9995
9991
9974
9991
9983
9989
9991
9990
9986
9974
9955
9957
9959
9988
9981
9976
9997
9995
9967
9978
9989
9996
9986
9996
9982
9999
9992
9997
9995
9989
9982
9999
9988
9986
9992
9977
9983
9992
9979
9992
9988
10000
9989
9982
9991
9990
9997
9988
9983
9990
9984
9979
9981
9983
9992
9967
9983
9981
9982
9984
9980
9997
9976
9968
9998
9984
9997
10000
10000
9985
9998
9967
9979
9977
9991
9987
9973
9986
9991
9970
9996
9983
9988
9992
9993
9981
9980
10000
9986
9979
10000
9987
9982
9982
9981
9973
9989
9980
9987
9994
9989
9995
10000
9984
9993
9990
9975
9980
9977
9998
10000
9982
9995
9999
9993
9991
9950
9984
9994
9996
9984
9987
9990
10000
9977
9994
9988
9981
9988
9982
9997
9996
9996
9957
9981
9986
9995
10000
9986
9988
9988
9995
9982
9997
9986
9981
9988
9989
9988
9993
9998
9994
9998
9995
9988
9993
9992
9988
9977
9986
9994
10000
9994
9981
9989
9987
9990
9991
9999
9999
9999
9989
9992
9974
9986
9998
9984
9998
9983
9995
9998
9995
9998
9996
9990
9987
9975
9988
9967
9996
9994
9979
9991
9991
9991
9990
9998
9980
9983
9992
9996
9970
9986
9995
10000
9998
9979
9982
9987
9998
9982
9996
9991
9956
9995
9983
9986
9971
9983
9990
9993
9986
9973
9986
9999
9973
9987
9990
9977
9995
9984
9989
10000
9993
9994
10000
9967
9985
9995
9982
9996
9968
9987
9988
9987
9985
9990
9984
9991
10000
9991
9981
9994
9990
9975
9975
9977
9977
9984
9995
9986
9977
9989
9980
9996
9976
9977
9981
9987
9992
9986
9984
9996
9994
9997
9991
9991
9986
9989
9988
9989
9978
9974
9984
9975
9970
9984
9994
9971
10000
9993
9981
9989
9989
9990
9984
9988
9995
9995
9996
9994
9994
9987
9992
9987
9993
9991
9998
9989
9980
9992
9979
9993
9999
9982
9982
9994
9987
9991
9977
9995
9995
9992
9989
9997
10000
9992
9999
9985
9987
9986
9992
10000
9994
9988
9981
9964
9991
9978
9985
9996
9958
9996
9990
9994
9983
9988
9983
9986
9977
9972
9991
9965
9989
9990
9980
9987
9980
9995
9999
9990
9986
9976
9989
9983
9986
9987
9995
9987
9977
10000
9970
9993
9988
9991
9961
9990
9965
9994
9989
9971
9985
9981
9977
9990
9978
9985
9990
9989
9990
9989
9986
9992
9968
9982
9985
9947
9979
9978
9961
9982
9991
10000
9986
9970
9995
9987
9982
9982
10000
9992
9997
9988
9999
9981
9986
9998
9979
9987
9995
10000
9977
