9987
9981
9983
9994
9992
9977
9993
9986
9985
9965
9980
9963
9989
9964
9965
9987
9982
9975
9991
9970
9994
9966
9988
9988
9999
9985
9957
9997
9951
9997
9986
9960
9982
9999
9966
9980
9963
9952
9995
9984
9987
9976
9981
9972
9985
9982
9991
9997
9987
9976
9998
9972
9996
9991
9991
9961
9991
9999
9984
9969
9971
9991
9992
9986
9983
9980
9983
9994
9943
9993
9982
9990
9984
9967
9998
9977
9992
9984
9996
9975
9985
9986
9995
9981
9980
9988
9990
9988
9966
9991
9967
9953
9978
9996
9983
9991
9995
9981
9974
9981
9986
9989
9990
9995
9986
9984
9986
9982
9978
9985
9982
9990
9978
9983
9994
9961
9982
9985
9985
9990
9997
9974
9978
9984
9985
9995
9977
9995
9975
9983
9991
9991
9994
9991
9987
9977
9981
9978
9987
9990
9986
9976
9989
9978
9979
9979
9994
9987
9977
9988
9983
9974
9966
9979
9987
9992
9981
9977
9983
9988
9986
9992
9971
9986
9992
9981
9986
9988
9976
9982
9982
9993
9998
9978
9972
9986
9960
9984
9988
9995
9992
9974
9982
9985
9976
9994
9982
9986
9978
9968
9986
9971
9989
9997
9994
9981
9990
9996
9984
9981
9984
9976
9984
9996
9984
9994
9985
9988
9970
9985
9995
9984
9986
9981
9987
9986
9991
9990
9981
9980
9995
9964
9982
9984
9977
9980
9989
9991
9981
9992
9984
9994
9975
9993
9981
9981
9982
9974
9993
9980
9982
9985
9998
9968
9990
9991
9971
9990
9996
9982
9963
9991
9971
9972
9983
9975
9955
9995
9971
9997
9995
9984
9975
9991
9990
9989
9980
9994
9987
9989
9981
9980
9986
9995
9971
9969
9976
9983
9990
9991
9974
9978
9950
9967
9997
9970
9988
9984
9972
9995
9986
9982
9999
9974
9986
9959
9992
9978
9978
9989
9988
9978
9982
9977
9989
9987
9988
9983
9972
9980
9943
9984
9980
9978
9983
9996
9986
9980
9982
9990
9988
9994
9995
9988
9984
9985
9984
9990
9985
9978
9981
9985
9994
9980
9993
9978
9992
9990
9987
9991
9954
9996
9986
9983
9977
9991
9970
9983
9978
9997
9986
9973
9984
9979
9987
9966
9976
9989
9988
9982
9997
9984
9990
9987
9983
9997
9993
9986
9976
9985
9977
9991
9986
9985
9988
9991
9983
9994
9988
9981
9998
9980
9994
9976
9996
9985
9996
9973
9972
9995
9992
9991
9985
9995
9988
9990
9995
9989
9984
9988
9993
9983
9989
9973
9976
9974
9974
9983
9979
9978
9993
9998
9989
9984
9989
9989
9990
9986
9983
9992
9971
9992
9980
9976
9986
9966
9986
9981
9973
9999
9993
9994
9979
9980
9975
9989
9967
9993
9991
9983
9975
9972
9977
9988
9991
9977
9988
9990
9987
9987
9995
9990
9997
9988
9996
9993
9994
9992
9991
9994
9990
9962
9984
9985
9999
9967
9993
9984
9977
9984
9983
9991
9965
9988
9967
9989
9971
9990
9981
9975
9975
9988
9986
9977
9981
9955
9995
9994
9976
9985
9992
9988
9985
9990
9958
9988
9989
9982
9986
9994
9986
9990
9990
9965
9996
9952
9978
9991
9986
9980
9964
9987
9995
9991
9993
9980
9989
9972
9982
9989
9990
9977
9980
9955
9977
9993
9987
9992
9986
9985
9967
9976
9986
9945
9993
9988
9984
9986
9988
9969
9983
9978
9987
9968
9980
9973
9990
9981
9988
9993
9994
9983
9981
9991
9987
9989
9997
9984
9972
9975
9976
9989
9993
9986
9996
9980
9983
9993
9989
9956
9991
9989
9990
9985
9994
9986
9983
9994
9941
9999
9972
9980
9983
9982
9980
9981
9978
9995
9987
9988
9989
9975
9982
9983
9986
9992
9984
9990
9988
9991
9975
9993
9975
9983
9982
9977
9991
9963
9989
9976
9984
9972
9974
9980
9992
9990
9985
9991
9981
9997
9975
9983
9991
9980
9975
9982
9955
9968
9983
9971
9983
9983
9978
9988
9980
9975
9985
9969
9970
9986
9989
9987
9999
9974
9984
9995
9981
9988
9987
9995
9992
9989
9990
9973
9992
9990
9982
9981
9986
9973
9993
9993
9977
9983
9995
9997
9986
9988
9979
9971
9986
9984
9976
9992
9981
9980
9983
9996
9991
9983
9980
9987
9991
9997
9992
9984
9971
9978
9974
9956
9984
9985
9986
9990
9989
9992
9965
9989
9979
9984
9986
9997
9986
9993
9989
9994
9990
9985
9997
9984
9994
9998
9959
9991
9995
9974
9994
9962
9995
9978
9992
9982
9973
9987
9985
9990
9989
9993
9981
9983
9995
9974
9985
9995
9995
9991
9997
9987
9966
9982
9991
9974
9986
9983
9984
9981
9981
9985
9975
9988
9984
9990
9983
9972
9969
9984
9981
9991
9984
9984
9992
9967
9989
9996
9983
9982
9977
9988
9973
9989
9983
9991
9992
9992
9985
9982
9993
9973
9977
9987
9980
9988
9986
9978
9992
9981
9988
9991
9988
9984
9961
9981
9995
9989
9991
9949
9987
9990
9970
9987
9993
9997
9986
9990
9962
9984
9991
9980
9989
9978
9979
9991
9992
9962
9991
9986
9974
9985
9986
9997
10000
9972
9985
9973
9981
9986
10000
9997
9970
9986
9986
9973
9978
9985
9982
9980
9981
9997
9968
9964
9985
9986
9972
9993
9988
9987
9988
9988
9988
9986
9966
9971
9998
9990
9988
9987
9987
9990
9986
9988
9980
9970
9975
9993
9944
9986
9980
9992
9986
9997
9973
9985
9984
9988
9982
9997
9983
9980
9989
9967
9985
9960
9995
9974
9994
9977
9976
9995
9989
9982
9972
9990
9998
9974
9982
9981
9987
9996
9994
9991
9960
9987
9989
9991
9960
9998
9999
9973
9982
9990
9958
9995
9974
9983
9984
9980
9999
9963
9992
9983
9992
9963
9985
9984
9982
9995
9980
9997
9981
9999
9991
9977
9968
9971
9995
9983
9976
9968
9988
9977
9982
9973
9978
9962
9996
9985
9982
9962
9980
9995
9953
9989
9986
9986
9998
9987
9981
9969
9991
9984
9996
9991
9985
9988
9993
9958
9982
9988
9994
9983
9983
9984
9989
9988
9967
9988
9990
9988
9995
9985
9991
9984
9960
9981
9979
9994
9986
9991
9980
9976
9989
9986
9994
9989
9979
9980
9987
9989
9979
9980
