9981
9986
9963
9995
9968
9991
10000
9997
9961
9989
9986
9981
9982
9982
9996
9997
9986
9967
9994
9995
9984
9978
9995
9988
9979
9980
9987
9991
9979
9985
9997
9979
9979
9989
9980
9981
9988
9973
9984
9990
9998
9987
9983
9975
9991
9987
9980
9977
9987
9994
9973
9988
9982
9975
9979
9991
9993
9992
9980
9994
9979
9978
9983
9988
9997
9983
9986
9970
9996
9979
9983
9986
9982
9998
9982
9987
9990
9985
9993
9985
9965
10000
9992
9979
9997
9996
9982
9981
9986
9988
9994
9998
9982
9981
9984
9986
9996
9992
9968
9987
9980
9989
9978
9978
9994
9977
9978
9978
9986
9997
9989
9983
9991
9972
9986
9970
9994
9991
9970
9986
9991
9985
9970
9992
9991
9988
9989
9949
9983
9980
9978
9989
9993
9990
9980
9982
9985
9989
9992
9972
9988
9992
9991
9971
9996
9957
9988
9980
9983
9990
9976
9986
9999
9970
9982
9983
9990
9983
9986
9989
9964
9986
9972
9990
9989
9962
9994
9959
9994
9978
9989
9962
9980
9996
9987
10000
9993
9976
9996
9980
9998
9986
9996
9992
9998
9994
9965
9988
9978
9959
9977
9990
9997
9988
9989
9970
9989
9976
9989
9986
9993
9988
9983
9978
9977
9978
9991
9990
9980
9975
9988
9989
9991
9983
9988
9966
9993
9983
9984
9984
9977
9993
9983
9985
9983
9990
9985
9990
9983
9971
9936
9981
9975
9981
9989
9997
9990
9998
9979
9981
9976
9974
9990
9995
9976
9974
9969
9962
9955
9987
9982
9995
9962
9980
9981
9983
9987
9990
9995
9986
9967
9977
9992
9978
9979
9988
9986
9984
9988
9986
9991
9957
9995
9986
9988
9965
9988
9971
9996
9989
9985
9996
9995
9970
9989
9979
9981
9987
9998
9956
9989
9981
9980
9996
9993
9981
9996
9989
9995
9957
9973
9984
9977
9989
9988
9987
9991
9992
9969
9986
9989
9984
9982
9999
9977
9987
9992
9984
9985
9989
9977
9993
9988
9996
9970
9997
9980
9993
9976
9993
9990
9982
9975
9976
9985
9974
9976
9994
9986
9983
9993
9992
9993
9970
9990
9975
9959
9980
9977
9983
9990
9995
9989
9997
9962
9992
9992
9987
9979
9961
9994
9997
9978
9997
9983
9975
9992
9965
9986
9994
9973
9983
9979
9992
9994
9957
9991
9974
9975
9980
9993
9977
9975
9988
9987
9982
9998
9972
9989
9966
9977
9986
9980
9980
9991
9997
9968
9990
9995
9973
9971
9994
9982
9968
9988
9997
9983
9957
9984
9990
9993
9977
9978
9984
9983
9976
9997
9975
9986
9994
9988
9988
9981
9985
9979
9996
9976
9987
9995
9977
9987
9981
9980
9990
9990
9973
9986
9988
9981
9985
9988
9993
9977
9996
9981
9941
9973
9981
9996
9971
9995
9990
9975
9988
9996
9960
9982
9980
9982
9986
9968
9995
9971
9986
9994
9997
9978
9988
9962
9980
9990
9973
9978
9974
9978
9996
9989
9966
9990
9974
9992
9996
9985
9972
9992
9974
9984
9989
9972
9980
9966
9987
9994
9978
9990
9992
9987
9983
9973
9977
9981
9991
9995
9995
9986
9994
9995
9984
9994
9987
9978
9993
9982
9971
9984
9983
9979
9969
9988
9978
9991
9967
9991
9992
9973
9984
9977
9983
9981
9970
9968
9976
9977
9987
9990
9988
9994
9984
9984
9982
9987
9985
9995
9986
9989
9996
9984
9980
9973
9988
9988
9993
9984
9971
9995
9991
9969
9989
9984
9981
9989
9969
9988
9982
9983
9970
9993
9971
9982
9979
9982
9984
9975
9984
9989
9988
9978
9983
9980
9996
9982
9984
9988
9984
9991
9994
9986
9987
9980
9990
9978
9991
9978
9976
9976
9989
9969
9997
9994
9969
9958
9986
9985
9990
9998
9973
10000
9958
9987
9979
9982
9973
9977
9969
9976
9997
9992
9988
9987
9982
9985
9980
9969
9961
9992
9994
9963
9992
9983
9992
9988
9993
9985
9996
9989
9975
9981
9992
9980
9989
9997
9987
9982
9962
9988
9970
9981
9993
9999
9989
9965
9995
9993
9995
9989
9981
9973
9981
9956
9972
9970
9992
9985
9992
9970
9986
9982
9991
9979
9998
9964
9990
9977
9980
9990
9986
9987
9990
9959
9984
9996
9979
9986
9980
9969
9996
9979
9985
10000
9990
9977
9974
9969
9987
9986
9967
9974
9994
9987
9991
9992
9994
9978
9980
9964
9984
9992
9961
9989
9985
9977
9977
9985
9981
9989
9987
9984
9987
9976
9987
9978
9987
9980
9989
9985
9979
9993
9980
9981
9990
9974
9993
9973
9990
9976
9972
9984
9976
9967
9980
9984
9985
9990
9985
9986
9978
9989
9981
9983
9979
9995
9982
9967
9981
9975
9973
9995
9983
9975
9973
9999
9976
9988
9986
9979
9970
9986
9987
9983
9983
9989
9984
9972
9985
9965
9984
9955
9994
9998
9973
9987
9971
9989
9993
9981
9986
9994
9997
9983
9988
9980
9998
9990
9974
9989
9989
9983
9990
9978
9970
9982
9983
9990
9981
9992
9989
9983
9988
9982
9976
9992
9980
9995
9968
9993
9998
9992
9996
9992
9996
9975
9988
9987
9987
9993
9995
9991
9976
9969
9983
9985
9978
9974
9991
9990
9988
9976
9980
9956
9997
9994
9979
9987
9997
9997
9973
9976
9994
9988
9990
9979
9977
9982
9980
9970
9981
9986
9984
9981
9989
9986
9980
9995
9998
9970
9998
9983
9987
9980
9989
9992
9995
9986
9988
9987
9997
9987
9985
9988
9990
9987
9997
9977
9974
9984
9983
9983
9986
9963
9972
9984
9988
9977
9995
9992
9983
9966
9992
9988
9984
9975
9991
9985
9977
9983
10000
9978
9964
9962
9996
10000
9974
10000
9987
9992
9990
9990
9990
9987
9977
9990
9982
9968
9981
9970
9970
9986
9990
9975
9980
9983
9988
9985
9980
9969
9990
9991
9992
9987
9978
9992
9987
9990
9966
9988
9963
9992
9971
9987
9990
9992
9944
9984
9980
9975
9981
9987
9983
9993
9983
9973
9973
9989
9978
9979
9959
9987
9981
9986
9985
9984
9985
9990
9985
9987
9975
9983
9987
9983
9977
9988
9982
9986
9982
9985
9965
9980
9982
9990
9981
9991
9991
9983
9981
9963
9996
9984
9983
9991
9980
