9994
9994
9988
9980
9974
9990
9971
9997
9986
9985
9994
9996
9983
9990
9989
9957
9973
9978
9980
9991
9985
9985
9994
9990
9982
9991
9984
9990
9989
9981
9987
10000
10000
9988
9979
10000
9987
10000
9988
10000
9981
10000
9970
9992
9978
9997
9992
9984
9983
9992
9983
9975
9991
9999
9981
9970
10000
9994
9993
9988
9989
9993
9999
9995
9986
9986
9983
9992
9999
9994
9986
9987
9970
9993
10000
9997
9990
9988
9979
9987
9969
9995
9988
9982
9981
9980
9992
9983
9997
9987
9993
9988
9990
9996
9991
9987
9999
9985
9983
9989
9983
9997
9985
9998
9983
9994
9990
9985
9993
9973
9985
9994
9991
9973
9977
9986
9973
9994
9992
9983
9998
9981
9985
9995
9990
9993
9963
9994
9977
9999
9986
9982
10000
9995
9999
9988
9997
9999
9979
10000
9984
9995
9991
9980
10000
9995
9989
9996
9998
9978
9985
9996
9990
9989
9977
9983
9995
9980
9997
9996
9976
9994
9989
9992
9994
9990
10000
9980
9966
9999
9987
9977
9996
9993
9973
9996
10000
9998
9980
9998
9985
9998
9989
9985
9990
9984
9990
9979
9995
9968
9980
9991
9984
9995
9991
9983
9979
9997
9993
9991
9988
9991
9988
9991
9992
9990
9984
9989
9978
9980
9983
9988
9987
9964
9968
9987
9996
9974
9987
9983
9982
9971
9993
9999
9993
9990
9995
9986
9987
9994
9991
9986
9986
9969
9986
9986
10000
9978
9976
9989
9982
9985
9985
9984
9977
9983
9994
9985
9986
9976
9978
9984
9986
9990
9978
9986
9994
9986
9994
9988
9989
9997
10000
9993
10000
9983
9990
9978
9982
9989
9984
10000
9980
9956
9973
10000
9999
9990
9994
9983
9967
9976
9988
10000
9987
9996
9977
9996
9984
10000
9987
9995
9999
9975
9971
9995
9984
9994
9974
9978
9982
9988
9978
9991
9989
9990
9978
9995
9980
9994
9987
9990
9984
10000
9983
9973
9989
9975
9993
9996
9993
9992
9981
9977
9988
9990
9982
9995
9971
9999
9978
9991
9995
9992
9999
9985
9991
9989
9985
9992
9988
9992
9987
9978
9990
9982
9983
9985
9990
9986
9993
9997
9995
9976
9963
9995
9973
9990
9994
9984
9992
9993
9995
9973
9980
9968
9991
9965
9991
9980
9979
9990
10000
9976
9979
9984
10000
9994
9970
9993
9988
10000
9989
9988
9988
9998
9991
9981
9987
9996
9987
9999
9985
9972
9988
9985
9984
9973
9982
9983
9995
9989
9962
9982
9983
9976
9981
9991
9977
9986
9992
10000
9993
9964
9989
9987
9977
9997
9981
9984
9988
9980
9990
9977
9969
9985
9991
9975
9986
9964
9982
9994
9954
9990
9989
9985
9985
9995
9997
9988
9997
9967
9960
9985
9977
9995
9994
9986
9961
9990
9991
9990
9979
9993
9977
9993
9979
9997
9970
9993
9981
9998
9997
9969
9989
9973
9997
9981
9988
9964
9992
9993
9987
9996
9980
9989
9991
9982
9994
9995
9997
9987
9997
9981
9973
9987
9993
9985
9987
9963
9995
10000
9993
9989
9987
9993
9997
9966
9944
9974
9981
9993
9994
9994
9992
9992
9974
9988
9996
9979
9984
9997
9972
9984
9995
9994
9997
9987
9978
9989
9996
9973
9971
9996
10000
9999
9978
9999
9988
9968
9985
9985
9995
9982
9968
9973
9974
10000
9975
9985
9999
9989
9973
9999
9994
9987
9991
9971
9986
9979
9990
9985
9996
9983
9987
9989
9985
9988
9978
9988
9980
9999
9989
9987
9984
9973
9989
9983
9994
9995
9989
9977
9985
9993
9989
9992
10000
9986
9995
9994
9986
9976
9992
9991
9996
9992
9997
9996
9987
9991
10000
9974
9989
9989
9995
9980
9976
9996
9985
9975
9991
9996
9997
9978
9995
9979
9995
9989
9985
9992
9988
9990
9989
9985
9996
9980
9977
9999
9976
9985
9994
9983
9985
9983
9984
9998
9998
9994
9998
9982
9991
9968
9983
9964
9984
9992
9987
9962
9981
9993
9974
9977
9988
9978
9978
9991
9987
9988
9976
9982
9993
9967
9990
9981
10000
9976
9967
10000
9981
9983
9994
9997
9984
10000
9981
9987
9995
9970
9968
9989
9991
9992
9987
9987
9996
9985
9987
9983
9992
9988
9997
9980
9992
10000
9970
9985
10000
9985
9984
10000
9963
9997
9978
9986
9984
9978
9983
9981
9974
9982
9981
9982
9983
10000
9988
10000
9988
9987
9992
9982
9997
9975
9999
9986
9969
9995
9964
9984
9996
9963
9986
9986
9997
9995
9973
9992
9975
9978
9983
9979
10000
9999
9986
9990
9970
9981
9995
9995
9979
9988
9988
9995
9985
9997
9990
9989
9989
9980
9993
9975
9999
9986
10000
9973
9989
9997
9985
9970
9999
9989
9991
9995
9988
9984
9982
9981
9989
9989
9980
9981
9992
9982
9984
10000
9983
9981
9998
9972
9980
9964
9999
9994
9993
9990
9972
9987
9968
9977
9984
9981
9996
9984
9988
9989
9971
10000
9988
9992
9999
9991
9985
9992
9995
9988
9996
9986
9974
10000
9997
9973
9980
9983
9973
9987
9996
9981
9965
9990
9991
9979
10000
9990
9987
9977
9989
10000
9982
9979
9988
9978
9988
9987
9974
9971
9990
9977
9989
9978
9993
9984
9984
9997
9993
9980
9971
10000
10000
9982
9991
9945
10000
9999
9994
9993
9998
9999
9982
9977
9972
9988
9980
9974
9977
9978
9986
9988
9992
10000
9975
9998
9978
9997
9992
9995
9990
9977
9992
9989
9980
9982
9994
9990
9953
9995
9967
9980
9977
9996
9978
9986
9991
9990
9997
9980
9978
9990
9980
9972
9973
9984
9976
9981
9974
9991
9986
9971
9994
9991
9981
9989
9992
9983
10000
9958
9993
9974
9977
9983
9982
9989
9997
9998
9988
9986
9987
9989
9989
9975
9995
9996
9996
9989
9989
9985
9997
9997
9987
10000
9973
10000
10000
9996
9978
9983
9991
9990
9979
9989
9989
9986
9971
9986
9980
9961
9989
9990
9986
9997
9980
9970
9999
9996
10000
9985
9988
9997
9985
9961
9985
9974
9983
9981
9989
9994
9963
9974
9992
9988
9997
9989
9998
9981
9939
9997
9970
9996
9969
9985
9998
9998
9987
9993
10000
10000
9983
9986
9971
9990
9992
9973
