9990
9988
9989
9989
9984
9978
9998
9984
9981
9971
9986
9982
9989
9977
9994
9985
9974
9992
9991
9967
9974
9994
9993
9990
9983
9991
9976
9991
9981
9976
9994
9984
9988
9990
9986
9990
9994
9996
9974
9987
9990
9977
9961
9977
9979
9977
9990
9982
9993
9993
9976
9982
9970
9984
9974
9991
9977
9976
9984
9993
9991
9983
9972
9986
9959
9975
9993
9996
9991
9997
9987
9990
9974
9983
9988
9959
9983
9982
9985
9984
9978
9981
9960
9973
9988
9972
9995
9984
9979
9993
9989
9985
9986
9986
9980
9984
9991
9977
9967
9979
9979
9988
9983
9992
9970
9977
9985
9995
9981
9983
9977
9981
9977
9988
9988
9977
9978
9987
9981
9998
9986
9975
9982
9983
9985
9984
9989
9981
9965
9978
9987
9996
9955
9971
9988
9989
9981
9976
9972
9974
9993
9991
9984
9999
9990
9984
9988
10000
9987
9989
9991
9981
9989
9982
9991
9983
9985
9989
9977
9990
9982
9985
9981
9988
9982
9948
9976
9990
9991
9969
9980
9973
9981
9989
9984
9986
9983
9993
9964
9989
9991
9973
9992
9990
9991
9975
9997
9987
9981
9984
9980
9986
9979
9987
9989
9984
9985
9993
9970
9976
9990
9985
9978
9968
9980
9981
9988
9986
9989
9968
9968
9998
9987
9984
9956
9988
9998
9986
9966
9980
9994
9984
9954
9993
9989
9979
9975
9979
9977
9971
9986
9976
9982
9985
9991
9979
9975
9967
9974
9957
9994
9984
9951
9971
9969
9972
9990
9973
9994
9986
9977
9985
9983
9961
9979
9984
9991
9967
9979
9973
9980
9987
9995
9991
9981
9983
9980
9980
9983
9985
9996
9987
9995
9983
9978
9988
9986
9990
9984
9984
9972
9994
9978
9977
9984
9989
9990
9974
9970
9987
9976
9976
9987
9984
9977
9976
9992
9971
9989
9990
9992
9995
9992
9995
9987
9975
9956
9988
9985
9991
9990
9978
9975
9999
9978
9994
9989
9984
9986
9983
9968
9975
9995
9992
9963
9992
9994
9988
9981
9962
9970
9980
9990
9991
9982
9970
9984
9957
9979
9979
9970
9996
9985
9988
9991
9988
9988
9986
9970
9966
9988
9991
9984
9984
9987
9986
9969
9985
9967
9991
9988
9969
9985
9997
9989
9985
9990
9968
9977
9972
9993
9984
9978
9988
9986
9991
9979
9964
9983
9972
9984
9974
9985
9992
9998
9991
9994
9986
9981
9968
9990
9977
9980
9981
9984
9974
9991
9992
9997
9974
9967
9981
9976
9987
9987
9980
9984
9987
9991
9984
9952
9981
9960
9974
9988
9989
9985
9991
9987
9985
9993
9968
9984
9979
9981
9993
9985
9988
9986
9969
9972
9988
9993
9990
9989
9977
9985
9987
9970
9981
9979
9987
9994
9977
9989
9972
9973
9981
9976
9973
9983
9988
9976
9989
9971
9985
9990
9976
9978
9966
9985
9982
9986
9999
9985
9985
9978
9971
9976
9984
9992
9982
9995
9959
9972
9985
9989
9998
9989
9975
9967
9986
9977
9983
9996
9986
9997
9981
9983
9981
9993
9980
9979
9982
9987
9970
9992
9989
9990
9972
9974
9987
9981
9972
9988
9971
9988
9991
9981
9994
9992
9987
9993
9973
9992
9991
9992
9988
9988
9986
9980
9991
9987
9994
9981
9972
9987
9990
9992
9991
9957
9975
9976
9982
9995
9990
9971
9981
9991
9983
9979
9984
9976
9980
9992
9973
9974
9963
9985
9982
9982
9979
9986
9970
9978
9956
9978
9981
9982
9996
9992
9990
9969
9995
9979
9990
9984
9977
9989
9946
9993
9980
9974
9996
9968
9983
9993
9984
9972
9972
9979
9978
9993
9966
9989
9992
9996
9975
9987
9982
9972
9981
9980
9977
9992
9987
9956
9972
9982
9966
9976
9968
9990
9994
9987
9996
9990
9967
9969
9986
9984
9969
9970
9972
9979
9962
9984
9981
9994
9986
9973
9966
9994
9984
9993
9985
9980
9985
9976
9990
9987
9988
9989
9983
9987
9974
9987
9989
9987
9991
9978
9988
9985
9968
9993
9978
9981
9986
9984
9976
9990
10000
9986
9987
9967
9989
9971
9983
9988
9970
9998
9983
9994
9991
9979
9987
9979
9990
9971
9979
9982
9973
9985
9970
9981
9981
9985
9988
9975
9992
9980
9978
9982
9988
9983
9991
9974
9982
9986
9982
9992
9958
9984
9982
9981
9993
9992
9992
9957
9991
9979
9996
9988
9970
9992
9992
9976
9975
9985
9981
9978
9971
9981
9998
9976
9990
9972
9986
9976
9976
9987
9985
9990
9975
9990
9991
9987
9985
9999
9988
9991
9989
9985
9981
9944
9987
9986
9969
9989
9991
9986
9978
9988
9977
9989
9990
9973
9997
9973
9945
9980
9988
9972
9986
9953
9987
9979
9969
9992
9991
9982
10000
9987
9991
9991
9947
9986
9983
9980
9996
9990
9991
9970
9985
9985
9967
9959
9989
9989
9958
9969
9975
9987
9989
9987
9989
9994
9970
9991
9994
9982
9990
9972
9991
9986
9999
9994
9993
9988
9998
9984
9992
9983
9988
9987
9980
9986
9978
9972
9977
9974
9970
9995
9981
9976
9976
9979
9983
9987
9981
9992
9982
9994
9988
9988
9965
9979
9950
9985
9968
9984
9979
9988
9977
9975
9980
9981
9975
9988
9987
9985
9979
9982
9978
9979
9970
9986
9984
9993
9992
9948
9992
9991
9976
9991
9989
9990
9988
9974
9952
9972
9977
9976
9973
9983
9967
9972
9968
9990
9989
9987
9980
9978
9998
9975
9995
9971
9976
9988
9978
9989
9988
9983
9983
9970
9992
9994
9982
9989
9996
9990
9954
9968
9981
9981
9989
9975
9988
9980
10000
9981
9983
9989
9997
9992
9979
9975
9978
9973
9972
9991
9990
9987
9998
9989
9988
9972
9961
9975
9989
9976
9981
9973
9987
9986
9994
9980
9987
9980
9961
9970
9993
9990
9955
9999
9981
9992
9984
9980
9972
9989
9988
9992
9998
9986
9987
9969
9985
9979
9988
9986
9994
9990
9995
9964
9977
9985
9991
9990
9986
9996
9999
9981
9989
9991
9967
9986
9990
9986
9973
9987
9996
9976
9965
9987
9980
9987
9982
9987
9985
9985
9981
9976
9989
9982
9986
9985
9965
9971
9988
9967
9982
9990
9979
9987
9987
9984
9996
9981
9978
