9982
9992
9808
9582
9601
9969
9831
10000
9786
9978
9958
9956
10000
9951
9946
9984
9662
9622
9977
9923
9933
9977
9986
9963
9796
9988
9996
9979
9974
9844
9964
9857
10000
9977
9958
9922
9966
9988
9794
9962
9932
9991
9981
9991
9977
9987
9778
9831
9965
10000
9966
10000
9971
10000
10000
9919
9401
9980
9986
9932
9998
9960
9975
9956
9989
9947
9833
9520
9973
9993
9972
9903
9682
9988
9769
10000
9930
9964
9877
9931
9935
9970
10000
9976
9846
9923
9900
9944
9982
9811
9965
9876
9699
9933
9803
9773
9813
9980
9870
9618
9873
9957
9955
9954
9969
9970
9982
9986
9905
9976
9950
9952
9931
10000
9704
9956
9735
9939
9543
9780
10000
9976
9700
9704
9988
9392
9862
9922
9970
9619
9896
9810
9851
10000
9964
9958
10000
9912
9979
9819
9987
10000
9964
9796
9917
9969
9979
9950
9969
9868
9928
9958
9982
9947
9564
9852
9911
9966
9979
9950
9956
9921
9981
9856
9964
9978
9988
9619
9914
9994
9973
9983
9853
9922
9940
9695
9754
9986
9852
9541
9938
10000
9610
9756
9758
9937
9990
9876
9980
9890
9983
9886
10000
9937
9981
9955
10000
9524
9910
10000
9960
9960
10000
9892
9982
9968
10000
9946
9858
9939
9970
9851
10000
9938
9927
9967
9974
10000
9795
9771
9993
9675
9848
9374
9989
9980
9891
9986
9868
9946
9969
9883
9936
9930
10000
9964
9938
9885
9961
9795
9977
9904
9743
9932
9742
9818
9911
9466
9958
9974
9352
9957
9813
9975
9927
9961
9375
9973
9927
9716
9967
9941
9840
9815
10000
9917
9962
9947
9852
9667
9971
9983
9953
9954
9882
9997
9899
9478
9926
9891
9956
9973
9954
9699
10000
9997
9785
9984
9942
9838
9962
9883
9854
9690
9885
9535
9882
9949
9885
9850
9998
9405
9392
9895
9657
9768
9753
9643
9996
9738
9776
9886
9976
9960
9918
10000
9821
9975
9959
9740
9728
9999
9845
9975
9527
10000
9891
9875
9932
9987
9758
9916
9983
9762
9633
9927
9788
9802
9978
9795
9826
9989
9857
9850
9968
9878
9982
9733
9994
9969
9979
9735
9949
9999
9969
9777
9979
9631
9971
9867
9568
9880
10000
9978
9918
9169
9797
9955
9840
9974
9977
9995
9990
9650
9970
9988
9756
9968
9940
9942
9963
9841
9971
9238
9917
9728
10000
9983
9987
9979
9981
9957
9976
9974
9467
9903
9988
9986
9459
10000
9674
9833
9902
9838
9981
9480
9455
9926
9670
9976
9966
9723
9948
9977
9462
9536
9918
9981
9972
9788
9993
9986
9996
9860
10000
9896
9391
9881
9995
9967
9906
9877
10000
9825
9581
10000
9668
9961
9674
9957
9965
9977
9809
9968
9977
9381
9985
9653
9828
10000
9865
9934
9849
9967
9699
9937
9720
9973
9929
9987
9785
9749
9991
9932
9987
9966
9902
9968
9953
9666
9942
9453
10000
9925
9981
9656
9993
9960
9970
9988
9640
9975
9977
9955
9995
9661
9880
9954
9773
9781
9703
9987
9994
9923
9842
9805
9997
9937
9801
9955
9911
9894
9965
9975
9916
9870
9969
9983
9989
9692
9922
9987
9953
9953
9712
9986
9925
9840
9867
9953
9982
9947
9757
9986
9846
9978
10000
9678
9956
9988
9951
9984
9971
9861
9958
9370
9952
10000
9901
9949
9805
10000
9892
9919
9992
9965
9837
9811
9949
9938
9991
9962
9973
9990
9941
9689
9932
9944
9371
9461
9700
9970
9897
9958
9840
9891
9937
9450
9840
9839
9849
9885
10000
9919
9730
9995
9652
9852
9856
9857
9968
9783
9751
9890
9974
9774
9857
9602
9986
9926
9850
9923
9948
9717
9530
9437
9950
9991
9793
9693
9957
10000
9780
9871
9947
9927
9835
9955
9863
9629
9945
9695
9881
10000
9954
9917
9780
9993
9941
9719
9982
9958
10000
10000
9772
9976
9812
9930
9564
9411
9782
9951
9605
9982
9854
9984
9897
9777
9935
9916
9987
9954
9728
9860
9911
9970
9988
10000
9827
9735
9988
9985
9957
9910
9919
9961
10000
9962
9945
9984
9991
9792
9991
9955
9964
9959
10000
9944
9912
9949
9991
9549
9958
9947
9977
9954
9996
9716
9975
9802
9968
9958
9925
9945
9880
9942
9991
9823
9781
9844
9958
9933
9772
9977
9993
10000
9990
9972
9969
9997
9978
9932
9811
9977
9955
9983
10000
9981
9671
9706
9821
10000
9971
9926
9839
9990
9892
9966
9968
9973
9816
9926
9804
9651
9960
9923
9515
9799
10000
9979
9905
9994
9969
9863
9973
9878
9935
9994
10000
9789
9970
9650
9910
9985
9984
9958
9968
9900
9210
9911
9872
10000
9500
9864
9796
9932
10000
9972
9975
9760
9970
9915
9942
9963
9775
9899
9937
9946
9939
9946
9992
9980
9985
9951
9750
9795
9981
9900
9912
9986
9872
9734
9894
9460
9885
9991
9754
9985
10000
9960
9982
9971
9894
9861
9977
9879
9976
9842
9986
9687
9990
9933
9799
10000
9983
9371
9932
9960
9941
9971
9918
10000
9955
9790
9981
9872
9491
9644
9929
9934
10000
9993
9914
9781
10000
9934
9883
9977
9677
9987
9933
9971
9956
10000
10000
9800
9933
9511
9917
9922
9966
9988
9857
9592
9957
9966
9988
9963
9957
9920
9914
9865
9667
9992
9934
9998
9963
9933
9928
9589
9764
10000
9948
9964
9412
9991
9840
9922
9991
9923
9944
9985
9811
9945
9663
9978
9555
9836
9794
10000
9778
9956
9930
9963
9978
9947
9939
10000
9843
9963
10000
9897
10000
9905
9661
9951
9978
9592
9923
9950
9993
9746
9560
9912
10000
9917
9989
9894
9755
9791
10000
9830
9980
9678
9975
9940
9905
9461
9944
9994
9184
9982
10000
9972
9971
9955
9699
9608
9718
9905
9787
9976
9748
9588
9792
9971
9974
9964
9979
9892
9965
9970
9773
9982
9997
9545
9930
9972
9847
9981
9617
9983
9912
9855
9909
9699
9736
9322
9955
9892
9817
9615
9944
9729
9912
10000
10000
9968
9785
9511
9966
10000
10000
9994
10000
9880
9534
9992
9965
9994
9996
9704
10000
9894
9966
9700
9833
9960
9997
9993
9992
9849
9952
9986
9890
9997
9867
9993
10000
9847
