9993
9987
9994
9994
9997
9984
9980
9978
9971
9997
9992
9985
9993
9980
10000
9993
9985
9970
9999
9998
9997
9989
9994
9946
9972
9977
9999
9986
9989
9988
9968
9993
9985
9987
9990
9992
9980
9979
9981
9992
9999
9990
10000
9991
9981
9991
9999
9974
9975
10000
10000
9986
9993
9965
9974
9986
9990
9986
10000
10000
9974
9994
9995
9986
9995
9989
9980
9994
9988
10000
9999
9984
9983
9979
9994
9974
9989
9988
9988
9998
9992
9997
9943
9985
9996
9981
10000
9999
9995
9986
9993
9982
9977
9995
10000
9996
9980
9973
9995
10000
9991
9999
9985
9987
9978
9986
10000
9999
9990
9998
10000
9994
9997
9988
9991
9990
10000
9999
9985
9997
9980
9994
9984
9989
9984
10000
9967
9987
9993
9961
9993
9992
9988
10000
9995
10000
9966
9989
9984
9997
9990
9979
9989
9986
9981
9997
9986
9994
10000
9985
9999
9966
9987
9997
9987
9988
9985
9991
9993
9984
9999
9983
9981
9992
9994
9969
9992
9983
9999
9993
9976
9999
9997
9991
9990
9990
9993
9990
9982
9984
9996
9992
9983
10000
9988
9962
9995
10000
9993
9984
9990
10000
9964
10000
9994
9966
9998
9988
9998
9976
9980
9968
9980
9995
9990
9993
9971
9994
10000
9977
9981
9992
9989
9963
9979
9996
10000
9969
10000
9990
9995
9987
9984
9988
10000
9985
9998
10000
9976
9999
9980
9994
9972
9999
9996
9991
9988
9998
9992
9989
9994
9986
9997
10000
9984
9997
9976
9979
9994
9999
9983
9974
9984
9965
9969
9976
9989
9995
9998
9979
9995
9999
9989
10000
9989
10000
9988
9979
9977
9990
10000
9999
9979
9988
9978
9990
9995
9985
9993
9983
9997
9985
9989
9995
9986
9992
9974
9974
9986
9983
9998
9990
9992
9987
9973
10000
10000
9988
9994
9989
9994
9972
9977
9981
9971
10000
9986
9992
9984
9985
9984
9979
9964
9999
9999
9985
10000
10000
9976
9987
9994
9987
10000
9997
9987
9992
9987
9989
9983
9994
9991
9976
9984
9986
9994
9988
9976
10000
9986
9985
9983
9991
10000
9962
9986
9986
9992
9981
9987
9995
9980
9994
9985
9996
9997
9997
9987
9967
9991
10000
9979
9999
9989
9985
9993
9998
9999
9997
9991
10000
9988
9987
9972
10000
9997
9996
9988
9980
9995
9972
9998
9990
9991
10000
10000
9993
9998
10000
9993
9997
9989
10000
9985
9978
9993
9998
9985
9987
9992
9993
9989
9998
9989
9982
9988
9977
10000
9986
9967
9992
9983
9997
9989
9965
9984
9975
9973
9993
9985
9986
9988
9978
9990
10000
9986
10000
9985
9985
9989
10000
9996
10000
9989
9985
9992
9959
10000
9999
10000
9984
9998
9973
9986
9980
9996
10000
9987
9982
9997
9983
9986
9983
9996
9998
9994
9995
9969
10000
9990
9992
9991
10000
9998
9990
9994
9988
9981
9970
9988
9983
9983
9985
9967
9967
9982
9975
9989
9989
9974
9994
9994
9990
9996
9987
9993
10000
9986
9988
9992
9990
10000
10000
9973
10000
9987
9975
9998
9994
9985
9987
9991
9992
9998
9989
9986
9972
9983
9984
9989
9975
9991
9985
9992
9996
9975
9995
9985
9978
9987
9996
9989
9989
9987
9998
9981
9990
9988
9960
9999
9988
9994
9980
9993
9985
9988
9995
9985
9995
9993
9970
9984
9999
9988
9985
9975
9971
9980
9983
9996
9990
9974
9983
9997
9989
9998
9989
9980
9996
9985
9974
9987
9962
9975
9981
9999
10000
9999
9997
9992
9996
9971
9971
9993
9998
9997
9962
9995
9999
9969
10000
9984
9987
9995
9970
9994
9989
9985
10000
9991
9988
9985
9996
9997
9995
9984
9980
9994
9998
9985
9981
9995
9982
9998
9991
9999
9990
9984
9993
9981
10000
9984
9979
9987
9990
9979
9998
10000
9994
9990
9988
9987
9982
9989
9995
9985
9998
9998
9996
9988
9994
9971
9973
9999
9998
10000
9988
9972
9989
9987
9989
9978
9984
9993
9979
9984
9986
9983
9978
9990
9986
10000
10000
9998
9998
9998
10000
9982
9974
9988
10000
9973
9985
9975
9979
9968
9986
9992
9992
9987
9986
9986
9996
9983
10000
9992
9995
9980
9986
9981
9966
9991
9989
9998
9979
9991
9993
9990
9995
9982
9988
9998
9962
9997
9992
9988
9977
9979
9975
9992
9988
9985
9974
9999
9993
9997
9997
9993
9981
10000
9986
9998
9980
9998
9999
9991
9968
9990
9983
9999
9992
9977
9979
9996
9989
9997
9984
9961
9965
9997
9993
9963
9982
9999
9987
9980
9980
9993
9997
9977
9981
10000
9977
9979
9965
9996
9985
10000
9991
9999
9994
9969
9998
9974
9959
9980
10000
9989
9970
10000
9968
9996
9991
9974
9994
9994
10000
9980
9969
9999
9986
9982
9992
10000
9987
9985
9994
9967
9990
9986
9982
9988
9979
9978
10000
9999
10000
9984
9985
9985
9987
9988
9982
9984
9978
9976
9993
9997
9987
10000
9964
10000
9985
9999
9991
10000
9993
9977
10000
9986
10000
9981
9988
9965
10000
9990
9995
10000
9984
9999
9980
9994
9972
10000
9975
9982
9993
9967
10000
9971
9996
9999
9989
9988
9997
10000
10000
9976
9972
9980
9992
10000
10000
9979
9986
10000
9983
9975
9995
9973
9983
9976
9973
10000
10000
9983
9999
9987
9962
9990
10000
9988
9998
9993
9989
9971
9970
10000
9972
9986
9986
9992
9996
9984
9986
9990
9979
9987
9987
9994
9999
9999
9988
9995
9991
9980
9995
9990
9980
10000
9994
10000
9986
9990
10000
9997
9992
9984
10000
9997
9979
9992
9985
9986
9976
9980
9980
9989
9989
9986
9986
9992
9988
9996
9960
9987
9947
9984
9989
9987
9996
9988
9973
9982
9989
9983
10000
9994
9972
9990
9984
9991
10000
10000
9995
9990
9987
10000
9987
9990
9985
9989
9983
10000
9966
9985
9999
9978
9996
9986
9984
9977
9967
9992
9981
9988
9985
9986
9998
9977
9991
9974
9995
9990
9994
9993
9985
9994
10000
9987
9976
10000
9972
9990
9993
9985
9992
10000
9996
9979
9989
9983
9986
9995
9984
10000
9999
9972
9989
9986
9991
10000
9996
9996
9976
9980
10000
9993
9973
9981
9980
