9989
9989
9991
9990
9997
9995
9994
9980
9975
9979
9983
9990
9972
9986
9982
9995
9991
9997
9978
9988
9987
9998
9982
9990
9991
9985
9975
9981
9987
9984
9994
9990
9986
9987
9981
9986
9989
9984
9983
9989
9983
9996
9990
9994
9984
9979
9989
9985
9987
9971
9997
9988
9985
9970
9978
9990
9979
9974
9996
9989
9979
9973
9971
9988
9991
9983
9987
9997
9967
9992
9973
9976
9990
9991
9989
9988
9991
9970
9988
9993
9994
9988
9990
9980
9993
9992
9976
9993
9995
9998
9991
9990
9993
9982
9994
9980
9976
9988
9983
9980
9985
9976
9987
9996
9977
9995
9998
9980
9976
9977
9996
9993
9994
9979
9974
9993
9979
9963
9984
9983
9997
9986
9978
9981
9996
9974
9984
9986
9988
9971
9993
9998
9976
9991
9975
9995
9998
9976
9985
9988
9983
9991
9993
9992
9983
9971
9977
9972
9979
9991
9971
9990
9986
9987
9990
9957
9972
9983
9990
9990
9990
9992
9986
9954
9983
9983
9984
9966
9991
9988
9989
9995
9952
9991
9976
9996
9994
9988
9965
9992
9972
9995
9993
9963
9987
9997
9993
9967
9981
9980
9976
9981
9979
9989
9985
9970
9983
9985
9989
9983
9994
9979
9995
9983
9993
9977
9995
9995
9989
9974
9990
9981
9965
9982
9990
9979
9957
9982
9964
9987
9984
9974
9975
9975
9979
9969
9981
9992
9981
9986
9997
9990
9990
9980
9982
9985
9992
9985
9991
9978
9987
9954
9992
9985
9967
9975
9988
9992
9987
9977
9987
9989
9983
9960
9967
9982
9982
9988
9997
9966
9985
9982
9987
9989
9967
9974
10000
9997
9995
9991
9991
9981
9986
9988
9988
9990
9993
9984
9994
9991
9973
9984
9976
9983
9984
9980
9992
9988
9966
9976
9985
9983
9992
9990
9982
9991
9976
9979
9983
9970
9965
9987
9997
9981
9979
9992
9994
9989
9995
9980
9986
9985
9990
9987
9995
9990
9986
9989
9985
9997
9974
9997
9982
9985
9980
9989
9989
9982
9986
9983
9988
9989
9984
9986
9991
9993
9997
9990
9986
9990
9987
9992
9982
9976
9978
9992
9987
9965
9982
9998
9982
9984
9971
9992
9965
9976
9983
9975
9968
9971
9982
9991
9984
9985
9985
9995
9973
9998
9985
9985
9993
9976
9985
9963
9981
9990
9981
9982
9980
9974
9988
9993
9983
9995
9990
9943
9984
9983
9970
9982
9987
9988
9992
9983
9992
9990
9971
9987
9976
9996
9986
9988
9958
9977
9980
9991
9977
9983
10000
9978
9972
9985
9983
9992
9984
9993
9984
9980
9990
9976
9978
9975
9993
9980
9978
9985
9991
9993
9987
9981
9989
9987
9986
9986
9979
9996
9971
9964
9983
9991
9988
9979
9983
9980
9985
9986
9989
9986
9996
9979
9990
9996
9993
9988
9992
9974
9995
9987
9981
9981
9982
9987
9969
9969
9985
9989
9998
9981
9989
9997
9979
9977
9989
9998
9991
9987
9977
9982
9970
9964
9991
9967
9971
9994
9973
9980
9983
9998
9986
9979
9984
9992
9987
9984
9971
9970
9990
9980
9984
9980
9995
9996
9980
9965
9991
9976
9974
9995
9990
9980
9996
9990
9986
9983
9982
9995
9999
9988
9983
9981
9977
9976
9993
9987
9985
9992
9965
9970
9997
9972
9990
9992
9987
9985
9981
9979
9998
9997
9973
9991
9982
9983
9997
9978
9979
9995
9966
9973
9962
9989
9997
9991
9984
9980
9988
9997
9992
9991
9992
9989
9988
9989
9988
9996
9990
9988
9982
9986
9994
9986
9997
9993
9993
9994
9999
9966
9991
9980
9974
9989
9990
9981
9992
9994
9979
9979
9994
9983
9982
9964
9999
9999
9989
9971
9970
9967
9975
9987
9985
9977
9993
9989
9976
9989
9982
9980
9985
9981
9995
9990
9985
9985
9976
9975
9979
9992
9993
9980
9989
9987
9992
9995
9992
9992
9997
9964
9984
9975
9998
9984
9961
9986
9987
9979
9972
9989
9977
9991
9975
9981
9983
9989
9977
9972
9999
9995
9995
9996
9978
9968
9993
9995
9983
9984
9995
9989
9984
9979
9988
9972
9985
9984
9970
9981
9977
9974
9975
9986
9994
9994
9991
9974
9986
9997
9981
9989
9991
9997
9976
9996
9986
9974
9994
9985
9995
9981
9980
9986
9981
9992
9970
9987
9990
9995
9966
9993
9999
9995
9993
9980
9991
9986
9989
9988
9986
9980
9972
9976
9982
9993
9987
9984
9985
9971
9997
9988
9977
9996
9986
9987
9982
9982
9987
9991
9995
9978
9978
9982
9982
9982
9988
9984
9992
9986
9972
9998
9976
10000
9989
9998
9985
9976
9951
9985
9987
9993
9987
9989
9939
9994
9995
9990
9986
9967
9976
9971
9982
9972
9990
9989
9981
9990
9951
9985
9980
9970
9980
9974
9984
9987
9980
9970
9978
9994
9967
9998
9979
9976
9978
9988
9990
9992
9991
9990
9984
9991
9993
9994
9982
9993
9988
9974
9979
9981
9987
9973
9979
9995
9977
9992
9996
9991
9989
9985
9995
9977
9991
9983
9982
9995
9999
9989
9982
9975
9975
9993
9989
9995
9982
9997
9993
9970
9987
9986
9979
9990
9972
9984
9991
9989
9987
9976
9994
9988
9968
9972
9968
9984
9976
9972
9990
9988
9987
9993
9987
9987
9970
9977
9987
9983
9992
9968
9981
9968
9991
9974
9994
9994
9989
9987
9988
9972
9993
9991
9977
9975
9991
9999
9957
9995
9993
9960
9973
9994
9974
9956
9979
9979
9988
9996
9978
9987
9979
9992
9981
9986
9988
9985
9997
9984
9968
9991
9985
9989
9987
9993
9989
9964
9995
9992
9969
9985
9976
9978
9989
9982
9992
9981
9981
9974
9996
9981
9996
9993
9979
9982
9974
9970
9984
9962
9979
9985
9972
9966
9966
9979
9986
9985
9967
9977
9993
9979
9991
9987
9969
9980
9990
10000
9982
9973
9969
9978
9993
9988
9992
9996
9985
9995
9997
9989
9987
9985
9990
9972
9978
9997
9996
9956
9983
9991
9972
9984
9975
9960
9970
9968
9998
9979
9985
9998
9980
9977
9992
9995
9988
9990
9991
9988
9985
9985
9967
9991
9984
9986
9977
9994
9990
9997
9978
9987
9979
9988
9958
9987
9978
9982
9982
9985
9984
9976
