9987
9984
9977
9993
9975
9993
9972
9987
9977
9986
9991
9986
9997
9987
9989
9986
9996
9976
9994
9967
9978
9991
9977
9992
9982
9984
9966
9991
9966
9982
9976
9985
9992
9978
9993
9984
9998
9989
9959
9980
9987
9978
9994
9977
9992
9985
9974
9978
9970
9988
9997
9993
9994
9977
9970
9988
9987
9993
9989
9983
9980
9994
9990
9991
9984
9992
9993
9987
9985
9985
9985
9987
9982
9986
9988
9991
9996
9992
9974
9981
9978
9986
9995
9974
9992
9985
9976
9992
9979
9975
9978
9989
9976
9974
9986
9987
9991
9971
9991
9984
9955
9991
9980
9995
9975
9986
9978
9984
9989
9970
9977
9972
9977
9972
9991
9981
9979
9995
9993
9992
9984
9991
9973
9986
9995
9982
9986
9995
9998
9992
9969
9966
9995
9991
9992
9977
9997
9996
9991
9993
9980
9979
9977
9983
9991
9991
9994
9989
9991
9976
9981
9991
9992
9985
9978
9984
9986
9993
9989
9992
9984
9980
9972
9987
9986
9995
9985
9991
9998
9980
9989
9983
9978
9979
9979
9993
9968
9995
9976
9989
9997
9999
9982
9988
9980
9973
9979
9991
9999
9969
9977
9979
9983
9985
9989
9994
10000
9977
10000
9995
9977
9981
9993
9998
9997
9988
9989
9983
9976
9980
9981
9980
9998
9995
9984
9997
9991
9989
9988
9974
9979
9990
9996
9995
9987
9980
9978
9978
9984
9965
9979
9961
9974
10000
9992
9984
9972
9982
9993
9991
9995
9970
9983
9980
9995
9982
9995
9992
9990
9978
9988
9985
9994
9993
9973
9989
9987
9996
9974
9991
9989
9992
9989
9982
9986
9995
9991
9980
9986
9994
9974
9982
9994
9991
9985
9963
9985
9986
9995
9981
9982
9985
9995
9994
9974
9968
9985
9988
9990
9987
9984
9981
9985
9993
9991
9986
9994
9982
9992
9991
9988
9974
9979
9990
9991
9974
9992
9993
9987
9995
9987
9984
9997
9974
9983
9992
9985
9992
9984
9992
9998
9983
9989
9981
9989
9989
9996
9993
9997
9980
9974
9981
9990
9996
9996
9989
9993
9969
9988
9980
9995
9977
9988
9983
9973
9991
9987
9989
9992
9999
9976
9986
9957
9985
9975
9972
9989
9987
9989
9994
9975
9988
9983
9974
9996
9979
9976
9983
9985
9976
9979
9977
9993
9991
9969
9971
9996
9984
9980
9989
9985
9973
9991
9997
9992
9994
9998
9980
9982
9977
9985
9994
9976
9991
9983
9997
9990
9939
9988
9983
9990
9976
9980
9983
9952
10000
9995
9980
9985
9969
9987
9982
9994
9996
9975
9988
9976
9987
9984
9990
9992
9951
9978
9987
9988
9977
9996
9982
9972
9992
9992
9995
9980
9985
9996
9980
9984
9987
9994
9983
9992
9989
9995
9991
9987
9983
9986
9993
9986
9992
9974
9975
9994
9995
9984
9992
9986
9999
9979
9988
9974
9984
9972
9975
9984
9958
9978
9987
9975
9995
9990
9955
9972
9992
9981
9975
9989
9992
9970
9982
9992
9976
9985
9992
9988
9985
9988
9983
9978
9987
9968
9990
9995
9987
9987
9981
9975
9987
9992
9989
9978
9989
9987
9978
9984
9985
9990
9992
9979
9980
9965
9992
9996
9990
9969
9975
9998
9995
9986
9981
9982
9988
9990
9973
9995
9983
9989
9985
9974
9988
9988
9980
9982
9977
9985
9984
9989
9994
9992
9990
9981
9987
9999
9978
9991
9986
9979
9981
9977
9983
9996
9994
9997
9979
9972
9978
9980
9982
9987
9986
9981
9965
9979
9983
9993
9978
9982
9999
10000
9991
9989
9990
9979
9977
9994
9976
9984
9985
9981
9990
9983
9968
9974
9992
9983
9988
9991
9974
9989
9977
9982
9978
9993
9985
9977
9989
9989
9997
9977
9991
9987
9990
9987
9991
9999
9986
9990
9991
9984
9980
9999
9997
9977
9974
9991
9990
9980
9990
9995
9995
9992
9993
9996
9948
9993
9996
9985
9989
9996
9983
9999
9978
9984
9969
9969
9987
9992
9971
9995
9981
9973
9980
9994
9961
9990
9989
9984
9993
9987
9967
9991
9985
9994
9964
9977
9992
9991
9980
9990
9992
9972
9977
9997
9990
9991
9974
9984
9990
9983
9990
9980
9996
9989
9984
9969
9977
9984
9994
9987
9967
9983
9988
9990
9991
9992
9978
9994
9989
9980
9999
9974
9993
9992
9986
9984
9979
9996
9986
9991
9997
9954
9971
9985
9995
9993
9985
9990
9992
9983
9980
9997
9991
9982
9994
9990
9978
9983
9990
9991
9977
9987
9988
9989
9989
9998
9978
9990
9986
9969
9987
9979
9984
9978
9991
9992
9985
9976
9967
9991
9990
9986
9977
9991
9987
9989
9995
9976
9983
9984
9968
9980
9998
9988
9971
9981
9988
9982
9985
9983
9992
9971
9984
9977
9994
9996
9988
9986
9989
9974
9979
9989
9986
9993
9990
9986
9977
9997
9993
9990
9990
9987
9986
9989
9993
9981
9989
9987
9976
9991
9985
9991
9980
9977
9955
9988
9997
9995
9976
9990
9976
9994
9987
9992
9974
9974
9990
9988
9939
9981
9992
9973
9981
9976
9975
9998
9994
9989
9990
9989
9975
9970
9984
9965
9983
9995
9991
9987
9987
9970
9982
9998
9990
9980
9976
9985
9994
9985
9995
9990
9977
9983
9969
9989
9989
9962
9981
9986
9979
9974
9997
9993
9989
9989
9992
9990
9996
9984
9980
9994
9989
9963
9971
9988
9980
9989
9979
9988
9990
9973
9974
9995
9978
9986
9995
9977
9985
9996
9966
9970
9985
9981
9982
9966
9972
9991
9997
9990
9994
9977
9987
9993
9978
9972
9981
9997
9983
9982
9979
9994
9994
9982
9984
9977
9977
9985
9988
9998
9978
9994
9972
9978
9992
9990
9994
9982
9984
9991
9983
9999
9992
9987
9990
9992
9998
9992
9995
9992
9993
9971
9980
9989
9973
9992
9986
9979
9974
9983
9961
9986
9982
9992
9988
9996
9980
9986
9987
9972
9989
9984
9989
9983
9983
9988
9977
9985
9973
9984
9981
9984
9987
9979
9968
9987
9983
9996
9963
9985
9989
9981
9980
9983
9973
9987
9998
9986
9984
9977
9990
9989
9979
9970
9991
9971
9979
9990
9970
9985
9984
9965
9990
9984
9978
9989
9994
9981
9994
9985
9958
9988
9996
