9976
9964
9990
10000
9992
9986
9979
10000
9985
9982
9994
9992
9999
9970
9992
9993
9980
9970
9985
9987
9966
9987
9985
9990
9984
9997
9990
10000
9993
9983
9980
9966
9982
9996
9987
10000
9999
9990
9998
9977
9977
9980
9968
9995
9998
9995
9990
9986
9992
9977
9978
9996
9999
9999
9978
9976
9992
9990
9982
9988
9985
9986
9999
9993
9986
9988
9991
9969
9981
9992
9990
9991
9980
9987
9984
9992
9999
9971
9970
9991
9991
9991
9999
9989
9985
9995
9995
9978
9989
9982
9985
9988
9977
9997
9985
9994
9980
10000
9998
9963
9998
9980
9989
9989
9991
9996
9986
9982
9975
9988
9983
9981
9995
9999
10000
10000
9993
9987
9997
9989
9986
9991
9968
9993
9976
9986
9997
9970
9991
9991
9982
9995
9968
9992
9986
9993
9996
9997
9978
9974
9995
9977
9987
9987
9974
9986
9969
9967
9988
9991
9982
9985
10000
9992
9989
9999
9993
10000
9993
9990
9996
9989
9988
9998
9940
9975
9988
9987
9992
9994
9990
9987
9982
9985
9983
10000
9974
9968
9986
9983
9992
9966
9980
9988
9983
9991
9968
9978
9988
9988
9987
9973
9981
9986
9995
9973
9984
9998
9989
9987
9982
9984
9991
9988
9992
9995
9974
9996
9993
9972
9985
9957
9994
9966
9977
9980
9977
9984
9989
9992
9999
10000
9991
9980
9996
9990
9990
9983
9993
9986
9988
9968
9954
9991
9990
9985
9990
9999
9997
9992
9992
9978
10000
9988
9999
9996
9974
9994
9964
9999
9992
10000
9989
9979
9997
9997
9991
9992
9991
9990
9993
9986
9994
9997
9992
9989
9983
9989
9998
9986
9992
9983
9988
9994
9984
9982
9999
9994
9982
9992
10000
9993
9989
9992
9984
9992
9987
9969
9996
9973
9991
9990
9984
9989
9982
9995
9990
9986
9983
9970
10000
9982
9981
9982
9982
9995
9984
9984
9996
9988
9988
9981
9978
9981
9990
9997
9996
9983
9975
9986
9976
9982
9995
9991
9983
9975
9999
9976
9988
9969
9987
9970
9988
9984
9989
9975
9969
9992
9994
9983
9978
9986
9994
9994
9992
9991
9988
9989
10000
9979
9992
9976
9973
9990
9997
9984
9976
9984
9991
9998
9978
9965
9988
9998
9960
9985
9990
9980
9993
9976
9970
9965
9978
9981
9994
9976
9969
9989
9998
9974
9977
9991
9981
9987
9990
9976
9996
10000
9996
9968
9994
9989
9982
9999
9983
9985
10000
9988
9977
9977
9993
10000
9991
9980
9985
9982
9980
9995
10000
9974
9999
9999
9998
9978
9980
10000
9987
9991
9978
9999
9982
9993
9994
9983
9958
9993
9992
9979
9976
10000
9987
9988
10000
9991
9980
9980
9992
9987
9999
9981
10000
9996
10000
9994
9989
9990
9978
9994
9986
9975
9988
9987
9989
10000
9988
9992
9980
9992
9982
9985
9988
9967
9996
9984
9986
9991
9993
9984
9993
9989
9982
9988
9990
9968
9977
9982
9976
9992
9988
9987
9995
9991
9970
9997
10000
9976
9984
9978
9967
9997
9977
9983
9989
9999
9988
9984
9992
9990
9991
9972
9987
9967
9973
10000
9980
9992
9973
9995
9987
9994
9985
9967
9987
9985
9971
9977
9999
9972
9990
9977
9997
9997
9980
9974
9976
9999
9994
9985
9984
9988
9992
9996
9986
9985
9975
10000
9975
9986
9984
9999
9989
9998
9996
9990
9993
9989
9976
9999
9994
9958
9987
9973
9985
9996
9984
9991
9989
9980
9986
9988
9984
9984
9973
9985
9995
9991
9998
9985
9987
9990
9987
9983
9986
9991
9982
9972
9987
9998
10000
9980
9997
9982
9980
9985
9975
9991
9992
9972
10000
9991
10000
9984
9969
9981
9984
9992
9982
9991
9988
9992
9984
9991
9996
9978
9977
9983
9951
9993
9988
9973
9994
9976
9982
9989
9998
9993
10000
9978
9992
9969
9987
9988
9982
9990
9980
10000
9991
9990
9989
9992
9976
9990
9967
9989
9991
10000
9993
9985
9993
10000
9999
9993
9978
9985
9984
9998
9986
9992
9989
9990
9999
9991
9992
9974
9982
9988
9988
9988
9989
9987
9990
9999
9986
9983
9989
9973
9990
9984
9983
9979
9995
9987
9986
9989
10000
9981
9999
9989
9977
9999
9988
9983
9977
9999
9986
9983
9994
9995
9981
10000
9993
9993
9989
9997
9987
9994
9990
9975
9979
10000
9990
9979
9992
10000
9995
9973
9979
9986
9981
9986
9997
9994
9980
9971
10000
9980
9981
9987
9973
9990
9983
9977
9987
10000
9989
9972
9971
9992
9999
9990
9987
9985
9999
10000
9992
9987
9993
9982
9979
9980
9980
9979
9984
9992
9983
9989
9998
9997
9987
9971
9986
9994
9987
9988
9998
9991
9973
9988
9982
9982
9988
9976
9973
9998
9978
9978
9976
9986
9985
9990
9987
10000
9995
9968
9989
9965
9988
10000
9996
9962
9983
9991
9973
9989
9988
9989
9985
9999
9965
9984
9985
9992
9991
9964
9990
9984
9987
9982
9984
9970
9988
9980
9973
9983
9983
9980
9991
9988
9993
9973
9996
9988
9971
9997
9996
9985
9992
9981
9973
9971
9984
9991
9987
9987
9987
9992
9987
9981
9971
9985
9989
9985
9968
9983
9998
9985
9993
9979
9993
9982
9991
9985
9984
10000
9970
9979
9988
9982
9985
9991
9990
9980
10000
9999
9992
9994
9984
9974
9985
9978
9992
9992
9984
9984
9990
9996
9996
9980
9998
9983
9998
9980
9999
9988
9987
9981
9996
9984
9982
9983
9991
9982
9998
10000
9994
9975
9992
9979
9974
9992
9980
9981
9950
9996
9996
9989
9984
9986
9973
9985
9991
9988
9997
9986
9995
9980
9979
9991
9983
9977
9997
9986
10000
9990
9999
9976
9997
9992
9989
9985
9980
9993
9988
9990
9978
9982
9991
9992
9980
9998
9990
9981
10000
9991
9989
9989
9980
9986
9996
9986
9987
9984
9977
9989
9991
9979
9969
9996
9967
9981
9985
9992
9986
9989
9970
9992
9993
9982
9992
9983
9978
9982
9987
9994
9981
9982
10000
9999
9997
9976
9990
9978
9990
9995
9987
9997
9991
9993
9997
9986
9974
9988
9990
10000
9994
9985
9986
9982
9990
9998
9999
9988
9991
9975
9979
9976
9960
9987
9997
9992
