9994
9986
9989
9994
9990
9983
9984
9952
9999
9983
9979
9991
9983
9993
9984
9995
9988
9979
9999
9994
9978
9979
9961
9994
9964
9993
9989
9982
9981
9986
9993
9975
9982
9976
9988
9982
9990
9984
9997
9986
9994
9986
9985
9989
9997
9982
9982
9985
9997
9987
9989
9980
9988
9995
9991
9979
9996
9992
9995
9989
9982
9995
9983
9991
9985
9993
9982
9995
9988
9995
9984
9999
9996
9983
9988
9988
9984
9978
9986
9974
9995
9993
9991
9990
9984
9996
9988
9996
9990
9983
9977
9988
9978
9992
9986
9962
9992
9969
9995
9991
9973
9996
9976
9994
9982
9972
9988
9986
9981
9983
9999
9991
9983
9973
9985
9982
9971
9996
9979
10000
9980
9991
9991
9977
9985
9961
9986
9969
9976
9966
9998
9985
9952
9987
9996
9987
9987
9984
9993
9977
9972
9988
9993
9974
9986
9987
9979
9982
9982
9996
9981
9991
9992
9987
9986
9978
9974
9978
9971
9977
9974
9992
9988
9979
9976
9970
9992
9986
9972
9979
9979
9981
9980
9994
9993
9984
9976
9984
9970
9995
9970
9992
9978
9995
9991
9962
9979
9997
9989
9991
9988
9982
9987
9979
9994
9994
9955
9988
9975
9969
9987
9980
9991
9974
9985
9979
9990
9973
9976
9974
9981
9992
9994
9984
9986
9981
9982
9958
9979
9986
9996
9976
9966
9994
9989
9989
9980
9979
9981
9972
9982
9984
9992
9981
9977
9990
9980
9994
9995
9998
9988
9998
9986
9973
9985
9992
9988
9979
9996
9985
9977
9988
9990
9992
9982
9983
9993
9988
9972
9994
9988
9979
9980
9982
9988
9987
9982
9978
9979
9986
9971
9989
9989
9967
9988
9987
9994
9995
9984
9997
9978
9980
9993
9984
9994
9990
9973
9983
9990
9995
9957
9993
9991
9983
9983
10000
9953
9980
9988
9991
9986
9995
9986
9990
9998
9983
10000
9978
9988
9993
9949
9972
9979
9993
9987
9983
9986
9973
9989
9968
9985
9983
9952
9986
9990
9991
9995
9967
9994
9991
9968
9980
9995
9995
9981
9996
9981
9976
9990
9971
9984
9987
9994
9979
9957
9974
9973
9981
9992
9972
9992
9988
9962
9988
9982
9994
9996
9978
9983
9967
9984
9989
9986
9973
9987
9994
9988
9990
9994
9988
9984
9997
9988
9981
9998
9989
9991
9987
9988
9973
9996
9992
9992
9997
9987
9988
9966
9985
9984
9967
9992
9993
9990
9988
9996
9984
9971
9956
9988
9985
9993
9978
9964
9985
9997
9972
9972
9989
9990
9976
9989
9972
9997
9983
9999
9989
9985
9989
9994
9978
9980
9994
9987
9995
9985
9991
9971
9984
9981
9984
9986
9990
9988
9988
9985
9979
9969
9988
9968
9997
9991
9980
9981
9990
9983
9991
9991
9979
9977
9982
9981
9976
9995
9987
9996
9969
9992
9991
9982
9979
9987
9975
9989
10000
9975
9996
9990
9986
9986
9981
9989
9973
9983
9991
9983
9992
9988
9991
9973
9995
9988
9942
9991
9993
9991
9988
9982
9978
9996
9986
9995
9985
9978
9977
9981
9983
9986
9993
9981
9979
9999
9988
9992
9964
9981
9975
9987
9995
9982
9981
9988
9988
9966
9992
9979
9988
9991
9986
9976
9990
9989
9987
9971
9984
9991
9985
9976
9976
9993
9976
9990
9963
9978
9987
9988
9991
9992
9977
9996
9969
9984
9994
9961
9984
9995
9989
9957
9984
9964
9984
9990
9996
9985
9983
9990
9966
9974
9971
9988
9991
9987
9981
9995
9977
9983
9990
9977
9993
9989
9992
9973
9988
9990
9977
9988
9982
9993
9970
9979
9959
9985
9984
9946
9990
9968
9982
9974
9994
9987
9988
9972
9990
9993
9990
9965
9979
9983
9982
9995
9984
9984
9987
9973
9979
9986
9983
9971
9988
9994
9987
9978
9987
9980
9989
9986
9993
9980
9990
9991
10000
9973
9991
9957
9986
9996
9977
9986
9972
9975
9979
9980
9985
9984
9997
9989
9970
9978
9979
9985
9982
9996
9995
9993
9978
9995
9970
9991
9987
9991
9987
9982
9991
9986
9990
9980
9970
9981
9980
9996
9979
9997
9988
9994
9978
9981
9981
9990
9984
9993
9981
9982
9992
9966
9984
9972
9984
9989
9975
9988
9990
9987
9975
9997
9992
9988
9984
9992
9988
9991
9979
9986
9991
9994
9983
9992
9991
9981
9992
9976
9993
9993
9993
9986
9989
9995
9982
9992
9986
9999
9983
9993
9968
9974
9987
9996
9985
9988
9976
9983
9971
9986
9959
9986
9964
9986
9992
9990
9991
9984
9990
9971
9980
9973
9977
9996
9990
9990
9990
9983
9991
9989
9985
9993
9969
9995
9938
9982
9970
9987
9992
9979
9973
9992
9969
9986
9985
9989
9989
9986
9994
9984
9958
9992
9991
9993
9992
9993
9967
9994
9985
9991
9968
9984
9994
9997
9981
9995
9980
9983
9991
9989
9991
9968
9960
9980
9988
9979
9990
9977
9969
9980
9981
9993
9983
9986
9991
9993
9990
9986
9979
9985
9972
9998
9971
9984
9997
9981
9981
9987
9993
9973
9981
9997
9986
9986
9990
9993
9965
9998
9987
9980
9990
9987
9988
9993
9993
9985
9990
9968
9977
9991
9981
9984
9990
9987
9988
9985
9974
9990
9988
9966
9964
9985
9987
9985
9993
9982
9974
9999
9995
9995
9978
9983
9973
9985
9968
9989
9980
9981
9978
9982
9973
9974
9985
9977
9993
9981
9963
9994
10000
9990
9975
9992
9989
9986
9981
9982
9975
9987
9989
9988
9962
9986
9977
9994
9995
9991
9978
9988
9984
9981
9982
9985
9983
9990
9986
9983
9997
9986
9995
9985
9982
9992
9986
9985
9964
9994
9966
9979
9984
9990
9986
9991
9975
9985
9995
9965
9998
9977
9984
9986
9993
9996
9974
9981
9992
9990
9983
9981
9982
9967
9968
10000
9989
9990
9989
9970
9970
9991
9993
9977
9989
9964
9979
9995
9979
9989
9976
9975
9964
9985
9970
9989
9989
9968
9989
9975
9989
9989
9991
9993
9985
9989
9989
9966
9976
9986
9961
9991
9985
9991
9996
9996
9986
9991
9988
9973
9985
9979
9986
9990
9956
9964
9985
9975
9959
9991
9989
9984
9974
9985
9967
9992
9994
9989
9979
9992
9990
9989
9982
