9883
10000
9738
10000
10000
9544
10000
10000
9679
9893
9592
10000
10000
9867
9707
9845
10000
10000
10000
10000
9972
10000
10000
10000
10000
10000
10000
10000
10000
9360
10000
10000
10000
10000
10000
10000
10000
10000
10000
9370
9515
10000
9806
10000
10000
10000
8252
10000
10000
10000
9954
10000
10000
9332
10000
10000
9894
9815
10000
9353
10000
9995
9129
9909
9699
8728
9843
10000
9584
9873
10000
8753
10000
10000
10000
9683
9919
9504
10000
10000
10000
9795
10000
10000
9437
10000
10000
9938
9531
10000
9574
10000
9585
10000
10000
10000
10000
10000
10000
10000
10000
10000
10000
10000
9995
9339
10000
8614
10000
10000
10000
9710
9265
10000
9651
10000
10000
10000
10000
10000
9922
9850
10000
10000
9411
9380
10000
10000
9743
10000
10000
10000
9418
10000
10000
10000
9698
10000
9615
10000
10000
10000
9621
9609
10000
9520
10000
9803
9539
10000
9480
9151
10000
10000
10000
10000
9931
10000
10000
9692
9974
10000
10000
10000
9597
10000
10000
9568
10000
10000
10000
10000
10000
10000
9747
8577
10000
9059
9300
10000
10000
10000
10000
10000
9928
9824
9589
9993
9983
9532
9875
10000
9964
9928
10000
10000
9713
10000
9891
10000
9535
9396
9778
8287
10000
10000
10000
9702
10000
10000
10000
10000
9761
10000
8836
10000
10000
9135
10000
8916
9862
10000
10000
9515
8843
10000
9227
9987
10000
10000
10000
9947
9667
10000
10000
9769
9610
10000
10000
10000
9769
10000
10000
10000
10000
10000
10000
10000
10000
10000
10000
9595
10000
10000
8641
10000
9418
10000
10000
8633
9388
9767
10000
10000
10000
9889
10000
9965
10000
9450
9746
10000
9710
8831
9609
10000
10000
10000
10000
10000
8898
10000
10000
8869
10000
9994
9757
9829
9175
10000
10000
9452
10000
10000
10000
9891
10000
10000
9958
10000
8675
10000
10000
10000
10000
9260
10000
10000
10000
10000
10000
9515
10000
9246
10000
10000
10000
10000
9950
9550
9683
10000
10000
10000
10000
8997
10000
10000
9810
9906
10000
10000
10000
9822
9965
10000
10000
10000
10000
10000
10000
10000
10000
10000
10000
10000
9619
10000
10000
10000
9749
9657
10000
10000
10000
10000
9582
9811
10000
10000
10000
9684
10000
10000
9587
10000
10000
9784
9862
8965
10000
10000
9838
10000
10000
9675
10000
10000
10000
10000
10000
9538
8535
10000
10000
10000
10000
9620
9974
10000
10000
10000
10000
10000
9500
9978
10000
10000
10000
9289
10000
10000
8317
10000
9677
9578
10000
9894
10000
10000
9731
10000
9250
10000
10000
10000
9894
9813
10000
10000
9948
10000
9097
9543
10000
10000
9927
9876
10000
10000
9721
10000
10000
9752
10000
9054
10000
10000
9927
10000
10000
10000
10000
10000
10000
10000
10000
10000
10000
10000
10000
10000
10000
9414
8978
10000
9899
10000
10000
10000
9741
10000
10000
10000
9911
10000
9792
10000
9160
10000
10000
10000
9724
10000
9960
10000
10000
8930
10000
8350
9458
9337
9869
9517
10000
10000
10000
9110
9765
10000
10000
10000
10000
10000
10000
10000
10000
10000
9308
9312
10000
10000
10000
10000
9310
10000
10000
10000
10000
10000
9774
10000
10000
9837
9377
9706
9890
10000
9990
10000
10000
10000
9903
8919
10000
9690
10000
10000
9914
9900
8784
10000
9440
10000
10000
10000
9735
10000
10000
10000
9195
10000
10000
10000
10000
10000
9390
9288
9590
9682
9242
9991
10000
10000
10000
10000
10000
10000
10000
10000
9804
10000
9330
8895
10000
10000
10000
10000
10000
10000
9489
10000
9608
10000
9924
10000
9875
10000
10000
9795
9762
9967
10000
10000
9820
10000
10000
9329
10000
9679
9496
10000
10000
10000
10000
10000
9871
10000
10000
10000
10000
10000
10000
9951
9954
10000
9951
10000
9894
10000
10000
10000
10000
10000
10000
10000
9152
10000
10000
9743
9692
10000
10000
8922
9533
9984
10000
10000
10000
10000
10000
9073
10000
9892
10000
9622
10000
10000
10000
9767
9818
9511
9159
10000
10000
9533
10000
9608
10000
9432
9499
8517
9462
10000
10000
10000
9946
10000
10000
9751
10000
10000
10000
10000
10000
9489
10000
10000
10000
10000
10000
10000
9103
10000
10000
9095
10000
10000
10000
10000
10000
10000
10000
9674
10000
10000
10000
10000
9563
9486
9763
9930
9630
9839
9594
10000
10000
10000
9036
10000
10000
9568
9529
10000
9747
10000
10000
9945
9979
10000
10000
10000
10000
10000
10000
10000
9075
9906
10000
10000
10000
9948
10000
10000
9340
10000
9756
10000
9866
9529
9910
10000
9425
10000
10000
10000
10000
9376
10000
10000
9806
10000
9048
10000
10000
10000
10000
9957
10000
10000
10000
10000
10000
10000
9921
10000
10000
10000
9467
9177
9763
9808
10000
9581
10000
10000
10000
9496
8918
10000
10000
9069
10000
10000
10000
9711
10000
10000
9121
10000
10000
10000
9866
10000
10000
9774
10000
8426
10000
10000
10000
10000
10000
8633
9724
9936
10000
9496
10000
10000
10000
9709
10000
10000
9239
10000
10000
10000
10000
10000
10000
10000
10000
10000
10000
10000
9904
10000
10000
9456
10000
10000
10000
10000
8961
10000
10000
9289
9705
8699
10000
10000
10000
10000
10000
10000
9851
9729
10000
9920
10000
10000
10000
9798
9990
10000
10000
9438
9959
10000
10000
8627
10000
10000
10000
9612
9008
10000
10000
10000
8997
9661
10000
10000
9923
10000
10000
10000
9613
10000
10000
8762
10000
10000
9878
9627
9265
10000
9712
10000
10000
9326
10000
9688
10000
9510
10000
9956
9344
9647
9665
10000
9966
10000
9914
9892
10000
10000
10000
10000
9682
10000
9830
10000
10000
10000
8613
8907
10000
9951
9806
8613
10000
8963
10000
9759
10000
10000
10000
10000
10000
10000
10000
10000
9747
10000
10000
10000
10000
10000
9395
10000
9727
10000
10000
9681
9549
10000
10000
9873
9244
9019
10000
9550
10000
9143
10000
9779
9120
9940
9790
10000
10000
10000
9375
10000
10000
10000
10000
9901
10000
10000
10000
9969
8938
9930
9867
10000
10000
10000
9651
9341
10000
8600
10000
10000
10000
10000
10000
9179
9975
10000
10000
10000
10000
10000
10000
10000
10000
9971
10000
10000
8921
10000
10000
10000
9486
10000
10000
9484
