9975
9987
9985
9991
9983
9973
9993
9995
9988
9979
9971
9992
9988
9991
9980
9968
9987
9998
9985
9981
9980
9974
9977
9971
9976
9984
9983
9974
9989
9972
9979
9986
9987
9994
9993
9995
9990
9985
9993
9985
9997
9977
9987
9967
9986
9972
9992
9981
9986
9987
9994
9978
9995
9980
9986
9947
9992
9995
9948
9981
9991
9991
9978
9989
9982
9996
9955
9976
9991
9998
9990
9978
9982
9996
9965
9994
9992
9994
9993
9999
9986
9987
9999
9974
9995
9988
9989
9984
9998
9978
9973
9985
9989
9977
9987
9983
9977
9989
9986
9988
9955
9989
9988
9989
9993
9993
9994
9995
9991
9974
9990
9986
9985
9995
9987
9982
9973
9962
9991
9977
9989
9960
9997
9985
9987
9977
9990
9980
9991
9976
9990
9972
9977
9986
9977
9980
9993
9986
9989
9997
9969
9992
9996
9997
9984
9990
9977
9989
9986
9978
9990
9987
9978
9991
9994
9988
9957
9975
9999
9985
9992
9987
9987
9988
9964
9980
9996
9984
9992
9989
9981
9981
9981
9992
9995
9987
9991
9983
9991
9997
9984
9981
9980
9996
9974
9964
9994
9986
9983
9982
9979
9989
9994
9981
9991
9968
9987
9972
9977
9975
9993
9987
9994
9984
9985
9992
9985
9959
9985
9985
9986
9982
9972
9973
9998
9980
9984
9986
9998
9974
9974
9993
9984
9982
9990
9985
9974
9982
9986
9995
9979
9988
9976
9995
9987
9992
9964
9993
9974
9991
9968
9990
9964
9987
9988
9990
9982
9995
9989
9987
9982
9989
9972
9993
9983
9973
9983
9985
9992
9988
9980
10000
9981
9973
9996
9977
9979
9987
9990
9986
9982
9984
9990
9987
9989
9986
9987
9990
9982
9983
9992
9996
9990
9986
9980
9991
9997
9995
9984
9986
9985
9969
9990
9990
9977
9985
9995
9987
9989
9980
9964
9972
9983
9995
9972
9975
9989
9987
9967
9990
9968
9989
9983
9982
9985
9993
9989
9970
9986
9996
9987
9992
9973
9982
9976
9988
9983
9982
9991
9961
9991
9978
9961
9989
9991
9984
9987
9992
9978
9995
9996
9993
9996
9996
9976
9983
9992
9964
9987
9981
9972
9957
9987
9986
9989
9996
9991
9996
9988
9984
9992
9981
9982
9978
9988
9989
9985
9986
9968
9977
9992
9987
9989
9993
9989
9979
9986
9991
9990
9977
9981
9991
9990
9984
9987
9987
9993
9989
9963
9987
9993
9982
9995
9983
9962
9980
9994
9980
9983
9988
9968
9981
9987
9973
9991
9980
9993
9987
9986
9985
9996
9982
9985
9968
9968
9989
9997
9986
9980
9985
9983
9990
9990
9993
9989
9981
9978
9990
9995
9979
9976
9993
9977
9982
9989
9994
9992
9996
9997
9997
9991
9981
9982
9983
9989
9975
9988
9986
9990
9975
9982
9990
9990
9972
9964
9996
9990
9988
9985
9990
9975
9981
9981
9980
9995
9984
9985
9984
9989
9961
9972
9990
9983
9992
9990
9991
9975
9995
9990
9976
9995
9991
9991
9989
9993
9988
9995
9980
9979
9978
9984
9988
9976
9971
9982
9992
9994
9983
9994
9970
9983
9994
9993
9989
9992
9985
9979
9981
9986
9991
9981
9981
9994
9985
9992
9980
9990
9996
9994
9996
9977
9987
9985
9996
9994
9965
9995
9985
9982
9989
9983
9992
9984
9993
9969
9989
9984
9979
9992
9991
9978
9981
9989
9968
9984
9991
9995
9988
9994
9983
9967
9989
9975
9991
9983
9983
9984
9984
9996
9976
9990
9984
9986
9987
9993
9965
9990
9994
9986
9974
9981
9985
9988
9987
9972
9967
9995
9991
9990
9962
9963
9985
9986
9988
9992
9990
9988
9991
9960
9992
9930
9965
9963
9999
9973
9996
9990
9981
9993
9981
9986
9987
9976
9980
9986
9977
9993
9992
9991
9987
9995
9970
9973
9998
9978
9988
9987
9985
9960
9980
9991
9990
9990
9980
9991
9990
9979
9969
9983
9988
9987
9953
9983
9987
9990
9982
9987
9982
9975
9992
9983
9988
9997
9986
9980
9966
9992
9998
9983
9985
9988
9971
9989
9976
9986
9979
9995
10000
9989
9993
9970
9979
9992
9946
9985
9990
9972
9984
9989
9998
9979
9987
9985
9987
9990
9970
9990
9978
9995
9997
9996
9964
9987
9996
9994
9991
9990
9988
9974
9994
9990
9990
9976
9982
9992
9982
9996
9976
9987
9973
9992
9982
9948
9993
9975
9995
9984
9991
9977
9980
9991
9993
9995
9991
9984
9983
9997
9974
9984
9963
9983
9982
9993
9988
9993
9992
9978
9986
9980
9997
9970
9992
9985
9974
9994
9971
9984
9976
9982
9984
9967
9975
9967
9982
9981
9993
9974
9989
9985
9991
9984
9997
9992
9976
9988
9986
9976
9991
9991
9991
9987
9986
9991
9964
9989
9986
9961
9977
9976
9984
9987
9975
9981
9972
9979
9980
9986
9952
9989
9990
9983
9966
9991
9985
9982
9968
9993
9993
9966
9989
9993
9992
9993
9976
9992
9973
9969
9982
9980
9981
9980
9997
9979
9995
9980
9983
9981
9989
9989
9981
9956
9986
9987
9979
9990
9995
9983
9979
9974
9994
9989
9967
9991
9992
9974
9981
9984
9981
9976
9992
9991
9992
9988
9995
9992
9977
9991
9997
9985
9988
9993
9990
9984
9989
9978
9987
9981
9977
9990
9986
9985
9980
9989
9986
9989
9992
9989
9989
9994
9988
9982
9993
9979
9997
10000
9990
9984
9977
9984
9986
9979
9962
9980
9979
9993
9990
9991
9993
9998
9992
9983
9988
9976
9986
9987
9991
9994
9972
9997
9970
9965
9993
9983
9960
9969
9976
9986
9972
9987
9992
9981
9997
9969
9977
9992
10000
9998
9988
9985
9980
9987
9989
9981
9987
9991
9991
9982
9985
9983
9990
9971
9994
9989
9982
9976
9973
9991
9999
9990
9985
9990
9972
9981
9986
9992
9999
9987
9988
9982
9987
9980
9985
9996
9993
9981
9976
9990
9985
9976
9987
9974
9985
9970
9989
9997
9959
9986
9966
9992
9985
9975
9990
9993
9990
9983
9984
9994
9993
9990
9989
9987
9963
9991
9976
9971
9988
9980
9994
9982
9979
9966
9973
9982
9982
9997
9990
9978
9980
10000
9973
9985
9983
9985
9985
9974
9993
9983
9976
9996
9975
