9991
9984
9979
9989
9988
9995
9991
9991
9997
9993
9992
10000
9984
9983
9987
9988
9974
9987
9992
9977
9985
9977
9987
9970
9986
9994
9935
9973
9987
9991
9994
9972
9987
9985
9968
9996
9987
9982
9980
9986
9978
9985
9987
9977
9989
9995
9986
9977
9970
9990
9972
9984
9983
9986
9988
9978
9975
9981
9980
9976
9961
9985
9979
9970
9990
9985
9968
9987
9992
9986
9974
9972
9980
9974
9989
9984
9984
9982
9989
9980
9975
9985
9998
9985
9975
9979
9992
9993
9997
9971
9989
9984
9995
9984
9990
9984
9989
9982
9984
9984
9996
9979
9978
9996
9990
9995
9984
9994
9983
9980
9992
9991
9987
9986
9996
9983
9979
9997
9979
9968
9986
9985
9992
9983
9978
9979
9986
9995
9984
9975
9988
9987
9961
9972
9984
9997
9991
9976
9984
9988
9989
9994
9994
9997
9979
9986
9983
9985
9988
9981
9989
9985
9990
9985
9984
9998
9990
9981
9991
9976
9984
9982
9972
9994
9993
9976
9981
9984
9952
9988
9990
9980
9982
9983
9986
9992
9985
9996
9987
9998
9990
9988
9986
9989
9996
9994
9969
9987
9985
9990
9976
9984
9988
9953
9996
9997
9978
9978
9993
9983
9986
9976
9977
9984
9985
9990
9972
9972
9986
9997
9977
9977
9977
9958
9992
9985
9987
9999
9985
9956
9980
9976
9981
9983
9988
10000
9988
9967
9991
9990
9979
9970
9987
9988
9984
9980
9995
9986
9989
9990
9990
9971
9977
9987
9981
9941
9994
9981
9984
9982
9999
9967
9996
9994
9991
9948
9975
9983
9983
9993
9992
9983
9968
9975
9971
9982
9983
9991
9979
9975
9987
9992
9997
9986
9961
9986
9976
9992
9986
9990
9975
9992
9979
9983
9979
9987
9979
9991
9984
9951
9988
9989
9984
9976
9980
9990
9985
9975
9989
9980
9958
9980
9984
9994
9993
9991
9950
9986
9995
9972
9969
9972
9999
9983
9989
9986
9979
9980
9997
9988
9984
9992
9984
9971
9978
9971
9994
9982
9988
9999
9986
9976
9985
9983
9985
9992
9980
9981
9983
9983
9973
9987
9972
9991
9987
9978
9977
9964
9977
9973
9981
9994
9983
9990
9995
9989
9986
9975
9982
9978
9989
9991
9991
9990
9982
9988
9983
9999
9989
9989
9996
9986
9976
9975
9996
9987
9986
9988
9991
9982
10000
9984
9992
9988
9995
9988
9984
9989
9984
9984
9999
9988
9998
9971
9979
9998
9988
9968
9982
9991
9983
9979
9974
9986
9982
9988
9985
9979
9993
9982
9997
9984
9990
9993
9966
9993
9986
9980
9990
9984
9981
9993
9981
9981
9980
9995
9976
9982
9991
9986
9986
9996
9977
9978
9991
9977
9992
9981
9989
9991
9980
9993
9990
9999
9983
9986
9988
9977
9983
9987
9987
9991
9971
9989
9997
9987
9974
9973
9989
9987
9992
9972
9981
9994
9984
9991
9995
9990
9998
9983
9986
9967
9985
9975
9983
9989
9990
9984
9990
9955
9984
9993
9987
9990
9985
9989
9976
9987
9974
9974
9992
9991
9989
9982
9981
9984
9995
9972
9983
9990
9973
9989
9989
9990
9996
9980
9983
9991
9992
9992
9975
9988
9977
9968
9997
9946
9991
9995
9989
9984
9994
9978
9973
9998
9975
9997
9973
9990
9966
9978
9986
9994
9992
9986
9991
9958
9986
9993
9989
9992
9994
9967
9987
9982
9977
9974
9996
9975
9988
9992
9994
9988
9990
9996
9964
9988
9997
9991
9977
9989
9994
9961
9992
9992
9986
9981
9965
9994
9977
9991
9986
9993
9975
9993
9993
9986
9976
9964
9987
9983
9982
9985
9997
9985
9994
9986
9995
9992
9991
9976
9996
9990
9992
9993
9991
9996
9984
9996
9986
9986
9966
9981
9990
9981
9994
9988
9992
9981
9978
9981
9978
9993
9993
9976
9988
9994
9999
9985
9973
9993
9992
9982
9983
9995
9989
9981
9970
9964
9982
9973
9993
9989
9984
9981
9994
9977
9989
9992
9995
9972
9980
9995
9981
9993
9985
9980
9974
9991
10000
9982
9981
9979
9964
9985
9996
9983
9974
9988
9984
9975
9996
9984
9982
9988
9976
9982
9994
9966
9970
9987
9994
9991
9988
9996
9983
9999
9989
9983
9991
9988
9995
9997
9955
9989
9953
9975
9975
9989
9989
9967
9988
9991
9990
9995
9977
9996
9983
9989
9993
9994
9995
9975
9979
9973
9980
9988
9984
9992
9994
9991
9992
9996
9970
9981
9993
9985
9986
9995
9982
9982
9985
9983
9979
9986
9982
9989
9984
9994
9997
9991
9979
9974
9991
9986
9992
9982
9986
9998
9986
9979
9995
9988
9974
9977
9987
9969
9986
9998
9975
9977
9985
9971
9965
9988
9992
9979
9989
9970
9982
9988
9992
9986
9983
9973
9981
9989
9993
9974
9981
9988
9960
9971
9994
9983
9998
9988
9982
9979
9994
9996
9971
9980
9990
9992
9985
9984
9994
9983
9972
9995
9994
9996
9975
9987
9990
9989
9976
9974
9998
9985
9987
9983
9969
9979
9980
9997
9997
9984
9976
9982
9983
9996
9990
9993
9992
9975
9977
9982
9997
9988
9983
9986
9983
9982
9984
9988
9975
9986
9987
9954
9982
9990
9984
9988
9978
9999
9990
9975
9993
9978
9986
9993
9985
9985
9986
9993
9979
9989
9989
9978
9986
9993
9974
9982
9969
9986
9973
9992
9983
9988
9983
9998
9991
9975
9977
9976
9989
9984
9994
9977
9984
9988
9989
9991
9992
9982
9980
9992
9973
9984
9981
9956
9982
9993
9990
9990
9992
9977
9990
9978
9997
9981
9974
9987
9972
9965
9992
9972
9987
9992
9976
9987
9969
9992
9995
9973
9998
9992
9996
9986
9992
9973
9996
9975
9984
9989
9991
9983
9992
9994
9979
9978
9968
9983
9984
9981
9984
9982
9988
9996
9954
9989
9983
9988
9988
9985
9985
9954
9997
9992
9975
9985
9993
9977
9984
9992
9988
9969
9976
9985
9987
9981
9984
9986
9980
9997
9991
9984
9991
9992
9974
9987
9984
9984
9992
9995
9988
9986
9979
9983
9982
9993
9998
9985
9994
9981
9983
9979
9983
9992
9983
9937
9979
9998
9980
9983
9977
9983
9973
9980
9986
9987
9992
9977
9995
9989
9991
9964
9987
9989
