9987
9991
9991
9986
9980
9991
9989
9987
9987
9978
9978
9991
9973
9986
9995
9971
9995
9984
9974
9974
9991
9988
9976
9988
9967
9974
9993
9988
9993
9988
9983
9993
9985
9970
9985
9981
9997
9993
9977
9964
9991
9973
9978
9988
9983
9990
9975
9991
9998
9979
9981
9988
9970
9979
9990
9992
9980
9972
9982
9989
9979
9972
9966
9980
9978
9989
9993
9983
9979
9977
9959
9974
9967
9970
9993
9995
9978
9973
9967
9979
9977
9993
9990
9992
9990
9987
9983
9986
9965
9997
9979
9981
9971
9985
9968
9990
9989
9990
9991
9986
9967
9979
9971
9989
9989
9993
9986
9988
9984
9986
9997
9997
9992
9981
9972
9983
9987
9983
9991
9983
9987
9991
9978
9987
9990
9980
9994
9978
9992
9986
9957
9992
9992
9983
9979
9996
9986
9988
9989
9986
9984
9983
9992
9978
9993
9986
9982
9990
9989
9985
9993
9977
9997
9997
9970
9984
9983
9976
9974
9964
9968
9982
9973
9990
9989
9999
9994
9986
9989
9988
9982
9992
9988
9991
9979
9986
9986
9992
9980
9992
9977
9996
9981
9971
9976
9990
9962
9987
9992
9987
9990
9979
9997
9979
9990
9991
9994
9968
9985
9988
9995
9992
9993
9996
9976
9980
9992
9954
9997
9981
9973
9985
9997
9994
9990
9964
9977
9980
9972
9995
9984
9985
9967
9994
9980
9984
9992
9983
9967
9977
9989
9989
9989
9983
9967
9979
9987
9983
9980
9981
9990
9977
9993
9994
9987
9993
9987
9997
9993
9986
9973
9994
9981
9985
9952
9982
9977
9982
9993
9991
9967
9974
9994
9997
9978
9985
9989
9995
9988
9987
9980
9993
9997
9991
9986
9971
9986
9982
9990
9993
9977
10000
9988
9974
9983
9998
9995
9977
9991
9991
9943
9982
9984
9980
9989
9986
9969
9993
9976
9981
9991
9979
9980
9969
9987
9985
9994
9976
9997
9982
9978
9990
9982
9973
9980
9974
9994
9978
9989
9989
9971
9981
9968
9993
9996
9990
9972
9990
9987
9988
9998
9981
9969
9990
9993
9985
9985
9987
9997
9984
9978
9998
9982
9987
9989
9984
9985
9978
9970
9979
9972
9989
9994
9983
9980
9984
9991
9988
9991
9988
9996
9978
9976
9995
9992
9973
10000
9992
9974
9992
9968
9979
9995
9976
9993
9968
9988
9976
9995
9992
9970
9982
9995
9981
9995
9993
9987
9992
9987
9978
9971
9972
9986
9997
9983
9986
9993
9991
9982
9996
9980
9988
9974
9996
9989
9981
9976
9989
9964
9997
9979
9986
9979
9978
9982
9982
9978
9990
9992
9984
9970
9971
9988
9967
9978
9987
9990
9984
9993
9997
9991
9982
9982
9992
9978
9967
9974
9997
9991
9978
9980
9985
9990
9977
9984
9992
9980
9974
9983
9983
9979
9992
9992
9990
9968
9976
9990
9985
9985
9998
9989
9993
9975
9978
9969
9987
9973
9988
9980
9989
9994
9984
9991
9988
9978
9983
9990
9984
9977
9980
9991
9982
9993
9982
9976
9974
9979
9993
9994
9993
9986
9987
9989
9988
9989
9990
9974
9984
9982
9982
9987
9978
9993
9986
9990
9993
9983
9990
9989
9958
9991
9979
9991
9968
9977
9985
9991
9986
9992
9979
9988
9986
9991
9991
9984
9988
9985
9991
9975
9982
9989
9976
9980
9990
9981
9993
9989
9981
9975
9989
9975
9980
10000
9975
9982
9984
9955
9989
9986
9983
9984
9989
9985
9982
9986
9987
9997
9975
9971
9997
9993
9989
9989
9983
9994
9984
9990
9982
9997
9998
9986
9997
9995
9975
9963
9972
9985
9985
9983
9981
9990
9977
9981
9977
9996
9982
9977
9992
9989
9993
9997
9985
9983
9984
9984
9978
9974
9987
9989
9979
9992
9974
9979
9979
9993
9996
9982
9948
9987
9994
9988
9979
9975
9988
9988
9980
9995
9991
9990
9993
9997
9985
9996
9992
9996
9992
9979
9991
9999
9989
9981
9958
9995
9979
9951
9999
9981
9980
9992
9983
9989
9960
9996
9982
9986
9988
9993
9993
9984
9981
9988
9976
9980
9985
9983
9992
9981
9970
9983
9981
9984
9976
9991
9959
9983
9989
9993
9982
9991
9985
9986
9996
9996
9996
9962
9984
9980
9988
9983
9988
9987
9987
9977
9997
9994
9988
9984
9989
9981
9993
9988
9985
9987
9994
9978
9989
9977
9983
9984
9989
9985
9989
9984
9989
9980
9956
9982
9983
9994
9978
9990
9984
9981
9975
9983
9990
9990
9993
9993
9988
9992
9999
9991
9971
9976
9974
9989
9998
9985
9978
9977
9972
9979
9987
9988
9994
9992
9990
9966
9985
9977
9962
9960
9990
9992
9986
9983
9986
9959
9975
9985
9980
9995
9967
9974
9972
9965
9978
9990
9983
9993
9981
9980
9975
9990
9992
9978
9965
9990
9987
9989
9996
9981
9985
9995
9979
10000
9970
9990
9981
9987
9986
9979
9970
9980
9987
9970
9995
9989
9968
9992
9989
9974
9980
9991
9995
9992
9989
9971
9962
9987
9974
9985
9985
9986
9972
9979
9982
9988
9994
9978
9986
9984
9974
9981
9979
9990
9989
9995
9986
9990
9982
9982
9975
9991
9986
9988
9980
9990
9980
9994
9996
9986
9997
9995
9981
9986
9994
9982
9987
9972
9992
9973
9974
9994
9991
9968
9992
9982
9983
9991
9994
9994
9985
9989
9995
9995
9974
9998
9997
9987
9976
9957
9988
9976
9989
9988
9977
9987
9987
9983
9975
9987
9988
9967
9975
9992
9974
9986
9998
9988
9989
9983
9986
9958
9993
9983
9996
9978
9969
9997
9980
9988
9966
9988
9989
9972
9965
9988
9991
9963
9990
9983
9974
9989
9981
9977
9989
9987
9990
9972
9978
9956
9977
9965
9991
9991
9984
9973
9979
9989
9996
9987
9982
9983
9988
9994
9998
9994
9974
9985
9975
9993
9974
9986
9974
9986
9982
9982
9982
9992
9982
9976
9995
9990
9985
9984
9975
9986
9983
9980
9991
9990
9972
9995
9977
9985
9966
9984
9992
9983
9984
9992
9985
9988
9987
9997
9964
9982
9983
9996
9989
9992
9991
9992
9979
9997
9983
9987
9975
9971
9957
9975
9984
9988
9971
9988
9988
9993
9977
9983
9993
9989
9985
9985
9988
9978
9991
9988
9990
