10000
9994
9983
9963
9984
10000
9987
9991
9988
9976
9979
9989
9990
10000
9990
9994
9990
10000
9984
9989
9979
9999
9985
9984
10000
9995
9993
10000
9983
9993
9978
9999
9981
10000
9980
10000
9977
10000
10000
9987
9975
9975
9981
10000
9993
9995
9990
9983
10000
9988
9998
9997
9985
10000
9983
9977
9971
9987
9979
9987
9986
10000
10000
9979
9987
9999
9998
9993
9993
9990
9983
9997
10000
9993
9989
9973
9980
9981
9991
9992
9993
9990
9991
9968
9983
9997
9970
9984
10000
10000
9984
9976
9985
10000
9986
9987
9996
9994
9994
10000
10000
9986
9977
9986
9999
9999
9986
9987
10000
9996
10000
10000
9979
9987
10000
9992
9979
9983
9966
9997
10000
10000
9982
9978
9987
9993
9991
10000
9984
10000
9981
9969
9978
9987
9984
9997
9990
9990
9995
9992
9985
9992
9976
9978
9981
9986
9988
9988
9986
9990
10000
10000
9999
9972
9991
9991
9980
9993
9990
9989
9968
10000
9986
9995
9988
9991
9993
9994
9991
9996
9979
9989
9977
9984
9989
9997
9989
10000
10000
9992
9975
9980
9987
9986
9990
10000
9981
9981
9991
9986
9990
9980
9990
9998
9998
10000
9998
9997
9975
9985
9983
9984
9975
9992
9994
9991
9998
9984
9991
9970
9982
9972
9985
9989
10000
9989
9975
9991
9996
9999
10000
9992
9996
9973
9985
10000
10000
9990
9983
9975
9980
10000
9997
9982
9996
9991
10000
9983
9985
9989
9969
10000
10000
9978
9980
10000
9974
9987
9978
9988
9997
9972
9990
10000
9981
9995
9993
9989
9990
10000
10000
9986
10000
9984
9968
9973
9989
10000
10000
9988
10000
10000
9990
10000
9986
9981
9982
10000
9980
10000
9989
10000
9989
9987
9973
9963
9982
9973
9993
9986
9985
10000
9984
9993
9979
9971
9986
9951
9989
9997
9975
9996
9996
9989
9991
10000
9983
10000
9992
9986
9995
9985
9966
9991
9972
9987
9980
9994
10000
9989
9985
9978
9996
9981
10000
9996
9988
9996
9988
9997
9976
9987
9985
9982
10000
9976
10000
9985
9984
10000
9974
10000
9998
9986
9986
9989
9985
9984
9980
9995
9984
10000
9992
9992
9949
10000
9969
9986
9986
9985
9998
9998
9985
10000
9974
9995
9975
9993
10000
9982
9991
9974
9987
10000
9984
9997
10000
9990
9983
10000
9988
9987
9979
9993
9986
9999
10000
10000
9987
9990
10000
9959
9990
9980
9984
9988
9975
9971
10000
9979
9988
9966
9998
9991
9984
9991
9987
9964
9999
9994
9995
10000
10000
9976
10000
9981
9996
9986
10000
9954
9964
9990
9997
10000
9977
9986
9994
9948
10000
9992
9982
9990
9972
10000
9999
9989
9978
10000
9988
10000
9970
10000
10000
9993
10000
10000
9989
9997
9996
9986
9997
9987
10000
10000
9998
9993
9993
10000
9990
9984
10000
9994
9983
9977
9999
9987
9979
9987
9999
10000
9967
9979
9989
9971
9988
9980
9994
9996
9983
9982
9965
9988
9988
9995
9994
9977
9980
9982
9982
9971
10000
9983
9990
9988
9986
9999
9981
9990
9982
9997
9977
9987
9990
9977
10000
9995
9977
9968
9992
9994
9978
9994
10000
9997
9983
10000
9975
9988
9985
9987
9987
9989
10000
9963
9998
9995
9994
9982
9990
9991
10000
9983
9996
9977
9990
9987
10000
9967
10000
9962
9972
9974
9982
9999
10000
9980
9971
9977
9983
9984
9987
9962
9982
9982
9969
9987
9980
9982
9997
9996
9992
9979
9988
9991
10000
9999
9986
10000
9991
9996
10000
10000
9977
9988
9986
10000
9999
9965
9998
9985
10000
10000
9998
9982
10000
9991
9972
9982
9972
9992
9999
10000
9962
9983
9996
9978
9988
9991
9990
9986
9988
9983
9985
10000
9983
9999
9995
9985
9984
10000
9993
9982
9986
9985
9983
9968
9995
10000
10000
9991
9997
9970
9977
9991
9993
9984
10000
10000
9985
9992
9986
9982
9992
9986
9993
9981
9999
9993
9972
9999
10000
9984
9977
10000
9989
9996
9986
9987
9963
10000
9986
9991
9978
9983
9970
9998
10000
9980
10000
9979
9987
10000
9973
9966
9963
9989
9996
9979
9999
10000
9980
10000
9987
9990
9980
9975
9989
10000
9990
10000
9987
9998
9995
9972
9992
9962
9989
9966
9990
9987
9988
9983
9991
9972
9978
9976
10000
9975
9990
9985
9995
9983
10000
9993
9994
9990
9996
9976
9977
9985
10000
10000
9987
9985
9982
9970
9959
9988
10000
9989
9972
9964
9977
9998
10000
9979
9988
10000
9984
9988
10000
9986
9991
9972
9994
9983
9970
9981
9987
9992
9990
9990
9989
9968
9993
9983
9987
9980
9991
9984
10000
9992
9993
9983
9979
9990
9979
9988
9986
9994
9974
10000
9992
9984
9994
10000
10000
9980
9985
9989
10000
9997
9989
9982
9991
9976
9999
9981
10000
9986
9999
9987
9998
9999
9979
9994
9991
9985
9989
10000
9995
9991
9993
10000
9992
9985
10000
10000
9978
9986
9972
9970
10000
9999
9972
9976
9979
9990
9979
9984
9992
10000
9991
9994
9968
9988
9981
9990
9980
9991
9983
9988
9997
10000
9991
9994
9985
9989
9983
9969
9957
9974
10000
9984
9989
9994
9971
9996
9964
9983
10000
9971
9990
9982
9985
9992
9984
9993
9987
9989
9977
9991
9993
9987
10000
10000
9977
9980
9983
10000
9983
9998
9973
9990
9978
9990
9978
9999
9979
9989
9979
9974
9971
10000
9989
9984
10000
9989
9983
9987
9988
9975
9995
10000
9980
9985
9987
9978
9978
9982
9983
9988
10000
9994
9980
9987
9971
9974
9984
9981
9998
9979
9990
9985
10000
9997
10000
10000
9987
9999
10000
9994
9987
9991
9982
9982
9984
9974
10000
9994
9992
10000
9992
10000
9990
9970
9981
9987
9945
9994
9990
10000
9994
9989
9997
9991
9999
9993
9987
9982
9999
9992
10000
9993
9980
9985
10000
9993
9980
9988
9988
9993
9986
9982
9978
9983
10000
9979
9982
9995
9980
9999
9998
9987
10000
9981
9963
9989
9996
10000
9993
9992
9992
10000
10000
9962
9992
9970
9966
10000
9975
9976
9990
9992
9983
9968
10000
9989
9989
9993
9979
9973
9990
9998
10000
9989
9995
9991
10000
9987
