9989
9993
9996
9977
9980
9992
9984
9987
9991
9983
9955
9984
9993
9967
9979
9993
9976
9978
9962
9996
9969
9986
9986
9994
9990
9986
9960
9996
9969
9978
9973
9968
9994
9964
9984
9982
9984
9959
9992
9995
9978
9991
9982
9979
9976
9961
9998
9993
9992
9977
9982
9985
9982
9992
9995
9992
9982
9976
9976
9994
9989
9986
9988
9974
9991
9990
9995
9988
9989
9979
9986
9971
9994
9990
9986
9986
9991
9989
9977
9986
9991
9987
9996
9993
9989
9981
9988
9985
9972
9991
9976
9995
9981
9985
9988
9985
9991
9975
9987
9995
9985
9994
9972
9963
9974
9964
9992
9986
9989
9987
9964
9977
9963
9991
9990
9992
9992
9995
9983
9972
9994
9993
9961
9969
9987
9974
9987
9993
10000
9994
9987
9981
9982
9993
9974
9989
9998
9986
9995
9992
9990
9977
9996
9999
9992
9971
9995
9967
9952
9995
9988
9992
9983
9983
9992
9979
9965
9973
9992
9982
9981
9984
9958
9974
9972
9987
9971
9977
9988
9980
9990
9990
9981
9977
9974
9975
9993
9984
9987
9998
9971
9990
9990
9994
9985
9990
9980
9986
9987
9979
9992
9982
9997
9990
9991
9992
9990
9960
9988
9987
9967
9995
9987
9983
9982
9992
9981
9985
9986
9965
9985
9971
9981
9998
9982
9989
9980
9981
9977
9990
9987
9986
9963
9994
9963
9976
9989
9977
9972
9974
9967
9965
9982
9991
9987
9996
9974
9980
9960
9979
9987
9993
9987
9986
9982
9991
9988
9967
9988
9995
9983
9990
9991
9971
9983
9992
9995
9981
9956
9972
9987
9996
9987
10000
9994
9970
9996
9972
9985
9979
9978
9995
9997
9991
9997
9972
9981
9994
9990
9980
9961
9988
9978
9986
9979
9983
9966
9988
9989
9979
9973
9977
9978
9990
9984
9978
9981
9986
9992
9984
9984
9989
9993
9991
9992
9985
9978
9963
9985
9988
9979
9985
9970
9983
9994
9972
9984
9982
9991
9982
9990
9980
9970
9982
9984
9999
9984
9986
9993
9989
9999
9977
9986
9971
9981
9985
9976
9978
9956
9978
9996
9984
9975
9982
9999
9999
9994
9970
9984
9997
9987
9985
9996
9977
9960
9986
9985
9982
9996
9980
9988
9995
9999
9976
9989
9985
9990
9996
9992
9979
9993
9982
9995
9990
9970
9981
9981
9988
9997
9994
9995
9962
9987
9979
9945
9990
9996
9984
9986
9978
9991
9995
9982
9989
9973
9996
9971
9991
9984
9982
9981
9988
9986
9987
9986
9990
9980
9993
9992
9993
9990
9992
9990
9937
9970
9980
9990
9972
9976
9995
9988
9996
9988
9989
9991
9972
9990
9990
9979
9988
9972
9986
9980
9988
9965
9995
9995
9990
9967
9988
9978
9992
9989
9984
9985
9978
9991
9977
9995
9982
9998
9980
9987
9986
9998
9991
9993
9976
9990
9981
9988
9975
9976
9975
9975
9964
9992
9995
9990
9995
9989
9990
10000
9979
9987
9974
9985
9996
9991
9987
9993
9990
9999
9975
9993
9996
9993
9988
9985
9981
9992
9998
9998
9995
9981
9983
9972
9996
9984
9987
9990
9989
9994
9991
9954
9989
9977
9988
9987
9980
9976
9988
9979
9983
9993
9993
9992
9981
9961
9986
9987
9978
9996
9993
9974
9988
9970
9991
9977
9986
9987
9995
9995
9993
9980
9990
9981
9984
9995
9979
9988
9978
9995
9985
9993
9989
9985
9982
9969
9976
9991
9978
9989
9988
9990
10000
9990
9992
9990
9980
9971
9983
9987
9993
9987
9984
9984
9995
9993
9988
9988
9988
9992
9996
9985
9985
9985
9997
9974
9980
9965
9985
9994
9990
9984
9988
9993
9986
9980
9968
9983
9978
9992
9981
9985
9988
9985
9975
9993
9994
9964
9995
10000
9975
9982
9938
9968
9993
9983
9989
9983
9969
9993
9991
9990
9986
9980
9973
9974
9964
9980
9986
9982
9966
9991
9988
9993
9980
9995
9988
9988
9977
9979
9982
9986
9993
9994
9990
9977
9974
9978
9997
9988
9992
9990
9972
9985
9983
9983
9970
9986
9991
9984
9999
9967
9982
9993
9977
9984
9987
9994
9979
9986
9990
9978
9992
9979
9993
9963
10000
9988
9978
9984
9996
9978
9992
9993
9995
9961
9996
9995
9982
9989
9993
9964
9990
9967
9991
9982
9974
9984
9976
9991
9979
9995
9986
9971
9991
9990
9996
9992
9989
9979
9982
9996
9979
9996
9988
9970
9987
9989
9997
9964
9981
9984
9979
9991
9990
9976
9992
9983
9969
9990
9983
9988
9994
9973
9992
9996
9998
9979
9990
9982
9986
9992
9988
9996
9990
9991
9976
9993
9976
9977
9973
9976
9987
9971
9983
9984
9975
9994
9990
9984
9991
9982
9986
9970
9987
9982
9989
9980
9956
9979
9973
9996
9965
9957
9994
9969
9986
9974
9994
9984
9999
9995
9989
9990
9996
9991
9956
9990
9988
9992
9937
9986
9994
9995
9993
9988
9991
9989
9990
9972
9998
9992
9982
9981
9996
9999
9995
9979
9989
9981
9975
9969
9991
9995
9967
9976
9991
9971
9982
9985
9991
9967
9972
9989
9993
9987
9992
9981
9990
9986
9996
9988
9981
9991
9989
9988
9989
9976
9986
9970
9984
9995
9984
9994
9992
9994
9973
10000
9995
9965
9966
9977
9976
9978
9984
9994
9981
9974
9972
9990
9989
9982
9987
9995
9988
9985
9995
9986
9974
9991
9994
9990
9989
9964
9983
9989
9951
9980
9997
9980
9966
9995
9976
9993
9969
9983
9991
9971
9990
9948
9989
9965
9969
9985
9975
9981
9979
9979
9992
9988
9980
9987
9995
9978
9988
9973
9993
9988
9992
9973
9988
9994
9988
9977
9996
9977
9977
9971
9993
9963
9958
9988
9996
9986
9987
9985
9973
9978
9983
9984
9976
9989
9992
9977
9995
9983
9975
9985
9985
9980
9981
9989
9987
9957
9976
9991
9998
9994
9963
9982
9983
9983
9979
9973
9989
9982
9993
9988
9984
9972
9977
9976
9984
9984
9971
9985
9992
9986
9992
9991
9978
9990
9988
9995
9990
9977
9979
9997
9978
9996
9994
9972
9986
9973
9985
9973
9981
9962
9993
9974
9984
9980
9972
9990
9980
9996
9968
9967
10000
9992
9983
9991
9997
9975
9989
9996
9994
