9984
9970
9971
9977
9986
9976
9989
9990
9979
9989
9982
9988
9970
9990
9976
9997
9982
9979
9985
9983
9993
9974
9991
9993
9996
9967
9988
9978
9991
9989
9976
9984
9985
9991
9981
9994
9992
9975
9998
9985
9982
9987
9980
9994
9988
9987
9979
9966
9962
9995
9991
9975
9978
9973
9990
9963
9979
9980
9989
9984
9970
9982
9975
9996
9981
9987
9984
9985
9987
9995
9990
9985
9985
9988
9975
9983
9997
9996
9980
9971
9995
9995
9992
9981
9987
9994
9985
9984
9982
9986
9989
9989
9992
9987
9988
9975
9990
9986
9996
9994
9994
9980
9993
9990
9988
9976
9991
9977
9989
9984
9969
9987
9975
9987
9982
9970
9966
9985
9981
9985
9979
9994
9985
9987
9990
9986
9990
9990
9984
9992
9995
9979
9990
9981
9982
9973
9978
9984
9989
9987
9994
9983
9980
9998
9984
9976
9973
9986
9984
9986
9985
9986
9983
9988
9969
9988
9997
9986
9968
9983
9996
9981
9987
9995
9982
9981
9991
9991
9991
9983
9991
9991
9992
9975
9995
9972
9974
9989
9976
9986
9988
9993
9994
9993
9995
9965
9992
9995
9991
9991
9990
9985
9982
9980
9988
9979
9981
9986
9962
9984
9976
10000
9953
9974
9982
9966
9968
9986
9985
9993
9996
9999
9983
9989
9983
9980
9995
9978
9976
9986
9978
9975
9970
9988
9991
9967
9996
9990
9991
9989
9992
9948
9978
9986
9966
9981
9998
9967
9989
9980
9985
9983
9978
9981
9966
9973
9983
9981
9994
9976
9985
9971
9996
9981
9988
9993
9981
9993
9981
9993
9986
9989
9987
9964
9979
9980
10000
9986
9986
9986
9983
9994
9968
9993
9976
9994
9979
9959
9989
9987
9984
9984
9983
9971
9986
9994
9986
9989
9984
9979
9980
9982
9991
9984
9993
9997
9994
9987
9992
9975
9994
9992
9950
9982
9987
9992
9982
9995
9986
9991
9991
9993
9953
9991
9989
9973
9991
9980
9990
9967
9988
9978
9980
9986
9971
9980
9980
9981
9979
9981
9986
9972
9991
9975
9976
9978
9986
9994
9994
9982
9993
9985
9970
9986
9979
9987
9996
9977
9981
9989
9991
9998
9988
9988
9986
9964
9981
9982
9984
9971
9982
9989
9992
9984
9978
9994
9974
9986
9982
9988
9982
9991
9966
9988
9997
9979
9982
9978
9998
9984
9992
9992
9991
9980
9992
9987
9996
9978
9989
9987
9985
9980
9990
9988
9992
9982
9983
9989
9970
9987
9987
9973
9993
9985
9985
9990
9990
9994
9989
9992
9984
9993
9992
9990
9983
9966
9981
9987
9976
9986
9975
9990
9971
9966
9982
9989
9968
9993
9957
9985
9993
9976
9973
9990
9992
9997
9968
9980
9988
9972
9990
9980
9993
9981
9990
9971
9976
9991
9988
9982
9995
9947
9987
9995
9981
9980
9979
9983
9997
9990
9977
9982
9986
9962
9986
9985
9997
9992
9994
9993
9982
9988
9983
9990
9986
9993
9982
9995
9984
9966
9979
9994
9987
9991
9988
9965
9988
9994
9988
9973
9976
9988
9983
9957
9975
9985
9986
9986
9986
9958
9959
9982
9981
9994
9973
9989
9988
9985
9977
9989
9979
9994
9986
9992
9987
9972
9993
9989
9987
9982
9986
9990
9988
9975
9972
9984
9993
9964
9971
9993
9989
9982
9981
9982
9970
9986
9980
9973
9981
9987
10000
9992
9974
9969
9971
9986
9986
9988
9992
9982
9980
9989
9989
9991
9986
9992
9988
9982
9984
9980
9992
9993
9979
9991
9955
9950
9986
9990
9967
9995
9988
9978
9990
9989
9986
9988
9982
9995
9995
9983
9984
9984
9980
9979
9996
9989
9962
9992
9967
9988
9968
9994
9992
9990
9996
9992
9979
9998
9996
9991
9977
9972
9993
9985
9995
9985
9990
9992
9957
9980
9980
9990
9994
9981
9997
9984
9987
9993
9987
9981
9983
9974
9988
9997
9994
9990
9991
9989
9985
9979
9990
9979
9991
9964
9989
9998
9987
9982
9989
9981
9992
9984
9985
9974
9993
9984
9993
9996
9990
9977
9995
9997
9964
9979
9993
9980
9984
9990
9977
9979
9993
9986
9981
9980
9993
9971
9974
9989
9993
9998
9990
9989
9977
9960
9983
9990
9972
9979
9974
9996
9993
9984
9974
9985
9991
9979
9987
9986
9982
9987
9987
9991
9993
9995
9989
9987
9985
9973
9978
9981
9985
9988
9992
9990
9994
9983
9992
9969
9996
9980
9975
9999
9973
9991
9993
9978
9983
9988
9950
9983
9984
9979
9973
9972
9980
9974
9996
9995
9957
9994
9984
9987
9980
9984
9979
9985
9996
9980
9984
9984
9988
9996
9978
9991
9962
9984
9998
9990
9996
9987
9977
9963
9989
9999
9974
9996
9975
9988
9991
9987
9972
9985
9973
9989
9976
9995
9992
9982
9988
9975
9988
9971
9978
9991
9991
9989
9993
9978
9984
9994
9964
9977
9983
9983
9954
9978
9997
9995
9978
9977
9994
9976
9989
9978
9982
9986
9990
9973
9982
9983
9983
9981
9988
9979
9989
9960
9979
9990
9987
9981
9959
9966
9987
9997
9972
9983
9984
9973
9972
9995
9993
9988
9985
9969
9990
9994
9990
9989
9975
9989
9987
9992
9988
9988
9982
9980
9990
9979
9990
9981
9992
9985
9986
9993
9975
9990
9992
9995
9999
9993
9989
9985
9987
9990
9964
9986
9985
9993
9994
9986
9998
9979
9985
9986
9994
9969
9980
9979
9986
9988
9983
9980
9987
9997
9964
9987
9991
9971
9990
9982
9979
9981
9990
9992
9992
9986
9995
9991
9991
9963
9995
9993
9997
9991
9982
9980
9984
9986
9993
9955
9988
9977
9984
9989
9988
9962
9988
9998
9992
9997
9996
9987
9991
9984
9955
9974
9986
9981
9986
9991
9984
9971
9986
9985
9993
9994
9982
9981
9975
9977
9994
9976
9987
9991
9995
9995
9983
9985
9973
9981
9980
9988
9971
9997
9995
9967
9989
9993
9986
9984
9990
9984
9997
9988
9992
9979
9982
9984
9994
9993
9961
9982
9994
9969
9993
9970
9951
9992
9987
9992
9992
9995
9978
9985
9987
9989
9990
9968
9985
9978
9995
9987
9991
9994
9984
9983
9980
9988
9995
9991
9985
9993
9985
9968
9997
9979
9980
9987
9984
9967
