10000
10000
9963
9990
10000
9973
9966
9993
9991
9989
9976
10000
9987
9986
9985
10000
10000
9980
9984
9997
10000
9985
9988
9994
9980
9993
9995
10000
10000
9986
9993
9997
9981
9986
9973
9970
9986
9981
9995
9989
9991
9971
10000
9984
10000
9983
9983
9979
9989
9998
9991
9983
10000
9976
9981
9987
9997
10000
9989
9992
9993
9989
9979
9994
9984
9982
10000
9995
10000
9994
9962
9976
10000
9993
9990
9986
10000
10000
10000
9999
9989
9980
9980
9989
10000
9990
9999
9976
10000
9966
9982
10000
10000
9995
10000
10000
10000
9981
9971
9975
9999
9991
10000
9974
9993
9993
9980
10000
10000
9994
10000
9984
10000
10000
9983
9999
10000
9973
9973
9974
9993
9982
10000
9976
9980
10000
9989
9965
9997
9988
9976
10000
9999
9992
9982
9992
9985
9992
9934
10000
9977
9991
9975
10000
9979
9968
9990
10000
9998
10000
9971
10000
9971
10000
10000
10000
9990
9981
9980
10000
9992
10000
10000
9983
9985
9993
9989
9987
9983
10000
9991
9970
10000
9992
9991
9975
9991
9985
9993
9992
9981
9982
10000
10000
9989
9972
9991
9998
9992
9991
10000
10000
10000
9982
9982
9993
9982
9998
10000
9981
9983
10000
9996
9982
9987
10000
10000
10000
10000
9998
9983
9979
10000
10000
9994
10000
9999
9979
9978
9991
9994
9994
9995
9990
10000
9985
10000
10000
9975
9971
9999
9968
9977
9999
9990
9992
9984
10000
10000
10000
10000
9980
9987
10000
10000
9988
9992
10000
10000
9993
9986
10000
10000
9973
9997
10000
10000
9976
10000
9982
9977
9987
9988
9985
9999
10000
9989
9979
9985
9994
9988
10000
9983
9978
9971
9965
10000
9994
10000
10000
10000
10000
10000
10000
10000
10000
9999
9997
10000
9990
10000
9950
10000
10000
9994
9992
9998
9968
9996
9975
9976
9991
9970
9990
9997
9984
9975
9987
9989
10000
9988
9978
10000
9991
10000
10000
9998
10000
9976
9992
10000
9977
9972
9990
9995
10000
10000
9984
9989
9994
10000
10000
9999
10000
9970
9977
10000
10000
9980
9983
9977
9994
9994
10000
10000
9991
9982
10000
9983
9998
9994
9989
9980
9995
9995
9996
9971
10000
9973
9999
9967
10000
10000
9967
9993
10000
9979
9996
9990
10000
9983
10000
10000
10000
9993
9983
9992
9987
9981
9986
9999
9990
10000
10000
9983
10000
10000
10000
9971
9976
9990
10000
10000
10000
10000
9993
10000
9978
9990
10000
10000
9978
9990
9994
9979
9990
9985
9989
9986
9979
9979
9975
9989
9981
10000
9992
9988
9994
9997
9990
9977
9977
9990
9983
9979
9983
9991
9992
9978
10000
9984
9985
9999
9967
9987
10000
10000
9978
9992
9990
9985
10000
9989
9961
9987
9991
9981
10000
9975
10000
9985
9988
9992
9987
10000
9995
10000
9995
10000
9983
9974
9990
10000
10000
9987
9969
9993
9977
9996
9984
10000
9999
10000
9997
9976
9976
9989
9979
10000
9979
9982
9960
10000
10000
10000
9970
9967
9958
9991
10000
9975
10000
9987
10000
10000
9990
9989
10000
10000
9985
9987
10000
9976
10000
9993
10000
9991
9978
9988
10000
10000
10000
9987
10000
9977
10000
9958
9997
9985
9990
9988
9996
9989
10000
9986
9995
9985
9965
10000
9995
9975
9991
9986
9980
9985
10000
10000
9986
9983
10000
9993
9993
9990
9995
10000
10000
9990
9996
9982
9975
9989
9988
9981
10000
9973
9971
10000
9991
9992
10000
10000
9990
9994
9985
10000
10000
9978
9994
9988
9976
9995
10000
9986
9981
10000
9971
9984
9999
9979
10000
9974
9989
9998
10000
9987
9988
9982
10000
10000
9990
9980
9970
9969
9988
9953
9982
9999
9981
9983
9971
9969
9993
9999
9987
10000
9991
9989
9992
10000
9969
9978
9998
9978
9985
9978
9976
9988
9973
9979
10000
9996
9952
9991
9991
10000
9998
9984
10000
9995
10000
9986
9994
10000
9984
10000
9998
9977
9995
10000
10000
9997
9992
9978
9990
9961
9975
9990
9987
10000
9988
10000
9978
9975
9984
9988
9994
9981
9987
9989
10000
10000
9997
10000
10000
9980
10000
9984
9987
10000
10000
9985
9970
10000
9994
9990
9978
10000
10000
9990
9988
9989
10000
10000
9990
9982
9994
9985
9990
10000
10000
9983
10000
9967
10000
9985
9990
9999
9997
9987
9971
9986
9967
9976
9985
10000
9993
9976
9978
9983
9989
9960
9988
10000
9970
10000
9989
9998
9993
10000
9985
9991
9987
9988
10000
9986
9997
9996
9999
10000
9993
9980
9972
9997
9982
9980
9989
9994
9990
9983
10000
10000
9999
9986
10000
9980
9984
9975
9991
9986
9970
9985
9988
9979
9986
10000
10000
10000
9991
10000
9995
9993
10000
10000
10000
9985
9988
10000
9977
10000
9990
10000
9990
10000
10000
9984
9997
9978
9969
9995
10000
10000
9999
9990
9987
10000
10000
10000
10000
9976
9999
9994
10000
9990
10000
9986
9985
9991
10000
9983
9980
9986
9983
10000
9993
9969
9986
9971
9993
9989
9996
9989
9996
9971
10000
9992
9994
10000
10000
9993
9968
9990
9989
9958
9970
10000
9974
10000
9977
9994
9998
9980
10000
9990
9996
9977
9985
9981
10000
10000
9977
9986
10000
9991
9987
10000
10000
9990
9983
9992
10000
9973
10000
9995
10000
9993
10000
9981
10000
9997
9973
9987
9972
9986
9997
9982
9982
10000
10000
9983
10000
9988
9979
9987
9990
10000
9989
10000
9992
9976
9986
9999
9975
9977
9977
9964
9980
10000
9978
9984
9990
10000
9976
9977
9984
10000
10000
9994
10000
9966
9985
9999
9980
9999
9985
9979
10000
9992
9976
9990
10000
9977
9964
9991
9964
10000
9993
10000
9982
9989
9987
10000
9985
9972
9983
9992
9994
10000
9992
9975
10000
9998
9970
10000
9971
9989
9978
9979
10000
9997
10000
10000
9997
9989
9995
10000
9973
9949
9980
9979
10000
9982
9981
9988
10000
9964
9976
9996
9985
9981
9985
9999
10000
9992
9995
10000
9989
9990
10000
10000
9989
9972
9985
10000
9980
10000
9984
9986
9988
9985
9990
9986
10000
9989
9990
9998
9989
9985
10000
9994
10000
9987
9989
9979
9914
10000
10000
9988
9994
10000
10000
