9991
9998
9976
9985
9975
9980
9990
9976
9997
9985
9987
9995
9988
9976
9991
9992
9988
9977
9977
9973
9981
9990
9982
9974
9987
9986
9981
9992
9978
9985
9985
9993
9991
9991
9984
9980
9960
9995
9991
9987
9983
9978
9990
9991
9986
9996
9996
9993
9987
9982
9982
9990
9994
9993
9962
9973
9998
9990
9997
9996
9989
9994
9991
9993
9964
9963
9977
9982
9973
9943
9963
9975
9983
9993
9952
9997
9993
9976
9982
9993
9983
9989
9996
9986
9981
9987
9993
9986
9985
9981
9982
9989
9994
9971
9993
9975
9994
9990
9987
9996
9997
9989
9989
9988
9967
9975
9961
9993
9994
9996
9992
9973
9970
9997
9989
9974
9994
9966
9986
10000
9980
9985
9995
9984
9988
9977
9997
9987
9991
9983
9994
9988
9981
9996
10000
9969
9979
9996
9984
9978
9971
9990
9968
9990
9999
9996
9973
9993
9991
9982
9976
9981
9992
10000
9991
9987
9979
9995
9992
9979
9996
9990
9953
9987
9989
9991
9956
9991
9981
9995
9977
9981
9984
9986
9987
9996
9981
9969
9990
9986
9985
9991
9983
9993
9994
9984
9991
9981
9985
9996
9981
9994
9994
9984
9975
9951
9990
9984
9992
9991
9966
9993
9987
9993
9982
9985
9963
9999
9985
9985
9983
9995
9983
9977
9988
9994
9995
9991
9984
9989
9981
9989
9977
9987
9973
9981
9985
9969
9984
9985
9989
9979
9987
9983
9947
9945
9983
9994
9977
9972
9954
9979
9974
9990
9998
9978
9978
9993
9985
9985
9991
9993
9987
9988
9977
9994
9985
9984
9983
9980
9993
9974
9977
9993
9974
9987
9986
9993
9991
9975
9981
9990
9989
9994
9982
9973
9977
9993
9974
9981
9979
9985
9979
9957
9975
9983
9989
9992
9988
9984
9974
9977
9992
9996
9984
9979
9992
9999
9986
9994
9997
9979
9992
9970
9985
9981
9981
9985
9992
9994
9996
9968
9994
10000
9993
9996
9983
9987
9991
9997
9993
9971
9978
9976
9982
9984
9967
9978
9972
9986
9992
9982
9992
9987
9965
9981
9998
9986
9987
9992
9996
9977
9986
9994
9985
9982
9978
9975
9979
9976
9982
9987
9969
9946
9969
9989
9984
9975
9993
9979
9969
9988
9992
9997
9983
9967
9990
9985
9994
9993
9995
9991
9981
9993
9979
9985
9975
9982
9982
9969
9992
9972
9989
9996
9997
9987
9999
9991
9979
9995
9984
9983
9993
9996
9970
9981
9978
9998
9978
9991
9979
9990
9974
9975
9980
9982
9993
9979
9982
9981
9979
9994
9980
9999
9972
9984
9991
9989
9986
9996
9978
9978
9979
9991
9990
9981
9992
9968
9979
9972
9978
9990
10000
9968
9989
9991
9959
9995
9986
9996
9988
9975
9986
9990
9985
9977
9972
9971
9997
9991
9977
9987
9983
9971
9993
9974
9999
9988
9989
9976
9982
9984
9957
9975
9994
9977
9980
9985
9999
9995
9972
9987
9988
9984
9993
9989
9987
9985
9988
9985
9978
9972
9991
9971
9973
9986
9983
9985
9966
9981
9993
9973
9990
10000
9986
9984
9975
9971
9985
9982
9983
9964
9992
9984
9984
9993
9997
9990
9992
9995
9987
9992
9977
9978
9986
9993
9983
9989
9985
9994
9994
9968
9988
9994
9983
9989
9991
9986
9984
9992
9973
9975
9973
9980
9988
9977
9988
9981
9962
9983
9992
9989
9987
9989
9987
9972
9990
9977
9981
9990
9982
9980
9991
9994
9961
9975
9991
9970
9995
9972
9988
9993
9981
9980
9963
9985
9989
9987
9996
9995
9991
9992
9984
9997
9989
9980
9984
9988
9992
9983
9987
9998
9990
9988
9970
9988
9984
9997
9990
9994
9987
9974
9985
9988
9997
9993
9979
9999
9982
9968
9979
9990
9994
9973
9988
9968
9977
9999
9981
9993
9988
9973
9991
9989
9981
9991
9991
9992
9963
9999
9973
9968
9998
9991
9984
9993
9993
9988
9976
9991
9987
9985
9968
9984
9995
9987
9985
9993
10000
9980
9978
9980
9978
9971
9982
9986
9979
9980
9989
9988
9968
9995
9983
9981
10000
9980
9985
9978
9968
9989
9996
9988
9984
9974
9994
9993
9985
9999
9985
9994
9980
9984
9987
9992
9995
9994
9979
9987
9983
9980
9978
9985
9970
9990
9988
9996
9975
9987
9982
9993
9986
9988
9991
9991
9982
9998
9984
9983
9980
9990
9990
9992
9962
10000
9969
9986
9980
10000
9994
9989
9974
9984
9988
9992
9988
9994
9982
9965
9988
9991
9955
9998
9985
9987
9998
9984
9973
9974
9952
9994
9991
9971
9994
9984
9990
9977
9984
9986
9982
9982
9982
9992
9979
9984
9991
9994
9991
9988
9974
9993
9995
9981
9976
9969
9999
9985
9986
9979
9986
9990
9985
9985
9981
9997
9987
9992
9984
9978
9986
9981
9982
9979
9974
9985
9988
9983
9975
9984
9987
9980
9992
9986
9981
10000
9985
9991
9998
9987
9983
9984
9983
9992
9991
9993
9996
9987
9984
9979
9992
9990
9965
9989
9984
9991
9984
9977
9982
9975
9980
9996
9999
9992
9985
9986
9981
9977
9994
9961
9979
9989
9986
9981
9966
9981
9992
9966
9997
9958
9978
9994
9994
9998
9977
9994
9983
9984
9979
9993
9971
9991
9982
9999
9994
9997
9993
9986
9988
9982
9998
9974
9980
9989
9989
9978
9964
9990
9991
9981
9990
9973
9984
9989
9964
9945
9983
9984
9978
9991
9996
9991
9986
9976
9995
9987
9969
9994
9977
9994
9960
9985
9999
9993
9993
9996
9984
9987
9977
9987
9999
9990
9994
9998
9975
9981
9992
9991
9987
9989
9984
9983
9989
9992
9987
9975
9982
9991
9975
9984
9983
9985
9982
9998
9965
9977
9976
9990
9989
9991
9989
9977
9987
9984
9998
9989
9986
9993
9982
9983
9981
9988
9984
9997
9987
9980
9982
9964
9988
9987
9993
9993
9986
9990
9993
9985
9984
9991
9971
9987
9985
9980
9962
9995
9992
9978
9988
9993
9987
9977
9983
9987
9996
9997
9983
9991
9998
9999
9987
9967
9991
9980
9985
9991
9984
9987
9992
9977
9979
9966
9990
9998
9986
9987
9987
9978
9983
9969
9990
9965
9993
9962
9965
9982
9978
9986
9984
9981
9970
9991
9971
9991
