9981
9979
9986
9973
9985
9989
9965
9973
9982
9986
9993
9990
9985
9987
9983
9967
9989
9970
10000
9972
9984
9986
9980
9969
9980
9995
9979
9982
9987
9981
9976
9976
9981
9991
9985
9986
9983
9970
9990
9991
9969
9977
9975
9983
9973
9962
9982
9978
9994
9985
9983
9968
9978
9973
9984
9984
9984
9990
9990
9983
9976
9986
9996
9980
9986
9964
9983
9974
9986
9986
9986
9978
9987
9991
9953
9989
9993
9992
9978
9967
9975
9987
9988
9990
9969
9981
9972
9986
9981
9983
9990
9995
9973
9985
9971
9993
9971
9983
9988
9989
9973
9985
9981
9973
9997
9987
9993
9972
9980
9985
9987
9979
9978
9988
9997
9978
9987
9993
9986
9957
9980
9992
9979
9960
9975
9981
9992
9996
9994
9988
9985
9979
9972
9976
9986
9985
9982
9996
9983
9964
9984
9984
9980
9970
9981
9988
9999
10000
9995
9979
9974
9991
9979
9969
9981
9992
9990
9980
9988
9981
9958
9986
9992
9992
9987
9984
9993
9981
9990
9987
9994
9983
9973
9979
9990
9972
9990
9992
9989
9980
9992
9981
9984
9985
9988
9991
9991
9998
9983
9976
9980
9981
9978
9978
9987
9988
9975
9971
9978
9977
9978
9989
9991
9982
9989
9983
9974
9981
9986
9976
9993
9989
9965
9995
9983
9974
9983
9969
9988
9981
9992
9985
9982
9973
9945
9966
9981
9986
9977
9979
9980
9971
9980
9988
9992
9977
9983
9981
9994
9979
9992
9975
9980
9974
9975
9986
9977
9994
9993
9981
9975
9977
9983
9993
9983
9989
10000
9987
9992
9971
9980
9978
9986
9991
9973
9994
9974
9990
9987
9977
9985
9988
9983
9966
9987
9985
9977
9996
9978
9990
9990
9973
9985
9998
9981
9988
9992
9963
9983
9983
9967
9978
9984
9980
9993
9989
9990
9969
9980
9973
9970
9985
9992
9966
9988
9983
9982
9994
9974
9967
9975
9988
9984
9969
9983
9989
9969
9985
9981
9991
9981
9968
9985
9978
9980
9993
9994
9983
9994
9982
9965
9977
9979
9976
9992
9975
9981
9985
9981
9953
9974
9990
9993
9983
9963
9930
9989
9993
9992
9985
9989
9992
9980
9975
9991
9978
9974
9981
9986
9980
9988
9992
9969
9996
9979
9989
9992
9990
9988
9998
9987
9979
9992
9983
9978
9981
9981
9985
9990
9992
9978
9988
9968
9979
9983
9991
9994
9991
9982
9990
9977
9987
9986
9992
9986
9958
9987
9981
9991
9986
9990
9975
9973
9977
9990
9994
9954
9994
9995
9982
9990
9990
9983
9984
9994
9994
9990
9982
9994
9986
9982
9986
9991
9987
9968
9963
9963
9979
9984
9985
9988
9990
9990
9991
9964
9978
9981
9986
9999
9988
9982
9981
9995
9981
9972
9991
9981
9975
9980
9967
9984
9981
9983
9999
9993
9969
9983
9995
9992
9978
9995
9976
9970
9936
9975
9983
9982
9977
9997
9981
9993
9967
9991
9984
9970
9986
9987
9989
9974
9987
9985
9972
9992
9951
9985
9993
9987
9973
9986
9992
9969
9988
9973
9973
9983
9982
9985
9974
9971
9981
9968
9975
9954
9982
9985
9972
9975
9980
9974
9978
9960
9992
9993
9991
9979
9979
9988
9981
9978
9985
9975
9992
9965
9983
9986
9984
9988
9988
9981
9993
9984
9948
9981
9970
9972
9991
9974
9979
9985
9980
9992
9983
9988
9984
9979
9994
9954
9980
9980
9978
9978
9974
9990
9989
9997
9976
9997
9988
9969
9979
9987
9969
9984
9985
9991
9956
9974
9970
9991
9960
9980
9970
9984
9995
9964
9991
9985
9993
9977
9986
9982
9982
9984
9988
9974
9972
9968
9991
9966
9976
9976
9983
9961
9984
9990
9998
9988
9986
9984
10000
9992
9989
9985
9979
10000
9992
9968
9985
9986
9975
9986
9991
9980
9970
9989
9972
9988
9985
9977
9985
9993
9974
9989
9990
9974
9973
9981
9981
9969
10000
9985
9978
9987
9987
9992
9991
9980
9984
9981
9966
9978
9991
9979
9990
9984
9993
9984
9978
9998
9981
9983
9990
9977
9981
9973
9987
9981
9987
9989
9977
9982
9976
9988
9999
9974
9992
9936
9985
9977
9988
9984
9989
9968
9965
9979
9973
9982
9981
9974
9991
9988
9988
9997
9976
9985
9960
9977
9986
9987
9966
9987
9972
9998
9982
9989
9987
9981
9949
9976
9979
9986
9999
9971
9955
9978
9984
9976
9995
9988
9982
9981
9978
9993
9998
9989
9991
9989
9969
9994
9969
9983
9992
9975
9981
9980
9995
9992
9983
9986
9990
9995
9959
9987
9950
9960
9991
9968
9966
9966
9981
9978
9983
9982
9986
9973
9983
9981
9988
9989
9985
9971
9967
9988
9982
9978
9965
9985
9979
10000
9956
9986
9988
9975
9988
9974
9987
9992
9973
9975
9973
9985
9979
9991
9992
9963
9976
9974
9990
9986
9983
9991
9986
9978
9984
9988
9981
9980
9984
9968
9984
9975
9977
9984
9982
9974
9971
9989
9986
9977
9990
9989
9958
9978
9991
9979
9992
9968
9989
9981
9993
9987
9983
9992
9998
9984
9993
9974
9994
9987
9981
9971
9976
9977
9969
9996
9996
9980
9986
9955
9986
9980
9982
9987
9987
9970
9996
9985
9969
9988
9965
9978
9965
9990
9980
9986
9987
9972
9990
9996
9987
9976
9983
9989
9981
9979
9994
9988
9974
9962
9963
9981
9979
9978
9982
9977
9974
9980
9996
9988
9987
9979
9978
9979
9991
9981
9977
9989
9995
9993
9967
9975
9986
9988
9980
9982
9977
9988
9982
9989
9984
9997
9972
9991
9990
9977
9977
9970
9981
9976
9954
9996
9995
9979
9985
9990
9971
9980
9989
9985
9990
9981
9985
9996
9991
9972
9976
9982
9978
9983
9988
9993
9990
9973
9973
9980
9976
9984
9971
9995
9966
9991
9983
9979
9990
9977
9979
9998
9974
9993
9981
9980
9997
9992
9986
9969
9989
9957
9983
9987
9983
9962
9969
9986
9975
9961
9973
9991
9982
9979
9983
9977
9983
9985
9985
9979
9966
9982
9986
9977
9990
9976
9991
9994
9977
9981
9982
9985
9971
9991
9979
9986
9986
9997
9988
9979
9982
9962
9976
9982
9978
9980
9966
9986
9984
9967
9981
9974
9960
9992
9998
