9794
9987
9998
9972
9976
9980
9625
9794
9993
9975
9948
9817
9978
9872
9971
9958
9723
9982
9848
9996
9912
9905
9964
9930
9850
9887
9908
9884
9958
9984
9952
9933
9982
10000
9989
9954
9835
9988
10000
9581
9953
9685
9549
9877
9924
9741
9754
9669
9958
9992
9969
9968
9860
9439
9949
9796
10000
9960
9987
10000
9973
9653
9461
9673
9981
9954
9913
9914
9611
9985
9608
9950
10000
9969
9618
9964
9971
9928
9577
9945
10000
9988
9988
9973
9531
9991
9947
9967
9773
9954
9972
10000
10000
9982
9973
9987
9888
9876
9902
9991
9702
9207
9994
9988
9868
9882
9327
9933
9762
9986
9988
9978
9992
9861
9990
9880
9886
9985
9973
9873
9895
9991
9965
9955
9979
9948
9849
9929
10000
9937
9132
9823
9536
9890
9932
9854
9537
9883
9955
9979
9958
9944
9789
9982
9974
9909
9963
10000
9775
9896
9591
9847
9876
9762
9958
9774
9908
9733
9886
9814
9881
9653
9934
9875
9586
9905
9123
9795
9962
9975
9654
9919
9969
9793
9958
9906
9984
10000
9961
9889
9988
9957
9765
10000
9640
9712
9974
9987
9976
9936
9709
10000
9748
9787
9851
9976
9974
9984
9940
9962
9969
9952
9690
10000
9963
10000
9986
10000
9964
10000
9967
9276
9912
9924
9979
9860
9910
9984
9649
9927
9372
9829
9971
9955
9881
9719
9497
9951
9787
9981
9984
9999
9680
9471
9979
9682
9705
9971
9951
9990
9969
9906
9773
9872
9877
9916
9985
10000
9818
9937
9925
10000
9978
9658
9974
9615
9972
9958
9928
9653
9872
9974
10000
9978
9965
9991
9989
9956
9921
9941
9933
9997
9671
9985
9948
9960
9909
9953
9601
9981
9974
9818
9975
10000
9968
9988
9992
9988
9970
9852
9979
9957
9982
9903
9927
9533
9988
9763
9992
9963
9658
9956
9858
9414
9990
9990
9708
9988
9830
9978
10000
9984
9982
9946
9548
9913
9980
10000
9938
9973
9466
9932
10000
9890
9789
9616
9837
9999
9809
9715
9959
9243
9931
9854
9972
9615
9935
9907
9968
9750
9566
9833
9953
9936
9904
9939
9950
9993
9865
9992
9986
9927
9963
9747
9953
9978
9837
9983
10000
9636
9950
9625
9812
10000
9979
9988
9983
9978
9952
9704
9987
9993
9770
9943
9882
9967
9985
9993
9739
9664
9977
9959
9994
9824
9986
9889
9987
9830
9973
9644
9907
9981
9989
9981
9869
9927
9957
9607
9365
9774
9943
9988
9994
9922
9970
9973
9774
9906
9935
9918
9537
9995
9925
9765
9802
9649
9956
9988
9814
9800
9738
9966
9976
9937
9984
9960
9958
9986
9937
9436
10000
9985
9802
9941
9978
9989
9978
9958
9933
9924
9903
9990
9975
9987
9942
9948
9851
9974
9969
9840
9796
9935
9963
9558
9973
10000
9889
9921
9916
9603
9757
10000
9984
9951
9989
9754
9446
9978
9452
9910
9930
10000
9987
10000
9971
9982
9600
10000
9979
9943
9975
10000
9971
9790
9939
9724
9716
9953
9947
9862
9912
9708
9932
9723
9966
9964
9712
9451
9579
9693
9846
9671
9492
9997
9358
9876
9986
9939
9953
9963
9964
9583
9985
9985
9777
9898
9958
9955
9754
9969
9993
9961
9049
9989
9691
9941
9644
10000
9915
8944
9930
9937
9972
9976
9969
9850
9912
9878
9857
9953
9975
10000
9981
9939
9991
9749
10000
9869
9885
9899
9978
9900
10000
9902
9930
9532
9993
9950
9954
9989
9910
9984
10000
9642
9991
9976
9911
9952
9842
9979
9951
9961
9860
9993
9872
9701
9969
10000
9625
9425
9948
9990
9978
9856
9877
9521
9833
9895
9946
9499
9969
9960
9968
9977
9982
9397
9926
9797
9983
10000
9589
9979
9778
9980
9979
9808
9901
9954
10000
10000
9978
9987
9673
9959
9695
9968
9787
9986
10000
9961
9981
9937
9845
9909
9984
9975
9991
9987
9913
9982
9973
9791
9599
9975
9966
9904
9982
9718
9990
9977
9931
9928
9961
9910
9986
9942
9474
9986
9985
9989
10000
9634
9960
9424
9975
9920
9956
9955
9983
9951
9749
9982
9833
9894
10000
9984
9788
9810
9967
9956
9665
9864
9964
9692
10000
9977
9944
9948
9690
9918
9995
9964
9582
9421
9922
9904
9835
9863
9975
9661
9796
9817
9932
9927
9819
9964
9990
9645
9897
9926
9480
9984
10000
9919
9280
9909
9954
9835
9945
9939
9785
9932
10000
9926
9792
9972
9918
9982
9768
9481
9865
9909
9940
9958
9845
9986
10000
9964
9983
9891
9976
9689
9978
9989
9914
9527
9983
9940
9978
9984
9515
9843
9775
9987
9934
9992
10000
9974
9960
9939
9918
9536
9975
9978
9883
9994
9940
9300
9795
9876
9966
9844
9364
9747
10000
9809
9906
9981
9997
9450
9952
9990
9732
9878
9903
9941
9898
9971
9828
9904
9973
9972
9772
9905
9822
9916
9921
9974
9911
9631
9975
9968
9985
9930
9898
9923
9749
9725
9974
9897
9988
9795
9936
9986
9977
9867
9843
9978
9979
9940
9735
9990
9763
9688
9814
9483
9948
9978
9889
9622
9581
9956
9978
9564
9564
9990
9909
9973
9980
9981
10000
9582
10000
9955
9619
9911
9889
9969
9987
9948
9956
9799
9911
9891
9797
9958
9969
9962
9962
9907
9976
9913
9899
9583
9907
10000
9990
9754
9986
10000
9937
9812
9979
9434
9917
9973
9984
9773
9995
9984
9607
9672
9940
9996
9880
9616
9888
9961
9979
8940
9976
9925
9980
9934
9963
9436
9859
9960
9976
9962
9989
9340
9984
9953
9976
9959
9303
9950
9848
9993
9748
9294
9963
9715
9753
9976
9663
9833
10000
9865
9880
9587
9888
9971
9863
9912
9986
9913
10000
9710
9806
9829
9908
9996
10000
9753
9946
9974
9974
9805
9725
10000
9810
9974
9825
9921
9955
9989
9986
9726
9736
9901
9639
9849
10000
9399
9869
9795
9952
9680
10000
9997
9918
9940
9852
9943
9942
9974
9108
9801
9758
9896
9699
9954
9811
9965
9883
10000
10000
9982
9938
9844
9893
9890
9900
9960
10000
9892
9935
9920
10000
9984
10000
9949
9989
9952
9932
9983
9983
10000
9415
9939
10000
9977
9940
9956
9863
9973
10000
9855
