9990
9981
9994
9982
9993
9997
9974
9992
9962
10000
9988
9984
10000
9995
9987
9992
10000
9997
10000
9990
9971
10000
9996
10000
9953
9985
9999
9993
9997
9988
9986
9995
9977
9982
9997
9998
10000
9999
10000
10000
9986
9992
9979
9996
9996
9996
9998
9986
9992
9994
9996
9984
9972
9988
9994
9992
9989
9988
9999
9986
10000
9990
10000
10000
9965
9991
9992
10000
9998
9999
9994
9992
10000
9996
10000
9994
9989
9999
10000
9992
9996
9983
9988
9994
9992
9992
9990
10000
9998
9998
9983
9993
9990
9987
9984
9995
10000
9984
9995
9993
10000
9998
9997
9989
9995
9999
9998
9997
9991
9997
10000
10000
9994
9997
9983
9998
9983
9996
10000
9997
9998
9992
9989
10000
9981
9984
9990
9979
9989
9997
9993
9998
9991
9999
9991
9972
9981
9993
9995
9974
9985
9991
9996
9981
9982
9994
9964
9984
9992
9997
10000
9988
9966
10000
9976
9986
9974
10000
10000
9994
9978
9989
9989
10000
10000
9993
9984
10000
9996
9992
9997
9988
9991
9997
9994
9978
9986
9988
9994
9991
10000
9980
9974
9999
9969
9989
10000
10000
9971
9980
9992
9990
10000
9990
9994
9991
9973
10000
9997
9993
9999
9998
9994
10000
9995
9982
9995
10000
9985
9985
9992
9977
9984
10000
9989
9972
9989
9994
10000
9960
9999
9995
10000
10000
9883
10000
9999
9996
9988
9994
9988
9999
9999
9998
9998
9997
9976
9997
9997
9997
9999
9982
9985
9984
9992
9985
9982
9994
9999
9975
9996
9969
9997
9993
10000
9998
9979
9976
9992
9987
9997
9998
9995
10000
9988
9993
9975
9991
9996
9985
10000
10000
9988
9987
9999
9994
9995
9979
9999
9999
9988
9993
9987
9992
9996
10000
9974
9985
9964
9998
9998
9999
9985
9995
10000
9968
9991
9986
9999
9991
9988
9998
9985
9974
9991
9991
10000
9995
9984
9997
9978
10000
10000
9991
9993
9989
9998
9989
10000
9986
9998
9998
9999
9970
10000
9999
9997
9995
9997
9987
9980
10000
9991
10000
10000
9997
9982
9994
9993
9998
9991
9957
9989
9990
9994
9987
9985
9991
9998
9999
10000
9997
10000
9996
9973
9999
9978
9996
9999
9981
9981
9999
9992
10000
9983
9994
10000
9990
9999
9997
9981
9995
9992
9994
9996
9990
9977
9991
9988
9993
9986
9999
10000
9981
9993
9977
9999
9968
9999
9999
10000
9987
9994
9985
9978
9986
9961
9993
9984
9992
10000
9974
10000
10000
9989
9992
9978
9998
9998
10000
9997
10000
9984
9999
9998
9965
10000
9996
10000
9973
9997
9998
9993
9999
9999
9989
9996
9989
10000
9993
10000
9995
9985
9992
9993
9997
9990
9997
9994
9995
9989
9992
9998
10000
9991
9993
9998
9982
9998
9992
9989
9967
9973
9986
9982
10000
9986
9989
9997
9999
9992
9993
9996
9986
9986
9995
9989
9998
9999
9990
10000
9989
9999
10000
10000
9999
9992
9984
10000
9998
10000
9991
10000
9997
9997
9989
9995
9974
9987
9997
9997
9996
10000
9992
10000
10000
10000
9979
9994
9988
9990
9980
9994
9998
9983
9995
9999
9971
9995
9985
9992
9985
9992
9998
9989
9991
10000
10000
9988
9997
9989
9998
9993
9980
9964
10000
9986
10000
9992
9979
9998
9997
10000
9990
9989
9813
9968
10000
10000
10000
9994
9997
9992
10000
9987
9989
9995
9999
9996
10000
9981
9976
9997
9984
9976
9988
9989
9999
9966
9989
9989
9995
10000
10000
9992
9978
9994
9999
9989
9985
9997
9995
9986
9985
9996
9998
9970
9993
10000
10000
10000
9986
9997
10000
9980
9997
9999
9987
9994
9999
10000
9981
9993
9998
9980
10000
9987
9989
9995
9976
9994
9994
9975
9998
9991
10000
9975
9998
9992
9993
9998
9989
10000
9999
9990
9992
9994
9931
9995
9999
10000
9986
10000
9985
9981
9975
9996
9969
9990
9998
9999
9982
9988
9985
9983
10000
9994
9991
10000
10000
9991
9996
9989
9998
9993
9999
9994
9987
10000
10000
9990
9991
9995
9987
9972
9975
9997
9997
9990
9995
9984
9994
10000
9999
9980
9966
9999
9991
9976
10000
9995
9999
9990
9997
9986
9988
9991
9999
9983
9994
10000
10000
9986
9997
10000
9954
9994
9985
9994
9991
9976
10000
9977
9993
9992
10000
9975
10000
9999
9995
9994
9997
9997
9993
10000
9997
9992
9998
10000
9999
9996
9998
9988
9986
10000
9997
9990
9975
9998
9981
10000
10000
9994
10000
9998
9991
9993
9996
9979
10000
9999
9993
9996
9998
9992
9986
9998
9997
9985
9992
9989
9983
9988
9973
9994
9991
9980
9990
9992
10000
9991
9989
9996
9981
9987
10000
9987
9996
9992
9997
10000
10000
9989
9982
9998
9991
9985
9994
9995
10000
9992
10000
9997
10000
9993
9982
9995
9985
9990
9992
9998
9987
9999
9999
10000
10000
9988
9976
9993
9995
9982
9984
9994
9993
9988
9997
9991
9994
9990
9996
9998
9995
9985
9999
9991
9998
9988
9980
10000
9980
9993
9998
9981
9993
9979
9995
9979
9984
9992
9995
10000
9992
10000
9980
9977
9987
9989
9980
9999
9990
10000
9998
9995
9997
9981
9986
9999
9981
10000
9993
9994
10000
10000
10000
9981
9986
9995
10000
9986
9991
9979
9999
9999
9976
9990
9987
9997
9993
9998
9989
9988
9989
9996
9995
9994
10000
9988
9981
9996
9989
9993
9974
9981
9992
10000
9999
9993
9978
9989
9978
9994
10000
9990
9997
9991
9994
9992
9996
9999
10000
9996
9997
9999
9986
9977
9990
9999
9995
9994
9996
10000
9994
9997
9989
9979
9972
9987
10000
9998
9988
10000
9986
9996
9985
9983
9986
9989
9975
9998
9989
9980
9989
9989
10000
9998
9987
9999
9991
10000
9998
9999
9993
9972
9983
9996
9999
9995
9972
9992
9995
10000
10000
9965
9991
9993
9985
9992
9991
9992
9988
9985
10000
9980
10000
9991
10000
9994
9984
10000
9996
9994
9979
9997
9996
9992
10000
9980
10000
9992
9998
9974
9999
9992
9993
10000
10000
9994
9995
10000
9985
10000
9998
9992
9974
9998
9989
10000
9990
9983
10000
10000
9996
10000
9992
10000
9996
9994
10000
10000
10000
