9992
9994
9984
9985
9973
9984
9988
9982
9965
9977
9980
9992
9993
9983
9987
9980
9994
9979
9976
9989
9991
9980
9996
9980
9990
9984
9963
9991
9987
9983
9983
9997
9980
9981
9968
9982
9983
9987
9977
9987
9972
9984
9987
9990
9990
9987
9994
9990
9991
9992
9985
9985
9994
9983
9974
9989
9981
9972
9989
9988
9986
9985
9982
9977
9988
9981
9995
9991
9996
9994
9989
9989
9987
9974
9954
9978
9986
9986
9988
9984
9995
9989
9981
9968
9971
9983
9984
9977
9991
9988
9980
9987
9983
9969
9993
9993
9970
9974
9996
9982
9999
9998
9982
9964
9992
9964
9993
9981
9973
9991
9996
9987
9989
9952
9994
9989
9985
9982
9978
9958
9988
9980
9976
9996
9990
9973
9945
9982
9988
9989
9986
9971
9964
9985
9977
9983
9994
9995
9984
9981
9992
9990
9969
9993
9990
9980
9992
9976
9965
9989
9992
9991
9966
9991
9999
9981
9981
9986
9985
9959
9991
9984
9992
9979
9987
9980
9965
9986
9986
9980
9991
9985
9961
9994
9969
9996
9984
9989
9960
9965
9983
9993
9989
9997
9970
9984
9983
9988
9983
9979
9986
9975
9995
9981
9967
9984
9974
9978
9995
9990
9989
9989
9971
9976
9981
9979
9993
9986
9979
9971
9983
9989
9985
9993
9992
9987
9977
9984
9988
9986
9985
9978
9976
9963
9991
9987
9989
9982
9970
9985
10000
9993
9976
9989
9989
9980
9983
9992
9993
9977
9995
9971
9983
9981
9990
9994
9984
9993
9974
9990
9992
9995
9987
9978
9980
9991
9983
9983
9955
9978
9992
9978
9994
9994
9992
9980
9988
9990
9994
9990
9978
9983
9983
9954
9976
9984
9990
9982
9989
9991
9985
9983
9976
9985
9979
9992
9970
9989
9971
9988
9981
9980
9984
9996
9988
9991
9980
9991
9986
9987
9980
9984
9988
9994
9978
9953
9987
9964
9976
9991
9987
9994
9978
9985
9992
9979
9979
9990
9998
9996
9994
9981
9983
9991
9983
9981
9989
9987
9989
9987
9993
9978
9978
9985
9994
9999
9992
9971
9995
9979
9964
9996
9979
9992
9968
9997
9988
9988
9985
9965
9998
9982
9984
9985
9982
9996
9993
9976
9978
9988
9984
9983
9990
9985
9979
9984
9980
9989
9995
9986
9972
9995
9976
9984
9991
9983
9982
9987
9965
9982
9979
9989
9969
9980
9969
9980
9978
9993
9959
9985
9982
9969
9992
9992
9987
9979
9979
9976
9989
9975
9969
9991
9985
9994
9971
9967
10000
9977
9984
9969
9987
9986
9980
9979
9987
9995
9985
9974
9986
9991
9984
9977
9966
9984
9983
9981
9981
9982
9990
9998
9989
9981
9984
9988
9984
9964
9991
9972
9993
9985
9991
9964
9988
9987
9984
9989
9997
9977
9994
9972
9979
9992
9975
9996
9979
9978
9992
9994
9980
9984
9992
9992
9986
9967
9993
9993
9984
9981
9983
9991
9973
9989
9986
9980
9995
9985
9990
9985
9990
9973
9978
9986
9981
9992
9989
9995
9988
9985
9966
9971
9973
9992
9981
9998
9985
9994
9982
9966
9988
9996
9988
9988
9989
9996
9991
9993
9956
9988
9983
9991
9953
9989
9972
9995
10000
9992
9957
9989
9981
9980
9996
9981
9981
9979
9979
9991
9981
9983
9970
9973
9979
9981
9998
9979
9991
9980
9977
9980
9978
9989
9972
9964
9991
9995
9981
9989
9979
9979
9986
9988
9956
9978
9990
9984
9989
9985
9978
9991
9991
9978
9975
9987
9994
9991
9956
9995
9994
9994
9974
9997
9992
9987
9987
9979
9995
9996
9992
9987
9991
9986
9988
9987
9988
9984
9984
9995
9987
9983
9984
9978
9990
9981
9989
9967
9967
9996
9984
9980
9986
9980
9984
9996
9994
9994
9978
9987
9973
9990
9962
9980
9986
9984
9992
9968
9985
9987
9977
9990
9992
9986
9979
9998
9987
9971
9992
9977
9977
9992
9998
9977
9981
9973
9980
9988
9971
9987
9991
9992
9981
9991
9963
9981
9992
9988
9989
9982
9975
9991
9976
9951
9987
9995
9985
9987
9987
9990
9991
9992
9956
9998
9990
9991
9971
9978
9965
9981
9992
9985
9968
9996
9989
9993
9973
9993
9992
9983
9995
9985
9989
9986
9974
9995
9969
9981
9966
9991
9983
9984
10000
9970
9996
9991
9989
9980
9991
9998
9976
9968
9993
9968
9977
9981
9989
9991
9955
9979
9982
9972
9989
9984
9976
9959
9998
9996
9971
9984
9993
9990
9994
9992
9980
9984
9991
10000
9986
9989
9989
9984
9992
9964
9987
9980
9998
9991
9990
9983
9974
9978
9975
9974
9984
9983
9984
9971
9994
9989
9984
9979
9976
9987
9988
9979
9968
9995
9991
9990
9996
9978
9984
9961
9979
9990
9977
9988
9986
9990
9989
9983
9985
9993
9994
9983
9986
9962
9990
9988
9984
9974
9993
9980
9994
9995
9991
9976
9983
9980
9968
9998
9972
9999
9997
9993
9979
9993
9988
9985
9995
9996
9978
9999
9986
9973
9990
9982
9980
9979
9997
9990
9973
9988
9995
9979
9975
9990
9989
9986
9996
9994
9981
9981
9988
9987
9992
9970
9973
9979
9972
9993
9988
9974
9986
9990
9993
9992
9966
9995
9992
9995
9988
9987
9990
9977
9979
9990
9997
9989
9979
9986
9963
9982
9989
9993
9975
9982
9991
9989
9968
9984
9974
9964
9986
9990
9989
9977
9996
9989
9981
9982
9972
9978
9992
9985
9964
9992
9983
9974
9977
9979
9967
9974
9985
9982
9992
9978
9994
9979
9981
9973
9995
9976
9960
9986
9977
9988
9997
9988
9984
9985
9990
9978
9987
9994
9969
9980
9995
9984
9978
9991
9997
9987
9979
9969
9982
9966
9986
9985
9980
9963
9984
9992
9993
9993
9976
9998
9976
9961
9993
9999
9988
9987
9983
9991
9992
9990
9992
9981
9995
9981
9983
9988
9977
9990
9965
9973
9986
9986
9970
9991
9981
9977
9983
9988
9989
9987
9991
9982
9966
9989
9979
9985
9995
9985
9970
9963
9982
9982
9988
9997
9956
9971
9983
9986
9996
9980
9989
9963
9969
9989
9994
9981
9972
9994
9992
9983
9980
9987
9986
9993
9981
9982
9996
9989
9975
9994
9994
9982
9963
9998
9976
9986
