10000
9812
10000
9842
9947
9899
9982
9845
9547
10000
8961
10000
8843
9820
10000
9392
9649
10000
10000
8729
10000
8785
9944
9770
10000
9897
9990
8879
10000
9883
9895
9437
9970
9881
9903
9458
10000
10000
9954
9492
9137
10000
9612
10000
9194
9426
9661
10000
9304
9485
10000
9028
10000
9887
9875
10000
9976
8855
10000
10000
9948
10000
9412
9876
9960
9394
9072
9847
9997
10000
10000
9592
9967
9393
10000
9705
10000
9873
9996
10000
9659
10000
9943
8967
9980
9180
9332
10000
9588
9964
9907
9166
9214
8838
9294
10000
10000
9758
9915
9799
9798
9349
9556
9758
9986
10000
10000
9898
10000
9277
10000
9928
10000
10000
9804
9517
9926
10000
9844
9603
10000
9468
10000
10000
8666
9863
10000
9854
8513
9934
8820
9672
9861
9614
9699
10000
9430
9813
10000
9983
9632
9894
9261
9776
9822
8881
9315
10000
9390
10000
10000
10000
10000
10000
9685
8842
10000
9613
8943
9769
10000
8775
10000
8872
9999
9978
9975
9883
10000
9533
9967
9813
10000
10000
9961
9917
9690
9571
9694
9887
10000
9960
9307
9830
10000
9568
10000
9752
9827
10000
10000
9315
10000
9721
10000
10000
9509
9853
9868
9437
10000
9724
9233
8865
9983
10000
10000
9988
10000
9123
8982
9983
10000
8782
9927
9986
10000
8957
9995
9988
9820
10000
9891
10000
9756
9718
9833
10000
9110
10000
9456
9890
9644
9557
9774
9810
10000
9321
10000
9522
9819
8989
9856
10000
10000
10000
9943
9945
10000
9870
10000
10000
10000
10000
9469
10000
9985
9671
9096
9793
10000
10000
9730
10000
9902
10000
9951
9506
10000
9880
10000
9640
9873
9842
9192
10000
9795
10000
10000
8284
9841
9953
9723
8493
10000
9346
9667
10000
9887
10000
9523
9979
10000
10000
10000
10000
9869
9184
9867
10000
10000
8739
9200
10000
9207
8923
10000
9446
9020
9147
10000
9602
9891
9961
9942
10000
10000
9233
10000
9690
9944
9786
10000
9756
9696
9151
9940
9592
9545
9654
9556
9971
10000
9950
9429
9942
9459
10000
9789
10000
9061
10000
9644
10000
9369
9756
10000
9955
9697
10000
10000
9968
10000
10000
9972
9808
8754
9952
9621
9160
8583
9050
9988
9888
10000
9969
9909
10000
9646
10000
9947
9431
9988
9934
9387
9772
9191
9923
9743
9972
9941
9583
9625
9954
9498
9934
9989
9977
10000
9047
10000
9266
10000
9907
10000
10000
9705
9370
9842
9818
9112
10000
10000
8962
9585
10000
9540
9798
10000
10000
10000
9175
10000
10000
10000
10000
9873
9589
9515
9562
10000
9212
10000
10000
9646
9896
9893
10000
10000
9950
9671
9832
9984
10000
9521
9745
9783
9794
10000
9866
9683
10000
9860
8951
10000
10000
9032
9927
9424
10000
9683
10000
10000
9714
10000
9954
9949
9878
9631
9931
10000
10000
9971
9209
9319
9635
9851
9970
9823
9754
9866
10000
10000
10000
10000
10000
8798
9928
9975
8902
9896
9918
10000
10000
9495
9969
9891
10000
9979
10000
9778
9938
10000
10000
10000
9542
9875
9998
10000
10000
9974
9983
8996
10000
9706
10000
9950
9806
9849
9436
10000
10000
9946
9761
10000
9945
10000
9274
10000
9874
9951
9774
10000
9766
9761
10000
10000
9863
9405
9984
9985
9962
10000
9824
9787
9599
10000
10000
10000
9915
10000
9565
9605
9180
9349
10000
9465
9614
9998
10000
10000
9953
9862
9513
9863
9883
9516
9119
9927
10000
10000
8990
10000
10000
9348
10000
10000
9660
9923
9432
10000
9748
9960
9538
9358
9712
9513
10000
9357
9284
9887
8919
9972
9765
10000
8839
9974
10000
10000
10000
9733
10000
8992
9429
9461
9342
9536
10000
9682
9949
10000
10000
9845
10000
9762
10000
9395
9934
9974
9195
10000
10000
9514
10000
9964
9946
10000
10000
9887
9863
9744
10000
9817
9507
10000
10000
9994
10000
9984
9918
10000
9898
9912
10000
9869
9076
9858
8968
9586
10000
9767
10000
10000
9630
10000
9991
9825
9427
10000
10000
10000
10000
9855
9779
9876
9351
10000
9546
8847
9666
8598
9556
10000
8951
10000
10000
9993
10000
9424
9605
9677
9289
10000
10000
9594
9105
10000
9724
8793
10000
9829
9860
10000
9798
8874
10000
9235
9674
9666
9829
9975
9623
10000
10000
9954
9636
10000
9551
9814
9954
9926
10000
10000
9911
10000
9986
9992
10000
9039
10000
9195
9729
9866
9755
10000
9422
9538
9855
8835
9401
10000
10000
10000
9724
9296
9864
9542
9922
9622
9161
10000
10000
9551
10000
9901
9871
9999
9946
9983
10000
9042
9983
9952
9621
8980
10000
10000
9800
9084
9819
9985
9370
10000
10000
9960
9991
10000
9574
9759
9773
9893
10000
9931
9600
9949
9636
9402
10000
9890
9366
9934
9984
8890
10000
9506
10000
9982
9495
10000
9927
10000
9962
9614
9954
9497
9318
10000
9629
9206
9993
9348
9939
10000
10000
9631
9982
8900
9374
10000
8873
10000
9888
10000
9906
10000
10000
10000
10000
9928
9493
9200
9696
9771
9945
8867
9911
10000
9928
9963
9960
10000
10000
10000
9889
10000
9994
10000
10000
9603
8343
9840
9833
10000
9743
9702
9997
10000
10000
9848
9852
9926
9672
9591
9956
9787
8593
9437
10000
10000
9705
9926
9986
10000
9334
9708
10000
9977
9683
9948
9781
10000
9186
9028
9660
9520
9092
9762
9558
9992
10000
10000
9542
9747
10000
10000
8751
9847
10000
10000
9769
10000
9619
10000
10000
9778
9991
9405
9837
9708
9990
9860
9404
9986
9821
9330
9897
9550
9954
10000
10000
9496
9590
9530
9757
9965
9810
9937
9820
9659
9386
9949
10000
9724
9967
9755
10000
9808
9610
10000
9072
8917
9869
10000
9986
9988
10000
10000
9897
10000
9212
10000
9949
9817
9329
10000
9400
9861
9966
9760
9856
9904
9660
10000
9890
10000
10000
9988
10000
9189
9988
9696
9836
10000
10000
10000
9557
9766
10000
9551
9944
9996
10000
10000
9394
9702
10000
9894
9138
9776
9641
9551
9977
10000
10000
10000
9831
10000
9286
9965
9648
9348
9770
9738
9439
9771
9781
9964
10000
9962
9568
9981
9647
8981
10000
9296
9340
9394
9988
9250
9542
