9971
9973
9976
9996
9985
9978
9983
9986
9985
9988
9982
9978
9963
9994
9987
9991
9989
9986
9975
9992
9983
9991
9980
9990
9982
9996
9994
9988
10000
9988
9989
9985
9990
9989
9980
9984
9991
9982
9983
9997
9981
9987
9989
9983
9989
9987
9988
9982
9980
9982
9976
9958
10000
9986
9999
9989
9994
9971
9981
9985
9962
9993
9984
9983
9999
9978
9983
9961
9999
9984
9990
9994
9985
9996
9995
9985
9983
9990
9985
9982
9994
9983
9998
9989
9994
9989
9983
9986
9994
9996
9993
9990
9987
9976
9994
9987
9985
9969
9987
9995
9945
9994
9965
9992
9990
9977
10000
9978
9970
9992
9961
9989
9987
9982
9991
9971
9989
9974
9993
9959
9999
9990
9988
9986
9988
9984
9988
9994
9956
9984
9980
9993
9979
9989
9983
9986
9983
9981
9984
9977
9981
9982
9983
9974
9974
9989
9986
9988
9975
9968
9994
9991
9960
9992
9988
9983
9988
9963
9978
9985
9994
9986
9996
9981
9985
9993
9985
9988
9987
9992
9989
9978
9973
9993
9986
9985
9996
9989
9981
9984
9994
9982
9991
9988
9989
9989
9990
9963
9999
9979
9979
9984
9979
9984
9990
9974
9969
9988
9986
10000
9982
9987
9999
9994
9983
9996
9983
9985
9989
9991
9995
9984
9989
9985
9985
10000
9980
9998
9986
9988
9988
9971
9980
9983
9970
9976
9988
9981
9992
9980
9987
9968
9979
9989
9985
9965
9983
9975
9993
9989
9986
9960
9983
9994
9982
9980
9986
9994
9991
9976
9985
9995
9977
9982
9992
9977
9990
9990
9995
9982
9981
9989
9986
9984
9994
9989
9994
9985
9992
9988
9993
9996
9986
9984
9990
9997
9973
9977
9984
9983
9981
9969
9980
9996
9997
9975
9989
9985
9994
9990
9969
9992
9999
9978
9988
9994
9992
9987
9998
9974
9997
9996
9990
9989
9971
9988
9985
9995
9976
9993
9991
9990
9988
9988
9984
9965
9993
9992
9987
9974
9978
9989
9982
9984
9986
9987
9980
9986
9976
9985
9991
9990
10000
9990
9986
9988
9981
9971
9992
9969
9987
9981
10000
9990
9999
9986
9987
9992
9996
9991
9986
9984
9983
9986
9981
9986
9990
9990
9985
9999
9983
9975
9991
9992
9989
9990
9979
9998
9976
9985
9987
9996
9988
9996
9978
9979
9976
9965
9980
9984
9977
9997
9981
9988
9991
9992
9982
9993
9978
9993
9989
9981
9969
9992
9982
9990
9968
9993
9994
9989
9988
9968
9979
9991
9991
9982
9987
9994
9991
9990
9977
9989
9993
9993
9990
9991
9992
9992
9975
9989
9964
9990
9982
9991
9994
9982
9969
9977
9995
9988
10000
9989
10000
9990
9987
9994
9974
9997
9975
9990
9987
9979
9991
9994
9990
9965
9984
9979
9982
9962
9995
9972
9999
9985
9965
9988
9975
9987
9970
9987
9987
9991
9986
9981
10000
9978
9978
9978
9987
9985
9985
9991
9989
9978
9994
9986
9957
10000
9984
9989
9959
9980
9984
9993
9981
9975
9984
9960
9980
9979
9988
9998
9959
9987
9989
9987
9990
9994
9988
9972
9977
9989
9981
9977
9988
9989
9988
9974
9980
9985
9991
9987
9988
9971
9981
9978
9987
9988
9983
9988
9986
9989
9988
9999
9990
9977
9987
9986
9982
9992
9998
9984
9985
9989
9990
9994
9982
9988
9972
9988
9969
9977
9972
9960
9989
9992
9987
9997
9972
9976
9967
9974
9979
9982
9998
9992
9978
9991
9978
9969
9984
9975
9987
9985
9999
9984
9996
9980
9981
9984
9990
9981
9992
9976
9990
9981
9993
9998
9987
9985
9994
9987
9991
9980
9987
9993
9992
9991
9993
9979
9989
9984
9982
9985
9978
9985
9991
9988
9999
9976
9973
9989
9993
9999
9996
9986
9980
9992
9986
9992
9994
9978
9971
9992
9979
9989
9972
9993
9978
9984
9993
9994
9981
9984
9988
9992
9969
9997
9998
9989
9981
9970
9991
9967
9992
9978
9989
9993
9990
9997
9986
10000
9965
9968
9992
9999
9982
9978
9987
9977
9985
9981
9994
9993
9966
9990
9981
9988
9973
9985
9981
9982
9979
9996
9987
9981
9971
9997
9992
9997
9990
9998
9993
9992
9999
9986
9980
9990
9984
9996
9984
9976
9993
9980
9993
9972
9986
9985
9978
9991
9988
9990
9990
9978
9988
9996
9996
9957
9976
9995
9989
9999
9981
9995
9985
9994
9988
9966
9998
9987
9973
9976
9995
9999
9995
9981
9993
9977
9979
9982
10000
9990
9984
9951
9990
10000
9989
9977
10000
9980
9994
9970
9988
9991
9988
9981
9998
9980
9994
9996
9998
9986
9974
9983
9993
9982
9992
9989
9991
9990
9994
9989
9999
9988
9980
9988
9971
9977
9958
9978
9999
9971
9997
9993
9988
9991
10000
9985
9995
9982
9998
9984
9976
10000
9988
9997
9990
9983
9993
9986
9988
9958
9975
9999
9979
9983
9986
9969
9994
9981
9983
9974
9988
9980
9995
9997
9983
9975
9995
9992
9974
9959
9985
9990
9964
9997
9982
9975
9975
9985
9987
9996
9999
9977
9993
9992
9982
9979
9985
9990
9989
9985
9983
9979
9992
9980
9980
9993
9994
9992
9990
9984
9958
9975
9989
9982
9981
9980
9992
9979
9995
9998
9993
9979
9987
9981
9991
9992
9985
9988
9990
9977
9991
9982
10000
9975
9987
9995
9984
9969
9995
9996
9976
9994
9993
9991
9993
9961
10000
9953
9989
10000
9957
10000
9984
9989
9970
10000
9992
9998
9985
9983
9975
9982
9967
9976
9987
9972
10000
9950
9988
9976
9982
9992
9988
9988
9986
9965
9991
9988
9979
9979
9974
9985
9989
9989
9982
9984
9988
9997
9992
9966
9993
9987
9995
9995
9952
9994
9991
9975
9995
9992
9988
9989
9998
9992
9973
9985
10000
9970
9999
9991
9984
9977
9998
9987
9960
9996
9983
9993
9984
9997
9968
9990
9958
9987
9992
9993
9996
9980
9985
9995
9990
9995
9993
9982
9981
9990
9986
9991
9979
9992
9991
9989
9982
9999
9988
9993
9988
9980
9977
9977
9994
9999
9972
9982
9990
9997
9988
9990
9999
9977
9979
9994
9996
9986
9990
9981
9999
9980
9978
9995
9979
9985
9993
9980
9987
9977
9979
9987
