9977
9990
9982
9984
9979
9981
9957
9995
9962
9978
9988
9985
9997
9989
9981
9992
9982
9989
9982
9978
9990
9984
9994
9980
9980
9987
9986
9990
9965
9978
9978
9991
9994
9993
9989
9986
9994
9947
9989
9980
9979
9992
9988
9989
9994
9967
9972
9990
9985
9991
9983
9973
9996
9987
9971
9995
9982
9970
9976
9989
9992
9974
9988
9981
9991
9991
9986
9980
9987
9999
9978
9987
9991
9975
9992
9983
9994
9987
9975
9995
9974
9992
9986
9991
9984
9983
9980
9980
9986
9996
9982
9962
9994
9979
9967
9985
9990
9988
9986
9996
9985
9984
9996
9990
9997
9973
9979
9989
9986
9989
9984
9980
9992
9989
9991
9995
9997
9990
9986
9985
9988
9988
9989
9989
9973
9975
9992
9953
9988
9988
9984
9993
9984
9986
9982
9984
9994
9988
9987
9972
9992
9977
9968
9963
9991
9987
9978
9989
9988
9986
9972
9993
9978
9988
9986
9986
9959
9978
9969
9984
9991
9976
9989
9974
9954
9985
9977
9962
9992
9991
9971
9972
9987
9993
9984
10000
9981
9995
9985
9999
9993
9975
9981
9987
9995
9981
9987
9992
9977
9984
9979
9993
9989
9992
9991
9995
9986
9982
9987
9972
9993
9975
9985
9983
9993
9976
9993
9989
9983
9990
9986
9973
9994
9970
9990
9998
9992
9977
9988
9977
9981
9997
9987
9991
9993
9990
9987
9977
9984
9982
9992
9990
9986
9980
9980
9987
9982
9985
9984
9995
9997
9994
9982
9979
9988
9974
9977
9973
9993
9991
9980
9965
9993
9991
9985
9970
9967
9967
9982
9987
9991
9988
9973
9982
9970
9982
9985
9985
9992
9976
9990
9984
9981
9984
9968
9978
9988
9993
9988
9979
9984
9987
9998
9987
9984
9999
9978
9996
9988
9976
9977
9988
9990
9987
9997
9971
9984
9965
9988
9993
9989
9989
9974
9980
9995
9989
9985
9982
9986
9971
9996
9980
9982
9989
9977
9978
9984
9992
9979
9998
9990
9992
9997
9988
9995
9984
9992
9985
9994
9990
9986
9986
9980
9982
9980
9971
9988
9987
9985
9980
9983
9973
9985
10000
9980
9991
9995
9989
9980
9988
9977
9982
9989
9995
9987
9988
9994
9981
9986
9986
9991
9987
9989
9978
9989
9981
9980
9987
9980
9972
9987
9977
9981
9991
9992
9994
9979
9947
9998
9993
9970
9989
9995
9982
9978
9987
9995
9971
9951
9980
9995
9985
9984
9974
9988
9983
9974
9976
9993
9990
9989
9995
9957
9988
9984
9989
9983
9992
9990
9958
9997
9984
9974
9987
9975
9968
9987
9989
9993
9986
9982
9988
9983
9986
9980
9984
9994
9994
9974
9983
9959
9954
9978
9994
9974
9989
9981
9991
9970
9992
9992
9982
9987
9994
9984
9967
9974
9979
9982
9970
9994
9956
9983
9986
9982
9986
9975
9987
9989
9979
9977
9992
9982
9986
9979
9991
9988
9965
9991
9990
9991
9980
9990
9989
9987
9986
9972
9968
9984
9969
9974
9991
9987
9996
9972
9992
9988
9984
9985
9989
9988
9986
9995
9994
9976
9985
9980
10000
9968
9967
9981
9995
9970
9998
9995
9987
9977
9991
9974
9987
9985
9976
9988
9969
9998
9985
9997
9981
9973
9975
9983
9993
9994
9980
9985
9986
9983
9960
9989
9984
9985
9981
9979
9986
9994
9998
9985
9977
9990
9991
9988
9993
9979
9979
9972
9985
9984
9994
9974
9990
9997
9977
9986
9980
9992
9991
9971
9983
9980
9995
9991
9983
9993
9984
9978
9998
9993
9967
9996
9984
9995
9991
9988
9991
9993
9984
9990
9976
9972
9987
9986
9995
9986
9979
9981
9987
9983
9993
9995
9974
9993
9984
9979
9985
9992
9977
9971
9980
9990
9989
9987
9978
9985
9998
9986
9971
9986
9987
9991
9987
9986
9987
9995
9995
9993
9984
9986
9981
9987
9997
9962
9946
9972
9980
9992
9982
9986
9985
9984
9990
9993
9980
9983
9985
9964
9989
9988
9990
9975
9988
9941
9981
9987
9990
9987
9991
9972
9989
9989
9983
9987
9984
9988
9985
9992
9993
9955
9991
9980
9976
9985
9979
9992
9972
9978
9979
9992
9979
9998
9981
9975
9989
9994
9984
9979
9986
9991
9990
9990
9983
9964
9990
9977
9990
9979
9981
9993
9948
9998
9977
9991
9997
9990
9984
9990
9974
9983
9990
9994
10000
9995
9994
9962
9972
9975
9979
9986
9994
9988
9977
10000
9991
9981
9946
9961
9991
9981
9994
9965
9979
9976
9969
9978
9977
9987
9980
9990
9989
9990
9976
9976
9988
9984
9985
9993
9998
9991
9984
9988
9996
9994
9977
9985
9978
9992
9983
9983
9950
9982
9987
9989
9989
9988
9968
9967
9982
9982
9993
9974
9993
9978
9991
9991
9990
9990
9993
9988
9983
9977
9983
9981
9986
9989
9982
9977
9985
9995
9992
9962
9969
9987
9990
9992
9983
9994
9999
9989
9986
9949
9993
9990
9961
9997
9952
9993
10000
9987
9981
9983
9973
9992
9985
9965
9983
9966
9996
9979
9985
9987
9993
9980
9989
9982
9986
9991
9993
9981
9979
9962
9991
9994
9972
9979
9984
9979
9970
9987
9974
9975
9986
9986
9979
9987
9990
9986
9970
9996
9976
9991
9997
9972
9976
9980
9994
9982
9976
9973
9981
9987
9984
9983
9997
9989
9970
9989
9986
9982
9960
9966
9986
9989
9982
9966
9995
9984
9987
9988
9988
9968
9986
9991
9956
9977
9990
9965
9953
9983
9974
9987
9988
9993
9981
9988
9991
9970
9986
9988
9982
9992
9986
9982
9991
9990
9970
9974
9997
9985
9994
9991
9978
9969
9980
9978
9989
9980
9988
9982
9990
9954
9993
9989
9986
9984
9982
9988
9993
9982
9993
9980
9992
9973
9973
9990
9981
9985
9976
9980
9992
9993
9986
9966
9985
9973
9989
9991
9974
9993
9981
9998
9987
9981
9988
9998
9992
9988
9969
9986
9963
9987
9978
9995
9982
9985
9978
9968
9995
9965
9970
9960
9992
9971
9988
9987
9986
9967
9990
9981
9979
9981
9984
9986
9976
9980
9982
9974
9982
9987
9980
9991
9978
9983
9975
9976
9990
9988
9987
9971
9985
9985
9977
9986
9980
9979
9990
9966
9981
9998
9990
9984
9986
