9987
9987
9980
9970
9998
9994
9994
9974
9998
9971
9990
9987
9985
9975
9993
9981
9990
9966
9993
9989
9948
9996
9993
9991
9986
9993
9985
9981
9996
9993
9982
9976
9983
9984
9975
9976
9989
9987
9976
9986
9984
9985
9987
9996
9986
9972
9995
9986
10000
9995
9993
9987
9992
9994
9956
9960
9979
9995
9995
9979
10000
9997
9976
9975
9957
9982
9982
9990
9987
9981
9983
9988
9996
9984
9988
9990
9992
9977
9981
9985
9993
9966
9976
9982
9974
9985
9994
9992
9982
9985
9991
9981
9989
9983
9986
9996
9964
9993
9988
9985
9988
9984
9998
9993
9969
9981
9966
9986
9988
9955
9988
9988
9995
9983
9995
9992
9995
9995
9980
9984
9983
9999
9992
9975
9990
9973
9977
9988
9976
9992
9978
9997
9975
9981
9991
9994
9975
9980
9991
9985
9977
9995
9975
9992
9989
9997
9999
9989
9974
9984
9993
9988
9977
9971
9985
9968
9989
9993
9977
9972
9986
9989
9995
9992
9977
9983
9985
9989
9987
9990
9995
9970
9991
9981
9980
9968
9991
9993
9988
9988
9989
9988
9984
9986
9994
9984
9994
9995
9991
9967
9982
9982
9984
9975
9988
9994
9970
9999
9986
9991
9983
9990
9945
9978
9989
9984
9977
9979
9988
9985
9967
9988
9983
9983
9979
9994
9982
9994
9977
9992
9968
9989
9975
9972
9990
9981
9984
9980
9985
9990
9999
9998
9995
9981
9976
9993
9983
9985
9971
9996
9991
9994
9997
9997
9984
9990
9981
9995
9982
9996
9986
9977
9986
9984
9977
9995
9983
9985
9983
10000
9999
9999
9971
9969
9993
9981
9983
9998
9994
9987
9988
9977
9979
9973
9998
9994
9976
9989
9991
9986
9983
9992
9993
9985
9979
9956
9987
9997
9982
9996
9994
9970
9979
9994
9987
9971
9975
9983
9987
9990
9970
9991
9968
9989
9991
9992
9987
9987
9980
9985
9988
9958
9982
9989
9979
9991
9985
9983
9985
9977
9997
9991
9970
9986
9998
9986
9989
9976
9971
9996
9981
9991
9997
9990
9980
9995
9979
9976
9980
9986
9978
9993
9991
9989
9985
9980
9989
9975
9988
9992
9991
9982
9994
9993
9986
9994
9969
9962
9982
9978
9995
9991
9962
9999
9990
9988
9992
9981
9988
9976
9979
9995
9984
9991
9983
9972
9993
9989
9986
9985
9991
9981
9999
9993
9970
9976
9984
9985
9993
9992
9990
9995
10000
9984
9983
9997
9974
9989
9985
9993
9976
9982
9978
9991
9993
9987
9987
9980
9973
9979
9988
9977
9989
9988
9991
9975
9989
9995
9991
9987
9979
9978
10000
9988
9988
9980
9980
9999
9994
9947
9987
9992
9998
9986
9993
9977
9990
9989
9991
9994
9981
9980
9990
10000
9991
9989
9999
9994
9991
9955
9990
9993
9968
9989
9983
9991
9989
9984
9991
9979
9999
9974
9990
9976
9969
9996
9985
9983
9985
9987
9997
9993
9996
9985
9982
9981
9993
9980
9986
9993
9984
9976
9992
9989
9989
9999
9995
9975
9973
9980
9989
9969
9999
9992
9981
9995
9995
9987
9987
9980
9991
9961
9984
9985
9936
9979
9979
9981
9982
9988
9984
9985
9981
9996
9990
9981
9981
9966
9978
9992
9987
9976
9983
9983
9956
9977
9980
9984
9979
9973
9981
9977
9977
9967
9968
9986
9971
9993
9998
9996
9985
9988
9995
9990
9986
9988
9988
9949
9995
9979
9993
9979
9982
9982
9990
9989
9992
9984
9983
9992
9985
9994
9982
9987
9978
9960
9988
9988
9983
9980
9963
9993
9987
9976
9984
9993
9980
9994
9962
9991
9993
9965
9979
9994
9984
9990
9991
9986
9988
9962
9991
9970
9978
9981
9961
9977
9988
9991
9985
9998
9998
9998
9989
9990
9993
9993
9969
9965
9995
9978
9999
9993
9995
9993
9989
9991
9984
9970
9974
9993
9979
9997
9992
9957
9991
9993
9993
9999
9985
9995
9978
9976
9990
9980
9980
9980
9991
9991
9976
9993
9992
9989
9986
9984
9997
9985
9990
9985
9984
9990
9986
9990
9974
9962
9987
9998
9986
9976
9972
9997
9995
9977
9995
9991
9986
9977
9969
9975
9994
9977
9980
9989
9984
9979
9978
9988
9958
9988
9971
9970
9988
9990
9996
9989
9989
9980
9983
9976
9989
10000
9997
9987
9957
9970
9980
9996
9999
9994
9980
9993
9985
9987
9983
9989
9981
9968
9981
9978
9993
9980
9990
9946
9970
9970
9980
9986
9994
9954
9980
9983
9996
9988
9977
9965
9989
9989
9980
9990
9991
9995
9963
9984
9994
9971
9987
9989
9990
9987
9980
9976
9988
9974
9981
9989
9980
9982
9999
9984
9981
9987
9986
9996
9993
9974
9995
9980
9972
9993
9999
9985
9976
9980
9993
9992
9992
9985
9985
9985
9996
9993
9988
9992
9984
9973
9988
9982
9988
9991
9991
9978
9986
9997
9993
9987
9997
9982
9993
9986
9980
9993
9989
9976
9992
9984
9986
9969
9991
9974
9995
9988
9993
9985
9986
9969
9979
9955
9988
9993
9996
9994
9978
9971
9973
9986
9986
9958
9982
9949
9991
9996
9991
10000
9993
9990
9998
9967
9993
9996
9991
9994
9988
9992
9986
9995
9989
9981
9974
9980
9990
9983
9983
9992
9982
9986
9986
9985
9990
9981
9987
9984
9995
9977
9995
9986
9980
10000
9980
9971
9986
9978
9982
9990
9995
9989
9986
10000
9990
9989
9992
9994
9969
9995
9993
9963
9975
9960
9963
9996
9991
9995
9991
9987
9986
9986
9987
9988
9994
9992
9992
9994
9980
9990
9991
9980
9973
9982
9982
9982
9970
9991
9989
9991
9975
9984
9997
9989
9974
9985
9985
9982
9969
9990
9973
9994
9989
9996
9990
9984
9968
9979
9988
9989
9971
9984
9995
9997
9988
9991
9973
9970
9980
9992
9987
9979
9993
9990
9993
9982
9982
9990
9999
9980
9977
9991
9996
9999
9999
9992
9993
9999
9986
9972
9991
9992
9994
9982
9983
9975
9997
9972
9979
9975
9979
9971
9988
9994
9988
9981
9991
9986
9992
9990
9969
9958
9992
9978
9958
9983
9976
9992
9982
9983
9959
9977
9985
9993
9987
9993
9974
9991
9969
9981
9969
10000
9986
9997
9972
9991
9980
9985
