9969
9986
9987
9983
9969
9984
9978
9993
9989
9981
9975
9972
9980
9986
9972
9979
9988
9987
9968
9989
9988
9974
9984
9989
9988
9943
9974
9971
9988
9975
9978
9990
9978
9999
9990
9968
9983
9993
9976
9981
9983
9977
9989
9983
9967
9984
9987
9990
9988
9974
9991
9977
9980
9995
9988
9991
9947
9980
9982
9992
9988
9989
9992
9985
9959
9979
9984
9973
9971
9973
9978
9985
9978
9984
9986
9988
9995
9987
9977
9982
9984
9994
9998
9986
9973
9997
9985
9983
9980
9984
9988
9998
9992
9989
9978
9960
9973
9977
9995
9995
9988
9986
9994
9976
9993
9983
9986
9995
9994
9988
9997
9990
9967
9993
9992
9989
9971
9982
9987
9993
9987
9980
9989
9995
9991
9985
9979
9993
9982
9993
9987
9989
9994
9970
9982
9965
9987
9983
9988
9992
9999
9982
9981
9973
9984
9977
9977
9990
9983
9991
9984
9982
9988
9985
9997
9985
9971
9952
9984
9979
9963
9982
9989
9991
9983
9985
9983
9990
9981
9989
9988
9979
9981
9990
9983
9990
9977
9995
9971
9980
9976
9988
9998
9955
9996
9991
9995
9988
9994
9979
9998
9996
9992
9991
9977
9996
9970
9980
9984
9987
9995
9982
9984
9984
9988
9982
9976
9992
9995
9989
9981
9973
9984
9987
9980
9963
9986
9986
9988
9980
9991
9983
9975
9961
9993
9996
9969
9995
9975
9996
9989
9994
9996
9990
9990
9991
9986
9985
9967
9982
9978
9967
9986
9987
9979
9991
9979
9996
9981
9971
9968
9991
9988
9968
9989
9964
9977
9994
9971
9967
9953
9993
9968
9981
9989
9968
9960
9991
9993
9987
9975
9978
9974
9965
9988
9988
9976
9984
9993
9993
9988
9991
9960
9980
9988
9980
9980
9951
9985
9959
9981
9968
9989
9989
9982
9975
9979
9978
9980
9981
9963
9978
9990
9993
9972
9987
9982
9992
9987
9987
9986
9980
9992
9979
9991
9992
9973
9987
9975
9993
9968
9996
9989
9989
9983
9988
9974
9987
9995
9972
9993
9971
9997
9984
9986
9979
9977
9988
9992
9965
9984
9984
9996
9999
9978
9985
9991
9989
9983
9962
9977
9990
9975
9964
9971
9985
9988
9983
9974
9980
9986
9977
9991
9992
9973
9987
9978
9994
9983
9990
9988
9981
9974
9999
9991
9996
9985
9996
9984
9985
9986
9974
9990
9995
9992
9982
9984
9991
9986
9989
9979
9968
9997
9986
9977
9962
9991
9968
9985
9969
9984
9980
9986
9985
9972
9981
9993
9970
9986
9993
9991
9984
9978
9984
9986
9967
9980
9979
9979
9997
9976
9985
9989
9997
9992
9989
9997
9998
9978
9989
9985
9994
9987
9989
9987
9992
9995
9989
9981
9979
9983
9994
9995
9993
9994
9992
9990
9965
9970
9971
9982
9994
9992
9981
9975
9983
9994
9991
9989
9999
9991
9995
9989
9974
9962
9987
9985
9989
9998
9981
9978
9984
9989
9993
9987
9968
9966
9985
9988
9989
9996
9975
9988
9985
9984
9983
9991
9983
9979
9982
9977
9991
9986
9987
9952
9983
9971
9978
9995
9948
9978
9970
9982
9992
9991
9991
9973
9992
9975
9979
9969
9990
9991
9994
9994
9966
9995
9983
9975
9985
9992
9988
9987
9977
9979
9987
9993
9997
9985
9974
9987
9990
9991
9978
9984
9983
9964
9979
9981
9992
9977
9988
9985
9979
9989
9988
9984
9984
9978
9971
9992
9983
9991
9991
9990
9995
9989
9988
9970
9973
9976
9976
9983
9972
9972
9996
9991
9991
9972
9988
9971
9985
9983
9991
9981
9968
9975
9980
9969
9960
9990
10000
9992
9998
9958
9961
9987
9984
9980
9977
9993
9997
9992
9984
9985
9987
9969
9983
9986
9971
9988
9988
9961
9988
9986
9983
9981
9989
9973
9988
9985
9989
9991
9985
9976
9988
9973
9976
9993
9987
9994
9993
9996
9980
9988
9989
9980
9984
9987
9996
9995
9984
9993
9985
9980
9982
9988
9968
9987
9996
9997
9985
9987
9994
9987
9986
9991
9985
9995
9974
9982
9983
9994
9986
9995
9990
9993
9996
9989
9966
9978
9989
9983
9984
9969
9997
9987
9948
9972
9992
9994
9968
9976
9987
9980
9988
9984
9986
9997
9973
9986
9996
9986
9996
9996
9987
9978
9983
9978
9981
9986
9984
9984
9986
9998
9980
9988
9989
9994
9998
9988
9996
9980
9978
9983
9988
9985
9987
9981
9978
9995
9985
9988
9997
9990
9978
9976
9986
9982
9992
9978
9985
9988
9980
9983
9980
9989
9984
9978
9987
9988
9987
9982
9976
9984
9972
9971
9994
9980
9963
9987
9986
9986
9992
9979
9992
9989
9987
9985
9988
9963
9981
9994
9984
9981
9984
9968
9995
9977
9976
9968
9998
9984
9988
9984
9991
9975
9993
9984
9980
9980
9976
9976
9980
9989
9992
9993
9985
9998
9979
9987
9975
9994
9990
9976
9992
9993
9974
9970
9996
9969
9972
9976
9989
9970
9994
9988
9966
9987
9962
9981
9984
9991
9974
9985
9988
9983
9970
9997
9988
9984
9983
9982
9946
9976
9973
9995
9977
9985
9995
9988
9985
9965
9972
9989
9980
9991
9981
9971
9979
9976
9981
9982
9978
9995
9992
9992
9992
9974
9989
9982
9986
9995
9997
9986
9997
9987
9987
9997
9989
9988
9976
9959
9989
9991
9986
9990
9996
9985
9988
9979
9982
9974
9991
9967
9995
9975
9985
9980
9983
9991
9995
9959
9993
9983
9982
9991
9998
9982
9990
9972
9994
9986
9987
9994
9993
9975
9995
9984
9973
9963
9970
9984
9992
9973
9982
9984
9975
9968
9977
9986
9980
9978
9990
9983
9989
9990
9984
9981
9987
9984
9986
9972
9976
9993
9995
9978
9982
9991
9997
9973
9986
9984
9989
9978
9970
9987
9975
9992
9988
9997
9991
9983
9990
9994
9982
9984
9994
9984
9970
9978
9977
9972
9968
9995
9965
9975
9991
9978
9973
9981
9973
9981
9993
9984
9983
9986
9988
9983
9990
9983
9962
9974
9976
9983
9979
9973
9985
9966
9993
9986
9984
9988
9997
9985
9975
9971
9985
9978
9995
9983
9992
9993
9975
9982
9986
9985
9984
9974
9992
9986
9971
9989
9993
9991
9995
9998
9989
9981
9998
