9984
10000
9987
9992
9989
9986
9976
9983
9976
9968
9980
9984
9994
9995
9986
9995
9986
9978
9992
9952
9990
9984
9980
9994
9996
9990
9983
9988
9974
9989
9968
9995
9988
9987
9977
9987
9993
9975
9986
9978
9989
9986
9972
9979
9992
9973
9993
9975
9980
9990
9994
9993
9984
9976
9990
9962
9960
9973
9988
9983
9977
9977
9995
9983
9992
9972
9994
9959
9985
9985
9990
10000
9964
9992
9990
9985
9981
9994
9975
9989
9987
9994
9978
9979
9986
9977
9970
9988
9980
9988
9979
9991
9992
9983
9979
9992
9972
9998
9978
9998
9999
9976
9989
9990
9991
9986
9985
9999
9976
9996
9991
9978
9989
9987
9988
9989
9968
9972
9979
9994
9989
9989
9988
9992
9990
9986
9987
9991
9993
9983
10000
9974
9995
9983
9986
9985
9983
9975
9965
9992
9995
9994
9969
9986
9979
9989
9962
9992
9965
9992
9985
9986
9989
9983
9987
9996
9987
9972
9984
9990
9988
9987
9973
9985
9989
9995
9982
9983
9967
9967
9981
9989
9977
9976
9976
9990
9979
9975
9991
9976
9997
9994
9974
9977
9988
9978
9998
9989
9989
9994
9978
9979
9970
9990
9961
9985
9976
9967
9975
9993
9997
9986
9992
9965
9986
9994
9964
9977
9993
9981
9993
9984
9984
9982
9967
9985
9986
9980
9987
9990
9969
9975
9956
9979
9985
9985
9975
9968
9974
9988
9977
9993
9963
9969
9996
9988
9993
9983
9974
9996
9982
9999
9995
9970
9994
9995
9982
9989
9978
9996
9978
9982
9989
9979
9981
9983
9986
9983
9988
9989
9973
9971
9990
9976
9981
9987
9992
9990
9988
9992
9962
9996
9984
9991
9992
9995
9981
9985
9988
9987
9981
9968
9985
9978
9982
9990
9993
9992
9996
9954
9982
9997
9987
9971
9969
9989
9993
9996
9986
9985
9980
9988
9979
9983
9984
9996
9971
9982
9986
9989
9978
9980
9972
9971
9995
9985
9992
9981
9988
9988
9977
9996
9983
9996
9989
9989
9995
9983
9994
9982
9985
9964
9967
9991
9992
9983
9989
9992
9957
9975
9996
9990
9992
9979
9993
9994
9981
9994
9996
9976
9992
9982
9989
9976
9989
9997
9990
9984
9964
10000
9964
9988
9990
9979
9958
9983
9989
9985
9972
9980
9992
10000
9978
9994
9979
9994
9984
9953
9989
9975
9979
9996
9994
9988
9975
9984
9975
9987
9988
9996
9978
9992
9983
9971
9991
9980
9990
9983
9987
9979
9987
9981
9987
9985
9975
9960
9990
9968
9992
9994
9992
9989
9994
9972
9991
9986
9983
9987
9964
9964
9988
9980
9987
9983
9988
9988
9980
9992
9990
9968
9993
9995
9993
9981
9986
9983
9977
9985
9994
9979
9992
9987
9989
9987
9991
9991
9992
9967
9972
9980
9982
9996
9983
10000
9978
9979
9976
9981
9982
9973
9951
9989
9988
9983
9976
9979
9977
9970
9975
9987
9983
9982
9948
9987
9993
9984
9991
9971
9989
9988
9989
9966
9986
9984
9981
9991
9993
9980
9982
9993
9975
9990
9989
9994
9991
9980
9974
9985
9991
9975
9988
9994
9987
9993
9988
9984
9991
9992
9990
9991
9978
9996
9994
9987
9967
9984
9972
9994
9991
9972
9973
9987
9964
9976
9995
9972
9996
9986
9981
9963
9986
9981
9969
9978
9991
9988
9996
9963
9989
9966
9992
9992
9982
9993
9960
9990
9990
9972
9991
9988
9982
9979
9981
9983
9993
9987
9997
9997
9993
9996
9991
9977
9996
9993
9994
9995
9994
9991
9987
9994
9996
9988
9993
9988
9982
9988
9985
9984
9984
9995
9997
9988
9976
9990
9982
9982
9975
9990
9990
9987
9988
9979
9986
9993
9968
9990
9975
9983
9994
9992
9984
9979
9994
9980
9991
9994
9982
9976
9988
9983
9971
9991
9988
9995
9987
9986
9994
9963
9988
9993
9995
9987
9978
9988
9994
9991
9997
9980
9975
9978
9984
9994
9983
9992
9969
9988
9985
9989
9975
9989
9976
9997
9996
9970
9991
9988
9974
9996
9999
9987
9983
9975
9991
9982
9991
9982
9979
9974
9990
9979
9966
9990
9988
9987
9985
9974
9997
9993
9985
9982
9986
9996
9992
9985
9975
9997
9985
9984
9975
9992
9983
9982
9987
9994
9995
9977
9985
9985
9979
9972
9993
9980
9981
9981
9994
9992
9974
9980
9980
9988
9980
9990
9991
9990
9983
9986
9977
9976
9982
9991
9974
9983
9993
9964
9986
9986
9976
9988
9984
9993
9987
9997
10000
9988
9972
9987
9995
9996
9998
9991
9965
9988
9992
9984
9989
9988
9981
9981
9987
9994
9992
9987
9990
9987
9984
9978
9981
9981
9991
9965
9983
9984
9996
9993
9984
9993
9999
9982
9988
9989
9982
9973
9993
9983
9973
9990
9998
9990
9961
9960
9970
9993
9978
9987
9985
9997
9989
9988
9992
9971
9984
9969
9989
9984
9979
9983
9985
9985
9981
9974
9987
9986
9982
9986
9948
9967
9969
9989
9988
9993
9971
9999
9972
9987
9984
9986
9993
9979
9985
9978
9976
9973
9967
9996
9986
9985
9997
9962
9981
9992
9976
9946
9966
9991
9984
9987
9985
9991
9978
9992
9993
9981
9992
9994
9982
9974
9988
9974
9978
9982
9991
9984
9981
9987
9976
9954
9970
9983
9992
9974
9986
9977
9972
9984
9970
9994
9989
9991
9977
9987
9986
9972
9973
9980
9988
9987
9987
9986
9974
9998
9998
9988
9988
9972
9982
9991
9987
9986
9972
9985
9962
9990
9987
9987
9979
9986
9957
9988
9980
9987
9990
9987
9991
9983
9986
9983
9991
9997
9984
9993
9980
9986
9973
9980
9984
9968
9984
9992
9994
9987
9997
9990
9991
9980
9967
9977
9996
9959
9967
9975
9986
9977
9988
9985
9986
9967
9970
9985
9984
9978
9991
9983
9973
9983
9984
9985
9982
9986
9978
9989
9983
9995
9994
9982
9965
9986
9986
9981
9973
9990
9993
9995
9995
9973
9957
9984
9988
9990
9991
9981
9976
9984
9991
9989
9989
9990
9992
9997
9993
9981
9993
9991
9975
9985
9998
9978
9986
9988
9974
9991
9991
9988
9992
9971
9980
9990
9984
9982
9993
9988
9995
9979
9987
9990
9990
9994
9989
9990
9977
9993
