10000
9979
9999
9998
9999
10000
9981
9997
9993
10000
10000
10000
9998
9989
10000
10000
9995
9999
9991
9976
10000
10000
10000
9994
9997
9998
9998
9995
10000
9994
9990
9994
10000
9994
9993
9993
9999
10000
10000
10000
9998
9998
9997
10000
10000
9982
9973
10000
10000
10000
9984
9996
9995
10000
10000
10000
9989
9994
9999
9988
9991
10000
10000
10000
10000
10000
9991
9982
9982
9985
9993
10000
9982
9999
9956
10000
9984
9998
10000
10000
9982
9999
10000
10000
9978
9996
10000
10000
9985
9990
9988
10000
9980
9990
9993
10000
9990
9993
10000
10000
10000
9998
9990
9985
10000
10000
9974
9995
10000
10000
9998
9963
9995
10000
9995
9994
9987
10000
10000
9985
9994
10000
9980
10000
9998
9999
9999
10000
10000
9999
10000
9936
10000
10000
10000
10000
9996
10000
10000
9995
9989
10000
10000
9990
9991
10000
9991
9998
10000
10000
10000
9995
9976
10000
9983
9991
9993
10000
9996
9997
10000
10000
10000
9991
10000
9993
9994
10000
10000
10000
10000
10000
10000
9965
10000
10000
10000
9995
9998
9999
9995
9994
9999
10000
10000
9981
9999
9999
10000
9990
9987
10000
9987
9996
9999
10000
10000
9992
10000
10000
10000
9985
9998
9991
9981
9987
10000
10000
9999
9999
9990
9994
10000
10000
10000
9997
9994
10000
10000
10000
9997
9993
9996
10000
9989
9999
10000
10000
9999
10000
9999
9987
10000
9997
9974
10000
9998
10000
10000
10000
9999
10000
9984
10000
10000
10000
9995
9973
9986
10000
9995
9999
9999
10000
9987
10000
9985
10000
9991
9986
9989
9989
10000
10000
9997
9975
9991
9995
9998
9999
9993
9971
10000
9984
9986
9981
10000
9980
9997
10000
10000
10000
10000
9995
9983
9996
9999
9992
9972
9990
9999
9990
9978
9986
10000
9990
10000
9989
9993
9992
9991
10000
9998
9996
10000
9999
9999
9975
9604
10000
9999
10000
10000
10000
10000
9999
10000
9997
10000
9996
10000
9985
9994
9998
9993
10000
9981
9998
10000
9989
9967
9999
10000
9981
9990
9989
9997
10000
10000
10000
9993
9992
9991
9987
10000
10000
10000
9987
10000
10000
9999
9998
9971
10000
9988
9999
9998
9999
9997
9999
9993
10000
10000
10000
10000
9999
9987
10000
9996
9972
9999
9999
10000
9999
10000
9999
10000
9989
9988
9999
10000
9990
10000
9999
10000
10000
10000
9999
10000
9997
9981
10000
9985
10000
9975
9999
9992
10000
9977
10000
9992
9996
9999
9999
9991
9989
10000
10000
9999
10000
10000
10000
10000
9991
10000
10000
9989
9998
10000
9988
9985
9961
10000
9999
9986
9996
9998
10000
10000
9988
9993
10000
10000
9992
9998
10000
9998
9993
10000
9990
10000
9993
9977
10000
10000
9967
10000
9844
9999
9999
10000
10000
9989
10000
9995
10000
9989
9990
9986
9988
9999
10000
10000
9997
9979
9995
10000
9999
10000
9993
9973
9995
9998
9993
9989
9998
9999
10000
9998
9972
10000
9993
10000
10000
10000
9970
10000
10000
9998
9999
10000
9994
9995
10000
9992
10000
10000
9996
9990
9994
9976
10000
9982
9989
9977
10000
10000
10000
9992
9991
10000
10000
10000
9988
9999
9991
10000
9953
9999
9996
9992
9997
9978
9987
9997
10000
9978
9986
9999
10000
10000
9973
10000
9988
9991
9993
10000
9996
10000
10000
9994
10000
9984
9992
9997
9998
10000
9977
9994
9999
9998
9991
10000
10000
9987
9990
9998
9993
10000
10000
10000
9998
10000
10000
9985
9999
9997
10000
9999
9999
10000
10000
10000
9998
10000
9993
9989
9984
9998
9999
9968
9998
10000
10000
9996
9980
9979
9997
10000
9999
9997
9986
9995
10000
9999
10000
9994
10000
9974
10000
10000
10000
10000
10000
9996
9979
9983
10000
9999
9997
9991
9967
10000
10000
9976
9999
9986
10000
9997
9997
9992
9953
9992
10000
9993
9999
9983
10000
9978
9988
9993
10000
9996
9977
9999
10000
10000
10000
10000
9995
10000
9984
9974
9984
9990
9996
9999
9987
9995
9988
10000
10000
9999
9999
10000
9984
10000
10000
9995
9996
9997
9996
9997
9996
9999
9998
10000
10000
10000
10000
9999
10000
10000
9997
9977
10000
9987
9982
10000
9997
9994
9989
9986
9987
10000
9998
9995
10000
10000
10000
9991
10000
9994
9992
10000
10000
9984
10000
9998
10000
10000
9998
9992
9997
10000
10000
10000
9999
9980
10000
9999
10000
10000
10000
10000
9996
10000
9994
9995
9995
9997
10000
10000
9999
9993
9988
9989
9997
9991
10000
10000
9973
9991
9986
9998
10000
10000
10000
9991
9994
9999
9997
10000
9990
9990
10000
9999
9965
9974
9989
9998
10000
9997
9999
9996
10000
10000
10000
10000
9999
9989
9986
9997
9996
9990
10000
9994
10000
10000
9991
9964
9983
10000
10000
9981
10000
9998
10000
10000
10000
9999
10000
10000
9996
9996
9980
10000
9988
9995
9995
9990
10000
9991
10000
9985
10000
10000
9991
9976
10000
9999
9998
9999
9985
9999
10000
9991
9999
9981
9996
9999
9987
9999
9992
10000
10000
10000
10000
9992
10000
9988
10000
10000
9979
9998
9992
9998
10000
10000
9994
9996
9972
9980
10000
9997
9997
10000
9987
10000
9991
9994
10000
9997
9980
10000
9984
9996
9991
10000
9980
10000
10000
10000
9996
10000
9987
9991
9998
9998
9998
10000
10000
9997
9979
9979
9998
9978
10000
10000
9995
9999
10000
10000
9999
10000
9984
10000
9992
9999
9999
10000
10000
9993
10000
10000
9991
9989
9988
10000
9997
9999
9980
9997
9981
10000
9994
10000
9976
10000
9984
10000
9976
9991
10000
9992
10000
10000
9985
9988
9999
9987
9989
9998
10000
9995
9983
9993
10000
10000
9984
10000
10000
9998
9997
9981
9991
9994
9983
9968
9991
9985
9991
10000
9971
9993
9983
9996
9980
10000
9996
9996
9998
9967
10000
9982
9992
10000
9995
9992
9987
9971
9983
9974
9997
9975
10000
10000
10000
9999
10000
9982
9990
9991
9999
9996
9963
10000
9969
9969
9989
9977
10000
10000
9998
10000
10000
10000
9995
9998
10000
10000
9999
9998
10000
9985
9992
9995
10000
9986
10000
9988
9994
9976
10000
9985
9995
9972
9990
9996
9986
