9986
9999
9990
9983
9985
9978
9984
9986
9975
9990
9969
9993
9981
9985
9996
9993
9976
9987
9987
9990
9993
9984
9966
9988
9984
9987
9990
9988
9984
9990
9976
9996
9974
9968
9991
9982
9992
9987
9985
9992
9986
9993
9985
9985
9987
9974
9994
9988
9977
9989
9981
9975
9993
9983
9984
9987
9989
9996
9990
9986
9988
9998
9983
9999
9981
9996
9994
9992
9975
9983
9991
9981
9989
9999
9983
9995
9995
9988
9979
9982
9993
9968
9990
9987
9991
9984
9990
9980
9985
9993
9995
9991
9977
9991
9991
9999
9993
9975
9987
9992
9999
9990
9995
9989
9978
9983
9990
9982
9985
9990
9995
9997
9989
9986
9969
9977
9980
9979
9965
9986
9978
9989
9985
9974
9990
9979
9972
9940
9991
9982
9986
9980
9984
9994
9994
9990
9999
9986
9968
9975
9998
9980
9991
9991
9982
9989
9990
9973
9974
9991
9983
9972
9993
9986
9995
9973
9980
9974
9995
9990
9972
9981
9996
9977
9975
9977
9982
9990
9987
9992
9970
9990
9991
9977
9954
9973
9977
9985
9980
9994
9992
9970
9965
9972
9991
9980
9980
9990
9997
9992
9995
9970
9993
9990
9987
9987
9987
9964
9989
9993
9988
9988
9989
9998
9969
9990
9992
9984
9993
9988
9996
9953
9984
9979
9983
9988
9996
9991
9974
9982
9985
9989
9975
9992
9976
9976
9989
9983
9954
9981
9977
9986
9993
9972
9982
9982
9983
9988
9972
9968
9978
9979
9976
9997
9979
9979
9992
9980
9993
9989
9995
9988
9989
9959
9985
9995
9989
9992
9992
9982
9981
9981
9984
9981
9992
9974
9980
9991
9986
9984
9977
9985
9995
9993
9997
9976
9991
9987
9989
9996
9995
9988
9994
9990
9971
9980
9983
9995
9992
9990
9991
9988
9984
9975
9974
9974
9969
9964
9971
9997
9967
9996
9968
9991
9992
9998
9977
9993
9991
9990
9984
9984
9971
9989
9992
9992
9988
9973
9978
9983
9981
9977
9995
9992
9980
9959
9954
9986
9976
9989
9977
9993
9987
9984
9999
9979
9987
9982
9975
9972
9989
9977
9981
9963
9983
9993
9987
9979
9985
9990
9998
9971
9987
9990
9981
9984
9985
9993
9992
9980
9985
9980
9985
9983
9985
9993
9981
9977
9986
9980
9928
9982
9986
9983
9977
9990
9985
9989
9973
9984
9996
9966
9984
9991
9989
9987
9992
9978
9992
9998
9977
9992
9976
9979
9993
9994
9977
9972
9993
9985
9986
9989
9983
9989
9993
9993
9989
9989
9983
9984
9986
9983
9995
9981
9991
9971
9988
9991
9991
9984
9971
9988
9996
9977
9976
9983
9993
9978
9958
9996
9985
9984
9984
9995
9992
9989
9993
9964
9989
9984
9984
9987
9987
9966
9993
9973
9979
9991
9975
9983
9995
9986
9967
9972
9984
9987
9995
9986
9965
9989
9963
9987
9996
9975
9981
9981
9989
9980
9986
9989
9985
9983
9986
9989
9989
9989
9982
9997
9984
9985
9990
9993
9984
9991
9996
9998
9992
9987
9988
9981
9995
9989
9983
9990
9980
9990
9998
9963
9975
9992
9991
9985
9997
9992
9976
9986
9992
9990
9978
9965
9985
9991
9987
9981
9988
9985
9979
9985
9986
9978
9995
9989
9989
9995
9981
9987
9991
9954
9982
9986
9988
9993
9980
9987
9977
9993
9982
9990
9985
9993
9998
9985
9991
9980
9978
9992
9976
9994
9978
9982
9985
9980
9990
9983
9984
9991
9999
9989
9987
9975
9978
10000
9992
9984
9985
9980
9992
9982
9970
9963
9976
9994
9974
9994
9989
9969
9994
9983
9991
9982
9979
9986
9969
9965
9998
9970
9988
9989
9995
9986
9985
9972
9972
9989
9990
9975
9989
9969
9983
9983
9994
9980
9988
9981
9984
9987
9971
9994
9994
9987
9989
9979
9979
9988
9983
9996
9981
9985
9992
9997
9963
9987
9979
9988
9978
9987
9981
9985
9981
9985
9994
9987
9993
9972
9990
9980
9986
9984
9984
9963
9998
9984
9991
9984
9973
9990
9987
9988
9990
9982
9981
9991
9970
9994
9986
9994
9987
9998
9988
9993
9977
9987
9994
9998
9991
9985
9999
9978
9988
9988
9989
9966
9986
9992
9990
9969
9980
9995
9983
9973
9985
9994
9991
9987
9995
9969
9994
9999
9980
9986
9991
9978
9987
9982
9958
9981
9972
9985
9988
9973
9995
9989
9980
9984
9992
9985
9998
9994
9972
9961
9985
9987
9985
9981
9989
9991
9985
9948
9980
9989
9997
9963
9986
9994
9995
9980
9987
9992
9992
9992
9986
9967
9986
9989
9979
9994
9982
9983
9984
9990
9978
9969
9997
9986
9994
9990
9967
9994
9987
9980
9974
9996
9990
9993
9972
9996
9977
9982
9970
9999
9955
9986
9991
9988
9976
9991
9985
9995
9983
9974
9985
9967
9987
9976
9989
9991
9982
9985
9990
9978
9986
9985
9991
9986
9971
9996
9980
9978
9984
9981
9981
9992
9980
9996
9989
9992
9981
9991
9973
10000
9992
9979
9989
9985
9992
9984
9988
9986
9989
9989
9990
9981
9985
9971
9962
9978
9990
9993
9990
9981
9977
9998
9992
9984
9983
9993
9972
9996
9989
9991
9987
9996
9990
9979
9991
9972
9993
9980
9978
9982
9970
9980
9991
9989
9974
9989
9986
9979
9983
9996
9993
9990
9995
9986
9990
9973
9984
9987
9984
9995
9994
9977
9993
9992
9976
9994
9977
9975
9991
9978
9990
9998
9986
9988
9975
9986
9940
9991
9988
9975
9980
9987
9965
9990
9982
9980
9992
9984
9976
9984
9995
9988
9985
9965
9974
9987
9990
9986
9991
9985
9968
9984
9989
9973
9988
9994
9989
9994
9991
9986
9987
9993
9977
9976
9989
9976
9998
9973
9963
9962
9981
9990
9988
9980
9996
9986
9980
9979
9995
9997
9993
9964
9989
9997
9984
9989
9997
9987
9979
9985
9987
9981
9992
9981
9971
9988
9978
9999
9990
9995
9970
9995
9987
9989
9974
9984
9988
9983
10000
9983
9989
9989
9990
9992
9990
9988
9984
9998
9999
9991
9975
9953
9977
9994
9981
9984
9996
9974
9994
9991
9979
9986
10000
9976
9968
9986
9987
9990
9986
9973
9990
9993
9986
9987
9997
9992
9990
9986
10000
9982
