9981
9992
9984
9984
9984
9992
9986
9987
9980
9999
9982
9982
9972
9992
9959
9972
9960
9987
9988
9984
9982
9998
9978
9971
9981
9995
9991
9990
9992
9986
9981
9975
9981
9979
9984
9968
9977
9985
9994
9983
9981
9983
9968
9974
9984
9995
9975
9996
9992
9984
9987
9995
9989
9998
9993
9982
9990
9984
9998
9983
9991
9983
9977
9985
9988
9995
9983
9989
9983
9984
9967
9975
9982
9978
9982
9991
9976
9997
9982
9987
9982
9996
9990
9988
9985
9991
9987
9969
9971
9996
9989
9995
9991
9988
9980
9987
9976
9990
9976
9980
9948
9984
9989
9978
9977
9969
9969
9987
9976
9985
9989
9997
9993
9977
9960
9986
9983
9983
9973
9992
9978
9985
9976
9987
9993
9981
9980
9991
9996
9994
9987
9986
9971
9979
9973
9993
9993
9989
9986
9972
9982
9991
9989
9998
9993
9992
9996
9985
9980
9981
9986
9994
9978
9981
9995
9993
9999
9985
9995
9992
9980
9974
9990
9983
9996
9974
9975
9980
9977
9975
9993
9988
9977
9989
9971
9982
9979
9996
9996
9997
9992
9981
9993
9995
9996
9983
9985
9990
9988
9976
9979
9982
9992
9986
9961
9991
9988
9989
9961
9999
9993
9981
9980
9991
9990
9988
9974
9978
9989
9990
9993
9993
9962
9978
9979
9987
9988
9986
9979
9988
9996
9985
9992
9967
9991
9963
9993
9988
9998
9997
9990
9980
9974
9990
9990
9963
9975
9993
9979
9974
9980
9980
9959
9978
9968
9999
9970
9991
9977
9991
9983
9982
9972
9992
9962
9984
9988
9987
9993
9981
9984
9971
9984
9976
9985
9960
9992
9995
9975
9996
9988
9980
9988
9989
9989
10000
9993
9985
9986
9982
9990
9992
9976
9989
9990
9991
9995
9960
9978
9972
9985
9979
9974
9980
9993
9987
9996
9981
9991
9985
9979
9979
9989
9975
9985
9994
9987
9996
9992
9989
9994
9967
9994
9991
9979
9988
9977
9979
9978
9994
9987
9990
9977
9970
9979
9989
9996
9988
9979
9990
9991
9964
9985
9990
9991
9989
9984
9992
9993
9987
9984
9983
9967
9995
9985
9985
9973
9983
9969
9992
9990
9970
9980
9999
9985
9980
9975
9985
9992
9991
9958
9987
9982
9974
9987
9976
9980
9991
9992
9985
9982
9986
9983
9969
9977
9966
9990
9990
9985
9974
9991
9972
9993
9991
9978
9982
9990
9984
9996
9995
9989
9977
10000
9994
9993
9993
9991
9978
9970
9987
9994
9995
9981
9998
9976
9987
9988
9993
9982
9992
9993
9984
9994
9970
9986
9989
9985
9992
9982
9992
9987
9973
9979
9972
9998
9993
9974
9977
9976
9994
9997
9996
9990
9977
9985
9964
9961
9962
9985
9966
9984
9983
9982
9972
9994
9996
9966
9984
9986
9993
9984
9986
9976
9986
9972
9992
9976
9986
9979
9953
9995
9992
9986
9996
9991
9967
9963
9991
9995
9995
9994
9985
9997
9993
9983
9988
9971
9963
9988
9985
9996
9977
9980
9989
9979
9989
9985
9996
9995
9974
9975
9987
9985
9992
9988
9996
9997
9982
9973
9970
9992
9991
9969
9993
9985
9995
9992
9980
9985
9992
9991
9996
9980
9989
9975
9995
9992
9984
9983
9984
9987
9985
9988
9965
9992
9994
9996
9982
9988
9996
9974
9974
9973
9979
9986
9980
9988
9982
9984
9986
9988
9992
9983
9978
9962
9987
9988
9994
9981
9984
9984
9996
9972
9950
9980
9991
9991
9983
9993
9988
9978
9971
9980
9987
9973
9982
9987
9987
9987
9986
9988
9983
9986
9975
9987
9986
9991
9986
9985
9996
9992
9975
9970
9997
9983
9989
9974
9981
9992
9981
9988
9974
9982
9981
9990
9995
9983
9973
9992
9988
9983
9979
9986
9976
9977
9987
9976
9992
9993
9982
9987
9986
9951
9989
9972
9991
9987
9981
9984
9997
9995
9977
9976
9987
9983
9988
9993
9979
9983
9988
9985
9988
9997
9990
9988
9995
9975
9979
9990
9982
9991
9962
9983
9984
9976
9978
9990
9970
9977
9993
9994
9966
9979
9975
9988
9983
9985
9978
9956
9985
9969
9994
9979
9981
9993
9977
9983
9992
9999
9983
9998
9988
9997
9980
9959
9995
9986
9976
9982
9984
9969
9973
9981
9984
9971
9991
9988
9994
9990
9973
9980
9994
9996
9986
9990
9974
9996
9991
9985
9982
9963
9998
9993
9985
9989
9981
9980
9991
9977
9971
9980
9992
9980
9985
9994
9985
9982
9990
9991
9994
9976
9967
9997
9982
9995
9978
9968
9983
9987
9985
9987
9984
9977
9975
9990
9968
9964
9983
9966
9977
9991
9992
9994
9990
9996
9990
9992
9979
9983
9991
9994
9987
9985
9997
9969
9975
9996
9980
9985
9976
9982
9986
9990
9996
9980
9970
9978
9984
9982
9963
9990
9992
9990
9992
9978
9993
9994
9974
9963
9988
9998
9991
9990
9983
9992
9992
9998
9987
9985
9988
9986
9966
9970
9984
9988
9984
9988
9992
9996
9997
9993
9956
9990
9975
9996
9991
9979
9984
9967
9992
9984
9988
9988
9977
9963
9978
9990
9991
9995
9996
9995
9993
9987
9988
9980
9988
9974
9983
9988
9989
9988
9976
9989
9991
9988
9976
9978
9972
9976
9984
9997
9981
9982
9996
9984
9995
9975
9985
9992
9989
9985
9963
9991
9985
9956
9998
9974
9971
9991
9982
9981
9997
9993
9977
9983
9987
9992
9993
9997
9990
9976
9972
9970
9998
9970
9969
9985
9987
9981
9984
9995
9984
9993
9986
9975
9991
9968
9988
9983
9997
9992
9983
9972
9984
9982
9990
9976
9970
9990
9990
9996
9996
9961
9982
9987
9976
9977
9994
9988
9990
9976
9990
9980
9983
9995
9981
9975
9979
9986
9993
9992
9995
9990
9984
9974
9974
9993
9994
9989
9990
9968
9991
9977
9992
9990
9978
9985
9987
9978
9972
9990
9977
9988
9994
9979
9978
9998
9975
9989
9986
9983
9991
9991
9988
9981
9994
9978
9996
9997
9997
9972
9970
9967
9987
9982
9983
9989
9995
9977
9987
9986
9981
9963
9999
9986
9994
9991
9985
9987
9982
9992
9978
9991
9975
9980
9990
9985
9992
9992
9974
9985
9986
9983
9979
9988
9995
9978
9991
9988
9981
