9979
9997
9990
9961
9996
9984
9993
9971
9987
9977
9994
9979
9994
9987
9993
9992
9971
9978
9976
9988
9992
9970
9990
9991
9995
9998
9981
9986
9992
9990
9989
9986
9982
9975
9992
9980
9987
9979
9987
9987
9990
9972
9975
9996
9989
9988
9993
9968
9990
9992
9983
9982
9993
9992
9980
9994
9975
9991
9984
9981
9978
9991
9993
9990
9991
9971
9989
9986
9989
9980
9960
9981
9987
9987
9985
9991
9979
9996
9995
9981
9996
9989
9996
9979
9986
9993
9976
9984
9992
9962
9985
9988
9991
9993
9986
9989
9987
9969
9989
9984
9983
9990
9982
9973
9985
9968
9992
9994
9993
9996
9990
9989
9979
9983
9985
9987
9994
9994
9989
9989
9982
9971
9986
9983
9989
9988
9979
9975
9990
9983
9986
9982
9987
9986
9987
9991
9984
9989
9982
9996
9979
9987
9989
9973
9979
9997
9989
9992
9981
9981
9982
9990
9997
9982
9995
9986
9988
9994
9989
9980
9990
9993
9987
9977
9968
9995
9987
9984
9986
9998
9990
9959
9975
9992
9963
9994
9994
9996
9973
9977
9984
9987
9980
9992
9965
9986
9986
9986
9982
9986
9991
9988
9997
9966
9955
9972
9983
9977
9997
9978
9982
9987
9971
9980
9967
9967
9998
9998
9980
9992
9987
9972
9999
9995
9983
9985
9982
9996
9982
9983
9983
9960
9963
9993
9989
9979
9977
9992
9981
9957
9995
9983
9992
9997
9993
9993
9972
9981
9988
9987
9982
9990
9981
9966
9997
9992
9982
9996
9973
9991
9971
9994
9974
9985
9995
9976
9970
9996
9989
9997
9969
9952
9996
9999
9975
9983
9990
9991
9986
9975
9980
9963
9986
9988
9986
9984
9986
9989
9973
9979
9970
9980
9982
9995
9990
9992
9989
9988
9981
9986
9981
9991
9986
9976
9990
9978
9981
9970
9975
9983
9980
9984
9984
9977
9972
9965
9981
9996
9990
9981
9985
9988
9992
9991
9978
9992
9991
9989
9988
9984
9983
9987
9984
9982
9990
9979
9989
9985
9978
9998
9980
9991
9986
9972
9998
9974
9938
9982
9986
9983
9992
9955
9987
9974
9983
9996
9971
9999
9987
9961
9987
9982
9992
9974
9990
9989
9987
9997
9979
9983
9976
9988
9982
9984
9974
9982
9991
9991
9980
9980
9980
9992
9983
9991
9985
9977
9992
9963
9958
9989
9971
9984
9990
9985
9978
9962
9983
9977
9987
9982
9982
9983
9979
9977
9987
9995
9975
9979
9993
9979
9973
9994
9990
9989
9996
9975
9978
9988
9985
9979
9983
9992
9982
9989
9985
9992
9994
9988
9979
9985
9992
9988
9991
9975
9986
9988
9981
9986
9976
9996
9970
9988
9963
9980
9973
9994
9990
9993
9986
9986
9979
9989
9998
9989
9984
9988
9994
9981
9991
9993
9965
9990
9970
9985
9997
9991
9963
9976
9990
9987
9985
9981
9993
9989
9989
9986
9980
9977
9984
9991
9988
9997
9991
9984
9995
9985
9986
9993
9990
9997
9986
9989
9982
9988
9996
9977
9976
9992
9983
9990
9987
9986
9982
9981
9942
9991
9993
9992
9970
9987
9980
9981
9977
9981
9991
9986
9980
9987
9993
9989
9985
9994
9973
9985
9995
9965
9990
9991
9996
9983
9968
9984
9972
9991
9988
10000
9980
9973
9993
9994
9989
9990
9987
9985
9991
9990
9991
9982
9990
9965
9979
9986
9988
9989
9958
9984
9989
9997
9977
9994
9970
9991
9996
9994
9987
9993
9997
9986
9976
9993
9975
9975
9984
9986
9991
9987
9994
9992
9982
9987
9990
9985
9966
9987
9989
9988
9987
9993
9992
9994
9970
9985
9990
9969
9979
9979
9975
9988
9993
9994
9993
9958
9983
9978
9990
9999
9986
9987
9996
9992
9998
9983
9982
9976
9989
9981
9993
9978
9983
9988
9981
9988
9989
9990
9980
9981
9981
9984
9990
9991
9981
9994
9968
9979
9987
9984
9989
9989
9983
9983
9979
9981
9985
9985
9991
9993
9991
9986
9985
9981
9990
9970
9980
9990
9991
9994
9980
9988
9988
9986
9989
9977
9982
9993
9994
9987
9979
9985
9988
9995
9992
9967
9973
9952
9996
9981
9992
9981
9975
9980
9991
9986
9981
9974
9988
9954
9986
9994
9989
9999
9993
9997
9996
9977
9974
9994
9984
9999
9990
9986
9958
9994
9991
9973
9980
9992
9971
9987
9979
9974
9988
9978
9992
9992
9969
9985
9992
9987
9976
9979
9978
9998
9993
9996
9983
9986
9997
9985
9992
9999
9996
9994
9991
9980
9992
9963
9973
9980
9988
9990
9993
9982
9989
9980
9985
9987
9981
9981
9985
9991
9978
9983
9979
9989
9967
9974
9988
9991
9986
9981
9981
9980
9989
9975
9990
9989
9989
9985
9979
9996
9978
9975
9987
9975
9974
9990
9992
9979
9990
9982
9985
9995
9974
10000
9990
9983
9987
9976
9992
9990
9986
9982
9984
9985
9983
9979
9996
9998
9973
9981
9985
9971
9978
9980
9979
9999
9994
9983
9988
9993
9979
9996
9992
9995
9996
9975
9956
9979
9972
9984
9986
9962
9984
9984
9992
9988
9982
9981
9988
9993
9995
9993
9997
9998
9996
9986
9976
9994
9989
9985
9994
9984
9985
9984
9990
9991
9980
9970
9989
9989
9976
9993
9947
9968
9990
9991
9985
9979
9983
9997
9984
9969
9979
9954
9977
9988
9994
9991
9997
9991
9995
9974
9967
9992
9969
9983
9987
9966
9988
9990
9990
9968
9991
9971
9978
9993
9981
9978
9976
9990
9990
9991
9984
9962
9977
9984
9993
9990
9964
9985
9975
9975
9971
9990
9988
9970
9978
9976
9987
9986
9998
9983
9993
9989
9996
9998
9999
9994
9994
9965
9983
9989
9986
9990
9977
9990
9980
9987
9987
9991
9991
9975
9966
9964
9993
9980
9973
9984
9989
9982
9992
9983
9992
9990
9993
9990
9978
9991
9988
9988
9984
9989
9976
9984
9968
9970
9990
9976
9988
9980
9981
9986
9990
9995
9990
9983
9960
9983
9976
9982
9993
9988
9984
9992
9985
9990
9989
9987
9992
9987
9982
9995
9976
9990
9985
9979
9986
9993
9982
9990
9972
9989
9977
9970
9996
9985
9995
9997
9970
9991
9991
9986
9996
9982
9977
9984
9996
9986
9942
9994
