9965
9987
9989
9985
9985
9997
9969
9988
9988
9994
9970
9984
9976
9983
9993
9994
9993
9988
9986
9969
9989
9990
9989
9985
9971
9987
9992
9955
9978
9991
9971
9980
9994
9977
9980
9984
9981
9986
9981
9984
9986
9976
9978
9998
9992
9997
9980
9938
9980
9982
9970
9977
9983
9989
9989
9977
9995
9991
9988
9941
10000
9991
9981
9981
9988
9985
9984
9980
9981
9998
9988
9983
9988
9966
9982
9976
9995
9969
9984
9970
9986
9970
9996
9986
9989
9990
9999
9982
9994
9980
9989
9993
9977
9971
9993
9988
9990
9985
9978
9989
9972
9972
9972
9983
9996
9973
9985
9983
9979
9994
9979
9982
9986
9985
9974
9973
9987
9981
9994
9985
9954
9996
9988
9986
9996
9986
9996
9986
9981
9979
9997
9986
9989
9991
9985
9987
9989
9995
9989
9996
9992
9947
9988
9992
9988
9993
9989
9975
9983
9977
9991
9998
9992
10000
9987
9987
9950
9992
9981
9966
9980
9966
9993
9973
9997
9991
9995
9982
9985
9988
9987
9976
9984
9986
9990
9976
9958
9994
9976
9990
9960
9974
9986
9974
9984
9991
9985
9977
9991
9956
9990
9983
10000
9992
9990
9992
9977
9983
9984
9984
9982
9991
9966
9994
9966
9994
9970
9982
9982
9970
9983
9996
9984
9987
9975
9985
9995
9979
9995
9990
9982
9987
9971
9989
9982
9974
9982
9986
9995
9963
9986
9990
9994
9977
9988
9988
9988
9987
9973
9995
9988
9991
9994
9991
9977
9979
9987
9988
9985
9977
9982
9981
9995
9986
9965
9997
9994
9994
9988
9980
9970
9983
9982
9981
9985
9978
9986
9981
9977
9971
9963
9988
9974
9974
9978
9986
9987
9987
9989
9988
9991
9988
9964
9988
9979
9979
9992
9966
9997
9985
9977
9973
9987
9986
9975
9984
9981
9995
9985
9991
9982
9975
9966
9970
9986
9991
9981
9992
9988
9976
9995
9984
9989
9989
9974
9988
9998
9983
9986
9988
9990
9989
9990
9995
9989
9990
9994
9996
9996
9975
9984
9996
9973
9991
9965
9988
9997
9977
9988
9983
9992
9992
9990
9986
9980
9992
9966
9990
9993
9990
9990
9984
9985
9967
9974
9983
9985
9985
10000
9977
9967
9991
9995
9984
9995
9983
9982
9988
9991
9989
9973
9984
9985
9978
9988
9989
9980
9982
9988
9988
9975
9981
9974
9990
9994
9978
9990
9984
9989
9988
9988
9984
9993
9977
9977
9997
9994
9994
9991
9984
9987
9992
9999
9982
9995
9982
9979
9961
9973
9994
9988
9974
9988
9968
9983
9987
9987
9982
9978
9975
9988
9978
9996
9988
9979
9992
9989
9993
9988
9972
9978
9979
9981
9988
9977
9985
9979
9999
9980
9978
9985
9987
9990
9991
9980
9962
9986
9989
9997
9982
9996
9981
9980
9996
9977
9982
9986
9984
9993
9988
9986
9978
9977
9980
9989
9967
9982
9989
9985
9982
9992
9995
9993
9983
9998
9948
9979
9979
9985
9991
9989
9984
9990
9989
9984
9992
9983
9976
9987
9988
9987
9988
9992
9972
9981
9982
9988
9976
9993
9988
9980
9978
9983
9991
9994
9970
9991
9956
9989
9981
9963
9973
9983
9993
9984
9989
9993
9977
9992
10000
9991
9981
9984
9981
9988
9983
9993
9985
9980
9988
9986
9983
9991
9991
9997
9983
9989
9991
9966
9954
9992
9981
9996
9994
9979
9982
9985
9985
9984
9987
9996
9991
9984
9977
9983
9995
9981
9989
9972
9989
9990
9988
9995
10000
9979
9957
9968
9985
9973
9982
9985
9986
9980
9993
9994
9975
9988
9985
9993
9984
9993
9991
9987
9980
9983
10000
9995
9986
9986
9993
9978
9985
9969
9973
9977
9990
9997
9985
9983
9982
9995
9972
9987
9991
9983
9975
9973
9972
9954
9981
9964
9978
9984
9986
9995
9998
9995
9986
9993
9988
9987
9987
9992
9982
9985
9994
9988
9978
9977
9975
9972
9978
9982
9996
9989
9975
9984
9984
9966
9977
9984
9986
9984
9990
9990
9961
9989
9990
9985
9977
9994
9967
9986
9990
9983
9983
9988
9984
9997
9989
9974
9987
9989
9972
9971
9971
9976
9996
9996
9998
9980
9986
9983
9988
9992
9974
9992
9984
9984
9983
9993
9995
9990
9986
9994
9988
9999
9974
9991
9977
9982
9984
9980
9974
9987
9965
9982
9990
9987
9991
9983
9982
9991
9989
9983
9983
9964
9979
9969
9975
9974
9987
9996
9995
9945
9985
9996
9981
9976
9998
9979
9983
9991
9996
9996
9982
9984
9998
9992
9972
9990
9980
9980
9988
9994
9984
9980
9981
9959
9986
9983
10000
9997
9987
9986
9991
9983
9993
9987
9987
9997
9992
9978
9981
9992
9989
9990
9986
9975
9975
9992
9971
9983
9994
9989
9972
9976
9981
9987
9993
9976
9980
9998
9983
9990
9988
9978
9982
9979
9982
9984
9983
9970
9980
9996
9987
9983
9986
9995
9969
9989
9980
9979
9996
9990
9978
9959
9992
9981
9981
10000
9988
9983
9971
9992
9971
9981
9978
9973
9992
9986
9977
9977
9987
9988
9987
9991
9977
9992
9978
9988
9979
9987
9982
9988
9995
9974
9965
9993
9984
9993
9973
9970
9962
9994
9971
9977
9984
9992
9972
9987
9993
9986
9989
9979
9988
9982
9990
9990
9995
9991
9983
9992
9979
9983
9986
9988
9987
9984
9995
9976
9975
9975
9994
9989
9958
9985
9990
9986
9983
9984
9987
9996
9975
9988
9983
9991
9968
9998
9977
9972
9985
9989
9994
9984
9974
9983
9965
9996
9966
9986
9974
9991
9982
9991
9988
9993
9990
9962
9983
9990
9994
9972
9988
9990
9978
9991
9988
9970
9967
9989
9996
9989
9981
9955
9994
9979
9983
9982
9985
9978
9992
9977
9979
9988
9990
9993
9959
9986
9981
9993
9986
9987
9994
9976
9997
9993
9977
9988
9983
9996
9987
9990
9989
9985
9975
9980
9980
9961
9979
9988
9988
9981
9993
9989
9988
9989
9991
9975
9975
9984
9990
9980
9978
9993
9964
9985
9980
9988
9994
9984
9986
9977
9980
9986
9993
9987
9977
9985
9983
9989
9988
9982
9989
9968
9996
9977
9993
9988
9977
9982
9991
9966
9983
9990
9991
9973
9988
9989
9968
