10000
9994
9996
10000
9996
9994
9984
9992
10000
10000
10000
9994
9996
10000
9979
9992
9992
9995
9995
9998
9997
9998
9981
9978
10000
10000
9992
9986
9999
10000
9997
10000
9995
9987
9979
9996
9988
10000
9999
9984
9987
9994
9998
9999
9984
9998
9994
9995
9993
9997
9968
9997
9984
9998
9972
9999
9988
10000
9975
9994
9988
9988
9999
9999
9989
10000
9996
9992
9998
9979
9998
9987
9980
9997
9999
9971
9998
9999
9976
9997
9987
9995
9998
9999
9999
9990
9991
9963
9991
10000
9996
9986
9997
9997
9978
9998
9979
9993
9994
10000
9993
9991
9992
10000
10000
9999
9990
9988
9986
9996
9992
9998
9998
9980
9999
10000
9979
9998
9999
9988
9995
9999
9996
9996
10000
10000
9995
9998
9994
9997
9997
9981
9996
10000
9987
9988
9994
9971
9996
9994
9998
9965
9999
9988
9996
9988
9999
9998
9992
9992
9992
9984
9994
9996
9987
9988
9997
9999
9988
9988
9994
9985
9995
9983
9993
9993
9998
9992
9995
9998
9982
9992
9999
9983
9998
9993
9996
9980
9999
9996
9974
9998
9986
9984
9996
9982
9999
10000
9981
9999
9990
9999
9989
9997
9997
9995
9988
10000
10000
10000
9981
10000
9990
9989
9995
9999
9994
9984
9997
9992
9988
9992
10000
9996
10000
9989
9989
9990
9995
10000
9986
9987
9996
9993
10000
9998
9997
9998
9997
9981
9974
9968
9992
9993
9977
9982
9971
9989
9999
10000
9990
9991
9987
9998
9998
9990
9999
9999
9976
9988
9993
10000
9998
10000
9983
9981
9993
9983
9987
9979
9979
9982
9991
9987
9992
9995
9994
9996
9995
10000
9998
9991
9987
9995
9998
9994
9990
9986
9990
10000
9997
9996
9999
9999
9991
9988
9998
9967
9992
9990
9996
9991
9997
9998
9985
9991
9991
10000
9991
9995
9975
9997
9991
9999
9999
9989
9992
9987
9998
9993
9998
10000
9994
10000
9982
9980
9973
9991
9995
10000
9985
9997
9998
9974
9996
9970
9998
9995
9996
9984
9998
9996
9990
10000
9990
10000
9992
9984
9996
9989
10000
9986
10000
9982
9994
9996
9990
9996
9999
10000
9999
9993
9992
9997
9984
9983
9997
9990
9974
9981
9992
9991
9998
10000
9987
10000
9995
9979
9993
9998
9988
9996
9984
9996
9983
9997
9995
9990
9998
9990
9995
9999
9992
9997
9993
9997
10000
9999
9996
9995
9981
9994
9998
9996
9997
9989
9969
9993
9987
9996
9985
9999
9975
9988
9999
9992
9984
9999
9995
9996
9996
9994
9977
9998
9991
9994
9995
10000
9999
9977
9993
9990
9991
9997
9996
9998
9999
10000
9992
9997
9998
9997
9989
9996
9996
9993
9994
9996
9993
9992
9999
9991
9978
9993
9989
9992
9993
9992
9997
9994
9993
9989
9998
9979
9985
9999
9988
9998
9994
9990
9979
9996
9993
10000
9992
10000
9997
10000
9999
9991
9998
9996
9999
9996
9996
9987
9993
9992
9997
9987
9983
10000
9993
9989
9982
9999
9996
10000
9997
9984
9997
9986
9981
9997
10000
9998
9982
9999
9987
9994
9997
9999
9973
10000
10000
9996
9999
9984
10000
9996
10000
9990
9998
9985
9998
9998
10000
9988
10000
9999
10000
9999
9991
9974
9997
9987
9990
9990
10000
9999
10000
9987
9992
9994
9990
9999
9991
9993
9986
9987
9997
9981
9996
9993
10000
9995
9996
10000
10000
10000
9979
9989
9991
9981
9994
9999
9992
9988
9999
9988
9994
9986
9988
9981
9988
9997
9998
9989
9999
10000
9999
9989
9977
9996
10000
9998
9980
9997
9997
9989
9995
10000
10000
9991
9984
9990
9992
9996
9997
9989
9987
10000
9996
9991
9987
9993
9995
9993
9984
9992
9999
9980
9994
9987
9992
10000
9995
9983
9985
9997
9991
9992
9999
9994
10000
10000
9988
10000
9997
9995
9998
9987
9994
9986
9993
9986
9998
9989
9994
9981
9994
10000
10000
9999
9997
10000
9984
9989
9995
9988
9985
9995
9985
9999
9996
9992
9991
10000
9998
10000
9985
9999
9984
10000
9997
9997
9996
9985
9986
9994
9990
9968
9990
9997
10000
9990
9995
9998
9998
9988
9994
9972
9996
9994
9997
9999
9994
10000
9991
9998
9999
9978
9994
9991
9992
9993
9994
9998
9993
9984
9978
9991
9984
9993
9998
10000
9995
9982
9987
9973
9998
10000
9991
9998
9990
9995
9989
9976
9999
9997
9997
9999
10000
9998
9993
9997
9995
9989
10000
9988
10000
9989
9994
9987
9990
9999
9993
9991
9974
9996
9985
9998
9996
10000
9986
9983
9980
9982
9990
9989
9990
9984
9999
9977
9996
9993
9993
9983
10000
9989
10000
10000
9995
9993
10000
9993
9992
9982
9990
9994
9977
9999
9979
9997
9989
9995
9990
9985
9997
9999
9993
9987
10000
9997
9961
9998
9998
10000
9978
9998
10000
9987
9982
9989
9992
9988
9988
9994
9997
9999
9997
10000
9996
9984
10000
9993
9965
9998
9990
9996
9984
9982
10000
9996
9989
9997
9998
9998
9987
9989
9986
9998
9992
9986
9993
9997
9998
9999
9987
9998
9988
9997
9997
9977
9997
9989
9994
9994
10000
9989
9999
9995
9992
9995
9990
9995
10000
9995
9999
9997
10000
9983
10000
9999
9997
9999
9980
9994
9993
9997
9999
9998
9997
9992
9999
9990
9990
9994
9977
9992
10000
10000
9978
9994
9994
9998
9983
9996
9995
10000
9993
9996
9997
9991
9999
9984
9989
9988
9995
9996
10000
9977
9988
10000
9984
10000
9993
9998
9999
9998
10000
9992
10000
9981
9992
9999
9997
9989
10000
9988
9996
10000
9993
9975
9994
9981
9997
9983
10000
9997
9972
9993
9995
9997
9996
9985
9979
9993
9993
9975
9988
9998
9998
9976
9988
9999
9998
9998
9998
9998
10000
10000
9996
9994
9990
10000
9996
9997
9971
9980
9989
9999
10000
10000
9978
9989
9991
9984
9994
9992
9989
9998
9977
9988
9995
9984
9990
9994
9996
9994
9997
9993
9989
9992
9999
9993
9976
10000
9988
9990
9972
9998
10000
9991
9995
9997
9995
9983
9990
9983
10000
9995
9979
10000
9992
9982
9997
9998
9992
9988
9991
9985
9998
9989
9977
9989
9999
9972
9982
9983
