9986
9979
9991
9988
9985
9994
9997
9992
9957
9997
9993
9979
9988
9981
9988
9987
9982
9989
9989
9975
9995
9985
9989
9976
9978
9985
9994
9997
9978
9986
9971
9969
9991
9990
9982
9981
9996
9983
9988
9987
9980
9986
9991
9995
9973
9976
9981
9990
9983
9984
9973
9985
9991
9993
9986
9988
9960
9991
9990
9975
9994
9994
9984
9982
9974
9980
9994
9972
9989
9975
9975
9983
9977
9993
9985
9967
9987
9986
9982
9994
9992
9977
9993
9983
9978
9994
9981
9974
9971
9979
9991
9980
9988
9984
9996
9987
9981
9985
9983
9990
9987
9982
9991
9986
9987
9985
9971
9989
9988
9980
9998
9988
9996
10000
9990
9983
9991
9988
9992
9990
9970
9987
9983
9992
9997
9990
9994
9987
9989
9960
9988
9987
9993
9990
9985
9987
9990
9982
9978
9989
9982
9974
9991
9991
9989
9969
9980
9985
9991
9980
9992
9989
9995
9992
9979
9979
9969
9978
9994
9996
9981
9971
9980
9993
9986
9980
9986
9993
9986
9983
9983
9979
9989
9981
9954
9989
9990
9983
9984
9992
9987
9989
9979
9993
9991
9984
9986
9989
9982
9986
9989
9987
9998
9975
9982
9985
9994
9975
9970
9987
9967
9961
9984
9992
9988
9989
9980
9993
9994
9976
9973
9988
9993
9988
9978
9975
9994
9986
9989
9992
9993
9987
9993
9982
9984
9983
9984
9978
9972
9984
9984
9991
9986
9980
9980
9991
9993
9974
9982
9995
9986
9980
9978
9955
9994
9984
9978
9969
9990
9985
9976
9978
9965
9978
9980
9985
9986
9984
9980
9988
9989
9988
9989
9983
9980
9982
9967
9978
9984
9969
9983
9996
9984
9997
9987
9984
9994
9979
9994
9985
9985
9966
9985
9985
9991
9985
9993
9991
9986
9983
9994
9989
9990
9984
9989
9977
9970
9972
9982
9987
9993
9982
9992
9994
9996
9973
9980
9995
9994
9986
9997
9992
9985
9975
9985
9972
9989
9986
9976
9975
9990
9990
9973
9981
9982
9975
9990
9993
9971
9993
9993
9980
9995
9989
9974
9979
9985
9986
9981
9976
9979
9976
9984
9971
9988
9991
9980
9987
9985
9965
9983
9969
9981
9982
9975
9973
9994
9979
9992
9988
9975
9993
9993
9973
9991
9981
9987
9996
9986
9988
9989
9982
9984
9974
9995
9981
9990
9981
9990
9994
9974
9981
9993
9980
9986
9985
9973
9984
9996
9990
9956
9991
9988
9974
9974
9982
9993
10000
9988
9981
9991
9991
9987
9970
9990
9976
9983
9988
9989
9979
9987
9978
9988
9995
9982
9980
9963
9986
9988
9983
9985
9993
9991
9999
9983
9990
9984
9994
9987
9990
9981
9991
9986
9992
9988
9937
9994
9988
9989
9989
9982
9982
9976
9985
9990
9978
9992
9977
9995
9980
9989
9984
9982
9995
9971
9996
9975
9984
9982
9996
9994
9991
9980
9984
9982
9977
9987
9966
9976
9989
9989
9976
9987
9993
9981
9995
9991
9980
9995
9994
9988
9969
9993
9988
9970
9977
9998
9984
9983
9962
9975
9956
9992
9980
9977
9977
9984
9973
9986
9967
9983
9956
9997
9990
9968
9977
9979
9976
9987
9987
9998
9987
9996
9994
9965
9990
9990
9986
9995
9994
9964
9987
9982
9988
9985
9991
9971
9988
9982
9977
9988
9983
9978
9985
9985
9997
9998
9965
9991
9993
9968
9999
9994
9992
9981
9996
9972
9977
9976
9982
9971
9984
9973
9994
9991
9985
9972
9992
9980
9999
9994
9977
9975
9997
9993
9981
9978
9979
9986
9991
9968
9973
9956
9987
9985
9986
9984
9955
9971
9983
9961
9991
9986
9979
9997
9994
9982
9992
9993
9967
9980
9988
9979
9994
9985
9980
9991
9980
9991
9991
9971
9980
9981
9988
9994
9984
9980
9991
9985
9988
9982
9998
9988
9995
9978
9988
9992
9996
9976
9996
9990
9975
9982
9974
9993
9967
9982
9996
9966
9983
9983
9954
9983
9997
9979
9984
9992
9970
9991
9983
9979
9986
9987
9979
9988
9978
9986
9991
9987
9993
9985
9989
9984
9986
9980
9989
9981
9981
9977
9987
9964
9991
9989
9989
9980
9976
9981
9991
9983
9983
9982
9992
9976
9985
9987
9990
9987
9994
9985
9976
9970
9990
9995
9969
9995
9985
9966
9981
9989
9995
9986
9973
9994
9989
9971
9997
9992
9990
9963
9986
9975
9981
9977
9991
9980
9974
9996
9965
9966
9979
9978
9988
9977
9979
9983
9963
9990
9996
9976
9983
9998
9980
9991
9987
9971
9994
9981
9985
9973
9989
9967
9991
9985
9996
9985
9984
9994
9984
9998
9970
9988
9973
9988
10000
9975
9966
9981
9981
9991
9993
9980
9980
9992
9989
9983
9985
9970
9991
9965
9977
9993
9983
9955
9988
9969
9989
9986
9993
9994
9978
9973
9979
9988
9993
9975
9975
9972
9971
9986
9974
9998
9983
9982
9995
9974
9975
9980
9986
9967
9986
9977
9980
9997
9987
9994
9974
9982
9995
9997
9994
9985
9986
9986
9998
9987
9990
9954
9979
9980
9988
9981
9983
9975
9981
9994
9980
9982
9991
9990
9993
9993
9987
9984
9965
9987
9991
9990
9992
9956
9981
9983
9993
9991
9973
9986
9987
9973
9980
9990
9995
9987
9981
9982
9994
9990
9982
9975
9965
9984
9994
9987
9983
9992
9977
9984
9983
9974
9985
9963
9989
9973
9988
9978
9992
9986
9991
10000
9972
9981
9989
9984
9995
9978
9979
9992
9981
9989
9975
9981
9979
9993
9978
9962
9988
9979
9972
9978
9948
9957
9984
9985
9990
9988
9983
9988
9964
9994
9975
9989
9986
9982
9985
9985
9988
9969
9996
9980
9986
9971
9983
9982
9995
9987
9977
9968
9986
9978
9994
9988
9992
9980
9956
9985
9988
9989
9962
9997
9985
9990
9985
9971
9968
9981
9974
9984
9988
9987
9992
9982
9984
9998
9995
9975
9993
9972
9992
9996
9980
9995
9973
9988
9985
9990
9994
9991
9991
9981
9989
9978
9988
9967
9973
9986
9995
9988
9978
9987
9988
9975
9972
9988
9968
9994
9992
9967
9977
9990
9989
9978
9977
9996
9987
9985
9990
9982
9992
9983
9992
9997
9987
9983
9996
9984
9984
9995
9989
9986
9981
9988
9988
