10000
10000
9775
9981
10000
8885
9843
10000
10000
10000
10000
10000
10000
9835
9953
9868
10000
10000
10000
9927
9900
10000
10000
10000
10000
10000
10000
9988
10000
9948
10000
9100
10000
9585
10000
8933
9919
9933
10000
9920
10000
9216
9721
10000
9981
10000
10000
9779
10000
9674
10000
9897
9894
9827
10000
9737
10000
9471
10000
9765
10000
10000
10000
10000
10000
10000
9148
9841
9751
10000
9337
8685
9024
9012
10000
10000
10000
10000
10000
10000
10000
8213
10000
8921
10000
10000
10000
10000
9745
9598
9898
9325
10000
10000
10000
10000
9707
10000
10000
10000
10000
10000
9582
10000
9842
10000
10000
10000
9563
9583
10000
10000
10000
9602
10000
9982
10000
10000
10000
10000
10000
10000
10000
9642
10000
10000
10000
9640
9161
9722
9925
9646
10000
9098
10000
10000
10000
9637
10000
10000
10000
10000
8374
10000
10000
10000
9771
10000
9569
9389
9985
9275
10000
10000
10000
10000
10000
10000
10000
9921
9879
9666
10000
9785
9073
9774
10000
10000
9530
9724
9328
9569
10000
9630
10000
10000
10000
9763
9632
10000
10000
9455
10000
10000
9684
10000
10000
9328
10000
10000
9598
8801
10000
10000
10000
9111
10000
9744
9412
9295
10000
10000
9909
9974
8400
10000
9760
10000
9812
9914
10000
9224
10000
10000
10000
10000
10000
9784
10000
10000
10000
9998
10000
10000
10000
10000
10000
10000
10000
9918
10000
10000
9492
9502
8819
9394
8756
10000
10000
9791
10000
10000
10000
10000
9693
10000
10000
8886
9423
10000
10000
9731
10000
10000
10000
10000
10000
9559
10000
10000
10000
10000
9992
9734
9474
9661
9640
9903
10000
10000
10000
9018
10000
10000
10000
9743
9844
9404
10000
10000
8740
10000
9897
10000
10000
10000
10000
10000
9389
10000
10000
10000
10000
9411
10000
10000
10000
10000
10000
9954
9716
9927
10000
10000
9420
10000
10000
9841
10000
9853
10000
10000
9781
10000
10000
10000
10000
10000
10000
9707
10000
10000
9687
9540
10000
10000
10000
10000
9642
9636
9952
9606
10000
10000
9476
10000
10000
10000
9201
9232
9756
10000
10000
10000
9230
10000
10000
9475
10000
9720
10000
10000
8901
10000
10000
10000
9840
8876
9816
9239
9072
9952
8703
10000
10000
10000
10000
9810
9747
9408
10000
8137
10000
10000
10000
8986
10000
9162
10000
10000
9360
9824
10000
10000
10000
10000
10000
10000
10000
9776
9463
10000
10000
10000
10000
10000
10000
10000
9926
10000
10000
10000
10000
8431
9572
10000
10000
10000
10000
9976
9984
9697
9964
10000
9895
10000
10000
10000
10000
10000
10000
9312
10000
9879
10000
8889
10000
10000
9965
10000
9945
10000
10000
10000
10000
10000
10000
10000
10000
10000
10000
10000
10000
10000
9407
9461
10000
10000
10000
10000
10000
10000
10000
10000
10000
9029
10000
9548
10000
10000
9355
10000
10000
9598
9800
10000
10000
10000
10000
10000
8603
9517
9929
10000
10000
8432
10000
10000
10000
10000
9173
9526
9925
10000
10000
10000
10000
10000
10000
10000
9294
10000
9770
10000
10000
9582
9229
9498
10000
9501
10000
9809
10000
10000
10000
9539
10000
10000
9741
8662
10000
10000
9744
10000
10000
8695
9984
9479
9524
10000
10000
10000
10000
9694
9615
9072
10000
10000
10000
10000
10000
10000
10000
8898
10000
8959
10000
10000
9856
10000
9840
10000
10000
10000
10000
9793
10000
10000
10000
9629
10000
9915
10000
10000
8697
10000
10000
9863
10000
10000
9836
9993
10000
10000
9781
10000
10000
9694
10000
9507
10000
9800
10000
8759
9779
10000
10000
10000
9516
9921
9950
10000
8751
9151
10000
10000
10000
10000
9509
9089
9697
10000
10000
9841
10000
9426
9772
10000
9734
10000
10000
10000
10000
9561
9681
10000
10000
10000
10000
10000
10000
9749
9767
9823
10000
10000
9994
10000
10000
10000
9790
10000
9825
9410
10000
9124
10000
10000
10000
8619
10000
9268
10000
10000
10000
10000
10000
10000
10000
10000
10000
10000
10000
9312
10000
10000
10000
10000
10000
10000
9867
9933
10000
10000
10000
9050
9987
10000
9984
9735
10000
10000
9109
8671
8917
9246
9931
10000
9294
10000
9500
10000
10000
10000
10000
9964
10000
10000
9816
9594
10000
9956
9834
10000
10000
9630
10000
9327
10000
10000
10000
9147
10000
9979
9448
10000
10000
9091
10000
9984
10000
10000
10000
10000
10000
10000
10000
9820
10000
8987
9926
9955
10000
10000
10000
10000
9281
10000
8554
10000
10000
10000
10000
10000
9890
9507
9378
10000
10000
9997
9688
10000
10000
10000
9998
10000
9752
10000
10000
10000
8974
10000
10000
9955
10000
10000
9016
10000
10000
10000
10000
10000
9581
9480
10000
9972
10000
10000
10000
8708
10000
9961
10000
9524
10000
9802
9856
9963
9882
10000
10000
10000
9872
10000
10000
10000
10000
9973
8945
9616
9243
10000
10000
9487
10000
10000
9607
9572
9876
10000
10000
9639
8608
9804
10000
10000
10000
10000
8899
9911
10000
10000
9494
9799
8514
10000
9399
9719
10000
9226
9871
10000
9114
10000
10000
10000
10000
9533
9948
10000
10000
9644
10000
10000
10000
9787
9290
10000
10000
10000
10000
10000
10000
9168
10000
10000
10000
10000
10000
9582
10000
9767
10000
10000
10000
10000
9220
10000
10000
9558
9797
9853
9781
8837
9989
10000
9254
10000
10000
10000
10000
10000
10000
10000
10000
9973
10000
9269
9837
10000
10000
9939
10000
10000
9602
9859
10000
10000
10000
10000
10000
9609
9072
10000
10000
10000
10000
9547
8209
9422
10000
10000
9474
9897
10000
10000
10000
10000
10000
10000
10000
9006
10000
9338
8629
9754
9107
10000
10000
10000
9506
10000
9264
8965
10000
10000
9562
9724
9934
10000
8886
10000
10000
10000
9837
10000
10000
10000
10000
10000
10000
10000
10000
9571
10000
9221
9637
10000
9793
10000
10000
10000
10000
10000
9853
10000
10000
10000
10000
10000
10000
10000
9522
10000
10000
8826
9250
10000
10000
10000
10000
10000
10000
9554
10000
10000
8702
10000
10000
10000
10000
10000
9590
10000
8903
10000
10000
10000
10000
10000
10000
9983
10000
10000
9067
10000
9968
10000
10000
8494
9918
10000
10000
10000
10000
9966
9388
10000
10000
9668
