9977
10000
9999
9987
9997
9975
9989
9985
9988
9997
9990
10000
9976
9983
9989
9991
9990
9989
9984
9993
9992
9997
10000
9998
9992
9996
9999
9997
9996
9987
9975
9991
9986
9985
9989
9991
9995
9995
9994
9983
9989
9995
9994
9983
9989
10000
9989
9985
9999
9989
9987
9987
9966
9998
9982
9988
9976
9987
9988
9984
9979
9966
9990
9984
9982
9963
9984
9991
9998
9987
9998
9988
9989
9999
9977
9998
9983
9980
9986
9987
9981
9990
9979
9990
9993
9999
9991
9995
9994
9981
9981
9986
10000
9978
9992
9994
9991
9999
9986
9979
9993
9998
9980
9990
9997
9992
9988
9998
9979
9971
9984
9965
9998
9985
9999
9994
9997
9998
9987
9984
9991
9995
9978
9986
9989
9993
9997
9974
9999
9990
9979
9981
9988
9995
9996
9991
9982
9980
9968
9987
9980
10000
9999
9981
9993
9992
9983
9974
9991
9991
9980
9991
9995
9990
9984
9997
9991
10000
9990
9998
9989
9986
9990
9986
9973
9988
9996
9993
9995
9985
9996
9985
9991
9994
9964
9985
9991
9996
9992
9979
9996
9986
9987
9991
9979
9982
9981
9985
9990
9989
9993
9977
9994
9982
9984
9994
9986
9988
9970
9982
9987
9999
9994
9995
9987
9994
9996
9992
9994
9994
9991
9991
9988
9993
9986
9966
9986
9984
9983
9988
9986
9967
10000
9990
9986
9996
9984
9982
9975
9992
9995
9989
9995
9973
9984
9991
9991
9976
9968
9987
9990
9985
9989
9986
9987
9991
9996
9969
9979
9992
9999
9991
9995
9995
9996
9993
9989
9985
9979
9990
9998
9994
10000
9998
9970
9985
9976
9971
9983
9985
9983
9991
9979
9963
9978
9996
9994
9991
9979
9983
9984
9990
9972
9991
10000
9990
9977
9990
9993
9987
9990
9985
10000
9989
9969
9979
9994
9991
9973
9985
10000
9994
9994
9993
9984
9994
9992
9995
9970
10000
9982
9982
9999
9980
9989
9981
9981
9993
9993
9997
9988
9997
9995
9996
9997
9993
9973
9995
9980
9994
9991
9991
9979
9994
9999
9989
9987
9999
9999
9983
10000
9994
9987
9998
9990
9988
9981
9985
9992
9982
9994
10000
9997
9996
9976
9995
9990
9982
9964
9986
9984
9989
9999
10000
10000
9991
9969
9995
9987
9985
9999
9988
9997
9994
9995
9999
9976
9988
9987
9967
9990
9994
9979
9983
9962
9998
10000
9983
9972
9986
9997
9993
10000
9972
9985
9987
9999
9990
9997
9995
9986
9986
9993
9975
9995
9984
9991
9996
9985
9999
9989
9985
9979
9957
9982
9982
10000
9993
9993
9995
9992
9990
9991
9987
9991
9980
9994
9981
9987
9999
9997
9980
9997
9991
9986
9989
9995
9999
9990
9998
9982
10000
9996
9988
9983
9994
9998
9996
9995
9989
9968
9990
9982
9996
10000
9997
9971
9986
9993
9981
9991
9988
9978
9986
10000
10000
9988
9993
9989
9985
9998
9993
9989
9984
9993
9998
9990
9990
9985
9979
9982
9989
9994
9989
9976
9991
9979
9971
9982
9991
9985
9978
9979
9984
9975
9991
9994
10000
9994
9961
9993
9986
9985
9989
9985
9998
9984
9993
9996
9988
9994
9993
9966
9989
9963
9987
9965
9983
9999
9995
9998
9990
9975
9981
9980
9989
9967
9997
9997
9995
9987
9979
9976
9988
9967
9976
9995
9985
9992
9999
10000
9985
9979
9996
9975
9978
9971
9988
9983
9996
9990
9994
9997
9989
10000
9989
9990
9991
9996
9979
9993
9991
9989
9988
9986
9996
9980
9994
9974
9991
9987
9991
9990
9990
10000
9992
9996
9999
10000
9991
9990
9987
9997
9984
9998
9989
9990
9999
9983
9985
9985
9983
9987
9984
9996
9997
9967
9989
9988
9986
9989
9992
9989
9995
9991
9995
9986
9984
9995
9976
9980
9985
9979
9982
9984
9996
9990
9987
9992
9945
9990
9987
9996
9985
9999
9989
9965
9974
9983
9987
9968
9998
9984
9945
9981
9992
9992
9990
9988
9974
9999
9996
10000
9984
9996
9994
9995
9989
9993
9995
9998
9968
9971
9990
9995
9988
10000
9996
9984
9992
9980
9986
9985
9990
9984
9985
9978
10000
9997
9984
9972
9974
9984
9974
9984
9979
9994
9999
9987
9991
9996
9987
9997
9990
9982
9993
9992
9980
9964
9993
9991
9996
9958
9987
9986
9987
9988
9978
9976
9991
9980
9987
9984
9991
9992
9987
9993
9996
9981
9983
9976
9983
9998
9998
10000
9986
9992
9987
9989
9989
9994
9981
9995
10000
9992
9986
9994
9976
10000
9990
9977
9986
9989
9977
9975
9975
9999
9985
9986
9977
9998
9993
9979
9991
9990
9995
9980
9992
9977
9979
9990
9988
9998
9980
9995
9989
9994
9996
9988
9999
9993
9991
9997
9967
9985
9989
9988
9999
9981
9990
9989
9984
9996
9990
9998
9997
9994
9988
9991
9999
9998
9968
9975
9985
9988
9976
9993
9979
9989
9998
9985
9980
9972
9991
9992
9985
9980
9986
9996
9989
10000
9992
9997
9999
9986
9995
9988
9988
9992
9988
9987
10000
9989
9979
9990
10000
9984
10000
9981
9991
9987
9991
9994
9997
9981
9985
9991
9982
9998
9980
9991
9985
9976
9992
9997
9979
9998
9993
9996
9989
9985
9984
9965
9964
9999
9995
9993
9983
9961
9979
9984
9998
9987
9992
9990
9990
9967
9988
9988
9973
9988
9973
9993
9987
9987
9986
9996
9994
9977
9987
9994
9996
9965
9995
9989
9970
9989
9986
9987
9987
9986
9979
9998
9978
9991
9992
9998
9996
9998
9998
9981
9986
9998
9983
9994
9999
9990
9989
9985
9985
9992
10000
9985
9988
9985
9999
9999
9989
9979
9987
9996
9985
9993
9968
9985
9995
9981
9985
9992
9973
9990
9993
9974
9992
9976
9987
9993
9993
9991
9987
9988
9974
10000
9984
9976
9987
9978
9975
9979
9995
9986
9989
10000
9979
9993
9972
9999
9988
9997
9987
9985
9978
9995
9970
9972
9989
10000
9994
9993
9978
9998
9987
9988
9986
9977
9987
9988
9995
9975
9994
9976
9972
9992
9985
9982
9989
9991
9993
9991
9983
9996
9987
9997
9999
9975
9990
9974
9992
9990
9989
9970
10000
9986
9985
9997
9982
9990
9977
9982
9996
