9998
9987
9988
9971
9991
9993
9988
9973
9943
9987
9984
9996
9973
9986
9983
9990
9988
9994
9990
9960
9989
9986
9984
9981
9994
9995
9993
9995
9995
9978
9987
9997
9990
9998
9960
9989
9995
9942
9983
9992
9987
9965
9957
9988
9990
9996
9978
9983
9964
9987
9985
9981
9993
9994
9980
9990
9976
9981
9988
9988
9989
9981
9990
9985
9975
9971
9976
9993
9984
9996
9989
9980
9984
9989
9993
9982
9984
9996
9993
9992
9998
9987
9995
9985
9989
9976
9992
9983
9974
9982
9982
9993
9975
9982
9949
9987
9994
9986
9995
9987
9987
9994
9976
9995
9993
9976
9982
9976
9976
9980
9980
9998
9976
9987
9987
9988
9976
9990
9991
9972
9992
9977
9969
9972
9992
9964
9994
9984
9968
9984
9993
9995
9988
9961
9991
9979
9981
9977
9987
9988
9986
9971
9989
9981
9990
9980
9992
9995
9983
9986
9988
9991
9989
9968
9987
9976
9978
9979
9992
9967
9988
9970
9977
9997
9988
9989
9992
9971
9979
9982
9993
9979
9974
9996
9968
9962
9968
9987
9988
9992
9964
9988
9986
9996
9985
9987
9988
9980
9969
9987
9977
9993
9991
9978
9996
9972
9980
9994
9990
9979
9991
9973
9996
9995
9990
9998
9987
9983
9989
9984
9987
9972
9986
9967
9981
9972
9975
9997
9985
9968
9976
9984
9988
9985
9993
9987
9969
9987
9986
9988
9982
9992
9988
9984
9978
9982
9972
9963
9977
9986
9996
9989
9973
9992
9979
9989
9984
9983
9995
9975
9992
9985
9958
9986
9983
9988
9982
9989
9988
9993
9988
9985
9976
9967
9999
9972
9996
9985
9990
9982
9993
9971
9976
9958
9990
9988
9988
9994
9993
9975
9989
9989
9990
9989
9950
9980
9987
9983
9989
9975
9985
9990
9988
9993
9998
9983
9983
9984
9971
9987
9978
9978
9985
9981
9977
9991
9976
9998
9966
9996
9994
9989
9970
9990
9995
9972
9988
9990
9978
9990
9996
9975
9982
9991
9971
9988
9990
9982
9981
9995
9984
9969
9969
9995
9994
9981
9995
9995
9988
9962
9982
9996
9986
9991
9976
9984
9996
9987
9991
9986
9989
9973
9982
9981
9988
9991
9998
9976
9992
9983
9996
9975
9986
9997
9978
9995
9972
9974
9983
9993
9991
9971
9984
9970
9990
9956
9986
9979
9992
9992
9993
9977
9989
9982
9978
9984
9989
9983
9983
9994
9992
9980
9993
9988
9985
9985
9989
9994
9988
9978
9977
9981
9970
9993
9984
9984
9985
9989
9984
9989
9983
9988
9988
9985
9987
9984
9986
9979
9997
9991
9984
9975
9960
9989
9987
9978
9982
9990
9997
9985
9979
9996
9994
9988
9973
9996
9984
9990
9986
9978
9993
9974
9980
9988
9990
9981
9984
9996
9987
9977
9975
9981
9971
9991
9994
9991
10000
9977
9981
9989
9999
9981
9979
9997
9985
9978
9976
9979
9986
9989
9990
9987
9998
9985
9981
9990
9976
9983
9993
9985
9998
9967
9976
9993
9964
9986
9997
9974
9981
9979
9997
9994
9980
9991
9983
9989
9982
9995
9975
9973
9978
9993
9989
9964
9986
9989
9983
9969
9983
9982
9993
9979
9974
9975
9993
9989
9964
9981
9996
9981
9987
9992
9982
9986
9971
9983
9980
9991
9980
9978
9996
9964
9985
9982
9988
9978
9978
9983
9972
9986
9987
10000
9995
9984
9996
9974
9974
9995
9979
9972
9985
9980
9993
9971
9988
9981
9979
9993
9988
9990
9995
9999
9985
9995
9986
9988
9995
9984
9990
9981
9984
9981
9983
9983
9985
9994
9977
9990
9976
9984
9986
9992
9983
9987
9997
9994
9973
9992
9984
9976
9993
9976
9974
9982
9982
9972
9980
9979
9977
9989
9965
9985
9982
9967
9985
9975
9992
9989
9974
9990
9974
9980
9986
9974
9971
10000
9990
9990
9981
9967
9993
9989
9991
9990
9980
9992
9965
9981
9989
9991
9992
9973
9978
9986
9997
9972
9988
9992
9984
9976
9991
9990
9990
9982
9987
9994
9983
9978
9976
9977
9988
9990
9971
9977
9984
9985
9983
9975
9989
9996
9994
9977
9992
9987
9987
9985
9983
9992
9987
9973
9970
9983
9986
9969
9976
9987
9995
9974
9956
9990
9968
9973
9982
9982
9977
9989
9989
9987
9980
9996
9971
9993
9986
9993
9981
9991
9989
9993
9988
9980
9989
9987
9982
9996
9987
9977
9971
9958
9990
9974
9986
9996
9985
9994
9990
9993
9939
9996
9978
9986
9978
9959
9980
9989
9991
9990
9980
9987
9989
9990
9971
9994
9985
9976
9973
9984
9990
9980
9992
9999
9975
9993
9961
9989
9968
9986
9981
9988
9989
9977
9955
9966
9991
9988
9991
9967
9974
9979
9982
9988
9979
9996
9975
9991
9997
9981
9971
9989
9965
9992
9996
9996
9991
9967
9970
9988
9968
9991
9988
9994
9980
9990
9991
9960
9989
9989
9981
9988
9993
9992
9984
9991
9976
9982
9989
9987
9995
9971
9983
9970
9988
9965
9988
9979
9976
9991
9981
9986
9978
9969
9989
9986
9971
9989
9975
9996
9996
9976
9983
9995
9979
9988
9986
9980
9995
9994
9990
9968
9998
9976
9985
9960
9988
9988
9993
9992
9984
9981
9986
9981
9966
9983
9975
9987
9983
9989
9969
9978
9993
9980
9991
9987
9997
9977
9981
9990
9951
9978
9995
9993
9982
9970
9989
9970
9981
9983
9977
9992
9992
9985
9991
9996
9985
9982
9989
9950
9989
9995
9988
9969
9976
9983
9991
9972
9980
9966
9970
9993
9982
9976
9992
9982
9985
9985
9980
9988
9985
9977
9990
9989
9987
9997
9962
9986
9979
9985
9989
9990
9990
9978
9986
9985
9965
9992
9963
9991
9978
9979
9969
9996
9981
9974
9985
9993
9994
9974
9998
9987
9988
9980
10000
9994
9994
9985
9992
9985
9987
9982
9987
9981
9980
9995
9994
9995
9980
9989
9985
9982
9956
9991
9996
9979
9989
9976
9991
9979
9989
9983
9967
9961
9965
9975
9986
9989
9993
9981
9990
9988
9980
9987
9975
9997
9989
9993
9989
9971
9993
9973
9993
9974
9992
9983
9986
9991
9998
9982
9988
9979
9979
9974
10000
9979
9994
9984
9973
9995
9977
9982
9982
9995
