9978
9982
9984
9996
9975
9983
9982
9987
9998
9986
9984
9980
9990
9989
9984
9984
9997
9975
9982
9973
9978
9979
9994
9980
9987
9988
9976
9996
9992
9986
9974
9972
9990
9974
9988
9983
9982
9969
10000
9987
9992
9991
9988
9983
9967
9974
9992
9970
9988
9996
9989
9991
9989
9987
9988
9981
9994
9964
9991
9972
9978
9989
9984
9972
9987
9987
9979
9978
9990
9982
9987
9990
9989
9986
9987
9979
9965
9969
9975
9993
9988
9994
9993
9991
9974
9994
9979
9978
9987
9979
9992
9990
9995
9982
9987
9995
9983
9989
9975
9987
9982
9979
9989
9992
9990
9974
9991
9993
9997
9946
9984
9982
9989
9976
9992
9989
9967
9989
9959
9988
9981
9992
9982
9991
9994
9963
9991
9992
9974
9981
9984
9985
9993
9984
9985
9985
9994
9980
9975
9988
9979
9989
9976
9995
9975
9978
9991
9985
9987
9977
9990
9988
9983
9990
9985
9991
9991
9979
9992
9980
9995
9981
9986
9979
9977
9982
9988
9990
9993
9982
9995
9971
9993
9975
9987
9974
9997
9997
9990
9989
9979
9989
9982
9966
9991
9990
9980
9988
9984
9976
9974
9983
9987
9994
9967
9986
9982
9985
9973
9968
9982
9993
9992
9994
9988
9976
9984
9980
9978
9999
9965
9992
9990
9969
9981
9983
9985
9963
9989
9973
9992
9994
9992
9992
9974
9982
9969
9994
9992
9995
9988
9989
9980
9988
9993
9983
9971
9981
9983
9990
9987
9991
9992
9993
9974
9976
9989
9975
9994
9982
9995
9994
9951
9995
9997
9980
9989
9993
9991
9987
9985
9989
9988
9989
9991
9981
9968
9980
9984
9999
9983
9996
9986
9990
9989
9969
9989
9972
9992
9977
9997
9990
9996
9967
9979
9988
9981
9971
9988
9987
9991
9987
9974
9986
9984
9979
9988
9987
9988
9989
9995
9980
9984
9992
9996
9974
9998
9986
9989
9997
9995
9976
9993
9979
9984
9992
9967
9973
9993
9989
9992
9993
9993
9979
9990
9995
9945
9984
9979
9980
9990
9992
9979
9983
9992
9986
9990
9975
9963
9982
9995
9997
9992
9981
9995
9992
9989
9989
9996
9992
9974
9972
9981
9978
9994
9976
9976
9981
9985
9972
9989
9985
9988
9990
9971
9990
9984
9992
9985
9975
9987
9998
9987
9984
9994
9983
9989
9985
9989
9994
9976
9995
9983
9981
9989
9986
9986
9992
9991
9996
9997
9985
9982
9983
9988
9994
9988
9983
9981
9984
9988
9991
9995
9977
9973
9993
9990
9975
9990
9986
9964
9975
9993
9979
9993
9994
9992
9980
9981
9992
9951
9989
9984
9979
9987
9972
9989
9971
9974
9996
9990
9988
9994
9986
9977
9986
9990
9988
9990
9984
9979
9995
9976
9981
9992
9987
9992
9981
9990
9979
9984
9982
9993
9971
9980
9981
10000
9971
9995
9982
9987
9990
9973
9982
9992
9976
9982
9966
9980
9991
9992
9983
9990
9948
9977
9983
9994
9995
9967
9991
9987
9975
9988
9978
9985
9997
9993
9995
9990
9984
9991
9991
9982
9994
9990
9994
9981
9975
9978
9993
9981
9991
9992
9986
9987
9992
9980
9999
9976
9986
9990
9991
9988
9961
9993
9987
9989
9991
9987
9990
9986
9994
9999
9973
9990
9979
9988
9962
9992
9990
9982
9982
9974
9996
9991
9989
9982
9994
9979
9989
9989
9992
9988
9983
9977
9983
9992
9995
9994
9991
9976
9993
9977
9992
9988
9989
9978
9985
9988
9992
9984
9994
9979
9993
9998
9990
9991
9988
9980
9991
9987
9990
9993
9987
9983
9982
9987
9994
9972
9991
9990
9984
9990
9977
9952
9989
9989
9971
9984
9979
9974
9984
9986
9975
9986
9990
9981
9989
9990
9998
9988
9985
9994
9980
9984
9996
9985
9983
9987
9991
9984
9985
9974
9987
9996
9980
9983
9984
9998
9969
9974
9998
9979
9969
9995
9971
9996
9986
9997
9974
9973
9982
9977
9982
9990
9993
9987
9981
9959
9967
9998
9991
9989
9986
9982
9987
9988
9985
9980
9956
9983
9957
9988
9982
9991
9989
9970
9989
9991
9990
9970
9994
9971
9974
9987
9983
9992
9991
9971
9977
9985
9986
9988
9978
9989
9988
9961
9985
9992
9977
9983
9976
9985
9982
9998
9999
10000
9994
9988
9987
9977
9985
9987
9992
9983
9978
9989
9990
9987
9984
9987
9978
9980
9982
9996
9999
9980
9996
9983
9971
9971
9978
9983
9988
9983
9994
9989
9978
9994
9993
9994
9983
9987
9974
9986
9989
9995
9981
9978
9983
9979
9977
9993
9986
9987
9996
9981
9969
9994
9982
9984
9997
9997
9995
9991
9950
9989
9988
9996
9988
9973
9989
9973
9988
9987
9981
9979
9980
9978
9993
9997
9982
9993
9982
9986
9966
9991
9970
9986
9981
9988
9992
9981
9982
9981
9985
9989
9985
9992
9992
9995
9986
9994
9987
9992
9972
9993
9992
9984
9991
9982
9980
9987
9967
9995
9972
9990
10000
9982
9964
9982
9997
9995
9981
9988
9984
9982
9957
9979
9964
9988
9994
9965
9991
9975
9986
9986
9977
9955
9995
9978
9996
9951
9992
9991
9968
9991
9994
9978
9995
9977
9983
9991
9981
9971
9982
9971
9976
9997
9989
9982
9980
9989
9984
9990
9992
9994
9984
9988
9985
9960
9987
9989
9979
9985
9968
9985
10000
9982
9994
9991
9973
9976
9986
9994
9982
9959
9979
9987
9983
9979
9990
9990
9990
9983
9968
9986
9990
9998
9968
9992
9985
9992
9987
9989
9965
9978
9988
9978
9981
9972
9993
9981
9994
9975
9978
9975
9988
9950
9982
9973
9986
9984
9987
9989
9995
9993
9995
9988
9976
9971
9992
9986
9991
9975
9995
9987
9980
9993
9982
9986
9991
9968
9992
9985
9993
9988
9991
9982
9982
9980
9987
9971
9975
9993
9974
9989
9985
9995
9981
9993
9986
9992
9982
9963
9990
9975
9990
9984
9969
9991
9992
9988
9985
9978
9994
9988
10000
9986
9999
9989
9985
9989
9983
9991
9979
9980
9978
9977
9976
9985
9984
9987
9990
9991
9984
9965
9969
9972
9990
9991
9982
9992
9995
9988
9997
9995
9977
9960
9989
9994
9985
9995
9960
9967
9987
9990
9973
9978
9967
