9991
9987
9991
9981
9993
9988
9980
9986
9993
9987
9978
9982
9990
9997
9985
9966
9999
9982
9982
9997
9988
9978
9987
9992
9995
9992
9987
9985
9982
9976
9988
9980
9983
9965
9964
9992
9988
9994
9995
9982
10000
9976
9982
9992
9990
9993
9999
9983
9996
9978
9983
9987
9984
9990
9983
9969
9985
9985
9994
9996
9987
9994
9991
9987
9962
9984
9994
9991
9986
9989
9980
9975
9995
9994
9978
9977
9994
9965
9991
9991
9972
9998
9980
9987
9990
9989
9996
9998
9988
9986
9988
9990
9988
9989
9975
9987
9993
9990
9995
9999
9983
9984
9967
9990
9999
9992
9965
9984
9948
9984
9989
9991
9972
9990
9981
9990
9987
9990
9963
9973
9992
9996
9999
9987
9993
9991
9996
9990
9986
9990
9977
9979
9999
9975
9969
9991
9980
9986
9974
9994
9989
9989
9968
9992
9995
9992
9985
9993
9981
9994
9982
9986
9979
9986
9995
9975
10000
9973
9987
9990
9991
9993
10000
9973
9989
9979
9981
10000
9992
9994
9999
9981
9994
9995
9987
9980
9985
9989
9970
9991
9994
9988
9998
9998
9969
9988
9976
9993
9991
9986
9981
9980
9989
9998
9986
9996
9988
9984
9963
9988
10000
9985
9982
9990
9984
10000
9956
9999
9991
9995
9995
9987
9989
9974
10000
9990
9995
9987
9963
9983
9973
9983
9979
9964
9995
9990
9990
9993
9990
9989
9978
9990
9995
9980
9997
9981
9990
9970
9988
9980
9994
9985
9996
9988
9967
9981
9983
9997
9984
10000
9979
9984
9980
9990
9991
9993
9993
9988
9989
9988
9975
9993
9996
9995
9984
9986
9991
9980
9983
9995
9978
9981
9996
9958
9993
9973
9980
9979
9979
9998
9982
9990
9994
9987
9990
9998
9986
9993
9998
9991
9999
9998
9983
9995
9980
9979
9974
9962
9989
9981
9995
9988
9993
9981
9984
9986
9978
9986
9977
9984
9972
9992
9994
9981
9984
9986
9984
9993
9999
9967
9985
9974
9997
9978
9979
9983
9984
9982
9989
9989
9982
9989
9988
9965
9989
9994
9990
9987
9982
9992
9990
9985
9997
9983
9961
9993
9974
9970
9997
9997
9984
9989
9983
9996
9975
9999
9992
9973
9973
9976
9983
9999
9973
9997
9987
9985
9994
9976
9995
9993
9980
9996
9987
10000
9996
9988
9988
9988
9975
9971
9989
9981
9994
9981
9986
9993
9962
9988
9993
9982
9964
9981
9991
9986
9994
9990
9975
9980
9994
9995
10000
9991
9986
9972
9982
9996
9993
9994
9984
9996
9995
10000
9990
9985
9985
9991
9989
9996
9992
9993
9984
9976
9986
9991
9991
9995
9983
9969
9997
9996
9995
9990
9996
9999
9951
9976
9995
9992
10000
9991
9988
9976
9986
9992
9992
9985
9987
9979
9978
9991
9972
9979
9978
9985
9968
9992
9983
9994
9977
9976
9994
9999
9989
9990
9992
9988
9985
9982
9993
9985
9980
9981
9970
9983
9986
9993
9981
9985
9986
9995
9983
9976
9999
9979
10000
9978
9970
9970
9995
9978
9993
9993
9990
9989
9979
9980
9993
9986
9991
9987
10000
9988
9977
9976
9969
10000
9991
9983
9998
9990
9992
9993
9992
9999
9989
9988
9968
9968
9975
9988
9991
9984
9973
9986
9981
9982
9982
9985
9994
9979
9987
9982
9986
9997
9992
9987
9986
9998
9982
9989
9983
9986
9997
9983
9974
9995
9992
9991
9991
9984
9978
9982
9997
9988
9969
9989
9975
9971
9974
9982
9943
9962
9986
9989
9988
9977
9975
9983
10000
9995
10000
9965
9983
9991
9974
9982
10000
9980
9985
10000
9991
9989
9989
9989
9997
9996
9988
9993
9972
9991
9992
9960
9997
9994
9974
9974
9983
9983
9999
9982
9993
9991
9989
9978
9973
9991
9987
9992
9984
9970
9954
9997
9985
9986
9985
9978
9983
9983
9985
9978
9983
9980
9991
9981
9976
9996
9991
9989
9989
9996
9994
9992
9993
9989
9985
9988
9993
9992
9995
9990
9978
9959
9991
9996
9976
9981
9990
9980
9971
10000
9981
10000
9994
10000
9983
9999
9971
9994
9986
9985
9995
9974
9976
9993
9986
9992
9978
9996
9987
9998
9990
9984
9987
9990
9982
9972
9982
9987
9992
9992
9988
9976
9983
10000
9991
9984
9979
9980
9972
9992
9989
9980
9992
9994
9987
9973
9963
9992
9999
9987
9990
9991
9975
9984
9973
9977
9992
9990
9986
9992
9980
9981
9986
10000
9996
9975
9993
9997
9984
9975
9988
9987
9991
9995
9980
9991
9986
9996
9988
9998
9983
9984
9993
9968
9990
9985
9993
9994
9969
10000
9971
9987
9990
9982
9990
9982
9985
9982
9977
9992
9982
9958
9976
9997
9989
9998
9985
9989
9985
9993
9989
9987
9994
9988
9986
9993
9990
9969
9993
9999
9982
9993
9987
9993
9996
9996
9978
9988
9969
9984
9982
9992
9995
9995
9985
9990
9989
9997
9988
9994
9996
9993
9994
9976
9981
9998
9979
9993
9992
9980
9978
9970
9984
9988
9994
9977
9995
9994
9978
9990
9991
9996
9997
9983
9991
9996
9979
9969
9994
9983
9987
9978
9994
9966
9998
9990
9990
9989
9980
9972
9976
9984
9992
9995
9984
9993
9989
9982
9986
9993
9972
9989
9972
9987
9972
9980
9996
9992
9982
9999
9986
9988
9995
10000
9973
9986
9990
9991
9983
9989
9984
9989
9988
9987
9987
9964
9981
9991
9984
9996
9967
9992
9987
9990
9967
9987
9996
9994
9983
9986
9991
9988
9985
9959
9983
9983
9993
9981
9989
9979
9990
9972
9997
9989
9991
9969
9999
9981
9982
9979
9984
9990
9999
9995
9982
9969
9979
9989
10000
9981
9987
9988
9993
10000
9994
9991
9978
9997
9983
9971
9995
9995
9984
9993
9995
9997
9985
9981
9985
9991
9956
9994
9992
9976
9981
9984
9994
9982
9991
9996
9985
9987
9994
9989
9985
9965
9995
9965
9987
9987
9986
9989
9992
9989
9985
9958
9990
9976
9987
9968
9979
9994
9976
9972
9983
9985
9998
9994
9969
9989
9988
9994
9974
10000
9985
9975
9991
9978
9962
9990
9991
9988
9981
9988
9979
9991
9965
9971
9989
9989
9994
9987
9986
9969
9996
9992
9991
9992
9983
9994
