9989
9972
9994
9986
9989
9987
9985
9987
10000
9972
9987
9988
9986
9981
9982
9979
9985
9999
9994
10000
9969
9979
9972
10000
9977
9982
9995
9999
9981
9965
9990
9981
9990
10000
9990
9991
10000
9999
9997
9996
10000
10000
9990
9996
9982
9997
9973
9984
9986
9964
9979
9998
10000
10000
9978
9991
10000
9977
9971
9983
9989
9988
9994
9987
9993
10000
9992
10000
9998
9972
9990
9991
9942
9989
9993
9968
10000
9993
10000
9996
10000
10000
9987
9971
9994
9980
9983
9979
9974
10000
10000
9981
10000
10000
9990
9993
10000
9971
9969
9990
10000
9990
9987
9984
9985
9991
9983
9996
9992
10000
10000
9981
9977
9971
9990
9971
9982
10000
10000
10000
9985
9979
9984
9995
10000
9973
9989
9982
9989
9987
9992
10000
9994
9984
9992
9978
10000
10000
9999
9966
10000
9990
9998
9990
9992
9972
10000
9993
9990
9988
9975
10000
9975
9994
9976
9999
9981
9993
9994
9985
10000
9978
9999
9999
9986
9991
9995
9993
9990
10000
9974
9987
10000
10000
9999
9993
9984
9991
9994
10000
9991
9986
10000
9984
10000
10000
9983
10000
10000
9999
9974
10000
10000
9977
10000
10000
10000
9993
9993
9995
9987
10000
9988
9969
10000
9986
10000
9980
9999
9971
9979
9969
9986
9988
9983
9963
9986
10000
9993
9976
9984
9984
9996
9984
10000
9994
9998
9956
9991
9989
10000
10000
9995
9963
9998
9973
10000
9990
10000
9987
9997
9966
9977
9996
9979
10000
10000
9987
9987
9992
10000
9988
9979
9999
9998
9973
10000
9992
10000
9999
10000
9989
9997
9980
10000
10000
9996
9969
9984
9984
10000
9959
9977
9980
9991
10000
10000
10000
9980
9994
9964
9999
9993
10000
10000
9980
9995
9996
9973
9980
9975
10000
10000
10000
10000
9974
9992
10000
10000
10000
9985
9990
10000
9980
9997
9985
9974
10000
9988
9995
9989
9982
9969
9997
9982
9986
9976
10000
9992
9981
10000
9985
9986
9994
9989
9994
10000
9977
9967
9992
9994
9976
9979
9994
10000
9975
10000
9962
9987
10000
9995
9979
9996
9982
9995
9989
10000
9983
9997
10000
10000
9981
9991
9992
9990
9987
9990
10000
9976
10000
10000
9980
9997
9998
9968
9988
9997
9994
10000
9995
9986
9982
9975
10000
9997
9980
10000
9967
9976
9990
10000
9969
10000
10000
10000
9989
10000
9988
9998
10000
9982
9968
10000
9987
9978
10000
10000
9986
10000
9972
9987
9996
9993
9989
9987
10000
10000
10000
9998
9999
9973
9990
9990
9992
10000
10000
10000
9970
9989
9999
10000
9995
9998
9986
9987
10000
9968
9977
10000
9992
9997
9999
10000
9982
9984
9977
9962
9985
10000
9999
10000
9990
10000
9984
10000
9960
9975
9999
9989
9969
9991
9999
9987
9991
9994
9978
9996
10000
10000
9994
9994
10000
9991
9997
9971
9997
9992
9980
9994
9975
9986
10000
9981
10000
10000
9983
9996
9992
9976
9995
9985
9986
9982
9985
9972
10000
9985
9978
9994
9980
9987
10000
10000
9994
9976
9995
9978
9989
9982
9998
9990
9984
10000
9984
10000
9992
10000
9977
9993
9989
9996
9985
9956
10000
9984
10000
9988
9996
9995
10000
9982
9973
9996
10000
9990
10000
9972
9976
9992
9982
9989
9950
9993
9997
9992
9992
10000
9993
9990
9999
9996
10000
9996
9996
9969
9990
9973
9998
10000
9999
9992
9977
9995
9990
10000
9990
9979
9995
10000
9976
9978
10000
10000
9976
9988
9993
9992
9994
9999
9998
9986
9989
9999
9993
10000
9975
9969
9990
9989
10000
9976
9983
9981
10000
9983
9967
9973
10000
9995
9992
9985
9979
9989
10000
10000
10000
10000
9998
9990
9980
9996
9987
9989
10000
9984
9983
9978
9991
9981
9982
9990
9992
10000
9991
9991
10000
9973
9997
9995
9995
9983
9999
10000
9978
9999
9981
9984
9970
9978
9989
10000
9994
9986
9992
9985
9983
9993
9979
9996
10000
10000
9979
9983
9987
9998
9982
9982
10000
9990
10000
9987
9978
9981
9999
9976
9948
9990
10000
9985
9998
9986
9981
9980
9977
9990
9984
9984
9982
10000
9997
9977
9991
9991
9988
9999
9981
9980
9987
9980
9988
10000
9991
10000
9986
9997
10000
9999
10000
10000
10000
9989
9992
9979
9985
9999
9980
9999
10000
9991
10000
10000
9972
10000
9976
9991
9978
9995
9982
9987
9992
9984
9987
9994
9944
9997
10000
9993
9971
9993
9994
9967
10000
9989
10000
9988
9983
9998
9991
9986
10000
9984
9987
9993
9989
9967
9984
9977
9993
9985
10000
9983
9988
9983
10000
10000
9982
10000
10000
9985
9977
9987
10000
9986
9982
10000
9994
9997
10000
9968
9992
9996
10000
10000
9998
9992
10000
9997
9979
9997
9995
9987
10000
9987
9985
10000
9994
9989
10000
9987
9996
9991
9994
10000
10000
9982
10000
10000
9988
10000
9954
9987
9992
9978
9981
9967
9998
9989
9987
9998
9997
9994
9998
9989
9992
9988
10000
9999
9999
9985
9991
9981
9983
10000
9980
9979
9958
10000
9992
9996
9979
9973
9959
9985
9996
9993
10000
9984
10000
9991
9995
9970
10000
9994
9990
9995
9982
9992
9968
9994
9973
9990
10000
9991
9981
9989
9973
9981
10000
10000
10000
9999
9989
9987
10000
9980
9997
10000
9987
10000
9986
10000
9990
9995
9982
9993
9976
10000
10000
9980
9988
9999
9989
9982
10000
9999
9991
10000
9990
9995
10000
10000
9998
9992
9990
9999
10000
10000
9995
9996
9994
9998
10000
10000
9983
9986
9981
9988
9981
9974
9977
9991
10000
10000
9984
10000
9993
9995
9984
9997
9995
10000
9969
9978
9984
9998
9964
9988
9993
10000
10000
9979
10000
9995
10000
9985
9999
9991
9977
9987
9999
9975
10000
9983
9992
10000
9996
9983
9994
9990
9993
10000
9981
9964
9985
9987
9993
9976
9986
10000
9986
10000
10000
10000
9992
9982
9982
9993
9986
10000
9987
9985
9992
9981
9978
9998
10000
9997
10000
10000
9981
9994
9991
10000
9966
9989
10000
9991
10000
9989
9995
9977
9992
9985
10000
9992
9999
9988
9979
10000
9996
9987
9999
9991
9982
9988
9995
9984
9996
9990
9998
