9986
9981
9956
9986
9983
9986
9985
9975
9980
9996
9993
9986
9979
9981
9995
9958
9990
9980
9972
9993
9985
9980
9979
9981
9980
9980
9993
9993
9996
9983
9994
9977
9994
9989
9988
9962
9979
9994
10000
9978
9996
9991
9984
9994
9989
9994
9978
9993
9992
9967
9986
9992
9992
9981
9973
9966
9982
9989
9983
9991
9984
9986
9964
9983
9989
9990
9971
9990
9984
9972
9982
9991
9987
9990
9977
9968
9993
9994
9989
9986
9968
9981
9977
9971
9993
9967
9990
9969
9995
9983
9976
9981
9985
9988
9986
9981
9992
9982
9976
9998
9982
9993
9979
9998
9993
9985
9987
9984
9980
9992
9979
9995
9985
9989
9995
9983
9981
9986
9979
9979
9982
9975
9989
9999
9968
9981
9978
9997
9980
9985
9986
9992
9984
9970
9978
9992
9989
9984
9990
9975
9983
9983
9978
9981
9968
9990
9980
9980
9993
9977
9999
9982
9972
9974
9993
9987
9985
9990
9980
9986
9995
9994
9972
9989
9990
9990
9987
9979
9971
9990
9959
9997
9993
9975
9975
9995
9997
9973
9985
9990
9987
9980
9994
9985
9964
9954
9972
9985
9986
9993
9978
9996
9978
9991
9995
9988
9992
9991
9978
9982
9992
9992
9988
9995
9976
9978
9991
9993
9965
9983
9981
9982
9998
9984
9984
9985
10000
9986
9968
9982
9981
9996
9992
9984
9994
9996
9965
9979
9993
9976
9988
9982
9994
9975
9996
9984
9989
9997
9988
9989
9993
9961
9990
9987
9985
9966
9988
9959
9979
9994
9988
9979
9977
9981
9978
9982
9989
9980
9988
9995
9992
9979
9976
9999
9982
9987
9991
9973
9991
9979
9979
9990
9989
9981
9953
9978
9976
9973
9962
9978
9988
9989
9989
9989
9983
9986
9984
9987
9988
9990
9996
9990
9972
9980
9982
9992
9990
9970
9979
9994
9995
9981
9982
9989
9997
9989
9992
9984
9990
9983
9993
9997
9981
9982
9996
9982
9984
9988
9993
9983
9979
9972
9984
9986
9997
9993
9987
9996
9989
9986
9990
9980
9982
9986
9979
9999
9989
9980
9975
9981
9981
9987
9976
9963
9989
9984
9977
9988
9979
9979
9985
9982
9978
10000
9993
9992
9982
9982
9979
9993
9973
9989
9977
9990
9978
9987
9965
9990
9990
9987
9993
9986
9959
9996
9978
9970
9982
9995
9992
9992
9969
9957
9982
9987
9970
9963
9977
9999
9993
9991
9962
9985
9984
9991
9983
9975
9992
9965
9990
9987
9979
9984
9983
9982
9977
9997
9987
9994
9977
9987
9990
9990
9980
9989
9986
9975
9978
9988
9981
9952
9984
9990
9984
9980
9993
9982
9975
9987
9987
9974
9982
9958
9989
9982
9985
9980
9988
9976
9983
9968
9970
9991
9988
9987
9976
9992
9991
9963
9998
9984
9990
9987
9968
9981
9958
9984
9990
9995
9993
9992
9993
9984
9987
9977
9993
9987
9968
9984
9991
9974
9982
9996
9988
9986
9972
9986
9996
9975
9984
9990
9960
9987
9987
9989
9992
9994
9984
10000
9971
9984
9990
9982
9987
9966
9976
9989
9981
9997
9981
9972
9987
9998
9970
9982
9981
9993
9984
9983
9978
9987
9971
9977
9973
9989
9980
9992
9989
9986
9983
9992
9991
9983
9969
9989
9989
9993
9989
9981
9979
9982
9992
9991
9990
9990
9981
9987
9994
9992
9989
9975
9995
9983
9975
9982
9982
9988
9988
9992
9993
9986
9982
9980
9994
9983
9974
9979
9952
9996
9994
9981
9996
9975
9991
9998
9960
9985
9985
9971
9979
9974
9989
9987
9981
9980
9985
9961
9981
9975
9974
9995
9975
9993
9976
9991
9984
9972
9989
9981
9996
9975
9991
9976
9973
9992
9989
9986
9993
9963
9993
9980
9987
9987
9978
9984
9991
9984
9986
9991
9988
9981
9980
9992
9992
9997
9982
9985
9976
9983
9966
9983
9972
9982
9969
9992
9979
9979
9991
9984
9984
9993
9986
9983
9993
9985
9987
9984
9990
9992
9991
9989
9967
9979
9987
9981
9977
9984
9987
9992
9979
9977
9987
9988
9982
9987
9991
9979
9985
9986
9991
9993
9954
9978
9967
9981
9973
9988
9971
9964
9989
9998
9992
9991
9975
9964
9978
9994
9997
9989
9981
9995
9981
9989
9988
9980
9986
9992
9986
9992
9981
9986
9995
9984
9965
9993
9971
9992
9988
9989
9967
9983
9988
9973
9995
9998
9993
9988
9994
9991
9986
9990
9988
9977
9981
9986
10000
9984
9997
9984
9993
9968
9988
9989
9977
9969
9989
9992
9987
9988
9980
9979
9977
9999
9982
9972
9981
9985
9979
9988
9991
9991
9974
9965
9986
9997
9990
9987
9973
9996
9993
9985
9985
9994
9989
9981
9969
9979
9962
9964
9981
9995
9977
9974
9990
9990
9997
9982
9987
9990
9999
9987
9990
9992
9990
9995
9988
9985
9958
9984
9973
9985
9984
9991
9993
9976
9988
9991
9997
9978
9970
9986
9994
9977
9979
9979
9988
9993
9985
9981
9986
9991
9994
9989
9994
9988
9973
9966
9972
9987
9974
9986
9984
9989
9978
9988
9992
9992
9971
9980
9983
9986
9986
9982
9983
9983
9972
9949
9979
9989
9973
9986
9989
9988
9986
9962
9974
9992
9968
9976
9987
9988
9983
9997
9988
9976
9990
9984
9981
9973
9986
9988
9981
9983
9992
9975
9991
9980
9996
9980
9985
9980
9990
9967
9979
9982
9971
9986
9990
9976
9990
9979
9983
9992
9994
9973
9992
9968
9995
9971
9976
9990
9973
9987
9989
9997
9983
9971
9961
9994
9997
9989
9977
9990
9980
9990
9987
9967
9991
9989
9988
9988
9980
9990
9983
9983
9992
9984
9978
9983
9986
9978
9991
9980
9986
9979
9982
9979
9992
9980
9991
9972
9984
9995
9987
9979
9973
9980
9993
9989
9988
9989
9974
9991
9986
9960
9987
9972
9975
9984
9993
9986
9966
9985
9999
9991
9989
9992
9987
9980
9961
9985
9993
9985
9982
9970
9971
9975
9985
9988
9986
9980
9961
9965
9976
9990
9985
9990
9985
9986
9962
9977
9993
9976
9977
9969
9998
9991
9988
9989
9986
9973
9961
9984
9986
9992
9990
9987
9988
9988
9987
9991
9981
9975
9993
9984
9973
9980
9978
9980
9980
9974
