9984
9990
9978
9996
9990
9990
9999
9981
10000
9991
9974
9980
9992
9987
9974
9982
9998
9979
9987
9997
9992
9988
9961
9991
9999
10000
9994
9995
9976
9996
9987
9976
9970
9990
10000
10000
10000
9989
9995
9987
9995
9984
10000
9981
9980
9996
9973
9975
9985
9991
10000
9991
9998
9993
9989
9972
9987
9991
9999
9972
9989
9988
10000
9977
9990
9978
9990
9979
9972
9984
9966
9984
9995
9974
9994
9990
9980
9998
10000
9987
9999
9983
9966
10000
9984
9996
9994
9986
10000
9978
9963
9989
9984
9990
9993
9973
9991
9994
9980
9975
9994
9998
9981
9994
9979
9979
9995
9952
9994
9973
9987
10000
9993
9968
9982
9990
10000
9983
9990
9984
9991
9993
10000
9985
9979
9996
9971
9992
10000
9995
9981
9952
9981
9993
9970
9985
9983
9979
9992
9997
9996
9980
9982
9989
9979
9986
9970
9981
9992
10000
9982
9998
9993
9988
9997
9999
10000
9987
9967
9966
9985
9975
9998
9956
9987
9978
9985
9972
9984
9971
9976
10000
9995
9993
9966
9999
10000
9978
9995
9997
9985
9992
9995
9980
10000
9986
9997
9989
9977
9969
9994
9991
9972
10000
9985
9988
10000
9970
9989
9987
9981
9999
9993
9966
9983
9990
9983
10000
9987
9981
10000
9996
9987
9996
9992
9992
9978
9997
9980
9979
9998
9994
10000
9984
9982
9973
9993
9969
9994
9989
9986
9992
9987
9990
9981
9989
10000
9992
9993
9986
9994
9989
9975
9990
9999
9987
9985
9991
9967
10000
9984
9981
9973
9986
9998
9977
9986
9988
9988
9986
9970
9973
9992
10000
9983
9986
10000
10000
9989
9979
9986
10000
9988
9988
9998
9982
9997
9973
10000
9995
9993
9982
9983
9993
9992
9979
9994
10000
9993
9992
9997
9962
9979
10000
10000
9983
9985
9980
9989
9990
9933
9989
9985
9979
9984
9970
9996
9988
9983
9991
9979
9981
9984
9988
9990
10000
9988
9987
9991
9971
9988
9996
9986
10000
9991
9988
9986
9989
10000
9995
9988
9980
9989
9997
9993
9994
9983
9990
9995
10000
9983
9990
9986
9976
10000
9985
9994
9983
9991
9999
9985
9974
9998
10000
9988
9990
9988
9987
9991
9996
9993
10000
9984
9992
9979
9987
10000
9975
9975
9992
9988
9992
9978
9992
10000
9992
9989
9976
10000
9996
9998
10000
9973
9982
9977
9986
9981
9993
9983
9981
9992
9977
9981
9986
9982
9983
9983
9965
9989
9990
9993
10000
9996
9979
9973
9994
9987
9990
9976
9985
10000
9984
9979
9995
9994
9985
9987
9976
10000
9983
9986
9980
9998
9975
10000
10000
9983
10000
9988
9995
9996
9995
9988
9992
9981
9966
9969
9982
9982
9993
9999
10000
9995
9987
9996
9976
9989
9986
9989
9977
9980
9969
9973
9987
9968
9971
10000
9973
9985
9996
9968
9986
9989
9991
9996
9991
9993
10000
9979
9986
9986
9992
9997
9992
9989
10000
9986
9988
9989
9998
9995
10000
9998
9993
9976
10000
10000
9995
9985
9991
9998
9994
9988
9978
9975
9968
9998
10000
9996
9985
9979
9974
9962
9995
9994
10000
10000
9984
9987
9984
9982
9996
9988
9988
10000
9993
9993
10000
9967
10000
9982
9985
9979
10000
9983
9997
9990
9991
9980
9999
9984
9988
9990
9988
9989
9974
9986
9988
10000
9990
9983
9985
9983
10000
9994
9999
9979
9991
9972
9959
10000
9987
9978
9986
10000
9981
9988
9992
9983
9983
9986
9994
9999
9993
9960
9984
9983
9991
9988
9984
9989
9987
9982
9980
9993
9980
9987
9989
9980
9993
9990
9993
9980
10000
9987
9976
9990
9995
9991
9978
9983
9978
9984
10000
9971
9996
9993
9982
9975
9960
9994
10000
9986
9983
9972
9993
9972
9997
9985
9989
9999
9989
9998
9967
9995
9995
9977
9973
9985
9989
9992
10000
9978
9988
9961
10000
9979
9992
9971
9988
9991
10000
9984
9972
9989
9986
9994
9994
9987
10000
9992
9984
9980
9972
9986
10000
9989
10000
9996
9991
9991
10000
9991
9993
9987
9990
9999
9980
9977
9977
9990
9984
9991
9992
9981
9993
9980
9997
9987
9992
9999
9972
9982
9994
9987
9976
9991
9990
9987
9990
9991
10000
9994
9990
9988
9977
9983
9989
9991
9998
9984
9975
10000
9989
9991
9966
10000
9990
9980
9993
9980
10000
9951
9986
9994
10000
9986
9985
10000
9985
9999
9986
9981
10000
9990
10000
9992
9986
9994
9995
9974
9982
9982
9980
9990
9995
9991
9997
9975
9994
9970
9983
9970
9972
10000
9993
9990
9988
9974
9990
10000
9979
9985
9995
9984
9982
9998
9975
9989
10000
9992
9993
9981
9996
9968
9990
9995
9982
9989
9970
9987
9990
9953
9994
9994
9996
9987
10000
9989
9986
9988
9996
9993
9973
9989
10000
9981
9991
9961
9985
9994
10000
10000
9975
9992
10000
10000
9965
9987
9984
9999
9966
9998
9981
9978
9988
9990
9992
9998
9981
9979
9993
9997
9990
10000
9993
9981
9996
9977
9995
10000
9991
9982
10000
9992
9977
10000
10000
9992
9984
9980
9992
9991
9999
9988
9979
10000
9999
9979
10000
9998
9973
9986
9984
9996
9981
9975
9990
9983
9996
10000
9990
9981
9979
9989
9990
9969
9987
9995
9984
9985
9991
9983
9989
9997
9985
9993
9991
9960
9993
9996
9982
9998
9991
9989
9997
9996
10000
9990
9986
9979
9987
10000
9999
9986
9980
9969
9983
9988
9970
9996
9995
9999
9976
9985
10000
9979
9992
9990
9979
9977
9988
9992
9994
9986
9989
9991
9995
9996
9982
10000
9997
10000
9986
9967
9979
9975
9962
10000
9991
9964
9989
10000
9973
9981
9989
10000
9981
9994
9991
10000
10000
9974
9991
9988
9978
9988
9983
9987
9979
9993
9996
10000
10000
9990
9993
9979
9973
9989
9975
9969
9993
9974
9979
9980
10000
10000
9985
9983
9974
9964
9987
9991
9984
9985
10000
9994
10000
9996
9989
9998
9995
9977
9988
9985
9998
9993
9996
9982
9999
9986
9981
9989
9985
9981
9983
9996
10000
9993
9977
9994
9994
9984
9985
9991
9990
9997
9984
9977
9987
9973
9991
10000
9989
9978
9995
9998
9986
10000
9984
