9984
9988
9977
9989
9980
9977
9985
9994
9989
9993
9960
9996
9989
9995
9999
9996
9995
9997
9983
9997
9986
9991
9995
9990
9983
9996
9995
9989
9998
9989
9994
9996
9979
9986
9985
9989
9990
9997
9973
10000
9984
9989
9962
9978
9980
9983
10000
9995
9990
9991
9992
9985
9992
9991
9976
9994
10000
9993
9994
9995
9989
9992
9975
9995
9981
9978
9993
9998
9989
9985
9970
9991
9993
9987
9992
9993
9992
9988
9982
9981
9999
9974
10000
9995
9993
9998
9998
9989
9982
9993
9993
9984
9995
9985
9973
9997
9990
9986
9995
9982
9993
9987
9961
9982
9969
9993
9972
9991
9996
9986
9999
9984
9979
9983
9988
9988
9981
9999
9977
9981
9992
9982
9988
9985
9980
9994
9991
9997
9992
9967
9983
9997
9993
10000
9982
9991
9987
9990
9998
9999
9998
9981
9988
9995
10000
9990
9999
9976
9983
9991
9987
9975
9989
9989
9991
9974
9999
9985
9976
9986
9969
9972
9993
9979
9986
9998
9998
9989
9991
9990
9989
9987
9984
9994
9996
9998
9994
9996
9979
10000
9976
9981
9984
9969
9984
9986
9981
9980
9980
9990
9983
9963
9984
9970
9971
9989
9994
10000
9996
9994
9996
9988
9984
9997
9982
9976
9987
9993
10000
9975
9981
9974
10000
9994
9975
9999
9998
9981
9971
9989
9984
9998
9998
9963
9953
9998
9991
9994
9962
9970
9984
9985
9986
9967
9997
10000
9994
9987
9985
9997
9999
9999
9991
9990
9994
9979
9979
10000
9993
9997
9993
9997
9986
9996
9986
9990
10000
9993
9988
9988
9993
9982
9991
9982
9992
9983
9989
9982
9977
9991
9990
9996
9986
9997
9990
9991
9995
9977
9974
10000
9979
9982
9971
9987
9986
9983
10000
9993
9994
9994
9992
10000
9970
9970
9992
9964
9990
9996
9995
9998
9977
9979
9973
9981
9989
9990
9973
9998
9995
9988
9969
9970
9983
9999
9977
9973
9996
9990
9963
9990
9989
9991
9970
9998
9997
9976
9979
9977
9987
9970
9983
9994
9993
9992
9978
9984
9984
9985
9967
9998
9964
9989
9984
9995
9985
9993
9998
9986
9999
9993
9985
9978
9986
9992
9982
9986
10000
9998
9999
9993
9997
9972
9987
9985
10000
9992
10000
9988
9978
9992
9982
9973
9988
9965
9981
9985
9995
9987
9998
9980
9993
9992
9989
9978
9987
9985
9985
9978
9989
9989
9986
9980
9977
9981
9992
9993
9954
9979
9983
9990
9993
9979
9987
9987
9989
9994
9990
9996
9983
9992
9999
9995
9994
9993
9992
9989
9974
9994
9997
9993
9994
9986
9995
9990
9993
9986
9993
9999
9972
9997
9996
9987
9990
9992
9990
9992
9967
9995
9991
9995
9977
9971
9971
10000
9981
9992
9982
9983
9978
9993
9996
10000
9985
9999
9984
9989
9992
9981
9988
9997
9987
9977
9981
9977
9990
9987
9994
9976
9999
9985
9989
9993
9986
9984
9987
9999
9991
9992
9983
9996
9978
9973
9990
9991
9995
9986
9992
9993
9976
9981
9988
9992
9982
9995
9985
9973
9988
9991
9994
9981
9977
9990
9987
9982
9988
9985
9994
9998
9989
9980
9995
9990
9998
9990
9988
9977
9990
9978
9996
9985
9969
9970
9982
9996
9987
9978
9995
9985
9972
9995
9998
10000
9999
9989
9988
9991
9990
9993
9965
9990
9990
9992
9968
9992
9988
9972
9974
9998
9970
9998
9981
9999
9990
9961
9976
9986
9988
9992
9987
9990
9992
9997
9991
9980
9986
9995
9987
9998
9999
9988
9978
9982
9993
9982
9987
9966
9992
9993
9975
9980
9979
9988
10000
9975
9995
9983
9996
9980
9986
9992
9991
9984
9981
9993
9984
9989
9978
9988
9992
9996
9987
10000
9983
9979
9997
9984
9998
9986
9986
9974
9981
9988
9985
9989
9991
9996
9998
9995
9983
9989
9983
9973
9988
9984
9994
9991
9989
9990
10000
9990
9977
9977
9976
9978
9990
9994
9995
9989
9998
9997
9977
9990
9963
9986
9994
9995
9990
9976
9991
9997
9971
9997
9984
9993
9993
9984
10000
9981
9985
9993
9998
9995
9984
9987
10000
9994
9988
9984
9992
9975
9981
9993
9999
9996
9990
9989
9976
9993
9961
9997
9961
9978
9995
9976
9986
9987
9993
10000
9986
9994
10000
9999
9970
9983
9993
9992
9990
9969
9986
9990
9988
9996
9999
9994
9990
9983
9992
9984
9981
9987
9991
9995
9981
9993
9992
9991
9989
9990
9995
9984
10000
9985
9980
9984
9997
9984
9979
9994
9976
9985
9983
9988
9988
9978
9996
9989
9998
9985
9990
9986
9992
9968
9989
9973
9970
9998
9999
9977
10000
9989
9992
9988
9992
9986
9989
9964
9966
9989
9983
9970
9981
9980
9998
9995
9999
9980
9992
9983
10000
9973
9982
9991
9989
9983
9994
9975
9975
9993
9988
9992
9991
9983
9996
9987
9995
9983
9989
9982
9991
9977
9985
9986
9988
9999
9968
9989
9998
9990
9977
9977
9971
9996
9990
9999
9997
9993
9986
9990
9996
9995
9991
9983
9989
9976
9983
9983
9994
9990
10000
9990
9978
9971
9976
9990
9988
9987
9986
9997
9991
9994
9999
10000
9991
9990
9975
9990
9992
9991
9988
9986
9988
9996
9984
10000
9978
9995
9988
9976
9976
9990
9997
9977
9959
9998
9996
9997
9978
9994
9973
9975
9993
9985
9994
9992
9987
9988
9991
9976
9973
9981
9990
9999
9987
9999
9996
9977
9986
9976
9993
9987
9977
9991
9986
9981
9989
9992
9992
9994
9981
9982
9991
9967
9990
9989
9987
9961
9996
9978
9976
9985
9973
9990
9993
9979
9996
9991
9994
9996
9991
9981
9992
9987
9999
9993
9986
9988
9987
9990
9985
9994
9999
9994
9993
9991
9976
9999
9985
9970
9996
9999
9989
9987
9970
9988
9989
9991
9997
9985
9995
9992
9985
9999
9986
9988
9983
9980
9992
9987
9988
9988
9965
9997
9999
9997
9999
9997
9992
9997
9990
9989
9996
9982
9993
9989
9996
9989
9991
9988
9998
9973
9975
10000
10000
9965
9982
10000
9997
9975
9991
9972
9994
9996
9994
9998
9990
9991
9977
9971
9977
9980
9989
9995
9996
9989
9991
9998
9993
9986
9985
9995
