9991
9990
9990
9971
9996
9983
9991
9994
9983
9958
9993
9974
10000
9987
10000
9998
9964
9972
9993
9961
10000
9995
9986
9993
9996
9994
9973
9981
9980
9989
9992
9983
9998
9987
9980
9990
9980
9982
10000
9980
9973
9971
9995
9990
9995
9993
9976
9970
9985
9982
9994
9979
9985
9993
9978
9966
9991
9980
9989
9960
9997
9990
9978
9975
9991
9976
9987
9997
9989
9991
9989
9993
9970
9993
10000
9980
9992
9979
9997
9992
10000
9981
9994
9999
9986
9978
9995
9989
9992
9977
9993
9992
9987
9965
9989
9981
9965
9984
10000
9996
9997
9989
9989
9999
9985
9973
9967
9977
9990
9987
9985
9985
9990
9994
9995
9981
9985
9986
9985
9988
10000
9979
9991
9995
9950
9988
9984
9988
9993
9988
9988
9980
9992
9998
9994
9974
9965
9979
9978
9983
9984
9991
9991
9986
9996
9999
9984
9979
9985
9997
9996
9964
9987
9992
9971
10000
10000
9986
9985
9995
9991
10000
9999
9975
9994
10000
9970
9991
10000
9993
9988
9993
9980
9980
9988
9988
9977
9983
9982
9984
9977
9992
9985
9998
10000
9986
10000
9990
9993
9963
9997
9982
9991
9989
9979
9992
9977
9984
9995
9991
9985
9982
9982
9977
9991
10000
9980
9987
9982
9987
9990
9968
9960
9976
9987
9998
9983
9987
9982
9996
9992
9997
10000
9982
9989
9981
9991
9976
9978
9993
9992
9990
10000
9999
9991
9982
9990
9970
9991
9988
9976
9991
9985
9996
9986
9978
9986
9980
9974
9996
9996
9987
9984
9989
9986
9986
9986
9972
9991
9981
9962
9962
10000
9986
9986
10000
9999
10000
9963
9985
9986
9990
9994
9986
9980
9996
9980
9997
9996
9989
9986
9993
9997
9983
9979
9978
9995
9988
9963
9987
9998
9989
10000
9988
9999
9979
9988
9993
9997
9992
9998
9996
9967
9996
9991
9980
9994
9968
9985
9982
9983
9990
9977
9980
9991
9975
9989
9974
10000
9978
9983
9987
9985
9985
9985
9993
9984
9982
9988
9995
10000
9990
9984
9988
9989
9983
9989
9988
9962
10000
9978
9974
9989
9985
9983
9995
10000
9985
9999
9953
9999
9996
9991
9983
9993
9989
9990
9983
9979
9995
9983
9990
9990
9991
9993
9995
9976
9996
9992
9977
9982
9980
9993
9997
9997
9988
9980
9991
9988
9992
9989
9986
9979
9982
9992
9996
9975
9996
9986
10000
9990
9988
9996
9983
9980
9992
9987
9992
9994
10000
9995
9978
9997
10000
9975
9980
10000
9984
10000
9960
9973
10000
9992
9990
9992
9990
9983
9999
9975
9984
9989
9999
9983
9983
9977
9989
9986
9995
9996
9995
9991
9997
9998
9997
10000
9992
9994
9990
9966
9993
9988
9989
9996
9980
9984
9989
9976
10000
9988
10000
9960
9996
9962
9991
10000
9988
9988
9991
9997
9972
9966
9973
9994
9985
9996
9980
9994
9994
9989
9993
9999
9972
9990
9991
9992
9968
10000
9979
9982
9990
9984
9980
9999
9988
9981
9972
9985
9986
9979
9990
9989
9976
9986
9993
9988
9981
9988
9982
9974
9989
9989
9995
9982
9983
9993
9991
9981
9991
9989
9993
9984
9982
9980
9988
9994
9981
9999
9997
10000
9987
9971
9982
9973
9966
10000
9996
9997
9991
9991
9969
9999
9988
9996
9986
10000
9991
9992
9997
9988
9984
9995
10000
9985
9971
9982
9965
9980
9981
9990
9985
9992
9996
9978
9990
9985
9991
9989
9972
9997
10000
9988
9991
9986
9998
9982
9992
9983
9975
9991
10000
9993
9993
9992
9988
9985
9995
9986
9997
9999
9981
9983
9977
9967
9989
9987
9987
9996
9984
9999
9993
9975
9992
9987
9983
9985
9989
9987
9992
9989
9962
9984
9983
9968
9980
9975
9986
9979
9991
9981
9980
9981
9967
9987
9992
9992
9982
9988
9981
9996
9993
9986
9981
9989
9999
9976
9978
9970
9973
9983
9992
9993
9986
9989
9992
9978
9985
9975
9986
9987
9983
9997
9992
9979
9986
9986
9972
9980
9989
9995
9966
9986
9981
9997
9992
9984
9986
9990
9992
9977
9999
9979
9999
9974
9967
9997
9983
9993
9982
9995
9993
9962
9987
9991
9986
9988
9990
9993
10000
9998
9987
9981
9973
9998
9977
9994
9981
10000
9977
10000
9978
9990
9997
9978
9977
9964
9971
9951
9991
9988
9999
9954
9988
9984
9992
9967
9980
9984
9992
9982
9990
9987
9993
10000
9975
9995
9960
9999
9993
9984
9987
9998
9996
9980
9987
9988
9998
9992
9967
9970
9993
9998
9990
9978
9995
9979
9993
9989
9988
9986
9990
9991
9970
9995
9971
9982
9986
9986
10000
9962
9984
9967
9989
9981
9986
9979
9994
9982
9989
9987
9995
9991
9992
9977
9986
9995
9982
9976
9995
9994
9971
9996
9994
9982
9999
9984
9989
10000
9994
9987
9992
9989
9992
9996
9986
9988
9965
9974
9991
9995
9967
9981
9990
9988
9984
9971
9996
9994
9969
9983
9981
9984
9985
9994
9988
9993
9990
9985
9970
9990
9981
9977
9996
9988
9993
9989
9985
9995
9985
10000
9997
9985
9997
9983
9993
9999
9986
9983
9976
9986
9978
9982
9998
9992
9982
9999
9986
9986
9992
9973
9988
9982
9975
9979
9979
9986
9996
9996
9993
9986
9988
9983
9983
9991
9995
9958
9996
9988
9977
9995
9990
9994
9985
9989
9997
9995
9985
10000
9980
9987
9985
9979
9988
9976
9985
9975
9998
9990
9984
9995
9991
9986
9988
9963
9991
9982
9956
9992
9995
9982
9973
9985
9978
9990
9981
9971
9999
9966
9973
9995
9983
9986
9982
9988
9990
9984
9985
9968
9972
9999
10000
9994
9994
9982
9986
9991
9968
9979
9975
9976
9985
9982
9995
9988
9968
9989
9976
9998
9978
9981
9988
9996
9982
9988
9996
9972
9973
9981
9996
9985
9975
9999
9998
9987
9986
9997
9992
9979
9989
10000
9992
9983
9994
9989
9993
9967
9994
9976
9996
9977
9975
9994
10000
9981
9995
9987
9989
9979
9958
9996
9997
9991
9978
9990
9993
9969
9990
9976
9996
9982
9993
9987
9976
9994
9994
10000
9995
9982
9987
9995
9994
9988
9999
10000
9996
10000
9989
9994
10000
9988
9981
