10000
9990
9989
9984
9989
9998
9998
9996
9997
9989
9993
9986
9982
9989
9984
9997
9998
9995
9984
9991
9990
10000
9978
10000
9991
9998
9997
9973
9974
9987
9987
9989
9988
9995
9990
9999
10000
10000
9995
9996
9997
9997
9991
9989
9991
9982
9991
9989
9991
9998
9984
10000
9988
9992
9971
9973
9983
9957
9996
9992
9997
9997
9990
9993
9989
9982
9991
9990
10000
9986
9999
9986
9980
10000
10000
9989
9994
9984
9988
9980
9963
10000
9981
9976
9999
9972
9988
9999
9994
9979
9994
9985
9985
9998
9990
9994
9996
9998
9996
9985
9997
9986
10000
10000
10000
9987
9985
9995
10000
9996
9992
9985
9985
10000
10000
10000
9975
9998
9991
9992
9993
9999
9995
9999
9988
9983
9997
9985
9972
9998
9995
9975
9992
9990
9984
10000
9982
9995
9988
9969
9982
9991
9981
9995
9996
9985
9993
10000
9990
9999
9993
9999
9999
9994
9971
9977
9988
9980
9995
9999
9972
9998
9982
9997
9988
9996
9998
9998
9985
9987
9990
9987
9988
9995
9988
9994
9982
9999
10000
9998
9986
9984
9984
9987
9993
9987
9993
9989
9994
9989
9987
9997
9999
9991
9995
9997
9971
9978
9998
9987
9995
9966
9977
9998
9990
9998
9993
9992
9984
9994
9983
9996
9978
9997
9971
9992
9997
9993
9991
9992
9987
9993
9993
9989
9987
9993
9995
9991
9989
9987
9996
9999
9999
9984
10000
9996
9987
9998
9968
9995
9986
9978
9996
9986
9994
9993
9979
9987
9998
9998
9998
9982
9984
9994
9993
9999
9957
9999
9997
9997
9990
9984
9984
9995
9978
9995
9996
9989
9991
9996
9990
9992
9988
9996
9991
10000
9998
9979
10000
9989
9994
9989
10000
9993
9992
9981
9988
9986
9994
9994
9994
9999
9996
9998
9997
9992
9986
9996
9991
10000
9981
9999
9991
9995
9992
9986
9990
9974
9968
9991
9999
9997
9968
9996
9990
9960
9980
9999
9989
9997
9961
9997
9993
10000
9990
9984
9989
9981
9972
9987
9996
9997
9976
9979
9997
9954
9998
9990
9970
9998
9986
9987
10000
9980
9983
9989
10000
9989
9987
9998
9994
9993
9981
9997
9978
10000
9991
9999
9993
9989
9976
9997
9974
9977
9988
9978
9988
10000
9975
9991
9983
9988
9997
9985
9984
9990
9990
9993
9994
9981
9987
9997
9990
9993
9980
9965
9988
9975
9994
9983
9987
9998
10000
9992
9993
9979
9988
9982
9991
9998
9999
9990
9977
9995
10000
9997
9992
9989
9969
9992
9995
9992
9979
9993
9986
9977
10000
9972
9992
10000
9989
9996
9995
9977
9989
9997
9955
9995
9992
9991
9992
9991
9982
9994
9984
9994
10000
9979
9997
9978
9994
9992
9951
9999
9992
9998
9952
9975
9973
10000
9992
9974
9996
9999
9989
9982
9981
9993
9992
9992
9995
9990
9997
9994
9997
9999
9994
9995
9988
9995
9987
9998
9993
9963
9982
9993
10000
9984
9999
9992
9993
9995
9977
9992
9995
9990
9982
9988
9984
9980
9995
9979
9998
10000
9994
9974
10000
9976
9989
9977
10000
9980
9996
9990
9996
9984
9994
9987
9999
9997
9984
9991
9987
10000
9992
9999
9997
10000
9996
9983
9998
9986
9997
9993
9988
9984
9993
9994
10000
9997
9996
9991
9993
9994
9998
9994
9996
9999
9992
9968
9993
9984
9993
9967
9988
9985
9997
9980
9973
9999
9990
9987
9990
9973
10000
9999
9969
9981
9981
9996
9987
9997
9999
9990
9996
9991
10000
9982
9991
10000
9988
9987
9995
9993
9998
9994
9986
9992
9995
9992
9999
9990
9977
9983
9987
9991
9994
9989
9990
9991
9990
9999
9986
9981
9982
9996
9997
9977
9994
9990
9994
10000
9999
9983
9987
9994
9999
9995
9999
10000
9997
9997
9986
9992
9988
9991
9990
9999
10000
9992
9988
9979
9994
9992
9984
9988
9967
9987
9994
9980
10000
9982
9996
9990
9979
9991
9987
9992
9989
9981
10000
9982
9969
9984
9998
9994
9993
9986
9991
9995
9992
9994
9993
9994
9996
9982
9968
9994
9997
9988
9994
10000
9984
9983
9995
9998
9998
9986
9985
9968
9973
9967
9993
9998
10000
9989
10000
9999
9994
9988
9984
9995
9996
9989
9984
9978
10000
9985
9976
9993
10000
9995
9979
9994
9992
9987
9990
10000
9997
9977
9992
9998
10000
9979
9985
9999
9943
9996
9984
9992
9985
10000
9987
9998
9997
9985
9995
9996
9988
9983
9981
9981
9987
9992
9997
9998
9995
9988
9993
9998
9995
9995
9991
9986
9980
10000
9998
9981
9986
9992
9991
9997
9974
9993
9999
9992
9999
9989
9996
9985
9995
10000
9976
9986
9988
9983
9949
10000
9978
9977
9993
9994
9992
9986
9992
10000
10000
9997
9985
9990
10000
9994
9984
9968
9983
9992
9995
10000
9952
9998
10000
9995
9997
9996
9983
9984
9994
9986
10000
9975
10000
9982
9993
9990
9994
9991
9990
9992
9989
9993
9968
9997
9957
9980
9995
9999
9987
9978
9989
10000
9989
9994
9999
9987
10000
9975
9984
9993
9992
9997
9995
9980
9969
9968
10000
9995
9984
9989
9987
9993
9994
9994
9998
9984
9970
9984
9987
9998
9978
9990
9992
10000
9992
9982
9982
9987
9990
9989
9989
9995
9973
9992
9991
9997
9995
9994
9987
9996
9986
9998
9987
9990
10000
9992
9994
9985
9999
9993
9980
9996
9981
9991
10000
9998
9998
9999
9989
9993
9977
9997
9981
9974
9988
10000
9995
9999
9995
9998
9997
9982
9990
9965
9987
9996
10000
9981
9984
9994
9997
10000
9973
9994
9992
9985
9990
10000
9994
9987
9995
9980
9995
9994
9986
9995
9996
9985
9999
9998
9988
9994
9974
9993
9990
9997
9991
9992
9987
9985
9989
9984
9990
9990
9992
9987
10000
9987
9997
9999
9982
9990
9994
9991
9987
9985
9983
9993
9998
9990
9999
9978
9976
9987
9980
9999
9989
9994
9994
9984
9997
9998
9968
9987
9998
9994
9989
9992
9998
9980
9991
9987
9995
9997
9989
9990
9996
9984
10000
9990
9994
9999
9984
9987
9999
9971
9985
9975
9997
9999
9996
9996
9987
9997
9989
9983
9983
9993
9992
9992
9992
9997
