10000
9862
9882
10000
10000
10000
10000
9404
9952
9783
10000
8868
10000
10000
10000
9508
9917
9750
10000
10000
10000
10000
10000
10000
10000
10000
10000
10000
8629
10000
9856
10000
10000
8531
10000
9751
9927
10000
10000
10000
9959
9821
9687
10000
9385
10000
10000
10000
10000
9672
9786
9995
10000
10000
10000
10000
10000
10000
10000
10000
10000
9050
10000
9236
10000
10000
10000
10000
9958
10000
10000
10000
10000
10000
10000
10000
9092
10000
10000
9603
10000
10000
10000
10000
8505
9572
8482
10000
9998
10000
10000
10000
10000
10000
9738
10000
10000
8782
10000
10000
9921
9298
10000
10000
9823
9517
8636
8463
9998
10000
10000
9608
10000
9247
9945
10000
10000
9774
10000
9960
10000
10000
9257
8989
9618
10000
10000
9457
10000
10000
10000
10000
10000
10000
9836
9156
10000
9906
10000
9769
10000
9839
10000
10000
10000
10000
10000
10000
10000
10000
10000
9970
9950
10000
10000
10000
10000
9558
10000
9385
9720
9654
9519
9223
9958
9945
10000
10000
10000
10000
9192
9306
10000
10000
10000
9030
9795
10000
10000
10000
10000
9893
9820
10000
9393
8777
10000
10000
10000
10000
10000
10000
9604
9263
10000
10000
10000
10000
10000
9650
10000
9749
10000
10000
9792
10000
9859
10000
9486
10000
9712
10000
9367
10000
10000
10000
10000
10000
10000
10000
10000
10000
9675
10000
9932
10000
10000
10000
9964
8916
10000
10000
10000
10000
9073
10000
9913
10000
9976
10000
9736
9893
9950
10000
10000
10000
10000
9557
10000
9899
10000
10000
10000
9972
10000
10000
9942
9727
9302
10000
8867
10000
10000
10000
10000
9271
10000
10000
9840
10000
9510
8880
9691
10000
10000
10000
10000
9214
8522
10000
10000
10000
10000
10000
9230
10000
8645
10000
10000
10000
10000
9671
9208
10000
10000
10000
10000
10000
10000
10000
8395
10000
10000
9743
9528
9972
8425
9901
10000
10000
9296
9567
9942
10000
10000
9558
9364
10000
10000
10000
10000
9037
10000
10000
9120
9340
9720
10000
10000
10000
9836
9876
10000
10000
9657
9576
10000
8227
9637
9902
10000
10000
10000
10000
9894
10000
9625
9788
9829
10000
10000
9629
9958
9397
9748
10000
10000
9927
8246
10000
10000
10000
10000
10000
10000
9578
9988
9971
10000
9829
10000
10000
8704
9197
9405
10000
10000
10000
10000
10000
10000
9768
10000
8803
10000
10000
9861
10000
10000
10000
10000
10000
10000
10000
10000
9408
10000
10000
10000
10000
9133
9459
9720
10000
9883
10000
9935
10000
9518
10000
9960
10000
10000
9977
10000
10000
9568
9669
10000
10000
10000
10000
10000
10000
10000
10000
9334
9487
10000
10000
10000
9106
9749
10000
10000
10000
10000
10000
10000
9808
10000
9693
10000
10000
10000
10000
10000
10000
10000
10000
9249
10000
10000
10000
10000
10000
9996
9721
9609
10000
8389
10000
10000
10000
9550
10000
10000
10000
10000
9611
10000
10000
9513
8489
9619
10000
9600
10000
10000
10000
8488
10000
10000
9770
10000
9745
10000
10000
10000
10000
10000
10000
9638
10000
10000
10000
10000
9703
10000
10000
8423
9485
9528
10000
9112
10000
10000
10000
9235
10000
10000
9992
10000
10000
10000
9487
10000
10000
10000
9609
10000
10000
10000
10000
10000
10000
9558
9820
9961
10000
9886
10000
9862
9924
9796
9364
10000
9522
10000
10000
10000
9279
10000
10000
10000
10000
10000
9975
10000
10000
10000
10000
9594
10000
10000
9607
8518
9689
10000
10000
10000
10000
10000
9997
10000
9723
9922
10000
10000
10000
10000
10000
8987
10000
9557
9633
10000
7993
9307
10000
10000
9078
10000
10000
10000
10000
9835
10000
10000
9507
8557
10000
9628
9332
10000
9769
8534
10000
10000
10000
9547
10000
10000
9602
9985
10000
10000
10000
10000
10000
10000
10000
10000
10000
10000
10000
10000
10000
10000
10000
9235
10000
10000
10000
10000
10000
10000
10000
10000
9486
10000
10000
10000
9956
10000
10000
9696
9707
10000
10000
9942
9984
10000
9096
10000
10000
9512
9846
10000
10000
10000
10000
10000
9857
10000
10000
10000
10000
10000
9450
10000
9022
9949
10000
10000
10000
10000
10000
10000
10000
10000
10000
10000
10000
10000
10000
10000
10000
10000
10000
10000
10000
8681
10000
9016
10000
10000
10000
9165
9112
10000
10000
10000
10000
10000
10000
9619
9497
10000
10000
10000
10000
10000
10000
9897
9726
10000
10000
10000
10000
10000
9927
10000
9470
10000
9362
9960
9576
9964
10000
10000
10000
10000
9921
10000
9226
9066
10000
10000
10000
10000
10000
10000
10000
10000
10000
9242
9787
10000
10000
10000
10000
10000
10000
10000
10000
10000
10000
10000
10000
9716
8398
10000
10000
8873
10000
10000
9879
10000
10000
10000
10000
10000
9857
10000
9714
9014
8876
10000
9227
8580
10000
8742
9656
10000
10000
9061
10000
9103
10000
9412
10000
9319
10000
8827
9689
9802
10000
9323
10000
10000
10000
10000
10000
8648
10000
10000
10000
10000
10000
10000
9781
10000
10000
9845
9379
9872
8945
9271
9709
9836
10000
10000
9830
9493
10000
10000
9536
10000
9909
9080
10000
9061
9950
10000
10000
10000
9908
10000
10000
10000
10000
10000
9586
9641
10000
10000
9037
10000
9841
10000
9390
10000
9557
9054
10000
9312
9656
9964
9443
10000
9054
9394
10000
10000
10000
9985
10000
10000
10000
10000
9962
9763
9883
10000
10000
10000
10000
9851
10000
9971
10000
10000
10000
10000
9447
8079
9783
10000
10000
9120
10000
9095
10000
9955
9761
9240
8823
9867
10000
10000
10000
9051
8782
10000
9709
10000
9792
10000
8915
9073
10000
10000
10000
10000
10000
10000
10000
10000
10000
9141
9914
8831
10000
10000
9833
10000
9552
10000
10000
10000
10000
10000
10000
9476
10000
10000
10000
9816
10000
10000
8776
10000
10000
10000
10000
10000
9864
9048
9946
10000
10000
10000
10000
10000
10000
9864
10000
10000
10000
9977
10000
10000
10000
10000
10000
10000
10000
9797
10000
10000
9679
9667
10000
10000
10000
9649
10000
10000
10000
9244
10000
10000
10000
10000
10000
10000
10000
9611
10000
9346
9454
9636
10000
10000
10000
10000
10000
10000
9005
9978
10000
10000
8976
10000
9128
10000
10000
10000
9437
