9996
9996
9998
9992
9991
9979
9983
9993
9985
10000
9996
9986
9988
9993
10000
9974
9999
9978
9982
9995
9993
9998
9991
10000
9985
9984
9990
10000
9981
9979
9986
9990
10000
9995
10000
9997
9984
9996
9988
9989
9993
9994
9982
9950
9972
9970
9969
9975
9965
9992
9978
10000
9984
9996
9995
9999
9998
9981
9990
9990
10000
9989
9976
9982
9992
9993
9989
9994
10000
9999
9995
9989
9999
9998
9993
9993
9980
9992
10000
9995
9999
9988
9992
9987
9996
9986
9993
9984
9991
9994
9992
10000
9993
9981
9987
9999
9981
9980
9995
9998
10000
10000
9988
9990
9974
9991
9986
10000
9993
9986
10000
9984
9998
9986
9997
9989
9976
9998
9985
10000
9978
9982
9984
9985
9993
9975
9999
9983
9987
9997
9997
9991
9990
9992
9994
10000
9993
9988
9975
9993
9999
9979
9979
9985
9978
9979
9990
9996
9975
9996
9977
9980
9971
9992
9975
9990
9995
9991
9996
9983
10000
9971
9986
9996
9990
9984
9970
9989
9984
9985
9989
9984
9978
9999
9981
9980
9982
9983
9980
9994
9986
9995
9994
9997
9987
9959
10000
9976
9999
9990
9989
9983
9993
9984
9995
9991
9971
9991
9979
9984
9978
9989
9989
10000
9985
9993
10000
9995
9989
10000
9990
9980
9981
10000
9992
9981
9990
9985
9993
9989
10000
9997
9992
9988
9995
9991
9980
10000
9993
9979
9983
9993
9989
9975
9997
9997
9987
9996
9998
9990
9992
9990
9965
9983
9981
9984
9990
9978
9979
9999
9981
10000
9995
9996
9994
9996
10000
9991
10000
9974
9996
9986
9992
9966
9998
9998
9983
10000
9980
9996
9995
9993
9996
9988
9987
9989
9988
9984
9984
9972
9989
10000
9965
9990
9987
9976
9970
9993
9997
9993
9993
9974
9996
9983
9983
9987
9993
9998
9987
9995
9974
9992
9977
9981
9996
9996
9994
9984
9999
9972
9969
10000
9998
9989
10000
9996
9986
9987
9993
9970
9998
9980
9989
10000
9998
9993
9993
9996
9959
9984
10000
9994
10000
9986
9971
9990
9988
9989
9997
9993
9991
9997
9997
9992
9995
9998
9995
9984
9983
9990
9980
9992
9998
9995
9992
9985
9986
9962
9979
9990
9990
9993
10000
9984
9990
9992
9969
9987
9986
9994
9995
9990
9981
9986
10000
10000
9995
9985
9994
9985
10000
10000
9996
9985
10000
9993
9991
9986
10000
9980
9990
9983
9992
9978
9993
9986
9980
9991
9981
9998
9995
9973
9984
9994
9981
9981
9975
9980
9995
9988
9983
9995
10000
9983
9976
9991
9976
9990
9990
9992
10000
9994
9974
9988
9971
9988
9995
9999
9983
9989
9993
9985
9988
9972
9993
9995
9978
9988
9981
9997
9997
9986
9991
9992
9988
9995
9987
9990
9974
10000
9998
9993
9994
9992
9985
9988
10000
9996
9983
9986
9988
9998
9986
9965
9983
9985
9998
9972
10000
9995
9982
9974
9989
9993
9973
9992
9968
9982
9988
9983
9991
9996
9997
9992
9998
9991
10000
9988
9990
9972
10000
9976
9991
10000
9987
9989
9986
9981
9994
9987
9989
9983
9993
9991
9987
9985
9996
10000
9989
9998
9980
9971
10000
9987
10000
9992
9982
9997
9993
9991
9987
9997
9998
9998
9997
9994
9995
9990
9985
9971
9998
9986
10000
9993
9977
9960
9981
9991
9982
9986
9999
9985
9993
9990
9993
9999
9997
9996
9997
9999
9989
10000
9996
9997
9991
9977
9950
9992
9986
9986
9999
9984
9979
9995
9999
9996
9997
10000
9983
9967
9990
9996
9999
9976
9986
9994
9995
9990
9998
9988
9970
9969
9999
9992
9988
10000
9988
9979
10000
9988
9978
9997
9994
9999
9995
9998
9992
10000
9985
9994
9996
9979
9974
9985
10000
10000
9986
9984
9985
9980
9982
9998
9996
9957
9996
9990
9989
9992
9994
9974
9978
9982
9994
9989
9994
10000
9998
9997
9988
9981
9967
9990
9997
9974
9977
9978
9987
9985
10000
9994
10000
10000
9995
9974
9984
9994
10000
9998
9989
9984
9999
9993
9991
9981
9999
9999
9997
9996
10000
9992
9997
9997
9982
10000
9992
9991
9992
9997
9995
9993
9981
9973
10000
9993
9997
9981
10000
9978
9984
9980
9994
10000
9992
9973
9986
9986
9990
9991
9977
9998
9982
9987
9994
9983
9981
9999
9994
9988
9980
9992
9986
9999
9992
9996
9991
9997
9967
9989
9979
9993
9970
9995
9994
9977
9983
9997
9981
9976
9996
9991
9993
9987
9986
9996
9983
10000
9989
9996
9993
9985
9978
9990
9981
9977
9987
9991
9988
9999
9985
9999
9993
9990
9972
9987
9983
9975
9995
9976
9996
9971
9981
9994
9997
9995
9967
9993
9992
9985
10000
9970
9996
9969
9971
9978
9995
9996
9998
9956
9997
9997
9987
9992
9980
9994
9987
9989
9995
9984
9991
9991
9975
9971
9991
9989
9972
9976
9994
9980
9995
9976
9963
9995
9985
10000
10000
9981
9979
9997
10000
9990
9996
10000
9995
9990
9991
9984
9993
9985
9999
9995
9994
9980
10000
9997
9997
9997
9971
9999
9997
9994
9975
10000
9974
9992
9999
9979
9985
9989
9992
9991
9989
9963
9989
9990
9997
9988
9987
9975
9999
9990
10000
9996
9993
10000
9973
9986
9991
9977
9980
10000
10000
9975
10000
9991
9998
10000
9971
9987
9989
10000
10000
9992
9991
9986
9980
9986
9977
9988
9994
9998
9977
9990
9996
9993
9998
10000
9987
9997
9997
9981
9981
9996
9983
9980
9997
9994
10000
10000
9984
9991
9997
9981
9993
9998
9997
9980
9988
9988
9976
9999
9980
9991
9989
9976
9981
9987
9989
9986
9973
9999
9990
9998
9987
9992
9997
10000
9984
10000
9986
9989
9982
9986
9975
9999
9975
9977
10000
9953
9972
9992
10000
9982
9992
9995
9982
9999
10000
9998
9979
9979
9983
9989
10000
9996
9995
9985
9998
10000
9980
10000
10000
9987
9996
9979
9993
9995
9985
9995
9987
9984
9975
9991
10000
10000
9990
9982
9964
9954
9988
9982
10000
9987
10000
9990
9993
9985
9989
9999
9984
10000
9983
9976
9981
9963
9999
9963
9978
9992
9984
9997
9985
9994
10000
10000
9992
9977
9992
9996
9974
9998
