9993
10000
9984
9980
9991
9980
10000
9975
9987
9991
9980
9992
9996
9978
9985
9982
9982
9997
9978
9991
9983
9998
9963
9994
9981
10000
9998
9996
10000
9984
9985
9997
9986
9990
9981
9999
10000
9985
9992
10000
9986
9999
9983
9983
9995
9986
9990
9981
9979
9989
10000
9995
9980
9983
9999
9998
9948
10000
9988
9991
9984
9986
9998
9999
10000
9975
9980
10000
9987
9993
9972
9982
9992
10000
9988
9982
9998
9966
9987
9976
9992
9995
9988
9973
10000
9999
9997
9997
9979
9987
10000
9988
9980
9962
9988
9996
9977
9996
9992
10000
10000
9993
9991
9995
9981
9984
9992
9989
10000
9973
9990
9999
9989
9995
9969
9988
9990
9999
10000
9994
9984
9984
9992
9989
9980
10000
9981
9991
9993
9985
9999
9991
10000
9983
9999
9977
9995
9981
9984
9994
9986
9970
9995
9985
9980
9984
9982
9980
9991
9999
10000
9991
9994
9995
9998
9988
9992
9991
9983
9999
9982
10000
9997
9986
9980
9982
9987
10000
9999
9990
9985
9978
9990
9989
9984
9993
9997
9990
9999
9990
9992
9993
10000
9991
9985
9994
9980
9988
9982
10000
9997
9989
9994
9978
9997
10000
9988
9999
9990
9992
10000
9986
9973
10000
9987
9987
9991
9997
9972
9987
9991
10000
9991
9968
9999
9980
9968
10000
9968
9987
9990
9991
9979
9990
9984
9971
9985
9992
9972
9983
9992
9974
9989
9981
9991
10000
9974
9986
9981
9979
9980
9989
9997
9996
9995
9989
10000
9997
9968
9973
9999
9994
9977
9991
9972
9995
9989
10000
9963
9997
9988
9985
9995
9996
9986
9980
9983
9961
10000
9981
9989
9997
9975
10000
9998
9991
9999
9976
9996
10000
9985
9990
10000
9975
9992
9994
9984
9996
9989
9993
9982
9995
9989
9986
9989
9987
9984
9993
9981
9981
9989
9983
10000
9990
9977
9994
9994
9998
9994
9971
9984
9986
9988
9995
9997
9989
9996
10000
9983
9995
9978
9997
9985
9992
9999
9986
9990
9984
9987
9999
9989
9997
9970
9990
9987
9977
9985
9973
9989
9991
9965
9990
9993
9998
9990
9978
9992
9998
9991
9993
9994
9990
9985
9996
9996
9988
9971
10000
9989
9987
9999
9976
9996
9983
9991
9985
9985
9992
9986
10000
9978
9982
9986
9985
9992
9994
9986
9991
9984
9976
9983
9993
9982
9981
9992
9995
9991
9978
9989
9981
9994
9995
9978
9992
9971
9987
9990
9995
9984
9999
10000
10000
9998
9977
9977
9992
10000
10000
9995
9980
9994
9990
9981
9989
9990
9998
9986
9984
9992
9974
9981
9985
9989
9993
9994
9994
9989
9994
9967
9990
9999
9983
9997
10000
9991
9978
9994
9988
9996
9987
9992
9993
10000
9980
9987
9997
9992
9986
10000
9996
9969
9985
9991
9996
9992
10000
9999
9994
9994
9991
9978
9999
9996
9985
9994
9991
9986
9984
9989
9980
9985
9990
9984
9995
9999
9987
9988
9987
9989
10000
9985
10000
9999
9992
9973
9987
9956
9999
9971
9980
9998
9984
9991
9996
9990
9980
9989
9991
9989
9936
9994
10000
9979
9994
9975
9989
9997
9998
9976
9996
9992
9985
9985
9989
10000
10000
9985
9982
9995
9984
9986
9973
9998
9992
10000
9983
9985
9993
9990
9992
9995
9997
9999
9992
9985
9992
9970
9993
9999
9985
9985
9993
9956
10000
9991
9993
9997
9987
9988
10000
9989
9983
9998
9992
9992
9981
9996
9961
9990
9994
9998
9984
10000
9972
9986
9989
9995
9998
9992
9986
9989
9997
9991
9998
9990
9995
9999
9980
9976
9995
9998
9974
9995
9979
9986
9976
9987
9993
9995
9989
9994
9999
9990
9993
9999
10000
9986
9997
9978
9999
9999
10000
9984
9984
9986
9981
9980
10000
9944
9998
9997
9996
9989
9975
9987
9998
9995
9988
9994
9984
9994
10000
9991
10000
9985
9988
9988
9986
9989
9991
9991
9984
10000
9997
9984
9975
10000
10000
9989
9981
9962
9992
9991
9983
9997
10000
9998
9994
9986
9999
9979
9975
9992
10000
10000
9983
10000
9997
10000
9985
9985
9988
9999
10000
9996
10000
9986
9998
9978
9981
9977
9989
9992
9998
9999
9980
9990
9981
9996
9998
10000
9994
9964
9979
9983
9998
9975
9989
9991
10000
9986
9990
9995
9991
9993
9990
9972
9985
10000
9986
9983
9978
10000
9999
9970
9986
9994
9998
9984
9999
9983
9996
9995
9997
9977
9989
9999
9986
9977
9978
9988
9993
9997
10000
9987
9990
9992
9999
9976
9990
9998
9999
9972
9998
9997
10000
10000
9964
9985
9956
10000
9995
10000
9967
9995
9992
10000
9974
9989
9976
9994
9995
9999
9989
9999
9965
9979
10000
9995
9983
10000
10000
9993
9984
9990
9977
9975
9986
9989
9989
9978
9991
9986
9982
9988
9975
9985
9994
9985
9983
9995
10000
9991
9995
9993
9991
9974
9989
9998
10000
9982
9999
9989
9985
9988
9989
9987
9996
9995
9998
9999
9972
9991
9986
9998
9976
9997
9999
9989
9984
9981
9977
9998
9975
9994
9998
9992
9980
9980
9995
9984
9980
9954
9985
9994
9990
9992
9978
9987
9971
9994
9993
9993
10000
9990
10000
9996
9987
9991
9987
9999
9991
9990
9986
9991
9990
9993
10000
9991
9980
9992
10000
9999
9998
9981
9991
9999
9992
9988
9993
9991
9988
9988
10000
9999
9997
10000
9988
9993
9991
9988
9994
9970
9997
9984
9987
9993
9992
9973
9994
9994
9991
9997
9995
9999
9999
9978
9985
9995
9977
9992
9971
9992
9995
9998
9979
10000
9999
9978
9996
9988
9985
9997
10000
9984
9986
9968
9973
9989
9977
9993
9999
9980
9999
9991
9998
9998
9988
9988
9975
10000
9986
9993
9993
9998
10000
9993
9998
9975
9984
9980
10000
9994
9987
9987
9997
9995
9986
9987
9983
10000
9984
9988
10000
9994
9990
9987
9989
9990
9985
9981
9989
10000
9991
9993
10000
10000
9972
9991
9987
9988
9995
9989
9981
9986
9988
9991
9988
9986
9994
9981
9998
9985
9974
9982
9939
9999
9997
9983
9995
9988
9989
9988
9973
9997
10000
10000
9999
9982
9985
9983
9972
9990
9996
9995
9965
9994
9994
9988
9991
