9986
9998
9997
9990
9981
9990
9990
9980
9993
9991
9997
9987
9992
9985
9996
9989
9994
9982
9983
9988
9986
9992
9992
9989
9993
9984
9988
9987
9980
9984
9986
9981
9986
9978
9989
9982
9988
9982
9976
9977
9981
9964
9979
9994
9982
9992
9981
9986
9991
9990
9969
9989
9983
9989
9982
9990
9975
9978
9986
9996
9989
9974
9980
9958
9987
9999
9990
9991
9991
9980
9977
9994
9989
9990
9976
9980
9957
9990
9990
9994
9984
9982
9987
9990
9990
9982
9994
9979
9977
9988
9984
9984
9996
9980
9974
9992
9985
9987
9979
9982
9995
9986
9978
9981
9987
9970
9984
9987
9984
9986
9980
9987
9972
9982
9986
9974
9989
9995
9986
9988
9994
9976
9982
9992
9991
9973
9985
9968
9980
9988
9980
9984
9984
9999
9987
9978
9993
9989
9971
9973
9999
9984
9997
9996
9996
9998
9973
9987
9968
9986
9993
9963
9996
9975
9985
9986
9979
9988
9984
9999
9992
9986
9993
9991
9989
9985
9992
9995
9983
9985
9982
9989
9985
9988
9992
9977
9984
9995
9980
9977
9980
9987
9986
9989
9979
9985
9987
9978
9990
9990
9981
9970
9973
9986
9993
9979
9980
9973
9989
9983
9989
9991
9981
9988
9974
9976
9989
9967
9989
9987
9982
9977
10000
9980
9986
9983
9984
9978
9987
9982
9992
9974
9991
9992
9990
9987
9997
9986
9990
9971
9978
9972
9982
9987
9990
9988
9979
9971
9989
9972
9981
9983
9959
9987
9986
9987
9985
9994
9993
9975
9991
9991
9984
9989
9990
9993
9994
9988
9989
9970
9962
9989
9992
9985
9979
9976
9988
9984
9988
9985
9985
9981
9981
9986
9980
9967
9969
9988
9987
9991
9978
9977
9999
9984
9991
9991
9993
9986
9974
9979
9974
9978
9988
9989
9988
9982
9988
9990
9990
9984
9992
9988
9986
9999
9993
9987
9995
9997
9997
9975
9996
9982
9988
9989
9985
9995
9987
9988
9969
9977
9995
9990
9963
9963
9987
9982
9958
9986
9986
9984
9985
9990
9978
9958
9996
9989
9986
9985
9986
9992
9993
9990
9986
9997
9956
9991
9986
9995
9992
9997
9994
9994
9989
9975
9955
9986
9988
9990
9977
9970
9986
9966
9996
9988
9992
9997
10000
9987
9987
9987
9991
9990
9982
9979
9985
9994
9984
9991
9989
9997
9972
9991
9982
9998
9985
9987
9979
9990
9991
9988
9981
9992
9986
9978
9988
9987
9986
9970
9993
9990
9974
9965
9989
9968
9989
9970
9991
9992
9985
9991
9991
9987
9982
9983
9998
9976
9994
9978
9987
9972
9987
9990
9978
9991
9994
9992
9981
9980
9986
9966
9987
9958
9983
9984
9986
9973
9990
9994
9966
9982
9997
9959
9993
9993
9965
9981
9984
9988
9978
9978
9997
9982
9987
9989
9986
9990
9993
9994
9981
9988
9967
9982
9983
9984
9992
9988
9975
9987
9996
9966
9985
9996
9992
9988
9982
9996
9991
9977
9980
9995
9997
9973
9976
9974
9995
9985
9970
9992
9982
9990
9944
9988
9988
9980
9988
9979
9990
9987
9987
9987
9968
9980
9989
9976
9978
9990
9988
9979
9951
9997
9974
9984
9987
9985
9992
9983
9982
9971
9982
9985
9979
9990
9984
9955
9989
9995
9977
9973
9979
9987
9976
9957
9983
9968
9979
9987
9982
9991
9981
9992
9976
9975
9968
9981
9990
9990
9986
9971
9979
9967
9993
9981
9988
9987
9984
9985
9985
9979
9982
9981
9965
9986
9984
9968
9987
9976
9985
9990
9982
9950
9991
9968
9995
9980
9980
9989
9978
9987
9981
9964
9999
9989
9989
9975
9984
9988
9996
9991
9986
9986
9993
9980
9962
9988
9990
9987
9984
9995
9991
9979
9991
9982
9970
9985
9982
9998
9992
9967
9989
9985
9983
9996
9981
9987
9973
9982
9963
9990
9970
9994
9973
9989
9987
9981
9980
9983
9989
9979
9987
9990
9993
9984
9991
9985
9983
10000
9999
9984
9986
9991
9983
9981
9985
9971
9971
9989
9966
9968
9989
9976
9975
9976
9983
9985
9990
9994
9989
9988
9993
9979
9996
9985
9983
9980
9994
9975
9985
9985
9980
9979
9974
9975
9979
9979
9995
9983
9985
9990
9982
9987
9981
9982
9976
9979
9995
9984
9992
9990
9968
9985
9974
9989
9997
9993
9983
9992
9975
9977
9987
9984
9987
9988
9990
9982
9984
9979
9994
9985
9980
9958
9996
9993
9994
9981
9983
10000
9982
9977
9995
9991
9986
9978
9986
9993
9983
9985
9977
9971
9987
9985
9993
9981
9972
9985
9978
9988
9981
9997
9977
9994
9991
9979
9992
9980
9967
9992
9976
9986
9990
9990
9986
9987
9963
9968
9984
9990
9991
9970
9989
9992
9994
9976
9984
9990
9980
9956
9999
9987
9977
9990
9993
9968
9989
9985
9984
9994
9995
9984
9992
9994
9979
9989
9992
9967
9983
9976
9978
9967
9984
9979
9987
9978
9969
9983
9983
9996
9990
9980
9982
9966
9991
9990
9980
9997
9987
9992
9996
9979
9985
9994
9988
9978
9976
9983
9990
9997
9986
9997
9988
9995
9981
9983
9989
9987
9982
9987
9993
9989
9963
9983
9988
9990
9994
9990
9993
9981
9984
9972
9987
9977
9979
9981
9987
9957
9947
9980
9992
9970
9995
9999
9979
9989
9988
9986
9988
9987
9990
9978
9987
9990
9963
9979
9988
9974
9983
9986
9983
9991
9979
9980
9981
9979
9979
9986
9961
9985
9974
9991
9987
9975
9983
9989
9994
9989
9962
9985
9994
9976
9993
9986
9987
9991
9977
9985
9989
9979
9986
9975
9983
9982
9982
9954
9979
9995
9972
9996
9994
9966
10000
9983
9985
9992
9983
9964
9982
9991
9991
9988
9993
9991
9977
9979
9992
9984
9959
9987
9987
9974
9980
9990
9986
9997
9978
9972
9979
9995
9996
9979
9994
9988
9975
9985
9992
9995
9982
9992
9986
9989
9948
9981
9988
9995
9986
9987
9989
9979
9990
9995
9989
9994
9995
9995
9991
9991
9997
9987
9990
9994
9962
9999
9985
9992
9990
9982
9989
9987
9993
9980
9997
9991
9993
9990
9998
9992
9991
9988
9985
9970
9988
9980
9986
9974
9990
9989
9972
9993
9981
9977
9995
9975
