9997
9983
9989
9995
9980
9979
9984
9994
9997
9993
9978
9984
9996
9988
9986
9981
9979
9997
9998
9978
9982
9956
9985
9993
9986
9987
9981
9997
9986
9992
9987
9989
9975
9974
9999
9978
9979
9999
9997
9988
9993
9979
9986
9997
9982
9988
9989
9992
9978
9988
9980
9998
9988
9981
9983
9984
9999
9985
9968
9986
9984
9997
9987
9996
9999
9983
9995
9993
9986
9993
9996
9988
9988
9976
9992
9987
9983
9994
9989
9989
9967
9983
9974
9982
9998
9969
9991
9965
9994
9982
9992
9999
9999
9989
9995
9985
9989
9993
9992
9977
9988
9977
9983
9974
9978
9994
9989
9972
9993
9996
9996
9995
9974
9996
9993
9988
9989
9984
9968
9991
9983
10000
9992
9989
9997
9963
9980
9970
9994
9994
9981
10000
9976
9978
9991
9996
9966
9994
10000
9981
9959
9978
9982
9992
9982
9984
9977
9992
9998
9989
9990
9993
9984
9983
9990
9997
9982
9994
9989
9989
9980
9994
9978
9992
9989
9984
9982
9990
9970
9988
9997
9994
9988
9988
9974
9989
9985
9983
9970
9993
9973
9985
9988
9995
9988
9996
9999
9998
9996
9990
9976
9979
9979
9989
9980
9996
9990
9974
9991
9991
9990
9987
9967
9989
9991
9990
9982
9991
9987
9982
9988
9994
10000
9993
9985
9998
9997
9994
9995
9987
9985
9983
9985
9992
9988
9982
9986
9996
9968
9975
9983
9994
9975
9981
9976
9986
9990
9999
9995
9987
9981
9982
9977
9991
9984
9993
9987
9996
9964
9974
9993
9994
9985
9968
9991
9995
9991
9968
9990
9985
9988
9989
9972
9993
9969
9995
9992
9995
10000
9987
9999
9991
9983
9989
9982
9975
9984
9981
9986
9999
9984
9991
9990
9999
9997
9974
10000
9971
9980
9996
9978
9998
9993
9979
9986
9985
9973
9999
9982
9984
9983
9988
9998
9987
9992
9990
9986
9977
9983
9999
9990
9991
9971
9984
10000
9993
9996
9986
9995
9987
9994
9986
9988
9984
9993
9991
9990
9997
9997
9994
9988
9995
9982
9983
9977
9997
9982
9985
9987
9986
9979
9988
9982
9968
9987
9985
9974
9973
9993
9996
9978
9974
9995
9966
9977
9983
9998
9974
9989
9993
9979
9989
9991
9989
9981
9996
9979
9997
9973
9992
9987
9991
9980
9983
9983
9985
9994
9998
9991
10000
9989
9987
9984
9991
9998
9993
9983
9996
10000
9987
9984
9989
9982
9995
9977
9991
9977
9993
9998
9988
9992
9991
9982
9996
9991
10000
9997
9998
9996
9994
9997
9996
9984
9999
9999
9993
9987
9991
9994
9978
9965
9969
9992
9988
9991
9970
9989
9978
10000
9968
9995
9976
9989
9972
9957
9981
9996
9986
9996
9994
9997
9998
9985
9978
9990
9980
9992
9964
9997
9973
9988
9987
10000
9993
9996
9977
9998
9988
9990
9992
9986
9996
9997
9989
9971
9982
10000
9978
9982
9994
9988
9975
9995
10000
9989
9985
9996
9982
9998
9997
9979
9990
9984
9997
9992
9974
9992
9986
9987
9987
9995
9985
9981
9987
9999
9994
9999
9999
9986
9969
9995
9995
9981
9978
9989
9988
10000
9986
9992
9993
9979
9998
9963
9983
9988
9994
9995
9988
9989
9985
9979
9988
9996
9995
9983
9996
9992
9993
9993
9972
9996
9979
9989
9985
9994
9993
9982
9991
10000
9990
9992
9999
9986
10000
9984
9988
9992
9987
9996
9988
9992
9986
9990
9999
9968
9977
9991
10000
9981
9976
9973
9990
9996
9989
9982
9999
9997
9993
9989
9956
9998
9985
9987
9991
9976
9976
9987
9999
9991
9989
9983
9987
9994
9980
9993
9998
9979
9980
9995
9996
9990
9993
9982
9986
9973
9983
9990
9950
9994
9992
9993
9989
9996
9992
9995
9976
9996
9971
9979
10000
9991
9996
9992
9996
9998
9986
9992
9998
9997
9979
9994
9995
9992
9994
9993
9980
10000
9992
9996
9995
9982
9992
9979
9988
9977
9997
9977
9992
9993
9965
9978
9985
9984
9996
9991
9990
9987
9994
9989
9992
9984
9990
9992
9997
9990
9988
9998
9974
9991
9988
10000
9990
9999
9982
9996
9985
9989
9999
9983
9974
9992
9996
10000
9992
9983
9994
9983
9994
9978
10000
10000
9997
9996
9970
9999
10000
9987
9998
9998
9985
9985
10000
9995
9989
9990
9999
9994
9989
9985
9994
9976
9991
9994
9964
9981
9982
9995
9989
9994
9989
9995
9990
9995
9978
9986
9984
9986
9997
9993
9994
9997
9986
9991
9997
9993
9998
9990
9999
9982
9997
9990
9989
9999
9982
9999
10000
9987
9983
9965
9981
9977
9993
9988
9980
9995
9986
9978
9986
9994
9991
9996
9985
9999
9976
9992
9981
9985
9984
9971
9983
9985
9990
9980
9994
9995
9995
9983
9999
9992
9998
9986
9989
9994
9985
9984
9995
9994
9981
9999
9994
9995
9992
9986
9983
9979
9995
9985
9994
9978
9994
9990
9985
9999
9975
9992
9997
9989
9975
9998
9978
9985
9966
9994
9997
9992
9996
9968
9996
9993
9997
9983
9994
9998
9988
9987
9983
9985
9982
9993
9979
9993
9995
9991
9971
9988
9979
9986
9992
9978
9997
9985
9995
9990
9987
9994
9979
9998
9998
9987
9985
9999
9992
9984
9998
10000
9987
9991
9990
9994
9986
9992
9991
9997
9976
9999
9997
9996
9989
9977
9996
9985
9992
9993
9988
9989
9986
9984
9995
9985
9998
9996
9967
9958
10000
9992
10000
9971
9983
9993
9981
9985
9986
9983
9998
9999
9999
9987
9991
9970
9999
9974
9990
9976
9974
9995
9991
9996
9992
9987
9996
9992
9991
9999
9964
9993
9992
9991
9994
9993
9998
9996
9993
9998
9988
9994
9985
9991
9980
9980
9989
9985
9987
9971
9986
9991
9973
9982
9987
9991
9989
9996
10000
9976
9993
9988
9957
9988
9989
9984
9991
9979
9970
10000
10000
10000
9986
9978
9986
9997
9995
9989
9989
9978
10000
9979
9987
9998
9993
10000
9993
9986
9999
9968
9992
9971
9996
9988
9982
9994
9996
9968
9981
9986
10000
9981
9999
9995
9983
9981
9971
9988
9986
9980
9996
9994
9983
9988
10000
9999
9993
10000
9993
9998
9998
9973
9987
9982
9995
9995
9986
