9985
9985
9994
9999
10000
9989
10000
10000
10000
10000
9988
10000
9997
9987
9998
9987
9994
9998
9998
9997
9999
9976
9985
9997
9996
9996
10000
9996
9960
9996
10000
10000
9995
10000
9989
9994
9989
9989
9998
10000
9987
9991
9991
9996
10000
10000
9985
9991
9983
9997
9994
9996
9997
9999
10000
9999
9999
10000
9999
10000
9996
9994
10000
9977
9998
10000
9997
9989
9998
9998
9975
9989
9999
9997
9984
10000
9994
9999
9993
10000
10000
10000
9994
9977
9988
9994
9991
10000
9997
9999
10000
10000
9997
9996
9995
9997
9999
10000
9992
9997
10000
9989
9999
10000
9992
9998
9983
9990
9997
9994
9992
9984
9988
10000
9996
9999
9990
9985
9993
9993
9998
9991
9998
10000
9999
10000
10000
9997
9994
9997
10000
9999
10000
9999
10000
9986
9998
10000
10000
9992
9998
10000
9989
9986
9997
9989
10000
9997
9995
9997
9996
10000
10000
9994
9994
10000
10000
9991
10000
9997
9996
9982
9998
10000
10000
9977
9998
9998
9977
10000
9999
9998
9995
9985
9999
9998
9988
9998
9997
10000
9999
9986
9996
9997
9981
10000
9984
9999
9999
9998
9995
9997
10000
10000
9997
9999
9998
9999
10000
9999
10000
9999
9995
9999
9996
9999
9990
10000
10000
9998
9990
9999
10000
10000
9999
9999
9983
9999
9985
9998
9995
9998
9994
9997
9997
9997
9989
10000
9976
9996
9999
9999
9999
9991
10000
9997
9995
9988
9996
10000
10000
9998
10000
9999
9998
9997
9999
9983
10000
9997
9998
9999
10000
9993
10000
10000
9996
9984
9994
9984
10000
9996
9996
9994
10000
9993
9990
9989
9997
9997
9999
10000
10000
9998
9999
9998
10000
10000
9999
9981
10000
10000
9996
9999
9998
10000
10000
9990
9992
9992
9997
9993
10000
9999
9982
9980
9993
9998
9994
10000
9999
9998
10000
9999
9996
10000
9999
9999
9998
9998
10000
9999
9988
9994
10000
9994
10000
9992
10000
10000
10000
9998
10000
10000
9991
9983
9997
9999
9991
9997
9999
9999
10000
9998
9994
9984
9990
10000
9996
9998
9984
10000
9998
9992
9996
10000
10000
10000
9999
9990
9985
10000
9997
10000
9999
9997
9994
10000
9998
10000
9997
9999
10000
9999
9996
9999
9998
9998
9999
10000
9989
9994
9998
10000
10000
9999
9999
9997
9996
9995
9996
9995
9996
10000
9975
9984
10000
9995
10000
9981
10000
9989
9972
9987
10000
9998
9990
10000
9997
9994
9992
10000
9990
10000
9998
9999
10000
9994
10000
9985
9999
9999
9999
9999
9998
10000
9996
10000
9987
10000
9985
9992
9978
9993
9999
10000
9997
9998
10000
9987
9994
9999
9999
9987
9999
9988
10000
10000
10000
9993
9999
9999
9991
9998
9996
9999
9999
10000
9990
9987
9999
9995
9995
10000
9990
9990
9986
9993
9993
9998
10000
9996
9986
9997
9999
10000
9998
9997
9998
10000
9986
9996
10000
9992
10000
10000
9994
9998
9999
9993
9998
9998
10000
10000
9993
10000
9998
9997
9996
9988
9990
10000
9998
10000
10000
9998
9985
9986
9983
10000
9996
9987
9995
9999
9992
9991
10000
9993
9995
10000
10000
10000
9965
9994
9996
9996
9999
9999
9999
10000
9996
10000
9991
9999
9999
10000
10000
10000
9993
10000
10000
10000
9999
10000
9998
9999
10000
10000
9998
9996
9970
10000
10000
9991
10000
10000
10000
9994
9976
9998
9994
10000
9997
9983
9987
9995
10000
9998
9998
10000
9998
9998
9999
9994
10000
9981
9993
9986
10000
9999
9999
9975
9976
9993
9999
10000
10000
9998
10000
9994
9993
9987
10000
9999
9985
9997
9996
9998
9998
9987
9993
10000
10000
9997
9999
9997
9995
10000
9996
9999
9999
9999
10000
9999
9991
9988
10000
9994
9994
9990
9999
9995
10000
9998
9995
9996
9993
9998
9989
10000
9997
10000
10000
10000
10000
9997
9992
9995
9996
10000
9999
9976
10000
9999
9999
10000
10000
9992
9992
9998
9999
9988
10000
10000
9971
10000
9994
9999
9999
9998
9999
10000
9999
9999
10000
9998
9996
9998
9989
10000
9998
9996
9999
9991
9999
9985
10000
9999
9990
9994
9997
10000
9999
9998
9994
10000
10000
9997
10000
9997
9997
10000
9997
9998
9998
9998
9998
9998
9998
9976
9998
9972
9998
9999
9994
9999
9991
9999
9999
9987
10000
9994
10000
9991
9995
9997
9998
10000
10000
9975
9998
9996
9995
9989
10000
9999
9990
10000
10000
9996
9993
9999
9998
10000
9992
9983
10000
9994
10000
9999
9995
9981
10000
9988
10000
9985
10000
9998
10000
9977
10000
9999
9989
9994
9999
9998
9998
9990
9996
9998
9995
9993
9990
9975
9986
9997
9998
9993
10000
9980
10000
9974
9995
10000
9995
10000
10000
9993
9999
9997
10000
9998
9999
9991
9988
9997
9994
9993
9988
9994
9988
9991
9995
9997
9996
10000
9995
10000
9998
9974
9997
10000
10000
9990
10000
9997
9989
9994
9992
10000
9977
10000
10000
9997
9997
9998
9992
10000
10000
9999
9999
10000
9997
9985
9996
10000
10000
9973
9997
9994
9995
9974
9997
9964
10000
9998
9990
10000
9997
10000
9997
10000
9991
9988
9996
9998
9991
10000
9993
9982
9999
9995
9999
9990
9998
10000
9989
9962
9995
9998
9991
10000
9992
9999
9994
10000
9992
9998
10000
10000
9998
9991
10000
10000
10000
9998
9998
9996
10000
9983
9998
9999
9992
10000
9999
9988
9998
9995
9996
9975
9997
9997
9994
10000
9984
10000
9998
9993
10000
9992
10000
9998
9991
10000
9994
9999
9998
9998
9997
10000
9979
9983
9998
9991
10000
9995
9992
10000
9987
9985
9996
10000
9980
9995
9998
9985
9998
10000
10000
10000
9993
9996
9992
10000
9998
9998
10000
9999
9991
9994
9999
9997
9999
9961
9997
9989
9995
9993
9994
9998
9980
9994
9999
9999
9994
9999
10000
9998
9969
9999
9986
10000
9997
9998
9990
9998
10000
9999
10000
10000
9977
9994
9996
9996
9997
9999
9999
9994
9990
9999
9998
9997
9996
10000
9999
10000
9999
10000
9979
9972
10000
9997
10000
9994
9993
9997
9988
10000
9995
9996
9999
9991
10000
9996
10000
10000
10000
9997
9997
9997
