9978
9989
9994
9989
9983
9989
9994
9976
9959
9985
9982
9971
9982
9985
9986
9961
9985
9983
9988
9990
9974
9984
9975
9986
9952
9985
9979
9987
9956
9973
9990
9978
9993
9973
9987
9994
9979
9990
9989
9995
9986
9989
9981
9986
9997
9983
9981
9989
9977
9992
9989
9989
9997
9989
9994
9991
9983
9979
9996
9960
9982
9977
9990
9970
9973
9986
9990
9986
9979
9987
9973
9987
9993
9981
9978
9988
9991
9987
9988
9991
9992
9996
9971
9990
9990
9991
9986
9996
9981
9963
9981
9973
9973
9990
9982
9978
9981
9991
9977
9980
9981
9974
9998
9984
9976
9990
9991
9986
9994
9981
9992
9992
9993
9993
9986
9964
9994
9985
9984
9992
9985
9983
9979
9996
9990
9984
9994
9985
9992
9973
9974
9992
9961
9987
9977
9978
9989
9985
9967
9987
9995
9984
9978
9970
9998
9985
9978
9981
9991
9975
9979
9991
9977
9991
9981
9987
9986
9988
9984
9959
9997
9971
9975
9991
9991
9980
9989
9985
9981
9982
9978
9982
9977
9991
9989
9985
9984
9996
9981
9987
9992
9989
9984
9985
9980
9971
9978
9993
9988
9992
9996
9988
9985
9981
9979
9979
9991
9995
9984
9987
9976
9985
9956
9984
10000
9991
9965
9994
9968
9973
9981
9986
9991
9982
9988
9988
9988
9996
9983
9972
9991
9998
9986
9984
9986
9980
9994
9961
9986
9980
9960
9983
9988
9982
9989
9986
9982
9992
9967
9992
9987
9986
9968
9983
9970
9984
9990
9974
9984
9990
9978
9991
9990
9953
9991
9981
9972
9966
9984
9980
9969
9976
9998
9983
9979
9978
9987
9982
9984
9988
9985
9974
9975
9981
9990
9994
9972
9986
9984
9994
9979
9981
9986
9981
9993
9965
9985
9991
9997
9980
9980
9977
9988
9996
9953
9995
9968
9968
9974
9991
9984
9991
9990
10000
9988
9975
9990
9987
9972
9985
9986
9976
9975
9981
9972
9991
9975
9985
9992
9969
9973
9969
9974
9966
9995
9999
9982
9991
9994
9989
9991
9992
9980
9969
9996
9984
9995
9967
9979
9994
9971
9996
9978
9990
9984
9972
9979
9989
9978
9979
9983
9993
9991
9966
9994
9986
9984
9985
9971
9972
9950
9989
9987
9974
9982
9979
9980
9973
9994
9984
9984
9971
9997
9998
9985
9985
9995
9978
9988
9987
9995
9975
9986
9974
9990
9983
9968
9993
9988
9983
9991
9992
9972
9981
9977
9992
9990
9991
9969
9991
9992
9988
9986
9998
9980
9997
9982
9984
9971
9992
9989
9979
9976
9985
9981
9986
9980
9995
9982
9997
9987
9992
9981
9978
9982
9988
9979
9988
9982
9990
9985
9998
9993
9996
10000
9978
9985
9993
9981
9996
9988
9987
9994
9992
9959
9972
9984
9976
9982
9987
9977
9975
9992
9968
9981
9980
9979
9991
9980
9985
9982
9989
9990
9967
9996
9996
9993
9985
9989
9988
9966
9990
9992
9989
9990
9959
9968
9990
9980
9991
9987
9983
9975
9964
9981
9978
9976
9986
9977
9957
9995
9974
9986
9995
9982
9973
9982
9982
9985
9975
9968
9983
9977
9984
9987
9993
9983
9961
9960
9976
9985
9982
9992
9997
9991
9981
9988
9986
9976
9959
9987
9991
9991
9991
9995
9982
9975
9992
9983
9982
9988
9999
9989
9977
9970
9988
9984
9974
9986
9966
9992
9987
9954
9975
9966
9993
9983
9993
9983
9993
9980
9986
9986
9988
9982
9949
9977
9997
9974
9983
9993
9986
9972
9983
9988
9982
9967
9994
9972
9981
9983
9998
9985
9996
9979
9972
9991
9993
9985
9984
9963
9980
9958
9981
9985
9992
9991
9982
9965
9963
9990
9991
9989
9987
9983
9990
9993
9994
9979
9990
9995
9987
9980
9984
9983
9998
9975
9967
9991
9986
9975
9995
9990
9985
9979
9978
9972
9987
9987
9984
9966
9988
9997
9987
9989
9977
9990
9987
9976
9985
9984
9985
9992
9990
9985
9981
9987
9993
9985
9980
9980
9982
9980
9978
9987
9992
9986
9988
9973
9986
9978
9979
9995
9980
9952
9967
9983
9982
9991
9990
9992
9984
9975
9980
9980
9987
9989
9982
9989
9987
9992
9968
9995
9983
9989
9987
9975
9991
9992
9970
9984
9994
9978
9970
9992
9995
9976
9990
9981
9987
9974
9988
9985
9991
9996
9993
9994
9991
9983
9973
9974
9969
9980
9984
9996
9994
9962
9980
9998
9986
9993
9959
9979
9965
9983
9971
9988
9972
9969
9980
9988
9986
9991
9975
9986
9991
9979
9995
9979
9983
9978
9983
9989
9996
9988
9992
9980
9991
9987
9993
9982
9993
9965
9994
9988
9975
9989
9982
9984
9979
9969
9988
9982
9982
9999
9978
9979
9990
9980
9989
9978
9990
9989
9994
9992
9990
9995
9965
9982
9989
9989
9986
9990
9996
9993
9995
9988
9963
9993
9992
9988
9993
9993
9989
9997
9990
9989
9991
9984
9996
9989
9958
9983
9987
9982
9997
9975
9989
9971
9991
9974
9993
9982
9988
9990
9986
9991
9986
9980
9982
9999
9975
9993
9970
9984
9963
9989
9973
9987
9971
9990
9974
9986
9970
9993
9991
9987
9981
9984
9985
9983
9980
9991
9985
9989
9992
9983
9992
9978
9970
9992
9987
9982
9999
9984
9975
9982
9984
9976
9985
9984
9982
9977
9965
9993
9976
9997
9979
9966
9984
9988
9979
9990
9983
9974
9995
9985
9988
9993
9983
9993
9989
9978
9988
9982
9971
9971
9981
9992
9978
9979
9984
9995
9985
9982
9989
9980
9978
9968
9979
9981
9987
9986
9979
9989
9992
9948
9989
9978
9990
9981
9992
9976
9990
9989
9991
9978
9982
9981
9996
9969
9988
9989
9974
9992
9990
9989
9985
9977
9989
9973
9986
9979
9988
9968
9981
9978
9987
9984
9995
9975
9988
9977
9987
9980
9994
9966
9990
9996
9961
9968
9988
9995
9981
9993
9985
9991
9985
9982
9992
9989
9987
9987
9988
9975
9990
9983
9994
9993
9966
9980
9987
9993
9978
9990
9973
9983
9980
9991
9985
9960
9980
9991
9993
9993
9983
9996
9991
9979
9991
9991
9989
9990
9985
9973
9977
9987
9982
9987
9976
9981
9985
9990
9981
9981
9982
9973
9980
9991
9985
