9939
9822
9963
9991
9966
9745
9855
9807
9988
9980
9964
9957
9987
9979
9980
9988
9956
9979
9841
9936
9977
9507
9980
9910
9989
9948
9983
9729
9911
9782
9936
9988
10000
9992
9944
9841
9966
9982
9970
9872
9960
9941
9860
9989
9996
9974
9982
9980
9974
9965
9990
10000
9855
9842
10000
9919
9950
9977
9787
9572
9842
9992
9902
9636
9853
9876
9965
9962
9955
9968
10000
9825
9986
9719
9892
9984
9986
9669
9976
9979
9987
9861
9658
9987
9542
9916
9956
9925
9953
9763
9922
10000
9749
9670
9989
9815
9912
9947
9947
9987
9964
9744
9763
9853
9894
9974
9983
9890
9987
9909
9903
9983
9959
10000
9990
9972
9963
9840
9831
9935
9972
9981
9949
9989
9982
9897
9987
9985
9933
9991
9958
9545
9921
9926
9978
9985
9762
9983
9976
9802
9985
9978
9970
9881
9819
9933
9984
9982
9815
9990
9969
9748
9988
9987
9977
10000
9976
9981
9995
9974
9985
9992
9968
9919
9965
9970
9976
9984
9891
9991
9719
9724
9912
9946
9895
9844
9971
9980
9931
9711
9984
9508
9981
9928
9983
9976
9951
9916
9817
9912
9960
10000
9750
9977
9931
9976
9954
9972
9987
9961
9975
9932
9888
9990
9929
9996
9842
9998
9995
9915
9991
9901
9968
9964
9967
9970
9930
9987
9955
9987
9973
9956
9901
9923
9973
9758
9724
9938
9654
9970
9967
9982
10000
9931
9876
9472
9943
9937
9975
9954
9978
9981
9956
10000
9943
9965
9406
9999
9783
9990
9915
9843
9980
9997
9974
9989
9983
9955
9958
9882
9990
9986
9747
9992
9918
9989
9979
9936
9658
9993
9980
9943
9995
9992
9915
9979
9719
9771
9999
9965
9932
9939
10000
9979
9875
9958
9878
9841
9929
9916
9669
9951
9895
9995
9978
9984
9994
9990
9928
9896
9927
9958
9942
9985
9939
9971
9976
9952
9971
9991
9962
9916
9980
9985
9928
9886
9969
9986
9991
9899
9983
9992
9953
9906
9958
9976
9965
9929
9706
9949
9983
9990
9991
9947
9972
9963
9955
9890
9979
9959
10000
9782
9702
9905
9977
9944
9903
9843
9925
9982
9955
9889
10000
9988
10000
9996
9980
9966
9543
9969
9926
9704
9972
9975
9967
9909
9885
9974
9965
9684
9929
9988
9883
9972
9497
9986
9936
9972
9978
9917
9989
9958
9982
9980
9936
9984
9975
9990
9967
9992
9985
9946
9748
9959
9992
9982
9723
9769
9975
9990
9910
9988
9941
9954
9950
10000
10000
9962
9934
9691
9929
9935
9913
9981
9875
9982
9903
9638
9701
9987
9983
9887
9932
9949
9977
9631
9962
9973
9809
9955
9981
9589
9851
9961
9910
9972
9987
9812
9952
9839
9965
9985
9763
9950
9979
9983
9786
9996
9844
9955
9943
9961
9980
9958
9912
9973
9992
10000
9980
9984
9958
9985
9994
9987
9764
9792
9990
9958
9987
9974
9971
9705
9984
9962
9779
9972
9974
9978
9884
9990
9959
9639
9925
9919
9865
9988
9940
10000
9944
9893
9986
9971
9962
9996
9988
9976
9773
9551
9983
9955
9985
9955
9954
9978
9817
9973
9938
9989
9965
9831
9609
9912
9991
9859
9849
9997
9692
9701
9973
9700
9696
9793
9604
9980
9868
9865
9733
9904
9779
9922
9974
10000
9971
10000
9977
9977
9787
9794
9981
9871
9985
9981
9976
9854
9987
9990
9967
9983
9960
9987
9974
9994
9968
9617
9954
9970
9975
9880
9928
9915
9974
9986
9757
9994
9974
9738
9941
9991
9979
9986
9946
9907
9955
9802
9992
9987
9968
9930
9973
9998
9536
9942
10000
9884
9790
9960
9934
9970
9965
9991
9985
9990
9976
9766
9402
9974
9982
9953
9424
9974
9886
9960
9971
9979
9992
9990
9975
9940
9951
9986
9986
9201
9982
9973
9982
9957
9948
9940
9980
9935
9971
9978
9863
9789
9958
9975
9897
9964
9694
9967
9949
9815
9978
9989
9967
9983
9957
9868
9992
9988
10000
9985
9886
9795
9965
9995
9952
9990
9970
9993
10000
9932
9989
9949
9976
9983
9984
9890
9956
9943
9965
9982
9721
9800
9747
9947
9936
9987
9761
9966
9922
9994
9906
10000
9937
9968
9757
9969
9805
9979
9992
9950
9661
9964
10000
9948
9971
9961
9828
9986
9845
9671
9984
9992
9938
9587
9926
9800
9852
9946
9924
9816
9635
9983
10000
9979
9647
10000
9991
9995
9874
9960
9736
9735
9995
9940
9951
9842
10000
9997
9989
9958
9978
9902
9932
9972
9902
9983
9955
9977
9969
9938
9988
9800
9931
9973
9904
9991
9982
10000
9983
9895
9997
9835
9391
9884
9985
9961
9919
9962
10000
9937
9981
9932
9970
9988
9989
9959
9877
9607
9990
9976
9967
9966
9932
9936
9961
9900
9949
9794
9982
9795
9978
9981
9860
9881
9979
9763
9923
10000
9980
9968
9878
9969
9861
9970
9679
9915
9992
9920
9888
10000
9975
9806
9956
9903
9979
9830
9963
9945
9982
9939
9980
9344
9822
9975
9924
9773
9978
9977
9930
9990
9980
9981
9976
9950
9963
9993
9762
9879
9984
9980
9988
9992
9968
9965
9982
9846
9978
9966
9977
9951
9946
9901
9913
9977
9987
9900
9737
9962
10000
9981
9944
9988
9985
9983
9918
9916
9919
9843
9954
9969
9991
10000
9951
9950
9787
9875
9916
9984
9888
9961
9987
9977
9973
9835
9973
9950
9950
9748
9978
9781
9962
9943
9966
9973
9972
9988
9899
9979
10000
9972
9663
9965
9801
10000
9983
9979
9768
9958
9828
9823
9802
9987
9981
9957
9971
9980
9981
9973
9964
9981
9987
9985
9990
9970
9989
9940
9957
9867
9979
9875
9956
9991
9991
9982
9618
9979
10000
9974
9955
9975
9939
9885
9984
9931
9965
9979
9487
9971
9979
9983
9989
9971
9940
9981
9974
9950
9758
9980
9969
9678
9998
9927
9969
9944
9974
9952
9985
9991
9918
9796
9775
9912
9961
9969
9970
9961
9917
9857
9979
9971
9718
9866
9992
9994
10000
9985
9987
9994
9920
9981
9859
9839
9778
9944
9968
9760
9719
9973
9863
9958
9922
9919
9990
9989
9880
9969
9943
9993
9978
9948
9988
9565
10000
10000
9982
9775
9934
9978
