9990
10000
9982
9994
9988
9989
9982
9993
9992
9994
9975
9995
9994
9993
9982
9986
9992
9989
9989
10000
9992
9984
9975
9983
9996
9994
9994
9990
9991
10000
9995
9975
9982
9984
9993
9966
9981
9987
9998
9992
9981
9991
9999
9996
9984
9965
9954
9996
9991
9997
9984
9991
9970
9997
9985
9990
9988
9991
9992
9990
9980
9984
9991
9982
9995
9992
9987
9995
9969
9879
9992
9985
9996
10000
9973
9967
9996
9978
9990
9977
9987
9985
9971
9996
9971
9989
9973
9992
9988
9997
9972
9961
9997
9976
9987
9984
9996
9966
9985
9980
9982
9974
9975
9993
9991
9976
9989
9986
9990
9981
9979
9994
9987
9983
9986
9975
9988
9991
9992
10000
9968
9991
9982
9982
9984
9997
9995
9988
9886
9985
9979
9988
9980
9997
9994
9980
9977
9994
9990
9982
9988
9997
9991
9985
9991
9986
9999
9990
9982
9991
9994
10000
9991
9985
9990
9995
9996
9986
9986
9988
9961
9996
9982
9984
9995
9996
9995
9989
9970
9980
9996
9988
9987
9998
9978
9974
9983
9995
9987
9991
10000
9981
9976
9989
9975
9996
9986
10000
9994
9991
9989
9978
9989
9981
9963
9993
9996
9988
9984
9999
9991
9977
9999
9994
9983
9992
9990
9999
9978
9977
9979
9990
9982
9991
9994
9986
9978
9997
9980
9959
9999
9993
9962
9997
9989
9983
9994
9936
9991
9995
9956
9969
9997
9984
9990
9983
9980
9993
9981
9993
9990
9990
9997
9953
9982
9979
9983
9990
9993
9995
9986
9982
9985
9982
9999
9995
9998
9975
9992
9998
9984
9992
10000
9992
9993
9991
9984
9993
9983
9990
9985
9994
9992
9984
9989
9964
9970
9988
9986
9982
9997
10000
9986
9988
9983
9983
9977
9999
9992
9991
9969
9980
9961
9981
9974
10000
9995
9991
9985
9996
9981
9987
9978
9994
9974
9976
9997
9994
9995
9985
9948
9981
9992
9985
9974
9994
9998
9976
9982
9987
9972
9994
9989
9982
9988
9988
9992
9994
9956
9980
9984
9991
9978
9985
9991
9978
9961
9998
10000
9981
9976
9992
10000
9996
9982
9982
9987
9986
9993
9989
9985
9995
9984
9985
9987
9982
9996
9994
9995
9988
9993
9991
9980
9990
9977
9990
9987
9976
9991
9985
9986
9991
9986
9976
9990
9991
9980
9985
9968
9998
9995
9988
9994
9986
9961
9989
9985
9988
9977
9985
9980
9997
9984
9966
9990
9999
9989
9985
9985
9989
9994
9990
9999
9991
9996
9991
9997
9989
9993
9982
9984
9993
9986
9993
9989
9987
9982
10000
9994
9994
9978
9990
9996
9995
9965
9961
9975
9993
9980
9971
9997
9983
9993
9993
9987
9976
9982
9977
9993
9966
9980
9986
9991
9982
9978
9984
9991
9995
9995
9987
9990
9975
9998
9956
9988
9984
9990
9998
9989
9986
9990
9989
9998
9983
9990
9999
9966
9982
9995
9986
9989
9992
9981
9986
9994
9980
9990
9998
9994
9996
9990
9993
9985
9993
9989
9973
9984
9996
9962
9978
9980
9983
9988
9986
9980
9970
9990
9972
9991
9997
9987
9989
9989
9995
9977
9976
9981
9986
9982
9952
9995
9978
9983
9989
9992
9998
9999
9982
9985
9988
9979
9973
10000
9962
9966
9980
9985
9995
9988
9971
9985
9980
9992
9983
9998
9995
9960
9992
9987
9988
9996
9974
9983
9980
9968
9985
9985
9979
9985
9971
9993
9990
9990
9961
9995
9991
9992
9984
9993
9988
9995
9989
9988
9976
9985
9992
9977
9967
9995
9992
9984
9985
9978
9971
9994
9997
9997
9972
9981
9995
9990
9977
9977
9956
9983
9980
9972
9990
9987
9972
9979
9969
9970
9983
9993
9998
9973
9970
9994
9989
9984
9990
9982
9999
9988
9992
9997
9992
9975
9991
9979
9977
9977
9984
9992
9993
9978
9998
9978
9981
9983
9989
9998
9957
9984
9975
9958
9983
9985
9999
9983
9989
9984
9990
9989
9986
9981
9986
9997
9985
9966
9989
9995
9970
9999
9993
9984
9996
9992
9985
9999
9988
9991
9986
9998
9978
9998
9996
9991
9997
9991
9986
9973
9980
9978
10000
9981
9986
9985
9981
9976
9991
9999
9983
9989
9994
9988
9982
9981
9999
9999
9986
9981
9989
9990
9995
9997
10000
9982
10000
9978
9989
9995
9986
9996
9994
9979
9994
9983
9994
9983
9993
9980
9973
9975
9990
9974
9988
9999
9993
9991
9990
9990
9992
9980
9989
9972
9983
9985
10000
9985
9991
9980
9991
9961
9992
9971
9981
9990
9989
9997
9971
9988
9992
9995
9960
9976
9982
9995
9993
9983
9969
9973
9995
9992
9975
9991
9986
9989
9985
9994
9990
9974
9992
9983
9990
9995
9990
9992
9995
9998
9990
9984
9981
9983
9998
9984
9992
9960
9991
9984
9972
9988
9992
9999
9982
9968
9977
9989
9981
9978
9990
9993
9993
9981
9992
9995
9970
9991
9997
9981
9991
9992
9993
9980
9985
9998
9965
9980
9977
9988
10000
9982
9974
9996
9998
9992
9995
9983
9980
9980
9971
9980
9985
10000
9983
9991
9979
9996
9962
9981
9991
9986
9985
9998
9987
9991
9974
9984
9980
9996
9992
9995
9992
9987
9986
9973
10000
9955
9993
9990
9982
9990
9983
10000
9994
9985
9980
9989
9984
9988
9990
9989
9993
9981
9995
9963
9995
9997
9988
9983
9995
9981
9990
9989
9997
9975
9989
9995
9998
9991
9980
9981
9992
9991
9986
9978
9999
9978
9999
9990
9989
9999
9994
9972
9985
9998
9981
9981
9982
9959
9989
10000
9991
9974
9988
9988
9996
9981
9974
9977
9988
9985
9970
9984
9958
9994
9997
10000
9997
9999
9992
9967
10000
9982
9989
9991
9989
9974
9992
9980
9996
9965
9966
9977
9975
9982
9990
9973
9983
9984
9989
9995
9978
9990
9986
9993
9999
9988
9986
9990
10000
9976
9981
9990
9991
9990
9994
9986
9979
9993
10000
9991
9989
9993
9982
9999
9995
9990
9997
9985
9974
9961
9993
9972
9982
9986
9995
9960
9969
9997
9995
9983
9988
9997
9993
9977
9982
9993
9982
9968
9987
9992
9984
9993
9989
9987
9988
9977
9987
9977
9983
9959
9973
9988
9993
9981
9992
9985
9998
