9987
9763
9979
9998
9720
9976
9916
9981
9981
9818
9992
9956
9911
9955
9991
9967
9985
9982
9972
9959
9990
9977
9679
9984
9958
9995
9841
9762
9859
9968
9990
9990
9982
9987
10000
9990
9982
9975
9795
9986
9949
9988
9934
9821
9972
9972
9947
9973
9626
9991
9989
9982
9675
9903
9949
9771
9974
9600
9641
9926
9986
9939
9669
9984
9743
9957
9985
9714
9970
9801
9953
9974
10000
10000
9954
9789
9978
9985
9998
9997
9982
9989
9988
9878
9975
9950
9955
9981
9839
9929
10000
9833
9992
9960
9954
9981
9966
9994
9955
9638
10000
9954
10000
9963
9992
9973
9993
9986
9964
9986
9966
9931
9981
9946
9862
9931
9980
9957
9976
9979
9978
9940
9773
9992
9897
9705
9957
9980
9968
9982
9980
9979
9973
9988
9989
9996
9988
9986
9979
9983
9689
9870
9850
9757
9981
9983
9861
9992
9956
9946
9945
9996
9972
9873
9980
9941
9857
9932
9977
9945
9971
9787
9972
9982
10000
9982
9800
9963
9984
9737
10000
9988
9933
9936
9985
9970
9979
9981
9981
9974
9979
9987
9977
9838
9931
9900
9984
9951
9977
9986
9760
9994
9962
9987
9983
9926
9936
9905
9877
9907
9989
9899
9920
9987
9866
9958
9973
9997
9966
9988
9943
9758
9962
9983
9970
9975
9810
9833
9973
10000
9982
9822
9985
9961
9985
9974
9852
9960
9939
9774
9922
9976
9961
9978
9856
9967
9914
9985
9971
10000
9666
9986
9951
9976
9987
9969
9598
9990
9954
9901
9949
9834
9567
9979
9991
9964
9997
9908
9827
9985
9974
9793
9978
9973
9944
9986
9964
9974
9989
9934
9924
9875
9980
9961
9805
9970
9972
9981
9984
9962
9983
9965
9946
9615
9984
9899
9710
9789
9947
9980
9972
9967
9722
9701
9973
9961
9343
9899
9903
9744
9976
9962
9960
9984
10000
9951
9986
10000
9961
9990
9983
9961
9973
9987
9982
9989
9616
9954
9989
9748
9957
9983
9780
9981
9887
9979
9790
9890
9721
9919
9999
9944
10000
9979
9977
9749
9832
9881
9940
9981
9984
9976
9983
9639
9976
9979
9932
9943
9952
9982
9958
9992
9947
9964
9895
10000
9943
9738
9984
9807
9853
9497
9603
9974
9929
9962
9750
9986
9980
9759
9981
9827
9988
9990
9845
9957
9983
9839
9707
9972
10000
9983
9993
9855
9986
9578
9986
9688
9918
9966
9986
9978
9974
9807
9860
9984
9891
9933
9977
9987
9863
9933
9984
10000
9611
9864
9976
9961
9963
9976
9977
9926
9633
9959
9846
9964
9948
9912
9877
9985
10000
9953
9948
9877
9974
9862
9988
9790
9991
9822
9992
9981
9945
9977
9644
9997
9989
9653
9725
9987
9987
9985
9633
9964
9970
9957
9964
9990
9997
9987
9597
9693
9920
9975
9860
9692
9977
9985
9920
9800
9978
9945
9984
9923
9991
9958
9986
9888
9918
9988
9967
9985
9937
9964
10000
9907
9970
9752
9878
9972
9737
9893
9925
9966
9992
9924
9848
9978
9871
9939
9998
9956
9708
9962
9874
9984
9932
9990
9964
9977
9803
9992
9919
9733
9826
9987
9847
9976
9564
9951
9894
9993
9901
9985
9988
9982
9893
9764
9986
9992
9941
10000
9954
9964
9872
9941
9951
9837
9990
9962
10000
9994
9692
9841
9443
9914
9957
9990
9799
9982
9972
9955
9685
9973
9997
9988
9958
9915
9683
9931
9970
9995
9982
9971
9758
9570
9961
9941
9975
9965
9992
9990
9989
9929
9990
9844
9988
9972
9975
9907
9961
9824
9743
9841
9992
9993
9980
9993
9676
9982
9958
9955
9533
9990
9998
9962
9948
9947
9990
9744
9992
9835
9989
9860
9942
9983
9897
9967
9956
10000
9973
9993
9978
9969
10000
9894
9834
9949
9985
9765
9942
9851
9517
9990
9979
9977
9984
9976
9903
9960
10000
9920
9988
9918
9993
9927
9979
9994
9953
9992
9989
9978
9970
9993
9969
9830
9657
9977
9979
9880
9988
9955
9950
9991
9993
9873
9560
9968
9896
9896
9936
9747
9761
9889
9973
9664
9920
10000
9979
9982
9913
9972
9990
9970
10000
9977
9667
9976
9784
9929
9930
9991
9756
9981
9986
9904
9977
9929
9692
9958
9991
9953
9994
9900
9989
9775
9896
9985
9983
9817
9971
10000
9958
9910
9988
9861
9973
9668
9683
9973
9970
9986
9990
9984
10000
9999
9773
9972
10000
9904
9704
9993
9808
9983
9965
9975
9986
9979
9981
9564
9943
9976
9951
9955
9819
9988
9797
9975
9988
9961
9975
9743
9986
9256
9950
9760
9987
9915
9899
9983
9863
10000
9990
9984
9986
9992
10000
9905
9959
9984
9955
9961
9918
9890
9966
9967
10000
9992
9596
9679
9973
9981
9668
9939
9950
9910
9978
9916
9739
9880
9985
9933
9946
9960
9828
9980
9974
9853
9890
9971
9979
9989
9962
9945
9911
9983
10000
9905
9994
9995
9980
9976
9945
9991
9985
9961
9986
9948
9989
9954
9978
9987
9988
9869
9991
9979
9974
9916
9763
9985
9928
9878
9943
9975
9801
9730
9566
9987
9844
9977
9975
9945
9521
9981
9663
9940
9517
9952
9558
9980
9971
9992
9796
9965
9969
9917
10000
9945
9958
9946
9901
9967
9676
9679
9990
9856
9971
9990
9958
9902
9869
9941
9983
10000
9937
9915
9962
9989
9730
9897
9954
9988
9943
9946
9979
9939
9957
9953
9981
9965
9978
9919
9994
9975
9694
9992
9985
9954
9793
9971
9980
9686
9978
9918
9972
9725
9633
9934
9920
9779
9973
9983
9975
9982
9947
9917
9986
9538
9933
9956
9980
9795
9986
9651
9989
9996
9999
9962
9965
9979
9930
9989
9984
9979
10000
9811
9728
9998
9885
10000
9993
9916
9791
9987
9979
9873
9988
9969
9968
10000
9994
9557
9889
9936
9971
9989
9994
9985
9950
9934
9978
10000
9992
9971
9985
9986
9878
9793
9865
9892
9922
10000
9977
9967
9989
9978
9944
9807
9973
9972
9973
9987
9956
9969
9877
10000
9930
9481
9976
9924
9961
9981
10000
9889
9972
9985
9975
9844
9973
9971
9969
9979
9982
9900
9959
9807
9836
9990
9970
9840
9990
9966
9981
10000
9981
9919
9963
9975
9977
9968
