9998
9995
9972
9988
9988
9980
9988
9985
9990
9993
9961
9993
9994
9950
9989
9986
9974
9984
9984
9995
9985
9994
9992
9997
9985
9991
9992
9993
9996
9975
9984
9983
9994
9990
9995
9980
9994
9977
9988
9989
9974
9990
9983
9989
9980
9992
9965
9993
9996
9994
9982
9975
9982
9994
9983
9993
9999
9990
9980
9986
9968
9994
9988
9976
9991
10000
9978
9978
9983
9987
9979
9994
9986
9970
9984
9987
9997
9979
9984
9980
9989
9995
9993
9989
9965
9972
9993
9984
9992
9992
9998
9992
9974
10000
9996
9987
9979
9990
9983
9994
9970
10000
9992
9978
9989
9990
9985
9993
9989
9995
9994
9989
9987
9997
9996
9981
9999
9989
9992
9980
9991
9970
9980
9985
9989
9975
9983
9991
9990
9999
9981
9990
9977
9984
9995
9978
9973
9994
9990
9999
9983
9978
9989
9981
9979
9972
9953
9990
9996
9992
9976
10000
9988
9992
9939
9996
9986
9983
9994
9993
9965
9982
9956
10000
9993
9994
9994
9993
9997
9985
9971
9981
9987
9988
9999
9982
9984
10000
9989
9994
9993
9984
9987
9987
9976
9999
9986
9987
9984
9985
9988
9998
9974
9992
9993
9973
9989
9999
9980
9985
9990
9985
9996
9993
9988
9974
9991
9911
9995
9990
9977
9990
9994
9990
9995
9994
9995
9993
9991
9981
9976
9979
9990
9991
9988
9980
9977
9974
9991
9979
9992
9986
9987
9966
9991
9979
9960
9983
9982
9986
9982
9974
9985
9994
9962
9990
9983
9988
9994
9987
9984
9975
9993
9983
9973
9989
9976
10000
9982
9978
9972
9992
9999
10000
9978
9989
10000
9994
9993
9995
9993
9986
9985
9993
9979
9984
9989
9979
9990
9978
9991
9994
9967
9982
9989
9962
9989
9983
9999
9994
9980
10000
9990
9986
9990
9999
9995
9984
9988
9997
9988
9983
9992
9980
9995
9984
9985
9980
9988
9981
9995
9979
9978
9993
9991
9974
9972
9991
9990
9970
9990
9971
9995
9999
9983
9992
9983
9985
9992
9991
9984
10000
9989
9982
9990
9993
9952
9989
9983
9966
9995
9980
9984
9975
9981
9992
9985
9989
9970
9992
9980
9969
9991
9990
9983
9980
9980
9999
10000
9994
9970
9995
9984
9994
9979
9995
9981
9996
9987
9970
9972
9988
9989
9995
9994
9990
9975
9996
9984
9991
9988
9993
9966
9973
9959
9991
9994
9984
9996
9980
9979
9984
9996
9989
9969
9990
9990
10000
9976
9988
9997
9987
9991
9996
9998
9996
9981
9990
9998
9967
9954
9989
9988
9982
9997
9987
9957
9988
9963
9993
9992
9993
9985
9996
9996
9996
9994
9989
9999
9981
10000
9974
9988
9991
9983
10000
9994
9990
9989
9983
9994
9980
9986
9987
9982
9983
9975
9975
9990
9990
9987
9989
9981
9992
9989
9993
9983
9988
9975
9973
9973
9985
9992
9984
9999
9990
9989
9979
9980
9990
9980
9996
9995
9987
9988
10000
9996
9982
9978
9981
9988
9991
9993
9982
9997
9995
9979
9973
9997
9989
9976
9992
10000
9984
9987
9995
9985
9966
9991
9987
9996
9993
9978
9996
9983
9974
9992
9982
9983
9985
9992
9996
9987
9988
9986
9991
9992
9995
9993
9990
9995
9991
9984
9981
9978
9989
9988
9994
9990
9992
9995
9996
9975
9986
9985
9993
9986
9989
9990
9982
9990
9987
9986
9982
9986
9992
9992
9988
9983
9992
9983
9991
9995
9975
9991
9969
9976
9991
9993
9986
9983
9988
9990
9984
9976
9998
9985
9964
9980
9974
9985
9993
9982
9989
9963
9984
9966
9997
9987
9985
9989
9974
9995
9990
9987
9994
9993
9996
9979
9982
9989
9998
9987
9986
9996
9976
9980
9988
10000
9989
9983
9981
9989
9999
9986
10000
9984
9983
9994
9969
9996
9981
9986
9990
9984
9972
9988
9976
9999
9992
9985
9997
9991
9997
9994
9986
9982
9987
9991
9994
10000
9937
9987
10000
9995
9963
9974
9975
9967
9985
9962
9989
9987
9988
9990
9979
9969
9988
9988
9999
9984
9994
9994
9988
9974
9990
9990
9984
9989
9991
9982
9993
9962
9971
9979
9987
9998
9985
9991
9982
9978
9998
9984
9989
9988
9982
9987
9986
9984
9985
9995
9983
9996
9984
9978
9991
9987
9983
9991
9988
10000
9971
9966
9995
9965
9983
9999
9989
9991
9987
9993
9993
9953
9989
9991
9982
9985
9986
9982
9997
9993
9999
9997
9984
9997
9991
9981
9993
9999
10000
9992
9992
9995
9986
9983
9981
9995
9994
9983
9994
9965
9991
9987
9979
9990
9987
9985
9998
9989
9996
9997
9994
9997
9973
9977
9966
9995
9995
9988
9995
9986
9989
9986
9999
9976
9980
9990
9975
9995
9971
9984
9999
9986
9999
9983
9995
9989
9989
9996
9992
9992
9984
9980
9985
9971
9985
9991
9975
9997
10000
9982
9989
9990
9987
9995
9968
10000
9972
9974
9986
9975
9974
9995
9994
9990
9987
9996
9962
9993
9979
9983
9989
9976
9980
9998
9987
9990
9984
9982
9951
9969
9990
9991
9989
9988
9989
9989
9996
9995
9992
9986
9991
9989
9978
9987
9991
9973
9991
9983
9986
9998
9983
10000
10000
9990
9980
9982
9996
9990
9988
9980
9992
9978
9981
9994
9982
9993
9996
9985
9993
9982
9992
9996
9929
9997
9992
9982
9989
9986
9986
10000
9984
9997
9983
9988
9993
9979
9984
9995
9989
9978
9995
9998
9989
9994
9986
10000
9972
9985
9976
9983
9975
9992
9994
9983
9982
9989
9986
9996
9992
9992
9968
9985
9992
9985
9985
9988
9974
9980
10000
9995
9990
9994
9998
9995
9965
9995
9987
9983
9976
9981
9983
9990
9980
10000
10000
9998
9986
9967
9978
9994
9986
9986
9980
9993
9977
9967
9973
9971
9994
9985
9988
9997
9980
9986
10000
9993
9989
9984
9976
9987
9983
9971
9961
9972
9991
9983
9988
9984
9995
9975
9990
9983
9979
9988
9989
9993
9990
9991
9999
9979
9983
9978
9978
9982
9988
9996
9991
9975
9990
9986
9982
9982
9982
9994
9988
9986
10000
9984
9989
9990
9983
9985
9982
9981
9983
9994
9990
9971
9985
9988
9982
9976
9967
9984
9992
9984
9971
9989
9974
