9989
9994
9994
9985
9991
9996
9987
9985
9982
9995
9974
9987
9977
9969
9987
9996
9996
9990
9984
9987
9994
9991
9989
9985
10000
9970
9991
9998
9992
9978
10000
9980
9989
9999
9988
9989
9989
9998
9982
9994
9988
9995
10000
10000
9987
9990
9990
9993
9983
9987
9987
9988
9982
9977
9998
9989
9983
9995
9984
9990
9990
9997
9991
9997
9997
9995
9977
9974
9984
9997
9990
9982
9998
10000
9997
9990
9980
9978
9985
9985
9996
9995
9985
9986
9989
9998
9999
9994
9977
9993
10000
9999
9998
9996
9999
9994
9998
9985
9998
10000
9997
9988
9999
9964
9997
9992
10000
9984
9989
9993
9997
9983
9988
10000
9993
9999
9985
9986
9988
9987
9978
9996
9993
9990
9980
9998
10000
9992
9997
9988
9979
9997
9989
9982
9985
9987
9995
9998
9986
9991
9965
9991
9978
9992
9982
9993
9977
10000
9988
9983
10000
10000
9997
9998
9991
9983
9992
9988
9999
9991
9972
10000
9987
9966
9993
9987
9987
10000
9992
9994
9987
9983
10000
9990
9995
9997
9997
9978
9985
9993
9990
9974
9992
9996
9999
9982
9988
9978
9978
9993
10000
9991
9989
10000
10000
9985
9993
9999
9999
9981
9934
9991
9987
9994
9999
9974
9969
9996
10000
9989
9978
9984
9993
9990
9992
9995
9994
9985
9991
9979
9975
9980
9988
9990
9997
9994
9998
9997
10000
9995
9997
9976
9974
9960
9993
9990
9990
9992
9994
10000
9995
9983
10000
9987
9988
9996
9991
9977
9982
10000
10000
9993
9981
9999
9986
9980
9985
9989
9987
10000
9987
9999
9993
9990
10000
9999
9993
9992
9999
9999
9992
9976
9988
9992
9991
9989
9999
9993
9973
9998
9986
9973
9985
9995
9999
9996
9994
9996
9999
9997
9990
9996
9995
10000
9991
9989
9991
9995
9987
9997
9995
9998
9990
9989
9974
9996
9993
9999
10000
9986
9982
9982
9996
9976
9974
10000
9998
9983
9993
9996
9963
9982
9988
9994
9988
9972
9997
10000
9979
10000
9986
9961
9994
9996
9992
9990
9983
9986
9988
9990
9980
10000
10000
9999
9995
9964
10000
9983
9983
9998
9996
9997
9988
9991
9988
9981
9985
9980
9999
9998
9993
9996
9999
9997
9986
9998
9985
9979
9994
9956
9985
9999
9983
9994
10000
9997
9992
9991
9992
9985
9996
9994
9992
9994
9984
9986
9985
9972
9999
9999
9974
10000
9987
9993
9976
9956
9993
9999
9966
9983
9976
9995
9982
9990
9989
9995
9993
9997
9982
9978
9995
9997
9991
9987
9997
9989
9973
9995
9997
9998
9982
9999
9992
9998
9987
9998
9977
10000
9998
9998
9984
9995
10000
9983
9969
9987
9996
9984
9992
9996
10000
9987
9993
9977
9994
9989
9986
9983
9999
9985
9996
9980
9994
9984
9991
9990
9995
9997
9981
9972
9986
9994
9984
9976
9984
9999
9998
9978
9999
9980
9992
9972
9983
9999
9965
9990
9982
9992
9996
10000
9975
9990
9996
9995
9995
9995
9993
9985
9998
9990
10000
9998
10000
9990
9993
9998
9988
9999
9997
9991
9977
9982
9989
9999
9991
9978
9968
9996
9992
9977
9968
9987
9992
9986
10000
9988
9990
9978
9992
9993
10000
9987
9995
9995
9996
10000
9988
9998
9983
9990
9989
9981
9999
10000
9993
9995
9989
9969
9975
9994
9991
9990
9987
9985
9994
9993
9984
9996
9984
9982
9991
9974
9994
9994
9985
9984
9979
9984
9979
9998
9978
9994
9987
10000
9997
10000
9978
9997
9993
9956
9989
9981
9988
9974
9968
9996
9983
9996
10000
9987
9989
9987
9967
9993
9982
9993
9999
9998
9980
9991
9969
9992
9999
10000
9986
9989
9986
9988
9987
9977
9984
10000
9991
9975
9988
9987
9998
9995
9978
9979
9989
9987
9991
9998
9992
10000
9996
10000
9989
9992
10000
9988
9983
9988
9983
9997
9995
9975
9998
9995
9997
9995
9977
9988
9997
9990
9981
9997
10000
9972
9986
9992
9994
9984
9987
9981
9997
9986
9986
10000
10000
9985
9999
9999
9987
9987
10000
9978
9993
9992
9991
9972
9998
9984
9998
9979
9981
9993
9995
9994
9998
9991
9997
9997
9989
9980
9996
9988
9990
9990
10000
9998
9988
10000
9968
9997
9990
9987
9975
9993
9995
9992
9983
9987
9995
9995
9967
9975
9994
9971
9998
9990
9997
9986
10000
9981
9989
9991
9989
9995
9972
9995
9988
9987
9986
9987
9980
9999
9996
9998
9997
9995
9993
9996
9989
9979
9995
9978
9996
9993
9995
9991
9991
9998
9986
9999
9983
9956
9970
9984
9997
9986
9999
9976
10000
9989
9971
9987
9983
9990
9981
9988
9991
10000
9983
9992
9993
9994
9996
9994
9990
9991
9999
9981
9981
10000
10000
9989
9978
9992
9978
9990
10000
9994
9998
9997
9985
9994
9971
9990
9992
9997
9995
9998
9991
9985
9990
9995
9978
10000
9982
9996
10000
10000
9989
9985
9986
9992
9998
9990
9998
9988
9985
9986
9992
9978
9966
9999
10000
9999
9989
9990
10000
9994
9997
9992
9994
9998
9999
9985
9982
10000
9990
9990
9990
9979
9997
9984
9992
9984
9992
9991
9983
9982
9997
9999
9998
9996
9983
9996
9989
9985
9993
9982
10000
9987
9984
9992
10000
9990
10000
9999
9992
9995
9974
9996
9986
9993
9999
9984
9974
9993
9980
9990
9975
9986
9994
9991
9992
9997
9972
9983
9991
9993
9987
10000
9997
9986
9989
9996
9995
9980
9997
9993
9994
9992
9989
9998
9980
9991
9982
10000
9971
9998
9981
9999
9994
9992
9972
9991
9982
9964
9981
9999
9990
9994
9989
9995
9992
9985
9999
9991
9997
9997
9992
9980
9994
9993
9999
9980
9992
10000
9998
9985
9998
9986
9998
9988
9999
9988
9994
9997
9973
9997
9990
9957
9998
9991
9978
9995
9979
9997
9997
9990
9994
9986
9978
9980
9970
9984
9992
10000
9962
9987
9967
9985
9977
10000
9987
9981
9986
9994
9997
9984
9995
9987
10000
9994
9995
9987
9993
9974
9993
9985
10000
9992
9994
10000
9985
9988
10000
9991
9983
9966
9998
9992
9993
9998
9993
9959
10000
9998
9999
9999
9994
9996
9985
9993
9990
9988
