9895
9986
9990
9751
9848
9962
9695
9972
9992
9902
9979
9980
9985
9981
9992
9988
9944
9936
9971
9670
9985
9988
9854
9975
9990
9990
9928
9979
9965
9952
9921
9948
10000
9629
9959
9975
9995
9886
9865
9871
9951
9977
9995
10000
9992
9980
9943
9965
9606
9982
9757
9961
9935
9988
9982
9977
9716
9728
9994
9765
9973
9951
9990
9996
9962
9787
9857
9981
9854
9955
9973
9984
9975
9967
9967
9944
9979
9948
9794
9984
9989
9978
9725
9931
9975
9907
9960
9964
9984
9963
9982
9944
9984
9987
9993
9959
9985
9893
9977
9996
9848
9984
9975
9978
9969
10000
9983
9940
9984
9991
9986
9963
9943
10000
9972
9993
9960
9917
9978
9977
9985
9886
9937
9994
9984
9988
9810
9867
9931
9844
9952
9737
9999
9957
9955
9960
9976
9862
9974
9989
9952
9970
10000
9680
9980
9977
9662
9917
9985
9975
9941
9959
9985
9931
9880
9986
9989
9961
9983
9957
9979
9955
9989
9881
9877
9962
9957
9975
9762
9836
9950
9934
9829
9989
9695
9795
9855
9983
9950
9993
9694
10000
9991
9984
9973
9986
9936
9946
9985
9971
9797
9815
9947
9976
9984
9905
9527
9959
9493
9983
9826
9837
9881
9974
9988
9965
9915
9973
9958
9852
9985
10000
9991
9786
9969
9937
9913
9992
10000
9954
9971
9959
9832
9965
9926
9778
9996
9899
9366
10000
9966
9983
9976
9700
9921
9816
9996
9622
9990
9969
9980
9976
9953
9984
9959
9992
9977
9986
9793
9734
9984
9974
9970
9990
9912
9958
9978
9893
9992
10000
9979
9990
9849
9992
9975
9987
9989
9940
9954
9982
9822
9956
9927
9924
9976
9959
9955
9899
9936
9933
9994
9991
9835
9874
9976
10000
9980
9977
9874
9976
9875
9947
9951
9986
10000
9985
9912
9925
9948
9983
9652
9987
9945
9965
9981
9901
10000
9967
9803
9913
9883
9888
9962
9967
9971
9979
9934
9942
9958
9983
9974
9960
9901
9753
9981
9786
9978
9915
9828
9969
9991
9983
9968
9949
9971
9963
9968
9994
9963
9969
9984
9978
9667
9943
9999
9867
9978
9860
9996
9994
9976
9959
9989
9988
9975
9687
9960
9979
9880
9988
9979
9987
9896
9988
9992
9963
9958
9982
9975
9970
9966
9953
9994
9726
9978
9984
9877
9974
9934
9984
9960
9954
9542
9986
9887
9928
9975
9997
9987
9993
9971
9970
9967
9986
9971
9966
9961
9990
9942
9750
9975
9914
9942
9991
9986
9994
10000
9895
10000
9917
9964
9631
9996
9572
9568
9686
9975
9870
9727
9917
9994
9981
9984
10000
9975
10000
9989
9961
10000
9938
9970
9968
9817
9721
9701
9704
9844
9996
9972
9979
9996
9976
9886
9977
9990
9975
9966
9999
9952
9853
9966
9769
9986
9978
9695
9987
9960
9985
9944
9919
10000
9993
10000
9972
9986
9708
9970
9937
9809
9930
9995
9922
9988
9938
9970
9990
9974
9984
9854
9697
9979
9712
9760
9985
9977
9775
9834
9943
9960
9600
9956
9967
9976
9623
9947
9994
9817
9949
9828
9985
9974
9839
9924
9979
9989
9993
9955
9981
9956
9979
9758
9778
9854
9983
10000
9970
9982
9931
9992
9811
9984
9715
9989
9982
10000
9908
9993
9988
9985
10000
9853
9969
9990
9981
9950
9435
9727
9701
9981
9905
9961
9824
9995
9937
9992
9593
9996
9987
9985
9663
9865
9896
9953
9980
9990
9983
9911
10000
9991
9960
9991
9936
9866
9988
9969
9995
9936
9909
9970
9986
9990
9989
9932
9825
9980
9926
9920
9923
9989
9957
9941
9985
9985
9926
9987
9983
9807
9982
9919
9962
9496
9971
9971
9990
9979
9969
9975
10000
9982
9967
9870
9987
9973
9931
9867
9873
9990
9952
9976
9968
9817
9994
9714
9727
9997
9975
9989
9980
9973
9774
9964
9995
9981
9966
9972
9867
9974
9988
9976
9828
9964
9910
9956
9986
9931
9972
9966
9963
9968
9675
9851
9951
9956
9874
9973
9931
9921
9828
9841
9986
10000
9946
9969
9952
9895
9985
9966
9741
9924
9971
9978
9978
9987
9954
9930
9735
9985
10000
9970
9985
9985
10000
9988
9971
9968
9982
9365
9874
9973
9826
9973
9987
9988
9986
9990
9929
9847
9970
9980
9987
9923
9950
9928
9919
9980
9989
9984
9982
9880
9807
9968
9948
9971
9696
9983
9993
10000
9981
9760
9988
9954
9861
10000
9963
9961
9947
9983
10000
9931
9566
9666
9973
9505
9999
9964
9987
9913
9944
9981
9972
9987
9895
9913
9971
9824
9981
9997
9994
9884
9895
9962
9649
9984
9917
9968
9994
9916
9896
9906
9976
9920
9959
9773
9761
9887
9955
9992
9686
9985
9795
9931
9987
9979
10000
9982
9997
9964
9971
9983
9972
9990
9993
9993
9998
9986
9983
9977
9962
9987
9975
9975
9978
9885
9963
9933
9517
9965
9535
9617
9846
9977
9824
10000
9988
9988
9959
9995
9956
9991
9999
9989
9872
9938
9934
9969
9991
9856
9896
9986
9634
9917
9992
9966
9924
9745
9994
9992
9978
9983
9983
9892
9979
10000
9966
9984
9965
9921
9972
9969
9899
9969
9700
9953
9813
9923
9574
9859
9921
9892
9989
9980
9985
9971
9972
9977
9976
9969
9851
9978
9986
9922
9873
9979
9820
9969
9986
9512
9948
9972
9989
9954
9965
9980
9973
9991
10000
9946
9807
9577
10000
9988
9967
9729
9993
9955
9978
9956
9977
9915
9944
9972
9935
9897
9830
9988
9976
9973
9979
9951
9947
9903
9788
9974
9786
10000
9974
9813
9920
9920
9988
10000
9736
9972
9986
9965
9909
9987
9965
9988
9938
9967
9634
9978
9988
9961
9883
9717
9987
9965
9971
9992
9963
9990
9823
9981
9936
9672
9920
9987
9970
9985
9982
9886
9830
9955
9973
9983
9970
9997
9971
9811
9885
9961
9987
9976
10000
9854
9587
9982
9960
9898
9984
9936
9992
9954
9994
9945
9857
9988
9990
10000
9808
9986
9972
9899
9778
9950
9984
9547
9915
9958
9808
9984
9990
9942
9972
9975
10000
9951
9975
9993
9972
10000
9985
9953
9972
9604
10000
9964
9799
9985
9964
9968
9802
9667
9987
9976
9990
9752
9968
