9881
9954
9812
9671
9952
9986
9966
9994
9870
9965
9987
9987
9984
9978
9651
9976
9884
9852
9958
9977
9975
9925
9633
9960
9564
9968
10000
9971
9943
9939
9708
9978
9995
9917
9992
9942
9695
9990
9791
9924
9971
9932
9995
9883
9784
9985
9803
9995
9979
9905
9886
9971
9734
9961
9785
9735
9981
9996
9987
9992
9972
9980
9958
9895
9868
9928
9975
9972
9814
9995
10000
9678
9973
9943
9963
9950
9775
9954
9981
9979
10000
9986
9927
9971
9925
9987
9965
9947
9928
9912
9981
10000
9980
9949
9873
9689
9659
9503
9927
9853
9991
9992
9977
9899
9981
9960
9991
9960
9929
9985
9925
9676
9989
9923
9985
9973
9974
9990
9984
9963
9902
9807
9990
9925
9976
9813
10000
9696
9884
10000
9984
9982
9987
9894
9969
9716
9996
9947
9996
9951
9982
10000
9985
9683
9945
9947
9959
9984
9970
9979
9971
9947
9955
9971
9981
9948
9881
9949
9985
9458
10000
9991
9676
10000
9981
10000
9831
9967
9947
9992
9950
9791
9994
9948
9947
9824
9993
9966
9954
10000
9989
9978
9989
9890
9978
9973
9736
9947
9976
10000
9946
9993
9974
9829
9969
9890
9974
10000
9811
9902
9800
9677
9983
9954
9840
9753
9964
9972
10000
9926
9972
9976
9979
9979
9980
9767
9665
9967
9734
9956
9993
9950
9992
9986
9784
9772
9996
9911
9989
9952
9585
9984
9965
10000
9956
9991
9978
9978
9735
9989
9779
9976
9988
10000
9990
10000
9678
9684
9922
9974
9895
9781
9935
9854
9987
9818
9998
10000
9936
9628
9806
9980
9761
9992
9740
9974
9939
9971
9500
9963
9814
9966
9980
9898
9934
9982
10000
9790
10000
9732
9571
9670
9935
9744
9597
9993
9989
9985
9985
9895
9900
9781
9989
9950
9956
9698
9976
9976
9913
9966
9757
9614
9891
9994
9983
9985
9910
9977
10000
9673
9969
9974
9973
9951
9868
10000
9977
9954
9976
9845
9978
9952
9981
9961
9980
9956
9977
9883
9996
9966
9947
9987
9955
9934
9963
9972
9909
9947
9866
9981
9920
9944
9957
9973
9963
9496
9940
9977
9979
10000
9975
9552
9948
9997
9897
9975
9925
9964
9974
9969
9600
10000
9936
9929
9705
9980
9918
9815
9808
9872
9968
9949
9512
9763
9981
10000
9936
9933
9976
9993
9788
9985
9940
9987
9933
9982
9915
9958
9979
9679
9988
9993
9969
9963
9827
9940
9705
9930
9912
9905
9993
9900
9892
9980
9982
9775
9977
9979
9996
9908
9906
9987
9917
9900
9934
9977
9827
9966
9988
9975
9686
9910
10000
9778
10000
9978
9917
9992
9983
9782
9949
9985
9901
9982
9987
9902
9988
9995
9996
9987
9981
9953
9988
9987
9987
9952
9995
9961
9982
9883
9979
9980
9919
10000
9970
9853
9965
9983
9936
9879
9771
9985
9966
9941
9948
9814
9977
9985
10000
9577
9735
9975
9985
9977
9790
9930
9845
9982
9980
9858
9633
9828
9979
9729
9974
9949
9996
9979
9898
9990
9706
9774
9922
9966
9990
9980
9935
9968
9984
10000
10000
9992
9888
10000
9947
9839
9984
9862
9962
9939
9991
9809
9838
9991
9962
9989
9934
9982
9986
9908
10000
9763
9993
10000
9869
9972
9920
9973
9841
9649
9967
9978
9971
9956
9981
9991
9991
9986
9986
9668
9812
9991
9994
9977
9956
9933
9761
9884
9952
9964
9960
9952
10000
9969
9958
9963
9965
9973
9794
9985
9981
9942
9787
9530
9978
9987
9754
9986
9987
9921
9963
10000
9960
9967
9752
9978
9964
9991
10000
9986
9714
9908
9983
9996
9887
9990
9970
9957
9927
9801
9987
9982
9863
9991
9763
9953
9591
9991
9972
9966
9970
9984
10000
9908
9996
9991
9631
9967
9673
9930
10000
9660
9990
9471
9949
9864
9850
9973
9901
9964
9914
9936
9978
9876
9671
9948
9992
9965
9772
9967
9935
9996
9873
9957
9949
9962
9966
9992
9719
9973
9827
9763
9997
10000
9826
9842
9978
9830
9793
9852
9984
9980
9983
9682
9851
9962
9898
9896
9920
9963
9775
9983
9987
10000
9995
9886
9960
9991
9994
9973
9921
9988
9833
9977
9972
9971
9962
9898
9918
9700
9982
9843
9969
9728
9967
9649
9978
9984
9879
9954
9799
9995
9978
9942
9981
9976
9933
9988
9990
9989
9905
9955
9929
9988
9996
9962
9954
9476
9762
9980
10000
9977
10000
9970
10000
9962
9987
9994
9995
9993
9940
9985
9998
9988
9983
9980
9683
9705
9991
9985
9933
9982
9800
9991
9962
9972
10000
9758
9847
9411
10000
9829
9976
9983
9865
9981
9905
9834
9962
9979
9970
9909
9933
9975
9837
9975
9939
9849
9989
9979
9818
9999
9686
9970
9984
9970
9905
9977
9777
9983
9968
9980
9976
9996
10000
9998
9873
9909
9618
9977
9920
9636
10000
9994
9625
9769
9976
9974
9973
9779
9971
9769
9989
9875
9993
9952
9944
9722
9991
9947
9886
9874
9989
9975
9869
9987
9975
9985
9941
9973
9982
9971
9970
9989
9990
10000
10000
9983
9901
9852
9733
9991
9687
9937
9788
9708
10000
9952
10000
9973
9760
9986
9981
9981
9871
9629
9837
9900
9934
9813
9946
9948
9912
9912
9974
9911
9989
9981
9971
9972
9985
9943
9980
9871
9975
9936
9914
9942
9675
9880
9976
9991
9986
9981
9973
9929
9955
9967
9941
9975
9521
9925
9996
9992
9996
9661
10000
9976
9785
9938
9985
9978
9946
9786
9985
9984
9993
9988
9988
9991
9983
9773
9975
9961
9990
9962
9983
9978
9991
9980
9865
9861
9987
9405
9976
9951
9694
9935
9833
9800
9990
9968
9978
9985
9906
9944
9985
9939
9991
9992
9964
9982
9846
9999
9996
9983
9970
10000
9952
9964
9943
9935
9714
9921
9924
9878
9784
9890
9953
9984
9981
9990
9779
9987
10000
9986
9921
9926
9809
9669
9934
9987
9991
9828
9898
9984
9893
9979
9986
9893
9960
9964
9980
9949
9978
9772
9832
9924
9995
9982
9875
9977
9960
9963
10000
9943
9990
9753
9956
9992
9976
9977
9947
9996
9985
9962
10000
9973
9811
9876
9983
9942
9978
10000
9887
10000
9950
9951
9930
9931
