10000
10000
9711
10000
9904
8652
10000
10000
9000
9166
9456
9996
10000
9807
10000
10000
9771
10000
8785
10000
10000
9946
10000
10000
10000
10000
10000
10000
10000
10000
10000
10000
10000
10000
10000
9841
10000
8932
9187
9319
10000
10000
10000
10000
10000
10000
9177
10000
10000
10000
10000
10000
10000
8856
10000
10000
10000
10000
10000
9469
10000
10000
10000
9821
10000
10000
9593
8915
9538
9663
10000
8685
10000
10000
9677
10000
9902
10000
10000
9120
10000
10000
9645
9467
9447
10000
10000
10000
10000
9858
10000
10000
10000
10000
10000
10000
10000
10000
9252
10000
10000
10000
10000
10000
9152
10000
10000
10000
10000
10000
9919
10000
10000
10000
10000
10000
10000
10000
8985
10000
10000
10000
8431
10000
10000
9120
10000
8842
9697
10000
9921
10000
10000
10000
10000
10000
10000
9797
10000
10000
9017
9669
8664
10000
10000
10000
9921
10000
10000
9314
10000
10000
10000
10000
10000
9571
10000
10000
10000
10000
10000
10000
9544
9162
9621
9454
10000
9964
9690
10000
9167
10000
9110
10000
10000
9590
10000
9752
9200
9653
9702
10000
10000
8991
9442
10000
10000
10000
10000
10000
10000
10000
9836
9156
10000
10000
9044
9189
10000
9673
10000
8628
9906
10000
10000
9811
9895
9598
9059
9028
9563
10000
10000
9205
9517
10000
10000
10000
10000
10000
10000
10000
9940
9932
9780
9867
10000
10000
10000
10000
10000
10000
10000
9874
9500
8994
10000
10000
9095
9542
10000
10000
10000
10000
9854
10000
10000
9586
10000
9915
9724
9297
10000
10000
9646
10000
10000
10000
10000
10000
10000
10000
10000
8657
10000
9309
10000
9108
10000
8598
9634
10000
10000
10000
10000
10000
9865
9807
9947
8684
10000
10000
10000
9974
10000
8767
10000
10000
9948
9970
10000
9033
10000
10000
10000
10000
9663
9479
10000
10000
10000
9201
10000
9581
9808
9920
10000
9470
10000
10000
9655
10000
10000
9939
10000
10000
10000
9851
10000
9344
10000
10000
10000
9099
10000
10000
10000
10000
10000
10000
8899
10000
8926
10000
9640
10000
9683
10000
9763
9818
10000
9918
8623
10000
10000
10000
8653
9227
9998
10000
10000
10000
10000
10000
9819
9609
9834
10000
8836
9717
10000
10000
9952
8947
10000
10000
9584
10000
10000
10000
9148
10000
8906
10000
8461
9592
10000
9193
9669
9987
9977
10000
9524
10000
8754
10000
10000
9687
10000
10000
9957
10000
10000
10000
10000
10000
9752
9846
10000
10000
10000
9792
9403
10000
8949
9460
9642
10000
10000
8702
10000
10000
10000
9109
10000
9033
10000
10000
9837
9764
10000
10000
10000
9604
10000
9854
10000
9921
9583
9716
10000
9495
10000
9939
10000
9658
10000
9435
10000
10000
10000
10000
10000
10000
9781
10000
10000
10000
9812
10000
10000
10000
10000
10000
9531
10000
10000
10000
10000
10000
10000
9621
10000
9568
9010
10000
8879
10000
9040
10000
10000
10000
10000
9894
10000
10000
10000
9589
10000
10000
10000
9971
9627
10000
10000
10000
9782
9630
10000
10000
10000
10000
10000
9463
8867
10000
8717
10000
10000
10000
9317
10000
9049
9672
10000
10000
10000
10000
10000
9613
10000
9579
10000
10000
10000
9906
10000
8402
10000
10000
10000
10000
9820
10000
10000
10000
10000
10000
10000
9665
10000
9853
10000
10000
10000
10000
9085
10000
9534
10000
10000
9427
10000
8958
10000
8633
9569
10000
8895
10000
10000
10000
9875
9802
10000
9584
10000
10000
10000
10000
10000
10000
9456
10000
9852
10000
9633
10000
10000
9797
10000
10000
9743
10000
10000
10000
10000
8854
9974
10000
9683
9376
9216
9681
9258
10000
10000
10000
10000
10000
8952
10000
10000
10000
10000
10000
10000
10000
10000
9754
8579
9968
10000
10000
9251
10000
10000
9730
9874
9546
10000
10000
10000
9851
10000
10000
9868
10000
10000
10000
10000
8742
10000
10000
10000
9361
8972
10000
10000
10000
10000
10000
9785
10000
9096
9897
10000
10000
9879
10000
10000
10000
10000
10000
10000
10000
10000
10000
10000
10000
10000
10000
9385
10000
9968
9750
10000
10000
10000
10000
10000
9748
10000
9060
10000
9380
8887
10000
9300
10000
9871
10000
10000
10000
10000
10000
10000
10000
9220
10000
10000
8920
10000
9841
9995
10000
10000
10000
10000
10000
10000
10000
10000
9748
10000
10000
9654
10000
10000
9954
10000
9875
10000
10000
8602
10000
10000
10000
10000
9689
10000
10000
9775
10000
8786
9529
10000
10000
10000
10000
9945
10000
9743
10000
10000
10000
10000
10000
10000
9870
10000
8812
10000
10000
9596
10000
10000
10000
10000
9781
10000
9638
10000
10000
10000
10000
10000
9817
10000
10000
10000
10000
9799
10000
10000
9715
10000
10000
10000
9852
10000
10000
9416
9739
10000
10000
9329
9501
10000
10000
10000
10000
10000
10000
10000
10000
9741
10000
10000
9837
10000
10000
10000
9458
10000
10000
10000
10000
10000
8805
9607
10000
10000
8725
10000
10000
9458
10000
9745
10000
8930
9148
10000
10000
10000
10000
10000
10000
9884
10000
10000
10000
10000
10000
10000
8950
10000
9841
10000
10000
9785
10000
9788
10000
10000
10000
10000
10000
10000
8967
10000
8987
10000
10000
10000
10000
10000
10000
10000
10000
10000
9561
10000
10000
10000
9122
10000
10000
10000
10000
10000
10000
9470
10000
10000
9508
9688
10000
9224
9209
10000
10000
8949
10000
9729
9841
10000
9371
9119
10000
9972
10000
10000
9767
10000
9980
10000
10000
8950
9118
10000
10000
9849
10000
10000
10000
10000
10000
10000
10000
10000
9699
10000
9092
10000
10000
8790
10000
10000
9838
9874
10000
10000
9684
10000
9745
9900
10000
9414
10000
10000
10000
9589
9245
10000
10000
9873
10000
10000
9843
9102
10000
10000
9920
9046
10000
9972
9896
10000
10000
10000
10000
9305
10000
10000
10000
9932
8835
10000
10000
9558
9749
9902
10000
9748
10000
10000
9749
9162
10000
10000
8923
10000
9400
10000
9856
9863
10000
9146
9710
9533
10000
10000
9346
10000
10000
9895
10000
10000
10000
9739
9089
10000
9601
10000
10000
10000
10000
10000
10000
10000
10000
9977
10000
8801
10000
8708
9837
10000
9095
9960
9856
10000
10000
9651
10000
10000
10000
10000
10000
