9918
9980
9994
9962
10000
9867
9959
9954
9952
9906
9586
9992
9956
9955
9973
9971
9963
9974
9966
9957
9987
9940
9971
9988
9985
9948
9946
9982
9723
9985
9963
9624
9976
9970
9945
9991
9982
9977
9984
9953
9970
9976
9927
10000
9966
9987
9920
9979
9903
9952
9693
9973
9975
9839
9964
9842
9982
9991
9952
9969
9992
9926
9983
9775
9788
9836
9963
9931
9985
10000
9757
9936
9969
9998
9835
9979
9991
9977
9965
9782
9785
9991
9988
9984
9986
9945
9983
9741
9932
10000
9769
9983
9969
9977
9969
9934
9944
9985
9977
9949
9963
9828
9881
9978
9799
9934
9981
9579
9998
9986
9983
9874
9966
9886
9903
9889
9960
9956
9892
9727
9978
9815
9845
10000
9908
9897
9965
9991
9953
9980
9953
9986
10000
9983
9978
9362
9967
9847
9915
9864
9668
9975
9555
9984
9876
9875
9823
9757
9991
9952
9869
9363
9853
9975
9822
9988
9966
9855
9984
9987
9995
9986
9976
9992
9721
9829
10000
9947
9924
9998
9985
9536
9948
9973
9973
9785
9987
9911
9962
9981
9977
9983
9943
9994
9831
9984
9989
9983
9968
9871
9995
9814
9991
9932
9866
9982
9967
9876
9838
9589
9865
9992
9921
9984
9959
9997
9818
9817
9995
10000
9989
9984
9962
9627
9931
9990
9986
9879
9857
10000
9977
9975
9972
9802
9709
9842
9919
9960
9943
9928
9990
9950
9986
10000
9583
9920
9989
9844
9969
9962
9973
9660
9780
9950
9891
9987
10000
9972
9964
9966
9978
9966
9898
9970
9988
9962
9845
9708
10000
9945
9822
9931
9876
9847
9946
9872
9764
10000
9975
9961
9981
9958
9974
9970
9981
9993
9798
9991
9929
9859
9992
9916
9604
9956
9915
9703
9994
9983
9843
9968
9600
9992
9976
9857
9977
9975
9969
9989
9918
9769
9859
9959
9663
9919
9970
9581
9923
9916
9973
9856
9956
9869
9982
9979
9865
9938
9947
9766
9857
9984
9990
9973
9889
9970
9501
9993
9625
9915
9992
9958
9893
9997
9959
9968
9997
10000
9965
9928
9970
9947
9985
9935
9589
9980
9986
9884
9903
9988
9980
9964
9976
9951
9958
9887
9892
9983
9987
9997
9985
9973
9877
9963
9969
9967
9981
9704
9839
9960
9970
9985
9968
9956
9600
9978
9976
9899
9860
9872
9992
9480
9948
9985
9967
9975
9955
9967
9970
9708
9960
9989
9738
9891
9981
9976
9952
9999
9988
9996
9775
9937
9995
9957
9945
9912
9966
9995
9945
9668
10000
9988
9793
9696
9990
9960
9985
9977
9801
9754
9922
9886
9919
9962
9902
9519
9969
9979
9989
10000
9983
9945
9992
9979
9828
9957
9927
9979
9968
9961
9878
9980
9873
10000
9839
9987
9949
9978
9981
9946
9893
9971
9997
9954
9955
10000
9995
9886
9568
9976
9984
9890
9981
9963
9993
9980
9981
9641
10000
9874
9809
9976
9733
9584
10000
9985
9948
9974
9980
9964
9976
9950
10000
9947
9991
9992
9994
9984
9962
9989
9965
9982
9950
9948
9948
9774
10000
9965
9984
9938
9973
10000
9979
9971
9989
9878
9962
9977
9678
9866
10000
9967
10000
9964
9800
9936
9912
9975
9877
10000
9921
9963
9922
9913
9844
9977
9982
9984
9752
9814
9949
9984
9889
9985
9994
9778
9916
9947
9920
9766
10000
9970
9990
9973
9997
9971
9981
9979
9989
9942
9988
9616
9959
9982
9844
9826
9988
9895
9884
9940
9945
9637
9944
9991
9973
9996
9984
9993
9929
9938
9973
10000
9981
9906
9789
9740
9983
9894
9603
9888
9703
9875
9980
9984
9985
9884
9897
9789
9980
9773
9907
9992
9979
9914
9893
9781
9685
9986
9977
9923
9985
9993
9831
9956
9995
9905
9981
9899
9782
10000
9986
9757
9967
10000
9979
9588
9692
9879
9976
9916
9970
9974
9960
9989
9995
9973
9941
9937
9979
9792
9918
9922
9968
9901
9852
9981
9981
9723
9981
9967
9937
9852
9842
9985
9885
9966
9882
9942
9986
9428
9948
10000
9945
9772
9986
9912
9943
9328
9884
9817
9835
9968
9862
9898
9652
9976
9968
9710
9974
9945
9532
9941
10000
9797
9979
9957
9979
9985
9909
9997
9848
9952
9997
9957
9920
9914
9991
9973
9740
9819
9971
9929
9976
9989
9726
9675
9937
9976
9983
9985
9994
9975
9672
9939
9859
9913
9827
9882
9935
9762
9963
9901
9948
9960
9993
9980
9981
9987
9823
9944
9938
10000
9999
9854
9782
9965
9787
9814
9976
9683
9820
9969
9754
9957
9967
9554
9744
9977
9996
9983
9987
9869
9338
9919
9978
9934
9926
9953
9920
9935
9909
9977
9990
9982
9878
10000
9980
9991
9727
9946
9988
9983
9979
9989
9991
9872
9898
9959
9939
9718
9966
9975
9988
9988
9888
9978
9981
9967
10000
9896
9994
9981
9979
9546
9987
9656
9971
9992
9984
9977
9985
9987
9587
9901
9945
9798
9463
9734
9988
9957
9983
9986
9800
9758
9581
9989
9992
9810
9917
9928
9889
9992
9943
9981
9986
9884
9987
9973
9501
9950
9739
9995
9841
9992
9828
9987
9973
9969
9978
9924
9988
9985
9993
9903
9956
9830
9993
9986
9988
9982
9920
9988
9964
9961
9986
9807
9997
9989
9953
9963
9982
10000
9979
9855
9883
9991
9973
9505
9530
9978
9922
9924
9944
10000
9988
9854
9936
9968
9977
9992
9620
9926
9895
9718
9955
9970
9767
9983
9714
9991
9792
9890
10000
9989
9778
9940
10000
9825
9975
9571
9931
9784
9983
9677
9995
9980
9963
9954
9987
9758
9985
10000
9773
9957
9951
9987
9984
9660
9980
9984
9981
9963
10000
9848
9791
9646
9982
9962
9566
9906
9840
9932
9936
9986
9889
9989
9977
9952
9964
9947
9920
9975
9876
9904
9879
9996
9645
9983
9967
9966
9994
9995
9951
9991
9926
9979
9992
9916
9845
9986
9983
9952
9943
9963
9963
9933
9983
10000
9916
9983
9990
9977
9988
9939
9956
9998
9985
9986
9868
9913
9946
9876
9746
9785
9980
9974
9967
9975
9777
9953
9858
9897
9933
9946
9956
9981
9978
9968
9957
9919
9911
9934
10000
9987
9587
9990
9979
9982
9964
9981
9957
9956
