9975
9977
9984
9964
9970
10000
9979
9939
9973
9755
9988
9981
9949
9951
9977
9993
9972
9839
9966
9989
9953
9850
9979
9925
9949
9939
10000
9985
9958
9938
9926
9990
9876
9870
9977
9926
9986
9958
9911
9786
9897
9969
10000
9477
9989
9974
9991
9977
9798
10000
9907
9976
9986
10000
9984
9891
9984
9628
9978
10000
9961
9997
9990
9974
9947
9901
9978
9864
9990
9973
9978
9823
9941
10000
9904
9997
9899
9978
9988
9980
9809
9992
10000
9898
9991
10000
9965
9982
9963
9984
9980
9930
9998
9709
9951
9971
9962
9980
9958
9982
9984
9989
9985
9931
9974
9952
9935
9985
9947
10000
9978
9956
9990
9916
9969
9972
9989
9654
9943
9962
9983
9961
9809
9971
9962
9981
9989
9967
9871
9970
9969
9971
9754
9701
9946
9985
9987
9802
9677
9981
9933
9927
10000
9957
9599
9985
9994
9961
9990
9830
9891
9879
9985
9993
9995
9856
9982
9987
9979
9986
9977
9979
9904
9979
9992
9983
9993
9495
9976
9803
9968
9965
9983
9986
9897
9865
9908
9936
9927
9948
9974
9890
9928
9967
9890
9966
9989
9701
9971
9944
9992
9967
9984
9979
9979
9792
9971
9994
9988
9842
9980
9992
9978
9969
9978
9925
9953
9915
9821
9969
9992
9958
9974
9994
9984
9971
9973
9866
9951
9981
9903
9984
9975
9985
9915
9907
9979
9991
9986
9994
9971
9975
9744
9788
9962
9796
9971
9825
9987
9821
9980
9978
9993
9987
9960
9835
9975
9974
9973
9973
9888
9933
9971
9994
9986
9872
9972
9906
9949
9802
10000
9993
9987
9835
9933
9792
9822
9894
9564
9981
9948
9988
9988
9981
9976
9946
9977
9912
9987
9951
9880
9947
9538
9964
9990
9972
9959
9919
9980
9989
10000
9997
9965
9970
9838
9973
10000
9866
9989
9985
9958
9978
9815
9975
9834
9958
9965
10000
9983
9894
9938
9966
9886
9962
9981
9841
9905
10000
9665
9992
9952
9913
9982
9883
9930
9977
9920
9963
9885
9980
9899
9981
9763
9975
9957
9821
9989
9998
9982
9954
9950
9977
9945
9971
9920
9944
9972
9973
9836
10000
9851
9754
9938
9982
9992
9766
9989
9988
9992
9967
9837
9827
9772
10000
9944
9906
9693
9953
9962
9982
9729
9976
9976
9989
9808
9961
9970
9789
9963
9978
9986
9970
9967
9957
9922
9969
9771
10000
9980
9986
9867
9959
9989
10000
9972
9972
9985
9721
9614
9781
9969
9974
9959
9998
9820
9882
9991
10000
10000
9969
9997
9938
10000
9981
9965
9885
9929
9977
10000
9980
9967
9839
9971
9963
9921
9836
9949
9943
9758
9918
9984
9852
9975
9322
9609
9986
9983
9992
9980
9963
9971
9985
9985
9952
9898
9944
9989
9976
9564
9909
9902
9980
9996
9797
9847
9986
9861
9978
9919
9893
9984
9993
9970
9987
10000
9870
9967
9988
9992
9934
9963
9964
10000
9872
9906
9844
9773
9966
9976
9741
9979
9916
9946
9895
9921
9994
10000
9983
9783
9922
9795
9989
9983
9988
9542
9967
9950
9910
9781
9988
9727
9991
9869
9970
9997
9903
9950
9986
9990
9505
9981
9996
9967
9979
10000
9870
9995
9707
9998
9911
9979
9988
9979
9980
9866
9880
9932
9411
9986
9893
9972
9932
9962
9954
9779
9581
10000
10000
9992
9908
9946
9970
9991
10000
9984
9995
9654
9777
9843
9813
10000
9781
9957
9962
9732
9988
9983
9971
9979
9986
9906
9886
9988
9994
9987
9971
9994
9977
9990
9982
9885
9794
9918
9947
9971
9984
9990
9908
9950
9909
9936
9470
9995
9922
9827
9672
9897
9781
9964
9982
9789
9872
9992
9850
10000
9917
9989
9979
10000
9784
9908
9992
9936
9617
9929
9987
9972
9974
9951
9992
9978
9979
9989
9976
9766
9843
9990
9883
9922
9979
9823
9980
9906
9825
9582
9799
9979
9899
9990
9869
9870
9923
9976
9779
9992
9990
9981
9977
9898
9992
9886
9994
9972
9967
9978
9983
9920
9956
9932
9962
9981
10000
9882
9951
9971
9708
9943
9649
9995
9946
9781
9965
9761
9976
9985
9989
9996
9995
9994
9571
10000
9951
9974
9939
9975
9941
9978
9975
9670
9971
9866
9940
9985
9983
9622
9887
9675
9920
9941
9986
9995
9987
9853
10000
9975
9268
9968
9927
9667
9983
9668
9953
9941
9980
9479
9980
9980
9985
9987
9972
9990
9690
10000
9884
9991
9992
9986
9968
9985
9928
9950
9854
9977
9989
9963
9891
9901
9991
9733
9969
9695
9992
9804
9968
9749
9990
9839
9986
9981
9867
9984
9913
9981
9995
9994
9955
9874
9985
9846
9975
9999
10000
9885
9987
9973
9795
9971
9909
9977
9987
9978
9912
9996
9959
9988
9988
9994
9955
9951
9805
9976
9974
9957
9953
9891
9851
9924
9960
9970
9983
9855
9987
9980
9960
9993
9923
9965
9895
9966
9956
9978
9980
9979
9850
9976
9990
9978
9996
9757
9797
9964
9944
9955
9966
9985
9968
9924
9988
9881
9979
9867
9976
9977
9908
9968
10000
9982
10000
9977
9986
9694
9975
9900
9978
9985
9952
9864
9881
9975
9851
9990
9985
9981
9905
9982
10000
9974
9983
9952
9942
9893
9987
9968
9973
9584
9972
9977
9992
9727
9957
9998
9981
9994
9985
9959
9935
9984
9523
9972
10000
9974
9899
9987
9744
9982
9954
9987
9971
9978
9982
9977
9987
9987
9999
9974
9981
9930
9988
10000
9865
9974
9921
9798
9920
9980
9949
9984
9908
9988
9989
9985
9982
9961
9956
9986
10000
9905
9797
9980
9944
9901
9995
9981
9914
9956
9981
9911
9967
9914
9985
9991
9990
9655
9909
9984
9961
10000
9975
9967
9752
9987
9816
9974
9955
9986
9955
9637
9935
9986
9954
9949
9907
9985
9971
9947
9736
9990
9784
9979
9924
9819
9975
9983
9994
9946
9866
9968
9893
9985
9726
9611
9688
9889
9966
9896
9971
9942
9773
9969
9821
9951
9997
9900
9890
9965
10000
9932
9969
9992
9991
9920
9975
9983
9927
9947
9976
10000
9803
9972
9996
9965
9966
9930
9956
9479
9753
9978
9941
9623
9964
9916
9885
9988
9791
9984
9873
10000
9525
9911
9990
