9977
9988
9994
9973
10000
9986
9978
9988
9991
9994
9995
9994
9971
9977
9989
9953
9992
9987
9982
9990
9996
9990
9995
9980
9982
9993
9995
9996
9987
9982
9993
9990
9977
9986
9968
9976
9979
9978
9996
9987
9978
9992
9993
9985
9994
9991
9991
9975
9996
9980
9975
9983
9983
9997
9978
9980
9986
9982
10000
9996
9984
9989
9997
9990
9990
9981
9989
9981
9991
9991
9972
9987
9985
9994
9985
9983
9982
9980
9989
9986
9985
9990
9975
9986
9976
9996
9983
9982
10000
9989
9979
9991
9987
9983
9991
9968
9994
9990
9990
9987
9990
9985
9987
9989
9991
9997
9991
9970
9983
9963
9995
9990
9979
9990
9998
9975
9992
9984
9995
9999
9978
9990
9988
9995
9991
9993
9987
9993
9994
9981
9991
9994
9985
9991
9992
9987
9987
9975
9988
9983
9993
9989
9988
9995
9985
9997
9993
9998
9963
9994
9982
9912
9994
9979
9978
9976
9984
9984
9987
9995
9998
9994
9978
9978
9997
9988
9968
9987
9987
9984
9990
9986
9997
9999
9995
9989
9971
9998
9978
9996
9988
9997
9977
9984
9988
9983
9986
9973
9992
9989
9980
9982
9970
9945
9980
9996
9988
9993
9987
9999
9990
9991
9990
9984
9982
9995
10000
9990
9980
9998
9984
9995
9991
9996
9989
9984
9982
9963
9988
9998
9999
9975
9984
9990
9993
9988
9991
9992
9982
9987
9994
9983
9985
9998
9998
9986
9981
9983
9959
9986
9996
9981
9979
9976
9985
9987
9989
9984
9973
9993
9992
10000
9995
9984
9995
9993
9995
9990
9999
9993
9996
9996
9987
9989
9986
9988
9997
9974
9996
9983
9998
9985
9990
9973
9987
9995
9966
9989
9993
9984
9946
9981
9997
9981
9990
9984
9980
9988
9984
9979
9992
9987
9990
9974
9965
9976
9979
9978
9950
9976
9991
9971
9974
10000
9998
9991
9988
9988
9987
9978
9987
9999
9982
9999
9998
9987
9975
9987
9994
9988
9984
9990
9966
9990
9995
9995
9994
9989
9984
9976
9975
9993
9991
9992
9996
9981
9999
9983
9983
9986
9985
9986
9995
9985
9987
10000
9983
9992
9993
9993
9995
9988
9986
9994
9993
9982
9992
9991
9988
9987
9992
9994
9984
9998
9995
9996
9990
9964
9986
9999
9998
9999
9991
9965
9981
9961
9993
9985
9984
9999
9978
9984
9987
9989
9999
9988
9977
9986
9988
9998
9984
9985
9994
9971
9979
9966
9985
9981
9983
9986
9974
9991
9974
9982
9970
9988
9994
9993
9988
9995
9998
9983
9997
9994
9968
9983
9978
9988
9989
9985
9965
9984
9976
9995
9989
9988
9994
9999
9981
9981
9978
9988
9979
9982
9990
9987
9964
9976
9982
9995
9996
9992
9976
9983
9994
9992
9974
9997
9973
9983
9986
9997
9988
9983
9995
9994
9999
9986
9996
9991
9997
9988
9991
9992
9999
10000
9977
9990
9995
9993
9977
9993
9986
9992
9964
9986
9987
9994
9990
9998
9981
9980
9989
9982
9986
9981
9993
9991
9987
9979
9993
9994
9979
9977
9979
9994
9994
9985
9982
9990
9985
9999
9952
9989
9993
9996
9993
9987
9999
9995
9986
10000
9984
9991
9998
9994
9991
9975
9990
9969
9992
9988
9991
9987
9992
9998
9979
9981
9954
9975
9990
9986
9979
9985
9965
9986
9978
10000
9992
9961
9984
9989
9994
9985
9981
9991
9997
9989
9988
9982
9992
9970
9992
9987
9993
9996
9987
9995
9985
9994
9988
10000
9983
9999
9990
9985
9974
9992
9994
9984
9991
9995
9993
9986
9993
9997
9994
9986
9990
9984
9999
9989
9977
9970
9979
9993
10000
9979
9985
9997
9985
9983
9986
9989
9973
9991
9982
9995
9996
9991
9989
9987
9985
9991
9983
9989
9957
9985
9986
9972
9990
9997
9967
9992
9989
9992
9985
9987
9989
9988
9986
9995
9979
9995
9988
9985
9953
9994
9979
9997
9992
9991
9984
9982
9997
9988
9994
9988
9978
9997
9989
9986
9980
9986
9977
9987
9995
9992
9991
9980
9991
9990
9998
9976
9997
9976
9987
9988
9985
9985
9987
9986
10000
9979
9999
9991
9974
9993
9994
9988
9990
9980
9998
9979
9991
9998
9996
9984
9995
9956
9980
9996
9990
9995
9994
9990
9990
9991
9982
9995
9989
9981
9984
9981
9995
9993
9997
9978
9987
9982
9996
9987
9985
9981
9992
9985
10000
9986
9980
9995
9970
10000
9998
9989
9985
9990
9997
9994
9961
9982
9998
9990
9984
9987
9988
9989
9973
9990
9971
9971
9980
9969
9974
9983
9965
9997
9980
9994
9974
9999
9979
9972
9997
9980
9997
9981
9994
9994
9993
9998
9999
9991
9969
9968
9994
9977
9998
9961
9985
9992
9976
9972
9989
9988
9983
9975
9992
9995
9996
9983
9990
9984
9976
9988
9997
9974
9987
9974
9993
9976
9983
9985
9976
9987
9956
9981
9996
9971
9988
9982
9972
9975
9979
9987
9981
9955
9954
9990
9992
9996
9989
9987
9993
9979
9991
9987
9991
9990
9990
9985
9982
9996
9989
9978
9982
9993
9981
9981
9978
9981
9991
9988
9992
9981
9993
9991
9995
9993
9990
9995
9992
9975
9984
9960
9989
9993
9975
9970
9976
9976
9986
9978
9985
9985
9989
9978
9982
9998
9993
9986
9990
9990
9990
9998
9990
9995
9998
9996
9966
9983
9988
10000
9983
9996
9974
9995
9993
9971
9970
9985
9995
9985
9996
9992
9983
9986
9990
9984
9999
9999
9991
9995
9951
9967
9976
9996
9995
9995
9987
9992
9971
9986
9998
9986
9992
9992
9972
9997
9979
9997
9993
9980
9994
9972
9986
9998
9999
9994
9989
9992
9992
9988
9977
9972
9966
9988
9991
9980
9993
9984
9992
9994
9983
9982
9992
9980
9992
9989
9990
9989
9990
9986
9983
9984
9983
9991
9988
9985
9986
9947
9996
9996
9979
9992
9985
9984
9970
9993
9982
9999
9986
9998
9990
9994
9974
9994
9988
9994
9994
9984
9978
10000
9999
9973
9978
9991
9999
9981
9994
9978
9986
9979
9986
9985
9989
9987
10000
9990
9972
9979
9998
9995
9976
9994
9995
9991
9985
9977
9992
9990
9990
9988
9993
9960
9998
9988
9983
9990
9982
9999
