10000
10000
10000
10000
10000
9996
10000
10000
9996
10000
10000
9998
10000
9999
9993
10000
10000
10000
10000
9996
9998
9989
9993
9994
9980
9989
9976
10000
9986
9995
9990
9974
9974
10000
10000
9996
9982
10000
9961
10000
9981
10000
10000
9995
9982
9986
10000
9985
10000
10000
10000
9969
9997
10000
10000
9976
9999
10000
9999
9980
9994
10000
9998
10000
9994
9980
9995
9994
10000
10000
10000
9967
10000
10000
9992
10000
10000
10000
9992
10000
9999
10000
9995
10000
9993
10000
9992
10000
10000
9999
9992
9992
10000
10000
10000
9999
10000
9993
10000
9997
10000
10000
10000
10000
9984
9974
10000
10000
9970
9994
9995
9994
10000
10000
9999
10000
9974
10000
9985
9994
10000
9994
9980
9998
10000
9994
9983
9997
10000
9981
9995
10000
9998
10000
9996
9998
10000
10000
9989
10000
9982
9991
9995
10000
9965
9988
10000
10000
10000
9992
9987
9991
10000
9999
10000
9990
9982
9981
9989
9996
9996
9996
10000
9976
9972
9994
9997
10000
10000
9997
9980
9997
10000
9998
10000
9999
9997
10000
9984
10000
9988
9995
10000
10000
9993
9996
9981
9997
9979
9991
10000
9981
9989
9999
10000
9989
9995
9982
10000
10000
9978
9997
9964
9995
9980
9995
10000
10000
9995
9999
10000
10000
9996
9987
10000
9985
9997
9971
9991
9992
10000
9988
9965
9998
10000
10000
10000
10000
10000
9969
10000
9999
10000
9978
10000
10000
9992
9991
9989
10000
10000
9989
10000
9988
9989
10000
9977
9960
9997
9999
10000
9997
10000
10000
10000
10000
10000
10000
9974
9990
10000
9990
10000
9976
10000
9997
10000
9987
10000
9989
10000
9987
9991
10000
9993
9996
9999
9973
10000
10000
9996
10000
9990
9987
10000
9999
10000
10000
9988
9996
10000
9996
9993
9984
9997
9994
9999
9983
9982
9999
10000
10000
9991
9983
9871
10000
9996
10000
10000
9976
9988
10000
9996
9989
10000
9997
10000
10000
9986
10000
9999
10000
9976
9997
10000
9998
10000
10000
10000
9994
9999
9978
9996
9985
9991
9980
9996
9979
9992
9980
10000
9981
9986
9991
9994
10000
9992
10000
10000
9989
9967
10000
9985
10000
10000
9998
9991
10000
10000
9999
9999
10000
10000
9985
10000
10000
9987
10000
10000
10000
10000
9989
9991
9999
10000
9991
9999
9988
10000
9997
9983
9993
9979
9995
9981
9999
9989
10000
9984
10000
9983
9999
9999
9981
9999
10000
10000
9988
9998
10000
10000
9992
10000
10000
9995
9990
10000
9987
10000
10000
10000
9996
9993
10000
9964
10000
9977
9987
10000
10000
10000
9974
10000
9998
9996
9991
9999
10000
9991
9999
9999
10000
9995
9985
9999
10000
10000
9991
9984
9994
9997
9999
10000
10000
9980
9989
9991
10000
9985
9979
10000
9977
10000
10000
9998
10000
9992
10000
9998
9987
9996
9975
9998
9999
9978
10000
9976
10000
10000
10000
10000
9968
9993
10000
9995
9990
9992
9980
9995
9976
10000
9992
10000
10000
9998
10000
9993
10000
9998
9978
9984
10000
9989
9973
10000
9980
9987
9969
10000
9971
9996
9977
9993
9998
9991
10000
9981
9984
10000
9993
9998
10000
9982
10000
10000
9991
9980
9994
10000
9992
9988
9978
10000
9965
9994
10000
9999
9971
9996
10000
10000
9990
9982
9997
9986
9998
10000
10000
10000
9977
10000
9982
9995
10000
9984
9997
9998
10000
9992
10000
10000
10000
9998
9986
9985
9996
9992
9999
9994
9966
10000
9998
9992
9999
9991
9995
10000
9988
9966
9989
10000
10000
9989
10000
10000
9993
10000
9991
10000
9987
9982
9976
9983
9978
9999
9996
10000
9979
9998
9998
9960
9999
10000
9988
9998
9989
9979
9983
9965
10000
9994
9993
9992
9990
10000
9994
10000
10000
9996
10000
10000
10000
9994
10000
10000
10000
9999
9988
9995
10000
9997
9988
9996
10000
9973
10000
9997
9990
9998
10000
10000
9999
10000
9981
9998
10000
10000
10000
10000
9987
10000
10000
9997
9985
10000
10000
10000
9998
9969
10000
9969
9985
9999
9988
9999
10000
10000
10000
9987
9994
9986
9999
9996
10000
9992
10000
9969
9994
9995
10000
10000
9998
10000
10000
9993
10000
9979
9993
10000
9995
9974
9998
10000
9980
9996
10000
9996
10000
9997
9993
10000
9992
9993
9995
9983
9996
10000
10000
10000
9987
9999
9980
10000
10000
9985
9997
9997
10000
10000
10000
9979
10000
10000
9992
10000
10000
10000
9997
9970
10000
9985
9989
10000
9989
10000
9991
10000
10000
10000
9999
9998
9977
9999
9993
9991
10000
9993
9989
9996
10000
10000
10000
9997
9999
10000
10000
10000
10000
9996
9983
10000
10000
10000
9999
10000
9994
10000
9986
10000
10000
10000
9991
10000
9999
9994
9990
10000
9982
9988
9981
9996
10000
10000
9993
9999
9984
9985
10000
9993
10000
9959
9979
9994
9999
9995
10000
9991
10000
10000
10000
9982
10000
10000
10000
10000
9996
10000
9999
10000
9986
9982
10000
9989
9996
10000
9987
9997
9985
9986
9996
9997
9981
9993
9998
9986
10000
9999
9989
10000
10000
10000
9998
9994
9985
9998
9990
9979
9993
10000
10000
9989
9995
9981
9996
9999
9960
9988
10000
10000
9996
10000
10000
9998
9980
9998
10000
9988
10000
9961
9991
9965
10000
9999
10000
9998
9993
9383
10000
9979
9998
10000
9993
10000
10000
9998
9998
10000
10000
10000
9998
10000
9986
9998
10000
10000
9999
9989
10000
10000
9992
9999
9985
9992
10000
9997
10000
9953
10000
9996
9974
10000
9999
9999
9992
9985
10000
9970
10000
9985
9984
9995
9990
9999
10000
9995
10000
9989
9982
10000
9984
9987
10000
9989
10000
9997
10000
9979
10000
9992
9991
9978
10000
9992
9994
10000
10000
10000
10000
9999
9982
10000
9994
10000
9997
9971
10000
10000
9999
9984
9992
10000
9992
9987
9998
10000
10000
9988
9988
9974
9995
9997
9993
9985
9977
10000
9980
9991
9964
10000
10000
10000
9999
9988
10000
10000
10000
9975
10000
10000
10000
10000
10000
9990
9990
9981
10000
10000
9980
9991
9998
9985
9998
9988
9980
9981
9979
10000
9998
10000
9994
9989
9999
9998
9991
10000
9980
9985
10000
9991
9998
