10000
9994
9995
10000
10000
10000
9989
10000
10000
9997
10000
9971
9993
9987
10000
9995
10000
9993
10000
10000
10000
9999
9990
10000
9980
9977
10000
9981
9984
9997
10000
10000
10000
9980
10000
9989
9987
10000
9993
9999
10000
9999
10000
9993
10000
9996
10000
9996
10000
10000
9997
10000
9977
10000
9986
10000
9992
9999
9988
9996
9996
9982
9994
9993
9987
10000
9999
9992
10000
10000
9999
10000
9999
9977
9991
9999
9984
10000
10000
9912
9999
9999
10000
9999
9998
10000
9989
10000
9990
9994
9995
9997
10000
9980
9953
9998
9998
10000
9988
9976
10000
9986
9993
10000
9996
10000
10000
9994
10000
10000
9995
10000
10000
10000
9998
9976
10000
10000
10000
9993
9994
9987
10000
10000
10000
10000
9985
10000
9989
9966
10000
9999
9981
9998
10000
10000
9999
10000
9991
10000
9986
9970
9988
9996
9982
9996
9996
9999
9999
10000
9976
9997
10000
10000
9998
9986
10000
9996
9989
10000
10000
9984
9999
9999
9999
9999
10000
10000
9988
10000
10000
9984
9991
9977
9987
9999
9994
9994
10000
10000
9997
9982
9999
9996
9989
9996
9999
9998
9986
9980
9996
9980
9999
9996
9984
10000
10000
9998
10000
9989
9995
10000
9997
9999
10000
9987
10000
10000
9992
10000
10000
9991
9996
9970
9995
9988
9977
9999
10000
9986
9998
10000
9999
9989
10000
10000
9989
9987
9989
9984
10000
9996
10000
9993
10000
9999
9990
10000
9999
10000
10000
9975
10000
9995
10000
9995
9997
9965
10000
9999
9998
10000
9965
10000
9996
9992
10000
9994
10000
10000
9970
9997
10000
9999
9983
9996
10000
9998
9991
10000
9991
10000
9838
10000
9997
9996
9999
9984
9963
10000
9973
9988
10000
10000
9977
9991
9996
10000
10000
10000
9985
10000
9994
9999
10000
9979
10000
9993
9992
9999
9999
10000
9993
10000
10000
9996
9995
10000
9997
10000
9989
9978
9973
10000
9976
9996
9985
9986
9999
9999
9996
9998
10000
9990
10000
10000
9994
9970
9998
9967
10000
9991
10000
10000
9988
9990
9999
9998
9997
9963
9985
9995
9973
9998
9999
9976
9999
9979
9996
9989
9995
9986
10000
10000
9989
9999
10000
9999
9995
9992
9998
9987
9994
9983
9990
10000
10000
9999
10000
9983
9980
10000
10000
10000
9991
10000
10000
9992
9999
10000
10000
9998
10000
9991
9998
9997
9986
9970
9999
9998
9981
9994
9992
9980
10000
9992
10000
10000
10000
10000
9994
10000
9981
9993
10000
10000
10000
10000
9995
10000
10000
10000
10000
9997
9976
10000
9977
10000
9984
9972
10000
9986
9998
9985
9981
9995
9996
9977
10000
9999
10000
9993
9996
10000
9999
9989
9995
9998
10000
9971
9999
10000
10000
9979
9976
9996
9998
9974
9998
9980
9995
10000
9976
10000
10000
9998
9999
10000
9976
10000
10000
10000
9988
9987
9983
9986
9998
9996
10000
10000
10000
10000
9997
9986
10000
10000
9986
10000
9985
9994
9984
9995
10000
10000
10000
9985
9975
10000
9992
9997
10000
10000
9964
9995
10000
9993
9999
10000
10000
9999
9996
9999
10000
10000
9996
10000
9986
9996
10000
9984
9999
9997
10000
9997
10000
9996
9994
9999
9999
10000
10000
10000
10000
9987
9987
10000
9999
10000
9987
9987
9993
9989
9992
9997
9999
9999
9997
9998
9994
9995
9986
9997
9999
10000
9999
9989
9991
10000
10000
9995
9993
9992
9986
9998
9992
9998
9999
10000
9991
10000
9964
9993
9994
9986
9989
10000
9983
9999
9983
10000
9991
10000
10000
10000
10000
9968
9999
10000
9997
9972
9995
9999
9977
9988
10000
10000
9998
9994
9999
10000
10000
9983
9987
9969
9982
9985
9999
10000
9996
9986
10000
9985
9985
9999
9978
9987
9971
9999
9997
9999
10000
10000
10000
10000
9999
9995
10000
9993
9997
10000
10000
10000
10000
10000
10000
10000
10000
9980
9996
10000
9999
10000
9991
9991
9997
10000
9997
9984
10000
10000
10000
9998
10000
9993
10000
9981
9993
10000
10000
10000
9995
10000
9989
9992
10000
9997
9994
9982
9986
10000
10000
10000
9981
9973
9978
10000
9994
9994
9988
9998
9995
10000
9993
9993
9995
9962
10000
10000
10000
9999
9990
9990
9999
10000
10000
9999
10000
9979
10000
9999
9991
9997
9999
9986
9986
9988
9987
9985
10000
9993
10000
9993
9995
9998
10000
9998
9999
10000
10000
9997
9982
10000
9999
10000
10000
9991
10000
9998
9963
10000
9973
9992
10000
9975
9974
9993
9991
10000
10000
9973
9999
10000
10000
9987
10000
9995
9986
10000
9999
9994
9998
10000
9999
9994
9986
9987
9994
9975
9990
9983
10000
10000
9984
10000
9999
9989
9993
10000
9992
9998
9995
9985
9999
9984
10000
9999
9997
9995
9984
9982
9997
9997
10000
9996
10000
9980
9989
9999
9998
9999
9988
9999
9999
10000
10000
10000
9988
9982
9999
9993
10000
9999
10000
10000
9989
10000
9998
10000
9999
9996
10000
10000
9997
10000
10000
9988
10000
9997
10000
10000
9994
9999
10000
10000
9964
9999
9981
10000
10000
9990
9999
9999
10000
9990
9990
10000
9986
10000
9991
9999
9996
10000
9993
9995
10000
10000
9996
9999
9985
10000
9992
9963
9989
9984
9984
9979
9982
9999
9997
9987
9996
10000
9996
9988
9974
9959
10000
9996
9980
9996
9993
9999
9996
9998
10000
9982
9985
9999
9986
10000
9989
9973
9990
10000
10000
9998
9999
10000
9988
9988
10000
9993
9997
9994
10000
10000
10000
9982
9988
9998
10000
9995
9996
9997
9986
9990
9999
10000
9998
9999
10000
10000
9972
9984
9989
9999
10000
9996
10000
9999
10000
9971
9981
10000
9999
10000
9994
10000
10000
10000
9998
9991
10000
9990
9977
10000
10000
10000
9984
9985
10000
9982
9999
10000
10000
9992
9988
10000
9998
9999
9989
10000
9999
10000
10000
9997
9994
9994
9993
9998
9983
9997
9996
9986
10000
10000
10000
9999
9993
9984
9998
9999
9995
9985
9996
9999
9998
9997
10000
10000
9998
9994
9987
10000
10000
10000
10000
10000
10000
9988
10000
9998
9997
10000
9980
9989
9986
9978
10000
9982
10000
10000
9999
9959
10000
9994
10000
10000
9992
10000
