10000
9993
10000
9997
9993
10000
9997
10000
9973
9964
10000
9988
9987
9988
10000
9992
10000
9987
9991
9988
9998
9969
9985
10000
9994
9997
9999
9982
9963
10000
9999
10000
9993
9978
9999
9989
10000
9990
10000
9951
9995
9999
10000
10000
9998
9992
9974
10000
9997
9996
9976
10000
9999
9999
9995
9998
9998
9983
9978
9999
10000
9984
9993
9993
9999
9997
10000
9999
9997
10000
9993
10000
9999
9999
9992
9999
9997
10000
10000
10000
9990
9983
9987
9991
9983
9979
10000
9991
10000
9969
9993
9994
9975
9993
9986
9995
9997
9991
9976
10000
9987
10000
9990
9988
9990
9998
9986
9997
9984
10000
9983
9989
10000
10000
9973
9989
9996
9984
10000
9993
9990
9999
10000
9988
9993
9983
9986
10000
9971
9998
9992
9989
9994
9999
9997
9976
9978
10000
9984
9993
10000
9980
10000
9994
9994
9992
9999
10000
10000
9979
9997
9996
9988
9996
9988
9999
9994
9991
9999
9998
9997
10000
9978
9997
10000
9987
9995
9987
9990
9994
9996
9989
9995
10000
9996
9999
9994
9995
9987
10000
10000
9975
10000
9990
9990
9979
9981
9979
9999
9985
10000
9999
9999
9984
9997
9995
10000
9993
10000
9996
10000
9971
10000
9998
10000
10000
9985
9985
10000
9990
10000
9998
9993
10000
10000
10000
10000
9989
10000
10000
9974
9995
10000
10000
9996
9999
9989
10000
10000
10000
9965
9992
10000
9990
9994
10000
9987
9981
9990
9990
10000
9997
9958
9972
9984
10000
10000
9997
9996
9995
10000
10000
9988
9987
9972
9990
9981
9990
9994
9986
9976
10000
9997
10000
10000
9993
9995
9988
10000
9971
9999
9979
10000
10000
9998
9986
10000
10000
10000
9987
10000
9997
10000
9994
9985
10000
10000
9984
9996
10000
10000
10000
9993
9979
9989
9997
9995
9998
9984
10000
9998
10000
9970
9998
10000
10000
9997
10000
9994
9998
10000
10000
10000
10000
10000
9990
9994
9999
10000
9999
9999
9985
9987
9987
9999
10000
9990
9999
9981
9998
10000
10000
10000
9984
9984
9999
9968
10000
9972
9987
10000
9999
10000
9981
9978
9993
10000
10000
9998
10000
9984
9998
10000
9992
9996
9994
9997
9999
10000
10000
9987
10000
9989
10000
10000
9981
9977
10000
9989
10000
10000
9987
10000
9999
9994
10000
9979
9997
9998
10000
10000
9993
9992
9996
9997
9988
9999
10000
9999
9989
9991
9998
9988
9997
9992
10000
9988
9987
9998
9984
9988
9978
9979
9971
9994
9978
9991
9998
9993
9996
10000
10000
9975
9997
9994
9995
9991
10000
9998
9998
9996
9999
9996
9967
9991
9986
9990
9994
10000
9990
10000
9992
10000
9983
9989
9991
9999
9999
9995
9998
9998
9999
10000
9996
9987
9991
9983
10000
10000
10000
9997
10000
9996
9988
10000
9986
10000
9994
9988
10000
10000
10000
9993
10000
10000
9990
9984
9980
9971
9992
9998
9997
9972
9994
9999
9982
10000
9998
9997
9999
10000
10000
9988
10000
10000
9996
9999
9999
9993
9975
10000
9966
10000
10000
9996
9990
10000
9999
9995
9998
10000
9991
10000
9969
9998
10000
10000
10000
9998
9999
9985
10000
10000
10000
9980
9990
10000
10000
9976
10000
9980
9998
9978
9989
10000
9999
9983
9989
9995
10000
9978
10000
10000
10000
9996
10000
10000
9999
9994
10000
9995
10000
9998
10000
10000
9993
10000
9972
10000
9988
9996
9990
9983
9996
9987
10000
9999
9999
10000
9991
9995
9985
9984
10000
9991
9974
9999
9991
9998
10000
9982
9978
9989
10000
9971
9998
9997
10000
10000
9998
9999
10000
9990
9998
10000
9979
10000
9987
9989
9960
9997
9997
9989
9995
9988
10000
9989
10000
9997
9999
9979
10000
10000
9998
10000
9985
10000
10000
9999
10000
9999
9998
10000
9994
10000
10000
9967
9995
9996
9998
10000
9992
9998
10000
9999
9985
9999
9960
9989
9995
9996
10000
9983
9996
9999
9993
9968
9976
9993
10000
10000
9981
10000
10000
9995
9993
9999
10000
9998
10000
9998
10000
10000
9998
9996
9976
9999
9991
9997
9990
9999
9999
10000
9993
9979
10000
9998
9990
10000
10000
9988
10000
9980
9987
10000
9996
9939
9992
9999
9971
9980
9991
9987
9999
10000
9978
10000
10000
10000
10000
10000
9981
9989
10000
9991
9977
9993
10000
10000
9978
9985
10000
10000
10000
10000
10000
9989
9968
10000
10000
9984
10000
9994
9985
10000
9989
10000
10000
10000
9999
10000
9993
9998
10000
10000
10000
9996
10000
10000
10000
10000
9985
10000
10000
9998
9981
9993
10000
9997
9998
10000
9995
9982
9987
10000
9995
10000
9990
9984
10000
10000
9992
9997
9996
9998
9990
9996
9988
10000
9993
9993
10000
10000
9995
9996
10000
9999
10000
9999
9997
9986
10000
10000
10000
9995
9999
9973
9995
10000
10000
10000
10000
9971
9991
9971
10000
9985
9983
10000
9975
10000
9994
10000
9989
10000
9996
9996
9990
10000
9987
9971
9972
9993
10000
10000
10000
9986
10000
9999
9999
9997
9984
9993
9971
9975
9993
9994
9976
9995
10000
10000
9975
9999
9993
9989
9997
10000
9984
9996
10000
9980
9983
9985
9977
9998
10000
9987
9989
9992
9997
9999
9938
10000
9999
10000
10000
10000
9989
10000
9990
9997
9998
9965
9998
9996
10000
9991
9984
9986
10000
9990
10000
9987
10000
10000
10000
9967
10000
10000
9995
9969
10000
9999
9996
10000
9994
10000
9991
10000
9988
9993
9985
9984
9999
9985
9983
9980
10000
9994
9999
10000
10000
10000
9999
9992
9997
10000
9983
10000
9995
9991
9999
9995
9983
10000
9993
9980
10000
10000
10000
9996
9991
9978
9983
10000
9997
9982
10000
10000
9990
10000
9997
10000
9984
9952
10000
9990
9999
9994
9998
9989
9997
9994
9985
9983
10000
9992
9990
9996
9999
9998
9978
9988
9979
10000
10000
10000
9985
10000
9994
10000
10000
10000
10000
9983
9999
10000
10000
10000
9990
9998
10000
9988
10000
10000
9989
9999
9993
10000
9993
9995
9993
9993
9998
9999
9973
10000
9993
9998
10000
10000
9978
9999
9989
10000
9976
10000
9999
10000
10000
9992
10000
10000
9999
9995
9996
10000
9948
10000
9992
