9987
10000
9994
10000
9996
10000
9994
10000
9999
10000
9987
10000
9984
9992
10000
9979
10000
9989
10000
9987
9997
10000
10000
9995
9998
9997
9994
9988
10000
9996
10000
10000
9983
9993
9995
10000
9994
9995
9998
9987
9999
9958
9982
9990
10000
10000
9968
9982
9990
9989
9999
9989
10000
10000
9990
9980
9999
10000
10000
9972
10000
9996
10000
9988
10000
9999
9995
9986
9998
9999
9988
9999
9999
10000
10000
9995
10000
9963
9992
9979
9997
10000
10000
9999
10000
10000
9994
9978
9988
9993
10000
9998
9980
9984
9977
10000
10000
9994
9999
9994
10000
9999
10000
9996
10000
9968
9964
10000
10000
9986
10000
9999
10000
9997
10000
10000
10000
9999
9989
10000
9990
9997
9995
9992
9974
9992
9995
10000
9998
9999
9990
10000
10000
10000
10000
10000
9999
10000
9995
9993
9987
9975
10000
9999
9976
10000
9998
9982
9930
9993
9984
9997
9985
9969
9986
9991
9989
9980
9991
9988
9993
9991
9993
9995
9998
10000
9979
10000
9990
10000
10000
9999
9998
9994
10000
9997
10000
9983
10000
9998
9992
9953
10000
10000
10000
10000
9987
10000
9990
9976
9993
10000
10000
9997
9998
9986
9984
9985
9974
9990
10000
10000
10000
10000
9985
10000
9997
9999
10000
10000
9999
9993
10000
9998
9984
9999
10000
10000
10000
10000
9976
9999
9985
9979
9994
9994
10000
9985
10000
10000
9987
10000
9999
10000
9999
10000
9998
10000
10000
10000
9999
9992
10000
9996
9990
9982
9994
9995
9995
9996
10000
10000
9989
9990
10000
10000
9987
10000
10000
10000
9988
9987
9998
9995
9989
9993
9990
10000
10000
10000
9991
10000
10000
9982
9999
9991
10000
9998
9997
9984
9968
9994
9988
10000
10000
10000
9992
9983
9988
10000
10000
10000
9972
9999
9988
9979
9998
9990
10000
9994
9995
9997
9993
10000
10000
9999
9983
9987
10000
10000
9999
9995
9999
10000
10000
10000
10000
9999
10000
10000
10000
9998
10000
10000
9993
10000
9992
9966
9994
9992
9999
10000
10000
10000
9995
9995
9998
9987
9990
9999
9970
10000
9999
9999
10000
10000
10000
9990
9999
9994
10000
9988
10000
9999
10000
10000
9983
10000
10000
9997
9999
10000
9991
9995
9997
9991
10000
9999
9992
10000
9997
9983
10000
10000
10000
9991
10000
9992
10000
9980
10000
9994
9997
9999
9987
10000
9995
9992
9978
9995
9976
10000
10000
9982
10000
10000
9998
9971
10000
9988
10000
10000
10000
10000
9990
9999
9995
10000
10000
10000
10000
10000
9996
10000
9995
10000
10000
10000
9995
9981
10000
9998
9979
10000
10000
9998
9993
9995
9989
9974
9994
9986
9987
10000
9999
10000
10000
9986
9969
9995
10000
10000
10000
10000
9991
9990
10000
9998
10000
9994
10000
10000
9990
10000
10000
9997
10000
9981
10000
9999
10000
9987
9999
10000
9999
10000
10000
10000
9999
9998
9999
9999
10000
9993
10000
9977
9988
10000
9982
9998
9993
10000
9995
9995
9994
10000
9988
9987
9992
10000
10000
9998
9981
10000
10000
10000
9999
9991
9998
10000
9990
9998
9980
9985
9995
9986
10000
9989
10000
9991
9993
9998
9997
9991
10000
9986
9998
9987
9998
10000
9993
10000
9996
10000
9995
9995
9979
9983
9977
9990
9996
9988
10000
9994
9997
10000
9985
10000
10000
10000
10000
9981
10000
9995
9994
9996
9999
9967
9998
10000
9999
9999
9991
9982
10000
9996
10000
10000
10000
9989
9971
10000
10000
9995
9994
9995
9994
9996
9997
9999
10000
10000
9995
10000
10000
9996
9997
9999
10000
10000
9962
10000
9989
9998
9992
9994
9995
10000
9998
9999
10000
9984
9992
10000
10000
9998
9999
9992
9994
10000
10000
9999
9993
9996
10000
10000
9998
9995
10000
9996
10000
10000
9965
9998
10000
10000
9985
9999
9998
9995
9999
9999
10000
10000
9990
9978
9978
10000
10000
9996
10000
9999
9979
10000
9987
9988
10000
9993
9994
9979
9999
9965
10000
10000
9987
9996
9983
9987
9993
10000
9999
10000
10000
10000
10000
9998
9985
10000
10000
9998
9998
9981
9993
10000
10000
9984
9984
9993
9996
10000
10000
9998
10000
9990
10000
10000
9999
9993
9984
9988
10000
9998
10000
9975
10000
9996
10000
9997
10000
10000
9988
10000
10000
9998
10000
10000
9989
9994
9973
10000
10000
9999
9995
10000
9999
9998
10000
9979
9990
9996
10000
9986
9999
10000
9988
9989
9997
10000
9990
10000
9979
10000
9997
9969
10000
10000
9999
10000
9998
9981
9999
9989
9999
9996
10000
10000
10000
9999
9997
9992
9966
9993
9988
9986
9999
9987
9998
10000
10000
10000
9998
10000
10000
9998
9995
9982
9999
10000
9997
10000
9990
9999
9980
9996
9985
9995
10000
10000
9992
9986
10000
9989
9999
10000
10000
10000
10000
10000
10000
9987
10000
9998
9995
9990
9998
9992
9999
10000
9991
9998
9998
10000
9983
10000
9998
10000
9993
10000
10000
9997
10000
10000
9994
9999
10000
9975
9990
9999
10000
9998
10000
9999
9999
10000
9999
9994
10000
9988
9991
10000
10000
10000
9991
9997
10000
10000
9979
9980
9999
9985
10000
9998
10000
9982
9998
9990
9996
10000
9991
10000
9993
9987
10000
10000
10000
9986
9999
10000
9994
10000
9997
10000
9992
10000
9999
9980
10000
10000
9986
10000
9970
9988
10000
9992
10000
10000
10000
9983
9991
9989
10000
9998
9995
9994
9996
10000
10000
9995
10000
9995
10000
9999
9997
10000
10000
10000
9998
9998
9996
9992
10000
9999
9987
10000
9998
9999
10000
10000
9996
9992
9988
9999
9991
9981
9983
9987
10000
10000
9989
9981
9999
9989
9995
10000
10000
9994
9984
10000
10000
10000
10000
10000
10000
9994
10000
9999
10000
9998
10000
10000
9999
9993
10000
10000
10000
10000
10000
9987
9955
9999
10000
10000
10000
9987
10000
9998
10000
9991
9999
9992
9999
10000
10000
9990
9964
10000
9986
9974
10000
9997
10000
10000
9987
10000
10000
9994
10000
9995
10000
9996
9990
9999
10000
10000
10000
9976
10000
9999
9999
10000
9993
10000
9994
9993
10000
9987
10000
10000
9999
9990
9999
9999
9986
9999
10000
9995
9982
10000
9996
9997
