9983
9995
9986
10000
9994
10000
9985
10000
10000
9995
9999
10000
9999
10000
10000
10000
10000
10000
9999
9997
9999
9946
10000
10000
9998
9990
9998
10000
9964
9998
9999
9995
9999
9999
10000
9997
9990
10000
9983
10000
9972
9978
10000
10000
9988
10000
9990
9995
9992
9989
10000
9956
9980
9995
9992
9990
9987
9999
10000
10000
9982
10000
10000
9997
9988
10000
9985
9999
9976
10000
9988
9999
9991
10000
9996
10000
9984
10000
9996
10000
9999
10000
10000
10000
9974
9996
9995
9998
10000
9991
9981
10000
9999
9983
9993
10000
10000
9986
9996
9984
10000
10000
10000
10000
10000
9993
9985
9992
10000
9993
10000
9993
9969
9979
10000
10000
9997
9982
9996
10000
10000
9992
10000
9998
9973
9999
9991
9999
9987
9989
10000
10000
10000
9993
9987
10000
9988
9967
10000
9994
9991
9991
10000
10000
10000
10000
9976
9998
10000
10000
9998
9973
10000
9990
9997
9985
9983
10000
9980
9998
9999
10000
9998
9999
9944
9989
9974
9986
9997
10000
9991
10000
9999
10000
9999
9985
10000
10000
9991
9989
9978
9990
9998
9980
9985
10000
10000
9949
9998
10000
10000
9998
9983
10000
9991
9987
9993
9986
10000
10000
9992
9928
10000
9999
9998
9958
10000
9999
9967
10000
9978
10000
9995
10000
10000
10000
9998
9993
10000
9999
10000
10000
10000
10000
10000
9998
9998
9998
10000
9989
9991
9987
9997
10000
10000
9994
9991
10000
9988
10000
9993
9997
10000
10000
9998
9994
9998
10000
10000
9996
9998
9998
9997
9998
9960
9993
9991
9964
10000
9997
9974
10000
9975
9989
9996
9999
10000
9999
10000
9983
9991
10000
9978
10000
10000
10000
9999
10000
10000
9999
9988
9997
9996
9991
9999
10000
9993
9993
9998
10000
9982
9975
9987
10000
9975
9978
9997
9988
9995
9996
9998
10000
9989
9996
9985
10000
9998
9999
9997
10000
10000
10000
10000
10000
9985
9997
10000
9970
9984
10000
9957
10000
9996
9978
9996
9988
10000
9978
10000
10000
10000
10000
9999
9994
9989
9998
9975
9995
9987
9999
9999
9993
10000
10000
9992
9998
10000
9971
10000
9993
9996
10000
9999
9990
9988
9995
9999
9982
9978
10000
9984
9994
10000
10000
9993
9995
9990
9988
9996
9998
9976
9980
9982
9997
9988
9980
10000
9981
9987
9984
10000
10000
9993
10000
9995
10000
9985
9994
10000
9976
9992
10000
10000
9987
9998
10000
9994
9986
9987
9989
10000
9995
10000
9996
9998
10000
10000
9997
10000
9993
10000
9988
9999
9991
9977
9991
9987
10000
9969
9999
9999
9978
9979
9994
9980
9986
9996
10000
9993
9985
10000
10000
9997
10000
9994
9986
9999
9992
9991
9986
9999
10000
10000
9992
9999
9979
10000
10000
10000
9060
10000
9975
9985
9998
9990
9999
9987
10000
9989
10000
9999
9989
9998
9995
10000
9981
10000
10000
9995
9981
9999
10000
10000
10000
9978
9992
9986
10000
10000
9994
9984
10000
9997
9992
10000
10000
9996
10000
9995
9991
10000
9999
10000
9991
9989
10000
9999
9998
10000
9980
9999
9998
10000
9975
9983
10000
10000
10000
9996
9984
9996
10000
9998
10000
9982
9981
10000
9962
9994
10000
9992
10000
9989
9993
9977
9985
10000
9998
9997
9978
9981
10000
9996
10000
9992
10000
10000
9990
10000
10000
10000
10000
10000
9995
9995
9994
9992
9972
10000
9996
10000
9990
9997
10000
9982
9984
9988
9983
9985
9985
9995
9975
10000
10000
9999
9989
9981
9999
10000
9988
10000
9998
9992
9997
9969
9992
9998
10000
9984
9989
9991
9990
9998
10000
9998
10000
10000
9997
9979
9993
9986
10000
9978
9995
9970
9983
9981
9981
10000
9982
9996
10000
10000
9988
9978
9999
9973
10000
9996
9999
9979
9998
10000
10000
9985
10000
9997
10000
9999
10000
9999
9999
10000
9992
9999
9982
10000
9990
9990
10000
9998
9981
9987
9988
9995
9992
10000
9987
9980
9966
10000
9983
9998
9992
10000
9993
10000
9996
9981
10000
9970
9999
9993
10000
10000
10000
9969
9985
9998
9983
9993
9985
9990
9983
10000
9999
10000
9983
9999
9980
9973
9999
9997
10000
10000
10000
9992
10000
9982
9993
10000
9908
10000
9998
9990
9990
9999
9990
10000
9995
9987
9999
9995
10000
10000
10000
10000
10000
10000
9991
9994
9983
10000
10000
9982
9990
10000
9996
9992
10000
9992
9990
9977
10000
9990
10000
9990
9967
10000
10000
9974
10000
9999
10000
9999
9996
10000
9990
10000
10000
9996
9982
10000
9993
10000
9991
9999
9991
9986
10000
9998
10000
10000
9999
9994
10000
9978
9999
9992
10000
9989
9983
9990
10000
10000
9999
9981
10000
9982
9977
9974
9994
9999
10000
9979
10000
9990
9986
10000
10000
9983
10000
9989
10000
9999
9992
10000
10000
9998
9991
9995
9997
9987
9993
10000
9990
9995
10000
9990
10000
10000
9975
9998
9985
9988
10000
9981
9992
9998
10000
10000
10000
9996
9991
9927
9997
9992
10000
10000
9991
9986
9991
10000
9990
9999
9997
10000
9992
9993
10000
9998
9998
9989
10000
10000
9999
10000
9991
9983
9989
9994
10000
9989
9995
9981
9986
10000
9988
10000
9998
10000
9999
10000
9989
9989
9999
9985
10000
9992
9989
9990
10000
9996
9998
9901
10000
9995
9999
9980
9983
9968
10000
10000
9983
9994
9970
10000
9989
9996
9987
9994
10000
9994
10000
9991
9990
9991
10000
10000
9998
9991
9989
9999
9999
9998
9977
9989
10000
9985
9991
9987
9989
9969
9995
9997
9957
9980
9984
10000
9973
9996
10000
9995
9988
9988
10000
9992
9993
10000
9983
9988
9986
9995
9995
9997
10000
10000
10000
10000
9995
9978
10000
9988
10000
9999
10000
9995
10000
10000
9981
10000
10000
10000
9996
9997
9993
10000
9998
9995
9999
9982
9990
9991
9997
9983
10000
9990
9987
9999
9999
9999
9990
10000
9998
9977
9992
9982
9990
9997
9987
9988
10000
10000
10000
9996
10000
9994
10000
10000
10000
9996
9997
9993
9978
9987
9997
9988
10000
9968
9965
10000
9978
10000
9992
9999
10000
9988
10000
9995
10000
10000
9975
9994
10000
9978
10000
10000
10000
9985
10000
