9929
9802
9919
9818
9960
9284
9823
9762
9940
9897
10000
9995
9968
9829
9898
9951
9969
9948
9936
9955
9947
9770
9672
9982
9896
9899
9835
9827
9882
9989
9911
9501
9821
9985
9921
9902
9951
9456
9946
9970
9874
9591
9895
9986
9951
9731
9756
9875
9977
9955
9990
9808
9975
9979
9965
9986
9974
9978
9952
10000
9657
9952
9681
9920
9884
9918
9981
9968
9943
9877
10000
9993
9969
9843
9861
9996
9986
9939
9951
9914
9841
9995
9967
9662
9957
9965
9650
9900
10000
9989
10000
9809
9856
9988
9822
9976
10000
9804
9862
9979
9932
9977
9949
9697
9973
9903
9844
9920
9969
9919
9991
9693
9986
9774
9483
10000
9969
9762
9962
9926
9953
9904
10000
9940
9973
9920
9979
9995
9981
9945
9920
9977
9967
9756
9802
9748
9944
9972
9707
9955
9856
9883
9728
9920
9918
9994
9835
9805
9955
9642
9987
10000
10000
9881
9731
9627
9969
9661
9946
9942
9948
9630
9372
9971
9740
9925
9970
9988
9959
9676
9762
9968
9821
9993
9943
9959
9805
9885
9436
9991
9953
9931
9289
9648
9839
9624
9991
9980
9976
9911
9964
9974
9677
10000
9664
9953
9689
9711
9649
9689
9975
9993
9423
9987
9981
9935
9713
9804
9884
9984
9965
9958
9967
9792
9962
10000
9967
9937
9840
10000
9951
9982
9521
9772
9951
9900
9882
9955
10000
9818
9818
9972
9757
9896
10000
9713
9976
9977
9962
9876
9741
9919
9986
9766
9940
9971
9894
9968
9702
9981
9966
9769
9996
9948
9892
9992
9610
9974
9379
9959
9958
9415
9842
9985
9654
9986
9986
9771
9997
9988
9871
9969
9785
9958
9935
9644
9982
9439
9988
9897
9935
9850
9956
9645
10000
9985
9961
9944
9854
9619
9896
9925
9827
9923
9964
9876
10000
9983
9903
9833
9928
9733
9899
9899
9952
9980
9589
9974
9931
9951
9875
9939
9990
9982
9984
9882
9829
9623
10000
9995
9973
9425
9820
9379
9988
9977
9985
9776
9799
9980
9735
10000
9951
9659
9886
9977
9985
9979
10000
9487
9976
9994
9742
9985
9831
9981
9911
10000
9635
9950
9916
9985
9992
9975
9942
9856
9925
9576
9984
9976
9968
9913
9954
9804
9853
9975
9981
10000
9987
9937
9943
9740
9988
9951
9985
9955
9976
9954
9973
9746
9997
9286
9884
9863
9898
9925
9701
9775
9846
9988
10000
9984
9875
9889
9723
9993
9895
9871
9818
9936
9911
9645
9985
9827
9670
9985
9983
9974
9829
9972
9617
9922
9894
9984
9789
10000
9908
9988
9918
9908
9888
9983
9987
9674
9645
9963
9943
9974
9413
9973
9779
9977
9996
9855
10000
9944
9931
9971
9811
9508
9860
9690
9944
9971
9890
9934
9636
9988
9350
9981
9949
9947
9992
9859
9778
9950
9967
9937
9914
9966
9960
9488
9988
9965
9977
9879
9962
9481
9995
9907
9955
9502
9953
9824
9934
9975
9969
9981
9947
9733
9923
10000
9952
9690
9553
9846
9875
9895
9547
9928
10000
9994
9659
9917
9762
9948
9975
9887
9991
9992
9490
9969
9963
9992
9988
9888
9391
9955
9885
9785
9739
9878
9867
9993
9888
9982
9971
9982
9931
9957
9974
9945
9886
10000
9861
9985
9986
10000
9924
9896
9993
10000
9319
10000
9970
10000
10000
9897
9952
9706
9642
9970
9914
9786
9734
9986
9303
9558
9565
9981
9534
9968
9972
9861
9909
9906
9856
9977
9838
9910
10000
9829
9938
10000
9940
9956
9909
9919
9891
9955
9945
9919
10000
9937
9842
10000
9920
9989
9947
9858
9853
9987
9958
9978
9949
9970
9693
9953
9988
9986
9980
9989
9807
9935
9869
9806
9923
9775
9434
9821
9968
9966
9965
9838
9999
9983
9823
9682
9862
9754
9771
9997
9979
9663
9905
10000
9635
9949
9984
9983
9983
9994
9942
9959
9598
9949
9946
9908
9921
10000
9927
10000
9696
9913
9928
9960
9854
9983
9963
10000
9959
9629
9774
9975
9403
9478
10000
9745
9894
9966
9851
9973
9884
9497
9983
9694
9906
10000
9955
10000
9942
9948
9987
10000
9843
9880
9990
9493
9822
9994
9513
9917
9969
9915
9852
9984
9841
9446
9441
10000
9974
9922
9689
9948
9427
9991
9688
9907
9919
9991
9992
9841
9974
9971
9645
9711
9653
9965
9889
9915
9939
9880
9831
9989
9971
9901
9982
9854
9692
9972
9945
9958
9845
9762
9986
9933
10000
9983
9983
9978
9688
9984
9978
9753
9389
9984
10000
9886
9987
9845
9961
9746
10000
9965
9978
9700
9951
9833
9980
9912
9884
9968
9890
9976
9838
9820
9767
9980
9800
9989
9918
9873
9597
10000
9684
9990
9922
9975
10000
9874
9706
9993
9939
9782
9969
9968
9996
9915
9987
9905
9863
9991
9916
9977
9975
9944
9963
9799
9980
9911
9935
9838
9721
9987
9777
9882
9800
9783
9373
9929
9588
9961
9910
9752
9909
9717
9827
9954
9907
9860
9877
10000
9869
9952
9992
9992
9992
9979
9761
9744
9702
10000
9968
9935
9791
9970
9965
9977
9903
9953
9710
9884
9979
9886
9727
9961
9972
9940
9974
9614
9844
9986
9859
9304
9957
10000
9970
9979
9990
9951
9942
9863
9678
9967
9986
9978
9976
10000
9926
9993
9769
9749
9977
9987
9954
9920
9928
9589
9613
9958
10000
9642
9984
9989
9936
10000
9579
9871
9940
9894
9727
9877
9969
9942
9962
10000
9558
9894
9973
9971
9908
9477
9977
9973
9833
9868
9969
10000
9988
10000
9920
9964
9772
9956
9818
9894
9994
9861
10000
9953
9998
9989
9990
9730
9967
9871
9408
9977
9892
9503
10000
9846
9992
9876
9473
9702
9980
9995
9938
9979
9960
10000
9781
9965
9640
9976
10000
9971
9989
9960
9815
9932
9969
9967
9923
9974
9923
9908
9980
9990
9991
9975
9980
9957
9678
9804
9885
9966
9922
9765
9562
10000
9827
9995
9896
10000
9951
9958
10000
9645
9948
9600
9876
9945
9952
9685
9962
9983
9690
10000
9989
9832
9952
9989
9753
9785
9960
9989
9885
9962
9966
9993
9347
9980
9974
9988
9973
9842
9993
9940
9842
9686
9809
9973
9952
9976
9922
9977
9922
9935
