9850
9983
9997
9928
9878
9526
9982
9974
9989
9961
9980
9901
9930
9942
9988
9915
10000
9647
9985
9899
9908
9930
9710
9794
9980
9770
9699
9964
9927
9888
9932
9944
9735
9969
9962
10000
9957
9560
9933
9736
9924
9983
9941
9992
9755
9779
9561
9951
9874
9983
9970
9986
9995
9992
9856
9949
9938
9912
9794
9735
9764
9925
9976
9989
9876
9982
9951
9940
9783
9970
9612
9583
9622
9706
9975
9463
9821
9955
9981
9900
9728
9590
9926
9986
9988
9631
9546
9679
9694
9975
9929
9805
9913
9940
9946
10000
9867
9885
10000
9924
10000
9971
9930
9958
9462
9755
9613
9917
9930
9657
9795
9446
9924
9765
9950
9842
9907
9990
9548
9972
9762
9540
10000
9981
9718
9829
9901
9921
10000
9420
9805
9846
9627
9773
9993
9978
9511
9964
10000
9871
9985
10000
9926
9951
9853
9974
9847
9939
9764
9956
9979
9852
10000
9967
9948
9988
9951
9939
9986
9832
9977
9919
9608
9667
9990
9476
9818
9972
9543
9999
9957
9668
9963
9447
9978
9990
9535
9972
9972
9917
9941
9866
9682
9842
9938
9916
9957
9980
9767
9938
9850
10000
9910
9696
9936
9719
9994
9994
9718
9902
9986
9935
9984
9941
9932
9619
9987
9989
9653
9885
9799
9899
9955
9968
9771
9988
9948
9642
9991
9571
9608
9993
9983
9944
9964
9853
9945
9499
9736
9401
9941
9762
9910
9987
9976
9409
9897
9939
9890
9767
9964
9976
9815
9867
9266
9974
9943
9953
9552
9996
9769
9986
9990
9977
9944
9972
9971
9977
9689
9976
9897
9984
9978
9559
10000
9996
9982
9975
9647
9963
9995
9984
9928
9918
9924
9968
10000
9980
9976
9983
9802
10000
9808
9970
9965
9980
10000
9902
9586
9822
9799
9720
9807
9952
10000
9993
9850
9879
9664
9874
9960
9955
9958
10000
9991
9915
10000
9963
9988
9693
9629
9856
9993
9968
9855
9357
9918
9984
9981
9625
9876
9899
9883
9986
9877
9967
9941
9930
9692
9969
9792
9783
9934
9928
9773
9976
9965
9989
9684
9955
9936
9970
9903
9579
9756
9954
9952
9953
9919
10000
9982
9970
9958
9553
9932
9495
9983
9701
9864
10000
9934
9974
9949
9918
9561
9940
9898
9684
9977
9978
9969
9295
9932
9955
9885
9959
9814
9953
9448
9977
9982
9728
9876
9761
9415
9968
9978
9544
9498
9536
9609
9767
9979
9943
9983
9832
9549
9504
9891
9966
9692
9975
9958
10000
9889
9836
9647
10000
9969
9890
9826
9712
9982
9534
9963
9986
9542
9985
9904
9676
9972
9958
9589
9325
9984
9786
9870
9894
9779
9965
10000
9886
9978
9980
10000
9944
9773
9838
9958
9983
9404
9997
9928
9951
9704
9956
9998
9984
9933
9952
9942
9981
9766
9991
9747
9603
9940
9900
9953
9907
9993
9988
9747
9977
9965
10000
10000
9968
9917
9991
10000
9668
9835
9836
9683
9997
9701
9975
9952
9827
10000
9981
9990
9935
9953
9903
9962
9924
9888
10000
9975
9938
9918
9921
9963
9890
9995
9975
9964
9915
10000
9982
9970
9914
9930
9968
9987
9952
9972
9483
10000
9823
9919
9944
9951
9894
9976
9646
9997
9879
9710
9920
9951
9805
9982
9987
9751
9959
9983
10000
9895
9748
9991
9898
9564
9731
9828
9945
9688
9955
9976
9835
9987
9770
9980
9966
9926
9982
9935
9965
9984
9887
9942
9738
9968
9960
9993
9912
9331
10000
9587
8869
9904
9421
9905
9954
9989
10000
9900
9651
9983
9507
9993
9827
9966
9949
9920
9778
9961
9882
9962
9643
9970
10000
10000
9872
9954
9902
9853
9981
9967
9689
9773
9966
9534
9922
9949
9978
9684
9877
9965
9934
9933
9823
10000
9988
9844
10000
9832
9873
9791
9926
9965
9807
9887
9533
9987
10000
9970
9559
9452
9764
9734
9989
9956
9581
9929
9919
9852
9658
9615
9994
9942
9959
9987
9977
9871
10000
9223
9954
9482
9904
9969
9770
10000
9875
9719
9986
9953
9947
9621
9993
9990
9966
9961
9982
9984
9996
9933
9879
9989
9897
9794
9894
9991
9946
9873
9860
9927
9996
9967
9983
9987
9994
9881
9918
9981
10000
10000
9876
9898
9813
9983
9846
9969
9989
10000
9961
9692
9605
10000
9513
9760
9914
9581
9672
9975
9909
9914
9931
9816
9760
9968
9871
9987
9769
9728
9983
9770
9947
9828
9952
9977
9645
9840
9837
9985
9871
9921
9877
10000
10000
9969
9986
9980
9970
9712
9896
9772
9463
10000
10000
9917
9756
9921
9920
9920
9963
9861
9963
9969
9610
9861
9783
9976
9959
9984
10000
9975
9990
9909
9967
9944
9982
10000
9858
9963
9819
9919
9980
9880
9729
9700
9789
9965
9935
9785
9819
9766
9941
9666
10000
9718
9886
9531
10000
9906
9834
9614
9970
9842
9962
9514
9145
9776
9485
9709
9985
9871
9993
9996
9320
9980
9607
9982
9995
9806
9970
10000
9947
9634
9869
9574
9446
9766
9998
9970
9881
9909
9837
9949
10000
9960
9984
9964
9973
9972
9378
9242
9799
9977
9986
9650
9984
9926
9975
9974
9937
9967
9940
10000
9919
9967
9905
9990
9999
9986
9799
9992
9987
9834
9954
9881
9985
9539
9837
9954
9978
9967
9989
9804
9659
9977
9995
9930
9986
9966
9993
9475
9972
9918
9978
9641
9947
9960
10000
9997
9940
9925
9623
9723
9899
9992
9960
9813
9503
9982
9777
10000
9686
9796
9985
9805
9479
9992
9908
9983
10000
9920
9437
9688
9974
9978
9993
9802
9978
9974
9965
10000
10000
9729
9500
9988
9976
9083
9927
9482
9944
9969
9949
9878
9971
9984
9307
9915
9979
10000
10000
9836
9946
9909
9771
9918
9968
9972
9924
9840
9187
9985
9940
9976
9979
9773
9948
9972
9956
9937
9750
9976
9972
9746
9756
10000
9455
9968
10000
10000
9964
10000
10000
9963
9914
9889
9967
9986
9925
9577
9964
9931
9980
9419
9961
9960
9952
9983
9997
9413
9865
9964
9714
9868
9549
9780
9980
10000
9724
9323
9913
9935
9992
9758
9876
10000
9918
9947
9723
9950
9737
9969
9617
9990
9990
9954
9978
9971
9913
9803
9829
9979
9589
