9871
9979
9950
9972
10000
10000
9767
9976
9794
9966
9981
9980
9884
9957
10000
9954
10000
9734
9984
9802
9513
9980
9810
9850
9987
9986
9982
9973
9470
9982
9757
9930
9964
9819
9424
9972
9985
9892
9979
9827
9921
9518
9759
9859
9916
10000
9996
9647
9936
9986
9955
9741
9980
9969
9981
9520
10000
9985
10000
9737
9722
10000
9996
9842
9972
10000
9919
10000
9985
9935
9600
9822
9983
9975
9948
9878
9747
9957
9880
9980
9928
9927
9969
9852
10000
9982
9843
9985
9724
9987
9975
9990
9969
9985
9972
9896
9989
9649
9802
9714
9958
9878
9916
9813
9969
9983
9779
9631
9984
9904
9618
9830
9954
9857
9980
9988
9967
9879
9883
10000
9964
9738
9595
9963
9967
9931
9731
9518
9825
9868
9756
9991
9857
9941
9974
9977
9977
9947
9609
9831
9971
9980
9678
9949
9511
9888
9983
9781
9971
9721
9598
9977
9937
9478
9808
9975
10000
9989
9969
9954
9980
9976
9879
9980
9991
9984
9714
9980
9974
9990
9890
9921
9974
9939
9971
9978
9949
9856
9989
9900
9986
9949
9962
9959
9970
9987
9664
9985
9838
10000
9909
9824
9469
10000
9952
9961
9932
9972
9791
9945
9982
9954
9935
9935
9696
9471
9953
9988
9969
9964
9737
9704
9848
9858
9989
9956
9983
9434
9933
9988
9836
9968
9982
9977
9980
9746
9546
9377
9689
9725
9942
9995
9941
9966
9766
9961
9978
9876
10000
10000
9976
9980
9967
9790
9854
9990
9982
9863
9780
9977
9961
9974
9987
9906
9896
9919
9694
9984
9900
9945
9860
9923
9612
9925
9514
9564
10000
9447
9835
9984
9929
9915
9990
10000
9979
9864
9990
9960
9876
9991
9909
9983
9966
9894
9237
9791
9658
9743
9556
9766
9673
9966
9899
9795
9953
9776
9982
9978
9985
9619
9971
9718
9917
9348
9860
9983
9794
9958
10000
9986
9979
9976
9967
9993
9629
9975
9766
9387
9597
10000
9973
9944
10000
9717
9990
9942
9818
9994
9737
9975
9886
9898
9705
9984
9891
9988
10000
9508
9942
9391
9978
9568
9923
9966
9992
9942
10000
9836
9949
9866
9978
9963
9733
9989
9949
9976
9983
9925
10000
9235
9868
9432
9927
9924
9882
9875
9950
9880
9995
9989
9953
9892
10000
9974
9893
9971
10000
9981
9640
9995
9970
9850
9947
9932
9963
9908
9998
9840
9895
9828
9860
10000
10000
9698
9680
9994
9972
9995
9879
10000
9804
9716
9885
9937
9933
9983
9836
9899
9988
9987
10000
9989
9640
9978
9941
9988
10000
9922
9944
9981
9467
9949
9979
10000
9941
9866
9945
9930
9981
9210
9988
9934
9887
9642
9854
9879
9672
9957
9796
9715
9797
9880
9954
9410
9982
9993
9982
9973
9971
9792
9927
9972
10000
9946
9732
9962
10000
9993
9833
9776
9978
9873
9952
10000
9984
9988
9990
9977
9926
9842
9947
9949
9850
9969
9988
9919
9904
9929
9573
9966
9946
10000
9871
9979
9816
9908
9644
9702
9997
9917
9928
9952
9887
9960
9992
9994
9979
9930
9977
9983
9970
9990
9858
10000
9972
9899
9800
9949
9919
9819
9600
9838
9952
9920
10000
9980
10000
9942
9990
9848
9538
9832
10000
9745
9968
9785
9939
9857
9986
9912
9843
10000
9961
9865
9748
9771
9952
9386
9900
9920
10000
9887
9693
9639
9931
9922
9984
9862
9997
9994
9972
9953
10000
9989
10000
9958
9667
9975
9605
9954
9983
9989
9979
9700
9968
9968
9964
9912
9907
9918
9932
9925
9947
9920
9958
9791
10000
9984
9906
9762
9833
9623
9958
10000
9946
9894
9963
9745
9964
9943
9923
9846
9631
9930
10000
9977
9891
9982
9790
9985
9789
9962
9969
10000
9922
9949
9981
9914
9729
9966
9882
10000
9977
9611
9720
9979
10000
9903
9854
9903
9951
10000
10000
9943
10000
9990
9987
9986
9952
9977
9826
9992
9982
9836
10000
9848
9901
9960
9713
9626
9978
9961
9968
9916
9893
9932
9804
9970
8991
9990
9809
10000
9983
9928
9904
9913
9934
9994
9735
9956
9940
9896
9910
10000
9313
10000
9611
9666
9790
9353
9988
9933
9670
9891
9985
10000
9947
9966
9998
10000
9924
9445
9880
9842
10000
9975
9955
9972
9977
9919
9656
9734
9979
9908
9826
9888
9964
9604
9924
9641
9925
9974
9963
9976
9973
9837
9840
9890
9833
9991
9907
9952
9970
9451
9948
9665
9986
10000
9941
9924
9939
9978
9935
9879
9945
9866
9903
9733
9988
9987
9879
9946
9982
9810
9678
9646
9994
9940
9981
9723
9959
9988
9993
9948
9826
9517
9978
9945
10000
9660
9947
9873
9870
10000
9894
9888
10000
9662
9994
9927
9983
9838
9401
9346
9936
9966
9977
9895
9833
9963
9942
9964
9586
9981
9959
9862
9961
9974
9865
9890
9975
9969
9788
9992
9968
9880
9977
9831
9897
10000
9795
10000
9986
9947
9982
9934
9180
9984
9485
10000
10000
9859
9977
9953
9976
9978
9873
9575
9967
9994
9769
9979
9992
9997
9981
9973
9783
9847
9871
9930
9955
9917
9527
9957
9953
9681
9653
9867
10000
9838
9965
9966
9991
9864
9915
9910
9936
9752
9992
9926
9940
9827
9986
9986
9741
9985
10000
9978
9921
9904
9788
9969
9722
9931
9970
9975
9982
9712
9845
9993
9780
9893
9896
10000
9945
9962
9946
9597
9465
9969
9956
9967
10000
9753
9668
9972
9805
9464
9786
10000
9853
9980
9934
9920
9871
9964
9778
9972
9987
9892
9496
10000
9868
9440
9774
9963
10000
9149
9972
9916
9969
9876
9974
9817
9980
9990
9893
9882
10000
9926
9991
9492
9968
9682
9991
9817
9349
9988
9986
9951
9812
10000
9895
9983
9326
9657
9953
9939
10000
9781
10000
9992
9843
9946
9953
9867
9948
9952
9905
9630
9990
9967
9942
9898
9980
9912
9608
9973
9983
9963
9812
9743
9970
9605
10000
9636
9805
9991
9976
9603
9984
9916
9972
9398
9946
9843
9984
9708
9976
9988
9960
9727
9833
9977
9874
9983
9945
9941
9909
9795
9979
9911
9962
9983
9846
9931
9917
9970
9989
9782
10000
9742
9945
10000
9968
9846
9857
10000
9984
9985
