9825
9903
9954
9796
9936
9654
9963
9960
9945
9915
9977
9985
9898
9615
9901
9933
9962
9928
9822
9967
9961
9921
9947
9845
9913
9839
9351
9643
9956
9976
9547
10000
9900
9497
9855
9969
9948
9887
9981
9765
10000
9966
9832
9754
9669
9809
9958
9918
9209
9958
9907
9989
9602
9993
9885
9903
9891
9328
9827
9990
9816
9541
9767
9962
9906
9967
10000
9511
9984
9805
9592
9993
9940
10000
9953
9969
9976
9919
9969
9978
9981
10000
9765
9794
9901
9975
9450
9800
10000
9991
9974
9963
9851
9693
9983
9989
9979
9779
9829
10000
9903
9877
9982
9875
10000
9915
9808
9988
9986
9939
9971
9994
9986
9933
9984
9894
9852
9934
9478
9722
9734
10000
9898
9454
9907
9941
9670
9827
9884
9985
9433
9608
9952
9979
9958
9863
9892
9810
9955
9891
9803
9898
9945
9954
9791
9960
9988
9886
9976
9855
9255
9527
9835
9376
9705
9962
9990
9610
9910
9974
9817
9964
9996
9785
9980
9836
9970
9935
9955
10000
9979
9983
9977
9646
9869
9956
9665
9823
9932
9988
9949
9956
9857
10000
10000
10000
9971
9521
10000
9945
9741
9981
9979
9974
10000
9786
9775
9996
10000
9947
9628
9719
9969
10000
9978
10000
9979
9985
9958
9963
9964
9981
10000
9719
9808
9988
9958
9952
9954
9966
9631
9838
9979
10000
9795
9961
9930
9432
9989
9949
9834
9981
9965
9985
9613
9951
9902
9512
9971
9662
9852
9967
9971
9651
9842
9992
9638
9853
9957
9993
9812
9809
9782
9965
9937
9884
9922
9830
9960
9736
9877
9972
10000
9774
10000
10000
9979
9273
9974
9926
9618
9743
9970
9815
9926
9832
9905
9972
9845
9990
9305
9978
9945
10000
9957
10000
9650
9671
9895
9915
9734
9950
9696
9981
9958
9958
9958
9901
9921
9992
9822
9416
9969
9974
10000
9826
10000
9983
9277
10000
9973
9981
9783
9856
10000
9992
9993
9931
10000
9950
9979
9650
9977
9759
9979
9869
9855
10000
10000
9897
9993
9954
9999
9956
9718
9938
9864
9817
9751
9861
9948
9937
9966
10000
9839
9866
9967
9985
9993
9989
9962
9977
9973
9924
9535
9933
9920
9962
9981
9808
9892
9693
9964
9918
9841
9981
9955
9921
9927
9916
9909
9989
9858
9987
9878
9729
9705
9973
9945
9599
9519
9972
10000
9958
9974
9892
9952
9763
9896
9858
10000
9784
9633
9975
9984
10000
9983
9898
10000
9511
9714
9475
9986
9731
9893
9737
10000
9856
10000
9912
9973
9957
9976
9915
9690
9979
9844
9796
9930
9967
9808
9849
10000
9629
9990
9468
9549
9658
9943
9980
9982
10000
9587
9951
9968
9943
10000
9937
9965
9967
9772
9948
9884
9608
9969
9911
9814
9991
9931
9948
9689
9785
9971
9944
9996
9885
9975
9791
10000
9946
9890
9995
9737
9996
9602
9980
9982
9975
9936
9767
9690
10000
9909
9948
9990
9786
9978
9576
9842
9937
9934
9893
9215
9625
9972
9955
9917
9975
9910
9986
9915
9857
9703
9981
9666
10000
9983
9562
9861
9973
10000
10000
9922
9653
9994
9678
9725
9707
9564
9891
9928
9954
9982
9829
9971
9967
9889
9807
9982
9973
9966
10000
9920
9840
9914
9705
9961
9904
9740
9729
9942
9974
9907
9995
10000
9983
9949
9946
9966
9810
9667
9521
9685
9985
9918
9955
9975
9963
10000
9979
9997
9887
9987
9883
9494
9980
9530
9795
9960
9987
9951
9959
9953
9986
9882
9973
9939
9644
10000
9809
9937
9752
9848
9864
9977
9963
9687
9893
9682
9975
9793
9930
9511
10000
9550
9875
9964
9846
9989
9987
9958
9909
9966
10000
9938
9922
9953
9803
9969
9987
9950
9927
9921
9740
9961
9971
9951
9982
9978
9958
9980
9761
9885
9986
9880
9928
9962
9863
9913
9923
9859
9982
9738
9768
9871
9848
9761
10000
9972
9996
9974
9976
9976
9985
9776
9862
9643
9968
9837
9919
9936
9442
9967
9889
9958
9937
9973
9921
9973
9933
9972
9270
9781
9926
9952
9860
10000
9882
9967
9972
9807
9878
9924
9984
9940
9916
9683
9814
9988
9910
9976
9658
9909
9989
9962
9977
9966
9973
9987
9526
9969
9988
9686
9765
9986
9773
9876
9829
9970
9992
9990
9725
9432
9957
9659
9947
9944
10000
9941
9863
9731
9879
9968
9955
9298
9954
9431
9813
9763
9894
9938
9971
9773
9887
9803
9929
9985
9964
9899
9974
9986
9924
9739
9953
9597
9996
9948
9877
9598
9967
9577
9457
9707
9951
9879
9807
9988
9971
10000
9978
9967
9951
9976
9919
10000
9988
9928
9985
9959
9941
9981
9858
9977
10000
9966
9958
9978
10000
9936
9919
10000
9577
9739
9826
9962
9948
9959
9943
9975
9987
9975
10000
9995
9901
9974
9981
9865
9931
9978
9958
9862
9781
9556
9969
9885
9853
9873
9918
9905
9960
9980
9851
9920
9797
9867
9977
9490
9972
9909
9868
9891
9889
9967
9973
9687
9567
9984
9408
9907
9724
9991
9983
9980
9983
9974
9928
9690
9880
9922
9959
9924
9973
9973
9952
9956
9973
9726
9356
9549
9792
9900
9959
9876
9967
9961
9975
9610
9973
9991
9885
9975
9592
9639
9817
9941
10000
10000
9978
10000
9880
9955
9710
9604
10000
9778
9911
9852
9427
9291
9982
9507
9668
9980
9973
9938
9956
9944
9937
9987
9500
9523
10000
9980
9846
9923
9982
9973
9967
9758
9990
9806
9980
9874
10000
9953
9992
9979
9915
9966
9978
10000
9981
9909
9969
9986
9974
9987
9347
9828
9988
9981
9758
9734
9972
9400
9681
9942
9984
9972
9997
9505
9643
9916
9908
9481
9974
9835
9981
9912
9627
9937
9946
9952
10000
9928
9855
9879
9980
9982
9449
9771
9890
9946
9982
9988
9986
9981
9542
10000
9981
9748
9946
9597
9939
9742
9984
9970
9982
9965
9960
9941
9554
9991
9966
9960
9997
9986
9913
9889
9891
9993
9682
9893
10000
9996
9961
9930
9593
9591
9754
9683
9935
9964
9902
9977
10000
9724
9964
9705
9988
9967
9980
9905
9765
9951
9980
9779
9999
9875
9988
9963
9721
9793
9870
9981
9899
9792
9654
9989
10000
