9984
10000
9993
9977
9977
9886
9981
9910
9734
9591
10000
9961
9985
9982
9922
9986
9838
9987
9995
9631
9853
9984
9843
10000
9983
9956
9826
9987
9668
9934
9978
9972
9978
9928
9825
9578
9968
9937
9740
9803
9721
9959
9985
9908
9981
10000
10000
9982
9979
9976
9987
9941
9948
9784
9894
9878
9932
9956
9988
9971
9813
9982
9970
9903
10000
10000
9989
9931
9525
9989
9936
9815
9671
9874
9985
9979
9880
9673
9888
9978
9967
9708
9896
9967
9900
9648
9903
9901
9953
10000
10000
9628
9969
9958
9806
10000
9919
10000
10000
9718
9980
9966
9971
9990
9286
9972
9968
9935
9972
9732
10000
9978
10000
9763
9972
9958
9971
9998
9465
9966
9702
10000
9893
9988
9954
9901
10000
9965
9955
9901
9937
9841
9978
9987
9992
9882
9986
9968
10000
9950
9817
9895
9998
9964
9952
9991
9946
9681
9973
9913
10000
9440
9761
9978
9935
9907
9795
9569
9940
9929
9986
10000
9944
9729
9962
9934
9523
9984
9824
9707
9959
9935
9979
9863
9952
9980
9990
9973
9725
9796
9857
10000
9774
9779
9964
9975
9973
9633
9931
10000
9762
9622
9943
9364
9976
9965
9926
9907
9978
9774
9972
9894
9944
10000
9967
9985
10000
9853
9697
9960
10000
9759
9962
9991
9322
9959
9500
9969
9673
9976
9945
10000
9682
9939
9965
9812
9957
9950
9975
10000
9926
10000
9601
9496
9992
9848
9986
10000
9567
9966
9981
9527
9451
9799
10000
10000
9975
9963
9958
9968
9824
9972
9968
9812
9916
9897
9974
9912
10000
9982
9971
9970
9989
10000
9901
9911
9984
9981
9951
9938
9963
9998
9985
9815
9910
9909
9805
9757
9598
9986
9940
9910
9986
10000
9770
9940
9983
9990
9375
9795
9971
9870
9925
9982
9846
9985
9616
9987
9961
9858
9458
9785
9917
9821
9477
9734
9996
9960
9594
9986
9952
9835
9949
9983
9977
9534
9685
9693
9969
9988
9919
9980
10000
9946
9976
9938
9846
10000
9668
9904
9664
9437
9988
9842
9945
9912
9880
9453
9810
9956
9772
9900
9913
9806
9984
9946
10000
10000
9817
9869
9994
10000
9708
9947
9725
9943
9967
10000
9716
9937
9983
9976
9951
9755
9955
9491
9974
9668
9787
9934
9609
9986
10000
9962
9789
9988
9876
9654
9604
9408
9649
9795
9603
9265
9961
9904
9855
9981
9989
9977
9971
9474
9856
9864
9848
9661
9994
9674
9687
10000
9738
9750
9551
9847
9965
9986
9905
9953
9935
9911
9847
9979
9869
9983
9916
9777
9914
9975
9580
9687
9968
9943
9915
9987
9198
9913
9968
9967
9972
9926
9977
9951
9975
9858
9969
9747
9772
10000
9700
9783
9951
9791
9996
9927
9970
9937
9946
9577
9886
10000
9953
9978
9961
9738
9970
9972
9893
9863
9522
9878
9978
9767
9928
9985
9687
9982
9967
9821
9897
9924
9960
9986
9714
9960
9990
9711
9535
9750
9991
9970
10000
9753
10000
9891
9958
10000
9716
9957
10000
9922
9968
9988
9899
9988
9760
9948
9834
9915
9964
9983
9979
10000
9982
9863
9922
9974
9985
9920
9882
9794
10000
9923
9978
9878
9978
9964
9683
9807
9934
9975
9988
9794
10000
9628
9777
10000
9967
9911
9969
9625
9972
9452
9721
9970
9990
9168
9762
9988
9523
9970
9984
9749
9986
9972
9959
9940
9982
9967
9967
9765
9885
9895
10000
9963
9975
9841
10000
9938
9987
9791
9960
10000
9991
9974
9984
9977
10000
10000
9990
9955
9856
9869
9656
9738
9565
9934
9970
9955
9911
9803
9782
9382
9891
9982
9791
9981
9243
9927
9602
9882
9779
9951
9971
9945
9863
9387
9943
9575
9991
10000
9917
9964
9884
9528
9958
9544
9810
10000
10000
9756
9586
9976
9969
9873
9987
9931
9881
9984
9723
9802
9903
9965
9905
9721
10000
9989
9937
9775
9910
9934
9836
9798
9948
9896
9721
9584
9975
9456
9838
9902
9873
9835
9984
9953
9640
9957
9988
9987
9791
9979
9988
9982
9542
9983
9981
9965
9942
9938
9453
9693
9717
9708
9925
9966
9929
9965
9913
9559
9970
9975
9919
9949
9906
9865
9843
9902
9948
9931
9991
9748
9981
9959
9953
9799
9826
9950
9980
9991
9994
9978
9971
9972
9973
9705
9956
9973
9954
9910
9772
10000
9958
9974
9700
9941
9962
9967
9979
9738
9980
9447
9787
9954
9991
9800
9988
9977
9980
9861
9972
9952
9900
9910
9942
9990
9854
9659
10000
9971
9665
9962
9966
10000
9594
9684
9961
9973
9937
9795
9980
9945
9803
9949
9941
9977
9968
9913
9894
9914
9710
9668
9620
9979
9983
9983
9949
9947
9985
10000
10000
9661
9792
9870
9876
9974
9902
9964
9921
9972
9679
9679
9979
9963
9872
9921
9989
9986
9982
9707
9926
9572
9694
9779
10000
9978
9998
9989
9736
9916
9899
9750
9992
9981
9909
9510
9939
9910
9754
9660
9980
9922
9816
9947
9914
9814
10000
10000
9970
9927
9996
9988
9788
9858
9675
9643
9944
9947
9991
9942
9900
9935
9834
9981
9685
9975
9658
9847
9991
9968
9888
9994
9991
9954
9979
10000
9949
9992
9974
9988
9815
9973
9793
10000
9964
9824
9922
9829
9948
9802
9973
9905
9637
9971
9937
9683
9860
9949
9881
9990
9804
9984
9997
9782
9975
9980
9868
9983
9728
9905
9954
9707
9934
9629
9676
9942
9979
9984
9945
9871
9912
9767
9905
9986
9982
9827
9873
9951
9873
9864
9703
9983
9987
9844
9884
9830
9954
9975
9910
9990
9925
9906
9975
9976
10000
9902
9985
9990
9886
9925
9889
10000
9840
9624
9743
9986
9813
9573
9947
9977
9654
9565
9889
9992
9876
9757
9197
9945
9740
9932
9939
9987
9665
9926
9796
9906
9922
9993
9493
9767
9807
9984
9987
9957
9992
9869
9542
9901
9849
9804
10000
9981
9891
9976
9725
9743
9593
9413
9977
9866
9936
9987
9782
9991
9974
9939
9998
9891
10000
9571
10000
9991
9959
9955
9973
9781
10000
9380
9983
9981
9940
9881
9964
9916
9993
9964
9983
9618
9913
9788
9938
9835
9844
9804
9874
9967
9940
9945
10000
9959
9965
9750
