9966
9581
9756
9866
9942
9995
9994
9441
10000
9972
9715
9987
10000
9749
9979
9912
9998
9952
9948
9890
9961
9985
9924
9693
9690
9506
9603
9875
9972
9992
9674
9875
10000
9851
9873
9691
10000
10000
9734
9985
10000
9715
9615
9967
9829
9930
9950
9990
9890
9949
9748
9936
9988
9692
9964
9765
9916
9966
9993
9903
10000
9652
9983
9659
9800
9977
9584
9726
9929
10000
9970
9967
9878
9627
9989
9936
9927
9850
9936
9886
9958
10000
10000
9865
9972
9800
9356
9961
9542
9982
9978
9813
9797
9781
9870
9796
9968
9924
9913
9604
9981
9588
9886
9987
9930
9987
9642
9988
9967
9961
9921
9997
9840
9886
9919
9781
9839
9701
9910
9926
9647
9968
9961
9808
9910
9786
9876
9981
9949
9970
9288
9865
9972
9726
9682
9992
10000
9968
9874
9658
9992
9990
9932
9515
9948
9976
9949
9980
9857
9970
9501
9886
9982
9896
9725
9682
9964
9812
9940
9976
10000
9591
9975
9987
9898
9962
9960
10000
9984
9821
9602
9965
9989
9723
9976
9401
10000
9791
9512
9784
9981
10000
9842
10000
9933
9645
9876
9980
9956
9841
9878
9922
9947
9984
9820
9918
9842
9982
9988
10000
9973
9705
9981
9540
9971
9515
9877
9974
9397
9994
9984
9784
9989
9890
9980
9905
9973
9990
9965
10000
9962
9971
9982
9946
9886
9953
9995
9982
9967
9877
9751
9914
9955
9990
9861
9714
9979
9317
9976
9721
10000
9891
9577
9940
10000
9676
9815
9923
9994
9972
9724
9883
9810
9979
9987
9968
9656
9733
9854
9992
9694
9775
10000
9563
9936
9940
9971
9981
9984
9679
9958
9996
10000
9971
9945
9862
9705
9976
9738
9871
9959
10000
9983
10000
10000
9999
9974
10000
9687
9992
9897
9607
9992
9420
9984
9364
9909
9524
9862
9902
9995
10000
10000
9898
9828
9736
9932
9859
9493
9856
9987
9921
9967
9969
10000
9811
9899
9855
9847
10000
9927
9441
9765
9965
9977
9942
9968
9767
9619
9987
9948
9939
9694
9886
9978
10000
10000
9987
9371
9908
9680
9880
9968
10000
9743
9874
9742
9982
9979
9865
9780
10000
9627
9951
9833
9601
9906
9982
9616
9832
9988
9976
9964
9631
9915
9979
9946
9521
9886
9932
9834
9867
9761
10000
9296
9724
9992
9959
9939
9891
9809
9982
10000
9778
9688
9928
9725
9993
9954
9974
9972
9915
9650
9953
9963
9992
9852
9893
9984
9970
9986
9627
9955
9977
10000
10000
10000
9843
9984
9957
9939
9959
9991
9964
9974
9926
9820
9427
9796
9970
9975
9983
9885
9835
9977
9958
9864
9985
9849
9937
9889
9465
9629
9917
9450
10000
9975
9994
9974
9975
9996
9954
9912
9556
9928
9945
10000
9798
9682
9987
9679
9930
9995
9939
9951
9996
9987
9965
9981
9995
9874
9915
9935
9695
9875
9997
9892
9971
9662
9949
9874
9910
9891
9999
9995
9975
9988
9987
10000
9907
9842
9888
9993
9984
9953
9919
9767
9966
9943
9945
9934
9837
9812
9933
9997
9981
9874
9790
9584
9874
9889
9924
9672
9976
9942
9886
9882
9841
9851
9734
9934
9867
9943
9965
9728
10000
9782
9974
9973
9982
9940
9849
9923
9702
9913
9824
10000
9855
9975
9666
9422
9901
9313
10000
9596
9844
9948
9957
9691
9952
9982
9987
9883
9834
9881
9856
9851
9985
9992
9862
9970
9741
9930
9860
9974
10000
9728
9922
9707
9988
9999
9870
9811
9982
9856
9737
9829
9863
9675
9972
9299
9992
9747
9966
9985
9282
9916
9976
9932
9863
10000
9906
9990
9674
9898
9913
9962
10000
9995
9982
9923
9990
9903
9930
9857
9986
9923
9971
9844
9780
9957
9858
9974
9869
9849
9963
9959
9944
9736
9994
9895
9716
9977
9974
10000
9997
10000
9785
9863
9987
9957
9560
9990
9928
9973
9973
9981
9961
9973
9820
9763
9643
9970
10000
9936
9962
9973
9897
9983
9897
9985
9936
9989
9994
9642
9947
9964
9835
9924
9775
9679
9788
9944
9980
9657
9960
9988
9987
9995
9856
9917
9977
9765
9891
9803
9716
9910
9771
9867
9925
9710
9983
9954
9598
9997
9963
9988
9980
9987
9988
9968
9774
10000
9806
10000
9962
9740
9985
9764
9958
9759
9807
9654
9982
9980
9951
9977
9832
9971
9984
9792
9746
9698
10000
10000
9927
9601
9734
9233
9844
9937
9996
9964
10000
9944
9731
9967
9560
9872
9615
9930
9914
9701
10000
9955
9904
9410
9963
9887
9509
9332
9983
9993
9848
9928
9946
9903
9915
9954
9670
9978
10000
9600
9848
9978
9991
9854
9961
9857
10000
9959
9911
9606
9867
9853
9893
9869
9939
9998
9884
9658
9993
9901
10000
10000
9973
9954
9999
9988
9963
9748
9435
9909
9989
9976
9964
9965
9817
9898
9917
9992
9987
9974
9892
9995
9660
9946
9854
9927
9794
9684
9369
9796
10000
9910
9907
9854
10000
9934
9923
9957
9979
9998
9940
9963
9624
9726
9959
9659
9680
9971
10000
9970
9982
9983
9232
9801
9688
9744
9973
9562
9930
9995
9933
9942
9953
9997
9920
9989
9530
10000
9955
9624
9936
9840
9948
9772
9937
9998
9962
9923
9977
9686
9972
9968
9976
10000
9576
9922
9912
10000
9862
9970
9851
9768
9577
9848
9874
9771
9874
9906
9555
9989
9888
9946
9966
9491
9894
9926
9920
9964
9389
9842
9260
9872
9964
9793
9981
9906
10000
9935
9985
9974
9855
10000
9896
9730
9967
9978
9979
9960
9996
9642
9981
9827
9974
9976
9991
9355
9904
9953
9973
10000
9955
9848
9689
9941
9978
9700
9982
10000
10000
9989
9982
9991
9971
9877
9411
9833
9704
9976
9837
9990
9646
9975
9955
9990
10000
9512
9987
9980
9983
9894
9865
9568
9808
9865
9923
9987
10000
9908
9949
9561
9994
9977
9792
9989
9987
9978
9993
10000
9965
9964
10000
9655
9843
9981
9993
9547
10000
9959
9974
9971
9950
9952
9958
9994
9668
9797
9986
9989
9980
10000
9935
9907
9871
9989
9787
9979
9899
9763
9849
9948
9784
9954
9908
9950
9987
9986
9948
9831
9982
10000
9926
9784
9992
9864
9952
9942
9910
