9931
9971
9980
9338
9978
10000
9991
9983
9890
9933
9952
9943
9991
9999
9931
9841
9587
9949
9956
9844
9804
9883
9852
9909
9876
9807
9987
9927
9962
9607
9931
9956
9749
9945
9984
10000
9963
9988
9987
9947
9964
9808
9935
9977
9961
9962
9927
9689
9964
9722
10000
9992
9992
9725
9852
9978
9996
9926
9742
9971
9979
9909
9989
9508
9978
9824
9982
10000
9808
9916
9501
9627
9963
9973
9859
9862
10000
9948
9855
9922
9967
9913
9832
9860
9302
9820
9986
9910
9783
9985
9973
9909
9981
9962
10000
9538
9890
9980
10000
9963
9874
10000
9395
9982
9929
9981
9946
9929
10000
9974
9932
9760
9682
9983
9914
9971
10000
9971
9787
9921
9979
10000
9993
10000
9987
9972
9908
9970
9835
9894
9982
9338
9978
10000
10000
9995
9804
9977
10000
9963
9935
9785
9938
9827
9526
9590
9625
9998
9971
9978
9576
9976
10000
9771
9941
9984
9834
9799
9972
9945
9845
9882
9906
9930
9984
9950
9969
10000
9984
9770
9954
9922
9971
9973
9961
9907
9788
10000
10000
9981
9980
9981
9855
9990
9941
9775
9989
9945
9760
9691
9974
9981
9502
9635
9834
9925
9971
10000
9907
9732
9964
9823
9541
9906
9958
9987
10000
9623
9927
10000
9871
9809
9744
10000
9898
9993
9716
10000
9923
9888
9920
9977
9990
9968
9970
9989
9945
9895
9950
9695
9974
9953
9960
9974
9881
9980
9968
9842
9761
9862
9848
10000
9865
10000
9967
9981
9964
9976
9981
9967
9729
9917
9969
9775
9686
10000
9955
9864
9476
9970
9854
9813
9967
9982
9839
9914
9636
9952
9968
9962
9874
9811
9775
9953
9833
9968
9910
9952
9766
9968
9916
9973
9848
10000
9762
9915
9956
9245
9981
9947
9987
9805
9958
8969
9727
9913
9966
9840
9677
9980
9965
9888
9821
9977
9988
9962
9965
9951
9656
9965
9894
9993
9985
9902
9959
9867
9989
9983
9651
9950
9971
9907
9982
9969
9782
9718
9967
9858
9864
9908
10000
9965
9339
9879
9854
9986
9989
9785
10000
9954
10000
9754
10000
9984
9860
9379
9959
9997
9958
9656
9991
9985
9945
9920
9492
10000
9997
9751
9969
9971
9931
9954
9959
9953
9970
10000
9987
9948
9770
9953
9938
9951
9542
8971
9835
9825
9917
10000
9850
10000
9923
9996
9983
9956
9921
9991
9996
9809
9985
9987
9994
9971
10000
9883
9818
9986
9939
9910
9844
9877
9939
9676
10000
9948
9984
9958
9972
9762
9287
9902
9822
9973
10000
9837
9960
9662
9991
9697
9997
9979
9730
9822
9833
10000
9988
9881
9990
9963
9735
9488
9986
10000
9901
9979
9996
10000
9968
9307
9758
9815
9956
9839
9581
9944
9913
9894
9874
9981
9894
9639
9960
9927
9700
9885
9979
9981
9993
9960
9350
9986
10000
9982
9941
9917
10000
9897
9939
9878
9974
9639
9981
9984
9368
9963
9980
9521
9902
9855
10000
9945
9904
10000
9765
9975
9986
9978
9947
9968
9889
10000
9980
9984
9956
9924
9639
9992
9973
9985
9840
9913
9837
9803
9547
9581
9964
9463
9962
9973
9722
9983
9879
9973
9669
9938
9963
9628
9524
9984
9989
9974
9970
9946
9885
9770
9812
10000
9995
9981
9577
9998
9959
9964
9923
9963
9830
9985
9910
9980
10000
9936
9640
9956
9911
9962
9864
9968
9981
9964
9734
9954
9561
9941
9989
9620
9984
9813
9904
9986
9970
9979
9871
9942
10000
9974
9968
9975
9699
9661
9838
9969
9978
9933
9907
9907
9965
10000
9828
9981
9976
9575
9974
9805
9807
10000
9985
9483
9968
9917
9942
9864
9848
9865
9982
9981
9811
9769
9810
9979
9951
9910
9970
9980
9961
9815
9977
9931
9965
10000
10000
9969
9938
9932
9844
9993
9962
9984
9932
9991
9868
10000
9623
9900
9892
9861
9984
9657
9994
9936
9809
9952
9990
10000
10000
9983
9839
9985
9980
9928
9733
9972
9860
9651
9941
10000
10000
9959
9955
9991
9974
9984
9639
9884
9959
9978
9984
9914
9883
9945
9970
9726
9895
9988
9819
9711
9750
9975
9739
9826
10000
9728
9958
9647
9798
9979
9985
9981
9677
9874
9617
9945
9933
9984
9990
9942
9957
9968
9989
10000
9958
9983
9944
9985
9935
9968
9864
9959
9929
9943
9946
9619
9987
9989
10000
9521
9967
9993
9911
9453
9632
9934
9845
9988
9957
9779
9928
9963
10000
9861
9880
9993
9952
9863
9778
9945
9957
9666
9983
9892
9960
10000
9984
9917
9880
9979
9910
10000
9938
9996
9874
9937
9825
9968
9985
9965
10000
9932
9969
9894
9835
9884
9651
9770
9369
9811
9776
9980
9961
9861
9890
9977
9824
9997
9923
9994
9976
9988
9905
9987
9898
9803
9278
9974
10000
10000
9960
9943
9957
9712
9844
9676
9968
9533
9913
9985
9964
9903
10000
9336
9972
10000
10000
9838
9990
9984
9993
9988
9879
9939
9987
9992
9981
9826
9411
9427
9934
9965
9997
9848
9954
10000
9451
9989
9948
9670
10000
9983
9939
9976
9980
9228
9971
9844
9898
9344
9919
9970
9455
9979
9955
9961
9977
9979
9990
9853
9972
9795
9976
9744
9803
9969
9860
9942
9933
10000
9932
10000
10000
9580
9980
9916
9786
9195
9984
9760
9956
9962
9922
9620
9817
9969
9916
9962
9989
9975
9963
9959
9979
9502
9792
9889
10000
10000
9856
9984
9448
9798
9971
9716
10000
9980
10000
9674
9897
9997
9780
9947
9552
9892
9968
9894
9983
9918
9998
9859
9637
9727
9989
9945
9986
9990
9794
9973
9920
9822
10000
9925
9976
9922
9976
9989
9990
9700
9765
9659
9960
9846
9974
9613
9979
9997
9752
9980
9980
9842
9945
9986
9898
9951
9794
9949
9967
10000
9385
9941
9983
9705
9982
9887
10000
9950
9985
9949
9911
9943
9935
9754
9878
9961
9906
9988
9954
9918
9958
9963
9530
9972
9932
9922
9966
9984
9636
9987
9813
9730
10000
9918
10000
9913
9896
9953
9985
9999
9988
9874
9942
9982
9964
9962
9948
9921
9926
9952
9982
9989
9944
10000
9443
9927
9521
9812
9607
9895
9962
9814
9989
9902
9949
9653
9710
9990
