9977
9591
9966
9948
9875
9934
10000
10000
9837
9810
9921
9984
9964
8878
9945
9614
10000
10000
9249
9573
9847
9616
10000
10000
9992
9423
9881
10000
8739
10000
9945
10000
10000
9857
9548
9956
9988
9996
9539
9684
9787
9968
9336
9450
9300
9829
9414
9748
9531
9812
10000
9987
9928
9893
9996
9973
9994
9996
9425
9759
9987
9706
9589
8410
9949
9986
9558
9495
10000
9846
9983
9966
9991
9812
9969
9978
9977
9851
9709
9520
9951
9979
9749
9807
9930
9677
9943
10000
9740
9953
9912
9677
9983
9934
9799
9352
9778
9917
9704
9499
9764
9744
9915
10000
10000
9972
9771
9823
9950
9727
9967
9723
9863
9920
9228
9401
9994
9975
9985
9886
9599
9870
9860
9728
9801
9465
9879
9930
9932
9978
9942
9990
10000
9671
9959
9702
9775
9866
9473
9856
10000
9210
9929
9435
9622
9916
9870
9963
10000
10000
9929
9972
9850
9725
9017
9431
9945
9925
9873
9984
9881
9826
9933
9533
9994
9658
9884
9998
9926
9829
10000
10000
9980
9372
9448
9933
10000
9392
9807
9958
9598
9829
9918
9726
9905
9904
9975
9974
9992
9696
9901
9562
9988
9945
9979
10000
9591
10000
9550
9761
9553
9988
10000
9792
8867
9874
9390
10000
9947
9924
9707
9330
9871
9880
9600
8814
9559
9805
9968
9930
10000
9714
9998
9097
9962
9824
10000
9600
9908
9990
9977
10000
10000
9918
9743
9987
9761
9937
9612
9944
9967
9862
9316
9930
9270
9630
9905
9328
9897
10000
9967
9721
9709
10000
9991
9479
9513
10000
10000
9873
9752
9896
10000
10000
9645
9800
9962
9816
9766
9940
9096
9880
9772
9960
9852
9830
9759
9840
9922
10000
9794
9910
9639
9300
9456
9812
9809
9960
10000
9934
9926
9540
9816
9835
9287
10000
9890
9552
9969
9979
9875
9953
9721
9366
9819
8961
9971
9967
9966
9873
9940
9384
9972
9909
9693
9199
9590
10000
10000
9939
9801
9799
9965
9980
9692
9825
9528
9804
9960
9945
10000
9705
9722
9805
9840
9256
10000
9809
10000
9922
9955
10000
9936
9395
9971
9981
9348
9902
9442
9597
9991
10000
10000
10000
9907
10000
9422
10000
9944
9927
9712
9458
9902
9989
9962
10000
10000
9794
9958
9899
9837
9960
9468
9336
9577
9926
10000
9964
9883
9968
9865
9908
9478
10000
9874
9890
10000
9866
9080
9284
10000
9401
9700
10000
9362
9904
9799
10000
9369
9197
9736
9969
9905
8997
9941
9839
9596
9569
9715
9936
10000
9997
9265
9777
9260
8903
9845
9878
9865
10000
9076
8952
9540
9709
9593
9997
9964
9878
9892
9983
9962
8752
9925
9959
9843
10000
9954
9893
10000
9777
9408
10000
9939
9249
9978
9790
9849
9953
10000
9374
9242
9942
10000
9689
9503
9133
9820
9789
9629
9896
9906
9898
9465
9732
9964
9511
9952
9992
9962
10000
10000
9984
10000
9817
10000
9844
9349
9556
9501
9959
9772
9842
9712
10000
10000
9718
9940
9950
9911
9825
9612
9686
9566
9249
9788
9553
9823
9823
9656
9974
9588
9968
9529
9920
9986
10000
9872
10000
9981
10000
9487
9341
9742
9762
9989
9532
10000
9977
9870
9835
9736
9947
9887
9917
10000
9895
9747
9970
9950
9287
9979
9408
9849
9725
9896
9972
10000
9987
9975
10000
9876
10000
9919
9946
9596
10000
9992
9831
9803
9842
9899
9932
10000
9932
10000
9596
9691
9912
9681
9584
10000
10000
9880
9984
9870
10000
9913
9891
9148
9436
9989
9768
9749
9879
9956
9983
9984
10000
9780
9989
9842
9949
10000
9970
9966
9977
9914
9720
10000
9846
9231
9502
9958
9889
9986
9961
10000
9894
9932
10000
9942
9983
9767
9828
9982
9756
9482
9681
9807
9807
9832
9830
9426
9925
9919
10000
9909
9871
8754
9959
9644
10000
9732
9534
9812
9732
9716
9944
9808
10000
9925
9491
9971
9790
9776
9862
10000
9975
9752
9684
9845
9940
9978
10000
9813
9966
9899
9944
10000
9412
9543
9743
9948
9165
9795
9594
9980
9931
9563
10000
10000
9845
9574
9716
9568
9555
9528
9595
9918
9942
10000
9975
9802
9922
10000
8692
10000
9463
9961
9800
9445
9944
9984
9824
9920
9903
9615
9931
9795
9560
9746
9998
9943
9959
9910
9904
9774
9488
9513
10000
9984
9651
10000
9714
10000
9945
10000
9346
9530
9869
9392
9712
9891
9952
9896
9977
10000
9936
9844
9965
10000
9833
9905
9833
10000
10000
9883
9789
10000
9905
9900
10000
9671
9752
9953
9746
9718
10000
10000
9413
10000
9820
9945
9965
9786
9710
9848
10000
9933
9887
9535
9916
9542
9845
10000
10000
9884
9915
9595
9932
9851
9920
9958
9980
9977
9957
9697
9874
9884
9185
9803
9872
9623
9761
10000
10000
9993
9492
9589
9851
9024
10000
9519
9596
9981
9919
9622
9273
9798
9955
9959
9961
9845
9844
10000
10000
9049
9719
9943
9868
9959
10000
9970
9712
9919
9831
9657
8750
9787
9158
10000
9966
9793
10000
9524
9905
9805
10000
9628
9768
9974
9241
9031
9515
9646
9954
10000
9967
10000
9133
10000
9171
10000
9868
9985
9793
9977
9363
9955
9828
9484
9716
9586
9927
9979
9914
9579
10000
9839
9474
10000
9900
9570
10000
9988
9919
9855
9646
9981
10000
9966
9950
9970
9503
9699
9967
9271
10000
9886
9818
10000
9812
9983
9495
9284
10000
9978
9577
10000
9173
10000
10000
9945
9825
9856
10000
9581
9924
9233
9941
9960
9784
9877
9980
9737
9716
9146
10000
9946
9972
9028
9880
9913
10000
9687
9686
9974
9548
9881
9683
9704
9507
10000
9739
9906
9888
10000
8465
10000
9887
9952
9303
9973
9911
9616
9860
10000
10000
9966
9760
9934
9965
9949
9587
10000
10000
10000
9966
9885
9616
10000
9339
10000
9855
9961
9913
9756
9977
8862
9420
10000
9119
10000
9969
9872
9646
9072
9946
9921
9863
9908
10000
8951
9963
9164
9742
9994
9969
9990
9492
9955
9562
9148
9753
10000
10000
9983
9398
9983
10000
9010
9960
9966
9797
9842
9514
9855
9460
9651
9407
9633
10000
9749
9904
10000
9888
10000
9975
9757
9765
