10000
9888
9871
9700
9943
10000
9766
9988
9923
9971
9974
9362
9593
9527
10000
9860
9937
9969
9708
9402
9958
8629
9718
9988
9969
9169
9562
9700
9288
10000
9971
9664
9505
9114
9718
9963
9441
9130
9947
9913
9826
9888
10000
9680
9403
10000
9715
9854
9909
9226
9983
9424
9842
9782
9728
9922
9614
9832
9275
9951
10000
9705
9869
9890
9816
9986
9937
9055
9772
9677
10000
9932
9914
9856
9876
9986
9729
9541
10000
9349
9991
9616
9938
10000
9583
9527
9543
9841
9970
9612
10000
9983
9838
9756
9435
10000
9665
9483
10000
9897
9700
10000
9727
10000
9941
9495
9718
9882
9890
9722
9524
9594
10000
9295
9590
9869
9910
9908
9873
8932
9480
9974
9721
10000
9511
10000
9948
9432
9987
9985
9662
9892
9943
9398
9495
10000
9993
10000
9818
9993
10000
9860
9585
9952
9758
9903
9630
9812
9888
9456
9827
9857
10000
9507
8711
9910
9952
9814
9892
10000
9872
9974
9817
10000
9995
9676
9628
9841
9968
9668
10000
9560
9992
10000
9778
9772
9864
10000
10000
9989
9815
9968
9984
9150
9937
9712
10000
9977
9307
9667
9839
9505
9132
9984
9871
10000
9946
9876
8739
9925
9495
10000
10000
9829
9972
9776
10000
9405
9267
9093
9725
9711
9973
9997
9793
9925
9952
9330
9856
9749
9701
9193
9804
9664
10000
8862
9945
9402
10000
9960
9967
9966
9950
9808
9601
9940
9883
9963
9688
10000
10000
9948
10000
10000
10000
9359
9310
9280
9965
10000
10000
9769
9949
9860
9782
9974
9956
9926
10000
9823
9915
9969
9543
9925
9883
9738
9758
9705
9080
9953
9329
9988
10000
10000
8984
9805
9386
10000
9413
9846
9721
9668
9965
9365
9628
9778
9871
9918
9789
9275
9982
9760
9840
10000
10000
9796
9097
9738
9912
10000
9504
9713
9992
9491
9965
9406
10000
9984
9740
10000
9105
9972
9808
9881
9962
10000
9763
9877
9888
10000
9915
9944
10000
9957
9968
9927
9644
10000
10000
9767
10000
9956
9010
9972
9799
9923
9927
9839
9889
9900
9944
9932
9350
9844
9620
9785
9433
9962
10000
10000
9964
10000
9902
9747
9158
9978
10000
9890
9665
9943
9181
10000
9730
9977
9964
9979
9712
9969
9938
9501
9089
9930
10000
9911
9951
9882
9939
9959
9936
9391
10000
9911
9569
9839
9766
9724
9733
9972
9603
9769
9946
9432
10000
10000
9271
9148
9971
9684
9091
9153
9815
9678
9904
9919
9736
9966
9955
9848
10000
9638
9674
9788
9942
10000
9815
10000
9794
9940
9521
9443
9979
9417
9771
9994
9870
9545
9894
9223
9859
9964
9465
9891
9940
9204
9978
10000
9951
9939
9821
9883
9952
9971
9776
10000
9998
9929
9620
9436
9633
9275
9434
9971
9968
9890
9838
10000
10000
9973
9902
9827
9843
9836
9806
9761
9662
9903
9870
9799
9916
9696
9841
9980
9267
9831
9886
10000
9931
9904
10000
9748
8979
9834
9053
9857
9786
10000
10000
9901
10000
9833
9388
9868
9981
9939
9682
9561
9550
9914
9558
9963
9981
9857
9602
9761
9915
9919
9799
9984
9948
9470
9668
9978
9546
9512
9679
9270
9886
9626
9585
9570
10000
10000
9751
9802
10000
9255
9916
9750
9933
9516
10000
9930
10000
9938
9954
9947
9568
9795
9810
9341
9416
9885
9687
9960
9893
9833
9979
9953
9935
10000
10000
10000
10000
9906
9903
9959
9813
9662
10000
9955
9931
10000
10000
9925
9861
9937
9897
9987
9285
9430
9880
9762
9964
9932
9770
10000
10000
9531
9809
9375
9869
9884
9636
9778
9880
9957
9971
9745
9973
9928
9931
9886
9893
9881
10000
9983
9936
9975
9892
10000
10000
9875
10000
9544
9846
9591
9515
9950
10000
9767
9044
9239
9962
10000
9016
9462
9872
9558
9940
9384
9968
9977
10000
9483
9871
9779
9855
8867
9196
9983
9817
9585
9869
9965
9514
9786
10000
9533
9979
9991
9635
10000
9859
9183
9040
9643
10000
9596
9827
9992
9895
9987
9799
9953
9928
9446
9740
9959
10000
9937
9867
9662
9921
10000
10000
8843
9804
10000
10000
9905
9714
9588
9643
9553
9061
9622
9977
9853
9862
9969
9699
9684
10000
9862
9905
9785
9970
9539
9434
10000
8684
9617
9428
10000
9957
9938
9979
10000
9784
9871
9923
9658
9277
9984
9905
9971
9844
9460
9476
9887
9892
9584
10000
10000
9981
9815
9602
9982
10000
8987
9631
9836
9699
9834
9485
9939
9761
9332
9718
9687
9404
9621
9988
9767
9822
9642
9875
9943
9744
9964
9958
9578
9396
10000
9919
9973
9635
10000
9572
9726
10000
9333
9727
9696
9722
9669
9854
9941
10000
9611
9646
9892
10000
9744
10000
9779
9728
9951
9966
9917
9984
9822
9969
9822
9993
10000
9612
9481
9596
9949
10000
9721
9519
9945
10000
9988
9883
10000
9982
10000
9939
9997
10000
9768
9968
9694
9872
9637
9701
9946
9020
9600
10000
9707
10000
10000
10000
8851
9985
9893
9624
9893
9831
9945
9909
10000
9721
9708
9817
9968
9669
9137
9961
9948
9965
9654
10000
10000
9943
10000
9868
9832
10000
9924
9715
9928
9958
10000
9968
10000
10000
9407
9975
9804
9939
9853
9385
10000
9980
9096
9988
9894
9624
9531
10000
9408
8996
10000
10000
10000
9678
10000
9785
10000
9562
9912
9995
9843
9679
9078
9773
9912
9910
9850
9912
9757
9262
9609
9962
9954
9965
9909
10000
9738
10000
9915
9724
9965
9989
9634
9353
9895
9835
9822
9826
9588
9661
9834
9875
9691
10000
9248
9489
9780
9860
9673
9615
9993
9515
9405
9762
9980
9297
9417
9755
10000
9600
10000
8942
9953
9674
9648
9958
9516
9720
9322
10000
9921
9411
9806
9969
9788
9429
9553
8677
8993
9867
9024
9939
10000
9864
9936
9652
9846
9530
9984
9932
9619
9787
9395
10000
9450
9424
9743
9986
9956
9751
9893
9899
10000
9910
9996
9947
10000
9715
9561
10000
9813
9877
9216
9210
9850
9938
9965
9869
9638
9935
9882
9719
9741
9983
9933
9435
9658
9922
9549
9574
9942
10000
9779
9857
10000
9718
9199
9967
9870
9685
9305
9797
9969
