10000
9614
9762
9971
9026
9655
9589
9956
9976
9912
9769
9921
9821
9928
9902
10000
10000
9968
9643
9987
8910
9636
9816
9599
9967
9754
9956
10000
9844
9539
9560
9866
9119
9973
10000
9703
9876
10000
9079
9370
9959
9989
10000
9949
9967
9439
9941
9927
9985
9972
8539
9400
9882
9834
9364
10000
8971
9988
9982
9905
9430
9800
10000
9891
9946
9973
9807
10000
9538
9744
9781
9713
9587
9701
9935
10000
9962
9880
9987
10000
9965
9602
9821
9713
9895
9833
9985
9216
8739
9523
10000
9702
10000
9793
9955
9399
9935
9967
9831
10000
10000
9262
9893
9738
9796
10000
9939
9907
9751
9871
9836
9673
10000
9848
9760
9908
9993
9280
9978
9775
9895
9423
9849
9882
9887
9100
10000
9122
9911
9950
10000
9742
10000
9821
9927
9957
9915
9942
9462
9900
10000
9986
9500
9570
9739
9828
9536
9701
9727
9973
9671
9983
9970
9990
9436
9465
9932
9980
9968
9970
9885
8773
9965
9584
9874
9910
8930
10000
9994
10000
9926
9974
9978
9990
9960
9586
9648
10000
9922
9909
9968
9862
9437
9923
9912
9982
9916
10000
9596
10000
10000
9941
9157
10000
10000
9771
9569
9957
9876
9944
8609
9522
9915
9853
9170
9962
9988
9963
9226
9892
10000
10000
9839
9274
9543
9941
10000
9560
9680
9852
9487
9193
10000
9964
9948
9946
9841
9987
9969
9784
9927
9823
10000
9777
9988
9882
9727
9982
9743
10000
9978
9761
9964
9880
10000
10000
9889
10000
9740
9955
9315
9543
9935
9890
10000
10000
9714
9647
10000
9180
9924
9995
9971
9658
9966
10000
9907
10000
10000
9601
9933
10000
9847
9958
9971
9920
9836
9843
9994
9248
9827
10000
9760
9871
9822
10000
10000
9803
9383
9207
9796
9861
9643
10000
9740
9914
9970
10000
9981
9757
9593
9602
10000
10000
9283
9028
9970
9994
9969
9932
9966
10000
9943
9775
9716
10000
10000
10000
9921
10000
9771
10000
10000
9514
9872
10000
9658
9801
9473
9293
9960
9919
9551
10000
9767
9874
9790
9988
9481
10000
9511
9926
9877
9594
10000
9779
10000
9754
9423
9831
9792
9825
9937
9978
9993
9763
10000
8776
9982
9700
9977
9705
9933
9489
10000
10000
10000
9876
9211
9878
9239
9945
8828
10000
10000
9957
10000
9795
9876
10000
9572
9894
9675
10000
9733
9960
9982
10000
9905
9935
9903
9808
9729
9610
9548
10000
9049
10000
9802
10000
9715
9777
9971
9924
9860
9902
9869
9983
9141
9733
9746
9637
9939
10000
9919
9450
9221
9906
9619
9961
9492
9790
9748
9097
9897
9979
10000
9878
9785
9934
9481
9449
9781
9995
9838
9980
9285
9964
9437
10000
9741
9887
9963
10000
9847
9942
9947
10000
10000
10000
9324
9750
10000
9273
9817
9615
9498
9927
10000
9896
9581
9958
9571
10000
10000
9922
9949
9800
9866
10000
9861
9962
9937
9882
10000
9977
9925
9953
9959
10000
10000
9869
10000
9922
9870
9944
9908
9971
9564
9598
9934
10000
9619
9924
9859
9984
9769
10000
9687
9815
9253
9962
9964
9876
9874
9936
9575
9816
9930
9857
10000
9301
9955
9553
9964
9158
9701
9989
8819
9904
10000
9738
9715
9865
9208
9495
9853
9977
9777
9898
9997
9969
10000
10000
9516
9736
9333
10000
9965
9841
9717
9801
10000
9926
9532
9945
9665
9685
9785
10000
9322
10000
9689
9978
9946
9972
9736
9981
9580
10000
9641
8809
9561
9962
9126
10000
9740
9977
9596
10000
9251
10000
9981
9828
9910
9842
9319
9910
10000
9986
9934
9981
9935
9321
9420
9888
9382
9809
9580
10000
9969
10000
9568
9986
9970
9780
9945
9675
9256
9749
9718
9785
10000
9908
9422
10000
9772
9959
9395
10000
10000
9988
9988
10000
9843
9885
9523
9364
9533
9956
9709
9980
9964
9973
9096
9971
9937
9853
9771
9961
9911
9727
10000
9747
9786
9552
9564
9971
9893
9361
9743
9970
9796
9910
9894
10000
9305
9506
9981
9721
9398
9611
9826
9959
9492
9177
9047
9550
9994
9981
9675
9970
9916
9771
9945
10000
9900
9662
9866
9573
9619
9809
9972
9994
9540
9810
9949
9546
9788
9478
9970
9455
9722
9161
10000
9504
9961
9858
9935
10000
9856
9557
9966
9291
9356
9727
9534
9743
9936
9790
10000
9960
10000
9887
9641
10000
9907
9977
10000
9934
9882
9942
9683
9933
9952
9535
9890
9783
10000
9301
9920
9548
10000
9981
10000
9819
9864
9972
9972
9884
9997
9029
9607
9975
9989
9763
9863
9985
9826
9915
9706
10000
9906
9536
9649
9147
9763
9981
9975
8992
10000
9842
9896
9836
9939
9954
9740
9920
9964
9647
9784
9646
9259
9151
9887
9751
10000
10000
9970
10000
9692
9958
9944
9921
10000
9962
10000
9968
9885
10000
9942
9815
10000
9868
9368
9710
10000
9951
9904
9936
9930
9642
9837
9884
9951
9692
9417
9905
10000
9448
9974
9864
9467
9853
8354
9925
9973
9962
9924
10000
9960
10000
9854
9664
10000
9186
10000
9517
9727
9204
9986
9799
9829
9721
9754
9884
9410
9515
9986
9394
9795
9937
9537
9655
9845
9087
9536
9953
9951
9990
9482
9816
9832
9938
9962
9767
9347
9818
10000
9158
10000
10000
9850
9867
9398
9737
9853
9937
9988
9958
9984
9937
9823
10000
9902
9808
9996
9945
9888
9887
9520
10000
9695
9945
9263
9943
9685
10000
9613
9913
9870
9936
9879
9356
9986
10000
9980
9964
10000
9560
10000
10000
9471
9800
10000
9237
10000
9837
10000
10000
10000
10000
9889
9067
9456
9440
9620
9821
9962
9639
9726
10000
9681
9961
9746
9566
9755
10000
9718
9868
9938
10000
10000
10000
9820
10000
9832
9894
9512
9996
10000
9779
9923
9577
9957
9408
9825
9694
10000
9861
9968
10000
9894
9987
9703
9763
9977
9979
9673
9422
9097
9832
9916
9917
9974
10000
9905
9812
9171
9907
9869
9739
9514
9983
9934
9220
10000
9926
9946
9749
9881
9592
9700
9957
9450
9983
8999
9928
10000
9906
9063
9802
9861
9920
9347
9184
10000
9714
9910
9973
10000
9631
9858
9911
9009
9759
9045
9999
9881
9557
