9549
9961
9960
9034
9968
9872
9970
9870
10000
9567
9604
9914
9890
9924
9256
9738
9972
9962
9401
9325
10000
9715
10000
9538
9665
9206
9650
9857
9956
9360
9865
9784
9343
10000
10000
10000
9234
9960
9963
9802
9787
9790
9928
9933
9393
10000
9768
9582
9321
9485
9775
9764
10000
10000
9959
9907
10000
9512
9903
9185
9943
9929
9924
9949
10000
9786
9976
9760
9350
9504
9997
9883
9436
9748
9909
9692
9728
9895
9192
9635
9671
9780
10000
9357
9774
9755
9375
9614
10000
10000
9838
9847
9975
9552
9755
9965
9828
9456
9811
9641
9915
9840
9025
9977
9750
10000
9971
9575
9101
9990
9992
9858
9901
9368
9569
10000
9945
9481
9452
9889
10000
9984
9493
9677
9842
9692
9846
10000
9963
9865
9926
9497
9924
9915
9778
9728
9911
9678
9978
9847
9971
10000
9960
9844
9935
9451
10000
9202
9992
9931
9644
9957
9568
9711
10000
9956
9876
9985
9696
10000
9234
9954
9055
9876
10000
9798
9990
9697
9823
9976
9995
9970
9941
9971
9790
9911
9844
9996
9091
9975
9957
9975
9585
10000
9929
9774
10000
9971
9514
9353
9983
9954
9932
10000
10000
10000
9390
9763
10000
9709
9891
9887
10000
9965
9761
10000
9602
9252
9948
9904
9638
9986
9754
9863
9983
10000
9961
9652
10000
9616
9849
9878
9648
9931
9866
9632
10000
10000
9981
9968
9932
9108
9798
9786
9817
9948
9797
9919
10000
9718
9962
9949
9656
10000
9503
9429
9914
9715
9981
9915
10000
9663
9868
9539
10000
9809
9921
9979
9588
9922
9801
9709
9372
9823
9748
9080
9657
9193
9901
9854
10000
9528
10000
10000
10000
9840
9396
9920
9865
9604
10000
9982
9973
9787
10000
9962
9479
9492
9738
10000
9890
9588
9117
9857
10000
9771
9936
9972
10000
9839
9506
9709
9910
10000
9284
9993
10000
9976
9984
10000
10000
9955
10000
10000
9540
9323
9973
9370
9726
9965
9118
10000
9682
9985
9876
9963
9989
9884
9235
9991
9688
9788
9407
9961
9652
9920
9637
9936
10000
9909
9768
9965
9430
9681
10000
9980
9981
10000
9641
9883
9841
9045
9953
10000
9890
9585
9862
9990
9903
8984
9979
10000
9524
10000
10000
9882
9917
9722
9966
9408
9938
9674
9995
9981
9678
9387
10000
9936
9981
9564
9379
9745
9902
10000
9840
9959
10000
9662
9991
9957
9881
9906
9668
9841
8715
9898
9707
9985
9941
9904
9954
9865
9816
9475
10000
9989
10000
9958
9667
9887
9398
9422
9956
9540
9980
9985
9911
9943
10000
9330
10000
10000
9879
10000
9963
8967
9912
9960
10000
9616
9919
9914
9555
9712
9614
10000
9890
10000
9668
9882
9874
9969
9873
9872
9853
9988
10000
9962
9891
9560
9876
9987
9954
9958
9600
9485
9959
9951
10000
9062
10000
9896
10000
9871
10000
9370
10000
9884
9874
9796
10000
10000
9919
10000
10000
9981
10000
9079
9923
9894
10000
10000
9987
9771
9599
9910
9312
9833
10000
9667
9856
9790
9919
9991
9419
9491
9985
9965
8922
9965
9828
9979
9911
9726
9838
9815
10000
10000
9946
9428
9973
9968
9598
9546
9771
9789
9865
9894
10000
9971
10000
9845
10000
9954
9670
9513
9889
10000
9647
9793
9563
9829
9970
10000
9542
9922
9807
9893
10000
9792
9436
9781
9734
9304
9666
9706
9896
10000
9981
9777
9944
9215
9956
9928
9645
9934
10000
9613
10000
9926
9267
9815
10000
10000
9909
9950
9644
8953
9957
10000
9989
9915
9957
9912
9085
9961
10000
9980
10000
8919
9099
9945
9975
9953
9616
9825
9519
9957
9979
9915
9849
9893
9306
9949
9697
9959
9717
9901
9775
9658
9534
10000
9812
9374
10000
9383
9964
9720
9988
9913
9813
9979
9670
9736
9606
9969
10000
9855
9833
9937
9763
10000
9879
9984
10000
9608
9898
9773
10000
9999
9782
9956
9820
9324
10000
10000
9148
9411
9894
9694
9955
9852
9841
9980
9624
9958
9889
9977
9554
9474
9724
10000
9961
9827
9957
9737
9876
9991
9943
9531
10000
9857
9773
9624
9874
9866
9952
9741
9688
9935
10000
10000
10000
9777
9887
9894
9808
9535
10000
10000
9808
9875
9617
9996
10000
10000
9844
9942
9876
9984
9544
9297
9919
9883
9912
9895
9810
10000
9707
10000
9992
9666
9906
9968
9571
9523
10000
9730
9825
8968
10000
9993
9502
9587
9978
9807
9894
9926
10000
9970
9956
9712
9967
9817
10000
9926
10000
9446
9964
9692
9988
9717
9793
10000
9941
9054
9843
9989
9529
9914
10000
9692
9874
9761
10000
9854
9775
10000
9968
9893
9806
9514
9630
9960
10000
9950
10000
9892
9938
9984
9840
9534
9968
9887
9773
9444
9537
10000
10000
9909
9654
10000
9792
9851
9721
9886
9579
9776
9973
10000
9921
9773
9966
9841
9984
9915
9854
9941
9831
9987
9860
9887
9281
9502
9997
9693
9023
9854
9901
9932
8236
9905
9692
9696
9761
9938
9331
9981
10000
9974
9781
10000
9237
9998
10000
9980
9330
9563
9976
9790
9946
10000
9774
9601
9940
8785
9481
9846
9652
10000
9744
9752
9765
9420
9730
9950
9830
9957
9832
9856
10000
9475
9755
9910
9657
9273
9854
9737
10000
9488
9563
9673
10000
10000
9447
9975
10000
9168
9207
9718
9961
10000
9531
9778
9971
9498
9826
9560
10000
9835
10000
9947
9630
9981
9539
9511
9857
9136
9882
9814
9914
9923
9793
9722
9994
10000
9948
9756
10000
9952
9175
9988
9703
8893
9349
9835
10000
9919
9906
9956
9988
9928
9636
10000
9991
9949
9797
10000
8935
9978
10000
10000
9879
9280
10000
9837
10000
9807
10000
9920
10000
9827
9980
9822
9292
9789
9960
9821
9386
9962
9867
9992
9567
9981
9904
10000
9897
9927
9973
9900
9967
9915
9811
9928
9882
9865
9905
10000
9333
9788
9660
10000
9806
9970
9348
10000
9514
9569
10000
9981
9677
8998
9977
9315
9984
9947
9882
9921
9934
9363
9852
9271
9709
10000
9889
9855
9956
9884
9800
10000
9577
9985
9731
10000
9942
9871
9847
10000
9709
9621
9137
10000
10000
9463
9819
9969
9991
9916
9984
9476
