9924
9747
9896
9957
9531
9956
9280
9731
9972
9950
9944
9624
9569
10000
8802
9984
9699
9705
8919
9286
9462
9445
10000
9832
9971
9972
9921
9802
9520
10000
9923
9925
10000
10000
9451
10000
9819
9798
9774
9762
9983
9880
9952
9901
10000
9839
10000
9909
9214
9688
9815
10000
8471
9954
9931
9763
10000
9639
9962
9812
10000
9972
10000
9932
9920
9893
8976
9944
9968
9346
9958
9631
9674
9295
9822
9844
9053
10000
9856
10000
9985
9972
9618
9896
9625
9990
9366
9935
9989
10000
9146
9928
9878
9959
9725
10000
9843
9813
9810
9817
9927
9883
9937
9760
9752
9871
9773
9913
9886
9925
9904
9979
9915
9577
9886
9959
9801
9402
9820
9672
9927
9766
9675
10000
10000
9850
10000
9985
10000
9941
10000
9991
9774
9789
9674
10000
9407
9738
9699
9933
9963
9801
9628
9584
9677
9921
9606
9983
10000
9422
9879
10000
9520
9774
9606
9848
9933
9856
9958
10000
9789
9661
9944
9677
9452
9822
9983
10000
9869
10000
9614
9994
9948
9924
9851
9911
9742
9853
9941
9960
9931
9821
9952
9871
9936
9798
9257
9764
9805
10000
9517
9811
10000
9812
9878
9870
9981
10000
9942
9679
9832
9818
9613
9801
9929
10000
9765
9944
9969
9334
9752
10000
9739
10000
9893
9025
9898
9983
10000
9955
9969
10000
9972
10000
9494
9418
9928
9869
9519
9077
9604
8978
9554
9977
9895
9927
10000
9933
9663
9956
9592
9853
10000
9924
9680
9924
10000
9702
9974
9802
9446
9951
9758
10000
9939
10000
10000
10000
9787
9943
9318
9978
9964
10000
9966
9530
9955
9990
10000
9855
9982
9624
8837
9935
10000
9896
9950
10000
9521
9268
10000
9114
9767
10000
9828
9731
10000
9765
9810
9654
9745
10000
9980
10000
9842
10000
9348
9803
10000
9963
10000
10000
9656
9419
10000
9956
9581
10000
9992
10000
9645
9769
9850
9852
9962
9613
9792
10000
9830
10000
9715
9958
9864
9953
9694
9918
9933
9904
9667
9643
9515
9670
9702
9909
9905
9766
9995
9775
9285
9985
9900
9721
10000
9974
9959
9913
9417
10000
9527
9862
10000
9945
10000
9754
9953
9718
9226
10000
9992
9945
10000
9873
9935
8996
9999
9966
8975
9990
9548
9381
10000
9913
9941
8963
10000
9904
9963
9964
9830
9442
9661
9910
9940
9703
9795
9972
9966
10000
9951
10000
10000
9637
9722
9806
9565
10000
9629
9981
10000
9825
9994
9801
9899
9431
9754
9904
9841
10000
9960
9969
10000
9981
9873
9933
9343
9809
9959
9268
10000
9905
9842
9726
9965
9981
9088
9898
9910
9952
9735
9708
9789
10000
9966
9692
9972
9830
9924
9432
9962
9964
10000
9409
10000
9775
10000
10000
9862
9313
9961
9866
9797
10000
9987
9847
9221
9893
9763
9320
9890
9951
9726
9752
9879
9514
9817
9567
9961
9405
9078
9799
9888
9940
9975
9986
9874
9875
9977
9941
9919
10000
10000
9473
10000
9901
9949
9776
10000
9042
9996
10000
9809
9214
10000
9899
9219
9752
9583
10000
9877
9636
9596
10000
9955
10000
9886
8946
9417
10000
9957
10000
9703
9800
9991
9666
9957
9824
9800
9954
9945
9589
10000
9647
9708
9740
10000
9896
9978
9556
9921
9658
9785
9975
9851
9990
9902
10000
9901
9988
9977
9716
9895
9961
9962
9858
9919
9908
10000
9938
9237
10000
9017
9375
8747
9684
9700
9849
9990
9931
9956
9593
9970
9722
9269
9962
9198
9582
9867
9751
9824
9530
9737
9709
9930
9958
9878
9989
9343
9391
10000
9893
9955
9197
9035
10000
9573
10000
9911
9917
9648
9724
9462
9761
9860
9944
9374
9855
9983
9914
9706
9946
10000
9767
9775
9978
9969
9844
10000
10000
9901
9990
9703
8785
9597
10000
9777
9628
9791
9915
9618
9802
9467
10000
9585
9654
10000
9738
9875
9534
9316
8443
9837
9043
9684
9784
9971
10000
9510
10000
9952
9179
9931
9578
9756
10000
9439
9071
9886
9975
9890
9298
9854
9770
9965
9284
9958
9964
9545
9966
9519
9981
10000
9975
10000
9919
9975
9957
9622
9589
9756
10000
10000
9973
9588
10000
9546
9127
9977
9686
9410
10000
10000
9542
9856
9830
9945
9585
9396
9689
9306
9987
9609
9571
10000
9947
10000
9466
9496
9828
9706
9883
8776
9539
9990
9530
9880
10000
9779
10000
9705
9581
9958
9833
9034
9985
9359
9481
9522
9942
9980
9952
10000
9928
9511
9908
9801
9792
10000
9178
9416
9713
9786
9987
9964
9977
9710
10000
9801
9625
9910
9898
9726
9871
9968
9970
9516
9860
9967
10000
10000
9972
9847
9854
10000
9122
9690
10000
9957
9991
9064
9940
9246
9554
9742
10000
9975
9612
9983
10000
10000
9870
9980
9871
9422
10000
9562
9884
9825
9553
9947
9408
10000
9321
9747
9914
9748
9990
9979
9770
9646
10000
9714
9891
9977
9631
10000
10000
9195
9685
9998
10000
9741
9963
9491
9927
9953
9968
9783
9687
9344
9911
9681
10000
10000
9983
9059
10000
10000
9494
10000
9644
9451
9975
9604
9930
9672
9988
9986
9855
9781
9525
10000
9805
9814
9917
9811
9751
9669
9864
9941
10000
10000
9986
9665
9650
9987
9873
9907
9784
9284
9761
9985
9591
10000
9892
9770
9966
9943
9859
9913
9857
9980
9847
9833
9735
9985
9873
9355
9939
9920
9019
9748
10000
9861
9833
9956
9827
9706
9966
10000
9966
9721
9899
10000
9634
9966
9447
9872
9978
9779
10000
9238
9943
9955
9846
9943
9833
9961
9909
10000
9795
9838
10000
9744
9956
9538
9851
9963
9129
9877
9988
9920
9976
9936
9983
10000
9677
9990
9984
9766
9450
9994
9930
9970
10000
9702
9782
9887
9997
9933
9983
9850
9530
8783
9692
9641
9803
9793
9953
9599
8620
9954
9658
9890
9869
9896
9732
9783
9986
9889
9877
8562
10000
9507
9854
9881
9920
9930
10000
9739
9375
9880
9663
10000
10000
9921
10000
9701
9638
10000
9900
9723
9920
9942
9537
9735
9992
9810
9945
9952
9352
10000
10000
9740
9969
10000
9880
9639
9988
9725
9895
10000
9398
9444
9911
9571
9824
10000
10000
9975
9365
