9982
9989
9949
9685
9896
10000
9980
10000
10000
9605
9075
9767
9950
9734
9907
9823
9907
10000
9974
9881
9514
9935
9893
9924
9801
9666
9897
9325
9948
9266
10000
9799
9855
9795
9903
9951
9966
9150
9896
9784
9122
9932
9972
9270
10000
9692
9328
9745
9873
9611
9983
9725
9945
10000
9395
9941
9914
10000
9233
9973
9446
9993
9609
9953
9970
9517
9976
9886
9561
9899
10000
9596
10000
9918
9257
9867
9951
9795
9612
9622
9859
9958
9806
9547
9446
9980
9423
9532
9948
9641
9923
9976
9985
10000
10000
10000
9909
9988
9951
9945
10000
9855
9990
9900
9967
9980
9610
9427
10000
9371
9926
9628
9706
9822
9687
9772
9129
9891
9917
9865
9949
10000
9632
9041
9709
9474
9914
9957
9962
9913
9968
9896
9900
9672
9849
9736
9670
9958
10000
9871
9513
8960
10000
9656
9979
9861
9519
9847
9173
9901
9768
9886
9969
9838
9998
9333
9819
9719
10000
10000
9096
9906
9977
9972
9980
9945
10000
9830
9525
9584
10000
9966
9696
9726
9288
9838
9964
9207
9521
9808
9982
9971
9247
9973
9965
9967
9748
9925
9967
9807
9839
9300
10000
9245
9903
10000
9918
9962
9841
9670
10000
9823
9866
9990
9645
9821
9810
9188
9868
9907
9256
9922
10000
9746
9865
10000
9750
9962
10000
9936
9443
9099
10000
9820
9974
9904
9605
9870
9448
9540
9905
9980
10000
9738
9853
9899
9618
9371
9110
9978
9878
9950
9584
9966
10000
9845
9650
10000
10000
9834
9976
9423
10000
9811
9858
10000
9612
9270
9606
10000
9935
10000
9765
9423
10000
9842
9857
10000
9968
10000
9960
9839
9977
9801
9893
9891
9984
8961
9660
9046
10000
9960
9791
8550
9989
10000
9740
9880
9904
9892
9898
9858
9201
9856
9868
9656
9331
10000
9922
9861
9724
9913
9965
9900
10000
9467
9773
9967
9968
9721
9596
10000
9937
9872
10000
9925
9916
9880
9670
9941
9230
9939
9970
9959
9589
9820
9857
9918
9951
9425
9134
9305
10000
9771
9320
9894
10000
9936
9922
9316
10000
9448
9821
9128
9859
9779
9755
9517
10000
9928
9333
9895
10000
9698
9930
9910
9826
10000
9698
9662
9772
10000
10000
10000
9721
10000
9462
9959
9618
9617
9873
9941
9137
9695
9783
9839
9764
9484
9948
9855
9950
9612
9356
10000
9739
9874
9751
9790
9966
9910
9887
9967
9413
9893
10000
9604
9852
9954
9970
9987
9873
9792
9975
9946
9676
9626
9460
9892
10000
10000
10000
9650
9133
10000
9768
9589
9889
9824
9388
9026
9975
10000
9967
9875
9362
9808
9700
9973
10000
9964
9574
9955
9646
9944
9903
10000
9639
10000
9900
9338
9952
10000
9793
9874
9513
8976
9966
9958
9853
9523
9985
10000
9630
9981
10000
9806
9868
9894
9165
9945
10000
9832
10000
9975
9944
10000
9968
9865
9472
9794
9937
9961
9817
9959
9963
9508
9730
8963
9996
9507
9912
9794
10000
9993
10000
9134
9700
9167
9564
9682
9955
10000
9730
9359
9730
9931
10000
9975
9272
9896
9584
9807
9488
9924
9975
9580
9693
9966
9865
9875
9975
9767
10000
9710
9991
9992
9676
9891
9962
9996
9824
9467
9128
9858
9853
9751
9952
9803
9049
9531
9709
9788
9923
9613
9793
9900
10000
9801
9604
9497
9980
8929
9269
9466
9978
9804
9901
10000
9876
9913
10000
9421
9551
9943
9382
9875
9899
9868
9206
9862
10000
9994
9958
9778
9717
10000
10000
9903
9595
9899
9252
9862
10000
10000
9801
10000
9821
9444
9450
9704
9973
10000
9995
9934
9094
9149
9839
10000
9798
9718
9824
9905
9789
10000
9522
9952
10000
10000
9239
9820
9978
9804
9984
9962
9816
10000
9785
10000
10000
9652
9928
9894
9527
9812
9800
9945
9773
9065
9226
9941
9741
10000
9737
9581
9796
9604
9690
10000
9848
9951
10000
10000
9973
9932
9972
9776
10000
9987
9713
9810
9948
9837
9866
9626
9897
9830
10000
9608
9836
9628
9985
9804
9502
9678
9650
9910
10000
9406
9968
9876
9936
9659
9961
9977
9675
9952
9756
9952
9979
9959
9951
9997
9977
9544
9559
9642
9927
9742
9601
9970
9770
10000
9949
9950
9911
9474
9530
10000
9249
9460
9951
10000
10000
10000
9402
9078
9550
9680
9765
9503
9744
10000
9580
10000
9898
9640
9958
9980
9602
10000
9729
8786
9928
9651
9838
9987
9923
9815
9636
9962
9959
9824
9977
9910
9697
9454
9963
10000
10000
9980
9624
10000
9393
9986
10000
10000
9746
9266
9712
9883
9955
9825
9961
9478
9444
10000
9947
10000
10000
9902
9626
9968
9903
9808
9927
10000
10000
9824
9595
10000
9578
9849
9023
9903
9883
9972
9900
10000
10000
9949
9895
9814
9751
9906
9806
10000
9314
9965
10000
9918
9938
9847
9797
9765
9967
9910
9822
9882
9951
9753
9829
9972
9698
9034
10000
9166
9986
9569
9907
10000
9770
9289
9896
10000
9103
10000
9817
10000
9954
9557
10000
9872
10000
9158
9915
9131
9826
9938
9626
9965
9787
9639
10000
9547
9180
9916
9408
9830
9740
9957
10000
9514
10000
9203
9643
9914
9527
10000
9922
9981
9860
9969
9612
9959
9840
10000
9649
9958
9557
9968
9570
9650
9984
9535
10000
9763
9689
9949
9179
10000
9220
10000
9934
9938
9972
9419
9809
9993
9579
10000
9979
9730
9989
9217
10000
9753
9123
9945
9453
9733
10000
9969
9945
9990
9619
9897
10000
9780
10000
10000
10000
9499
9931
9807
9758
9841
9524
9946
9672
9828
9938
10000
10000
9924
9761
9836
9814
9929
9801
9796
9943
9867
10000
9885
10000
9358
9746
9835
9686
9957
9065
9279
9957
9952
9810
9835
9857
10000
9963
8732
9910
10000
9804
9875
9900
9972
9954
9855
9973
9481
9517
9371
9650
9482
9843
9870
10000
9857
9880
9936
9541
9945
9985
10000
9555
9641
9888
9520
9694
9732
9937
9926
9713
9950
9886
9766
9670
9936
10000
10000
9791
9922
9982
9903
9672
9976
9895
9489
8947
9433
9728
9717
9937
9904
10000
10000
9684
9702
10000
9921
9177
9975
9968
9831
9872
9860
9816
9315
9913
9631
