9925
9816
9676
9000
9974
9941
9843
9886
9661
9748
9530
9846
9995
9772
10000
9315
9322
9167
9268
9959
9592
10000
9975
9706
9953
9919
9892
9847
9959
9769
9895
9873
9932
9846
9865
9574
9692
10000
9370
9200
9015
9783
9928
9561
9624
9730
10000
9990
9483
9659
9944
9921
10000
9916
9862
9329
9697
10000
9972
9347
9917
9422
9966
9787
9927
10000
9931
9874
9935
9765
8821
9629
9972
9271
9593
9886
9748
10000
9649
9632
9620
9943
9541
9970
9966
9329
9894
9878
9873
9874
9489
9960
10000
9614
9919
9900
9816
9957
8875
9997
9659
9986
9536
9803
9317
9968
9971
9934
9965
10000
9982
9961
9891
9930
9955
9943
9890
10000
9986
9817
9222
9635
10000
9951
9843
10000
9268
10000
10000
9989
10000
8810
10000
9792
9439
9410
10000
10000
9989
10000
8999
9239
9448
9910
9918
9938
9914
9919
9738
8610
10000
9814
9793
9889
8915
9874
9922
9794
8817
9626
10000
9951
10000
9560
9651
9943
9577
9447
9858
9225
10000
10000
9756
9419
9888
9655
9477
9989
9768
9829
9881
9799
9955
9862
9990
9889
9929
10000
9275
9804
9944
9492
10000
9914
9182
9842
9990
9621
9999
9511
10000
9753
9563
10000
9863
9719
10000
9798
9843
10000
9855
9946
9619
10000
9439
9879
9649
9951
10000
10000
9765
10000
10000
9952
9758
9916
9668
9893
9928
9668
9664
9778
9733
9939
9781
9957
9903
9840
9846
9422
9629
9844
9973
10000
9731
9895
10000
10000
10000
9697
9599
9998
10000
9949
9914
9950
10000
9025
10000
9961
9772
10000
9292
9331
9491
10000
9910
9787
9977
10000
9926
9886
9889
10000
10000
10000
9978
9663
9726
9660
10000
10000
9935
10000
9521
9988
9694
10000
9936
9986
9528
10000
10000
9954
9995
9595
9882
9814
10000
9693
10000
9904
9128
9629
9980
8653
9691
9977
10000
9881
9627
9699
9909
9652
10000
10000
9967
9984
9814
9630
9528
9946
9937
10000
10000
9965
9939
10000
9971
9893
10000
9973
9823
9800
10000
9513
10000
9796
9769
9847
9979
10000
9969
10000
9893
9712
10000
9880
9847
9557
9793
10000
9849
10000
10000
9814
9883
9715
10000
9994
9792
9823
9767
9707
9955
9393
9776
9887
9925
9372
10000
9740
8987
9843
9448
9976
9779
9219
9472
9845
10000
10000
9661
9915
9799
9960
9980
9921
9923
9966
10000
9215
9779
9903
9946
9512
10000
9509
9561
9941
9764
9862
9128
9902
10000
9934
9919
9919
10000
9313
9945
9352
9787
9971
9745
9741
9877
10000
10000
9491
10000
9920
9988
9914
9927
9758
9820
10000
9553
9949
9497
9919
9962
10000
9452
10000
9691
9987
9896
10000
10000
10000
9867
9450
9961
9884
9550
9969
10000
9497
10000
9705
9834
9196
9991
9992
9940
9425
9604
9267
9995
10000
9976
9697
9967
10000
9947
9170
9714
9906
9833
9715
9114
8967
10000
9959
9339
9949
9483
9378
9811
9957
9469
9886
9950
9606
9940
9795
9439
9943
9832
9796
9868
10000
9916
9297
9978
9940
9941
9888
9808
9674
9939
10000
9737
10000
10000
9994
9861
9535
9558
9621
9390
10000
10000
9943
9512
9910
9918
9668
9909
9436
9979
9558
9883
10000
9664
9907
9967
9945
10000
9859
9427
9418
9893
10000
10000
9737
9181
9869
9943
9694
9897
9419
9865
9866
9227
9942
9716
9739
9727
9880
9744
9579
9860
9925
9924
9692
9948
9487
9862
9943
9745
9803
9938
9987
9951
10000
10000
9784
9869
9794
9955
8990
9044
9993
9492
10000
10000
8966
9650
9513
9598
9999
9953
9660
9517
10000
9896
9382
10000
9353
9546
9672
9388
9291
9971
9580
9797
9644
9937
9076
9935
9042
9984
9877
9911
9966
9884
9555
9973
9956
9894
9220
9610
9701
9557
10000
9744
9824
9907
9954
9832
9946
9060
9925
9762
9434
9969
9992
9574
9707
9987
9666
10000
10000
9914
9997
9901
9999
10000
9829
9981
9897
9835
9939
10000
10000
9903
9630
9399
9368
10000
9693
9956
9828
9775
9814
9918
9893
10000
9994
9902
9149
9909
9949
9165
10000
9129
10000
9226
9421
9967
9472
9819
9838
9441
9858
10000
9827
9974
10000
9145
10000
9520
9758
9917
10000
9765
9875
10000
9952
9931
10000
9258
9915
10000
9692
9809
10000
9855
9764
9323
9755
9151
9804
9849
9941
9974
9753
9855
10000
9287
9720
9635
9934
9978
9651
9514
9019
10000
9802
10000
9418
9939
9542
9673
9298
9807
9936
10000
9836
10000
9625
9899
9654
9967
10000
10000
9865
9890
9679
9579
9981
10000
9591
9533
9951
9953
9771
9914
10000
9414
9975
10000
9954
9742
9872
9634
9518
9895
9726
10000
9917
9958
9980
10000
9919
9907
9979
9853
9974
9588
9951
9905
9975
9816
9986
9972
9828
10000
9964
9273
9857
9372
10000
9857
9714
9472
9888
9894
9969
9895
9894
9862
10000
9967
10000
9947
9853
9941
10000
8681
9841
9532
9883
9721
9010
9982
9920
9932
10000
9518
9957
9683
10000
9865
9562
9980
9535
9948
9818
9988
9285
9851
9960
9967
9964
9906
9959
9716
9021
9781
9273
9763
9602
9794
9879
9787
9987
10000
9881
9959
10000
10000
9579
9972
9883
9976
9970
9841
10000
9923
9955
9899
9951
9702
9929
9975
10000
10000
9846
9927
10000
10000
9980
9944
10000
9648
9965
9467
9876
9933
9275
10000
9757
9615
10000
9959
9874
9639
10000
9891
9927
9218
9607
9600
9878
9632
9080
10000
9530
9907
9627
9882
9949
9895
10000
9543
10000
9196
9911
9427
10000
10000
9866
9959
9810
9910
9918
9929
9629
10000
9843
9955
9910
9947
10000
9937
10000
9766
9844
9924
9990
9932
9240
8814
9778
10000
9930
9851
9973
9903
9820
9584
10000
9442
9827
9694
9864
9899
9871
9298
9979
8876
9791
9216
9741
9985
9950
9939
9530
10000
9967
9911
9680
9729
10000
9655
9949
10000
9971
9895
9992
9970
10000
9297
10000
9862
8985
9654
10000
9868
9843
9956
9410
9980
9983
9988
9238
9851
10000
9944
9986
9911
9940
9996
9764
9680
9885
9836
10000
9857
9938
9724
9985
10000
9870
9968
9992
