9656
10000
9910
10000
10000
9874
9372
9945
9563
9646
9933
9789
9970
9997
9830
9950
9982
9831
9540
10000
9546
9983
9735
9782
9741
9661
9280
9972
9758
9073
9707
9632
9370
10000
9629
9984
10000
9784
10000
9964
10000
9261
9950
9884
9313
9919
9940
9993
9558
9770
9024
9707
9785
10000
9943
9532
9557
9838
9903
10000
9483
9736
9787
9963
9607
10000
9524
10000
9908
9968
9889
9823
9725
9876
9826
9718
9558
9885
9814
10000
9752
9839
9788
9664
9861
9914
9923
10000
9421
10000
9964
9936
10000
9865
9964
10000
9558
9996
10000
9725
9968
9641
10000
9963
9940
9971
9940
9955
9627
9546
10000
9136
9821
9973
9926
9898
9346
9515
9922
9530
9558
10000
9371
9848
9543
9731
9939
9887
9466
9635
9857
9585
9654
9563
9932
9430
9983
9991
9765
8870
9853
9567
9957
9708
9982
9727
9976
9528
9784
9812
10000
10000
9768
10000
9838
10000
9076
9146
10000
9504
9649
9779
9972
9494
9571
9648
9424
9949
9602
9952
9870
9849
9982
9633
10000
9953
9944
9844
10000
9990
8923
9980
9868
9706
9956
9991
9889
9656
10000
9797
9805
9881
9941
9943
9337
9978
9465
9942
9915
9958
9995
9732
10000
9787
9953
9909
9998
9837
9601
9981
9983
9988
9618
9967
10000
9993
9768
9956
9978
9701
9352
9692
9857
10000
9563
9638
10000
9618
9928
9922
9995
9749
9703
8865
10000
10000
9993
9933
9682
9972
9957
9776
9852
9859
10000
9811
10000
10000
10000
10000
10000
9669
9958
9950
9486
9722
9899
9002
9572
9885
9961
9883
9759
9811
10000
9937
9923
9841
9842
9669
10000
10000
9945
9382
9947
9773
9961
9992
9989
9949
9919
8620
9640
9604
9886
9663
9965
9819
9840
9729
9537
9902
9745
9586
9799
9901
9391
10000
9939
9450
9721
9955
9097
9919
9965
10000
9979
9933
9966
9928
9074
9110
10000
9538
9620
9971
9994
9985
10000
9953
9848
10000
9883
9618
10000
10000
9490
9906
10000
9861
10000
8889
9946
10000
9975
9588
9936
9999
9666
9835
9971
9765
9485
9789
9951
9814
9755
9695
9260
10000
9750
9791
10000
9962
9747
9848
9950
9798
9696
9816
10000
9909
10000
9712
9847
9924
9668
9860
9882
9998
9592
10000
9863
9773
9945
9877
9974
9577
9147
9986
9956
9942
9490
9724
9869
10000
9019
9701
8923
9961
10000
9953
9960
9805
9884
9669
9908
9802
9910
9823
9981
10000
9964
8822
9954
10000
9304
9617
9700
9950
8915
10000
10000
9713
9956
9930
9361
9985
9514
9813
9891
9892
9141
10000
9428
10000
9656
9956
9197
10000
10000
9456
9673
9967
9828
9924
9995
10000
9961
9890
9833
10000
9971
9609
9591
9651
9970
9944
9860
9841
9840
9925
9388
9922
9977
9776
9356
9813
9902
9961
9922
9987
10000
9875
9962
9982
9887
10000
9634
10000
9843
9954
9794
9971
9918
9949
10000
9840
9591
9951
9758
9810
9869
10000
9966
10000
9991
9992
10000
9827
9950
9872
9975
9640
9921
10000
9636
9908
9754
9940
9871
9979
9728
9396
9748
9521
9772
9917
9874
9656
10000
10000
9764
9740
9438
9733
9935
9851
9959
9934
9800
9457
9674
9761
9976
9682
9896
9925
9451
9871
9826
9757
9570
9756
9588
9221
9948
10000
9985
10000
9888
9694
9443
10000
9928
9679
9900
9413
9452
9986
9956
9931
10000
9097
9874
9746
9972
9464
9960
9754
9980
9590
9994
9974
9889
9992
9836
9975
8874
9471
9813
9901
9370
10000
9863
9783
9884
9740
9900
10000
9986
10000
9936
9960
9806
9259
8911
9671
8406
10000
9372
9202
10000
9698
9886
9727
9670
9610
10000
10000
9857
10000
9792
9518
9485
9972
9540
10000
9967
9869
9863
9988
9970
10000
9389
10000
9954
9910
9952
9945
10000
9879
9846
9420
9786
9984
9691
9854
9745
10000
9676
9962
9607
10000
9197
9595
10000
10000
9969
10000
9881
9875
9958
9608
9475
9598
9597
9972
9874
9925
9501
9694
9928
9921
9739
9961
9793
10000
9001
10000
10000
8762
9394
9987
9984
9981
9832
9994
10000
9006
9975
9743
9569
9716
10000
9811
9930
9867
9944
10000
9983
8854
9992
9470
9907
9916
9675
10000
9857
10000
9927
8813
10000
9756
9887
9947
9812
9837
9629
9953
9556
9993
9854
9334
10000
9877
9489
9829
10000
9676
9845
9834
9989
9665
9350
9707
10000
9862
9899
9980
9937
10000
9947
9894
9949
9774
9732
9993
10000
9968
10000
9870
10000
10000
9326
9832
9859
9893
9487
9919
9791
9957
9703
9982
9774
10000
9753
9967
9914
9783
9577
10000
10000
9566
9801
10000
9967
9588
10000
9200
10000
9737
9598
8857
9486
10000
9987
9440
9638
9470
9931
9927
9773
9963
9935
9245
9488
9881
10000
9972
10000
9148
9271
10000
9827
9710
9886
9852
9810
9883
9777
10000
10000
9213
10000
9747
9868
9975
9835
9949
9942
9839
10000
9787
9955
9767
9558
10000
9988
9749
9825
9958
10000
9736
9891
10000
9913
9787
9966
9792
9958
9987
9970
9562
9526
9698
10000
10000
9641
9014
9835
9181
9736
9822
9575
9638
10000
9939
9767
9681
9718
9878
9892
9656
9975
9654
9834
9772
10000
9058
10000
9695
9873
10000
10000
9278
10000
8885
9870
9975
9975
9620
9925
9889
9995
9937
9313
9704
9857
9906
9182
9780
9910
9616
9598
9966
10000
9965
9605
9624
10000
9912
9976
9929
9595
9841
9833
9793
9465
10000
9933
9185
9785
10000
9989
9910
9920
9931
8915
9861
9847
9979
10000
9969
9785
9979
9577
10000
9682
9562
10000
9802
10000
9454
10000
9872
9358
9949
9852
10000
10000
9893
9723
9910
9734
9980
9881
9232
9395
9871
9887
9820
9987
9586
10000
9921
9760
9904
9898
9355
10000
9877
9803
9728
9951
10000
9949
9663
9959
10000
9166
9961
9566
10000
9632
9984
9393
9883
9313
9873
9850
9975
9137
9845
9784
9944
10000
9961
9548
9799
9367
9860
9427
9782
10000
9529
10000
10000
9593
9900
9984
9957
9934
9900
9755
9920
9960
9515
9946
8919
9110
9962
10000
9813
10000
10000
9914
10000
9720
9943
