10000
10000
10000
10000
10000
10000
10000
10000
10000
10000
10000
10000
10000
10000
10000
10000
10000
10000
10000
10000
10000
10000
9989
10000
9978
10000
10000
10000
10000
10000
10000
10000
10000
10000
10000
10000
10000
10000
10000
10000
10000
10000
9999
10000
10000
10000
10000
10000
10000
10000
10000
10000
10000
10000
9999
10000
10000
10000
10000
10000
10000
10000
10000
10000
10000
10000
10000
10000
10000
10000
10000
10000
10000
10000
10000
10000
10000
10000
10000
10000
10000
10000
10000
9999
10000
10000
10000
10000
10000
10000
10000
10000
10000
10000
10000
10000
10000
9998
10000
10000
10000
10000
10000
9992
10000
10000
10000
10000
10000
10000
10000
10000
10000
10000
10000
10000
10000
10000
10000
9999
10000
10000
9991
10000
10000
10000
10000
10000
10000
10000
10000
10000
10000
10000
9998
10000
9999
9986
10000
10000
10000
10000
10000
10000
10000
10000
10000
10000
10000
10000
10000
9996
10000
10000
10000
10000
10000
10000
10000
10000
10000
10000
9980
10000
10000
10000
9978
10000
10000
10000
10000
10000
10000
10000
10000
10000
10000
9991
10000
10000
9998
10000
10000
10000
10000
10000
9994
10000
10000
10000
10000
10000
10000
10000
10000
10000
10000
10000
10000
10000
10000
10000
10000
10000
10000
10000
10000
10000
10000
10000
10000
10000
10000
10000
10000
10000
10000
10000
10000
9999
10000
10000
10000
10000
10000
10000
10000
10000
10000
10000
10000
9999
10000
9993
10000
10000
10000
10000
10000
10000
10000
10000
10000
10000
10000
10000
10000
10000
10000
10000
10000
10000
9998
10000
10000
10000
10000
10000
10000
10000
10000
10000
10000
10000
10000
10000
10000
10000
10000
10000
10000
10000
10000
10000
10000
10000
9995
10000
10000
10000
10000
10000
9964
10000
10000
10000
9960
10000
10000
10000
10000
9981
9983
10000
10000
10000
10000
9983
10000
10000
10000
10000
9991
10000
10000
10000
10000
10000
10000
10000
10000
10000
10000
10000
10000
10000
10000
9999
10000
10000
10000
10000
10000
10000
10000
10000
10000
10000
10000
10000
10000
10000
10000
10000
10000
9996
10000
10000
10000
10000
10000
10000
10000
9995
10000
9999
10000
9997
10000
10000
10000
10000
10000
10000
10000
10000
10000
10000
10000
9987
10000
9985
10000
9997
10000
10000
10000
10000
10000
10000
10000
10000
10000
10000
10000
10000
10000
10000
10000
10000
10000
10000
10000
9997
10000
10000
10000
10000
10000
10000
10000
10000
10000
9898
10000
10000
10000
10000
10000
10000
10000
10000
10000
10000
10000
9974
10000
10000
9999
10000
9990
10000
10000
9999
10000
10000
10000
10000
10000
10000
10000
10000
10000
10000
10000
10000
10000
10000
10000
9998
10000
9996
10000
10000
10000
10000
10000
10000
10000
10000
10000
10000
10000
10000
10000
10000
10000
10000
9964
9999
9999
9999
10000
10000
10000
10000
10000
10000
10000
9988
10000
10000
10000
10000
10000
10000
10000
10000
9999
9994
10000
10000
10000
10000
10000
9990
10000
10000
10000
10000
10000
10000
10000
10000
10000
10000
10000
10000
10000
10000
10000
10000
10000
10000
10000
10000
10000
10000
10000
10000
10000
10000
10000
10000
10000
10000
10000
10000
10000
9999
10000
10000
10000
10000
10000
10000
10000
10000
10000
10000
9998
10000
10000
9985
10000
9991
9996
10000
9986
10000
10000
10000
10000
10000
10000
9911
10000
10000
9991
10000
10000
10000
10000
10000
10000
10000
10000
10000
10000
10000
10000
10000
10000
10000
10000
10000
10000
10000
10000
10000
10000
10000
10000
10000
10000
10000
10000
9999
10000
10000
10000
10000
10000
10000
10000
10000
10000
9965
10000
10000
10000
10000
10000
10000
10000
10000
10000
10000
10000
10000
10000
10000
9999
10000
10000
10000
10000
10000
10000
10000
10000
10000
10000
10000
10000
10000
10000
10000
9930
10000
10000
10000
10000
10000
10000
10000
10000
10000
9999
9998
10000
9999
10000
10000
10000
10000
10000
10000
10000
10000
10000
9979
10000
10000
10000
10000
10000
10000
9992
10000
10000
9988
10000
10000
10000
10000
9996
10000
10000
10000
10000
10000
10000
10000
10000
10000
10000
10000
10000
10000
10000
10000
10000
10000
10000
10000
10000
10000
10000
10000
10000
10000
10000
10000
10000
10000
10000
10000
9998
10000
10000
10000
10000
10000
10000
10000
10000
10000
10000
10000
9982
10000
10000
10000
10000
10000
10000
10000
10000
10000
10000
10000
9978
10000
10000
10000
10000
10000
10000
10000
10000
10000
10000
10000
10000
10000
10000
10000
10000
10000
10000
10000
9997
9981
10000
10000
10000
10000
10000
10000
10000
10000
10000
10000
10000
10000
10000
9999
9995
10000
10000
9996
10000
10000
10000
10000
10000
10000
10000
10000
10000
10000
10000
10000
10000
10000
10000
10000
10000
10000
10000
10000
10000
10000
10000
10000
10000
10000
10000
10000
10000
10000
10000
10000
10000
10000
10000
10000
10000
10000
10000
10000
10000
9993
10000
10000
10000
10000
10000
9997
10000
10000
10000
10000
10000
9998
10000
10000
10000
10000
10000
9998
10000
10000
10000
10000
10000
10000
9985
10000
10000
10000
10000
10000
9993
9988
10000
10000
10000
10000
10000
10000
10000
10000
10000
10000
10000
10000
10000
10000
10000
9974
10000
9989
9995
10000
9996
10000
10000
10000
10000
10000
10000
10000
10000
10000
10000
10000
10000
10000
10000
10000
10000
10000
10000
10000
10000
10000
9999
10000
10000
10000
10000
10000
9999
10000
10000
10000
10000
10000
10000
10000
10000
10000
10000
10000
10000
10000
10000
10000
10000
10000
10000
10000
10000
10000
10000
10000
9999
10000
10000
10000
10000
9985
10000
10000
10000
10000
9994
10000
10000
10000
10000
10000
10000
10000
10000
10000
10000
10000
10000
10000
10000
10000
9999
10000
10000
10000
10000
10000
10000
10000
10000
10000
10000
10000
10000
10000
10000
10000
10000
10000
10000
10000
10000
10000
10000
10000
10000
10000
10000
10000
10000
10000
10000
10000
10000
10000
10000
10000
10000
10000
10000
10000
10000
9991
10000
10000
9999
10000
10000
10000
10000
10000
10000
10000
10000
9997
10000
10000
10000
10000
10000
10000
10000
9990
10000
10000
9999
10000
10000
10000
10000
9992
10000
10000
10000
10000
10000
9991
10000
10000
10000
10000
10000
10000
10000
10000
10000
10000
