9972
9992
9979
9997
9992
9995
9956
9987
9993
9986
9985
9984
9989
9997
9985
9982
9991
9993
9973
9987
9986
9969
9968
9973
9981
9993
9993
9981
9992
9984
9972
9984
9993
9991
9975
9994
9989
9998
9984
9976
9976
9991
9986
9990
9984
9986
9986
9986
9968
9983
9986
9999
9970
9986
9993
9973
9977
9989
9977
9985
9986
9986
9982
9984
9979
9959
9996
9990
9959
9992
9991
9992
9979
9971
9988
9988
9988
9982
9981
9988
9987
9983
9987
9993
9986
9985
9993
9974
9997
9991
9991
9997
9992
9987
9994
9970
9984
9969
9986
9981
9987
9991
9986
9976
9991
9981
9998
9996
9984
9977
9991
9975
9984
9986
9973
9982
9985
9987
9986
9991
9992
9984
9997
9994
9971
9963
9979
9983
9960
9992
9992
9997
9981
9980
9981
9991
9973
9978
9990
9982
9998
9975
9987
9969
9991
9975
9989
9989
9988
9987
9969
9980
9961
9993
9989
9988
9993
9990
9980
9997
9985
9959
9978
9987
9990
9990
9990
9968
9972
9976
9969
9993
9973
9983
9996
9991
9977
9977
9989
10000
9987
9954
9982
9995
9999
9965
9976
9986
9968
9990
9977
9951
9988
9980
9998
9999
9951
9989
9993
9965
9988
9963
9994
9979
9986
9985
10000
9987
9991
9976
10000
9990
9980
9989
9985
9990
9989
9977
9976
9986
9996
9991
9992
9986
9995
9978
9989
9987
9966
9992
9972
9993
9982
9991
9997
9950
9997
9995
9989
9989
9982
9982
9995
9975
9986
9984
9988
9961
9995
9979
9980
9994
9989
9989
9972
9990
9985
9980
9978
9989
9999
9989
9993
9990
9989
9985
9977
9984
9992
9994
9992
9986
9982
9993
9983
9988
9993
9977
9980
9993
9989
9994
9985
9988
9986
9993
9990
9983
9993
9981
9988
9972
9976
9992
9988
9986
9986
9984
9992
9989
9989
9979
9983
9990
9985
9968
9994
9986
9993
9985
9964
9963
9995
9986
9986
9994
9983
9997
9979
9985
9989
9979
9997
9990
9996
9988
9993
9986
9982
9982
9983
9978
9996
9981
9972
9976
9972
9981
9954
9986
9988
9997
9990
9985
9997
9986
9980
9977
9996
9972
9993
9990
9982
9991
9987
9988
9989
9991
9980
9991
9984
9966
9984
9979
9996
9996
9995
9975
9963
9991
9992
9992
9972
9983
9998
9979
9991
9994
9993
9983
9992
9995
9995
9987
9989
9994
9995
9989
9986
9995
9980
9989
9996
9995
9987
9979
9986
9984
9989
9992
9967
9975
9990
9984
9973
9939
9977
9980
9996
9993
9982
9985
9994
9978
9971
9993
9978
9991
9986
9986
9994
9997
9994
9982
9974
9988
9970
9990
9991
9989
9975
9987
9976
9988
9988
9987
9983
9982
9985
9977
9972
9983
9997
9994
9960
9991
9973
9971
9962
9970
9975
9982
9975
9992
9973
9992
9981
9952
9989
9986
9989
9992
9988
9978
9994
9979
9980
9980
9993
9976
9980
9978
9999
9979
9977
9989
9993
9976
9979
9990
9979
9993
9973
9982
9988
9981
9985
9978
9993
9981
9979
9966
9982
9989
9958
9978
9996
9990
9986
9972
9985
9976
9986
9996
9966
9976
9972
9985
9993
9985
9993
9976
9977
9992
9981
9982
9989
9981
9993
9982
9988
9992
9980
9987
9986
9981
9984
9989
9984
9979
9983
9986
9980
9989
9986
9993
9988
9984
9986
9983
9957
9989
9986
9988
9989
9979
9994
9957
9973
9990
9989
9986
9983
9975
9979
9980
9984
9995
9982
9982
9992
9986
9972
9990
9991
9991
9993
9997
9973
9982
9976
9987
9986
9993
9979
9985
9986
9964
9988
9985
9983
9996
9994
9991
9990
9989
9981
9976
9989
9983
9971
9994
9972
9968
9994
9991
9986
9971
9995
9976
9986
9989
9990
9977
9991
9971
9986
9996
9991
9989
9976
9980
9984
9973
9992
9991
9983
9985
9966
9985
9971
9993
9974
9992
9988
9985
9990
9996
9987
9987
9992
9968
9981
9957
9982
9987
9998
9986
9996
9988
9987
9988
9983
9996
9998
9976
9987
9992
9977
9986
9971
9990
9965
9978
9997
9990
9995
9991
9977
9971
9991
9964
9975
9989
9984
9990
9989
9993
9992
9960
9986
9992
9984
9983
9988
9952
9975
9987
9997
9997
9995
9991
9990
9992
9991
9993
9987
9982
9988
9988
9986
9978
9984
9970
9966
9985
9992
9980
9992
9978
9973
9994
9977
9977
9991
9962
9983
9994
9974
9988
9986
9986
9993
9995
9988
9992
9975
9967
9994
9992
9968
9973
9972
9980
9991
9974
9995
9982
9986
9977
9976
9980
9988
9984
9990
9983
9986
9996
9987
9989
9988
9968
9996
9985
9971
9990
9993
9976
9989
9989
9982
9990
9993
9978
9978
9992
9991
9988
9995
9979
9990
9984
9980
9991
9996
9990
9982
9993
9980
9993
9971
9986
9995
9981
9981
9995
9994
10000
9966
9991
9987
9984
9980
9995
9979
9988
9972
9984
9977
9990
9991
9980
9991
9974
9993
9989
9987
9986
9980
9963
9994
9982
9993
9982
9976
9983
9984
9984
9991
9977
9982
9983
9973
9985
9983
9976
9996
9967
9997
9981
9959
9993
9984
9984
9983
9975
9980
9994
9972
9992
9988
9983
9983
9997
9986
9984
9978
9997
9981
9987
9987
9992
9991
9984
9985
9984
9989
9978
9989
9994
9976
9990
9989
9988
9972
9975
9978
9995
9989
9987
9985
9992
9987
9995
9989
9987
9994
9993
9987
9979
9976
9979
9987
9984
9993
9996
9980
9975
9978
9992
9986
9965
9985
9977
9991
9973
9995
9994
9980
9986
9975
9996
9983
9985
9986
9989
9994
9992
9985
9983
9976
9965
9984
9992
9972
9985
9979
9989
9972
9975
9990
9994
9982
9960
9982
9987
9976
9996
9987
9979
9992
9997
9982
9984
9999
9994
9988
9986
9982
9984
9995
9982
9995
9976
9984
9982
9998
9999
9965
9983
9997
9988
9995
9985
9990
9980
9981
9986
9983
9997
9984
9989
9990
9989
9990
9995
9989
9971
9983
9990
9998
9992
9972
9959
9991
9993
9986
9980
9992
9995
9988
9973
9993
9976
9992
9994
9987
9994
9997
9987
9984
9976
9994
9997
9973
9995
9979
9997
9984
9993
9986
9989
9991
9980
9997
9977
9994
9987
9991
9975
