9991
9986
9985
9994
9981
9976
9996
9992
9998
9998
9998
9981
9993
9981
9986
9978
9992
9994
9988
9989
9983
9992
9987
9981
9996
9993
9996
9992
9989
9989
9966
10000
9988
9986
9971
9994
9988
9983
9982
9989
9989
9991
9958
9990
9980
9996
9996
9997
9969
9978
9985
9986
9980
9981
9999
9983
9992
9999
9978
9992
10000
9990
9988
9982
9988
9995
9989
10000
9965
9977
9967
9973
9970
9998
9988
9961
9986
9959
9993
9985
9979
9997
9996
10000
9972
9992
10000
9991
9970
9982
9983
9994
9976
9984
10000
9997
9998
9999
9991
9981
9986
9997
9989
9989
9985
9976
9977
9992
9962
9990
9988
9994
9998
9963
9966
9994
9975
9983
9992
9992
9988
9981
9997
9989
9987
9985
9993
9993
9981
9986
9971
9979
9985
9999
9977
9984
9998
9983
9982
9991
9994
9991
9986
9992
9995
9978
9987
9995
9981
9985
9967
9981
9991
9970
10000
9998
9990
9990
9997
9973
9976
9971
9986
10000
9990
9975
9997
9995
9973
9975
9991
9982
9983
9995
9994
9983
9996
9986
9999
9992
9976
9970
10000
9991
9989
9993
9988
9983
9991
9986
9974
9987
9978
9981
9996
9989
9994
9987
9980
9994
9992
9995
9966
9975
9989
9978
9973
9988
9994
9990
9982
9993
9975
9990
9970
9997
9994
9986
9978
9984
9987
9963
9989
9985
9986
9985
9987
9992
9979
9974
9989
9995
9985
9992
9974
9996
9983
9981
9985
9981
9990
9986
9993
9993
9987
9980
9981
9974
9996
9991
9997
9969
9993
9978
9994
9965
9996
9990
9983
9997
9999
9984
9984
9988
9984
9995
9995
9999
9993
9989
9990
9990
9968
10000
9981
9993
9986
9999
9990
9990
9984
9998
9987
9980
9995
9965
9988
9978
9993
9994
9982
9966
9989
9988
9996
9987
9989
9980
9997
9997
10000
9983
9994
9992
9981
9983
9992
9999
9976
9995
9990
9979
9986
9997
9996
9990
10000
9969
9993
9991
9985
9985
9987
9997
9975
9988
9991
9991
9985
9997
9969
9984
9976
9986
9999
9970
9987
9993
9988
9991
9983
9986
9983
9994
9992
9984
9975
9981
9979
9992
9984
9975
9991
9986
9990
9975
9984
9995
9989
9985
9984
9961
9982
9993
9997
9997
9989
9995
9983
9997
9988
9995
9977
9965
9987
9989
9987
9990
9999
9976
9996
9971
9982
9997
10000
9981
9987
9994
9975
9987
9997
9991
9990
9999
9989
9993
9993
9987
9998
9981
9999
9984
9984
9992
9993
9966
9990
9984
9997
9979
9982
9998
9981
9989
9995
9995
9988
9992
9979
9987
9980
9999
9996
9993
9998
9993
9992
9992
9984
9988
9980
9958
9987
9992
9984
9977
9993
9983
9992
9980
9989
9982
9992
9977
9982
9966
9995
9996
9994
9985
9994
9984
9990
9976
9989
9995
9999
9988
9973
9995
9981
9978
9995
9992
9983
9991
9992
9980
9991
9990
9992
9986
10000
9996
9988
9992
9991
9974
9967
9962
9981
9995
9989
9997
9992
9989
9977
9991
9985
9985
9992
9972
9982
9988
9991
9977
10000
9992
9979
9988
9997
10000
9996
9979
9984
9982
9988
9981
9992
9995
9970
9982
9990
9994
9987
9965
9986
9982
9986
9985
9983
9992
9995
9997
9988
9995
9965
9995
9997
9989
9989
9969
9999
9995
9987
9985
9991
9985
9993
9989
9982
9998
9992
9992
9986
9993
9981
10000
9985
9984
9979
9966
9971
9982
9981
9966
9992
9994
9992
9983
9992
9998
9978
9999
9990
9973
9988
9993
9986
9962
9982
9992
9981
9984
9989
9994
9981
9988
9991
9974
9978
9987
9967
9995
9982
9976
9990
9977
9967
9988
9999
9992
9997
9999
9988
9987
9978
9989
9992
9972
9970
9999
9984
9990
9987
9985
9983
9975
9991
9982
9989
9999
9999
9975
9989
9984
9993
9969
9978
9981
9984
9990
9987
9990
9996
9960
9976
9981
9998
9992
9996
9984
9990
9992
9985
9988
9980
9984
9987
9979
9995
9974
9985
9989
9988
9985
9990
10000
9981
9988
9987
9993
9979
9994
9989
9977
9994
9988
9975
9981
9994
9990
9988
9990
9982
9996
9988
9995
9979
9979
9977
9966
9991
9981
9991
9999
9966
9994
9977
9992
9995
9987
9999
9974
9995
9976
9980
9984
9986
9979
9985
9965
9996
9989
9981
9983
9969
9987
9996
9989
9968
9982
9993
9975
9990
9998
9999
9992
9992
9996
9988
9984
9992
9991
9994
9972
9990
9969
9973
9989
9986
9977
9967
9985
9987
9991
9961
9971
9983
9989
9957
9996
9989
9987
9966
9988
9990
9995
9999
9979
9984
9988
9994
9961
9993
10000
9974
9989
9991
9991
9982
9982
9972
9989
9991
9994
9997
9976
9979
9990
9975
9994
9997
9985
9985
9990
9998
9983
9998
9970
9982
9991
9995
9998
9989
9986
9989
9999
9989
9977
9991
9986
9994
9993
9977
9974
10000
9994
9991
9993
9991
9997
9977
9997
9997
9992
9985
9996
9978
9992
9984
9984
9987
9979
9989
9999
9998
9988
9984
9979
9992
9971
9982
9993
9967
9992
9980
9977
9980
9980
9993
9988
9992
9974
9982
9973
9976
9991
9965
9988
9998
9980
9995
9988
9994
9982
9974
9991
9984
9985
9977
9984
9981
9990
9983
9981
9986
9998
9981
9986
9983
9990
9994
9965
9991
9990
9985
9989
9989
9992
9998
9982
9982
9987
9987
9975
9990
9993
9983
9987
9987
9998
9965
9982
9982
9959
9984
9982
9983
9976
9985
9984
9998
9963
9995
9988
9985
9988
9971
9977
9993
9986
9982
9986
9998
9995
9979
9991
9994
9992
9992
9992
9998
9996
9979
9970
9994
9989
9995
9986
9992
9990
9995
9987
9990
9990
9981
9985
9996
9996
9996
9957
9994
9988
9988
9974
9990
9994
9984
9985
9994
9964
9991
9979
9988
9982
9992
9993
9986
9991
9971
9996
9991
9993
9992
9987
9974
9994
9993
9968
9988
9995
9978
9981
9985
9972
9980
9960
9990
9985
9967
9982
9995
9992
9990
9991
9991
9996
9985
9998
9975
9995
9989
9982
9988
9980
9981
9998
9992
9976
9994
9977
9992
9978
9988
9979
9997
9984
9970
9992
9994
9994
9987
9991
9985
9973
9979
9980
9976
9997
