10000
9985
10000
10000
10000
9276
9532
10000
9565
10000
10000
10000
10000
9622
9847
9872
10000
9028
10000
10000
10000
9279
10000
9946
10000
9975
10000
10000
10000
10000
9976
10000
10000
9488
10000
10000
10000
10000
10000
10000
10000
10000
8197
10000
10000
9619
9691
10000
10000
10000
10000
10000
10000
10000
10000
10000
9701
10000
10000
9032
9913
10000
9860
10000
10000
10000
9755
10000
8985
10000
10000
9764
10000
9822
10000
10000
10000
10000
10000
10000
10000
10000
10000
10000
9969
10000
9279
9960
8745
10000
10000
9895
9089
9612
9475
9205
9272
10000
10000
10000
10000
10000
10000
10000
10000
9886
10000
9077
10000
10000
9844
10000
10000
10000
10000
9262
10000
10000
10000
9929
10000
9189
10000
10000
10000
10000
9978
10000
10000
9178
10000
9644
9549
10000
9786
10000
10000
10000
10000
9725
8501
9362
10000
9894
10000
10000
10000
10000
10000
10000
10000
9342
8960
10000
9752
10000
9951
10000
10000
10000
10000
10000
8860
10000
10000
9576
9951
9353
10000
10000
9213
10000
9091
10000
9213
9439
10000
9351
9972
9824
10000
9526
9859
10000
10000
10000
10000
10000
10000
9381
10000
10000
9697
10000
10000
10000
9362
9856
10000
8987
9782
9152
9943
9728
9170
10000
10000
9210
9991
9367
10000
9889
10000
9384
10000
10000
10000
10000
9327
10000
10000
9854
10000
10000
10000
9697
9139
9509
10000
10000
10000
9674
8981
10000
10000
10000
9851
10000
10000
9931
10000
9203
9963
10000
10000
9848
10000
10000
9182
10000
10000
10000
10000
10000
10000
10000
10000
9992
10000
9423
10000
9879
10000
10000
10000
9724
10000
10000
10000
9886
9107
10000
9866
9656
9986
9941
10000
9713
9656
10000
9970
9947
9185
10000
10000
9272
10000
9148
10000
9298
9505
10000
10000
9855
10000
10000
10000
10000
10000
10000
10000
10000
10000
10000
10000
10000
9939
10000
9878
9435
9633
10000
9525
10000
9454
10000
9568
9911
10000
10000
10000
9565
10000
10000
10000
10000
9613
9470
10000
10000
9856
10000
9976
10000
9577
9393
10000
10000
10000
9919
10000
10000
9966
10000
9751
9877
9640
10000
10000
10000
10000
9679
10000
10000
10000
10000
9924
10000
10000
10000
10000
10000
10000
9788
9989
9991
10000
10000
9607
9612
9161
9432
10000
10000
10000
10000
10000
10000
9722
8274
10000
9822
10000
10000
9777
9454
10000
9747
10000
10000
10000
8727
10000
10000
10000
9933
10000
9860
10000
10000
9417
9935
9879
10000
10000
10000
9851
10000
10000
10000
9840
9407
10000
9940
8914
10000
10000
10000
10000
9492
9114
10000
10000
9829
10000
10000
10000
8868
9920
10000
10000
9424
10000
9980
10000
10000
10000
10000
10000
9819
10000
9687
10000
10000
9941
9545
9544
9610
9663
10000
10000
10000
10000
10000
10000
10000
9772
8858
10000
10000
9120
9852
10000
9078
10000
10000
10000
9951
9161
10000
9847
9947
10000
9357
9165
9511
10000
10000
10000
10000
10000
9991
10000
10000
9603
9039
9467
10000
9999
9902
9078
10000
9914
10000
9984
10000
9221
9153
10000
10000
10000
10000
10000
9555
9484
9731
8821
10000
9876
8865
9452
9401
10000
10000
9738
9800
10000
9493
10000
10000
10000
10000
9912
9353
10000
9176
9924
10000
10000
10000
9212
9664
10000
8829
10000
10000
10000
9324
8659
10000
9728
10000
10000
9929
9862
9654
8937
9806
10000
10000
9950
9821
10000
9684
9983
9987
10000
9574
10000
10000
10000
9042
9649
10000
9010
10000
10000
10000
10000
9176
9941
7990
10000
10000
10000
8972
10000
10000
10000
10000
8650
9959
9679
9906
10000
9469
10000
10000
9297
10000
10000
9821
9358
10000
10000
10000
10000
10000
8582
10000
10000
10000
8905
10000
9788
10000
9466
10000
8812
9909
10000
10000
10000
9707
10000
10000
9965
10000
9564
10000
9172
10000
9970
10000
10000
9879
10000
10000
9317
10000
10000
9923
10000
9771
10000
10000
9168
10000
10000
10000
10000
10000
9977
9461
10000
10000
10000
10000
9536
10000
10000
10000
9763
10000
9820
10000
10000
9792
9872
10000
10000
9867
10000
10000
9665
9453
10000
10000
10000
10000
10000
9566
10000
10000
10000
10000
10000
10000
10000
9836
9487
10000
9993
9910
10000
9603
8543
9995
10000
10000
10000
9250
10000
10000
10000
10000
10000
10000
10000
9136
9838
10000
9885
9301
10000
10000
9883
10000
8513
10000
8960
8928
10000
9087
10000
9013
9513
10000
10000
8726
9864
9339
9321
10000
9386
9647
9969
9631
9969
10000
10000
9967
9884
10000
10000
10000
9358
10000
9835
10000
10000
10000
9840
9396
9993
10000
10000
8727
10000
8830
10000
10000
10000
10000
10000
10000
10000
9802
10000
10000
9073
10000
10000
10000
10000
10000
10000
10000
9890
10000
9038
10000
9702
10000
10000
8427
9911
10000
9235
10000
10000
9810
9031
8643
10000
10000
10000
10000
9769
10000
9939
10000
10000
10000
9775
10000
10000
10000
9636
10000
10000
10000
9831
9300
10000
9744
10000
9540
10000
10000
10000
10000
10000
10000
10000
7861
10000
10000
10000
10000
10000
10000
10000
9095
10000
10000
10000
9985
10000
10000
9414
10000
10000
9852
9217
9655
8934
10000
10000
8962
9780
10000
10000
10000
10000
10000
10000
10000
10000
9314
8978
10000
10000
10000
10000
8872
9317
8274
9477
10000
10000
10000
10000
10000
10000
9784
10000
9606
9300
8858
10000
10000
10000
10000
10000
9895
10000
10000
9464
10000
9568
9626
9980
9998
9869
10000
10000
9801
9980
9447
9650
10000
10000
10000
9838
9252
10000
10000
9575
9664
10000
9730
10000
10000
10000
10000
9860
10000
10000
10000
9290
9644
9814
10000
10000
9594
8735
10000
9688
10000
9354
10000
10000
10000
10000
10000
10000
10000
9485
9664
9747
10000
10000
10000
10000
10000
10000
9571
9429
10000
10000
10000
9823
10000
10000
10000
10000
9963
10000
10000
10000
9406
9713
10000
10000
10000
9961
10000
10000
9014
10000
9913
10000
9571
9988
10000
9072
9933
9985
10000
10000
10000
9133
10000
10000
10000
10000
10000
9999
9864
10000
8490
10000
10000
9159
10000
10000
8850
9579
10000
10000
10000
10000
10000
9984
10000
10000
10000
10000
9752
