9952
9987
9976
9978
9957
9971
9988
9985
9980
9982
9983
9989
9976
9983
9966
9986
9990
9986
9993
9985
9979
9981
9980
9990
9990
9987
9981
9970
9999
9976
9983
9992
9965
9989
9995
9966
9989
9990
9984
9989
9989
9980
9980
9990
9988
9989
10000
9998
9983
9988
9997
9981
9979
10000
9986
9995
9999
9983
9975
9958
9990
9982
9972
9979
9993
9992
9982
10000
9988
9971
9981
9970
9990
9990
9987
9989
9986
9982
9992
9985
9982
9984
9999
9998
9992
9979
9992
9992
9966
9990
9990
9998
9984
9986
9983
9985
9990
9997
9989
9984
9991
9991
9986
9987
9986
9974
9994
9985
9989
9980
9990
9983
9989
9986
9991
9987
9992
9991
9988
9991
9995
9969
9986
9983
9989
9981
9976
9978
9998
9983
9981
9972
9990
9959
9985
9971
9982
10000
9985
9989
9990
9983
9979
9981
9985
9977
9990
9994
9993
9984
9994
9982
9977
9989
9981
9989
9992
9983
9987
9989
9987
9976
9993
9993
9976
9978
9978
9954
9995
9987
9988
9993
9980
9987
9981
9976
9983
9991
9977
9999
9993
9993
9992
9976
9989
9996
9982
9985
9990
9980
9961
9991
9989
9960
9978
9970
9977
9995
9987
9995
9989
9984
9992
9991
9982
9980
9981
9984
9985
9989
9993
9963
9968
9991
9991
9975
9986
9992
9981
9991
9990
9987
9997
9990
9993
9993
9994
9993
9996
9989
9990
9992
9983
9979
9992
9984
9994
9981
9991
9973
9994
9985
9986
9978
9996
9983
9976
9989
9988
9983
9986
9992
9987
9993
9973
9998
9996
9970
9995
9993
9978
9986
9984
9989
9986
9988
9991
9965
9983
9980
9967
9990
9994
9992
9986
9991
9973
9993
9971
9984
9994
9995
9980
9995
9989
10000
9980
9970
9962
9990
9962
9989
9987
9993
9998
9970
9989
9983
9971
9986
9989
9990
9997
9982
9985
9988
9988
9992
9975
9985
9984
9995
9974
9990
9980
9990
9983
9986
9978
9986
9980
9979
9963
9986
9991
9964
9984
9986
9992
10000
9986
9990
9975
9988
9975
9988
9981
9990
9988
9978
9991
9976
9960
9980
9993
9984
9979
9975
9993
9967
9997
9978
9986
9989
9977
9989
9986
9986
9984
9966
9993
9989
9990
9987
9989
9984
9980
9963
9987
9983
9983
9993
9977
9997
9978
9974
9984
9993
9994
9986
9960
9992
9991
9982
9992
9975
9980
9987
9968
9992
9977
9963
9987
9978
9995
9992
9993
9986
9999
9984
9980
9985
9966
9985
9977
9992
9982
9982
9992
9993
9990
9985
9986
9984
9995
9977
9981
9996
9967
9976
9988
9968
9987
9993
9986
9988
9996
9992
9985
9986
9991
9987
9986
9994
9991
9978
9987
9983
9994
9977
9991
9987
9972
9985
9987
9986
9986
9996
9972
9981
9995
9989
9989
9986
9984
9992
9993
9983
9977
9985
9968
9983
9985
9988
9993
9987
9979
9988
9985
9969
9993
9995
9979
9964
9990
9989
9990
9986
9977
9983
9995
9983
9993
9969
9985
9986
9975
9995
9973
10000
9999
9982
9976
9986
9977
9945
9989
9987
9981
9968
9996
9978
9986
9998
9981
9989
9979
9988
9995
9987
9971
10000
9979
9987
9983
9988
9986
9982
9977
9987
9991
9992
10000
9983
9991
9980
9982
9990
9984
9995
9989
9994
9986
9986
9985
9973
9992
9969
9989
9983
9989
9989
9982
9991
9983
9992
9978
9995
9976
9980
9997
9987
9995
9970
9981
9964
9989
9993
9985
9985
9966
9977
9994
9987
9966
9981
9995
9971
9987
9966
9968
9990
9954
9996
9981
9969
9983
9976
9979
9978
9989
9993
9982
9978
9991
9987
9984
9982
9996
9994
9974
9990
9991
9981
9987
9973
9992
9982
9973
9988
9973
9980
9999
9983
9994
9971
9994
9974
9991
9973
9994
9986
9968
9981
9996
9984
9996
9996
9982
9993
9981
9988
9989
9990
9994
9992
9979
9989
9986
9967
9988
9971
9990
9976
9982
9993
9983
9976
9986
9988
9992
9984
9980
9989
9987
9979
9990
9976
9990
9989
9972
9987
9984
9986
9979
9986
9981
9986
9991
9987
10000
9988
9987
9971
9989
9996
9971
9992
9977
9992
9956
9981
9996
9985
9987
9974
9984
9985
9985
9986
9992
9993
9988
9991
9989
9995
9981
9999
9985
9995
9982
9976
9980
9967
9992
9989
9975
9989
9946
9977
9985
9955
9991
9972
9985
9993
9975
9990
9983
9983
9989
9974
9991
9979
9991
9986
9993
9992
9983
9996
9977
9974
9985
9979
9968
9976
9984
9979
9970
9984
9980
9977
9974
9990
9988
9982
9986
9991
9993
9987
9978
9991
9990
9989
9976
9984
9993
9987
9977
9983
9989
9986
9982
9995
9961
9970
9985
9986
9979
9975
9989
9984
9981
9977
9985
9990
9970
9974
9980
9992
9995
9982
9970
9972
9986
9982
9980
9980
9988
9982
9968
9987
9984
9991
9994
9978
9986
9985
9982
9984
9964
9995
9997
9997
9993
9991
9988
10000
9991
9982
9984
9998
9985
9981
9991
9977
9988
9990
9984
9987
9969
9983
9994
9989
9972
9976
9986
9978
9992
9979
9986
9982
9978
9989
9945
9962
9978
9993
9974
9974
9979
9995
9971
9992
9984
9975
9979
9962
9972
9986
9990
9986
9980
9984
9979
9976
9990
9962
9994
9989
9990
9990
9970
9980
9993
9982
9977
9993
9984
9992
9988
9989
9980
9985
9988
9973
9990
9981
9989
9989
9992
9969
9988
9991
9976
9988
9966
9980
9989
9981
9972
9992
9976
9975
9986
9979
9978
9967
9988
9978
9972
9978
9981
9992
9996
9988
9979
9980
9975
9969
9972
9983
9987
9984
9983
9992
9972
9987
9992
9985
9983
9985
9970
9984
9969
9989
9994
9994
9991
9996
9985
9983
9948
9991
9987
9996
9985
9978
9975
9982
9982
9987
9993
9986
9978
9998
9966
9971
9993
9977
9980
9992
9990
9984
9974
9984
9985
9996
9996
9977
9973
9981
9977
9981
9981
9993
9990
9990
9993
9986
9980
9997
9968
9977
9972
9983
9982
9999
9996
9998
9975
9985
9992
9983
9983
9976
9978
9998
9985
9990
9984
9989
9996
9989
9980
9993
9968
9992
9996
9989
9987
9988
9998
9994
9993
9992
9971
9988
9965
9983
