9990
10000
9978
9990
9999
9980
9997
9968
9989
9989
9987
9988
9985
9983
9981
9984
9979
10000
9976
10000
9987
9987
9991
9985
9993
9984
9987
9992
9992
9969
9991
10000
9993
9983
9957
9987
9999
10000
10000
9988
9978
9987
9989
9979
9995
9974
9995
9992
9979
10000
10000
10000
9984
9988
9984
9985
9987
9975
9989
9983
9988
9974
9985
9989
9997
10000
10000
9992
9997
9981
10000
9989
9977
9969
9980
9994
9990
10000
10000
9999
9993
9974
10000
9984
10000
9988
9983
9989
9992
9988
9997
9978
9962
9980
9982
9999
9974
9975
9986
9988
9981
9988
9968
10000
9999
9995
9993
9962
9992
10000
10000
9986
9995
9993
10000
9979
9981
9986
9988
9995
9988
9989
9981
9992
10000
9991
9975
9998
9993
9978
9994
9985
9975
9998
9987
10000
10000
9958
9980
9983
9975
9991
9990
9990
9972
9973
9975
9980
9997
9985
9998
9995
9994
9992
10000
9987
9988
10000
9980
9975
9984
9982
9980
9989
9988
9993
9983
9989
10000
9968
9986
10000
10000
9989
9986
9974
9975
9964
9934
9988
9991
9998
10000
9990
9986
9993
9999
9995
9992
10000
9975
9979
9977
9984
9982
9975
9978
9986
9995
9997
9983
9983
9995
9991
9992
10000
9988
10000
9987
9976
9993
9959
9986
9992
9984
10000
9987
9981
10000
9991
9997
9991
9965
9995
9994
10000
9977
10000
9991
10000
9987
9986
9989
9994
9997
9969
9965
9991
9969
9993
9979
9985
9994
9980
9969
9990
9984
9974
9971
9972
10000
9977
9987
9996
9993
9991
9994
9993
9991
9984
9994
9988
9999
9985
9989
9983
9989
9978
9988
9967
9981
9995
9957
9981
9992
9968
9977
9959
9984
9981
10000
9986
9994
9991
10000
9990
9993
9992
9986
9984
9970
9975
9980
9982
9999
10000
9977
9989
9958
9987
9972
9986
9979
9978
9975
9985
9981
9976
9988
9988
10000
9989
9993
9997
9990
9999
9998
9987
9992
9987
9986
9966
9993
9988
9969
9985
9984
9990
10000
9986
9995
9983
9991
9989
9980
9988
9983
10000
9982
9995
9988
9990
9984
10000
10000
9956
10000
9999
9992
10000
10000
9984
9992
9997
10000
9988
9981
9994
10000
9993
9969
9981
9987
9950
9967
10000
9995
9998
9993
9991
9997
10000
9966
9992
9982
10000
9988
10000
9993
9992
9986
9985
9987
10000
9993
9967
9984
9984
10000
9970
9967
10000
9992
9978
9989
10000
9997
10000
9979
9988
10000
9963
9985
9982
9990
9975
9985
9978
10000
9988
9980
9991
9966
9963
9990
9995
9964
9991
10000
9988
9998
9989
9984
10000
9991
9995
9985
9956
9987
9987
9970
9997
9987
10000
9971
9977
9973
9982
10000
9985
9978
9989
9994
9992
9962
9990
9995
9990
9999
9990
9999
9965
9989
9994
9982
9989
9996
9980
9972
9960
9999
9994
9977
9975
9980
9977
9993
9974
9992
9964
9968
9974
10000
9980
9984
9993
9984
10000
10000
9992
9989
10000
9986
9975
9989
9996
9992
9974
9982
9977
9980
9986
10000
10000
9989
9989
9987
9994
9975
9999
9989
10000
9995
9982
9981
9979
9983
9980
9980
9994
9996
9988
9995
9990
9990
9969
10000
9998
9993
9983
9993
9991
9976
9978
10000
9988
9990
9993
9978
9968
10000
9986
10000
9987
9985
9981
10000
10000
9989
9982
9979
9991
9985
9982
9992
9992
9988
9990
10000
9990
9986
9993
10000
9972
9986
9988
9990
9981
10000
9997
9985
9995
9983
9982
9979
9951
9980
9993
10000
10000
9960
9976
9993
9983
9992
9987
9998
9975
9973
9981
9978
9984
9994
9997
9994
9983
9990
9979
9991
9979
9976
9973
10000
9983
9982
9978
9990
10000
9989
9998
9968
9966
9993
9995
9983
9994
9976
9998
10000
9996
9969
9995
9972
9969
9987
9968
9967
9967
9955
9985
9981
10000
9979
10000
9982
9993
9964
9993
9984
9994
10000
9963
9961
9982
9980
9983
9986
9998
9965
9993
9994
9990
9991
9988
9987
9996
9995
10000
9979
9991
9998
9989
9987
9968
9989
10000
9994
9992
9982
9971
9996
9999
9971
9982
10000
9998
9990
9976
9991
9990
9980
9984
9999
10000
9990
9988
9997
9972
9972
9985
9982
9974
9994
9996
9998
9987
9967
9979
9963
9980
10000
9987
9978
9982
9987
9995
9987
9995
9996
9978
10000
9995
9995
10000
10000
9993
9981
9989
9991
9985
9981
9979
9973
9982
9969
9944
9990
9986
9981
9985
9997
9982
9978
9978
9992
9996
10000
9982
9977
9988
9966
9987
9998
9972
9978
9982
9977
10000
9973
9993
9971
9975
9996
9992
9997
9991
9999
9985
9988
10000
9976
9993
9978
9979
9991
10000
9989
9980
9999
9987
9984
9992
9979
9978
9994
9988
9981
10000
9974
9984
10000
9976
9986
9967
9977
9981
9978
9990
9964
10000
10000
9988
9999
9986
9986
9993
10000
9978
9972
9999
9984
9998
9996
9995
9993
9989
9978
9982
9983
9992
10000
10000
9996
9984
10000
10000
9995
9985
9982
9975
9987
9996
9984
9989
9987
9973
9997
9993
9990
9981
9984
9966
9986
9977
9979
9975
9991
9984
9995
9988
10000
9979
9965
9970
9976
9990
10000
10000
9988
9993
9977
9991
9972
9968
9989
9970
9990
9980
9990
9982
9994
9987
9981
9995
10000
10000
9993
9985
9994
9974
9980
9955
9993
9989
10000
9992
9972
9988
9984
9988
10000
9970
9968
9994
9990
9933
10000
9980
10000
9992
9989
9994
9999
9982
9990
9983
9974
9999
9993
10000
9993
9963
9954
9988
9993
9988
9992
9997
9991
10000
9989
9979
9981
9997
9999
9995
9979
10000
9983
9992
9979
9995
10000
10000
9983
9983
10000
9983
10000
9982
9987
9979
10000
9980
9990
9996
9973
9995
9995
9950
10000
9996
9970
10000
9991
9989
9999
9956
9977
9971
9989
9980
9978
9956
9984
9993
9975
9992
10000
9988
9983
9985
9975
10000
9980
10000
9986
9982
10000
9992
9993
9981
9973
10000
9991
9996
9974
9998
9990
9988
9995
10000
9981
10000
9966
10000
10000
9986
9977
10000
9979
9995
9962
9991
9990
9997
9994
9977
10000
9988
9978
9997
9996
9992
9996
9964
9994
10000
9998
9975
