9988
9982
9988
9989
9993
9994
9970
9985
9992
9975
9992
9979
9971
9991
9997
9976
9989
9984
9986
9988
9986
9982
9994
9982
9989
9982
9990
9976
9968
9992
9985
9976
9981
9972
9985
9983
9976
9994
10000
9990
9961
9989
9975
9983
9979
9977
9980
9975
9988
9979
9985
9978
9966
9984
9978
9982
9967
9981
9999
9986
9971
9992
9985
9985
9981
9997
9991
9999
9991
9988
9978
9981
9990
9992
9980
9987
9996
9996
9974
9991
9984
9988
9995
9993
9994
9993
9985
9987
9969
9983
9985
9990
9984
9980
9988
9961
9966
9990
9988
9971
9957
9997
9985
9989
9977
9986
9994
9964
9991
9987
9995
9986
9952
9976
10000
9994
9994
9989
9975
9971
9989
9986
9981
9971
9984
9985
9988
9986
9962
9992
9983
9995
9987
9967
9967
9988
9986
9991
9998
9970
9996
9994
9991
9970
9978
9978
9995
9981
9996
9997
9990
9980
9988
9978
9993
9982
9982
9987
9980
9988
9991
9975
9991
9991
9980
9965
9983
9977
9992
9992
10000
9985
9976
9987
9991
9992
9986
9987
9989
9987
9989
9984
9982
9976
9956
9979
9985
9989
9986
9984
9986
9972
9986
9993
9981
9994
9998
9990
9985
9980
9992
9986
9976
9988
9984
9982
9981
9993
9996
9987
9987
10000
9991
9997
9974
9980
9989
9990
9994
10000
9980
9986
9979
9982
9976
9975
9978
9975
9993
9991
9995
9988
9978
9972
9974
9986
9985
9985
9982
9990
9992
9991
9989
9992
9983
9988
9979
9980
9977
9986
9956
9944
9980
9983
9995
9990
9995
9975
9973
9971
9983
9988
9973
9994
9976
9977
9978
9983
9990
9991
9985
9954
9993
9987
9986
9993
9990
9986
9967
9985
9984
9990
9977
9975
9987
9980
9993
9970
9992
9993
9979
9992
9989
9978
9981
9985
9994
9982
9954
9976
9976
9982
9986
9989
9992
9999
9965
9986
9986
10000
9980
9997
9971
9998
9992
9977
9981
9965
9992
9998
9984
9977
9987
9973
9991
9988
9986
9987
9984
9991
9992
9978
9978
9986
9982
9979
9973
9990
9970
9997
9989
9979
9982
9977
9989
9946
9991
9992
9986
9993
9990
9976
9980
9989
9992
9983
9993
9973
9974
9995
9990
9991
9987
9982
9974
9977
9975
9985
9984
9981
9991
9984
9975
9986
9980
9968
9987
10000
9993
9989
9990
9996
9983
9989
9983
9993
9983
9994
9972
9995
9987
9984
9988
9979
9988
9992
9987
9978
9976
9984
9989
9990
9989
9989
9986
9968
9996
9968
9985
9997
9982
9980
9986
9982
9988
9985
9977
9973
9977
9988
9985
9988
9955
9984
9982
9985
9990
9965
9985
9983
9984
9975
9988
9982
9985
9986
9987
9990
9989
9983
9996
9985
9989
9980
9963
9993
9993
9992
9986
9965
9996
9991
9970
9984
9991
9968
9986
9970
9990
9978
9991
9995
9994
9985
9961
9977
9975
9990
9980
9995
9975
9993
9961
9987
9987
9995
10000
9977
9986
9979
9990
9976
9995
9990
9974
9994
9989
9984
9992
9985
9998
9992
9976
9985
9992
9973
9994
9991
9989
9984
9990
9989
9993
9977
9993
9984
9988
9976
9975
9992
9987
9993
9993
9994
9976
9986
9983
9974
9992
9985
9984
9984
9992
9999
9986
9993
9989
9982
9991
9982
9994
9991
9971
9982
9989
9982
9976
9992
9975
9961
9992
9983
9979
9980
9969
9993
9978
9988
9997
9994
9981
9988
9982
9996
9956
9985
9987
9991
9994
9996
9991
9967
9968
9996
9986
9981
9979
9993
9974
9992
9977
9992
9979
9980
9984
9995
9998
9990
9973
9992
9988
9997
9992
9981
9986
9968
9989
9979
9990
9997
9991
9981
9978
9998
9990
9995
9982
9984
9989
9977
9984
9978
9990
9982
9998
9994
9986
9976
9998
9981
9992
9992
9986
9974
9999
9993
9990
9991
9997
9986
9973
9995
9990
9987
9983
9987
9987
9971
9971
9982
9981
9980
9992
9969
9987
9980
9976
9988
9964
9984
9989
9983
9967
9984
9985
9993
9973
9987
9985
9992
9975
9980
9977
9987
9995
9982
9989
9993
9974
9970
9989
9982
9999
9972
9981
9997
9972
9972
9982
9966
9994
9989
9976
9999
9972
9973
9973
9983
9986
9987
9994
9986
9955
9988
9992
9975
9990
9993
9981
9986
9975
9975
9965
9988
9980
9993
9979
9982
9970
9985
9978
9995
9967
9973
9988
9978
9972
9978
9982
9990
9967
9997
9993
9977
9978
9992
9966
9998
9991
9985
9978
9983
9990
9976
9987
9977
9997
9983
9995
9996
9987
9982
9992
9972
9955
9977
9990
9987
9994
9980
9982
9989
9987
9978
9984
9994
9976
9992
9975
9973
9995
9986
9978
9989
9978
9982
9989
9985
9986
9996
9993
9974
9973
9998
9998
9990
9972
10000
9981
9998
9965
9993
9984
9966
9998
9987
9973
9987
9982
10000
9982
9983
9993
9979
9990
9992
9987
9987
9987
9992
9975
9991
9984
9986
9991
9994
9991
9981
9982
9985
9979
9988
9980
9981
9980
9985
9999
9984
9997
9982
9982
9973
9980
9999
9976
9990
9989
9982
9985
9984
9992
9987
9984
9988
9983
9991
9990
9995
9977
9990
9986
9990
9984
9981
9980
9987
9993
9979
9983
9983
9999
9990
9976
9986
9976
9995
9986
9974
9996
9973
9983
9997
9987
9976
9987
9987
9991
9973
9996
9982
9986
9985
9992
9982
9991
9994
9991
9973
9994
9978
9977
9970
9983
9992
9976
9989
9989
9993
9950
9990
9977
9972
9979
9986
9987
9979
9978
9997
9979
9981
9980
9981
9986
9993
9978
9992
9986
9967
9975
9973
9971
9974
9969
9988
9987
9987
9989
9986
9967
9981
9996
9968
9993
9964
9991
9994
9979
9983
9980
9976
9988
9969
9994
9988
9983
9994
9989
9988
10000
9989
9990
9986
9985
9984
9988
9979
9979
9990
9994
9986
9993
9988
9968
9998
9995
9988
9978
9978
9986
9976
9977
9992
9985
9993
9987
9981
9981
9993
9980
9997
9980
9969
9980
9994
9982
9984
9969
9981
9975
9988
9983
9982
9972
9992
9985
9987
9993
9994
9985
9990
9982
9967
9996
9989
9991
9986
9960
9995
9979
9989
9970
9993
9977
9975
9976
9994
9998
9988
9981
9990
