9980
9994
9992
9979
9973
9982
9987
9975
9977
9985
9990
9994
9984
9982
9975
9998
9964
9969
9989
9989
9992
9988
9980
9998
9983
9991
9975
9993
9986
9981
9973
9986
9985
9990
9983
9989
9994
9969
9977
9991
9992
9993
9988
9986
9967
9983
9978
9978
9987
9992
9968
9995
9988
9970
9970
9961
9991
9983
9966
9990
9996
9971
9982
9960
9984
9974
9989
9972
9963
9991
9992
9982
9986
9981
9992
9989
9987
9968
9994
9985
9992
9990
10000
9986
9983
9992
9983
9985
9985
9966
9993
9993
9979
9969
9978
9982
9990
9991
9969
9986
9981
9995
9982
9990
9986
9983
9990
9975
9954
9989
9981
9986
9989
9990
9987
9989
9986
9988
9976
9997
9986
9989
9965
9989
9977
9986
9974
9982
9984
9988
10000
9993
9980
9980
9969
9988
9995
9999
9982
9990
9987
9992
9951
9990
9986
9988
9978
9975
9987
9979
9955
9989
9971
9987
9977
9971
9982
9989
9981
9987
9993
9981
9976
9989
9989
9988
9988
9997
9994
9985
9970
9995
9986
9975
9985
9991
9997
9983
9996
9985
9995
9973
9970
9986
9992
9988
9983
9995
9972
9989
9984
9989
9989
9989
9992
9965
9969
9976
9983
9984
9997
9997
9997
9999
9976
9991
9990
9997
9997
9983
9981
9984
9992
9978
9981
9988
9977
9990
9988
9980
9997
9979
9994
9969
9973
9989
9979
9976
9984
9983
9984
9966
9982
9989
9987
9981
9994
9990
9994
9978
9996
9980
9984
9991
9984
9986
9982
9988
9971
9971
9988
9975
9978
9985
9968
9974
9973
9981
9992
10000
9960
9973
9995
9994
9972
9975
9986
9994
9976
9973
9973
9973
9976
9966
9999
9993
9981
9983
9973
9995
9985
9986
9974
9984
9969
9987
9990
9995
9971
9979
9994
9987
9996
9981
9989
9951
9984
9982
9992
9984
9980
9994
9987
9988
9982
9975
9983
9967
9995
9990
9990
9981
9990
9993
9994
9998
9975
9982
9994
9978
9988
9988
9981
9988
9988
9991
9980
9996
9980
9982
9996
9983
9986
9991
9988
9984
9983
9994
9995
9983
9977
9995
9985
9990
9998
9986
9989
9994
9978
9996
9982
9997
9988
9981
9980
9986
9981
9981
9981
9995
9979
9982
9988
9963
9992
9989
9980
9993
9984
9992
9982
9991
9993
9951
9990
9988
9993
9985
9996
9983
9995
9982
9992
9974
9991
9975
9971
9983
9976
9984
9991
9989
9943
9972
9972
9963
9981
9977
9985
9985
9986
9987
9993
9982
9998
9986
9998
9984
9957
9993
9980
9990
9981
9983
9974
9986
9994
9982
9984
9967
9974
9972
9995
9977
9997
9963
9984
9973
9987
9988
9971
9979
9984
9996
9985
9985
9989
9981
9984
9995
9979
9977
9996
9982
9996
9985
9993
9988
9967
10000
9974
9987
9970
9990
9992
9956
9983
9971
9995
9956
9974
9985
9968
9993
9983
9990
9980
9997
9989
9979
9994
9987
9979
9987
9978
10000
9987
9989
9973
9982
9989
9985
9996
9986
9964
9971
9970
9995
9977
9990
9977
9987
9993
9994
9984
9991
9979
9984
10000
9979
9974
9993
9980
9985
9984
9977
9978
9989
9984
9994
9966
9975
9995
9969
9971
9994
9987
9996
9990
9986
9979
9995
9994
9981
9994
9993
9983
9977
9977
9980
9984
9988
9969
9983
9986
9989
9968
9987
9984
9989
9992
9980
9982
9979
9988
9991
9958
9990
9971
9982
9978
9968
9980
9996
9972
9989
9976
9977
9972
9992
9989
9984
9982
9989
9983
9977
9990
9985
9969
9971
9958
9949
9991
9982
9974
9986
9957
9988
9986
9986
9985
9961
9984
9989
9988
9979
9983
9997
9988
9984
9994
9981
9976
9988
9987
9990
9996
9967
9973
9982
9968
9984
9989
9988
9997
9990
9995
9986
9970
9977
9977
9993
9994
9985
9983
9969
9998
9985
9985
9999
9993
9995
9986
9981
9980
9993
9992
9975
9980
9976
9977
9994
9987
9989
9989
9965
9976
9996
9979
9984
9976
9986
9987
9989
9982
9962
9975
9984
9964
9991
9991
9973
9998
9987
9993
9994
9991
9984
9993
9990
9992
9983
9964
9973
9985
9985
9972
9984
9989
9956
9978
9984
9984
9990
9990
9988
9970
9981
9983
9979
9992
9993
9998
9987
9980
9984
9980
9990
9987
9986
9995
9957
9994
9982
9990
9986
9990
9992
9979
9971
9987
9979
9989
9994
9988
9963
9985
9973
9986
9972
9965
9972
9996
9995
9986
9979
9979
9989
9983
9993
9968
9987
9991
9985
9980
9995
9989
9988
9988
9988
9960
9994
9991
9986
9983
9988
9976
9991
9964
9982
9990
9984
9991
9988
9986
9986
9986
9983
9997
10000
9982
9994
9986
9992
9981
9996
9994
9992
9977
9997
9994
9968
9979
9993
9974
9972
9991
9989
9981
9973
9995
9967
9986
9984
9993
9994
9977
9968
9991
9970
9981
9988
9982
9996
9976
9980
9986
9990
9995
9982
9983
9982
9985
9977
9989
9978
9974
9984
9993
9992
9985
9963
9990
9987
9992
9978
9992
9974
9980
9990
9985
9988
9978
9976
9989
9981
9972
9980
9982
9981
9979
9972
9960
9991
9983
9980
9994
9986
9992
9968
9995
9991
9991
9980
9990
9980
9983
9992
9995
9990
9986
9977
9984
9966
9978
9982
9982
9990
9974
9992
9973
9998
9973
9992
9987
9953
9976
9986
9984
9998
9981
9966
9994
9996
9966
9968
9984
9992
9996
9999
9992
9996
9982
9989
9981
9975
9984
9981
9950
9985
9985
9987
9986
9962
9982
9989
9990
9997
9980
9989
9995
9995
9993
9991
9985
9968
9987
9991
9977
9993
9970
9998
9981
9983
9994
9990
9985
9971
9972
9986
9988
9959
9991
9996
9990
9961
9992
9955
9997
9977
9998
9998
9990
9976
9987
9971
9987
9980
9986
9985
9965
9996
9966
9996
9985
9987
9998
9987
9985
9984
9990
9958
9989
9996
9992
9979
9997
9997
9991
9996
9993
9986
9992
9974
9992
9980
9975
9992
9992
9994
9983
9994
9986
9988
9986
9991
9982
9988
9990
9982
9992
9985
9986
9994
9975
9990
9970
9991
9984
9974
9989
9984
9988
9975
9985
9973
9992
9992
9991
9982
9967
9972
9948
9974
9977
9985
9995
9982
9993
9989
