9983
9987
9997
9987
9993
9989
9992
9995
10000
9977
9969
9992
9993
9996
9989
9971
9956
9991
9990
9988
9999
9974
9978
9985
9988
10000
9985
9983
10000
9976
9984
9981
9981
9989
9983
10000
9985
9993
9972
9993
9984
10000
9989
9979
9987
9985
9989
10000
9990
9993
9999
9994
9991
9991
9999
9996
9975
9988
9975
9995
9963
9993
9983
9993
9988
9980
9968
9976
9991
9998
10000
9975
9989
9991
9980
9973
9962
9978
9987
9989
9986
9963
9998
10000
9981
9986
9998
9990
9997
10000
10000
9987
9987
9981
9986
9997
9985
9980
9991
9988
9987
9992
9982
9992
9992
9976
9997
9976
10000
9988
9999
9996
9989
9982
9963
9985
9987
9995
9978
9986
9989
9991
9972
10000
10000
9988
9991
9995
9984
9990
9985
9996
9983
10000
9987
9985
9980
9997
9999
9989
9984
9983
9988
9993
9979
9993
9989
9987
9981
9986
9985
9988
9989
9980
9981
9993
9982
9999
9983
9988
9973
9989
9982
9987
9989
9986
9983
9983
9999
9986
9994
9991
9999
9990
9993
9994
9987
9987
9984
9991
9994
9989
9991
9995
9995
9987
9988
9980
9996
9998
9993
9983
9986
9987
9989
9983
9989
10000
9991
9995
9982
9999
9997
9985
9969
9993
9983
9990
9964
9998
9990
10000
9993
9987
9969
9996
9990
9978
9950
9987
9980
10000
9998
9996
9993
9991
9988
9978
10000
9986
9981
10000
9994
9974
10000
9992
9980
10000
9985
9996
9995
9990
9974
9982
9997
9998
9989
9998
9982
9992
9979
9986
9978
9999
9991
9959
9993
9994
9977
9981
9993
9995
9985
9995
9991
9978
9991
9957
10000
9976
9999
9987
9980
9984
9990
9978
9997
9997
9986
9985
9967
9993
9971
9979
9988
9986
9984
9988
9991
9990
9992
9997
9997
9985
9984
9981
10000
9970
9987
9995
9978
9976
9978
9980
9995
9945
9980
9983
9980
9984
9981
9982
9983
9967
10000
9994
9995
9981
9989
9976
9993
9972
9996
9997
9979
9973
9983
9992
10000
9986
9991
9987
9985
9973
9992
9998
9979
9996
9990
9989
9981
9986
9990
9987
10000
9991
9992
9961
9993
9998
9977
9991
9993
9985
9966
10000
9974
10000
9989
9988
10000
9994
9987
9979
9991
9987
9996
9989
9993
9991
9992
9971
9971
9987
10000
9998
9978
9988
9999
9983
9993
9999
9985
9997
9980
9987
9981
9980
9989
9986
9989
9990
9980
9993
9983
9993
9970
9994
9977
9986
9985
9996
9986
10000
9980
9979
9971
9980
9971
10000
9984
9976
9988
9984
9989
10000
9968
9985
9996
9989
10000
9974
9992
9993
9980
9991
9998
9981
9971
9994
9971
9972
9992
9987
9979
9985
9992
9974
9979
9967
9990
9992
9991
9990
9980
9995
9997
9982
9970
9984
9989
9981
9974
9974
9989
9975
9982
9993
9994
9995
9976
9984
9989
9985
9980
9992
9973
9991
9990
9982
9990
9975
9986
9977
9963
9987
9963
9975
9992
9963
9976
9972
9985
9990
9974
9985
9988
10000
9977
9987
9978
9977
10000
9999
9983
9979
9989
9973
9984
9992
9983
9998
9991
9975
9973
9976
9986
9965
9999
9987
9995
9985
9985
9974
9981
9973
9997
9999
9977
9980
9988
9990
9983
9978
9969
10000
9999
9990
9993
9998
9989
10000
9993
9978
9999
9976
9995
9982
9983
9993
10000
9984
9990
9990
9976
10000
9988
9954
9992
9997
9993
9991
9990
9995
9995
9979
9989
9991
9987
9990
9984
10000
9974
9979
9985
9993
9986
9988
9993
9989
9982
9984
9976
9994
9995
9989
10000
9992
9988
9997
10000
9992
9996
9987
9976
9996
9986
9988
9991
10000
9966
9947
9993
9976
9974
9993
9971
9962
9982
9979
9994
9979
9983
9962
9997
9995
9987
9970
9992
9980
10000
10000
9986
9991
9977
9986
9986
9988
9982
9997
9994
9973
9981
9980
10000
9991
9983
9974
9972
9994
10000
9998
9979
9970
9988
9990
9991
9993
9974
9978
9992
10000
9979
9993
9994
9973
10000
9976
9987
9994
9999
9984
10000
9988
9987
9983
9989
9989
9987
9984
9989
9979
9987
10000
9997
9977
9995
9972
9994
9998
9999
9980
9988
9985
10000
9984
9972
9983
9976
9994
9986
9988
9985
9985
9976
9985
9986
9988
9994
9969
9996
9981
9973
9951
9986
9997
10000
9977
9982
9987
9992
9963
9985
9989
9991
9974
9982
9984
9998
9974
9973
10000
9952
9995
9977
9972
9977
9999
9973
9958
9979
9990
10000
9993
9974
9968
9989
9984
9987
9972
10000
9997
9986
9975
9986
9985
9992
9988
9992
9999
9984
9995
9998
9992
9969
9985
9996
9992
10000
9974
9987
9990
9992
9984
9990
9956
9997
9985
9998
10000
10000
9946
9997
9999
9996
9988
9983
9986
9989
9980
9982
9991
9988
9980
9978
9972
9965
9982
9952
9975
9987
9989
9989
9996
9976
9991
9991
9980
9980
9992
9997
10000
9977
9998
9995
9991
9995
9984
9982
9984
9994
9994
9977
9979
9999
9988
9973
9987
9976
9993
9999
9998
9993
9987
9990
9982
9987
9988
9969
9992
9993
9984
9994
9979
9980
9997
9975
9993
9991
9983
9984
9983
9984
9987
9978
9990
9989
10000
9979
9983
10000
9999
9971
9983
9995
9993
9999
9983
9990
9989
9990
9982
9981
9992
9986
10000
10000
9976
9993
9987
9989
9972
9992
9999
9996
9980
10000
9998
9983
9998
9988
9987
9997
9983
9992
9989
9979
9971
10000
9983
9973
9994
9988
9983
9982
9971
9988
9995
9993
9994
9976
9989
9997
9982
9993
9987
9988
9979
9988
10000
9989
9992
9998
9978
10000
9984
9980
9970
9986
9997
9975
9992
9985
10000
10000
9988
10000
9987
9975
10000
9984
9994
9982
9981
9989
9982
9981
9971
9991
9994
9998
10000
9995
9970
9982
9987
9990
9990
9981
10000
9996
9994
9998
9972
9991
9981
9986
9993
9983
9993
9999
9971
9979
9981
9994
9992
9988
9991
9991
9972
9990
9992
9993
9991
9975
9984
9966
10000
9982
9990
9997
9985
9977
9979
9990
9959
9988
9993
9986
9989
9999
9982
9986
9998
9981
10000
9986
9992
9995
9997
9979
9983
9974
9988
9992
9989
9985
9995
9998
9992
