9975
9995
10000
9995
9998
9999
10000
9980
9986
9994
9986
9995
9999
10000
9997
9983
9994
10000
10000
9991
9995
9976
9980
9988
9999
9985
9987
9997
9978
9973
9990
9979
9959
9997
9993
9998
9992
9970
9990
9987
9989
9988
9995
10000
9995
9981
9987
9989
10000
9972
9995
9992
9985
9999
9994
9969
9991
9999
9996
9980
9995
9983
9984
9998
9978
9988
9984
9979
10000
10000
9996
9985
9999
10000
9978
9981
10000
9980
9984
9984
9999
9975
9980
9987
9991
9987
9977
9985
9988
9990
9993
9987
9998
9989
9992
9990
9996
9987
9988
9998
9982
9966
9966
9984
9988
9995
9989
9989
9985
10000
9997
9997
10000
9985
9991
9981
9980
9991
10000
9996
9989
9991
9966
9990
9997
9974
9992
9982
9979
9974
9996
9980
9986
10000
9992
9988
9986
10000
9998
9985
9984
10000
9995
9993
9994
9993
10000
9983
9997
9984
9994
9996
9985
9995
9999
9986
9979
9975
9985
9993
10000
9989
9992
9999
9996
9990
10000
9984
9980
9997
9982
9970
9975
9992
9985
9989
9998
9985
9982
9987
9999
9985
9984
9993
9969
9988
9993
9986
9985
10000
10000
9981
9999
9998
9981
9999
9994
9997
9976
9984
9987
10000
9993
9989
9990
9965
9990
9987
9983
9993
10000
10000
9980
9983
9988
9999
9985
9978
9991
9998
9998
9982
9978
9996
9992
9993
9997
9990
9982
9988
9962
9990
9984
10000
9992
10000
9994
9997
10000
9996
10000
9985
9975
9996
9998
9972
9978
9972
9993
9996
9989
10000
9988
9980
9996
10000
9998
9992
9988
9999
9994
9976
9983
10000
9987
10000
9990
9994
9971
10000
9990
9950
9999
9985
9997
9994
9991
9982
9987
10000
9974
9993
9994
9999
9982
9994
10000
9999
10000
9998
10000
9981
9995
9967
9981
9986
9966
9986
9980
9961
9978
9990
9998
9992
9987
9990
9992
9992
10000
9984
10000
9980
9974
9992
9999
9987
9998
9991
9985
9999
9993
9985
9992
9988
9982
10000
9980
9977
9997
9981
10000
9993
9973
9985
10000
10000
9996
9995
9995
10000
9987
9980
9972
9984
9974
9987
9981
9984
9998
9988
9983
9987
9957
9978
9997
9996
9994
9999
9995
10000
9999
9989
9989
10000
9985
10000
9986
10000
9969
9982
9997
9991
9988
9977
9992
9994
9974
9987
9998
9988
9993
9959
9984
10000
9999
9994
9991
9967
9993
10000
9985
9974
9988
9970
9996
9987
9979
9991
10000
9989
9990
9972
9999
9993
9988
9999
9992
9977
9995
9991
9982
10000
9998
9967
10000
9984
9999
9993
9998
9994
9998
9990
9987
9987
9970
9987
9989
9991
10000
9999
9985
10000
9992
9990
9992
9996
9986
10000
10000
9996
9973
9994
9993
9988
9989
9974
10000
9999
10000
9996
9995
10000
9977
10000
9995
9986
9994
9995
9999
9995
9988
9986
9969
9982
9990
9999
9974
9991
9981
9982
9993
10000
9975
9995
9991
10000
10000
9987
9983
10000
9995
10000
9994
9982
9975
9999
9990
9999
9991
9998
9996
9984
9963
9993
9991
9993
10000
9994
10000
9985
9986
9999
9988
9992
9971
9999
9981
9999
9999
9966
9993
10000
9981
9985
9997
9955
9992
9996
9992
9975
9988
9969
9990
9987
9989
9951
9999
10000
9984
9992
9992
9971
9993
10000
9992
9969
9993
9990
9986
9989
9982
9984
9978
9993
10000
9993
9988
9984
9984
9995
9990
9987
9980
9981
9985
9987
9998
9996
9996
10000
9995
9973
9990
9986
9987
9990
9988
9999
9995
9990
10000
9957
10000
9989
10000
10000
9993
9992
9994
9977
9999
10000
9986
9980
9983
9989
9999
9983
9979
10000
9993
9992
9979
9997
10000
10000
9987
9980
9995
9999
10000
9996
9984
9991
9994
9985
9995
9986
9995
9982
9971
9988
9994
10000
9992
10000
9978
10000
9991
9997
9985
9985
9986
10000
9997
9995
9974
9985
9984
9999
9985
9994
10000
9991
9994
9985
9992
9982
9994
9993
9982
9990
9998
9988
9992
10000
9979
9994
9981
10000
9978
9969
10000
9982
9996
9992
9990
9987
9997
9992
9990
10000
9984
10000
9977
9970
9986
9977
9986
10000
10000
9993
9988
9992
10000
9978
9983
9973
9969
9997
9994
9987
9992
9992
9989
10000
9983
9995
9989
9983
9994
9995
10000
10000
9990
9990
9984
9993
9979
9994
9984
9994
9998
9988
9965
9990
9988
10000
10000
9956
9997
9996
9977
9980
9986
9998
9988
9966
9995
10000
9986
9997
9979
9992
9986
9985
9998
9987
9986
9986
9983
10000
9996
9998
9993
9972
9990
9989
9988
9991
9989
9981
9964
9982
9994
9993
9986
9983
9996
9989
9998
9986
9991
9994
9994
9992
9994
10000
9969
9997
10000
9985
9998
9983
9994
9993
9971
9989
9989
9990
9980
10000
9987
10000
10000
9989
9990
9984
9962
9987
9982
9991
9993
9996
9979
9987
10000
9988
9995
10000
9992
9987
9982
10000
9993
10000
9987
9986
10000
9996
9988
9992
9980
9972
9966
9979
9981
9995
9951
9975
10000
9989
9983
9989
9986
9976
10000
9988
10000
9999
9992
9983
9986
9980
9999
10000
9988
9992
9992
10000
9947
9986
9991
9993
9991
9995
9991
9973
10000
10000
9989
9983
9991
10000
10000
9988
9993
9999
9984
9985
9978
9992
9999
9980
9996
9985
10000
9994
9987
9999
9999
9971
9982
9990
9979
9995
9994
9998
9991
10000
9977
9997
9986
9995
9998
9993
9997
9994
9998
9997
9978
10000
9996
9981
10000
9998
9995
10000
10000
9978
9988
9986
9994
9990
9981
9999
9997
9989
9998
9999
9998
10000
9988
9972
9998
10000
9990
9988
10000
9987
10000
9976
10000
9986
9991
9979
9993
9993
9990
9998
9982
9995
9997
9998
9990
9971
10000
9982
9979
9997
9994
9991
10000
9992
9992
9995
9982
9997
9995
9962
9988
9981
10000
9998
9970
9988
9994
9990
9994
9968
10000
9984
9996
9985
9970
9986
9973
9993
9992
9993
9974
9992
9978
9995
9982
9985
9989
9999
9987
9999
9992
9983
9999
9980
9986
9979
10000
9990
9993
9999
9996
10000
9983
9994
10000
9969
9999
9994
10000
10000
9996
9993
9980
9984
9979
9986
9973
9980
9985
9978
