9988
9986
9976
9977
9967
9974
9992
9981
9991
9974
9976
9992
9988
9981
9986
9980
9988
9989
9978
9987
9980
9994
9992
9997
9992
9978
9996
9982
9986
9967
9982
9986
9984
9986
9990
9985
9984
9984
9969
9995
9987
9985
9991
9993
9993
9990
9996
9979
9984
9985
9985
9984
9988
9984
9986
9993
9988
9996
9968
9963
9984
9986
9991
9995
9994
9983
9999
9979
9994
9994
9974
9992
9993
9989
9986
9964
9981
9998
9988
9987
9978
9985
9985
9968
9992
9971
9978
9994
9977
9981
9988
9976
9974
9978
9982
9987
9974
9986
9996
9990
9993
9989
9986
9989
9979
9983
9976
9998
9991
9974
9960
9988
9984
9986
9979
9978
9974
9978
9995
9994
9989
9992
9985
9980
9992
9979
9994
9993
9975
9966
9977
9986
9977
9994
9976
9972
9979
9997
9960
9982
9976
9987
9988
9994
9988
9995
9979
9969
9987
9992
9983
9978
9984
9975
9989
9991
9968
9997
9989
9995
9974
9983
9970
9981
9977
9993
9966
9974
9991
9983
9976
9995
9958
9988
9984
9972
9989
9990
9965
9988
9988
9986
9957
9979
9993
9980
9993
9995
9995
9980
9989
9982
9991
9990
9986
9991
9987
9976
9987
9990
9950
9989
9982
9992
9963
9980
9977
9972
9982
9985
9987
9999
9980
9991
9988
9977
9996
9996
9983
9991
9971
9985
9979
9992
9977
9977
9982
9982
9984
9971
9983
9980
9990
9979
9985
9987
9991
9991
9981
9987
9979
9983
9977
9987
9971
9987
9936
9985
9980
9968
9993
9994
9979
9995
9980
9987
9960
9975
9994
9988
9970
9983
9971
9979
9979
9977
9991
9982
9956
9976
9985
9966
9990
9979
9987
9996
9977
9975
9983
9980
9984
9979
9995
9978
9981
9958
9984
9960
9977
9983
9984
9987
9969
9990
9969
9983
9989
9976
9984
9985
9994
9956
9987
9980
9964
9979
9995
9988
9997
9981
9985
9987
9996
9973
9993
9986
9987
9993
9986
9978
9971
9993
9969
9980
9989
9987
9956
9999
9967
9980
9981
9969
9991
9976
9990
9992
9995
9979
9985
9972
9977
9993
9985
9989
9982
9977
9963
9977
9978
9998
9984
9984
9991
9972
9993
9994
9991
9982
9990
9980
9994
9994
9990
9978
9981
9993
9984
9996
9993
9980
9980
9987
9997
9988
9992
9997
9989
9989
9983
9984
9989
9982
9989
9979
9976
9996
9988
9993
9996
9986
9991
9989
9993
9983
9992
9983
9985
9991
9996
9985
9984
9995
9992
9984
9983
9983
9978
9984
9982
9998
9993
9985
9999
9978
9970
9989
9982
9975
9985
9989
9979
9979
9968
9993
9993
9981
9986
9981
9979
9997
9991
9990
9998
9976
9987
9953
9991
9964
9986
9963
9990
9989
9988
9969
9983
9974
9982
9987
9988
9976
9993
9966
9979
9991
9965
9984
9968
9977
9988
9959
9991
9966
9995
9989
9992
9983
9984
9980
9996
9975
9968
9979
9982
9992
9994
9991
9966
9996
9989
9983
9987
9993
9990
9993
9982
9982
9994
9989
9980
9970
9982
9996
9983
9989
9989
9976
9997
9996
9984
9997
9996
9961
9995
9987
9993
9989
9981
9991
9971
9987
9984
9993
9953
9981
9981
9979
9994
9995
9979
9990
9990
9955
9985
9987
9990
9998
9987
9989
9993
9972
9973
9966
9991
9963
9988
9981
9988
9980
9970
9987
9994
9985
9976
9974
9989
9981
9993
9981
9983
9977
9987
9985
9978
9969
9982
9969
9982
9982
9992
9967
9992
9982
9989
9983
9987
9963
9990
9983
9983
9989
9976
9986
9958
9978
9981
9991
9993
9990
9990
9988
9998
10000
9991
9977
9979
9979
9983
9978
9973
9960
9982
9965
9978
9992
9992
9976
9986
9989
9967
9968
9974
9985
9989
9990
9991
9989
9941
9971
9992
9982
9977
9968
9985
9987
9993
9977
9986
9990
9971
9983
9972
9977
9987
9986
9986
9997
9974
9985
9981
9951
9991
9963
9986
9985
9966
9987
9988
9967
9992
9973
9974
9987
9976
9977
9993
9995
9988
9981
9987
9959
9981
9984
9994
9976
9996
9981
9991
9991
9983
9992
9978
9961
9990
9991
9972
9992
9978
9983
9991
9994
9986
9991
9998
9985
9991
9978
9991
9992
9983
9990
9981
9961
9994
9993
9998
9990
9994
9998
9980
9992
9984
9963
9994
9974
9969
9996
9996
9982
9986
9980
9989
9992
9990
9985
9984
9980
9989
9978
9981
9984
9972
9995
9981
9973
9992
9989
9994
9985
9973
9990
9980
9984
9978
9991
9995
9998
9983
9970
9981
9958
9955
9976
9977
9993
9983
9994
9985
9987
9981
10000
9992
9994
9988
9993
9997
9989
9976
9985
9986
9976
9991
9968
9984
9980
9989
9990
9991
9989
9984
9989
9985
9981
9987
9995
9990
9982
9994
9987
9976
9994
9979
9989
9978
9969
9996
9979
9994
9993
9988
9989
9967
9993
9943
9965
9999
9985
9997
9995
9994
9965
9964
9993
9986
9993
9973
9985
9986
9980
9989
9985
9978
9991
9981
9986
9992
9979
9988
9992
9986
9988
9981
9946
9989
9993
9970
9994
9964
9961
9965
9972
9981
9981
9992
9994
9974
9979
9993
9995
9982
9991
9994
9987
9995
9996
9970
9991
9992
9982
9979
9985
9991
9990
9976
9975
9989
9989
9990
9971
9969
9981
9994
9969
9995
9988
9977
9992
9980
9991
9996
9989
9983
9993
9986
9994
9976
9984
9975
9973
9982
9989
9996
9994
9970
9978
9982
9988
9989
9985
9995
9995
9994
9984
9995
9985
9985
9991
9994
9973
9982
9988
9978
9970
9995
9993
9975
9985
9982
9988
9971
9991
9992
9978
9982
9993
9988
9983
9987
9987
9989
9985
9988
9996
9980
9993
9996
9990
9996
9961
9982
9985
9971
9994
9957
9987
9986
9996
9985
9989
9982
9998
9968
9973
9983
9985
9986
9994
9991
9982
9998
9980
9992
9989
9988
9981
9991
9983
9965
9989
9991
9990
9994
9974
9987
9985
9953
9943
9982
9960
9980
9982
9965
9983
9993
9970
9996
9983
9980
9984
9992
9978
9966
9983
9988
9985
9986
9986
9996
9978
9983
9985
9996
9976
9972
9977
9990
9982
9989
9981
9992
9983
9992
9980
9985
9996
9986
9976
9975
9987
9983
9987
