9986
9985
9980
9988
9987
9970
9979
9989
9973
9994
9992
9987
9964
9988
9961
9963
9984
9974
9994
9974
9990
9988
9991
9961
9982
9978
9990
9997
9979
9985
9990
9981
9987
9983
9985
9976
9978
9991
9993
9982
9978
9988
9980
9992
9979
9986
9997
9976
9981
9972
9982
9983
9977
9984
9985
9979
9991
9967
9989
9978
9992
9990
9982
9998
9964
9980
9989
9984
9983
9992
9984
9974
9982
9974
9983
9971
9982
9976
9982
9993
9973
9993
9980
9995
9990
9983
9972
9993
9977
9988
9996
9991
9992
9985
9976
9981
9979
9985
9983
9991
9953
9991
9981
9987
9983
9964
9988
9975
9985
9971
9990
9979
9990
9992
9961
9994
9984
9977
9993
9985
9995
9984
9985
9981
9995
9979
9992
9990
9977
9980
9991
9977
9989
9979
9993
9994
9985
9986
9989
9978
9976
9985
9976
9993
9986
9990
9985
9985
9990
9985
9987
9989
9976
9973
9989
9987
9991
9988
9997
9991
9993
9986
9989
9970
9991
9997
9988
9991
9965
9992
9979
9990
9982
9972
9986
9984
9985
9990
9981
9992
9992
9973
9989
9999
9993
9971
9997
9986
9984
9983
9983
9986
9991
9983
9987
9985
9967
9969
9995
9974
9993
9992
9990
9984
9962
9982
9992
9988
9987
9991
9976
9982
9989
9988
9976
9989
9990
9991
9993
9985
9995
9987
9978
10000
9995
9992
9983
9992
9975
9982
9965
9993
9995
9972
9986
9981
9981
9983
9976
9994
9986
9975
9978
9980
9997
9966
9984
9959
9989
9991
9993
9985
9993
9981
9981
9983
9981
9979
9991
9961
9977
9992
9990
9988
9997
9997
9993
9993
9986
9985
9985
9993
9989
9971
9982
9994
9985
9951
9973
9983
9971
9990
9992
9987
9996
9984
9990
9984
9993
9981
9992
9986
9990
9995
9997
9984
9990
9983
9982
9981
9994
9978
9965
9988
9996
9967
9986
9995
9991
9994
9998
9993
9987
9992
9980
9982
9997
9975
9977
9984
9977
9994
9973
9989
9998
9977
9990
9990
9992
9991
9982
9988
9993
9995
9984
9990
9985
9981
9998
9986
9987
9980
9993
9992
9994
9981
9957
9983
9984
9995
9980
9983
9980
9982
9988
9984
9995
9955
9972
9981
9985
9980
9996
9981
9990
9975
9987
9992
9987
9980
9984
9980
9989
9987
9983
9973
9993
9992
9997
9989
9981
9992
9991
9985
9972
9987
9983
9988
9948
9988
9982
9986
9982
9984
9975
9971
9959
9955
9999
9983
9983
9978
9989
9988
9978
9965
9980
9978
9998
9991
9976
9998
9992
9986
9970
9965
9991
9952
9984
9993
9971
9991
9990
9990
9977
9996
9989
9989
9980
9982
9985
9990
9966
9995
9971
9988
9975
9992
9990
10000
9995
9990
9977
9991
9985
9973
9980
9986
9954
9990
9983
9988
9990
9993
9992
9977
9987
9981
9985
9986
9992
9988
9986
9995
9989
9985
9981
9992
9987
9982
9987
9978
9987
9966
9980
9986
9980
9975
9992
9993
9985
9983
9993
9964
9960
9979
9985
9979
9981
9970
9994
9989
9967
9991
9983
9995
9990
9995
9979
9992
9968
9989
9994
9989
9983
9990
9981
9989
9967
9989
9997
9966
9991
9999
9976
9984
9984
9983
9982
9986
9971
9975
9975
9986
9997
9994
9977
9977
9976
9997
9981
9993
9988
9990
10000
9995
9992
9987
9989
9977
9985
9967
9982
9991
9996
9987
9994
9987
9990
9982
9992
9985
9984
9974
9985
9995
9967
9987
9987
9971
9982
9985
9982
9959
9981
9987
9991
9988
9956
9988
9997
9997
9978
9982
9980
9997
9991
9971
9967
9978
9994
9963
9980
9984
9969
9985
9989
9976
9989
9997
9968
9994
9992
9988
9962
10000
9993
9995
9995
9947
9977
9987
9986
9967
9988
9987
9985
9994
9993
9990
9980
9995
9988
9985
9974
9988
9993
9976
9981
9989
9983
9992
9980
9996
9973
9990
9969
9985
9979
9995
9985
9980
9980
9981
9988
9983
9975
9980
9959
9990
9987
9991
9972
9987
9967
9968
9978
9981
9990
9982
9992
9982
9991
9988
9969
9993
9997
9987
9991
9980
9992
9999
9983
9994
9988
9995
9992
9995
9979
9993
9992
9997
9993
9989
9996
9992
9996
9977
9994
9989
9983
9980
9979
9986
9990
9984
9985
9947
9994
9972
9998
9983
9995
9996
9985
9988
9972
9992
9991
9975
9965
9981
9989
9995
9986
9984
9991
9973
9992
9985
9995
9988
9985
9993
9982
9988
9976
9982
9992
9965
9979
9954
9999
9975
9989
9969
9974
9984
9969
9992
9974
9996
9985
9993
9986
9980
9988
9985
9974
9990
9973
9985
9973
9986
9984
9978
9975
9990
9985
9988
9992
9994
9967
9981
10000
9998
9995
9979
9991
9978
9991
9986
9978
9993
9986
9993
9976
9984
9991
9995
9989
9990
9986
9995
9968
9989
9975
9991
9980
9986
9992
9988
9967
9992
9987
9969
9953
9992
9995
9981
9993
9990
9984
9987
9976
9983
9988
9966
9997
9961
9985
9981
9982
9987
9986
9992
9983
9984
9978
9995
9941
9992
9991
9979
9977
9998
9966
9987
9998
9970
9985
9992
9979
9985
9986
9994
9989
9989
9988
9992
9982
9981
9994
9987
9978
9978
9988
9995
9991
9989
9984
9972
9992
9994
9983
9987
9994
9975
9962
9976
9989
9977
9984
9988
9997
9983
9975
9973
9990
9993
9968
9986
9993
9991
9973
9972
9973
9986
9987
9987
9964
9985
9985
9973
9982
9986
9971
9986
9990
9986
9986
9988
9973
9973
9983
9978
9994
9995
9982
9985
9977
9974
9984
9988
9979
9984
9984
9988
9982
9994
9985
9976
9976
9976
9989
9993
9957
9981
9992
9985
9988
9985
9992
9986
9983
9973
9987
9981
9991
9989
9987
9979
9982
9979
9989
9989
9988
9994
9976
9984
10000
9988
9946
9997
9987
9975
9975
9995
9987
9984
9984
9981
9982
9991
9999
9978
9984
9996
9983
9982
9993
9988
9989
9957
9979
9986
9980
9999
9985
9979
9998
9987
9997
9996
9956
9968
9986
9988
9990
9977
9978
9979
9992
9994
9984
9984
9988
9989
9983
9990
9987
9988
9987
9993
9966
9987
9980
9990
9983
9995
9993
9989
9994
9980
9977
9988
9981
9974
9991
9976
