9995
9992
9987
9983
9993
9982
9988
9991
9986
9998
9983
9983
9982
9982
9988
9960
9981
9989
9978
9983
9983
9983
9987
9980
9961
9991
9982
9981
9988
9990
9995
9980
10000
9972
9992
9979
9981
9971
9986
9988
9977
9997
9966
9970
9974
9995
9993
9985
9988
9984
9981
9994
9979
9991
9985
9999
9958
9975
9982
9945
9990
9988
9968
9976
9988
9985
9995
9988
9988
9987
9985
9976
9979
9974
9967
9999
9989
9988
9957
9982
9992
9998
9993
9991
9990
9979
9985
9996
9991
9991
9982
9987
9983
9990
9965
9972
9992
9982
9987
9998
9983
9987
9967
9980
9988
9975
9994
9977
9996
9992
9970
9986
9995
9985
9981
9990
9992
9962
9968
9987
9978
9988
9982
9975
9995
9990
9986
9992
9995
9982
9981
9979
9981
9982
9991
9987
9984
9991
9993
9982
9988
9991
9989
9992
9996
9974
9980
9987
9975
9984
9981
9985
9986
9986
9992
9974
9999
9975
9966
9978
9976
9993
9983
9965
9978
9991
9976
9997
9973
9962
9985
9999
9986
9992
9995
9949
9981
9982
9989
9984
9992
9990
9986
9977
9972
9994
9988
9996
9996
9975
9983
9980
9991
9990
9959
9996
9987
9975
9984
9990
9988
9977
9964
9986
9985
9971
9990
9983
9984
9977
9993
9997
9987
9987
9979
9988
9984
9997
9986
9976
9990
9984
9989
9996
9966
9990
9969
9982
9994
9992
9994
9981
9991
9982
9988
9994
9996
9975
9969
9986
9989
9985
9987
9973
9973
9995
9991
9998
9991
9985
9978
9980
9988
9993
9991
9991
9993
9998
9995
9984
9981
9978
9984
9995
9958
9989
9990
9989
9985
9987
9993
9973
9991
9987
9969
9995
9982
9984
9976
9990
9994
9979
9985
9971
10000
9980
9989
9978
9988
9979
9981
9975
9992
9989
9982
9987
9998
9987
9980
9981
9990
9974
9978
9978
9986
9961
9982
9974
9972
9991
9988
9992
9990
9978
9979
9981
9980
9981
9977
9997
9974
9971
9988
9998
9986
9985
9990
9992
9975
9978
9990
9964
9980
9991
9986
9992
9989
9994
9980
9996
9976
9989
9988
9965
10000
9973
9979
9988
9959
9984
9974
9972
9989
9986
9985
9970
9987
9994
9985
9989
9973
9986
9970
9958
9975
9995
9964
9987
9984
9990
9976
9978
9985
9991
9983
9999
9987
9993
9978
9990
9991
9973
9985
9970
9978
9990
9979
9987
9991
9985
9985
9982
9962
9991
9986
9985
9990
9990
9992
9973
9979
9977
9977
9993
9985
9985
9991
9997
9987
9958
9989
9990
9990
9992
9987
9950
9979
9988
9982
9987
9990
9977
9993
9984
9980
9999
9995
9995
9987
9983
9989
9994
9995
9977
9984
9968
9981
9985
9978
9985
9983
9985
9975
9968
9966
9983
9987
9985
9985
9976
9996
9986
9990
9994
9997
9970
9992
9990
9988
9991
9985
9984
9991
9987
9969
9971
9996
9991
9984
9992
9990
9968
9962
9986
9998
9987
9984
9956
9943
9993
9984
9972
9983
9987
9995
9992
9963
9988
9990
9981
9994
9991
9979
9979
9982
9988
9982
9995
9994
9984
9978
9988
9993
9986
9958
9988
9995
9974
9970
9985
9966
9988
9970
9972
9975
9992
9996
9986
9979
9998
9967
9972
9988
9977
9997
9996
9970
9979
9991
9988
9994
9986
9986
9983
9990
9992
9986
9976
9988
9988
9984
9984
9977
9991
9975
9979
9985
9996
9990
9987
9990
9983
9999
9975
9974
9995
9979
9986
9997
9990
9987
9989
9979
9987
9981
9977
9970
9994
9992
9989
9988
9980
9978
9988
9991
9990
9996
9974
9976
9995
9989
9976
9990
9996
9975
9970
9992
9961
9986
9995
9984
9980
9980
9993
9996
9982
9987
9979
9971
9986
9982
9991
9999
9992
9995
9985
9979
9977
9990
9989
9995
9969
9988
9973
9994
9989
9992
9978
9998
9992
9991
9987
9984
9985
9977
9990
9971
9999
9956
9984
9985
9986
9994
9987
9990
9988
9976
9977
9990
9977
9992
9993
9994
9977
9979
9982
9993
9988
9984
9977
9982
9988
9976
9989
9995
9974
9997
9980
9984
9992
9999
9991
9992
9996
9989
9996
9976
9992
9992
9988
9997
9992
9975
9991
9992
9990
9965
9978
9978
9996
9986
9990
9998
9987
9988
9976
9985
9978
9999
9991
9989
9992
9966
9992
9980
9985
9990
9993
9985
9982
9984
9994
9965
9979
9986
9989
9982
9979
9984
9994
9990
9996
9997
9982
9986
9982
9982
9986
9993
9993
9985
9992
9996
9993
9988
9988
9977
9977
9992
9977
9988
9985
9994
9978
9984
9991
9992
9992
9988
9991
9980
9979
9990
9991
9989
9996
9991
9984
9990
9993
9992
9984
9995
9992
9987
9982
9981
9987
9970
9975
9982
9997
9981
9972
9994
9951
9973
9978
9985
9993
9993
9990
9974
9983
9990
9984
9991
9972
9984
9994
9992
9985
9981
9974
9975
9977
9975
9985
9981
9996
9981
9996
9978
9977
9983
9999
9996
9981
9992
9990
9976
9994
9992
9987
9975
9992
9979
9990
9996
9980
9992
9969
9979
9973
9984
9973
9987
9981
9982
9994
9986
9998
9967
9987
9968
9990
9982
9983
9980
9992
9996
9967
9989
9978
9977
9979
9969
9980
9987
9977
9983
9994
9991
9977
9976
9971
9959
9981
9944
9979
9983
9982
9967
9995
9977
9981
9980
9969
9985
9987
9988
9986
9980
9986
9987
9992
9997
9983
9989
9968
9976
9985
9972
9995
9994
9973
9991
9989
9996
9986
9983
9989
9978
9971
9990
9987
9981
9975
9980
9987
9986
9975
9995
9986
9983
9974
9984
9988
9972
9993
9979
9976
9988
9985
9983
9973
9993
9984
9993
9984
9963
9986
9995
9987
9957
9978
9991
9989
9959
9985
9983
9973
9973
9986
9994
9997
9985
9980
9987
9967
9978
9990
9975
9986
9974
9981
9986
9990
9988
9985
9993
9975
9984
9994
9986
9986
9975
9980
9993
9983
9949
9993
9997
9992
9985
9990
9980
9985
9974
9982
9971
9972
9992
9986
9964
9980
9987
9990
9973
9990
9978
9988
9991
9993
9955
9980
9988
9984
9981
9999
9990
9985
9976
9982
9960
9981
9997
9974
9996
9973
9979
9987
9993
9977
9988
9997
9989
9976
9994
9974
