9988
9984
9989
9963
9993
9983
10000
9984
9985
10000
9987
9990
9982
9989
9994
9991
9998
9981
9985
10000
9991
9984
9966
9990
10000
10000
10000
9994
9960
9975
9986
9997
9989
10000
9976
9989
10000
9992
9981
10000
9979
10000
9995
9991
9990
9986
9986
9988
9981
9992
9981
9975
9990
9991
9997
9989
9981
9981
9991
9993
9970
9972
9987
9965
9992
9997
9991
9998
9983
9988
9985
9992
9993
9993
9986
9985
9967
9970
9978
9961
9993
9984
9957
9982
9980
9991
10000
9976
10000
9983
9991
9982
10000
9986
9980
9992
9999
9987
9964
9991
9990
10000
9980
9986
9989
9981
9974
9968
9999
9991
9978
9994
10000
9984
9987
9974
9993
9999
10000
9984
9993
9996
9992
9972
9997
9999
9991
9999
9998
9989
9999
9993
9995
9986
9992
9985
9984
9980
9991
9976
9987
9995
10000
9996
9955
9970
9991
9974
10000
9979
9981
10000
9987
9995
9989
9975
9982
9998
9987
9991
9983
9977
9996
10000
10000
9995
9982
10000
10000
9952
9973
9978
9990
10000
9978
9967
9989
9993
9973
9999
9999
9987
9973
9999
9987
9999
9974
10000
10000
9989
9986
9999
9990
9977
9970
9995
9999
10000
9974
9999
9976
10000
10000
9976
9981
9993
9987
10000
9975
9992
9971
9991
9992
10000
9997
9993
10000
10000
9982
10000
9989
9992
9997
9979
9995
9990
9975
9991
9995
9965
9995
9962
10000
9993
9994
9988
9988
9988
9980
9995
9996
9963
9994
9999
10000
10000
9997
9980
9986
9984
9985
9992
9989
9999
9976
9988
9977
9984
9983
10000
9986
10000
9988
10000
9991
10000
9993
9982
9995
9988
9983
9984
9970
9991
9977
10000
9988
9980
9991
9980
9981
9993
9996
10000
9985
9964
9978
10000
9983
9985
9972
9985
10000
9994
10000
9986
9994
9997
9990
9972
10000
9996
9982
9983
10000
9999
9992
9994
9993
9998
9989
10000
10000
10000
9959
9988
10000
9997
9999
9995
9990
9999
9992
9989
9994
9992
9988
9968
9996
9988
9989
10000
9992
9984
9996
9988
9975
9996
9988
10000
9988
9980
9978
9983
9992
9995
9991
9979
9993
9999
9963
10000
9982
9997
9992
9973
9980
9992
9983
9989
9996
9991
9978
9990
9990
9988
9992
9995
9955
9999
9987
9990
9992
9988
9936
9989
9980
9985
9985
9982
9991
9990
9993
10000
9986
9964
9972
9987
9990
9977
9996
9999
9989
9991
9987
9999
9978
9973
9983
9991
9993
9994
9985
9976
9989
9995
9985
9997
9979
9988
9971
9993
9979
9981
9998
9984
9985
9971
9998
10000
10000
9994
9978
9983
9981
9993
9993
9988
9982
9970
9985
10000
9988
9981
9964
10000
9995
10000
9991
10000
9993
9980
9987
9988
9992
9996
9945
9976
9985
9985
9989
9988
9999
9997
9998
9960
9982
10000
9990
10000
9984
9981
9994
10000
9969
9975
9996
9996
9987
10000
10000
9998
9979
10000
9982
9978
9956
9978
10000
9992
9988
10000
10000
10000
9999
9977
9985
9962
9971
9987
9989
9994
9986
9997
10000
10000
9978
9980
10000
9993
10000
9979
9993
9991
9989
10000
10000
9988
9998
10000
9992
9976
9986
9989
10000
9963
9981
9989
10000
9990
10000
10000
9988
10000
9981
9959
9999
9976
9969
9980
10000
10000
9992
9987
9991
9969
9992
9973
9984
9988
9992
9988
9967
9989
9986
9995
9992
9988
9984
9975
9968
9978
9987
9988
9978
9978
10000
9989
10000
9985
9988
9969
9985
10000
9976
9964
10000
9977
9983
9982
9999
9985
9987
9992
9988
9999
9998
10000
9989
10000
9989
9975
9989
9992
9988
9969
9987
9988
10000
9978
9985
9989
9983
9985
9984
9972
9974
10000
10000
9992
10000
9978
9992
9977
9998
9999
9993
9980
9999
9983
9970
9977
9986
9992
9977
9988
9998
9990
9981
9998
9989
10000
9988
9993
9975
9966
9999
9995
9989
9970
9986
10000
10000
9982
9981
9973
9990
9986
9992
9997
9991
10000
9965
10000
9992
9961
9983
9983
9997
9981
9997
9993
9989
10000
10000
9998
10000
10000
9993
9982
9986
9978
9966
9971
9999
9983
9984
9981
9992
9993
9989
9998
9985
9962
9999
9996
9991
9995
10000
10000
9971
9983
9980
9989
10000
9999
9996
9999
9989
9992
9989
9966
9999
10000
9992
9977
9975
9982
9994
10000
10000
10000
9989
9990
9987
9982
9989
9978
9997
9988
10000
9980
9990
9983
9990
9985
9985
9994
9999
10000
9984
9985
9990
9975
9985
9996
9981
9983
9988
10000
9991
9987
9996
9989
9990
9973
9977
10000
9992
9991
9978
9967
9980
10000
9993
9999
10000
9966
9990
9968
9988
9984
9994
9996
9983
9968
9992
10000
9985
9964
9978
10000
9984
9993
9983
9986
10000
9986
10000
9976
9986
9991
9986
9995
9979
9974
9981
9975
9999
9996
9983
9982
10000
9986
9991
9977
9982
9988
9981
9984
9993
9994
9995
9989
10000
10000
9992
9987
9994
9984
9989
9984
9993
9985
9992
10000
9978
9985
9987
9988
9986
9988
9979
9987
9986
9974
9982
10000
9990
9998
9970
9979
9987
9979
9991
9984
9981
9996
10000
9979
10000
9991
10000
9972
9977
9970
9998
10000
9982
9989
9999
9998
9977
9959
10000
9995
9980
9998
9992
10000
9987
9992
9990
9996
9999
9986
9992
10000
10000
9993
9991
10000
9997
10000
9983
9999
9990
9966
10000
9980
9988
9990
9995
9997
9974
9983
9979
9986
9996
10000
9949
10000
9976
9979
9986
9999
10000
10000
9976
10000
9980
9973
9991
9989
9984
9982
9995
9975
10000
9999
9989
10000
9995
9984
9992
9971
9985
10000
9995
9984
9982
9992
9971
9991
9984
9998
9991
9988
9965
9986
9986
9993
9984
9994
9973
9977
9991
9992
10000
9979
9989
9996
9997
9996
9999
9963
10000
9983
9992
9995
9974
9973
9998
9993
10000
9998
9969
9980
9991
9984
10000
9991
9975
9980
9986
9991
9972
9986
9989
9990
9990
9980
9972
9988
9989
9985
9977
9977
9954
9995
9972
9985
10000
9979
9992
9989
10000
9993
9976
9997
9981
9984
9981
9989
9991
9950
9997
9967
9996
10000
9997
9981
9987
10000
9979
9990
9979
9979
9995
10000
