10000
10000
9988
10000
10000
10000
9965
9979
10000
10000
10000
9982
10000
9989
9965
9988
9976
9989
9991
9957
10000
9977
9992
9990
10000
9987
9985
10000
9969
9992
9992
10000
9977
10000
9985
9989
10000
9988
9984
10000
9981
9987
10000
9981
9979
9982
10000
10000
9988
10000
9989
9983
9948
10000
9972
10000
9994
9976
9976
10000
10000
10000
9993
9982
9979
9995
9980
9989
9969
9970
9957
9986
9982
9978
9987
9996
10000
9990
9990
9989
9984
10000
9991
9991
9993
10000
9988
9997
9985
10000
10000
9976
10000
9973
9979
10000
10000
9969
10000
9988
9990
10000
10000
9992
10000
9983
9974
10000
9995
9994
9977
9982
9983
10000
9973
9993
10000
9981
10000
9977
9988
10000
10000
10000
10000
10000
9993
10000
9991
10000
9988
9977
9983
10000
9985
9976
9974
10000
10000
9988
9988
9975
10000
9982
9981
9983
9981
9965
9983
10000
9992
9979
9978
9966
9996
10000
10000
9993
9981
10000
10000
9991
9993
9991
9983
10000
9999
9977
10000
9995
10000
9995
10000
9989
9989
9976
10000
10000
9988
9988
9989
10000
9990
9961
9983
9989
9987
10000
9994
9973
9996
9985
9991
9997
9990
9977
10000
9991
9980
9985
9971
9983
9986
9985
9972
10000
9986
10000
9975
9983
9976
10000
10000
9977
9959
9983
10000
9998
9983
10000
10000
10000
10000
9986
9994
9990
9970
9997
9988
9992
10000
10000
9993
9964
9963
10000
9988
10000
10000
10000
10000
9979
10000
9975
9986
10000
9978
9974
9979
9986
9984
10000
10000
10000
9969
10000
9987
10000
9985
10000
10000
10000
10000
10000
10000
10000
10000
10000
10000
9984
10000
10000
10000
10000
9995
9983
9973
9984
9968
9986
9975
10000
9983
9982
9989
10000
10000
10000
10000
9988
10000
9979
9984
10000
10000
9989
9991
9991
10000
9982
9972
9993
10000
9986
9970
9965
10000
10000
10000
9985
9972
10000
10000
10000
10000
9979
9986
10000
10000
9980
10000
10000
9988
10000
10000
9995
9955
9998
10000
9987
9986
9986
9983
9977
9996
10000
9989
9992
9991
10000
9981
10000
10000
10000
10000
10000
10000
10000
9990
9979
9982
9975
9987
10000
9988
10000
9990
9987
9987
10000
9961
9988
10000
10000
9992
9993
9994
9992
9989
10000
10000
9979
9989
10000
9989
9968
10000
9986
9990
10000
9982
10000
9974
10000
10000
9989
10000
10000
9989
10000
9980
9991
10000
10000
10000
10000
10000
9989
9997
9971
9972
10000
10000
10000
9967
9974
9978
9993
10000
10000
10000
9957
10000
10000
9995
9993
9977
9987
9998
9969
10000
10000
10000
10000
10000
9984
9980
10000
10000
9984
9970
10000
10000
9985
9981
9987
10000
9985
9994
9993
10000
9985
9967
10000
10000
10000
9974
9988
9990
10000
10000
9994
9976
10000
9984
10000
9982
9975
10000
9975
9987
10000
9983
9990
9985
10000
9989
10000
10000
9990
9984
10000
9982
9991
10000
10000
9975
10000
10000
10000
10000
9994
10000
9985
10000
9972
10000
9975
10000
9954
9987
9986
10000
9991
9982
10000
9986
9989
9989
9980
10000
9975
10000
10000
10000
10000
10000
10000
9996
9973
10000
9988
9985
10000
9991
10000
9987
10000
9987
9987
9978
10000
10000
10000
10000
9986
9993
9993
10000
10000
9996
10000
9989
9989
9990
10000
10000
10000
10000
10000
10000
10000
9997
10000
9987
10000
9975
9994
9968
9975
10000
9966
9965
10000
9989
9971
10000
10000
10000
9979
9972
9980
10000
10000
9993
10000
9986
9985
9990
10000
10000
9979
9998
9999
10000
9978
9980
10000
10000
9994
10000
10000
9967
9973
10000
9991
10000
10000
10000
9990
9999
10000
10000
10000
10000
9977
9991
9975
9995
10000
9967
9997
9979
10000
9955
9997
10000
10000
10000
10000
9987
9988
9992
9955
10000
9974
9983
9985
9979
10000
9981
10000
10000
10000
10000
10000
10000
9981
10000
9970
9987
10000
9970
10000
10000
9990
10000
10000
10000
9991
10000
9965
10000
10000
9991
9991
10000
9989
10000
10000
10000
9989
10000
10000
9994
9995
10000
10000
10000
9939
10000
10000
10000
10000
10000
9970
10000
9989
9997
10000
9999
10000
9992
9976
10000
10000
10000
10000
9965
10000
9985
9982
9990
9984
10000
10000
9988
9986
9985
9988
9976
10000
9990
10000
9987
9993
10000
10000
10000
9992
9978
10000
9991
9985
9988
10000
9970
10000
9987
10000
10000
10000
9984
9973
9986
9977
10000
9975
10000
9992
9994
9957
10000
9998
9993
9984
9986
9986
9995
9994
9998
10000
9978
10000
10000
10000
9970
10000
10000
10000
9982
10000
9994
10000
10000
10000
10000
9981
10000
9991
10000
9998
9982
9980
9980
10000
9997
10000
9996
9988
10000
10000
9986
10000
9987
9979
9976
10000
9994
10000
9989
10000
9985
10000
9987
9996
10000
10000
9983
9968
9991
10000
10000
10000
9993
9986
10000
10000
9989
9987
10000
10000
10000
10000
10000
10000
9993
9968
10000
10000
10000
10000
9990
9993
9973
9995
10000
9986
9995
10000
10000
9993
10000
9996
10000
9980
9991
9991
10000
9982
10000
9988
10000
9973
10000
10000
10000
9988
10000
9997
10000
10000
10000
9974
10000
10000
9979
9986
9978
10000
9994
9986
9982
10000
10000
10000
10000
9985
9990
9987
9994
9997
10000
10000
9986
9972
10000
9992
9972
9979
10000
10000
9995
10000
9981
9975
9984
10000
9988
10000
9989
10000
9990
10000
9987
10000
9986
9987
10000
9968
10000
9974
9984
9994
10000
9999
9979
9992
10000
9971
10000
9987
10000
9986
10000
9984
10000
10000
10000
10000
10000
10000
9993
10000
10000
9992
10000
9974
9980
9982
10000
9981
10000
9981
10000
10000
10000
9992
9960
9985
10000
10000
9985
9967
9971
9970
10000
10000
9990
10000
10000
9982
9983
9985
10000
10000
10000
10000
10000
10000
10000
10000
10000
9990
9977
10000
10000
9971
9992
9972
10000
10000
9975
10000
10000
9977
10000
9987
10000
9980
9990
9990
9989
10000
9986
10000
10000
9967
10000
10000
9978
9993
10000
9986
9988
9989
9978
9987
9989
10000
9993
10000
9982
10000
10000
9981
9996
9982
10000
9962
9971
9996
10000
9972
10000
9980
9995
9982
10000
9989
