9985
9981
9980
10000
10000
10000
9991
10000
9999
10000
10000
9993
9987
10000
9994
9981
9996
9997
9974
9985
9992
10000
9990
10000
9983
9999
9979
10000
10000
9980
9979
10000
9994
10000
10000
10000
9985
10000
9971
9978
9994
9999
9980
9981
10000
10000
9988
10000
9988
10000
9989
9976
9998
10000
10000
9982
10000
10000
10000
10000
9961
9991
10000
10000
9961
9959
10000
10000
10000
9955
9993
10000
9979
9984
9990
9990
10000
10000
10000
9987
9994
9986
9996
9992
10000
10000
10000
10000
9989
10000
9988
10000
9977
9983
10000
9993
9997
9978
9990
9996
9986
9986
10000
9991
9985
9991
10000
10000
10000
9991
10000
9977
9987
10000
9988
9985
9997
9972
9998
9989
9969
10000
10000
9942
9990
9989
9986
10000
9998
9976
10000
10000
9971
9981
10000
9975
9981
9972
9990
10000
9987
10000
9988
10000
9971
10000
9991
9992
10000
10000
9977
9994
9986
10000
10000
9977
10000
9981
9993
10000
10000
10000
9997
9983
9983
9983
10000
10000
9972
9985
9992
10000
10000
10000
9992
10000
10000
9970
10000
10000
9979
10000
9998
10000
10000
10000
10000
9994
9990
9991
10000
10000
9984
10000
10000
10000
9993
9986
10000
10000
9991
9986
9972
9966
9985
9988
10000
9976
9975
10000
10000
10000
10000
9989
9992
10000
9981
9972
10000
10000
9990
9991
10000
9987
9969
9981
9987
9988
10000
9991
9992
10000
9988
9981
10000
10000
10000
10000
9997
9976
9993
9986
10000
10000
9985
9999
10000
10000
9981
10000
10000
9973
10000
9981
9987
10000
10000
9987
10000
9994
10000
9964
10000
10000
9987
9987
10000
10000
9980
10000
10000
10000
9982
10000
9980
9982
9981
9974
9983
9979
10000
10000
10000
9992
9972
10000
9970
9993
9995
10000
10000
10000
10000
10000
9993
10000
10000
9999
10000
9980
10000
10000
10000
9988
9992
10000
10000
10000
9979
9977
10000
10000
9998
10000
10000
9983
9989
9979
9976
10000
9994
10000
10000
9980
10000
10000
9993
9993
9983
10000
9981
9989
10000
10000
10000
9939
9952
9975
9998
10000
10000
9980
10000
10000
10000
10000
10000
10000
10000
9980
9990
10000
10000
9989
10000
9986
9985
9980
10000
10000
9991
9981
10000
10000
9979
10000
10000
9993
9998
10000
9990
9982
10000
9996
9989
10000
9978
9994
10000
10000
9971
9994
10000
10000
10000
9972
10000
10000
9986
10000
9981
10000
9994
10000
9992
10000
9973
9984
10000
10000
9977
9980
9993
10000
9988
10000
9979
9988
9986
9987
10000
10000
9980
10000
9995
10000
10000
9986
10000
10000
9989
10000
9983
10000
9982
10000
10000
9981
10000
9976
9994
10000
9993
9998
10000
9984
9955
10000
10000
10000
10000
10000
10000
9958
9986
10000
9966
9965
10000
10000
9982
9983
9989
10000
9958
10000
9998
10000
10000
10000
9968
10000
10000
9973
9996
9992
9989
9986
9990
9993
9967
10000
10000
10000
10000
9992
10000
9958
9988
9978
10000
9980
10000
10000
10000
9993
10000
10000
9982
10000
9974
10000
10000
9999
9990
9996
10000
10000
10000
10000
9954
10000
9991
10000
10000
10000
9983
9990
10000
9990
10000
10000
10000
9981
9990
10000
9990
10000
9980
10000
10000
9966
9984
9988
9988
9979
9996
9993
9977
9999
9993
9967
10000
9983
9975
9985
10000
10000
9991
9992
9986
9986
10000
9985
9992
10000
10000
10000
9977
10000
10000
10000
9979
9976
9995
9997
9987
9993
9993
9998
9990
9997
10000
9997
9980
10000
10000
10000
10000
9982
9991
9977
9996
10000
9980
9992
10000
9973
10000
9981
9978
9998
10000
9994
9993
9988
10000
9984
10000
10000
10000
9994
10000
9988
9983
10000
9995
9982
9983
10000
9969
9976
10000
9977
10000
10000
9984
10000
10000
10000
9994
9983
9986
9989
9999
10000
9986
9987
10000
9981
9972
10000
9986
9976
10000
9997
10000
9982
10000
9986
9967
10000
9975
9996
10000
9990
10000
9995
10000
9976
9981
9992
9989
9988
10000
10000
10000
9993
10000
10000
10000
9985
9997
9992
9983
9998
9986
10000
9968
9974
9995
9984
10000
10000
9991
9980
9975
9989
10000
10000
9992
10000
9985
9995
9990
10000
9989
10000
9978
9988
9982
10000
9995
10000
9977
10000
9983
9982
9983
10000
10000
10000
9984
9988
9973
9991
9968
9992
10000
9984
9986
10000
10000
9989
9997
9972
10000
10000
10000
10000
10000
9999
10000
10000
9992
9999
9997
10000
9986
9997
9988
9985
9982
10000
10000
9962
10000
10000
9980
9975
10000
9985
9989
10000
9989
9985
9993
10000
9980
10000
9981
10000
9999
10000
9986
9980
9979
10000
9965
9964
10000
9985
9990
10000
10000
10000
9990
9977
9966
10000
10000
10000
10000
10000
10000
9989
10000
10000
9998
10000
10000
10000
10000
9960
9986
10000
10000
9987
10000
9975
9983
9982
9975
10000
10000
10000
9994
9992
10000
9942
9996
10000
10000
10000
10000
10000
10000
9985
9985
9988
10000
10000
10000
10000
10000
9975
10000
9994
9987
10000
10000
10000
9998
9977
10000
10000
9974
10000
9978
9989
10000
9991
9992
10000
9987
9987
10000
9992
9998
10000
10000
9988
10000
9982
10000
9996
9982
10000
10000
9992
9994
9998
9991
9972
10000
9995
10000
9982
10000
9993
10000
10000
9983
9993
9971
10000
9979
9976
10000
9986
9970
9997
10000
9986
9993
10000
9977
9995
10000
9985
10000
10000
9998
10000
10000
10000
9985
10000
9996
10000
9990
9985
9982
9975
9981
10000
10000
9993
10000
10000
9987
9991
9981
9995
9983
9980
10000
9982
9981
9997
10000
10000
10000
9993
10000
9976
9979
9986
9988
9994
10000
9997
9980
10000
10000
10000
9995
10000
10000
10000
9993
9981
10000
9986
9991
9988
9999
9981
9982
9994
10000
10000
10000
9983
9977
10000
10000
9991
9978
9980
10000
10000
9995
9989
9983
9998
10000
10000
10000
9979
9996
9996
9984
9995
9994
9982
9978
10000
10000
9984
9997
9992
9981
9988
10000
10000
10000
10000
9993
10000
9985
9975
9999
10000
10000
10000
10000
9989
10000
9988
10000
9989
10000
9978
9984
10000
9985
10000
9976
10000
10000
10000
10000
10000
9981
9990
9981
10000
9983
10000
