9983
9989
9966
9960
9986
9970
9967
9987
9983
9994
9960
9988
9986
9985
9979
9987
9983
9980
9989
9987
9993
9995
9991
9986
9987
9972
9985
9986
9989
9973
9986
9980
9985
9987
9981
9979
9983
9993
9962
9997
9990
9988
9951
9994
9984
9990
9981
9995
9999
9973
9998
9974
9978
9991
9990
9966
9976
9979
9990
9988
9962
9992
9991
9983
9983
9979
9995
9973
9991
9985
9979
9978
9983
9977
9996
9978
9987
9979
9987
9990
9994
9976
9975
9985
9982
9998
9987
9972
9992
9996
9993
9991
9994
9983
9994
9980
9981
9977
9978
9982
9975
9991
9977
9987
9993
9984
9998
9981
9985
9983
9978
9986
9974
9943
9990
10000
9980
9992
9961
9979
9958
9976
9984
9988
9969
9973
9980
9995
9993
9976
9988
9992
9978
9990
9998
9997
9993
9998
9980
9972
9983
9983
9995
9997
9973
9992
9985
9990
9993
9979
9991
9992
9975
9966
9983
9968
9990
9992
9983
9994
9990
9982
9985
9971
9990
9974
9981
9975
9981
9997
9987
9978
9980
9983
9989
9993
9985
9974
9952
9992
9990
9974
9976
9989
9973
9976
9994
9986
9983
9985
9968
9983
9953
9979
9995
9973
9979
9988
9976
9990
9984
9995
9973
9982
9977
9997
9987
9983
9973
9994
9989
9986
9984
9983
9995
9981
9982
9989
9978
9986
9994
9980
9996
9985
9980
9983
9983
9992
9987
9990
9986
9993
9984
9983
9984
9983
9981
9979
9978
9995
9994
9979
9982
9992
9996
9997
9976
9981
9985
9993
9987
9989
9993
9988
9986
9991
9982
9979
9993
9985
9995
9964
9980
9994
9980
9988
9978
9990
9977
9969
9992
9973
9976
9981
9984
9996
9995
9993
9976
9986
9993
9992
9986
9984
9983
9992
9990
9981
9975
9988
9996
9986
9990
9996
9980
9986
9990
9995
9982
9959
9989
9980
9985
9980
9976
9974
9986
9982
9966
9991
9981
9997
9974
9992
9980
9990
9981
9975
9981
9994
9979
9994
9991
9969
9994
9983
9987
9978
9987
9981
9991
9977
9983
9990
9988
9984
9990
9985
9983
9981
9986
9993
9990
9982
9983
9982
9955
9989
9984
9987
9985
9974
9979
9985
9993
9981
9979
9988
9968
9972
9979
9985
9997
9981
9990
9985
9990
9968
9984
9991
9987
9977
9991
9978
9989
9987
9989
9967
9979
9976
9979
9980
9974
9993
9993
9987
9967
9987
9982
9993
9991
9976
9990
9984
9995
9976
9984
9998
9971
9991
9996
9987
9967
9988
9991
9981
9983
9987
9987
9986
9989
9983
9994
9996
9967
9985
9996
9977
9985
9982
9971
9996
9981
9993
9984
9987
9986
9991
9967
9992
9982
9978
9983
9989
9985
9974
9992
9983
9986
9990
9986
9971
9974
9991
9988
9977
9968
9979
9992
9987
9979
9982
9997
9981
9991
9981
9968
9971
9973
9963
9997
9976
9983
9987
9970
9963
9993
9994
9973
9975
9978
9979
9987
9977
9962
9995
9986
9990
9985
9979
9981
9991
9990
9976
9998
9964
9997
9996
9976
9990
9971
9986
9992
9972
9982
9960
9988
9977
9992
9996
9972
9983
9991
9984
9980
9988
9981
9984
9974
9989
9979
9996
9967
9986
9983
9983
9991
9991
9980
9986
9995
9994
10000
9982
9990
9976
9995
9968
9987
9997
9956
9940
9986
9984
9988
9971
9990
9978
9983
9990
9984
9992
9992
9960
9977
9971
9984
9981
9973
9946
9988
9987
9988
9987
9991
9987
9986
9985
9992
9975
9998
9987
9984
9996
9997
9991
9986
9966
9984
9984
9997
9963
9991
9991
9963
9986
9989
9986
9992
9975
9992
9991
9987
9985
9997
9977
9991
9993
9980
9983
9964
9983
9976
9986
9993
9985
9994
9995
9992
9964
9992
9978
9978
9987
9990
9980
9991
9984
9988
9997
9975
9989
9978
9989
9992
9978
9985
9996
9980
9986
9983
9962
9994
9993
9973
9987
9984
9988
9990
9991
9995
9985
9985
9999
9986
9961
9983
9979
9990
9988
9981
9992
9973
9990
9962
9966
9987
9992
9986
9988
9984
9989
9999
9969
9979
9972
9989
9999
9994
9969
9985
9990
9983
9975
10000
9990
9985
9987
9981
9981
9990
9983
9973
9996
9987
9979
9985
9992
9976
9990
9985
9995
9990
9994
9974
9994
9971
9993
9985
9982
9995
9991
9995
9991
9982
9975
9993
9989
9987
9980
9991
9996
9989
9962
9991
9975
9994
9991
9995
9989
9990
9986
9988
9992
9980
9980
9992
9974
9998
9994
9979
9992
9978
9984
9975
9962
9982
9981
9987
9972
9985
9973
9978
9982
9973
9983
9994
9993
9977
9984
9991
9981
9995
9966
9973
9985
9989
9985
9960
9993
9982
9992
9979
9952
10000
9986
9992
9980
9983
9990
9958
9992
9997
9977
9988
9976
9973
9999
9979
9990
9980
9993
9989
9987
9986
9983
9993
9992
9993
9992
9987
9986
9982
9999
9982
9998
9975
9993
9995
9986
9977
9988
9987
9970
9979
9987
9985
9994
9974
9983
9991
9980
9978
9955
9998
9975
9991
9993
9990
9965
9994
9997
9975
9982
9992
9989
9985
9993
9983
9981
9992
9972
9985
9984
9995
9993
9990
9980
9982
9993
9990
9985
9984
9972
9959
9973
9991
9986
9978
9953
9978
9981
9986
9982
9976
9991
9981
9966
9985
9993
9982
9977
9977
9989
9997
9982
9994
9962
9986
9991
9999
9978
9982
9984
9991
9977
9992
9985
9991
9974
9979
9987
9969
9988
9969
9977
9976
9977
9994
9989
9989
9974
9990
9969
9971
9957
9983
9994
9986
9966
9970
9988
9982
9985
9977
9978
9989
9974
9983
9974
9985
9981
9976
9986
9973
9983
9985
9989
9991
9981
9991
9993
9970
9977
9975
9983
9996
9982
9985
9988
9995
9985
9990
9985
9991
9991
9992
9989
9979
9993
9981
9997
9990
9959
9986
9983
9980
9981
9985
9995
9989
9992
9974
9970
9978
9994
9987
9989
9986
9979
9984
9996
9987
9990
9976
9986
9988
9984
9974
9995
9967
9985
9996
9995
9984
9995
9967
9967
9990
9978
9976
9982
9984
9990
9981
9993
9994
9992
9988
9992
9988
9992
9986
9976
9990
9992
9983
9981
9975
9976
9987
9990
9977
9988
9982
9987
9995
9973
9983
9998
