9980
9978
9988
9972
9986
9975
9997
9989
9986
9982
9992
9956
9981
9972
9977
9987
9989
9988
9987
9977
9989
9993
9985
9983
9976
9971
9978
9991
9979
9968
9995
9995
9984
9971
9976
9980
9986
9988
9991
9995
9989
9981
9990
9974
9982
9976
9984
9977
9978
9984
9971
9977
9974
9992
9994
9983
9991
9988
9990
9992
9983
9990
9974
9974
9994
9986
9972
9975
9994
9968
9974
9983
9992
9986
9976
9981
9980
9986
9981
9971
9971
9972
9983
9977
9982
9986
9972
9991
9970
9982
9993
9989
9978
9977
9992
9974
9995
9987
9987
9987
9980
9982
9979
9989
9983
9984
9985
9984
9979
9987
9991
9983
9968
9987
9988
9981
9975
9979
10000
9983
9995
9992
9976
9992
9980
9988
9970
9993
9984
9986
9984
9982
9991
9989
9989
9974
9970
9991
9985
9985
9963
9979
9991
9983
9986
9975
9966
9989
9973
9981
9984
9980
9968
9986
9992
9981
9979
9990
9977
9989
9983
9996
9974
9988
9982
9985
9989
9969
9977
9995
9982
9972
9993
9981
9975
9990
9990
9990
9997
9990
9975
9973
9993
9998
9987
9964
9984
9987
10000
9991
9979
9984
9965
9986
9973
9982
9982
9993
9985
9983
9996
9983
9970
9978
9965
9988
9980
9956
9983
9974
9985
9991
9977
9969
9965
9984
9981
9979
9984
9995
9983
9988
9994
9977
9970
9988
9979
9983
9974
9994
9989
9975
9966
9992
9977
9987
9985
9983
9968
9993
9981
9989
9989
9995
9968
9984
9988
9988
9977
9997
9992
9982
9984
9993
9984
9988
9990
9982
9964
9985
9992
9998
9975
9980
9975
9988
9993
9989
9979
9985
9972
9978
9980
9991
9990
9994
9970
9986
9997
9991
9970
9989
9979
9991
9959
9989
9966
9995
9963
9968
9990
9968
9974
9955
9978
9979
9991
9968
9980
9959
9993
9986
9944
9990
9982
9987
9982
9979
9983
9984
9983
9982
9950
9991
9970
9974
9976
9980
9981
9984
9988
9977
9973
9994
9976
9980
9990
9992
9983
9988
9987
9980
9976
9994
9984
9981
9979
9978
9989
9992
9984
9979
9982
9979
9985
9993
9992
9972
9987
9977
9990
9971
9978
9975
9979
9984
9985
9974
9969
9972
9975
9962
9984
9987
9988
9986
9977
9976
9987
9970
9977
9977
9989
9982
9984
9965
9977
9963
9966
9969
9989
9979
9989
9982
9981
9992
9993
9980
9986
9992
9981
9983
9989
9983
9988
9991
9974
9966
9975
9988
9970
9981
9990
9982
9980
9983
9980
9979
9985
9974
9987
9980
9989
9970
9979
9996
9974
9989
9980
9986
9989
9974
9975
9978
9977
9972
9975
9988
9991
9959
9988
9973
9984
9971
9998
9986
9970
9995
9979
9988
9988
9975
9993
9977
9974
9987
9977
9961
9990
9979
9983
9994
9975
9980
9983
9985
9988
9996
9978
9966
9995
9980
9981
9992
9965
9988
9992
9990
10000
9988
9980
9962
9975
9979
9987
9981
9989
9989
9990
9988
9954
9989
9969
9975
9991
9973
9986
9953
9992
9974
9974
9978
9978
9989
9997
9987
9973
9995
10000
9992
9997
9984
9990
9962
9991
9996
9986
9986
9991
9967
9978
9984
9987
9988
9983
9992
9974
9983
9987
9984
9986
9991
9981
9965
9967
9978
9994
9981
9985
9980
9975
9974
9981
9975
9984
9970
9979
9986
9978
9986
9984
9973
10000
9980
9983
9990
9970
9988
9980
9977
9973
9989
9983
9980
9970
9991
9981
9985
9991
9985
9987
9993
9977
9970
9977
9982
9972
9990
9974
9987
9995
9984
9987
9985
9963
9981
9981
9984
9978
9989
9969
9973
9976
9974
9970
9988
9972
9968
9987
9980
9955
9983
9977
9993
9981
9982
9970
9992
9975
9991
9971
9965
9989
9987
9972
9986
9980
9986
9970
9981
9984
9982
9985
9968
9995
9980
9971
9976
9984
9983
9985
9956
9981
9995
9982
9986
9987
9993
9980
9965
9989
9982
9982
9981
9972
9991
9983
9985
9994
9989
9988
9992
9989
9990
9982
9983
9958
9996
9998
9965
9968
9995
9967
9989
9985
9986
9982
9982
9988
9982
9965
9983
9984
9979
10000
9988
9966
9972
9974
9998
9979
9994
9988
9997
9984
9988
9988
9984
9998
9972
9988
9960
9986
9984
9990
9968
9981
9989
9988
9981
9988
9980
9982
9975
9981
9988
9996
9951
9987
9966
9981
9990
9980
9983
9985
9991
9978
9989
9976
9996
9997
9974
9978
9986
9989
9981
9959
9976
9989
9988
9985
9977
9977
9994
9969
9994
9961
9972
9995
9982
9976
9983
9970
9978
9993
9969
9991
9994
9979
9970
9991
9993
9985
9984
9979
9990
9983
9989
9968
9968
9959
9991
9978
9972
9981
9982
9969
9985
9993
9990
9982
9987
9990
9968
9994
9977
9970
9982
9983
9981
9996
9995
9969
9979
9984
9992
9976
9990
9970
9984
9979
9982
9991
9967
9958
9967
9984
9981
9994
9970
9986
9988
9977
9972
9983
9983
9976
9961
9988
9976
9980
9982
9973
9993
9996
9995
9985
9993
9957
9978
9986
9992
9996
9981
9981
9996
9981
9975
9980
9983
9984
9986
9995
9984
9991
9965
9978
9985
9972
9968
9984
9991
9974
9990
9987
9978
9972
9989
9969
9995
9984
9991
9983
9980
9987
9994
9971
9980
9988
9984
9983
9983
9977
9981
9974
9972
9990
9966
9978
9996
9982
10000
9986
9958
9982
9980
9978
9978
9983
9969
9988
9994
9962
9995
9985
9987
9993
9990
9980
9974
9990
9970
9984
9992
9990
9974
9991
9992
9964
9981
9978
9985
9995
9959
9991
9977
9985
10000
9973
9993
9991
9987
9966
9994
9982
9987
9986
9997
9951
9988
9974
9994
9955
9976
9993
9982
9957
9988
9986
9977
9967
9978
9987
9987
9990
9974
9980
9990
9987
9999
9977
9991
9987
9981
9972
9983
9981
9987
9985
9987
9992
9986
9982
9981
9982
9987
9990
9974
9989
9983
9993
9965
9989
9986
9989
9990
9991
9992
9999
9990
9971
9985
9985
9979
9950
9969
9953
9987
9984
9988
9982
9984
9975
9989
9960
9982
9986
9979
9992
9984
9977
9984
9985
9987
9980
9972
9969
9991
9987
9978
9991
9977
9992
9986
9978
9985
9992
9985
9980
9987
