9995
9980
10000
9980
9990
9989
10000
10000
9999
9979
9975
10000
9989
10000
9979
9996
9978
9992
9979
9974
10000
9987
9986
10000
9978
10000
9972
9996
10000
10000
10000
10000
10000
9994
9997
9985
9977
10000
9994
9985
9982
9986
10000
10000
9986
10000
10000
10000
10000
10000
9994
9986
10000
9975
9982
10000
9996
10000
10000
9995
10000
10000
9993
10000
10000
9983
9975
10000
10000
10000
10000
10000
10000
10000
10000
9961
9991
10000
9977
10000
10000
9953
10000
9979
9982
9972
9981
9966
9977
10000
9978
10000
9974
9996
10000
9999
10000
10000
9979
9984
9979
9995
10000
10000
9992
9990
9984
10000
10000
9978
10000
9979
10000
10000
9991
9981
9992
9982
10000
10000
10000
10000
9977
10000
9989
9974
10000
9989
10000
10000
10000
10000
9988
9995
9986
9977
10000
10000
9961
9964
10000
10000
10000
9972
10000
10000
9979
9986
9985
9978
9984
10000
9981
9965
9989
10000
10000
9984
9987
10000
9982
10000
10000
9994
10000
9976
10000
9981
10000
9977
9969
10000
9980
9999
9993
9980
9979
9980
9996
9970
10000
10000
9978
9989
9991
10000
9964
9980
9979
9987
9992
10000
9988
10000
9983
10000
9975
10000
10000
9984
10000
9994
9987
10000
10000
10000
10000
10000
9998
10000
9993
10000
9983
10000
9998
9988
9994
9994
9992
9999
9996
10000
10000
9982
9982
9979
10000
9997
9996
9963
9992
10000
9986
10000
9978
9986
10000
10000
9973
10000
10000
9984
9996
10000
10000
10000
9989
9995
9984
9980
9989
10000
10000
9975
9990
9957
10000
10000
10000
10000
10000
10000
9977
10000
10000
9982
9986
10000
9987
9984
10000
10000
10000
9974
9982
10000
10000
9979
10000
9992
10000
9994
10000
9980
10000
10000
10000
10000
9969
10000
10000
9979
10000
9991
9993
10000
9983
9994
9987
10000
10000
9987
9981
9983
9979
9971
9990
10000
9982
9991
9995
9988
9975
9983
9985
9986
10000
10000
9983
9994
10000
9989
9992
9983
9995
10000
9988
9994
10000
10000
10000
10000
9995
10000
9987
9991
9981
10000
9993
9979
10000
10000
10000
10000
9994
10000
10000
10000
9990
9973
10000
9977
9989
10000
9987
10000
9986
10000
10000
9995
9986
9988
10000
9981
10000
9988
9980
10000
9975
9986
10000
9998
10000
10000
10000
9991
9972
9953
10000
9991
10000
9981
9987
9985
9984
10000
9978
9985
9982
9999
10000
9966
10000
9997
10000
9984
9991
10000
9985
9993
10000
9989
9986
9998
9966
10000
9982
10000
9983
9972
9975
9969
9997
9981
9982
9985
9985
9989
10000
9995
10000
10000
9978
9988
9979
10000
10000
10000
10000
9975
9991
9974
9999
9995
10000
9990
9972
9975
10000
9985
9960
9991
10000
10000
9960
9997
9982
9981
9964
10000
9997
9971
9991
9991
10000
10000
10000
9985
9992
9985
10000
9991
10000
10000
9982
9982
9983
10000
9975
10000
10000
10000
9993
9995
10000
10000
9975
9986
10000
9993
9989
9988
9985
10000
9989
10000
9994
10000
9984
9994
10000
9990
9979
9989
10000
9979
10000
10000
10000
9993
9987
9990
10000
10000
10000
10000
9988
10000
9992
9983
9987
9968
9969
9973
9981
10000
10000
10000
10000
9986
9989
10000
10000
9984
9991
9968
9979
9979
9983
10000
9985
10000
9960
10000
10000
10000
9988
9968
9987
10000
9983
9981
9983
9985
10000
10000
10000
10000
9984
9966
9946
10000
9969
10000
9997
9980
9960
9991
10000
10000
10000
10000
9992
9993
10000
10000
10000
9988
10000
10000
9974
9987
9987
9982
10000
9986
9996
9999
10000
9988
9995
10000
9980
10000
10000
9987
10000
9994
9982
9988
9994
9989
10000
9989
10000
9992
10000
10000
9988
10000
9990
10000
9994
10000
10000
10000
9974
9984
9979
10000
9992
9994
10000
9994
9990
10000
9997
9988
10000
9995
9983
9995
9984
10000
9990
9982
10000
10000
10000
9974
10000
9993
10000
10000
9992
9991
10000
9990
9990
10000
10000
9956
10000
10000
9988
9986
10000
9995
9999
9978
10000
10000
9978
9988
10000
9982
10000
9995
9992
10000
9996
9995
9988
9990
10000
9985
10000
10000
9995
10000
9997
10000
9990
10000
10000
10000
10000
9999
9986
10000
9970
10000
9983
10000
9986
10000
9990
10000
9993
9995
9987
10000
10000
10000
9980
9979
9990
9962
9982
10000
10000
9990
10000
10000
9999
10000
9965
10000
10000
9994
9975
10000
10000
10000
10000
9985
10000
9969
9992
9979
9997
10000
10000
9977
10000
9992
9987
10000
10000
10000
9988
9986
9993
9992
10000
9970
9992
10000
9975
9986
9968
9989
9993
9994
9997
9985
9992
9985
10000
9992
9988
9997
10000
9978
9991
9985
9983
10000
9982
10000
9948
10000
9987
10000
9977
10000
9990
9988
10000
9984
9983
10000
9991
10000
9999
9992
9979
9986
9992
9999
10000
9989
10000
10000
9997
10000
10000
10000
10000
9992
10000
9977
10000
10000
9973
9975
9977
10000
9980
10000
9985
9989
9973
10000
9993
9959
10000
10000
10000
9997
9976
10000
9992
10000
10000
10000
9989
9983
9986
10000
10000
9990
9990
9967
10000
9980
10000
10000
9995
10000
10000
10000
9962
9972
10000
9995
9971
9993
10000
10000
9998
10000
9991
10000
10000
10000
9972
9993
10000
10000
9994
9979
10000
9994
10000
10000
10000
10000
10000
10000
10000
9998
9978
10000
10000
10000
10000
10000
9996
10000
9979
10000
9981
9989
9969
9996
9980
9961
10000
9992
10000
10000
10000
9984
9978
10000
10000
10000
10000
10000
10000
10000
9993
9987
10000
9976
9981
10000
10000
9995
10000
10000
9994
9974
9990
10000
10000
9973
9978
9982
9988
10000
9993
10000
9977
9982
9965
10000
10000
10000
9961
9982
10000
9995
9972
10000
10000
9990
9997
9993
10000
10000
9985
9989
9989
10000
9970
9976
9988
10000
10000
9981
10000
9979
10000
9983
9979
10000
9987
9996
9982
9990
9979
9990
10000
9990
9985
10000
10000
10000
9990
9984
9979
10000
9997
10000
10000
10000
10000
9975
9990
10000
9993
9983
9973
9999
9988
10000
9987
9999
10000
9971
9981
9988
10000
9992
9981
9970
9969
9986
10000
10000
10000
9996
9980
9991
9980
9991
9996
10000
