10000
10000
9988
9991
9996
9986
10000
10000
9986
9993
9993
9992
9979
9996
9986
9993
9984
10000
10000
9992
9994
10000
9987
9982
9993
9986
9980
10000
9957
10000
9990
9999
9996
9978
10000
10000
9962
10000
9961
10000
9986
9986
10000
10000
10000
9989
10000
10000
9984
9989
9966
10000
9984
9988
9978
9982
9993
9970
10000
9987
9976
10000
10000
9982
10000
9993
10000
9983
9998
9989
10000
10000
9996
10000
10000
9988
10000
10000
10000
10000
9983
10000
9992
9981
10000
9993
9986
9975
10000
9995
10000
9994
9973
9973
10000
10000
10000
9976
9992
9964
10000
9985
10000
10000
10000
10000
10000
10000
9978
10000
9991
10000
10000
9990
9987
9995
10000
9984
10000
10000
10000
10000
10000
10000
9993
9968
9971
9985
10000
10000
9970
10000
10000
10000
9997
9994
10000
9960
10000
10000
10000
10000
9994
9990
9994
10000
9979
10000
10000
10000
9980
9981
10000
9975
10000
9990
9966
9958
10000
10000
10000
9977
9995
10000
10000
10000
9980
9969
10000
9985
10000
9945
10000
10000
10000
10000
10000
10000
10000
10000
10000
10000
10000
9969
9962
9974
10000
10000
9982
9992
9956
9986
10000
10000
10000
9967
9994
10000
10000
10000
10000
10000
10000
10000
10000
9990
9984
9974
10000
10000
9992
9998
9992
9985
10000
10000
9969
10000
9992
10000
10000
9994
9978
10000
9988
10000
9997
9991
9994
9989
9989
10000
9989
10000
9977
10000
10000
10000
9976
10000
10000
9969
9998
9969
9990
9986
9994
9973
9976
9986
9973
9974
9989
9972
9985
10000
10000
10000
9991
9984
10000
9987
9991
9987
10000
9989
9989
9993
9986
9985
9989
10000
10000
10000
10000
10000
10000
9987
10000
10000
10000
10000
9994
9990
10000
9982
9975
10000
10000
9970
9972
9997
10000
10000
9983
9974
10000
9977
10000
10000
10000
9992
9992
10000
10000
9985
9975
10000
9986
9975
9985
10000
10000
10000
9981
10000
9980
9985
10000
9983
10000
10000
10000
9969
9983
9981
9989
9985
9969
10000
10000
9984
10000
9989
10000
10000
10000
9985
10000
9997
9989
10000
10000
10000
10000
9982
10000
10000
10000
9956
9994
10000
9985
9984
10000
10000
10000
10000
9986
9979
9947
10000
9984
10000
9995
10000
9986
10000
9999
9995
9985
9988
10000
10000
9994
10000
10000
10000
10000
10000
10000
9995
10000
10000
10000
9981
10000
10000
9989
9986
10000
9981
9990
9992
10000
9992
9987
9993
9991
9992
9996
9991
10000
9988
9987
10000
9994
9994
10000
9999
10000
9982
9997
10000
9976
10000
9996
10000
9977
10000
10000
10000
10000
9992
9996
9976
10000
9988
10000
10000
10000
10000
10000
9978
9986
10000
10000
10000
9963
9979
10000
9994
9998
10000
9993
9994
10000
9991
9975
10000
9968
10000
9989
10000
10000
9995
9988
10000
9984
9971
10000
9982
9987
10000
9982
9984
10000
10000
9979
10000
10000
10000
9987
9973
10000
10000
9997
9981
10000
9992
10000
10000
9955
10000
10000
9979
9991
9983
9991
9997
10000
9973
10000
10000
10000
10000
10000
10000
10000
10000
10000
9971
10000
10000
10000
9982
9981
9983
10000
9989
9985
9997
9993
10000
10000
9991
9979
9965
10000
10000
9981
10000
9968
10000
10000
9984
10000
10000
9999
10000
10000
10000
10000
10000
9991
9981
9980
10000
10000
9997
10000
9973
9996
9968
9991
9981
10000
10000
9991
9989
10000
9997
10000
10000
9992
9982
10000
10000
9975
9983
9977
9980
9983
9989
9993
9983
9965
9969
10000
9990
9975
9963
10000
10000
10000
10000
9975
9986
9976
10000
9985
9989
9993
9993
9981
10000
9989
10000
9977
9989
9972
10000
10000
9983
9990
9982
10000
10000
9997
9978
10000
10000
9970
9971
9981
9981
10000
10000
10000
9993
10000
9995
9999
10000
9978
10000
9989
9988
10000
10000
10000
9996
10000
10000
10000
9992
9991
9988
9987
9976
9991
9981
10000
9985
10000
9979
10000
9995
9985
9977
10000
9979
10000
10000
10000
10000
9970
10000
10000
10000
9997
9980
9987
9973
9992
9989
9989
9995
9995
10000
9981
9989
10000
10000
9974
10000
9979
9976
10000
10000
9984
10000
10000
10000
9994
10000
10000
10000
9988
9983
9992
9971
9972
10000
10000
10000
9998
10000
9981
10000
9987
10000
10000
9990
10000
10000
9999
9973
9985
10000
10000
9981
9979
9984
9995
10000
10000
9985
10000
9957
10000
10000
10000
9989
9981
9981
9974
10000
9986
9978
10000
10000
10000
10000
9988
10000
9989
9975
9987
9966
9994
10000
9996
10000
10000
9976
9996
9991
9979
9952
9989
10000
10000
10000
10000
9990
9995
10000
9985
10000
9995
9986
10000
10000
9985
9984
10000
10000
10000
10000
9970
10000
10000
9972
9987
10000
9982
10000
9984
10000
9972
9994
9992
9992
10000
9994
9970
10000
10000
10000
10000
10000
9993
10000
10000
9994
10000
10000
9990
9965
9992
10000
10000
9982
9994
10000
10000
10000
10000
9996
9978
9990
9985
10000
9995
10000
9986
10000
9990
10000
10000
9991
10000
9994
9990
10000
10000
10000
9992
10000
9987
10000
9991
10000
10000
10000
10000
9970
10000
9995
9997
9988
9979
10000
9979
9987
10000
10000
9989
10000
9984
9988
9985
10000
10000
9988
10000
9968
10000
9990
10000
10000
9990
10000
9989
9985
9987
10000
10000
10000
9984
9993
9963
9985
10000
9992
9969
9987
10000
10000
10000
10000
9986
10000
9997
10000
9992
10000
10000
10000
10000
10000
10000
9999
9991
9994
10000
9982
10000
9995
9979
10000
10000
10000
9983
10000
9994
10000
10000
9991
9995
9994
10000
9999
9985
10000
9975
9997
10000
9977
10000
9994
9972
10000
9976
10000
10000
9986
10000
9985
9980
9977
9985
10000
10000
10000
10000
9996
9979
9979
9986
10000
9993
10000
10000
9966
10000
9987
9981
9980
9999
10000
10000
9991
9991
9995
10000
10000
10000
10000
9971
10000
9991
10000
9990
10000
9988
10000
9993
10000
9989
9990
9988
9982
9994
10000
9971
10000
10000
9980
10000
9987
9993
10000
9992
10000
9992
9983
9996
9982
10000
10000
9973
9980
9981
9966
10000
9967
9978
9988
9993
10000
10000
10000
10000
9964
9981
9956
9976
10000
