9976
10000
9971
10000
9988
9996
9988
10000
9984
9993
10000
9994
10000
10000
9986
9987
9984
9994
9978
9995
9971
9992
9977
9977
9993
9972
9962
10000
10000
10000
10000
10000
9987
9988
9977
9996
9991
9980
10000
10000
9981
10000
10000
9994
10000
9991
9977
9985
10000
9956
10000
9980
10000
10000
10000
9995
10000
9991
9991
9999
10000
9987
10000
9986
10000
10000
9981
10000
9992
10000
9983
10000
9988
9997
9984
9990
10000
9992
10000
9991
9978
10000
9988
10000
10000
10000
9968
9981
9992
10000
10000
10000
9982
10000
9970
9985
9989
10000
10000
9977
9993
10000
9981
10000
9969
9988
9999
9992
10000
10000
10000
10000
9987
9985
9976
10000
10000
9991
9988
9982
9973
9987
9975
9991
9988
9998
9975
9992
9995
9977
10000
9985
10000
10000
10000
10000
10000
9981
9985
10000
9987
9987
10000
10000
9985
9966
10000
10000
9981
9968
9983
10000
10000
9998
10000
9992
10000
9981
10000
9972
10000
9996
9984
9984
9997
10000
10000
9985
10000
10000
9992
10000
10000
9997
9992
10000
10000
9983
10000
9980
10000
9993
10000
10000
9980
9961
10000
10000
9989
9992
9995
9982
10000
9980
9998
9997
9967
9994
10000
10000
9981
10000
9971
9987
9993
9989
9978
9983
9978
10000
10000
9979
9990
9981
9991
10000
10000
9991
9992
10000
9988
10000
10000
10000
10000
10000
9987
9992
10000
10000
9984
10000
10000
9991
9980
9982
9983
10000
10000
10000
10000
9967
10000
10000
10000
10000
10000
9971
9994
9991
9988
10000
10000
9984
9993
9975
10000
9989
9984
10000
10000
9952
10000
9985
10000
9990
10000
10000
10000
9979
9978
9987
10000
10000
10000
9983
9989
9980
9980
9987
9999
9983
9989
10000
9994
10000
10000
10000
9968
10000
10000
9982
10000
9997
9978
10000
9990
9990
10000
9982
10000
9991
9980
9987
9979
9999
9982
10000
10000
9976
9997
9983
9987
9986
10000
9981
10000
9994
10000
10000
9999
9982
9999
10000
9994
10000
10000
9993
10000
9993
9999
10000
9966
9993
9979
10000
9987
10000
9969
10000
10000
10000
10000
10000
9981
10000
9995
9979
10000
9992
10000
9996
10000
10000
9980
10000
9993
9986
10000
9989
9965
9993
10000
9997
9990
10000
9981
10000
9996
10000
10000
9995
9977
10000
10000
10000
10000
9988
9993
9963
10000
9969
9984
9992
10000
10000
10000
10000
10000
10000
10000
10000
9971
9984
9986
10000
10000
10000
10000
10000
9974
9959
10000
10000
10000
9977
10000
9988
10000
9955
10000
9987
9985
10000
9972
10000
9983
9974
10000
9980
10000
9980
9990
9996
9996
9997
10000
10000
9979
9976
10000
10000
9985
9984
9993
10000
9977
9993
9986
9988
9988
10000
10000
9996
9984
10000
10000
9981
10000
9979
10000
10000
9980
9971
9980
9984
9978
10000
10000
9992
9964
9994
10000
10000
9982
10000
10000
9978
9980
10000
10000
10000
9975
9989
9974
9984
10000
9970
9979
10000
10000
9982
9978
9990
9966
9998
9958
9965
10000
9995
10000
9983
10000
10000
10000
9982
9980
10000
10000
10000
9983
9999
9991
9991
10000
10000
9988
9991
9980
10000
10000
9997
9992
10000
10000
9985
9994
9961
10000
9997
10000
9992
10000
9992
10000
10000
9980
10000
9987
10000
9989
9996
9986
10000
9995
9988
10000
9989
9978
10000
9984
9982
10000
10000
9986
9992
10000
9981
10000
9991
10000
10000
9982
10000
9984
10000
10000
9987
10000
10000
10000
9973
9998
9995
9998
10000
10000
10000
10000
10000
9977
10000
9969
10000
9970
9984
10000
10000
9983
10000
9993
9984
10000
9991
10000
9998
9983
9978
9984
9979
10000
9967
10000
9971
9986
10000
10000
9990
10000
9982
9992
9989
9992
10000
10000
9996
9991
10000
9998
9973
10000
10000
10000
9993
9987
9981
9984
9997
9983
10000
10000
10000
10000
9973
10000
10000
9998
10000
10000
9988
9985
9991
10000
10000
10000
9979
10000
10000
9997
10000
10000
10000
10000
10000
9988
9980
9987
10000
9991
9985
9987
10000
9986
9991
9994
10000
9979
10000
10000
9983
10000
9987
9978
9974
9975
10000
9984
9985
9967
9987
9945
9979
9984
9983
10000
10000
10000
9999
9985
10000
9981
9989
9993
10000
9981
9991
10000
9980
9993
9982
10000
10000
9989
10000
9985
9966
9979
10000
9990
10000
10000
9991
9993
9963
10000
9970
9988
9980
9979
10000
10000
10000
10000
9979
9989
9985
10000
9994
10000
9992
9987
9987
9984
9994
10000
10000
9976
9963
9991
10000
10000
9976
9983
10000
10000
10000
9995
10000
10000
9988
10000
10000
10000
9988
9989
10000
9961
9994
10000
10000
9978
10000
9997
10000
10000
9986
10000
10000
9980
10000
10000
9976
9990
9985
9980
9989
10000
10000
9998
10000
10000
10000
9988
10000
10000
10000
10000
9987
10000
10000
10000
10000
10000
9999
9967
9991
9996
10000
9985
9993
10000
9994
9984
9970
10000
10000
10000
9996
9997
9981
9986
10000
10000
9982
9979
9974
9990
10000
9960
10000
10000
9964
10000
10000
10000
10000
9980
9983
10000
9983
9998
10000
10000
9987
9985
10000
10000
10000
10000
9984
10000
10000
10000
10000
9990
9989
9987
9993
9993
9977
10000
9979
9995
9995
9996
10000
9980
9976
9975
10000
9995
10000
10000
9974
10000
9991
9984
9988
9982
9992
9979
9987
9980
9971
9986
10000
10000
10000
10000
9992
10000
9982
9971
10000
10000
10000
9981
10000
10000
9966
10000
9997
9988
9995
9989
9977
10000
9987
10000
10000
10000
10000
9975
10000
9993
10000
9981
9981
9981
10000
9985
10000
9980
9971
10000
9982
9971
10000
10000
9980
9993
9992
9989
10000
9976
9990
10000
9975
9973
9993
9991
10000
10000
9996
10000
10000
10000
9972
10000
10000
10000
9981
10000
10000
9983
10000
10000
10000
10000
10000
9984
10000
10000
9996
9995
10000
10000
9982
10000
9999
10000
10000
10000
9984
9983
9986
10000
10000
10000
9978
10000
10000
10000
10000
9984
9998
9973
9950
9998
10000
10000
9986
9993
10000
10000
9973
9956
9975
9992
9993
9979
10000
9988
9993
10000
9976
9971
9981
9988
10000
9983
9973
9994
9995
9990
9986
9983
10000
9983
10000
