9986
9986
10000
9998
9990
10000
10000
9990
10000
10000
10000
9982
9989
9992
10000
10000
9972
9991
9996
10000
10000
9984
9990
9986
10000
10000
10000
9998
10000
10000
10000
9989
10000
9976
9992
9991
10000
10000
10000
9981
9986
9994
9984
10000
9986
10000
9998
10000
9985
9987
9991
9971
9988
10000
10000
9981
9987
9999
9996
9976
10000
9989
9985
10000
10000
10000
9964
9978
9992
10000
9971
9980
9985
10000
9982
10000
9971
9983
9991
9989
9981
9979
9944
9968
9976
9989
9981
9978
9981
10000
10000
10000
10000
9959
9985
9964
9991
9994
9992
9976
9997
10000
9980
10000
9984
10000
9966
9988
10000
9994
9974
9957
9976
10000
9987
9985
9988
9998
9986
10000
10000
10000
9991
10000
10000
9990
10000
10000
10000
9981
10000
10000
10000
9986
10000
10000
10000
9984
9974
10000
9979
9995
10000
9986
9983
9976
10000
10000
10000
10000
10000
10000
10000
9982
9988
9989
10000
10000
9986
10000
9977
9992
9990
9991
9989
9976
10000
9975
10000
9981
10000
9976
9988
10000
9986
9989
10000
10000
10000
10000
10000
9986
9981
9991
9985
10000
9999
10000
9983
9987
9986
10000
9989
10000
10000
9992
10000
9993
10000
9975
9981
10000
9996
9996
10000
10000
10000
10000
9988
9982
9987
10000
10000
9986
10000
10000
10000
10000
9995
10000
10000
10000
9995
10000
9979
9982
10000
10000
9989
10000
10000
10000
9990
10000
10000
9984
9987
10000
10000
9992
9979
9991
9991
9985
9985
9976
9982
9995
9971
9976
9992
9982
10000
9991
9984
9972
10000
10000
9988
10000
10000
9976
10000
9989
10000
10000
9990
10000
10000
9993
9981
10000
9996
10000
10000
10000
9981
10000
10000
9994
10000
9969
10000
10000
9982
9997
10000
9991
10000
10000
10000
10000
9989
9988
9990
9983
9991
9998
9991
10000
10000
9995
9993
10000
10000
9986
10000
10000
10000
9985
9997
9992
9972
9987
9970
10000
9980
10000
9988
9973
10000
10000
9975
10000
10000
9984
9997
9987
10000
9990
10000
9990
9968
9987
10000
9985
9989
10000
9995
9974
10000
10000
10000
10000
9994
9997
9991
10000
10000
9983
9994
10000
10000
10000
9992
9994
10000
9975
9992
9987
10000
9989
9996
9990
10000
10000
9976
10000
9989
9993
9973
10000
9975
10000
10000
9985
9981
9981
10000
9980
10000
9994
9993
9990
10000
10000
10000
10000
10000
10000
10000
9974
10000
10000
9980
9989
9993
9980
10000
9989
10000
10000
9974
10000
9972
9993
9993
9971
9985
9985
10000
10000
10000
10000
9972
9970
9984
10000
9992
9988
9980
10000
9989
10000
9986
10000
9996
10000
10000
10000
9991
10000
10000
10000
9988
10000
9956
10000
10000
9985
10000
10000
10000
10000
10000
9986
9995
10000
9981
10000
10000
10000
9980
9997
9975
9982
9992
9991
9991
9993
10000
10000
10000
10000
10000
9994
9973
9990
9980
9995
9990
10000
10000
9993
10000
10000
10000
9994
9992
10000
9979
9996
10000
10000
10000
9990
9990
9981
9992
10000
10000
9991
10000
9999
9985
9981
9982
10000
10000
9989
9994
10000
10000
10000
10000
9984
10000
9973
10000
10000
10000
9985
10000
9989
10000
10000
10000
9987
9997
10000
9989
10000
10000
10000
10000
10000
9986
10000
9992
10000
9981
9979
9993
9986
9991
9999
9982
10000
9991
10000
9995
9971
9960
10000
10000
9994
10000
10000
9962
10000
9985
10000
10000
10000
9987
9987
9992
10000
9971
9992
10000
10000
9982
9975
10000
9976
9977
9991
10000
9987
9999
10000
9983
9989
10000
9979
9973
10000
9992
10000
9985
9990
10000
9972
10000
9988
9995
9998
9986
9992
10000
9991
10000
10000
9990
10000
9983
9993
9994
10000
9989
10000
10000
10000
9989
9994
9976
9978
9983
10000
9990
9991
9998
9984
9986
9988
9982
10000
10000
10000
10000
10000
9965
9984
9969
9986
9993
10000
10000
9984
9975
10000
9974
9983
10000
9969
9985
10000
10000
10000
10000
10000
10000
10000
10000
10000
10000
9972
9970
10000
9967
9976
9977
10000
10000
10000
10000
10000
10000
10000
10000
10000
10000
10000
10000
9982
9996
9982
9984
9989
9999
10000
9977
9986
10000
9989
10000
10000
10000
9985
9985
9992
9963
10000
10000
10000
9979
9995
10000
9988
10000
9989
9965
10000
10000
9984
10000
9969
10000
10000
9984
10000
9997
9987
10000
10000
10000
9982
10000
9996
9979
10000
9973
9989
10000
10000
10000
9982
9987
9984
9974
9972
9985
9981
10000
9985
10000
9984
9979
10000
9976
9983
9990
9981
9988
9983
9988
9988
10000
10000
10000
10000
10000
9990
10000
10000
10000
9989
9986
10000
10000
9982
10000
10000
9989
10000
10000
9989
9985
9979
10000
9994
9983
9991
9999
9973
9981
9991
10000
10000
9977
9987
10000
9988
10000
9979
9998
10000
10000
9982
10000
10000
9986
10000
10000
10000
10000
9991
9983
10000
10000
10000
9978
9992
10000
10000
9981
9976
9963
9994
9978
9980
9980
10000
9974
9989
9986
9983
10000
9995
10000
10000
9992
10000
9987
10000
9995
10000
10000
9979
9964
10000
9993
9975
10000
9976
10000
10000
9990
9999
9985
9995
10000
9992
9964
9997
10000
10000
9982
9987
9996
9986
10000
9976
9983
9999
9983
10000
10000
9999
10000
9992
10000
9981
9994
9971
9998
9988
9993
10000
10000
9991
10000
9981
9956
9985
9987
9999
10000
9986
9981
9997
10000
10000
9982
10000
9970
10000
10000
9986
9994
10000
9992
9989
9984
10000
9997
9992
10000
10000
9988
10000
9997
10000
10000
10000
9982
9994
9983
9979
9990
9974
9983
10000
9974
9981
10000
9987
9970
10000
10000
10000
9986
10000
10000
9994
10000
9995
10000
10000
10000
10000
10000
10000
10000
9985
10000
10000
9993
9994
9977
9986
10000
10000
10000
9988
9994
10000
9978
9982
9983
10000
10000
10000
10000
10000
9979
9990
9972
10000
10000
9972
10000
10000
10000
10000
10000
10000
9983
10000
9979
9989
9997
10000
9989
10000
10000
9984
10000
9953
9984
9981
9994
10000
10000
9986
9974
10000
9990
10000
9994
9972
9986
9992
10000
9966
10000
9981
9980
9974
9993
10000
9969
9968
9971
10000
9986
10000
9992
10000
