9996
9977
9982
9978
9993
9995
9971
9983
9985
9991
9986
9991
9985
9992
9988
9977
9972
9995
9993
9976
9978
9996
9985
9950
9993
9993
9985
9994
9999
9982
9976
9973
9982
9976
9996
9965
9990
9989
9985
9987
9983
9978
9997
9998
9989
9993
9986
9993
9978
9964
9986
9980
9990
9976
9990
9982
9993
9991
9990
9984
9986
9994
9984
9986
9988
9969
9992
9993
9994
9985
9985
9979
9992
9987
9986
9990
9971
9973
9978
9983
9978
9992
9978
9978
9982
9986
9981
9988
9996
9987
9965
9989
9977
9985
9977
9966
9989
9988
9991
9977
9990
9989
9994
9969
9970
9985
9978
9983
9979
9995
9983
9991
9992
9989
9990
9974
9978
9989
9970
9983
9992
9971
9991
9983
9971
9985
9993
9982
9991
9991
9979
9988
9965
9988
9997
9993
9984
9989
9988
9977
9987
9994
9988
9963
9992
9989
9985
9991
9980
9974
9994
9984
9991
9975
9969
9983
9979
9964
9997
9994
9988
10000
9965
9989
9987
9993
9976
9995
9969
9996
9990
9978
9992
9985
9996
9986
9968
9992
9985
9989
9992
9991
9990
9995
9949
9992
9979
9984
9987
9980
9973
9986
9977
9990
9991
9968
9997
9980
9982
9960
9981
9986
9972
9988
9989
9982
9987
9983
9994
9993
9990
9998
9976
9997
9996
9975
9981
9974
9982
9974
9987
9977
9993
9982
9987
9999
9989
9993
9993
9984
9994
9970
9984
9993
9989
9987
9991
9981
9990
9980
9982
9985
9984
9994
9965
9994
9988
9983
9990
9992
9996
9976
9973
9993
9987
9987
9979
9980
9982
9964
9989
9983
9990
9987
9979
9997
9985
9972
9985
9987
9966
9994
9988
9987
9991
9983
9985
9989
9990
9976
9994
9990
9991
9968
9995
9994
9982
9961
9992
9980
9996
9995
9981
9986
9991
9991
9993
9986
9961
9994
9998
9988
9988
9989
9978
9969
9991
9987
9995
9983
9966
9986
9982
9975
9981
9989
9989
9989
9986
9966
9990
9995
9983
9984
9987
9980
9977
9991
9974
9985
9964
9977
9986
9962
9982
9994
9971
9985
9988
9982
9991
9990
9984
9984
9994
9995
9990
9979
9996
9994
9984
9994
9990
9989
9983
9994
9986
9992
9979
9997
9986
9994
9975
9994
9965
9982
9994
9984
9989
9981
9992
9984
9978
9977
9975
9993
9983
9975
9990
9989
9988
9968
9979
9997
9979
9996
9978
9970
9980
9961
9988
9989
9970
9988
9972
9987
9986
9988
9990
9980
9985
9985
9990
9996
9979
9993
9949
9993
9987
9984
9977
9984
9996
9995
9990
9965
9974
9985
9989
9980
9991
9990
9991
9990
9991
9984
9988
9991
9993
9989
9955
9976
9978
9983
9986
9990
9986
9994
9982
9989
9991
9987
9987
9985
9985
9976
9990
9993
9995
9998
9978
9995
9968
10000
9963
9986
9972
9981
9993
9987
9987
9973
9985
9992
9990
9984
9992
9988
9989
9990
9991
9986
9979
9987
9962
9972
9965
9974
9978
9987
9988
9984
9985
9982
9996
9985
9970
9983
9977
9992
9986
9979
9972
9992
9988
9970
9975
9996
9979
9966
9989
9990
9995
9972
9984
9990
9977
9995
9990
9996
9989
9973
9981
9954
9987
9990
9993
9974
9972
9997
9989
9990
9990
9997
9992
9990
9990
9983
9987
9971
9984
9995
9985
9989
9977
9991
9997
9990
9973
9975
9988
9990
9983
9973
9982
9993
9978
9986
9991
9995
9978
9980
9958
9985
9998
9982
9987
9998
9994
9986
9973
9985
9993
9987
9978
9987
9985
9990
9981
9992
9999
9976
9981
9992
9994
9987
9984
9999
9965
9982
9972
9977
9992
9993
9981
9994
9985
9982
9982
9989
9999
9986
9991
9976
9997
9988
9979
9999
9989
9988
9960
9998
9983
9961
9984
9978
9987
9995
9988
9989
9983
9996
9970
9990
9974
9979
9993
9981
9992
9982
9993
9980
9992
9995
9986
9997
9985
9994
9996
9985
9991
9972
9967
9986
9967
9981
9976
9982
9986
9987
9967
9987
9974
9990
9994
9982
9987
9996
9989
9992
9992
9982
9981
9994
9988
9987
9991
9978
9989
9984
9983
9987
9995
9990
9976
9976
9981
9997
9986
9988
9987
9977
9992
9992
9991
9976
9953
10000
9987
9991
9980
9984
9988
9984
9983
9991
9986
9978
9988
9994
9994
9978
10000
9996
9988
9992
9990
9982
9984
9984
9990
9984
9990
9991
9997
9988
9988
9990
9985
9990
9974
9994
9990
9971
9971
9979
9993
9988
9993
9982
9997
9978
9987
9996
9992
9984
9975
9969
9972
9984
9975
9991
9979
9958
9992
9984
9987
9982
9980
10000
9993
9980
9983
9990
9986
9992
9981
9995
9995
9988
9980
9973
9983
9990
9989
9992
9983
9973
9974
9998
9986
9990
9992
9974
9966
9992
9991
9989
9988
9983
9981
9967
9991
10000
9995
9976
10000
9993
9990
9994
9989
9991
9990
9991
9993
9983
9984
9989
9958
9989
9989
9976
9977
9981
9983
9955
9976
9995
9991
9988
9996
9993
9997
9987
9982
9991
9973
9980
9995
9976
9990
9990
9996
9990
9993
9978
9997
9975
9965
9951
9968
9971
9992
9983
9990
9984
9978
9978
9988
9997
9994
9983
9980
9990
9989
9987
9992
9982
9975
9996
9986
9972
9987
9992
9988
9991
9989
9989
9990
9980
9984
9984
9969
9994
9989
9994
9992
9982
9982
9980
9996
9988
9997
9960
9985
9987
9995
9980
9975
9999
9987
9987
9978
9977
9992
9995
9981
9987
9999
9990
9987
9985
9966
9990
9990
9984
9985
9979
9992
9988
9985
9967
9994
9994
9992
9974
9978
9982
9985
9988
9992
9986
9988
9989
9988
9992
9990
9966
9984
9987
9990
9975
9968
9976
9990
9958
9999
9989
9993
9990
9991
9995
9993
9979
9989
10000
9964
9993
9992
9985
9992
9985
9978
9976
9974
9993
9979
9986
9983
9980
9978
9992
9967
9988
9988
9979
9990
9974
9987
9978
9981
9991
9983
9986
9981
9972
9982
9990
9983
9979
9992
9963
9989
9997
9979
9973
9986
9986
9988
9989
9989
9992
9997
9989
9987
9983
9984
9989
9992
9994
9994
9994
9988
9996
9975
9985
9986
10000
9982
9995
9977
9987
9987
9989
9983
9965
9966
9980
9997
9992
