9988
9985
9995
9985
9988
9982
9984
9995
9974
9985
9992
9986
9989
9982
10000
9985
9984
9987
9995
9992
9981
9983
9991
9975
9981
9993
9978
9987
9986
9979
9995
9979
9986
9976
9976
9997
9983
9993
9992
9953
9986
9981
9983
9987
9971
9985
9972
9996
9989
9980
9965
9993
9975
9988
9984
9992
9983
9976
9987
9986
9973
9990
9987
9991
9976
9971
9989
9984
9978
9991
9979
9985
9990
9979
9982
9984
9972
9991
9986
9991
9956
9987
9986
9982
9993
9982
9964
9980
9982
9980
9992
9975
9992
9976
9984
9984
9978
9989
9987
9973
9978
9993
9992
9990
9989
9981
9990
9989
9981
9987
9996
9987
9990
9998
9998
9978
9995
9982
9982
9981
9972
9989
9980
9999
10000
9990
9996
9985
9950
9989
9984
9985
9997
9994
9968
9985
9950
9980
9982
10000
9980
9990
9986
9997
9956
9997
9984
9979
9979
9975
9993
9993
9973
9995
9988
9996
9974
9989
9978
10000
9984
9975
9990
9994
9994
9994
9969
9994
9992
9987
9997
9995
9994
9982
9993
9980
9958
9997
9989
9960
9979
9992
9994
9987
9988
9972
9980
9979
9982
9988
9985
9980
9992
9969
9991
9996
9989
9990
9993
9988
9984
9982
9968
9980
9993
10000
9992
9988
9984
9999
9992
9982
9963
9983
9975
9975
9992
9984
9966
9994
9980
9986
9984
9993
9998
9991
9989
9967
10000
9996
9993
9975
9983
9992
10000
9980
9981
9986
9983
9997
9975
9988
9993
9981
9982
9995
9986
9981
9984
9993
9984
9995
9974
9989
9991
9994
9978
9976
9985
9986
9992
9983
9969
9998
9984
9973
9998
9974
9970
9987
9986
9984
9974
9992
9996
9997
9988
9980
9977
9985
9991
9989
9992
9995
9993
9988
9976
9966
9981
9975
9983
10000
9999
9978
9995
9987
9982
9985
9965
9986
9987
9983
10000
9980
9989
9987
9985
9980
9986
9968
9982
9999
9990
9990
9997
9991
9992
9996
9995
9976
9978
9977
9981
9991
9974
9989
9986
9995
9989
9990
9986
9986
9983
9998
9975
9969
9993
9957
9983
9990
9990
9997
9981
9985
9990
9999
9992
9988
9987
9974
9995
9997
9987
9991
9984
9986
9992
9991
9995
9969
9978
9993
9997
9989
9971
9983
9991
9991
9995
9964
9990
9988
9987
9983
9996
9981
9984
9986
9982
9995
9981
9959
9972
9987
9994
9975
9989
9976
9989
9971
9984
9979
9992
9992
9989
9980
9993
9994
9979
9969
9989
9992
9991
9965
9971
9985
9982
9969
9991
9994
9993
9985
9988
9976
9988
9963
9980
9985
9986
9967
9988
9984
9981
9978
9969
9978
10000
9991
9995
9983
9976
9997
9989
9988
9972
9986
9990
9986
9968
9991
9975
9990
9969
9985
9994
9978
9982
9983
9989
9988
9990
9986
9971
9994
9980
9990
9996
9995
9991
9984
9972
9983
9988
9989
9977
9983
9995
9988
9992
9988
9969
9983
9974
9993
9995
9991
9993
9967
9969
9989
9993
9987
9974
9984
9991
9989
9990
9979
9971
9990
9999
9979
9993
9990
9990
10000
9990
9993
9995
9997
9982
9989
9982
9998
9996
9998
9977
9974
9981
9978
9969
9979
9995
9990
10000
9987
9987
9995
9994
9994
9974
9962
9995
9991
9990
9988
9992
9995
9989
9990
9982
9982
9974
9984
9984
9988
9977
9972
9972
9979
9982
9991
9991
9976
9987
9992
9987
9966
9979
9969
9985
9983
9991
9988
9983
9988
9978
9993
9995
9985
9973
9987
9993
9975
9990
9989
9986
9985
9984
9997
9992
9993
9989
9982
9986
9987
9965
9979
9979
9993
9987
9994
9977
9964
10000
9992
9989
9976
9978
9984
9982
9974
9980
9984
9989
9985
9982
9978
9982
9972
9999
9991
9981
9970
9992
9997
9988
9977
9998
9977
9994
9989
9990
9985
9974
9974
9992
9984
9979
9982
9985
9982
9972
9982
9992
9996
9998
9994
9988
9955
9988
9999
9978
9991
9971
9991
9990
9951
9980
9970
9968
9987
9991
9992
9981
9991
9985
9995
9994
9982
9984
9991
9987
9992
9982
9989
9976
9990
9983
9979
9990
9990
9984
9989
9988
9981
9968
9991
9996
9976
10000
9986
9972
9989
9993
9986
9994
9973
9994
9989
9991
9997
9982
9990
9992
9982
9981
9988
9962
9994
9984
9991
9958
9977
9980
9982
9979
9990
9984
9992
9995
9987
9982
9986
9997
9950
9988
9977
10000
9969
9980
9995
9974
9992
9993
9993
9976
9984
9989
9996
9987
9980
9991
9979
9981
9999
9997
9990
9986
9983
9991
9994
9986
9984
9993
9991
9992
9982
9992
9981
9984
9989
9971
9987
9986
9948
9985
9989
9975
9991
9995
9972
9983
9970
9993
9998
9990
9994
9989
9967
10000
10000
9982
9993
9988
9993
9987
9988
9992
9985
9987
9976
9995
9993
9980
9988
9976
9994
9980
9981
9989
9980
9991
9978
9993
9988
9992
9993
9981
9979
9994
9977
9990
9995
9984
9993
9972
10000
9998
10000
9978
9993
9998
9994
9985
9987
9988
9953
9991
9993
9981
9999
9991
9983
9995
9978
9995
9991
9987
9989
9987
9985
9992
9983
9985
9991
9987
9988
9963
9987
9999
9994
9989
9984
9977
9980
9975
9965
9983
9972
9993
9981
9998
9987
9978
9973
9980
9971
9980
9970
9984
9980
9981
10000
9985
9973
9991
9991
9976
9993
10000
9988
9989
9987
9985
9966
9994
9986
9978
9998
9998
9970
9987
9994
9975
9970
10000
9977
9989
9985
9973
9987
9975
9980
9992
9964
9988
10000
9978
9969
9983
9986
9986
9983
9993
9945
10000
9980
10000
9973
9981
9969
9982
9994
9985
9981
9983
9994
9973
9978
9996
9995
9981
9990
9973
9983
9994
9989
9996
9994
9999
9966
9991
9969
9987
9987
9998
9980
9991
9997
9996
9981
9981
9986
9980
9991
9986
9994
9997
9977
9985
9983
9997
9990
9971
9992
9990
9989
9996
9984
9985
9969
9983
9987
9987
9989
9984
9979
9994
9985
9986
9988
9985
9988
9971
9990
9969
9985
9986
9967
9998
9992
9983
9993
9988
9990
9989
9985
9970
9989
9983
10000
9984
9975
9979
9969
9990
9992
9995
9986
9980
9992
9997
9983
9985
9965
9947
9982
9976
9987
