9991
9984
9996
9988
9970
9997
9963
9990
9990
9983
9996
9981
9983
9991
9975
9987
9971
9982
9985
9983
9977
9998
9985
9986
9946
9992
9987
9991
9978
9992
9994
9975
10000
9987
9992
9970
9983
9975
9972
9987
9994
9989
9988
9984
9967
9978
9983
9997
9987
9981
9982
9988
10000
9975
9998
9973
9971
9991
9998
9985
9980
9979
9983
9981
9986
9981
9993
9993
9975
9989
9973
9980
9966
9993
9953
9993
9986
9995
9951
10000
9985
9986
9993
9965
9988
9979
9988
9984
9993
9980
9984
9987
9989
9985
9973
9993
9970
9978
9983
9980
9979
9987
9967
9986
9982
9995
9995
9995
9989
9989
9992
9996
9991
9988
9983
9973
9946
9988
9952
9983
9984
9975
9989
9985
9993
9974
9991
9972
9985
9994
9982
9990
9982
9982
9955
9972
9982
9980
9996
9982
9990
10000
9996
9977
9984
9979
9979
9998
9985
9969
9981
9990
9978
9983
9989
9977
9981
9975
9970
9992
9975
9991
9989
9969
9992
9970
9955
9980
9974
9978
9986
9923
9969
9994
9986
9990
9987
9982
9993
9983
9976
9988
9983
9975
9975
9995
9988
9984
9992
9993
9994
9993
9977
9988
9982
9969
9977
9982
9991
9976
9977
9977
9987
9992
9990
9995
9988
9989
9994
9989
9984
9977
9988
9985
9995
9990
9990
9993
9997
9999
9983
9974
9987
9982
9985
9987
9988
9973
9990
9988
9996
9990
9991
9979
9992
9960
9971
9989
9976
9993
9982
9990
9979
9990
9996
9985
9990
9990
9981
9950
9972
9983
9991
9977
9961
9989
9990
9985
9989
9984
9982
10000
9974
9985
9986
9962
9998
9976
9983
9990
9953
9988
9981
9986
9986
9983
9989
9989
9985
9975
9991
9986
9979
9985
9973
9989
9984
9989
9987
9950
9973
9983
9999
9990
9994
9985
9990
9993
9986
9983
9970
9998
9971
9986
9988
9981
9994
9987
9990
9986
9991
9982
9991
9995
9980
9990
9992
9973
9982
9983
9992
9987
9984
9994
9982
9989
9984
9986
9988
9996
9985
9984
9988
9979
9955
9978
9996
9996
9982
9994
9983
9984
9961
9981
9992
9978
9987
9995
9989
9997
9964
9984
9994
9967
9987
9964
9975
9980
9987
9955
9983
9969
9983
9985
9966
9974
9984
9974
9991
9997
9977
9986
9989
9985
9988
9994
9989
9989
9993
9985
9978
9976
9991
9988
9983
9979
9984
9983
9995
9994
9991
9981
9994
9990
9979
9986
9990
9986
9984
9992
9980
9973
9978
9988
9971
9985
9975
9979
9999
9963
9992
9984
9982
9974
9979
9978
9975
9993
9989
9988
9985
9987
9984
9983
9980
9987
9980
9975
9991
9978
9985
9985
9987
9992
9985
9992
9978
9995
9968
9980
9970
9991
9987
9996
9982
9981
9984
9978
9986
9999
9984
9978
9980
9985
9980
9998
9983
9984
9978
9994
9990
9988
9997
9990
9984
9983
9990
9980
9983
9966
9990
9978
9988
9991
9985
9978
9985
9962
9991
9993
9981
9967
9985
9988
9992
9989
9975
9983
9975
9972
9988
9980
9975
9984
9994
9974
9975
9975
9994
9988
9993
9991
9978
9964
9972
9996
9984
9970
9983
9985
9979
9991
9982
9987
9992
9984
9997
9997
9973
9963
9984
9996
9973
9988
9975
9986
9987
9987
9979
9991
9980
9975
9989
9987
9993
9990
9994
9999
9986
9996
9986
9994
9973
9983
9980
9984
9988
9970
9982
9976
9984
9982
9993
9982
9967
9982
9988
9978
9989
9987
9990
9975
9971
9983
9980
9987
9983
9991
9980
9997
9993
9993
9994
9986
9998
9988
9992
9987
9977
9997
9982
9992
9990
9984
9993
9993
9989
9995
9986
9991
9993
9971
9972
9985
9991
9975
9990
9970
9980
9982
9979
9985
9993
9991
9988
9980
9992
9984
9980
9988
9989
9986
9986
9977
9963
9994
9979
9982
9999
9989
9979
9973
9991
9989
9992
9970
9982
9990
9998
9988
9987
9983
9988
9989
9980
9984
9994
9988
9982
9981
9994
9972
9989
9987
9988
9981
9991
9984
9990
9989
9991
9997
9974
9991
9990
9982
9979
9971
9977
9978
9985
9990
9985
9998
9966
9980
9989
9967
9993
9985
9992
9970
9991
9981
9980
9991
9993
9980
9987
9940
9987
9990
9982
9971
9962
9983
9986
9990
9989
9981
9965
9966
9980
9987
9999
9973
9970
9980
9977
9982
9986
9972
9960
9987
9977
9994
9973
9984
9993
9971
9965
9988
9964
9968
9988
9992
9983
9983
9986
9977
9985
9953
9973
9979
9986
9993
9978
9984
9963
9991
9988
9973
9987
9984
9986
9981
9984
9993
9981
9975
9985
9996
9988
9983
9976
9970
9991
9988
9975
9979
9991
9982
9987
9991
9990
9976
9989
9991
9988
9998
9968
9981
9980
9990
9991
9974
9969
9973
9993
9994
9988
9978
10000
9961
9995
9980
9990
9978
9962
9993
9985
9992
9987
9983
9987
9960
9986
9969
9995
9984
9996
9978
9988
9989
9983
9994
9979
9993
9985
9987
9985
9986
9991
9988
9987
9982
9972
9983
9985
9978
9993
9989
9970
9990
9962
9980
9987
9973
9992
9987
9982
9998
9980
9995
9990
9980
9993
9987
9954
9979
9992
9993
9994
9988
9990
9985
9976
9987
9994
9982
9979
9986
9992
9997
9992
9997
9984
9985
9991
9992
9990
9992
9982
9990
9982
9979
9974
9968
9980
9981
9985
9987
9993
9989
9991
9989
9969
9997
9992
9992
9989
9993
9978
9991
9996
9978
9999
9988
9976
9991
9989
9979
9991
9981
9992
9990
9985
9972
9990
9985
9991
9988
9981
9992
9973
9990
9985
9982
9984
9996
9975
9976
9986
9985
9986
9983
9987
9995
9994
9978
9990
9993
9987
9991
9982
9996
9960
9989
9995
9985
9994
9991
9974
9984
9980
9988
9981
9989
9962
9987
9976
9995
9983
9980
9985
9984
9970
9987
9983
9993
9990
9988
9994
9991
9976
9993
9974
9993
9979
9993
9988
9980
9992
9967
9988
9986
9989
9986
9993
9999
9990
9985
9989
9966
9981
9991
9995
9984
9982
9992
9977
9995
9981
9998
9993
9990
9969
9978
9979
9980
9991
9979
9994
9959
9982
9991
9972
9989
9963
9966
9964
9974
9984
9973
9983
9986
9978
9984
9991
9986
