9990
9991
9990
9991
9963
9988
9996
9994
9986
9992
9991
9971
9999
9986
9996
9997
9994
9987
9993
9983
9979
10000
9998
9993
9959
9994
9986
9987
9990
9989
9993
9986
9976
10000
9986
9989
9982
9997
9985
9968
9970
9990
9967
9994
10000
9993
10000
9964
9990
10000
9993
9981
9989
9988
9980
9956
9972
10000
9998
9983
9990
9978
9990
9988
9987
9982
9985
9971
9993
9985
9991
9979
9985
9987
9975
9988
10000
9999
9984
9985
9993
10000
9976
9974
9950
9989
9988
9979
9990
9989
9980
9986
9985
9981
9977
9993
10000
10000
9986
9985
9980
9985
9985
9998
10000
9993
9981
9996
9996
9996
9993
9979
9986
9990
10000
9989
9960
9992
9982
9996
9985
9995
9972
9997
10000
9992
9984
9969
9985
9979
9994
9975
9969
9983
9982
9990
9994
9994
9982
9972
9997
9986
9982
9986
9995
10000
9997
9972
9964
9994
9993
9970
9966
9964
10000
9985
9986
9979
9982
9985
9995
9989
9984
9998
9985
10000
10000
9987
9984
9979
9986
9969
10000
9987
9993
9987
9988
9997
9996
9993
9992
9980
9994
10000
9989
9992
9959
9983
9993
9981
9981
9988
9975
9971
9988
9996
9986
9965
9990
9994
9993
9988
9976
9987
9996
10000
9996
10000
9982
9992
9988
9966
9985
10000
9984
9988
9985
9978
9985
9989
9979
9987
9989
9986
9988
9991
9989
9984
9983
9979
9985
9964
9993
9986
9994
9953
9996
9982
9981
10000
9977
9984
9976
9993
9993
9991
10000
9992
9997
9997
9986
9991
9991
9990
9998
9986
10000
9983
9995
9983
9998
10000
10000
9997
9983
9985
9988
9974
9991
9993
9977
9988
9989
9984
9989
10000
9968
10000
9974
9973
9974
9997
10000
9984
9994
9967
10000
9989
9980
9983
9988
9974
9990
9977
9989
9991
10000
9984
10000
9988
9998
9988
9981
9973
9990
9981
9997
9973
9997
9974
9991
9991
10000
9994
9970
9997
9973
9983
9984
9993
9976
9994
9993
9980
9978
9986
9988
9979
9976
9972
9984
9994
9991
9983
9970
9991
9993
9976
9994
9987
9979
9994
9981
9984
9996
10000
9985
9979
9989
10000
9992
9996
9991
9978
9988
9979
9979
9990
9994
9990
10000
9988
9987
9995
9979
9985
9977
10000
9990
9985
9984
9966
9969
9991
10000
9973
9980
9976
10000
9997
9982
9982
9996
9972
9992
9977
9989
9983
9992
9995
9991
9999
9992
9984
9986
9984
9984
9979
9978
9970
9988
9987
9994
9984
9988
9977
9986
9990
9970
9986
10000
9971
9986
9988
9978
9994
9986
9987
9984
9983
9980
9984
9984
9983
9987
9982
9971
9981
10000
9964
9981
9976
9974
9990
9980
9996
10000
9975
9988
9963
9986
9980
9971
9979
10000
9990
9974
9994
9973
9978
9992
9995
9986
9980
9996
9988
9986
9991
9993
9982
9988
9999
10000
9999
9995
9997
9981
9970
9990
10000
9976
9978
9993
9976
9981
9985
9993
9993
9993
9988
9993
9994
9990
10000
9984
9995
9996
9993
10000
10000
9989
9995
10000
9969
9985
9959
9972
9977
9984
9989
9993
9940
9966
9999
9997
9981
9972
9971
9968
9967
9990
9990
9984
9990
9983
9991
9986
9992
9991
9990
9992
9990
9989
9986
9997
9963
9986
9974
9976
9987
9984
9998
9983
9960
9992
9983
9985
9983
9984
9997
9992
9986
10000
9986
10000
10000
9981
9993
9984
9991
9978
9991
9997
9992
10000
9982
9993
9986
9957
9976
9981
9990
10000
9976
9986
9981
9984
9991
9989
9982
9991
9976
9981
10000
9996
9985
9997
9999
9966
9979
9988
9990
9971
9991
9993
9995
9982
9991
9986
9986
9977
9982
9983
9987
9997
9993
9991
9976
9990
9976
9998
9981
9991
9985
9993
9992
9981
9988
9990
9986
10000
10000
9997
9993
9983
9996
9954
9978
9993
9987
9994
9994
9989
9984
9984
9979
10000
9984
9973
9984
9973
9995
9984
10000
9986
9995
9981
10000
9989
9982
9993
9983
9998
9980
9986
9979
9987
9994
9988
9961
9987
9981
9993
9980
9969
9986
9993
9996
9986
9994
9999
9988
9975
9993
9989
10000
9985
9993
9993
9963
9992
9989
9986
9993
9996
9985
9995
9981
9992
9997
9980
9977
9978
9994
9983
9998
9986
9976
10000
9990
9972
9987
10000
9992
9987
10000
9991
9984
9995
9987
9989
9974
9976
9979
9993
9969
10000
10000
9995
10000
9998
9990
9983
9994
9973
10000
9986
9994
10000
9984
9969
9984
9987
9978
9989
9988
9990
9988
9992
9958
9985
9994
9990
9987
10000
10000
9986
9988
9966
9989
9992
9989
10000
9984
9985
9986
10000
9972
9991
9973
9985
10000
9990
9967
10000
9973
9980
9998
9997
9985
9983
9976
9985
9994
9992
9980
10000
10000
9983
9975
9983
10000
10000
9990
9996
9989
9990
9983
9998
9988
9992
9997
9968
10000
9982
9997
9987
10000
9983
9994
9984
9994
9980
9994
9984
9994
9994
9978
9973
9987
9990
10000
9993
9978
9992
9987
9951
9992
9986
9966
9976
9983
9972
9989
9976
9981
9981
9947
9997
9978
9984
9996
9983
9987
9980
9984
9990
9978
9982
10000
9997
9975
9984
9992
9964
9992
9996
9991
9987
9972
9978
9998
9992
9985
9988
9988
9974
9990
9979
9998
9981
9981
9997
9995
9991
9986
10000
9977
9983
9983
9977
9999
9988
9992
9981
9997
9988
9986
9981
9983
9984
10000
9992
9984
9989
9998
9987
9980
9990
9972
10000
9995
9992
9966
9993
9992
9984
9974
9987
9991
10000
9966
9987
9972
9990
9992
9983
9992
9979
10000
9987
9991
10000
9984
9989
9991
9991
9988
9981
9982
9976
9993
10000
9996
10000
9987
10000
9996
9999
9996
9988
9975
9977
9988
9985
9988
9980
9998
10000
10000
9988
9992
9991
9977
10000
9973
9999
9979
9993
9973
9991
9973
9991
10000
9980
9998
9980
9986
10000
9982
10000
9987
10000
9991
9990
9993
9985
9986
9998
9984
9993
9991
9985
9973
9996
9999
9986
9972
9996
9971
9983
9995
9979
10000
9994
9984
9992
9990
9977
9976
9994
9961
9982
9992
9991
9976
9990
9977
9970
9997
9993
9988
9993
9983
9972
9991
9989
9987
9994
9972
