9977
9990
9988
10000
9967
9998
9990
9979
9990
9986
9989
9993
9977
9990
9985
9978
9982
9990
9992
9971
9957
9969
9970
9995
9975
9973
9973
9976
9994
9984
9998
9975
9993
9983
9995
9970
9997
9989
9983
9987
9981
9988
9982
9987
9978
9991
9987
9978
9988
9981
9985
9971
9981
9982
9994
9985
9992
9988
9964
9989
9985
9989
9984
9981
9994
9994
9975
9987
9989
9987
9985
9986
9968
9989
9982
9970
9981
9989
9963
9970
9988
9982
9984
9982
9988
9978
9984
9985
9981
9980
9984
9988
9977
9995
9963
9986
9997
9986
9990
9989
9990
9992
9986
9961
9990
9978
9992
9996
9989
9972
9986
9976
9983
9979
9982
9969
9971
9990
9977
9987
9990
9980
9982
9988
9987
9971
9994
9969
9981
9984
9974
9981
9978
9978
9997
9986
9984
9983
9980
9988
9959
9978
9979
9992
9982
9992
9975
9970
9963
9982
9984
9959
9978
9994
9982
9960
9987
9978
9994
9981
9980
9980
9984
9977
9992
9993
9995
9976
9997
9978
9989
9981
9985
9988
9988
9975
9985
9974
9979
9991
9973
9985
9992
9984
9995
9970
9980
9989
9982
9997
9977
9990
9985
9987
9983
9985
9983
9984
9987
9976
9980
9982
9995
9983
9971
9991
9995
9993
9981
9990
9985
9977
9984
9984
9992
9990
9976
9993
9981
9990
9988
9975
9984
9978
9976
9987
9978
9973
9980
9975
9979
9980
9982
9999
9991
9990
9977
9986
9989
9967
9965
9982
9983
9993
9966
9990
9997
9971
9982
9981
9990
9979
9999
9991
9957
9992
9982
9972
9977
9977
9968
9952
9976
9974
9981
9989
9988
9996
10000
9976
9973
9977
9990
9984
9952
9982
9978
9964
9986
9957
9985
9984
9980
9972
9980
9986
9988
9962
9998
9977
9995
9969
9980
9977
9980
9991
9986
9992
9997
9985
9970
9992
9968
9981
9956
9987
9990
9991
9967
9993
9989
9982
9996
9985
9993
9984
9991
9980
9989
9998
9998
9992
9990
9984
9979
9977
9981
9983
9985
9982
9981
9972
9986
9986
9985
9986
9982
9993
9990
9984
9989
9985
9993
9994
9981
9999
9983
9979
9991
9986
9982
9977
9983
9997
9996
9969
9994
9989
9974
9982
9982
9964
9972
9997
9983
9987
9982
9984
9981
9984
9987
9979
9985
9987
9987
9959
9984
9994
9993
9991
9973
9975
9986
9969
9988
9982
9994
9990
9982
9990
9990
9991
9996
9982
9994
9989
9996
9972
9984
9997
9989
9985
9968
9989
9967
9994
9998
9991
9987
9974
9987
9992
9992
9991
9985
9994
9985
9983
9968
9975
9947
9973
9997
9994
9985
9966
9981
9993
9982
9986
9991
9986
9980
9976
9986
9979
9974
9991
9965
9992
9961
9993
9996
9991
9989
9994
9990
9986
9989
9988
9984
9989
9983
9994
9994
9978
9986
9985
9984
9987
9986
9986
9969
9980
9990
9991
9973
9986
9976
9980
9978
9992
9980
9983
9980
9987
9987
9969
9989
9980
9956
9969
9986
9991
9984
9978
9984
9984
9988
9963
9997
9994
9973
9988
9986
9994
9987
9970
9963
9993
9984
9980
9978
9991
9990
9978
9990
9982
9968
9977
9964
9985
9990
9992
9991
9996
9984
9989
9981
9985
9993
9995
9978
9978
9959
9985
9978
9981
9988
9981
9991
9986
9980
9966
9987
9985
9975
9988
9981
9990
9993
9989
9981
9957
9990
9981
9983
9984
9963
9979
9983
9995
9965
9984
9992
9988
9987
9988
9987
9990
9963
9989
9983
9967
9982
9964
9977
10000
9985
9970
9993
9975
9967
9988
9987
9978
9983
9996
9994
9975
9982
9994
9994
9986
9988
9972
9991
9971
9993
9982
9976
9971
9980
9975
9978
9989
9985
9987
9975
9990
9991
9976
9990
9988
9989
9965
9997
9980
9991
9986
9988
9995
9989
9983
9981
9986
9968
9995
9988
9991
9992
9981
9988
9990
9993
9991
9984
9975
9986
9996
9964
9994
9995
9995
9978
9983
9967
9988
9990
9975
9958
9985
9989
9972
9980
9992
9989
9973
9989
9970
9982
9989
9998
9982
9991
9975
9986
9979
9982
9970
9988
9987
9991
9982
9982
9979
9938
9971
9988
9986
9992
9978
9990
9980
9987
9997
9968
9980
9999
9977
9975
9972
9979
9967
9994
9997
9954
9972
9993
9981
9986
9994
9996
9973
9982
9976
9989
9990
9982
9980
9994
9974
9977
9987
9983
9986
9972
9990
9991
9999
9989
9982
9989
9983
9978
9995
9980
9989
9979
9984
9994
9986
9986
9965
9983
9969
9991
9976
9988
9986
9979
9968
9980
9989
9991
9989
9961
9993
9987
9979
9992
9983
9991
9987
9975
9989
9983
9966
9975
9998
9997
9992
9981
9977
9986
9982
9974
9991
9983
9990
9976
9969
9972
9993
9984
9995
9995
9991
9985
9985
9983
9993
9985
9992
9981
9995
9987
9994
9987
9995
9975
9977
9994
9989
9999
9992
9993
9992
9980
9993
9986
9983
9979
9995
9983
9982
9988
9995
9982
9978
9994
9985
9988
9991
9996
9981
9986
9993
9977
9995
9996
9962
9990
9973
9969
9987
9990
9992
9997
9972
9976
9992
9992
9986
9980
9990
9995
9964
9976
9975
9990
9973
9997
9987
9986
9990
9981
9994
9997
9976
9971
9983
9966
9994
9989
9968
9979
9996
9985
9982
9985
9950
9978
9980
9990
9977
9990
9991
9991
9965
9989
9988
9988
9986
9982
9986
9989
9988
9990
9977
9974
9985
9989
9985
9987
9980
9993
9989
9987
9977
10000
9982
9961
9988
9993
9964
9997
9982
9972
9990
9994
9976
9986
9983
9974
9961
9977
9987
9977
9989
9986
9962
9993
9991
9996
9983
9995
9987
9977
9987
9995
9983
9982
9979
9989
9988
9972
9986
9985
9982
9989
9996
9992
9957
9991
9978
9978
9997
9986
9993
9980
9981
9983
9987
9997
9988
9992
9960
9995
9975
9975
9987
9967
9971
9993
9994
9961
9977
9991
9978
9987
9985
9966
9974
9979
9984
9988
9987
9992
9984
9986
9980
9976
9992
9996
9993
9982
9983
9993
9993
9988
9975
9978
9989
9987
9983
9989
9997
9968
9967
9972
9979
9994
9987
9994
9989
9993
9987
9978
9991
9995
9988
9990
9999
9999
9986
9988
9989
9982
9981
