9995
9987
9976
9969
9986
9987
9982
9992
9989
9993
9986
10000
9990
9984
9991
9986
9975
9987
9986
9991
9982
9999
9986
9980
9989
10000
9984
9977
9981
9990
9981
9965
9985
9980
9973
9988
9975
9996
9988
9983
9992
9976
9989
9967
9982
9984
9972
9995
9977
9971
9989
9995
9992
9994
9989
9981
9978
9983
9983
9980
9984
9980
9993
9986
9988
9996
9997
9990
9974
9990
9981
9998
9986
9990
9990
9985
9975
9973
9975
9998
9970
9990
9969
9999
9986
9981
9995
9994
9987
9986
9985
9973
9992
9968
9987
9989
9998
9973
9976
9990
9985
9964
9988
9982
9976
9993
9992
9988
9990
9992
9991
9985
9978
9978
9971
9989
9993
9985
9981
10000
9998
9977
9996
9989
9983
9987
9991
9994
9997
9976
9983
9966
9991
9979
9970
9998
9992
9985
9989
9995
9999
9975
9973
9972
9983
9974
9986
10000
9979
9986
9991
9992
9998
9973
9985
9994
9974
9997
9987
9974
9988
9987
9983
9983
9969
9970
9999
9987
9986
9983
9987
9991
9988
9988
9982
9989
9978
9983
9976
9980
9986
9986
9999
9975
9991
9984
9984
9995
9997
9964
9979
9986
9979
9971
9976
9987
9992
10000
9983
9984
9995
9978
9983
9987
9984
9989
9989
9985
9973
9998
9975
10000
9986
9989
9990
9986
9993
9986
9993
9981
9995
9962
9988
9959
9974
9989
9995
9985
9988
9987
9999
9999
9993
9997
9993
9981
9992
9977
9982
9986
9991
9985
9989
9983
9992
9974
9989
9981
9984
9979
9990
9988
9992
9983
9980
9982
9988
9970
9990
9996
9993
9981
9991
9977
9984
9993
9985
9993
9969
9988
9977
9981
9998
9977
9989
9976
9978
9984
9982
10000
9992
9979
9984
9987
9989
9988
9989
9993
10000
9977
9960
9988
9977
9994
9984
9981
9976
9985
9994
9994
9984
9991
9999
9986
9990
9986
9964
9989
9971
9982
9995
9970
9994
9984
9986
9982
9971
9984
9977
9987
9973
9979
9983
9992
9983
9990
9970
9990
9976
9997
10000
9983
9989
9985
9978
9981
9997
9991
9987
9973
9966
9992
9984
9981
9979
9983
9983
9977
9978
9995
9993
9998
9975
9973
9992
9983
9964
9960
9986
9996
9987
9995
9987
9988
9935
9979
9961
9983
9996
9962
9982
9993
9991
9985
9991
9978
9979
9967
9984
9964
9979
9991
9979
9986
9994
9972
9973
9983
9983
9982
9993
9976
10000
9981
9994
9985
9992
9982
9995
9990
9985
9995
9993
9964
9993
9995
9981
9979
9982
9981
10000
9993
9994
9996
9974
9977
9994
9992
9988
9985
9995
9979
9994
9995
9993
9972
9994
9990
9996
9973
9986
9991
9998
9983
9978
9988
9987
9986
9991
9975
9988
9980
9990
9986
9969
9965
9981
9982
10000
9984
9984
9992
9977
9977
9975
9982
9990
9953
9991
9979
9988
9996
9982
9983
9992
9987
9979
9989
9994
9989
9982
9988
9979
9966
9997
9997
9987
9990
9991
9983
10000
9981
9991
9941
9976
9995
9993
9981
9994
9985
9976
9988
9990
9985
9980
9998
9992
9995
9991
9984
9984
9994
9984
9994
9989
9992
9984
9980
9976
9993
9991
9982
9978
9990
9988
9989
9990
9983
9992
9988
9998
9992
9993
9963
9988
9975
9983
9981
9973
9974
9978
9999
9981
9981
9973
9992
9976
9989
9998
9981
9990
9979
9968
9978
9989
9982
9989
9977
9979
9978
9978
9986
9963
9982
9991
9983
9977
9987
9991
9963
9997
9971
9998
9981
9996
9975
9984
9988
9984
9992
9987
10000
9997
9990
9987
9993
9991
9995
9991
9971
9977
9974
9950
9994
9989
9985
9981
9983
9983
9982
9990
9997
10000
9980
9980
9990
9988
9972
9992
9996
10000
9995
9975
9978
9973
9982
9990
9975
9959
9963
9978
9986
9973
9992
9986
9995
9988
9975
9977
9972
9980
9972
9983
9988
9992
9976
9992
9990
9991
9977
9994
9999
9984
9983
9960
9983
10000
9983
9976
9989
9989
9997
9992
9983
9990
9982
9981
9990
9979
9994
9979
9977
9988
9997
9987
9990
9974
9977
9986
9997
9965
9987
9991
9986
9974
9994
9966
9990
9987
9986
9992
9996
9989
9988
9991
9991
9990
9982
9981
9978
9988
9994
9986
9992
9986
9989
9980
9997
9975
9981
9980
9992
9981
9983
9988
9987
9993
9984
9983
9996
9977
9982
9968
9993
9991
9973
9994
9984
9988
9953
9989
9983
9980
9974
9989
9980
9981
9994
9983
9981
9995
9985
9997
9996
9979
9985
9980
9994
9996
9989
9981
9998
9978
9976
9983
9966
9991
9986
9993
9994
9983
9970
9979
9973
9979
9971
9981
9985
9970
9992
9995
9984
9989
9981
9991
9991
9977
9970
9989
9990
9992
9994
9987
9991
9993
9976
9973
9986
9990
9978
9997
9995
9986
9991
9978
9990
9978
9972
9999
9978
9999
9992
9986
9998
9975
9985
9992
9978
9982
9976
9994
9997
9986
9990
9964
9971
9982
9975
9977
9982
9984
9997
9979
9999
9978
9972
9980
9981
9989
9979
9984
9978
9994
9977
9963
9987
10000
9966
9985
9992
9997
9997
9999
9979
9960
9977
9983
9977
9984
9987
9961
9963
9990
9981
9995
9987
9986
9984
10000
9988
9988
9994
9987
9981
9998
9982
9995
10000
9984
9997
9991
9976
10000
9980
9986
9994
9980
9985
9983
9982
9961
9989
9994
9997
9991
9988
9963
9990
9978
9997
9972
9993
9994
9994
9977
9986
9986
9986
9991
9995
9996
9985
10000
9976
10000
9994
9987
9974
9996
9984
9962
9998
9982
9970
9973
9981
9984
9979
9987
9935
9978
9996
9994
9981
9978
9997
9992
9990
9987
9962
9991
9990
9992
9986
9997
10000
9966
9990
9989
9990
9991
9975
9988
9984
9986
9992
9994
9990
9998
9989
9984
9988
9974
9999
9987
9987
9998
9965
9995
9992
9978
9978
10000
9962
9980
9983
9954
9963
9995
9979
9999
9991
9992
9987
9994
9985
9968
9995
9985
9995
9968
9970
9970
9979
9994
9986
9986
9976
9994
10000
9998
9973
9985
9972
9987
9978
9977
9979
9992
9990
9966
9983
9984
9978
9992
9994
9991
9991
9968
9954
9981
9991
9990
9989
9991
9978
9960
9982
9991
9993
