9615
9928
9975
9844
9988
9982
9977
9981
9919
9913
9965
9956
9986
9776
9975
9996
9816
9973
9942
9949
9988
9921
9875
9974
9931
9780
9806
9995
9969
9829
9962
9977
9982
9873
9962
9964
9974
9988
9987
9967
9990
9965
9960
9849
9972
9985
9924
9967
9527
9966
9882
9853
9961
9962
9983
9959
9982
9941
9943
9981
9914
9936
9987
9989
9975
9999
9970
9878
9697
9884
9985
9811
9995
9979
9972
9920
9973
9886
9987
9956
9989
9982
9778
9825
9955
9929
9958
9957
9970
9977
9948
9930
10000
9960
9971
9853
9936
9829
9693
9952
9880
9854
9956
9986
9639
9989
9989
9812
9988
9995
9927
9984
9976
9955
9979
9985
9995
9956
9979
9962
10000
9599
9953
9604
9960
9999
9942
9954
9888
9943
9926
9930
9978
9449
9964
9960
9940
9867
9948
9944
9964
9981
10000
9943
9984
9719
9949
9702
9961
9990
9944
10000
9976
9931
9983
9927
9857
9972
9979
9444
9985
9955
9916
9749
9826
9976
9879
9984
9973
9709
9975
9987
9973
10000
9688
9979
9978
9957
9972
9988
9960
9989
10000
9893
9967
9993
9948
9968
9983
9881
9945
9980
9963
9781
9972
9972
9988
9842
9984
9989
9664
9990
9568
9854
9978
9972
9973
9959
9999
9966
9994
9868
9979
9981
9947
9977
9989
10000
9899
9988
9987
10000
9672
9804
9979
9924
9970
9976
9965
9981
9981
9928
9956
9914
9988
9990
9970
9911
9956
9994
9614
9884
9993
9707
9955
10000
9837
9984
9915
9875
9967
9937
9815
9991
10000
9783
9796
9977
9948
9986
9686
9907
9988
9970
9979
9743
9619
9993
9726
9971
9921
9755
9721
9988
9982
9951
9981
9884
9856
9983
9995
9983
9861
9998
9947
9880
9966
9927
9961
9947
9885
9995
9939
9967
9663
9547
9890
10000
9879
9975
9980
9592
9985
9949
9883
9992
9991
9967
10000
9961
9921
9986
9973
9865
9952
9978
9974
9935
9865
9833
9995
9984
9983
9971
9987
9843
9930
9770
9993
9988
9968
9778
9973
9993
9958
9982
9756
10000
9972
9989
9978
9944
9995
9590
9961
9926
9971
9770
9997
9967
9916
9993
9813
9971
9850
9914
9993
9964
9985
9994
9650
9964
9998
9970
9966
9849
9971
9860
9774
9711
9767
9979
9980
9981
9977
9643
9990
9986
9973
9977
9968
9977
9956
9960
9978
9992
9997
9811
9994
9984
9981
9987
9983
9972
9982
9630
9988
9984
9993
9947
10000
9917
9916
9982
9991
9984
9964
9924
9971
10000
9860
9939
9766
9907
9805
9646
9928
9978
9970
9988
9712
9879
9938
9782
9977
9967
9976
9984
9956
9972
9985
9974
9983
9944
9966
9979
9832
9978
9850
9990
9971
9966
10000
9720
9973
9982
9893
9897
9983
9921
9661
9857
9976
9981
9966
9972
9956
9861
9982
9976
9975
9924
9727
9918
9990
9977
9513
9978
9966
9890
9986
9964
9964
9922
9953
9974
9989
9965
9987
9876
9687
9983
9971
9937
9991
9984
9978
10000
9908
9971
9976
9982
9931
9971
9832
9974
9925
10000
9957
9954
9959
9987
9968
9981
9981
10000
9991
9858
9972
9905
9969
9971
9707
9990
9959
9863
9823
9947
9806
9934
9982
9991
9817
9894
9699
9855
9766
9893
9981
9944
9993
9937
9829
9913
9952
9815
9737
9993
9961
9991
10000
9891
9989
9943
9970
9979
9981
9868
9985
9819
9993
9985
9855
9988
9944
9867
9986
9942
9979
9583
9953
10000
9969
9719
9970
9969
9919
9966
9999
9950
9954
9972
9976
9762
9948
9980
10000
9953
9993
9973
9980
9985
9998
9964
9982
9991
9877
9944
9943
9978
9938
9992
9902
9982
9978
9981
9974
9683
9955
9916
9866
9968
9767
9786
9846
9946
9938
9871
9950
9964
9954
9999
9857
9822
9995
9950
9978
9609
9971
9836
9960
9978
9937
9960
9911
9992
9982
9582
9962
9983
9950
9829
10000
9983
9964
9982
9990
9991
9980
9991
9625
9778
9976
9898
9997
9989
9913
9983
9958
9969
9938
9964
9847
9948
9848
9825
9942
9965
9948
10000
9945
9733
9714
9649
9877
9986
9639
9851
9760
9978
9986
9916
9868
9990
9993
9997
9998
9991
9984
9975
9974
9989
9522
9983
9915
9942
10000
9990
9933
9723
9921
9973
9947
9969
9979
9711
9821
9991
9976
9911
9615
9703
9971
9999
9964
9971
9980
9983
9950
9949
9963
9976
9973
10000
9977
9842
9987
9995
9987
9820
9991
9906
9974
9917
9983
9992
9991
9491
9732
9878
9960
9893
9666
9998
10000
9938
9967
9784
10000
9970
9983
9942
9985
9959
9678
9755
9847
9989
9977
9963
9749
9892
10000
10000
9681
9872
9910
9979
9894
9983
9992
9989
9995
9879
9978
9988
9977
9921
9948
9980
9778
9942
9933
9792
9969
9796
9891
9642
9963
9863
9984
9974
9970
9947
9992
9968
9994
9976
9992
9840
9949
9988
9990
10000
10000
9906
9923
9980
9999
9973
9984
9994
9944
9988
9978
9990
9989
9970
9978
9988
9644
9988
9851
9714
9980
9871
9985
9996
9959
10000
9985
9976
9911
9753
9483
9885
9978
9822
9997
9929
9964
9985
9976
9953
9965
9963
9527
9924
9982
9800
9999
9981
9578
9980
10000
9976
9972
9988
9993
9825
9970
9998
9968
9986
9970
9983
9759
9939
9969
9973
9987
9975
9957
9859
9971
9988
9874
9987
9965
9961
9718
9906
9927
9985
9918
9800
9971
9814
9932
9773
9960
9900
9943
9993
9993
9979
9982
9999
9911
9967
9840
9972
9942
9977
9941
9965
9912
9822
9951
9944
9973
9832
9959
9658
9994
9990
9973
9990
9708
9958
9928
9963
9946
9957
9960
10000
9983
9954
9948
9987
10000
9709
9989
9854
9968
9763
9841
9993
9906
9985
9978
9903
9981
9726
10000
9969
9945
9898
9990
9971
9957
9948
9940
9853
9776
9906
9979
9687
9928
9977
9986
9994
9967
9993
9588
9973
9932
9907
9963
9790
9947
9839
9980
9867
9710
9974
9968
9959
9907
9964
9788
9970
9857
9924
9990
9990
9978
9944
9982
9980
9903
9975
9974
9781
9994
9817
9818
9862
9548
9899
9716
9970
9893
9949
9690
9578
9904
9985
9943
9848
