9967
9983
9996
9989
9981
9987
9986
9974
9986
9993
9992
9984
9985
9993
9990
9969
9982
9986
9976
9984
9991
9972
9970
9991
9979
9990
9954
9990
9994
9995
9991
9983
9989
9995
9982
9987
9970
9984
9992
9986
9991
9972
9988
9981
9975
9993
9990
9988
9934
9980
9997
9964
9974
9990
9975
9978
9981
9986
9995
9949
9989
9984
9994
9983
9976
9979
9986
9990
9989
9993
9950
9988
9991
9978
9997
9981
9988
9985
9992
9945
9985
9981
9960
9998
9975
9981
9971
9989
9984
9997
9966
9988
9973
9970
9983
9982
9974
9988
9979
9974
9977
9981
9975
9971
9991
9961
9981
9960
9987
9965
9977
9996
9993
9992
9989
9993
9987
9984
9982
9986
9990
9991
9988
9991
9987
9980
9988
9986
9991
9996
9992
9979
9991
9987
9979
9979
9979
9984
9949
9991
9984
9989
9978
9976
9991
9992
9961
9982
9979
9972
9982
9976
9957
9982
9990
9995
9991
9982
9985
9970
9993
9989
9981
9996
9995
9994
9981
9975
10000
9987
9980
9981
9980
9993
9985
9959
9991
9988
9978
9987
9996
9989
9984
9978
9995
9983
9975
9991
9979
9976
9996
9998
9997
9986
9984
9987
9985
9992
9990
9996
9991
9979
9987
9987
9982
9994
9992
9973
9980
9986
9985
9993
9976
9967
9989
9996
9989
9973
9973
9965
9993
9981
9997
9983
9967
9992
9978
9994
9992
9979
9992
9984
9997
9994
9976
9983
9997
9992
9972
9991
9986
9959
9993
9981
9974
9978
9983
9986
9996
9980
9977
9987
9985
9986
9991
9991
9983
9973
9978
9973
9981
9994
9977
9994
9984
9970
9983
9985
9992
9983
9993
9982
9994
9970
9995
9991
9984
9991
9972
9977
9964
9961
9989
9996
9993
9992
9971
9988
9994
9989
9986
9980
9989
9982
9972
9967
9983
9988
9986
9989
9989
9968
9979
9947
9992
9983
9977
9991
9994
9997
9989
9982
9985
9964
9981
9997
9988
9971
9989
9986
9996
9972
9987
9977
9985
9974
9985
9992
9992
9978
9977
9992
9990
9985
9976
9976
9968
9983
9994
9991
9973
9969
9999
9997
9973
9980
9966
9991
9990
9991
9980
9977
9993
9983
9982
9994
9993
9984
9991
9979
9990
9989
9990
9980
9975
9978
9974
9967
9979
9981
9988
9982
9984
9993
9970
9989
9986
9998
9982
9980
9989
9984
9970
9971
9987
9997
9989
9990
9983
9991
9996
9984
9990
9988
9986
9992
9988
9986
9976
9982
9996
9990
9982
9998
9992
9969
9983
9990
9986
9969
9968
9986
9987
9992
9988
9970
9986
9992
9992
9976
9982
9981
9990
9976
9976
9983
9992
9992
9997
9979
9983
9994
9990
9976
9966
9983
9983
9983
9989
9990
9998
9982
9993
9995
9992
9986
9987
9995
9976
9972
9982
9985
9976
9975
9987
9987
9995
9991
9983
9987
9980
9993
9995
9978
9987
9987
9978
9988
9984
9993
9981
9984
9988
9988
9990
9979
9987
9995
9988
9979
9991
9979
9999
9997
9982
9984
9976
9970
9957
9985
9981
9985
9972
9980
9987
9969
9994
9972
9998
9988
9985
9988
9979
9990
9983
9983
9989
9975
9984
9990
9966
9988
9973
10000
9991
9993
9991
9989
9970
9977
9984
9994
9980
9982
9963
9981
9987
9981
9985
9965
9985
9991
9969
9983
9983
9974
9977
9978
9974
9984
9973
9977
9983
9986
9979
9991
9984
9981
9974
9981
9996
9980
9982
9949
9990
9996
9987
9982
9969
9981
9999
9998
9978
9988
9995
9975
9984
9989
9996
9997
9997
9989
9985
9981
9977
9980
9966
9977
9984
9989
9987
9996
9994
9987
9993
9975
9989
9985
9987
9967
9984
9977
9972
9960
9982
9988
9984
9991
9988
9966
9990
9971
9984
9996
9997
9977
9983
9974
9993
9983
9971
9974
9998
9981
9987
9987
9977
9999
9993
9978
9989
9973
9994
9987
9971
9973
9981
9987
9997
9996
9972
9989
9994
9977
9995
9982
9973
9981
9987
9997
9982
9980
9989
9995
9985
9989
9986
9978
9982
9987
9997
9979
9992
9987
9976
9986
9992
9980
9973
9990
9959
9963
9976
9987
9984
9987
9989
9979
9992
9995
9982
9991
9990
9995
9992
9991
9982
9992
9983
9972
9985
9995
9993
9964
9972
9982
9994
9990
9986
9978
9996
9981
9987
9989
9986
9995
9967
9988
9996
9983
9987
9990
9982
9980
9981
9984
9994
9988
9983
9989
9962
9982
9993
9991
9964
9975
9994
9982
9988
9979
9963
9990
9980
9973
9975
9985
9977
9982
9980
9989
9983
9994
9988
9990
9989
9982
9992
9982
9992
9979
9992
9995
9980
9959
9990
9988
9980
9985
9976
9992
9984
9979
9999
9997
9972
9991
9978
9993
9989
9975
9990
9984
9969
9984
9981
9981
9980
9982
9999
9992
9986
9939
9982
9951
9992
9956
9995
9988
9992
9993
9987
9980
9998
9998
9988
9994
9997
9981
9984
9965
9991
9983
9980
9951
9988
9979
9963
9975
9987
9966
9995
9992
9986
9989
9996
9995
9988
9988
9989
9967
9974
9983
9993
9985
9990
9994
9985
9984
9997
9992
9990
9995
9982
9982
9990
9990
9977
9986
9968
9982
9988
9982
9988
9947
9992
9978
9980
9971
9999
9976
9993
9987
9998
9985
9993
9989
9976
9990
9991
9978
9989
9983
9981
9999
9994
9988
9976
9978
9982
9979
9976
9995
9990
9947
9990
9984
9960
9984
9991
9986
9998
9970
9994
9980
9984
9984
9977
9972
9987
9989
9988
9994
9987
9973
9988
9960
9989
9980
9971
9962
9992
9993
9994
9990
9996
9991
9984
9987
9980
9973
9978
9982
9980
9979
9986
9971
9978
9986
9989
9986
9990
9965
9973
9977
9990
9994
9985
9991
9989
9983
9947
9987
9996
9983
9993
9986
9993
9985
9979
9994
9997
9981
9980
9978
9995
9992
9996
9987
9985
9996
9992
9989
9975
9977
9988
9955
9995
9993
9986
9985
9993
9982
9985
9993
9993
9996
9991
9996
9967
9976
9994
9988
9970
9975
9987
9997
9996
9977
9989
9966
9985
9982
9994
9984
9984
9984
9992
9996
9998
9990
9981
9993
9971
9999
9990
9988
9988
9983
9970
9995
9970
9985
9989
9979
9991
9967
9990
9989
9982
9987
