9971
9969
9988
9993
9984
9964
9986
9992
9982
9992
9973
9979
9995
9978
9989
9985
9984
9983
9993
9977
9985
9964
9963
9990
9977
9975
9981
9980
9976
9980
9985
9978
9951
9994
9981
9988
9994
9971
9986
9997
9990
9997
9982
9985
9988
9986
9980
9988
9981
9980
9984
9981
9995
9962
9988
9992
9975
9989
9986
9999
9988
9967
9993
9991
9987
9989
9980
9989
9988
9985
9991
9987
9991
9994
9996
9981
9992
9976
9961
9986
9988
9985
9987
9991
9981
9991
9992
9991
9985
9990
9995
9975
9991
9979
9992
9995
9987
9990
9996
9998
9983
9995
9985
9987
9979
9991
9984
9984
9972
9990
9981
9991
9979
9966
9983
9983
9987
9966
9996
9988
9995
9989
9999
9989
9992
9987
9986
9986
9997
9997
9976
9986
9993
9990
9968
9994
9970
9962
9983
9988
9994
9983
9985
9990
9994
9976
9981
9994
9985
9984
9988
9989
9983
9983
9992
9980
9993
9994
9993
9982
9979
9975
9991
9994
9991
9977
9996
9957
9986
9989
9989
9990
9994
9995
9992
9981
9985
9981
9974
9989
9990
9976
9989
10000
9974
9985
9988
9977
9977
9993
9991
9988
9992
9987
9978
9947
9982
9993
9981
9988
9985
9974
9966
9978
9969
9979
9979
9992
9989
9984
9997
9985
9970
9991
9973
9974
9982
9986
9992
9997
9983
9974
9989
9991
9973
9977
9993
9990
9993
9977
9984
9984
9996
9979
9982
9968
9979
9989
9983
9972
9987
9992
9990
9991
9992
9971
10000
9976
9984
9980
9973
9975
9975
9986
9981
9978
9994
9975
9967
9990
9987
9993
9974
9996
9980
9973
9980
9982
9994
9980
9984
9992
9994
9977
9985
9989
9988
9971
9979
9981
9982
9993
9978
9993
9986
9993
9995
9978
9992
9985
9981
9991
9988
9985
9992
9989
9979
9991
9981
9998
9990
9985
9986
9992
9996
9951
9990
9978
9982
9992
9985
9972
9983
9979
9998
10000
9990
9987
9969
9983
9995
9982
9990
9990
9996
9996
9979
9991
9992
9991
9973
9995
9969
9986
9995
9993
9979
9989
9979
9988
9985
9994
9998
9984
9991
9992
9996
9982
9983
9982
9977
9978
9988
9974
9987
9993
9983
9988
9984
9981
9985
9981
9993
9993
9986
9972
9994
9987
9988
9990
9977
9985
9990
9988
9989
9992
9984
9971
9986
9988
9981
9978
9997
9993
9982
9991
9994
9972
9991
9997
9982
9997
9985
9983
9990
9987
9977
9986
9972
9990
9990
9987
9986
9980
9989
9985
9983
9985
9986
9996
9987
9989
9976
9979
9981
9995
9979
9979
9987
9984
9979
9966
9988
9987
9989
9994
9994
9991
9988
9988
9970
9970
9977
9953
9989
9994
9973
9986
9992
9965
9983
9964
9986
9984
9992
9980
9986
9970
9989
9984
9991
9993
9986
9982
9977
9982
9982
9961
9993
9982
9993
9977
9982
9983
9995
9988
9989
9993
9984
9966
9987
9991
9992
9988
9987
9980
9996
9949
9986
9984
9971
9995
9968
9980
9980
9983
9980
9992
9991
9986
9996
9983
9983
9970
9991
9984
9991
9993
9968
9956
9968
9996
9998
9986
9976
9991
9987
9979
9992
9990
9978
9990
9995
9983
9993
9963
9983
9984
9978
9972
9972
9963
9998
9983
9963
9986
9994
9966
9989
9979
9994
9990
9984
9960
9993
9985
9988
9970
9988
9985
9966
9987
9951
9982
10000
9992
9993
9987
9987
9968
9972
9993
9979
9991
9975
9995
9991
9973
9994
9963
9996
9985
9991
9991
9970
9982
9993
9979
9997
9988
9981
9991
9989
9981
9989
9964
9991
9987
9964
9979
9974
9994
9974
9987
9978
9982
9992
9997
9986
9977
9981
9981
9995
9969
9984
9992
9987
9971
9992
9969
9980
9977
9972
9996
9991
9995
9969
9996
9994
9987
9978
9988
9987
9991
9975
9971
9996
9951
9984
9982
9978
9988
9982
9992
9993
9968
9975
9996
9983
9977
9985
9984
10000
9990
9987
9968
9987
9985
9995
9988
9995
9975
9986
9983
9990
9970
9986
9989
9987
9968
9978
9979
9992
9986
9985
9990
9964
9984
9988
9987
9989
9996
9950
9993
9982
9989
9980
9981
9994
9987
9982
10000
9981
9971
9988
9972
9972
9984
9989
9998
9960
9980
9994
9991
9981
9985
9976
9968
9999
9987
9983
9972
9983
9988
9993
9988
9987
9997
9988
9981
9990
9993
9977
9988
9989
9976
9993
9983
9993
9973
9987
9985
9919
9985
9990
9987
9985
9993
9997
9984
9988
9997
9995
9985
9971
9991
9986
9973
9981
9965
9977
9969
9977
9981
9977
9987
9988
9981
9979
9994
9994
9984
9974
9984
9969
9985
9991
9996
9977
9995
9965
9975
9995
9975
9984
9992
9992
9988
9966
9986
9994
9995
9989
9969
9976
9988
9979
9993
9991
9996
9975
9993
9994
9985
9987
9977
9979
9976
9982
9970
9981
9974
9995
9989
9984
9958
9984
9990
9985
9989
9982
9988
9989
9980
9982
9988
9984
9963
9987
9974
9989
9956
9994
9980
9992
9989
9966
9949
9977
9984
9988
9976
9973
9996
9993
9982
9966
9987
9974
9970
9975
9992
9981
9970
9990
9972
9980
9981
9983
9994
9986
9985
9981
9994
9959
9997
9979
9961
9978
9967
9965
9985
9994
9981
9969
9992
9979
9966
9990
9984
9976
10000
9987
9978
9989
9972
9999
9984
9983
9995
9981
9987
9962
9982
9981
9982
9991
9988
9986
9988
9989
9973
9993
9987
9966
9987
9998
9972
9993
9991
9971
9984
9979
9991
9993
9972
9975
9990
9986
9989
9988
9993
9990
9980
9969
9991
9993
9986
9991
9975
9981
9991
9984
9986
9975
9990
9990
9991
9997
9985
9997
9984
9987
9992
9980
9993
9976
9985
9993
9995
9986
9993
9989
9975
9983
9975
9987
9992
9991
9950
9977
9985
9988
9996
9978
9980
9998
9976
9979
9995
9991
9979
9998
9991
9988
9996
9968
9984
9978
9988
9949
9988
9969
9994
9998
9987
9986
9987
9989
9989
9979
9982
9987
9988
9986
9986
9993
9994
9966
9981
9977
9986
9970
9982
9994
9994
9968
9984
9985
9995
9983
9989
9973
9987
9990
9973
9984
9980
9983
9994
9983
9989
9982
9990
9996
9982
9967
9987
9986
9986
