9979
9994
9991
9984
9981
9966
9984
9985
9995
9987
9987
9980
9973
9986
9994
9994
9982
9991
9986
9976
9977
9991
9992
9979
9992
9982
9992
9991
9982
9978
9985
9976
9981
9979
9985
9981
9983
9967
9967
9986
9984
9994
9996
9980
9992
9987
9980
9996
9994
9974
9998
9991
9984
9983
9974
9990
9983
9965
9992
9983
9983
10000
9992
9983
9994
9991
9992
9991
9992
10000
9975
9975
9970
9995
9985
9985
9992
9986
9983
9987
9965
9981
9977
9991
9958
9989
9987
9993
9991
9975
9989
9988
9990
9997
9986
9984
9985
9994
9970
9989
9990
9989
9996
9985
9983
9991
9945
9988
9969
9991
9975
9995
9975
9990
9991
9969
9976
9990
9983
9995
9981
9953
9972
9994
9978
9975
9973
9986
9990
9979
9988
9996
9972
9982
9984
9983
9983
9986
9980
10000
9968
9987
9970
9994
9996
9986
9989
9957
9972
9990
9993
9979
9988
9987
9981
9984
9996
9996
9988
9983
9988
9970
9989
9980
9988
9993
9992
9985
9983
9984
9996
9996
9980
9995
9974
9999
9988
9972
9989
9985
9988
9980
9987
9973
9986
9985
9992
9991
9955
9990
9979
9984
9979
9988
9981
9993
9973
9989
9991
9989
9982
9987
9991
9998
9995
9986
9984
9977
9980
9988
9978
9993
9994
9964
9988
9985
9979
9987
9993
9975
9977
9986
9975
9979
9982
9978
9991
9996
9980
9958
9966
9989
9997
9990
9955
9973
9974
9981
9990
9980
9990
9991
9990
9989
9984
9983
9991
9983
9987
9978
9986
9987
9980
9992
9996
9985
9995
9991
9994
9975
9997
9989
9994
9984
9981
9990
9990
9995
9999
9974
9979
9982
9991
9984
9982
9989
9980
9990
9992
9993
9989
9986
9984
9995
9990
9992
9989
9987
9976
9995
9996
9983
9986
9976
9988
9986
9994
9966
9967
9991
9987
9981
9990
9986
9977
9974
9980
9989
9989
9993
9982
9986
9984
9988
9992
9985
9989
9966
9985
9969
9960
9997
9988
10000
9979
9995
9991
9982
9988
9982
9984
9983
9989
9972
9989
9981
9994
9984
9978
9998
9971
9989
9980
9981
9986
9985
9996
9975
9982
9985
9989
9988
9999
9989
9985
9989
9993
9988
9975
9981
9991
9983
9989
9991
9992
9987
9980
9989
9958
9980
9993
9995
9985
9981
9982
9989
9991
9989
9980
9983
9990
9983
9975
9988
9988
9971
9986
9980
9988
9987
9977
9977
9992
9978
9976
9993
9992
9967
9996
9979
9992
9987
9999
9977
9986
9983
9992
9988
9975
9963
9988
9982
9975
9982
9983
9999
9963
9994
9995
9978
9997
9987
9983
9983
9980
9986
9983
9989
9976
9993
9986
9965
9987
9984
9993
9972
9993
9980
9995
9989
9986
9997
9987
9966
9991
9975
9965
9969
9981
9987
9994
9996
9976
9974
9980
9998
9976
9979
9987
9970
9980
9984
9965
9987
9974
9994
9991
9982
9980
9994
9990
9989
9980
9997
9982
9990
9985
9983
9990
9984
9994
9993
9988
9986
9987
9982
9976
9989
9986
9970
9986
9959
9979
9964
9986
9994
9977
9993
9984
9987
9958
9994
9976
9997
9987
9990
9981
9981
9986
9996
9986
9976
9990
9989
9992
9987
9988
9983
9979
9973
9980
9997
9980
9987
9965
9981
9990
9989
9993
9993
9963
9992
9982
9990
9984
9997
9987
9991
9970
9973
9969
9983
9982
9986
9987
9970
9987
9993
9979
9988
9980
9976
9994
9992
9979
9991
9996
9987
9982
9972
9994
9983
9982
9980
9970
9974
9994
9963
9994
9975
9991
9986
9995
9978
9986
9982
9988
9969
9973
9989
9986
9956
9985
9986
9977
9986
9972
9984
9986
9980
9993
9988
9983
9985
9994
9983
9970
9995
9998
9995
9990
9982
9992
9991
9984
9992
9981
9970
9980
9980
9981
9984
9988
9970
9979
9995
9987
9978
9982
9971
9970
9988
9989
9996
9998
9981
9973
9995
9990
9985
9989
9986
9975
9988
9983
9989
9984
9992
9975
9986
9976
9977
9987
9985
9989
9994
9988
9987
9988
9981
9994
9990
9979
9972
9966
9980
9970
9983
9969
9980
9984
9989
9979
9988
9982
9980
9981
9969
9983
9987
9978
9987
9971
9994
9979
9987
9970
9987
9991
9997
9978
9992
9949
9982
9979
9984
9990
9997
9990
9990
9990
9991
9980
9988
9984
9983
9989
9996
9980
9959
9986
9984
9971
9986
9987
9987
9993
9984
9980
9986
9976
9991
9995
9994
9972
9992
9981
9987
9972
9980
9995
9996
9972
9987
9991
9994
9981
9988
9996
9993
9974
9978
9994
9967
9982
9993
9973
9971
9994
9979
9990
9988
9986
9981
9984
9979
9981
9993
9994
9988
9986
9985
9996
9991
9977
9978
9987
9984
9992
9991
9990
9983
9982
9990
9985
9995
9982
9987
9988
9979
9988
9985
9983
9981
9989
9968
9980
9989
9949
9996
9990
9984
9959
9967
9978
9995
9986
9990
9997
9984
9983
9986
9999
9992
9993
9986
9982
9972
9990
9987
9994
10000
9976
9972
9990
9990
9982
9990
9998
9976
9990
9988
9973
9989
9977
9981
9972
9996
9975
9977
9983
9982
9966
9990
9990
9986
9988
9989
9988
9997
9982
9997
9991
9990
9990
9984
9984
9981
9988
9983
9990
9985
9981
9987
9998
9984
9990
9990
9984
9979
9969
9979
9994
9997
9983
9980
9991
9985
9968
9990
9971
9976
9994
9971
9994
9987
9974
9989
9991
9989
9969
9986
9995
9974
9978
9963
9978
9998
9980
9985
9991
9976
9989
9982
9986
9982
9994
9972
9988
9968
9985
9978
9971
9982
9979
9978
9969
9990
9983
9978
9965
9978
9992
9983
9980
9974
9992
9994
10000
9976
9978
9975
9992
9991
9970
9983
9981
9983
9986
9980
9989
9993
9978
9965
9978
9979
9987
9991
9992
9969
9983
9980
9984
9986
9993
9986
9995
9984
9981
9977
9993
9967
9985
9985
9990
9973
9977
9972
9981
9999
9978
9998
9990
9985
9998
9980
9972
9970
9990
9994
9988
9987
9967
9991
9988
9974
9994
9976
9978
9985
9977
9981
9997
9978
9973
9979
9979
9977
9994
9981
9987
9991
9987
9974
9990
9987
9970
9978
9986
9991
9992
9976
9995
9990
9994
9973
9980
9987
9988
9992
