9993
9993
9993
9977
9995
9989
9983
9984
9986
9993
9997
9985
9979
9992
9992
9967
9984
9980
9994
9969
9986
9996
9989
9996
9993
9989
9965
9987
9979
9987
9991
9980
9989
9987
9990
9980
9988
9992
9991
9991
9985
9991
9986
9985
9989
9978
9993
9987
9965
9982
9974
9991
9988
9992
9990
9977
9979
9998
9982
9979
9995
9992
9975
9977
9996
9976
9989
9990
9994
9978
9996
9991
9981
9996
9991
9968
9986
9984
9990
9977
9969
9991
9983
9981
9990
9987
9984
9965
9985
9997
9991
9979
9977
9993
9991
9990
9984
9978
9986
9984
9988
9990
9987
9987
9964
9999
9956
9989
9981
9988
9983
9981
9974
9997
9986
9975
9987
9984
9981
9977
9997
9979
9991
9996
9994
9983
9994
9996
9991
9992
9983
9986
9995
9989
9972
9986
9987
9995
9988
9992
9994
9975
9976
9994
9988
9991
9982
9993
9989
9994
9968
9989
9998
9980
9994
9990
9986
9963
9989
9979
9991
9986
9990
9983
9994
9984
9976
9988
9997
10000
9984
9995
9988
9988
9988
9968
9985
9974
9978
9981
9969
9995
9979
9992
9989
9982
9981
9989
9994
9978
9990
9996
9997
9959
9994
9985
9982
9985
9971
9982
9993
9994
9986
9988
9983
9985
9979
9967
9990
9992
9975
9967
9981
9982
9984
9983
9986
9979
9987
9978
9983
9987
9960
9991
9969
9999
9982
9975
9989
9993
9977
10000
9988
9987
9973
9989
9987
9977
9995
9967
9973
9995
9976
9982
9990
9983
9987
9980
9994
9983
9985
9990
9990
9982
9978
9975
9979
9970
9971
9978
9988
9995
9991
9997
9995
9967
9995
9993
9988
9987
9970
9986
9971
9987
9978
9956
9999
9989
9981
9995
9994
9994
9977
9986
9973
9971
9978
9978
9985
9989
9993
9963
9995
9980
9972
9995
9992
9981
9974
9988
9994
9995
9993
9987
9995
9978
9994
9989
9978
9992
9996
9987
9996
9972
9993
9992
9964
9981
9981
9990
9996
9993
9982
9976
9985
9954
9995
9985
9990
9979
9973
9990
9985
9982
9993
9991
9974
9987
9980
9994
9987
9993
9987
9982
9993
9995
9971
9967
9955
9988
9995
9967
9994
9986
9994
9972
9983
9973
9963
10000
9966
9993
9981
9984
9984
9971
9998
9992
9993
9978
9998
9981
9982
9974
9986
9987
9993
9967
9972
9991
9971
9988
9980
9993
9977
9995
9989
9994
9984
9991
9985
9970
9971
9989
9986
9992
9992
9980
9987
9988
9978
9993
9994
9991
9977
9985
9965
9974
9990
9983
9987
9987
9987
9995
9990
9969
9985
9962
9967
9988
9980
9977
9995
9985
9987
9989
9985
9980
9984
9977
9990
9962
9992
9993
9989
9984
9995
9982
9983
9988
9988
9980
9970
9991
9972
9982
9988
9971
9989
9988
9979
9970
9965
9990
9983
9981
9979
9984
9993
9976
9961
9982
9977
9953
9988
9976
9984
9977
9993
9976
9974
9982
9975
9980
9989
9986
9982
9990
9991
9993
9973
9971
9975
9995
9990
9984
9985
9975
9979
9998
9986
9991
9974
9975
9974
9996
9988
9979
9973
9989
9995
9986
9985
9980
9987
9986
9990
9985
9997
9978
9997
9975
9987
9991
9978
9989
9983
9983
9980
9984
9989
9986
9999
9984
9987
9963
9988
9983
9989
9975
9979
9996
9980
9990
9992
9962
9991
9989
9984
9977
9980
9986
9988
9989
9974
9974
9978
9988
9976
9980
9990
9991
9982
9990
9995
9984
9990
9985
9986
9975
9986
9987
9998
9981
9996
9992
9987
9988
9976
9992
9989
9975
9957
9969
9993
9970
9992
9984
9988
9985
9984
9977
9987
9994
9981
9985
9989
9985
9983
9991
9986
9965
9985
9990
9995
9976
9990
9991
9980
9976
9991
9986
9976
9980
9960
9983
9985
9968
9991
9970
9986
9992
9985
9983
9971
9992
9992
9980
9986
9978
9995
9969
9981
9989
9977
9973
9979
9982
9982
9988
9981
9995
9977
10000
9987
9973
9992
9995
9986
9976
9990
9984
9990
9984
9996
9994
9969
9977
9983
9973
9967
9990
9987
9987
9989
9987
9985
9987
9992
9995
9996
9979
9989
9985
9977
9993
9979
9987
9983
9988
9989
9982
9978
9998
9973
9970
9989
9983
9995
9988
9947
9993
9980
9985
9980
9995
9980
9994
9993
9984
9978
9988
9993
9983
9986
9988
9979
9980
9972
9996
9985
9986
9969
9989
9988
9961
9966
9986
9982
9997
9978
9994
9993
9969
9986
9967
9988
9973
9972
9974
9959
9985
9979
9972
9983
9985
9981
9988
9987
9989
9956
9991
9975
9976
9973
9984
9979
9985
9997
9988
9990
9978
9980
9986
9987
9990
9982
9959
9986
9989
9996
9989
9959
9983
9989
9992
9987
9988
9975
9965
10000
9991
9975
9991
9973
9977
9986
9982
9993
9984
9990
9995
9983
9985
9992
9977
9981
9984
9996
9976
9969
9963
9999
9981
9991
9991
9984
9988
9996
9978
9992
9986
9980
9968
9989
9992
9977
9975
9973
9986
9974
9979
9987
9975
9994
9966
9981
9990
9991
9994
9981
9983
9992
9990
9982
9992
9979
9992
9990
9992
9984
9991
9993
9993
9987
9975
9998
9985
9992
9986
9987
9987
9985
9936
9981
9974
9987
9971
9970
9976
9968
9993
9991
9974
9987
9989
9992
9991
9989
9977
9997
9979
9996
9984
9990
9982
9978
10000
9987
9981
9986
9970
9962
9987
9988
9993
9985
9978
9992
9995
9995
9982
9989
9964
9970
9989
9981
9983
9969
9984
9992
9973
9984
9977
9986
9968
9988
9976
9991
9979
9991
9977
9983
9982
9963
9989
9981
9967
9993
9995
9987
9983
9995
9971
10000
9971
9972
9992
9987
9994
9990
9984
9992
9989
9990
9990
9993
9993
9974
9964
10000
9978
9980
9978
9983
9989
9972
9963
9985
9994
9988
9987
9994
9974
9994
9991
9979
9969
9981
9964
9982
9983
9990
9963
9991
9976
9990
9987
9977
9987
9979
9993
9992
9987
9958
9994
9977
9958
9975
9981
9976
9993
9989
9986
9987
9968
9995
9976
9991
9991
9984
9998
9987
9989
9985
9984
9995
9982
9975
9981
9974
9985
9988
9981
9995
9986
9986
9986
9986
9981
9986
9984
9979
9975
9991
9985
9961
9999
9982
9979
