9987
9988
10000
9991
9998
9978
9976
9984
9998
9993
9996
9989
9988
9979
9992
9998
9989
9984
9972
9983
9980
9975
9957
9992
9999
9991
9968
9997
9999
10000
9990
9991
9989
9987
9974
9997
9968
9981
10000
9992
9984
9983
9965
9967
9997
9981
9973
9993
9973
9980
9983
10000
9999
9995
9988
10000
10000
9973
9990
9996
9985
9965
9993
9999
9980
9981
9977
9985
9999
9972
9956
9990
9986
9989
9995
9972
9969
9985
9976
9987
9992
9988
9998
9997
9997
9992
9987
9974
10000
10000
10000
9998
9973
9976
9991
9988
9996
9996
9990
10000
9978
9980
9984
9988
9995
9987
9978
9985
9982
9987
9997
9992
9993
9999
9981
9993
9997
10000
9977
9979
9968
9999
9990
9983
9999
9991
9981
9980
10000
9978
9982
9982
9974
9978
10000
9987
9993
9979
9995
9994
9997
9992
9975
9975
9978
9995
9973
9982
9988
9986
10000
9988
9986
9963
9991
9989
9983
9975
9993
9988
9979
9979
9998
9986
9992
9989
9991
9985
9986
9984
9984
9973
9987
9975
9992
9990
9985
9998
9991
9967
9970
10000
9997
9999
9966
9985
9989
9982
9992
9986
9995
9988
9984
9986
9995
9980
9977
9973
9993
9981
9992
9999
9995
9980
9986
9982
9988
9981
9992
9993
9987
9979
9986
9991
9994
9959
9987
9983
9997
9974
9991
9996
9984
9989
9989
9997
9995
9994
9985
9992
9980
10000
9984
9999
10000
9989
9977
9995
9983
9987
9956
9966
9999
9982
9979
9979
9999
9997
9990
9987
9978
9998
9998
9987
10000
9998
9989
9983
9996
9972
9992
9982
9981
9990
9987
9984
10000
9973
9961
9993
9976
9987
9996
9989
9996
9983
9985
9995
9997
9998
10000
9988
9992
9978
10000
9987
9999
9978
9998
9999
9971
9991
9982
9996
9989
10000
9991
9990
10000
9994
9980
9983
9948
9987
9988
9991
9983
9982
9996
9988
9986
9987
9999
9987
9981
9988
9974
10000
9992
9997
9984
9993
9987
10000
9985
9977
9983
9975
9999
9969
9982
9986
9986
9994
9997
9970
9986
9994
9978
9984
10000
9988
9988
9972
9996
9975
9977
9987
9986
9983
9997
9999
9997
10000
9998
9986
9998
9993
9967
9994
9986
9991
9988
9982
9996
9989
9982
9992
9989
9991
10000
9973
10000
9987
9994
9987
9990
9960
10000
9979
9984
9984
10000
9973
9979
9981
9983
9990
9981
9992
9988
9987
9991
9984
9993
9991
9997
9983
9990
9983
9981
9981
9998
9993
9992
9986
9997
9981
9995
9993
9958
9994
9996
9986
9987
9985
9985
9988
9982
9970
9987
9989
9985
9982
9971
9978
9955
9983
9991
10000
9969
9988
9978
9993
9970
9982
9979
9975
9973
9996
9995
10000
9997
9991
9990
9985
9998
9994
10000
9993
9994
9995
9961
9995
9985
9987
9971
9998
9985
9990
9984
9998
9970
9989
9974
9997
9992
9970
9993
9973
9999
9999
9975
9983
9975
9988
9982
9989
9994
9981
9994
9988
9980
9982
9996
9995
9992
9988
9971
9994
9987
9991
9984
9990
9993
9989
9998
9990
9976
9998
9985
9988
9997
9977
9995
9991
10000
9987
9993
9981
9959
9990
9981
9992
9992
10000
9985
9981
9989
9985
9976
9985
9993
9995
9991
9993
9983
9985
9990
9998
10000
9977
9994
9985
9980
9993
9980
9993
9990
9998
9998
9980
9999
9990
9983
9992
9985
9972
9987
9982
9992
9986
9997
9985
9995
10000
9998
9991
9993
10000
9984
9995
9983
9978
9996
9990
9984
9987
9990
9987
9986
9984
9975
9974
9991
9972
9981
9970
9988
9988
9985
9994
9983
9991
9981
9987
9982
10000
9991
9977
9977
9988
9997
9969
9986
9980
9987
9989
10000
9983
9990
9983
9983
9999
9996
9986
9973
10000
9989
9993
9986
9984
9994
9985
9985
9970
9992
9995
9973
9989
9979
9987
9985
9979
9972
9980
9978
9990
9991
9976
10000
9995
9979
9984
9985
9986
9980
9996
9990
9964
9993
9995
10000
9995
9999
9998
9993
9995
9979
9995
9985
9972
9997
9970
9997
9988
9984
9974
9960
9999
9994
9979
9977
10000
9988
9984
9993
9977
9959
9984
9969
9983
10000
9991
9987
9985
9974
9999
10000
9981
9986
9989
9997
9987
9978
9963
9981
9991
9989
9977
9993
9996
9998
9992
9997
9980
9989
9977
9992
9999
9976
9994
9991
9987
9993
9975
9985
9991
10000
9977
10000
9965
9988
9979
9968
9986
9994
9980
9963
10000
9952
9970
9990
9982
9999
9991
9977
9988
9992
9981
9998
9969
9994
9998
9997
10000
9984
9997
9981
9985
9980
10000
9992
9987
9975
10000
9978
9995
9988
9990
9993
9994
9993
9969
9981
9985
9995
9967
9997
9985
9981
9991
9989
9990
10000
9983
9998
10000
9987
9986
9982
9987
9985
9993
9979
9994
9995
9988
10000
9965
10000
9991
9985
9994
9988
9969
9979
9991
9994
9980
9993
9989
9977
9979
9992
9995
9987
9965
9978
9978
9979
10000
9984
10000
9979
9984
9964
9987
9980
9989
9992
9987
9999
9989
9968
10000
9991
9994
9985
9989
9978
9984
9999
9995
9983
9992
9967
9996
9988
9974
9989
9997
9971
9982
9989
9994
9989
9986
9992
9991
9991
9965
9999
9976
9980
9985
9992
9976
9990
9989
9975
9997
9976
9988
9982
10000
9995
10000
9999
9992
9997
9988
9978
9959
9969
9996
9977
9996
9967
10000
9995
9990
9987
9968
9996
9994
9994
9979
9996
9983
9995
10000
9994
9987
9979
9988
9988
10000
9964
9992
9977
9984
10000
9998
9999
10000
9982
9963
9985
9977
9986
9972
9949
9990
9999
9991
9970
10000
9981
10000
9993
9983
9982
9992
9985
9982
9979
9996
9979
9995
9979
9997
9979
10000
9989
9973
10000
9995
9998
9994
9986
9996
9984
9988
9983
9999
9988
9986
9975
9992
9966
9983
9985
9965
9982
9998
9987
9994
9982
9991
9998
9973
9980
9986
9989
9990
9976
9984
9987
9987
9987
9977
9982
9980
9976
9982
9986
10000
10000
9983
9995
9982
9977
9997
9986
9978
9999
10000
9987
9978
9976
9984
9984
9990
10000
9945
9974
10000
9993
9979
9997
9971
9962
9979
9997
9986
9997
10000
9999
9990
