9990
9973
10000
9991
9976
9987
9985
9986
9990
9983
9977
9995
9983
9992
9981
9992
9991
9987
10000
10000
9975
9982
9974
10000
9986
9989
9986
9987
10000
10000
9974
9998
9989
10000
9983
10000
9977
9984
10000
10000
9979
9982
9983
10000
9978
10000
9985
9989
10000
9981
9989
9982
9997
10000
9978
9982
9969
9976
9975
9985
10000
9995
9995
9975
9988
9983
10000
10000
9981
10000
10000
9993
9997
10000
9973
10000
9980
9994
9982
9986
9985
9990
9982
9962
9987
9981
9985
10000
9995
9986
9970
9971
9991
9968
9980
9989
10000
9986
9978
9995
9998
9990
9989
9989
9992
9964
10000
9963
9958
9975
10000
9990
9997
9993
10000
10000
9968
9986
10000
9984
9980
9987
9999
9992
9991
9988
9975
9986
9986
9976
10000
9999
9995
10000
10000
9993
9986
9986
9981
9986
10000
9960
9989
9991
9986
9992
9988
9983
9981
9970
9982
9980
9989
9988
9988
9981
9994
9998
9995
9963
9984
9996
9983
10000
9967
9968
9992
9971
9976
9978
9979
9990
9989
9998
10000
9991
10000
10000
9992
10000
9979
9966
9994
10000
10000
10000
9988
9986
9970
9991
9996
9978
9979
10000
9986
9981
9978
9982
10000
9999
9999
9997
9971
10000
9986
9989
9984
9991
9964
9987
9988
10000
9990
9995
9991
9982
10000
9987
9980
9982
9989
9976
9990
9965
9999
9989
10000
9991
9970
9987
9992
9979
9947
9980
9977
9999
9986
9994
10000
9988
9978
9977
9988
9995
9989
9994
10000
9976
10000
9973
9996
9963
9976
9991
9988
9991
9985
9982
9980
9988
9994
10000
9988
9998
9994
9987
9985
9985
10000
10000
9971
9992
10000
9993
9989
9986
9987
9991
9977
9992
9979
9999
9985
9996
9982
10000
9984
9981
9982
10000
9988
10000
9982
9987
9990
9996
9993
9978
9992
10000
10000
9992
9968
10000
10000
9999
9986
9973
9981
9990
9986
9984
10000
9984
9976
10000
9991
9982
9988
9998
9983
9988
9977
9955
9984
9999
9992
9962
9979
9986
10000
9977
9997
9999
10000
9987
9999
9985
9987
9990
9994
9981
9989
9992
9986
9996
9973
9988
9977
10000
9987
9980
9994
9973
9983
9977
9979
9990
10000
9982
9962
9994
9999
9970
9990
9993
10000
9995
9955
9972
10000
9985
9981
9983
9985
9983
9997
10000
9987
9999
9944
9989
10000
9998
9986
9993
9986
9996
9976
10000
9978
9989
10000
9997
9995
10000
9991
9972
9989
10000
9988
9997
9983
9992
9986
9992
9987
9997
9983
9973
10000
9961
9991
9995
9984
10000
9990
9999
9995
10000
9998
9984
9988
10000
9972
10000
9985
9988
9986
10000
9983
10000
10000
9989
9995
9970
9991
9993
9962
9990
9980
10000
9990
9998
9989
9985
9984
9996
9988
9995
9974
9990
9991
9974
9986
9990
9982
9994
9962
9999
10000
9993
9965
10000
9985
9988
9995
9997
9978
9984
9996
9982
10000
9993
9976
9981
9997
9981
10000
9986
9977
9991
9991
9996
9997
9989
10000
9976
9984
9991
10000
9989
9977
10000
9982
9973
10000
9998
9990
9993
9984
9988
9990
10000
9983
9992
9977
9990
9976
9974
9987
9998
9971
10000
9991
9989
9973
9992
10000
9987
9986
10000
9986
9995
9985
9994
10000
10000
10000
9985
10000
9985
9993
10000
10000
9988
9988
10000
9986
9974
9988
10000
9983
9988
9993
9980
9984
9973
9991
9993
10000
9982
9990
9982
9990
9997
9988
9975
10000
9989
9975
9994
9987
9975
9984
10000
10000
9971
9996
9991
10000
10000
9991
10000
10000
9999
9980
9998
9975
9994
10000
9998
9991
9994
9988
10000
9989
9968
10000
10000
9985
9999
10000
9992
10000
9995
10000
9991
9987
9974
9991
9991
9998
9986
10000
9976
9995
9972
9992
9980
9993
9992
9974
9996
9988
10000
9972
10000
10000
10000
9985
10000
9974
9968
9981
9985
10000
9982
9977
9984
9992
10000
9983
9984
10000
9994
9981
9989
9985
9982
9994
9994
9993
9974
9996
10000
10000
9962
9996
9979
9997
9990
9995
9984
10000
9993
9981
9985
9995
9981
9998
9973
9982
9992
10000
9978
10000
9982
9993
9996
9993
10000
10000
9985
9986
9987
9990
10000
9980
9975
9982
10000
10000
9973
9987
9993
9989
9984
9982
9995
9986
9973
9987
9995
9966
9988
9984
9993
9996
9979
10000
10000
9990
9979
9983
10000
9985
9978
10000
9999
9998
9992
9982
9976
9995
10000
9968
9977
9972
10000
9994
9999
9993
10000
9978
9988
9990
9974
9986
10000
9987
9974
9977
9977
9974
9981
9994
9989
9972
9987
9991
10000
9989
9991
9995
9995
9994
10000
9996
9974
9994
10000
9975
9992
9979
9983
10000
9982
9984
10000
10000
9981
9991
10000
9975
10000
9992
9977
9989
9999
9975
10000
10000
10000
9998
9988
10000
10000
9972
9976
9979
9986
9987
9966
9998
9989
9998
9987
9986
9984
9974
9974
9988
9975
9986
9998
10000
9987
9996
9986
9989
10000
9989
10000
9986
9988
9977
9987
9976
9982
9992
10000
9976
9968
9988
9988
10000
9995
10000
9975
9988
9988
10000
9997
9968
9976
9982
9992
9977
10000
9996
10000
9985
9979
9985
10000
10000
9962
9998
9986
9993
9999
9995
10000
10000
10000
9986
9973
10000
9993
9997
9987
9992
9989
10000
9984
9995
10000
9975
9972
9988
10000
9990
9983
10000
10000
9996
9987
9986
9980
10000
9994
9989
9985
10000
9993
9976
9989
9980
9987
9986
9979
9988
9978
9975
10000
9999
9996
9986
9993
9978
9999
9991
10000
9978
9961
9982
9971
9984
10000
10000
9985
9983
9988
10000
9976
10000
10000
9996
9992
9992
10000
10000
9988
9984
9984
9991
10000
9976
9985
9999
9989
9984
9990
9994
9996
9993
9987
9978
9986
9960
10000
10000
9985
9988
9991
9980
10000
9972
10000
9982
9994
9962
9994
9995
9983
9993
10000
9972
9991
9979
9991
9996
10000
9970
9972
9984
10000
9997
9982
9979
9981
9995
9986
9991
9972
10000
9983
10000
9982
9984
9988
9965
10000
10000
10000
9986
9998
9988
9983
9982
9980
9977
9982
9975
9991
9981
9990
9976
9972
9987
9992
9980
9984
10000
9992
9969
9963
10000
9973
