9999
9980
9983
9996
9991
9984
9985
9993
9987
9993
9984
9983
9994
9985
9982
9972
9991
9998
9991
9996
9966
9985
9998
9993
9990
9996
9987
9983
9998
9978
9995
9996
9989
9992
9987
9977
9965
9996
9968
9986
9975
9981
9993
9984
9980
9980
9993
9998
9991
9991
9986
9986
9985
9997
9978
9983
9996
9990
9979
9967
9984
9976
9973
9995
9983
9997
9988
9985
9986
9988
9981
9968
9985
9973
9985
9994
9980
9982
9995
9984
9993
9965
9985
9985
9990
9983
9994
9996
9977
9998
9989
9979
9992
9970
9980
9993
9978
9982
9990
9994
9967
9990
9993
9989
9985
9998
9980
9990
9987
9959
9987
9982
9974
9983
9986
9990
9988
9982
9998
9987
9981
9999
9993
9992
9977
9983
9987
9968
9995
9978
9963
9986
9997
9994
9991
9962
9990
9991
9987
9977
9977
9973
9972
9989
9989
9991
9979
9989
9991
9970
9995
9972
9973
9971
9990
9993
9988
9987
9981
9985
9992
9994
9991
9990
9992
9966
9995
9967
9994
9976
9995
9977
9994
9971
9974
9956
9983
9985
9994
9995
9987
9982
9981
9999
9982
9979
9991
9976
9984
9992
9957
9998
9987
9988
9960
9958
9984
9975
9971
9982
9986
9983
9971
9979
9990
9985
9997
9989
9987
9980
9989
9982
9990
9980
9971
9979
9987
9980
9989
9987
9971
9983
9975
9989
9988
9983
9989
9987
9991
9970
9974
9984
9988
9991
9980
9971
9986
9997
9989
9980
9993
9974
9989
9993
9951
9971
9966
9982
9989
9974
9983
9978
9994
9979
9979
9991
9987
9984
9989
9986
9969
9988
9944
9988
9995
9960
9985
10000
9992
9979
9991
9992
9998
9993
9968
9987
9978
9976
9994
9986
9986
9986
9985
9996
9985
9997
9996
9982
9993
9981
9976
9988
9979
9986
9981
9953
9995
9979
9989
9977
9990
9982
9979
9967
9977
9990
9977
9995
9980
9987
9995
9992
9983
9996
9980
9994
9983
9980
9976
9984
9971
9989
9963
9986
9963
9992
9990
9987
9986
9986
9996
9950
9985
9979
9996
9985
9980
9994
9991
9979
9994
9992
9993
9981
9974
9994
9986
9989
9982
9994
9979
9993
9991
9986
9985
9990
9980
9990
9988
9978
9988
9969
9990
9991
9980
9967
9977
9990
9981
9982
9976
9986
9984
9994
9993
9957
9987
9984
9978
9984
9975
9988
9990
9972
9994
9983
9981
9974
9990
9990
9982
9988
9976
9985
9982
9972
9996
9989
9979
9994
9985
9975
9989
9984
9986
9967
9997
9974
9997
9985
9991
9967
9993
9992
9991
9992
9986
9988
9990
9993
9974
9987
9963
9993
9989
9990
9982
9986
9985
9980
9995
9979
9989
9969
9983
9951
9990
9996
9990
9986
9980
9990
9989
9992
9994
9986
9990
9984
9981
9994
9960
9981
9970
9968
9993
9989
9996
9985
9986
9968
9986
9985
9975
9989
9999
9991
9991
9981
9997
9992
9989
9984
9986
9990
9978
9984
10000
9982
9979
9985
9986
9982
9982
9987
9988
9992
9995
9984
9981
9972
9985
9992
9987
9988
9980
9996
9988
9995
9988
9986
9998
9993
9984
9987
9994
9991
9992
9985
9975
9950
9979
9985
9978
9984
9979
9994
9982
9994
9984
9983
9984
9972
9989
9985
9978
9983
9997
9999
9987
9994
9982
9992
9979
9974
9985
9989
9981
9992
9985
9982
9976
9992
9966
9991
9994
9983
9968
9996
9986
9988
9988
9991
9994
9984
9984
9973
9970
9993
9991
9977
9978
9989
9983
9990
9965
9990
9991
9979
9989
9977
9990
9982
9978
9995
9977
9991
9987
9978
9982
9991
9993
9987
9989
9988
9978
9980
9984
9977
9978
9974
9991
9997
9971
9971
9992
9990
9975
9986
9967
9988
9994
9990
9984
9980
9973
9981
9975
9991
9970
9979
9985
9974
9998
9992
9986
9987
9973
9975
9993
9977
9989
9971
9977
9970
9974
9989
9991
9996
9986
9982
9985
9987
9987
9989
9942
9975
9979
9993
9981
9981
9991
9990
9988
9999
9997
9965
9985
9996
9993
9966
9995
9988
9990
9984
9974
9982
9974
9993
9983
9972
9987
9974
9991
9995
9978
9978
9994
9986
9975
9986
9991
9989
9977
9957
9988
9997
9992
9990
9973
9996
9964
9998
9982
9994
9973
9978
9976
9973
9995
9973
9974
9984
9987
9985
9969
9979
9994
9974
9997
9998
9991
9986
9939
9987
9987
9992
9998
9997
9985
9985
9972
9989
9984
9988
9997
9995
9980
9994
9978
9982
9967
9999
9992
9994
9993
9974
9966
9980
9985
9966
9984
9994
9985
9987
9982
9988
9989
9994
9968
9995
9967
9990
9984
9988
9988
9987
9985
9976
9980
9983
9989
9963
9980
9996
9970
9991
9987
9987
9996
9979
9978
9982
9990
9983
9984
9985
9987
9997
9973
9983
9969
9983
9981
9981
9971
9977
9972
9972
9991
9988
9996
9991
9989
9992
9983
9993
9992
9973
9987
9985
9988
9994
9993
9976
9990
9984
9965
9988
9991
9988
9948
9988
9976
9986
9994
9996
9987
9989
9991
9975
9985
9999
9988
9999
9980
9976
9987
9993
9984
9990
9992
9981
9994
9985
9989
9991
9996
9967
9976
9965
9999
9974
9989
9983
9987
9970
9986
9977
9976
9976
9980
9994
9986
9992
9992
9992
9976
9988
9976
9981
9984
9972
9984
9983
9979
9985
9983
9979
9986
9990
9986
9991
9984
9986
9987
9977
9998
9975
9984
9975
9989
9986
9999
9973
9986
9995
9981
9993
9978
9967
9978
9980
9973
9982
9960
9971
9959
9983
9991
9993
9982
9987
9981
9987
9974
9986
9991
9959
9982
9991
9985
9993
9990
9995
9981
9967
9996
9966
9979
9998
9991
9974
9991
9985
9992
9979
9984
9983
9996
9996
9987
9984
9979
9988
10000
9990
9985
9980
9984
9985
9994
9982
9988
9992
9994
9994
9994
9989
9978
9982
9973
9993
9985
9954
9991
9983
9964
9995
9989
9982
9983
9984
9995
9993
9987
9986
9981
9986
9991
9984
9992
9973
9985
9983
9989
9974
9996
9985
9975
9984
9984
9970
9988
9989
9992
9994
9988
9997
9982
9985
9989
9983
9974
9980
9994
9990
9994
9985
9989
9998
9995
9971
9974
9994
9970
9983
9983
9979
9992
9987
