9987
9975
9996
9982
9979
9987
9987
9987
9954
9988
9975
9988
9986
9997
9989
9982
9986
9982
9980
9994
9984
9981
9982
9978
9963
9985
9990
9975
9987
9990
9986
9983
9975
9970
9987
9971
9996
9982
9975
9993
9975
9987
9966
9989
9991
9988
9980
9970
9976
9993
9986
9981
9987
9987
9987
9987
9976
9993
9995
9975
9994
9984
9986
9974
9988
9987
9962
9972
9980
9982
9975
9974
9982
9995
9996
9972
9980
9978
9988
9981
9991
9985
9981
9988
9986
9953
9979
9992
9985
9984
9975
9989
9986
9970
9973
9971
9991
9994
9987
9989
9992
9989
9978
9993
9973
9978
9993
9969
9982
9967
9989
9992
9973
9991
9998
9985
9985
9983
9984
9983
9993
9987
9981
9986
9995
9955
9989
9959
9982
9990
9981
9981
9985
9973
9979
9986
9987
9987
9986
9978
9992
9996
9984
9965
9989
9994
9980
9992
9988
9998
9973
9974
9985
9995
9983
9992
9999
9994
9997
9989
9989
9979
9989
9981
9997
9991
9982
9991
9975
9990
9996
9983
9983
9975
9977
9986
9986
9987
9987
9996
9989
9986
9987
9989
10000
9982
9975
9980
9995
9976
9982
9960
9982
9989
9940
9992
9972
9982
9965
9978
9993
9981
9989
9980
9989
9986
9997
9995
9988
9989
9970
9988
9982
9994
9981
9988
9987
9995
9985
9984
9998
9977
9960
9951
9984
9983
9980
9974
9983
9992
9982
9989
9949
9976
9978
9983
9964
9986
9981
9996
9989
9987
9985
9979
9980
9982
9982
9971
9990
9986
9990
9990
9983
9972
9980
9983
9984
9993
9990
9986
9990
9995
9984
9988
9985
9976
9987
9990
9985
9987
9978
9982
9981
9997
9992
9988
9990
9962
9979
9988
9962
9974
9977
9995
9983
9992
9990
9990
9988
9994
9982
9990
9991
9990
9986
9989
9973
9991
9985
9988
9990
9983
9990
9988
9983
9971
9985
9977
9988
9994
9995
9985
9992
9984
9992
9985
9991
9961
9983
9991
9987
9987
9973
9985
9987
9976
9968
9972
9953
9978
9971
9982
9983
9989
9987
9990
9988
9993
9979
9975
9981
9985
9982
9976
9997
9990
9964
9989
9986
9984
9996
9991
9995
9977
9984
9992
9990
9998
9992
9983
9987
9982
9989
9990
9986
9988
9978
9990
9997
9992
9983
9994
9995
9979
9990
9987
9981
9997
9977
9988
9976
9992
9978
9958
9985
9983
9983
9990
9989
9976
9976
9995
9979
9998
9983
9982
9967
9992
9984
9979
9994
9980
9985
9975
9983
9972
9966
9983
9994
9997
10000
9984
9972
9974
9986
9973
9983
9984
9978
9990
9993
9982
9988
9987
9991
9984
9981
9993
9985
9968
9994
9995
9975
9965
9988
9989
9997
9983
9981
9995
9984
9984
9981
9983
9983
9982
9976
9989
9962
9971
9993
9986
9986
9993
9988
9973
9978
9988
9995
9975
9978
9988
9997
9981
9980
9993
9980
9989
9984
9949
9984
9987
9979
9991
9985
9996
9965
9980
9988
9985
9983
9986
9985
9988
9990
9957
9967
9994
9986
9990
9994
9972
9993
9992
9987
9988
9974
9980
9995
9986
9984
9987
9987
9992
9985
9982
9995
9975
9970
9990
9990
9995
9991
9992
9989
9983
9981
9986
9975
9995
9986
9982
9971
9993
9983
9992
10000
9968
9976
9981
9987
9977
9982
9976
9978
9990
9973
9981
9987
9994
9987
9979
9984
9995
9997
9988
9997
9993
9987
9990
9977
9992
9980
9986
9982
9994
9989
9994
9990
9982
9973
9988
9990
9960
9956
9990
9982
9994
9985
9994
9994
9991
9973
9985
9970
9996
9986
9974
9993
9987
9980
9989
9996
9986
9975
9975
9986
9986
9989
9991
9970
9979
9987
9986
9980
9997
9993
9989
9992
9983
9980
9989
9954
9990
9986
9973
9981
9955
9984
9985
9985
9979
9987
9993
9985
9976
9993
9982
9979
9973
9980
9984
9980
9991
9996
9977
9988
9969
9986
9985
9986
9993
9973
9982
9988
9984
9991
9994
9995
9978
9992
9992
9983
9973
9982
9996
9996
9970
9985
9959
9982
9988
9980
9992
9989
9986
9993
9992
9984
9997
9968
9993
9994
9973
9981
9993
9985
9984
9971
9986
9989
9964
9992
9996
9974
9955
9971
9980
9993
9980
9981
9987
9989
9991
9990
9987
9991
9968
9997
9973
9996
9976
9967
9982
9984
9979
9978
9967
9993
9992
9989
9970
9988
9986
9984
9998
9978
9965
9970
9993
9989
9980
9989
9995
9965
9984
9991
9950
9969
9984
10000
9972
9984
9994
9987
9968
9985
9984
9956
9994
9980
9979
9989
9993
9989
9999
9990
9979
9979
9988
10000
9989
9967
9983
9969
9978
9977
9973
9989
9993
9983
9974
9993
9964
9993
9988
9981
9992
9995
9985
9995
9977
9989
9995
9988
9972
9985
9993
9991
9990
9977
9986
9987
9994
9981
9993
9993
9964
9967
9972
9980
9989
9985
9984
9988
9999
9977
9974
9981
9958
9972
9988
9983
9994
9983
9983
9999
9984
9988
9982
9991
9977
9991
9981
9992
9988
9977
9980
9978
9994
9960
9982
9991
9992
9980
9975
9968
9988
9987
9973
9974
9983
9975
9994
9974
9993
9986
9969
9986
9985
9995
9989
9983
9977
9974
9979
9992
9985
9995
9988
9976
9974
9988
9986
9992
9981
9973
9971
9986
9971
9993
9994
9987
9989
9995
9994
9994
9986
9989
9989
9979
9977
9984
9996
9992
9998
9975
9969
9991
9987
9996
9968
9984
9998
9976
9993
9985
9994
9994
9990
9974
9988
9992
9985
9992
9993
9978
9987
9988
9987
9992
9987
9982
9985
9988
9981
9971
9971
9980
9994
9989
9987
9993
9976
9964
9966
9961
9989
9988
9993
9983
9980
9984
9977
9983
9985
9990
9985
9974
9980
9963
9980
9995
9989
9991
9980
9981
9984
9988
10000
9992
9992
9993
9990
9981
9981
9991
9986
9980
9975
9974
9986
9986
9985
9964
9983
9974
9990
9986
9991
9972
9981
9987
9979
9972
9986
9989
9990
9986
9987
9984
9979
9991
9982
9977
9983
9989
9993
9987
9983
9988
9980
9988
9984
9985
9989
9977
9983
9984
9988
9990
9988
9976
9981
9990
9985
9982
9996
9971
9974
9989
9992
9972
9979
9980
9979
9991
9987
9962
9975
