9984
9990
9985
9969
9983
9984
9992
9964
9983
9964
9988
9982
9978
9989
9982
9979
9977
9993
9987
9979
9978
9993
9979
9977
9993
9992
9985
9995
9994
9970
9987
9989
9986
9986
9986
9993
9974
9984
9971
9992
9992
9973
9983
9989
9990
9987
9987
9987
9988
9994
9985
9994
9972
9977
9973
9979
9994
9976
9974
9982
9992
9994
9976
9990
9988
9984
9988
9988
9986
9994
9984
9985
9976
9996
9969
9983
9979
9989
9992
9964
9993
9987
9978
9957
9979
9974
9946
9977
9990
9974
9991
9980
9980
9971
9990
9955
9993
9966
9985
9978
9992
9989
9967
9986
9993
9986
9989
9988
9976
9984
9993
9983
9974
9999
9978
9987
9985
9995
9971
9981
9981
9982
9980
9983
9992
9956
9991
9979
9985
9985
9986
9992
9989
9993
9992
9976
9989
9981
9982
9983
9983
9984
9990
9979
9984
9993
9993
9994
9986
9984
9956
9993
9968
9990
9982
9972
9990
9987
9993
9994
9972
9981
9996
9989
9977
9977
9990
9988
9998
9993
9971
9978
9977
9987
9989
9990
9982
9983
9984
9972
9988
9964
9996
9987
9972
9981
9984
9981
9978
9995
9997
9991
9977
9987
9990
9978
9986
9971
9999
9984
9991
9971
9984
9968
9994
9993
9991
9997
9984
9973
9975
9988
9994
9984
9988
9966
9992
9987
9985
9974
9988
9987
9984
9978
9989
9979
9974
9984
9984
9994
9986
9989
9966
9978
9989
9980
9991
9989
9978
9964
9991
9968
9990
9983
9977
9989
9976
9980
9985
9995
9982
9973
9988
9987
9990
9984
9994
9982
9989
9985
9992
9987
9989
9987
9989
9993
9984
9986
9996
9966
9981
9970
9979
9983
9987
9971
9994
9967
9980
9988
9982
9981
9985
9952
9978
9981
9977
9970
9984
9990
9988
9968
9990
9954
9973
9989
9981
9970
9988
9994
9994
9977
9992
9987
9983
9985
9964
9990
9989
9981
9991
9986
9973
9989
9969
9981
9976
9994
9984
9980
9993
9992
9985
9993
9990
9982
9974
9995
9993
9991
9993
9973
9986
9991
9977
9989
9963
9989
9991
9984
9983
9971
9979
9993
9991
9984
9980
9984
9971
9990
9987
9991
9988
9986
9979
9986
9982
9994
9982
9960
9996
9994
9991
9976
9977
9992
9978
9963
9997
9990
9981
9974
9990
9979
9984
9981
9991
9995
9972
9978
9992
9988
9973
9980
9981
9980
9985
9985
9997
9991
9993
9995
9967
9989
9989
9962
9983
9994
9983
9984
9989
9979
9993
9988
9972
9987
9997
9989
9988
9990
9985
9996
9989
9965
9982
9983
9980
9982
9986
9982
9983
9992
9992
9965
9978
9979
9989
9990
9988
9988
9979
9966
9974
9973
9983
9987
9962
9989
9981
9983
9994
9981
9983
9981
9992
9975
9994
9985
9991
9989
9999
9999
9959
9990
9987
9991
9992
9993
9996
9978
9958
9981
9993
9982
9991
9971
9970
9961
9985
9985
9980
9992
9980
9984
9978
9978
9975
9993
9982
9967
9994
9982
9990
9986
9986
9996
9988
9985
9990
9991
9984
9981
9982
9987
9997
9991
9966
9990
9993
9961
9988
9977
9987
9980
9973
9968
9992
9994
9989
9993
9979
9986
9990
9990
9983
9984
9978
9957
9981
9975
9989
9976
9991
9987
9989
9981
9982
9974
9984
9969
9982
9987
9987
9984
9986
9979
9978
9987
9977
9966
9993
9983
9989
9981
9969
9994
9986
9980
9977
9989
9984
9980
9990
9989
9992
9990
9978
9983
9981
9986
9987
9990
9995
9977
9969
9976
9978
9994
9991
9987
9993
9970
9983
9980
9995
9999
9983
9993
9971
9991
10000
9971
9984
9994
9992
9980
9990
9985
9980
9982
9985
9984
9984
9974
9988
9987
9973
9991
9985
9972
9973
9989
9985
9994
9991
9978
9977
9991
9974
9992
9976
9992
9986
9988
9985
9996
9996
9985
9997
9973
9974
9977
9992
9991
9985
9974
9997
9994
9971
9984
9992
9998
9984
9979
9987
9987
9984
9987
9992
9986
9979
9999
9981
9995
9982
9988
9989
9998
9993
9961
9975
9987
9984
9986
9986
9987
9957
9994
9972
9995
9988
9978
9970
9991
9982
9993
9995
9989
9977
9984
9992
9986
9990
9984
9984
9991
9997
9982
9989
9993
9978
9987
9979
9956
9997
9979
9983
9982
9987
9976
9988
9957
9992
9989
9988
9980
9987
9997
9981
9979
9991
9995
9992
9987
9976
9995
9993
9978
9973
9996
9990
9996
9981
9977
9990
9991
9975
9990
9973
9974
9977
9993
9988
9990
9990
9971
9984
9986
9981
9978
9976
9935
9984
9974
9976
9995
9986
9997
9992
9989
9984
9993
9975
9994
9960
9994
9996
9961
9977
9978
9995
9992
9977
9988
10000
9995
9983
9980
9988
9976
9973
9989
9968
9980
9981
9978
9984
9989
9984
9978
9997
9991
9961
9991
9987
9999
9979
9998
9974
9985
9987
9968
9986
9992
9990
9990
9964
9978
9972
9979
9975
9991
9992
9986
9985
9993
9967
9970
9989
9978
9992
9970
9992
9984
9994
9992
9983
9994
9968
9984
9995
9975
9986
9987
9999
9981
9974
9986
9981
9983
9988
9964
9970
9997
9985
9985
9992
9981
9990
9980
9987
9989
9988
9995
9976
9988
9987
9983
9990
9979
9985
9992
9961
9986
9971
9995
9988
9990
9984
9990
9987
9983
9977
9985
9982
9964
9983
9990
9987
9997
9992
9997
9991
9991
9990
9984
9993
9990
9994
9989
9983
9992
9995
9980
9967
9990
9968
9985
9986
9987
9967
9985
9996
9987
9984
9995
9993
9985
9993
9994
9993
9993
9990
9995
9994
9973
9990
9982
9981
9981
9971
9990
9981
9980
9989
9982
9982
9983
9970
9992
9983
9986
9984
9994
9962
9978
9996
9983
9979
9986
9985
9983
9978
9983
9981
9994
9989
9969
9986
9990
9981
9994
9989
9981
9973
9987
9985
9987
9993
9973
9982
9973
9999
9979
9980
9981
9990
9990
9997
9992
9988
9987
9984
9997
9979
9979
9971
9988
9992
9996
9986
9964
9984
9998
9987
9993
9985
9971
9991
9976
9985
9975
9995
9978
9997
9996
9987
9990
9997
9990
9998
9983
9964
9991
9997
9981
9974
9991
9971
9991
9958
9983
9992
9982
9978
9991
9983
9994
9988
9989
