9993
9989
9979
9991
9996
9987
9994
9990
9993
9983
9993
9976
9987
9978
9985
9983
9998
9957
9964
9979
9990
9982
9973
9981
9975
9987
9977
9991
9984
9985
9987
9983
9985
9993
9995
9982
9978
9988
9998
9984
9981
9986
9982
9987
9989
9983
9987
9986
9997
9998
9984
9994
9978
9976
9979
9992
9995
9972
9994
9978
9972
9984
9965
9991
9985
9995
9988
9987
9973
9951
9996
9986
9993
9978
9976
9976
9974
9976
9986
9986
9982
9982
9979
9987
9979
9995
9995
9985
9979
9993
9982
9987
9995
9971
9991
9979
9987
9981
9984
9988
9991
9979
9982
9984
9983
9998
9989
9999
9978
9983
9976
9988
9984
9988
9981
9994
9985
9988
9987
9987
9979
9985
9974
9984
9989
9978
9994
9993
9985
9987
9975
9984
9979
9980
9992
9986
9998
9999
9989
9987
9991
9967
9977
9956
9994
9990
9989
9982
9993
9991
9976
9989
9978
10000
9977
9973
9995
9984
10000
9976
9977
9988
9991
9976
9991
9985
9997
9982
9980
9990
9970
9974
9978
9992
9995
9986
9988
9980
9978
9990
9988
9986
9980
9990
9994
9992
10000
9973
10000
9987
9985
9989
9991
9998
9980
9977
9975
9987
9981
9982
9992
9985
9976
9968
9965
9990
9985
9999
9972
9975
9976
9993
9991
10000
9967
9993
9967
9989
9984
9981
9987
9993
9997
9995
9980
9985
9989
9980
9991
9982
9989
9971
9988
9991
9990
9988
9986
9974
9983
9977
9980
9990
9996
9988
9987
9994
9984
9980
9970
9977
9982
9975
9970
9959
9993
9983
9983
9964
9996
9996
9988
9976
9991
9996
9984
9988
9998
9978
9996
9983
9990
9996
9991
9987
9987
9981
9994
9971
9988
9985
9971
9984
9981
9977
9995
9984
9980
9998
9990
9989
9988
9983
9993
9983
9972
9995
9993
9988
9986
9993
9998
9974
9995
9993
9990
9991
9982
9979
10000
9990
9995
9993
9995
9989
9986
9989
9985
9982
9986
9991
9980
9976
9994
9993
9994
9984
9988
9991
9985
10000
9974
9963
9988
9984
9993
9993
9972
9984
9965
9998
9981
9987
9991
9966
9984
9988
9979
9967
9996
9997
9974
9986
9954
9976
9994
9967
9988
9989
9988
9998
9987
9987
9994
9987
9988
9976
9995
9984
9984
9986
9980
9983
9993
9983
9996
9965
9988
9991
9973
9964
9984
9960
9969
9994
9984
9984
9989
9980
9978
9978
9971
9990
9987
9985
9994
9980
9982
9991
9984
9985
9997
9977
9994
9987
9993
9994
9983
9991
9975
9991
9988
9986
9993
9990
9989
9986
9989
9988
9978
9993
9980
9985
9991
9975
9972
9984
9975
9982
9981
9963
9996
9996
9987
9984
9995
9990
9989
9990
9992
9987
9981
9973
9974
9986
9963
9990
9965
9980
9983
9998
9987
9983
9966
9996
9988
9995
9994
9985
9982
9976
9965
9994
9984
9980
10000
9981
9979
9996
9967
9991
9983
9970
9994
9979
9985
9990
9981
9972
9989
9987
9971
9989
9993
9994
9979
9975
9988
9990
9974
9990
9985
10000
9969
9991
9971
9988
9990
10000
9992
9976
9984
9994
9982
9981
9986
9988
9988
9979
9970
9995
9972
9981
9999
9976
9998
9989
9991
9979
9991
9994
9988
9990
9979
9973
9970
9997
9992
9987
9992
9991
9993
9983
9982
9990
9994
9992
9992
9989
9991
9993
9985
9993
9993
9989
9987
9989
9997
9985
9995
9991
9971
9976
9963
9982
9987
9975
9995
9964
9984
9987
9971
9986
9987
9986
9994
9974
9991
9995
9982
9964
9973
9978
9980
9987
10000
9971
9976
9985
9987
9991
9973
9990
9997
9995
9979
9993
9992
9983
9954
9985
9976
9994
9973
9987
9975
9995
9988
9987
9987
9973
9990
9980
9990
9987
9989
9992
9971
9984
9966
9992
9991
9977
9978
9983
9984
9991
9997
9995
9983
9974
9976
9989
9999
9988
9989
9990
9969
9989
9991
9988
9984
9984
9951
9975
9994
9989
9992
9998
9980
9992
9993
9995
9987
9987
9995
9986
9984
9983
9992
9976
9977
9975
9984
9961
9955
9988
9994
9986
9983
9982
9980
9989
9979
9978
9975
9995
9986
9984
9997
9949
9981
9997
9976
9982
9980
9984
9994
9962
9986
9982
9974
9989
9990
9984
9997
9992
9977
9994
9983
9977
9965
9982
9992
9975
9990
9979
9994
9982
9986
9985
9979
9983
9995
9996
9981
9970
9978
9973
9999
9985
9985
9998
9993
9966
9985
9988
9978
9951
9986
9983
9988
9983
9992
9990
9986
9976
9979
9973
9977
9991
9984
9972
9989
9990
9992
9990
9989
9986
9992
9980
9995
9995
9984
9971
9980
9980
9980
9993
9976
9989
9976
9987
9986
9991
9987
9985
9995
9994
9983
9982
9983
9982
9991
9993
9993
9975
9951
9988
9997
9990
9988
9994
9988
9986
9986
9993
9985
9989
9978
9994
9993
9985
9991
9991
9970
9981
9979
9990
9985
9984
9981
9975
9985
9983
9981
9994
9994
9962
9980
9990
9990
9995
9993
9985
9977
9975
9999
9989
9975
9973
9975
9983
9984
9989
9943
9995
10000
9984
9985
9991
9992
9991
9991
9974
9981
9991
9977
9991
9994
9979
9977
9984
9989
9979
9980
9993
9985
9998
9986
9972
9988
9968
9990
9987
9984
9978
9998
9999
9986
9989
9983
9997
9998
9984
9988
9989
9979
9987
9996
9976
9992
9980
9987
9973
9982
9965
9986
10000
9995
9988
9973
9980
9976
9990
9982
9990
9988
9989
9985
9977
9978
9976
9987
9986
9982
9989
9974
9988
9985
9995
9956
9990
9953
9985
9983
9964
9982
9988
9984
9982
9982
9980
9990
9993
9974
9982
9994
9986
9998
9993
9991
9989
9985
9996
9978
9990
9992
9980
9981
9985
9990
9986
9967
9991
9990
9998
9985
9964
9993
9983
9984
9995
9986
9963
9971
9957
9997
9979
9981
9996
9999
9989
9997
9982
9991
9980
9988
9988
9988
9982
9993
9983
9995
9967
9982
9989
9986
9989
9993
9979
9983
9992
9990
9955
9980
9983
9982
9995
9963
9986
9992
9989
9988
9990
9978
9983
9990
9981
9979
9970
9971
9980
10000
9979
9979
9972
9991
9990
9984
9972
9987
9977
9992
9994
9987
9991
9990
9991
9995
9995
