9971
9991
9954
9967
9981
9989
9997
9982
9988
9991
9985
9988
9979
9986
9982
9990
9969
9992
9987
9996
9991
9966
9975
9986
9987
9997
9981
9998
9993
9987
9992
9984
9979
9993
9990
9989
9980
9976
9987
9979
9989
9986
9979
9975
9992
9978
9987
9997
9989
9994
9982
9981
9969
9989
9990
9971
9977
9969
9988
9984
9991
9989
9994
9994
9981
9963
9990
9988
9963
9985
9983
9993
9981
9977
9989
9988
9988
9977
9986
9982
9983
9980
9988
9990
9984
9986
9989
9977
9988
9997
9999
9989
9997
9965
9983
9980
9994
9991
9990
9971
9993
9973
9997
9984
9993
9979
9986
9985
9990
9977
9970
9995
9973
9999
9991
9980
9984
9992
9976
9988
9986
9991
9986
9987
9981
9983
9995
9992
9974
9996
9979
9986
9985
9992
9993
9988
9990
9992
9993
9991
9976
9991
9984
9963
9981
9974
9982
9982
9990
9981
9986
9975
9979
9960
9973
9972
9992
9985
9985
9967
9997
9986
9971
9989
9976
9989
9990
9985
9975
9975
9983
9960
9985
9997
9987
9993
9994
9992
9965
9989
9992
9991
9994
9987
9992
9980
9989
9998
9987
9968
9993
9973
9982
9986
9976
9986
9988
9992
9987
9982
9970
9989
9959
9983
9987
9992
9985
9990
9987
9986
9980
9970
9982
9982
9971
9987
9995
9986
9988
9979
9980
9980
9994
9956
9992
9989
9991
9992
9993
9987
9977
9988
9985
9979
9990
9980
9987
9979
9980
9996
9989
9975
9966
9989
9984
9983
9986
9985
9995
9993
9980
9983
9978
9991
9959
9982
9981
9992
9978
9991
9984
9996
9979
9987
9991
9989
9990
9987
9989
9989
9979
9994
9979
9973
9984
9994
9988
9972
9979
9993
9992
9969
9990
9982
9972
9982
9984
9981
9991
9989
9966
9990
9993
9963
9991
9986
9970
9990
9972
9973
9988
9988
9979
9979
9973
9990
9991
9994
9995
9939
9993
9986
9995
9984
9994
9981
9982
9960
9994
9989
9975
9984
9991
9994
9970
9982
9976
9992
9988
9972
9977
9987
9990
9991
9993
9983
9983
9974
9991
9987
9993
9988
9997
9990
9979
9993
9994
9986
9989
9965
9983
9988
9989
9965
9995
9984
9994
9978
9985
9982
9991
9989
9955
9983
9986
9981
9984
9985
9988
9980
9969
9989
9985
9999
9992
9963
9990
9991
9959
9959
9978
9976
9987
9994
9974
9973
9989
9981
9983
9980
9996
9983
9986
9988
9988
9986
9975
9988
9986
9962
9984
9982
9988
9997
9986
9983
9952
9967
9977
9968
9961
9995
9986
9988
9986
9987
9977
9990
9983
9972
9985
9994
9997
9978
9989
9986
9995
9979
9996
9988
9981
9992
9993
9990
9990
9993
9993
9992
9993
9982
9982
9997
9968
9991
9982
9978
9989
9981
9990
9968
9994
9991
9979
9986
9992
9965
9990
9991
9980
9994
9996
9963
9993
9986
9969
9982
9987
9974
9994
9981
9991
9997
9984
9995
9985
9979
9975
9971
9976
9983
9975
9981
9995
9996
9991
9978
9971
9988
9998
9972
9966
9978
9984
9978
9985
9967
9973
9989
9958
9997
9994
9988
9990
9990
9995
9975
9985
9960
9969
9993
9989
9983
9980
9983
9985
9993
9993
9992
9969
9994
9990
9997
9976
9980
9983
9981
9986
9977
9984
9991
9989
9993
9978
9978
9978
9964
9990
9991
9988
9989
9990
9995
9989
9976
9989
9990
9989
9985
9982
9986
9997
9981
9973
9984
9980
9980
9987
9983
9995
9990
9992
9998
9964
9987
9965
9987
9987
9985
9988
9991
9988
9985
9987
9984
9981
9991
9987
9999
9968
9978
9978
9979
9986
9992
9964
9978
9993
9958
9990
9988
9981
9974
9994
9985
9982
9984
9974
9986
9980
9985
9987
9995
9984
9991
9980
9984
9984
9991
9969
9984
9988
9977
9995
9996
9990
9988
9983
9998
9974
9991
9971
9973
9970
9977
9968
9996
9990
9991
9987
9987
9986
9993
9997
9979
9998
9953
9989
9985
9962
9970
9968
9965
9978
9993
9977
9985
9984
9977
9973
9988
9986
9985
9990
9991
9995
9991
9987
9980
9985
9983
9984
9984
9974
9978
9970
9987
9987
9982
9981
9985
9980
9991
9988
9997
9994
9980
9983
9987
9979
9983
9984
9981
9986
9992
9981
9992
9992
9987
9983
9978
9994
9976
9992
9981
9980
9985
9976
9973
9997
9991
9991
9992
9980
9983
9982
9995
9971
9990
9974
9983
9986
9990
9994
9973
9959
9973
9999
9995
9983
9977
9988
9984
9987
9991
9974
9993
9967
9976
9982
9994
9982
9978
9985
9992
9974
9949
9978
9996
9975
9974
9987
9982
9990
9988
9994
9975
9979
9993
9989
9965
9990
9973
9991
9992
9986
9999
9998
9987
9982
9983
9997
9983
9981
9995
9974
9987
9976
9986
9977
9968
9993
9993
9992
9980
9983
9951
9983
9982
9989
9988
9995
9990
9987
9990
9991
9990
9985
9981
9987
9996
9983
9976
9985
9993
9993
9985
9985
9978
9969
9974
9984
9991
9997
9986
9981
9987
9990
9990
9981
9981
9990
9989
9965
9970
9995
9990
9968
9997
9961
9976
9985
9995
9989
9989
9983
9980
9975
9985
9976
9966
9971
9992
9975
9987
9993
9965
9994
9994
9992
9999
9984
9976
9991
9982
9989
9969
9987
9993
9961
9992
9980
9983
9997
9990
9984
9988
9986
9985
9987
9979
9990
9992
9983
9987
9978
9992
9995
9961
9984
9988
9980
9994
9984
9958
9968
9986
9973
9979
9997
9985
9985
9994
9983
9991
9977
9953
9976
9983
9992
9985
9971
9984
9985
9980
9990
9964
9976
9981
9969
9992
9993
9955
9990
9987
9982
9987
9992
9979
9995
9997
9986
9994
9990
9980
9983
9981
9975
9993
9981
9990
9980
9999
9993
9980
9986
9976
9982
9968
9985
9982
9985
9992
9979
9973
9994
9992
9979
9999
9974
9976
9979
9966
9991
9960
9983
9992
9992
9990
9970
9990
9981
9977
9978
9991
9977
9987
9991
9973
9990
9981
9993
9979
9992
9980
9975
9991
9984
9986
9967
9991
9977
9987
9989
9969
9983
9976
9988
9991
9989
9993
9967
9968
9968
9993
9994
9991
9969
9970
9969
9989
9992
9991
9980
9998
9988
9982
9998
9989
9993
9988
