9974
9977
9983
9990
9994
9976
9994
9990
9971
9987
9993
9984
9982
9980
9978
9974
9988
9979
9996
9983
9960
9990
9981
9992
9978
9984
9953
9977
9995
9981
9977
9988
9991
9980
9974
9979
9977
9984
9985
9997
9973
9988
9986
9980
9989
9985
9969
9975
9992
9993
9996
9989
9991
9986
9984
9991
9987
9987
9979
9997
9964
9996
9981
9982
9981
9989
9986
9984
9986
9966
9986
9953
9984
9987
9990
9991
9975
9983
9965
9990
9995
9988
9996
9981
9992
9986
9990
9989
9989
9987
9991
9977
9989
9965
9981
9992
9993
9994
9992
9990
9985
9987
9991
9988
9989
9983
9992
9990
9981
9980
9972
9983
9964
9962
9995
9988
9997
9988
9983
9989
9989
9986
9963
9976
9995
9978
9972
9973
9989
9979
9990
9980
9992
9996
9984
9981
9984
9979
9979
9979
9983
9989
9985
9991
9990
9988
9991
9994
9981
9973
9971
9998
9992
9994
9986
9984
9972
9976
9993
9980
9967
9986
9988
9954
9989
10000
9997
9988
9966
9962
9993
9980
9991
9981
9982
9984
9979
9987
9982
9983
9992
9991
9988
9990
9988
9986
9987
9986
9992
9983
9985
9989
9974
9990
9988
9977
9982
9994
9999
9974
9991
9988
9979
9995
9999
9952
9987
9987
9979
9996
9964
9972
9991
9996
9993
10000
9990
9984
9988
9971
9963
9988
9997
9976
9987
9989
9980
9997
10000
9993
9981
9993
9982
9978
9970
9990
9990
9976
9984
9970
9994
9974
9990
9995
9992
9977
9989
9977
9980
9976
9969
9987
9956
9983
9980
9994
9949
9981
9997
9988
9986
9984
9980
9981
9980
9978
9975
9984
9983
9983
9974
9987
9989
9979
9992
9977
9982
9992
9993
9981
9956
9968
9993
9990
9979
9981
9991
9981
9994
9977
9984
9979
9993
9974
9987
9997
9985
9985
9992
9989
9988
9986
9987
9986
9985
9968
9994
9985
9976
9990
9971
9971
9980
9974
9986
9986
9982
9970
9976
9989
9977
9973
9978
9976
9980
9984
9969
9981
9972
9994
9982
9992
9984
9987
9965
9982
9981
9968
9992
9957
9985
9986
9972
9991
9987
9982
9990
9991
9985
9988
9985
9989
9996
9968
9993
9985
9988
9978
9982
9978
9989
9976
9993
9976
9974
9991
9989
9983
9992
9989
9983
9975
9991
9994
9970
9991
9989
9987
9989
9983
9983
9993
9992
9999
9991
9981
9981
9993
9966
9960
9988
9986
9985
9985
10000
9994
9997
9993
9976
9976
9988
9976
9984
9995
9988
9979
9993
9978
9976
9990
9986
9988
9983
9988
9982
9986
9988
9987
9990
9990
9992
9984
9990
9983
10000
9997
9993
9979
9993
9984
9976
9977
9979
9968
9985
9991
9992
9985
9994
9982
9990
9996
9996
9964
9998
9972
9977
9976
9982
9976
9985
9989
9979
9991
9964
9995
9994
9982
9988
9990
9986
9982
9989
9993
9994
9968
9986
9996
9988
9983
9986
9994
9977
9978
9995
9985
9978
9974
9991
9987
9980
9992
9956
9989
9978
9991
9979
9978
9988
9978
9993
9989
9983
9974
9999
9982
9986
9985
9973
10000
9996
9973
9988
9971
9998
9991
9976
9989
9990
9993
9994
9989
9991
9991
9988
9982
9992
9975
9976
9993
9997
9991
9988
9997
9980
9982
9998
9990
9984
9991
9994
9989
9979
9972
9984
9983
9988
9995
9986
9983
9994
9985
9990
9990
9986
9984
9980
9984
9999
9973
9985
9980
9990
9992
9991
9980
9984
9991
9985
9991
9984
9984
9993
9976
9983
9986
9997
9989
9984
9978
9996
9982
9973
9983
9995
9985
9995
9979
9989
9987
9989
9994
9984
9974
9985
9984
9992
9992
9992
9986
9973
9996
9969
9981
9981
9992
9984
9982
9990
9988
9990
9994
9990
9989
9987
9988
9990
9979
9973
9997
9988
9980
9997
10000
9972
9981
9974
9986
9966
9991
9986
9985
9985
9991
9978
9976
9984
9986
9972
9977
9995
9982
9928
9978
9996
9996
9986
9999
9994
9995
9990
9972
9988
9991
9998
9977
9966
9999
9987
9976
9985
9989
9974
9977
9996
9996
9986
9984
9986
9982
9982
9982
9990
9985
9994
9992
9997
9976
9995
9990
9978
9983
9989
9995
9991
9984
9980
9992
9994
9988
9985
9981
9983
9989
9981
9970
9982
9992
9986
9994
9984
9976
9984
9989
9987
9956
9983
9981
9977
9975
9995
9990
9968
9988
9980
9977
9991
9972
9974
9983
9991
9966
9989
9987
9966
9971
9989
9978
9979
9986
9996
9986
9983
9985
9989
9988
9998
9997
9985
9990
9988
9982
9995
9976
9951
9991
9980
9982
9976
9987
9966
9987
9979
9989
9990
9983
9992
9986
9996
9992
9981
9995
9982
9973
9978
9968
9997
9993
9991
9996
9990
9981
9999
9988
9998
9990
9987
9979
9984
9990
9975
9990
9985
9989
9985
9983
9996
9989
9993
9970
9988
9983
9987
9977
9985
9983
9979
9994
9966
9971
9965
9985
9984
9995
9991
9984
9970
9985
9989
9993
9995
9993
9982
9994
9992
9988
9988
9981
9991
9986
9985
9983
9982
9978
9964
9988
9976
9978
9980
9990
9971
9991
9987
9981
9992
9988
9972
9981
9988
9983
9968
9990
9988
9995
9984
9987
9989
9990
9991
9980
9985
9982
9986
9968
9999
9991
9972
9975
9968
9991
9987
9970
9977
9964
9984
9991
9997
9992
9983
9996
9994
9971
9989
9980
9994
9987
9990
9984
9983
9983
9972
9972
9981
9985
9993
9997
9994
9969
9968
9988
9991
9990
9985
9978
9982
9986
9992
9989
9994
9986
9983
9991
9987
9990
9992
9994
9991
9987
9988
9986
9985
9991
9977
9981
9993
9991
9997
9964
9972
9989
9989
9996
9976
9977
9984
9980
9982
9992
9990
9996
9992
9979
9963
9990
9990
9990
9983
9975
9989
9990
9983
9995
9983
9980
9990
9993
9986
9984
9986
9986
9984
9984
9975
9989
9970
9990
9967
9986
9971
9982
9976
9986
9987
9984
9980
9961
9982
9987
9993
9975
9991
9986
9969
9985
9991
9988
9980
9988
9986
9988
9971
9992
9987
9982
9974
9992
9977
9988
9990
9975
9988
9973
9973
9997
9971
9998
9993
9989
9979
9984
9979
9984
9954
9976
9992
9975
9980
9980
9990
9990
