9985
9974
9986
9973
10000
9971
9989
9971
9988
9997
9973
9992
9996
9962
9996
9972
9987
9987
9982
9986
9981
9986
9987
9992
9994
9985
9967
9991
9965
9990
9982
9993
9980
9976
9978
9989
9973
9979
9975
9997
9986
9982
9987
9980
9983
9974
9994
9992
9982
9987
9990
9994
9962
9985
9977
9982
9994
9983
9982
9977
9991
9992
9995
9994
9976
9966
9989
9980
9984
9988
9988
9986
9994
9983
9992
9967
9986
9993
9990
9993
9986
9989
9986
9986
9976
9977
9983
9984
9980
9986
9988
9986
9975
9990
9954
9990
9994
9977
9974
9989
9984
9979
9984
9986
9978
9989
9985
9999
9991
9994
9982
9985
9989
9983
9987
9997
9964
9986
9991
9993
9976
9990
9972
9990
9971
9988
9985
9976
9967
9989
9980
9992
9982
9987
9994
9993
9995
9997
9990
9988
9975
9987
9987
9997
9982
9981
9993
9980
9978
9983
9979
9982
9993
9978
9984
9971
9955
9982
9972
9981
9984
9989
9988
9973
9977
9985
9982
9974
9992
9990
9988
9994
9988
9995
9989
9987
9993
9990
9991
9990
9963
9985
9983
9983
9995
9997
9986
9989
9979
9987
9987
9985
9989
9998
9974
9993
9997
9987
9989
9977
9980
9992
9984
9990
9982
9975
9996
9989
9995
9983
10000
9985
9974
9988
9986
9991
9982
9977
9987
9988
9984
9984
9988
9990
9997
9990
9987
9990
9979
9988
9985
9979
9976
9977
9987
9983
9983
9998
9997
9988
9987
9987
9998
9991
9987
9994
9986
9990
9975
9984
9990
9982
9963
9986
9988
9978
9979
9985
9976
9977
9961
9987
9974
9989
9986
9989
9969
9995
9970
9977
9989
9992
9984
9983
9982
9994
9995
9984
9988
9990
9989
9996
9979
9992
9987
9974
9988
9987
9977
9990
9989
9978
9986
9988
9993
9998
9968
9992
9982
9981
9990
9994
9983
9991
9973
9990
9990
9987
9951
9988
9989
9981
9990
9991
9979
9979
9985
9987
9987
9985
9985
9996
9985
9990
9987
9973
9968
9976
9990
9994
9993
9984
9987
9975
9982
9992
9990
9990
9980
9992
9976
9966
9997
9971
9990
9994
9978
9986
9972
9992
9996
9990
9977
9988
9989
9981
9985
9997
9982
9982
9991
9981
9986
9988
9991
9996
9972
9993
9981
9974
9967
9979
10000
9991
9977
9988
9990
9980
9992
9997
9991
9983
9982
9983
9986
9986
9994
9972
9978
9983
9992
9973
9985
9986
9966
9991
9989
10000
9979
9973
9986
9989
9985
9987
9983
9989
9993
9986
9982
9979
9983
9984
9977
9974
9996
9980
9988
9985
9987
9991
9981
9972
9996
9990
9986
9987
9980
9974
9979
9977
9985
9992
9962
9975
9968
9987
9985
9984
9990
9987
9974
9983
9995
9980
9981
9998
9990
9980
9986
9972
9987
9995
9987
9985
9977
9985
9983
9993
9983
9988
9981
9985
9985
9991
9989
9963
9985
9975
9979
9981
9985
9993
9980
9984
9964
9975
9984
9995
9988
9984
9989
9973
9990
9978
9991
9995
9991
9978
9986
9975
9994
9989
9968
9996
9976
9992
9984
9991
9974
9982
9965
9975
9990
9985
9981
9981
9978
9975
9960
9973
9991
9990
9992
9971
9981
9992
9975
9983
9986
9994
9989
9978
9989
9982
9984
9989
9965
9992
9996
9985
9997
9989
9979
9992
9987
9994
9984
9973
9994
9991
9980
9989
9984
9989
9987
9997
9974
9992
9991
9974
9982
9982
9974
9984
9977
9988
9994
9969
9988
9979
9972
9983
9980
9978
9993
9984
9982
9990
9988
9990
9991
9998
9986
9989
9984
9987
9984
9988
9988
9995
9992
9993
9989
9987
9980
9988
9984
9986
9986
9992
9992
9990
9978
9995
9996
9992
9992
9996
9990
9976
9984
9994
9981
9974
9997
9986
9986
9996
9973
9995
9984
9991
9986
9976
9991
9987
9962
9986
9990
9995
10000
9988
9985
9986
9989
9973
9994
9986
9981
9979
9964
9996
9998
9985
9992
9991
9986
9977
9988
9995
9993
9992
9983
9986
9945
9983
9981
9999
9987
9979
9984
9981
9981
9994
9997
9967
9982
9993
9982
9963
10000
9968
9986
9997
9980
9992
9992
9985
9986
9994
9992
9984
9983
9995
9986
9964
9991
9989
9990
9993
9976
9984
9981
9996
9974
9991
9993
9988
9993
9981
9998
9989
9988
9989
9978
9994
9986
9974
9997
9991
9985
9999
9991
9983
9985
9990
9992
9969
9991
9991
9988
9991
9987
9963
9996
9990
9992
9974
9986
9994
9997
9975
9989
9978
9988
9985
9984
9960
9992
9977
9993
9991
9993
9990
9993
9994
9988
9977
9995
9997
9970
9981
9983
9991
9995
9992
9996
9974
9998
9985
9992
9978
9982
9985
9994
9979
9969
9995
9984
9984
9967
9951
9984
9991
9992
9980
9981
9983
9993
9992
9988
9991
9989
9987
9995
9979
9992
9992
9988
9989
9991
9982
9997
9976
9995
9987
9990
9966
9998
9989
9988
9983
9988
9994
9979
9996
9988
9988
9990
9984
9993
9968
9992
9983
9987
9971
9981
9976
9996
9993
9995
9981
9989
9951
9988
9987
9984
9969
9988
9996
9945
9995
9984
10000
9988
9988
9984
9985
9975
9969
9984
9979
9985
9979
9972
9988
9975
9967
9993
9986
9970
9961
9984
9994
9991
9973
9984
9974
9981
9994
9986
9975
9981
9995
9992
9972
9984
9992
9989
9998
9981
9979
9994
9994
9997
9992
9974
9984
9978
9961
9989
9998
9983
9980
9978
9994
9984
9985
9993
9980
9981
9999
9978
9972
9992
9984
9993
9985
9984
9985
9993
9991
9986
9984
9990
9993
9989
9984
9985
9985
9990
9987
9996
9981
9979
9981
9992
9969
9994
9997
9967
9992
9990
9983
9990
9990
9972
9996
9990
9984
9996
9997
9977
9970
9990
9993
9981
9975
9978
9985
9994
9986
9987
9996
9969
9990
9984
9992
9992
9992
9983
10000
9985
9980
9980
9979
9979
9963
9989
9991
9993
9992
9990
9977
9992
9979
9986
9974
9990
9980
9989
9979
9982
9975
9985
9987
9970
9983
9982
9982
9988
9982
9991
9992
9974
9984
9994
9983
9988
9985
9978
9960
9997
9991
9984
9989
9985
9982
9989
9969
9989
9971
9978
9991
9994
9987
9992
9982
9988
9990
