9974
9982
9977
9988
9977
9981
9993
9984
9973
9992
9985
9995
9975
9987
9983
9997
9996
9981
9984
9990
9990
9983
9976
9975
9987
9988
9964
9989
9997
9987
9994
9967
9999
9984
9990
9982
9984
9993
9986
9996
9967
9990
9975
9984
9979
9993
9986
9984
9991
9975
9992
9998
9983
9982
9980
9988
9988
9972
9974
9987
9957
9998
9978
9992
9991
9996
9988
9983
9965
9986
9979
9967
9983
9982
9994
9961
9984
9997
9993
9997
9987
9994
9996
9981
9990
9986
9990
9987
9987
9986
9989
9982
9976
9994
9986
9980
9990
9995
9991
9977
9973
9987
9977
9976
9995
9989
9982
9983
9968
9959
9986
9975
9990
9976
9986
9968
9984
9966
9990
9975
9988
9989
9985
9973
9986
9987
9990
9980
9991
9975
9994
9979
9989
9988
9989
9983
9982
9987
9988
9988
9987
9991
9985
9987
9987
9968
9984
9987
9929
9998
9983
9990
9974
9989
9991
9975
9984
9989
9989
9995
9973
9977
9979
9972
9993
9960
9966
9993
9980
9989
9981
9970
9976
9985
9982
9982
9976
9981
9979
9995
9979
9984
9990
9999
9990
9983
9984
9988
9982
9991
9973
9983
9975
9970
9979
9975
9992
9995
9982
9987
9989
9984
9991
9977
9986
9982
9987
9988
9978
9989
9983
9999
9986
9987
9975
9982
9977
9994
9972
9995
9991
9991
9988
9997
9980
9990
9980
9995
9993
9989
9981
9994
9990
9990
9986
9956
9986
9978
9979
9981
9976
9985
9981
9988
9983
9988
9991
9988
9993
9985
9990
9991
9977
9996
9988
9998
9980
9967
9990
9987
9984
9996
9996
9993
9987
9994
9998
9977
9988
9994
9987
9995
9992
9975
9986
9989
9994
9986
9978
9965
9987
9984
9994
9974
9969
9979
9991
9982
9971
9979
9991
9979
9982
9984
9971
9998
9981
9985
9988
9992
9970
9992
9991
9984
9973
9993
9988
9986
9994
9980
9984
9993
9980
9981
9984
9988
9971
9989
9975
9994
9990
9985
9978
9983
9970
9978
9982
9966
9993
9984
9984
10000
9993
9991
9991
9975
9986
9967
9987
9990
9989
9981
9980
9981
9968
9989
9975
9978
9974
9995
9981
9983
9985
9991
9998
9985
9992
9957
9991
9985
9988
9999
9992
9974
9954
9999
9987
9975
9991
9994
9989
9982
9990
9980
9989
9987
9981
9980
9983
9994
9993
9982
9994
9992
9981
9970
9958
9982
9991
9974
9975
9983
9985
9982
9965
9979
9976
9985
9990
9990
9984
9986
9981
9985
9992
9989
9995
9986
9975
9959
9975
9993
9963
9997
9992
9980
9982
9974
9993
9978
9985
9980
9987
9995
9987
9987
9980
9999
9994
9988
9976
9979
9985
9989
9965
9973
9990
9990
9981
9979
9983
9997
9995
9976
9986
9998
9980
9985
9978
9986
9991
9984
9965
9991
9986
9988
9991
9987
9989
9985
9990
9989
9980
9984
9987
9983
9994
9971
9995
9991
9979
9989
9983
9981
9981
9990
9974
9986
9973
9992
9981
9975
9972
9988
9960
9993
9961
9994
9987
9984
9984
9987
9985
9980
9996
9987
9993
9986
9990
9985
9977
9993
9991
9984
9991
9981
9986
9991
9987
9966
9984
9993
9992
9989
10000
9974
9992
9989
9990
9994
9962
9970
9988
9983
9995
9991
9985
9973
9990
10000
9995
9991
9978
9992
9977
9991
9975
9951
9989
9986
9982
9999
9988
9990
9984
9984
9989
9985
9982
9978
9990
9976
9978
9991
9993
9992
9993
9971
9976
9983
9976
9977
9994
9986
9991
9976
9997
9988
9993
9982
9973
9991
9993
9994
9995
9977
9981
9965
9992
9985
9994
9978
9972
9996
10000
9993
9974
9985
9994
9996
9991
9956
9979
9989
9983
9980
9998
9999
9989
9983
9985
9988
9974
9981
9972
9985
9968
9980
9987
9987
9982
9981
9970
9987
9987
9981
9968
9979
9984
9987
9969
9968
9992
9984
9995
9986
9983
9983
9993
9983
9994
9986
9978
9957
9974
9983
9978
9974
9997
9986
9983
9994
9982
9991
9992
9990
9993
10000
9996
9996
9990
9997
10000
9979
9985
9974
9979
9985
9977
9980
9975
9992
9983
9982
9969
9983
9979
9995
9993
9997
9979
9954
9984
9978
9994
9986
9982
9980
9995
9981
9982
9991
9983
9994
9975
9972
9984
9987
9981
9970
9986
9986
9989
9979
9948
9986
9980
9998
9987
9975
9969
9966
9978
9987
9970
9986
9986
9991
9981
9970
9971
9981
9974
9996
9992
9995
9978
9990
9995
9979
9987
9955
9987
9982
9946
9982
9989
9974
9987
9986
9975
9985
9991
9968
9975
9996
9981
9976
9989
9986
9993
9988
9995
9973
9988
9990
9992
9990
9976
9984
9962
9990
9966
9984
9985
9981
9997
9986
9985
9981
9995
9988
9992
9968
9998
9984
9976
9978
9974
9972
9989
9995
9978
9980
9992
9962
9995
9998
9998
9981
9989
9984
9984
9981
9986
9983
9995
9981
9982
9982
9994
9966
9991
9966
9969
9985
9987
9983
9980
9990
9974
9985
9990
9976
9996
9974
9997
9983
9980
9990
9972
9988
9983
9973
9984
9983
9979
9988
9988
9995
9989
9976
9990
9997
9987
9987
9947
9982
9994
9983
9968
9988
9980
9962
9989
9987
9981
9973
9987
9986
9976
9990
9990
9986
9994
9980
9978
9976
9975
9984
9978
9990
9993
9979
9971
9974
9984
9975
9978
9981
9982
9997
9999
9956
9991
9991
9981
9976
9987
9990
9998
9984
9986
9987
9981
9993
9986
9991
9973
9994
9969
9987
9988
9990
9978
9995
9982
9990
9990
9980
9988
9988
9967
9988
9992
9988
9982
9986
9981
9997
9987
9985
9966
9998
9983
9989
9982
9989
9990
9984
9981
9980
9987
9998
9981
9988
9978
9978
9965
9983
9993
9988
9990
9986
9975
9994
9990
9983
9978
9982
9987
9976
9995
9980
9988
9977
9993
9979
9991
9981
9984
9979
9989
9983
9989
9993
9976
9985
9981
9977
9959
9980
9979
9992
9992
9988
9976
9995
9989
9994
9988
9995
9977
9995
9992
9965
9990
9997
9974
9973
9993
9983
9992
9990
9992
9989
9980
9981
9976
9981
9973
9989
9975
9982
9983
9974
9995
9993
9982
9987
9975
9992
9985
9968
9987
9983
9991
9990
9973
9983
