9869
9977
9986
9951
10000
9951
9864
9950
9848
9980
9677
10000
9828
9719
9959
9903
9965
9752
9973
9973
9917
9991
9957
9855
9920
9982
9971
9987
9820
9829
10000
10000
9775
9721
9618
9712
9825
9882
9956
10000
9874
9988
9965
9944
9767
9986
9958
10000
9904
9776
9800
9950
9886
9869
9770
9966
9974
9782
9941
9835
9981
9582
9991
9967
9899
9928
9990
9817
9993
9935
9972
9982
9938
9965
9975
9979
9805
9807
9708
9981
9876
9739
10000
9906
9935
9914
9844
9825
9982
9897
9977
9986
9960
9977
9978
9910
9958
9946
9770
9875
9961
9957
9867
9971
9787
9534
9567
9991
9867
9967
9974
9897
9748
9986
9942
9984
9978
9994
9903
9973
9759
9962
9973
9932
9984
9590
10000
9866
9720
9949
9680
9582
9549
9530
9979
9969
9949
9679
9978
9709
9858
9821
9945
9879
9530
9992
10000
9708
9973
9771
9909
9966
9977
9971
9677
9864
9810
9956
9946
9800
9991
9971
9715
9999
9714
9827
9900
9959
9982
9949
10000
9960
9797
9672
9519
9980
9992
9911
9809
9789
9971
9915
9991
9770
9986
10000
9880
9984
9991
9969
9990
9967
9957
9897
9975
9941
9883
9677
9985
9972
9990
9988
9971
9792
9126
10000
9928
9965
9785
9820
9409
9927
9973
9881
10000
9626
9645
9430
9957
9940
9891
9607
9669
9830
9665
9880
9404
9983
9964
9930
9738
9861
9594
9928
9804
9935
10000
9550
9946
9975
9822
9866
9987
9990
9992
9870
9998
9924
9730
9436
9537
9865
9976
9964
9991
9874
9889
9880
9982
9993
9927
9827
9962
10000
9641
9876
9804
9981
10000
9989
9901
9971
9450
9949
9553
9566
9977
9970
9608
9787
9954
9937
10000
9984
9966
9397
9969
9987
9799
9266
9498
9427
9837
9946
9962
9935
9709
9939
9987
9931
10000
9937
9803
9682
9985
9950
9956
9711
9696
9579
9947
9688
9948
9981
9839
9966
9811
9976
9910
9615
9954
9887
9983
9607
9987
9983
10000
9839
9995
9964
9924
9934
9707
9888
9891
9911
9991
9832
9811
9976
9685
9992
9954
9918
9987
9917
9949
9886
9985
9980
9938
9969
9853
9983
10000
10000
9954
9974
9982
9856
9971
9830
9752
9797
9994
10000
9980
9970
9965
9958
9944
9901
9962
9991
9980
10000
9808
9980
9966
9948
9891
9934
9920
9916
9949
9963
9777
9766
9970
9984
9950
9956
9957
9952
9978
9993
10000
9715
9889
9994
9934
9927
9976
9971
9938
9777
9882
9894
9936
9990
9978
9981
9990
10000
9886
9987
9659
9619
9556
9776
9766
9625
9884
9421
9542
9682
9959
9512
9747
9899
9987
9831
9974
9819
9982
9841
9970
9608
9960
9619
9600
9962
9943
9936
9983
10000
9982
9655
9903
9634
9960
9940
9864
9599
9992
9906
9941
9945
9987
9980
9957
9916
9984
9975
9991
9991
9978
9824
9693
9980
9966
9985
10000
9717
9924
9813
9889
9802
9979
9966
9530
9949
9716
9971
9965
9922
9980
9971
9967
9963
9813
9853
9948
9981
9576
9964
9921
9990
9932
9843
9974
9970
9966
9735
9715
9976
9347
10000
10000
9986
9967
9981
9980
9773
9985
9975
10000
9890
9781
10000
9974
9751
9786
9988
9896
9975
9852
9994
9964
9867
9983
9851
10000
10000
9992
9786
9931
9948
9960
9763
10000
9774
9973
9157
9828
9980
9926
9980
9876
9999
9985
9843
9986
9546
9954
9902
9952
9966
9547
9991
9975
9878
9782
10000
9857
10000
9930
9906
9885
10000
9704
9931
9956
9704
10000
9915
9736
9809
9952
10000
9855
9952
9955
9695
9994
10000
9577
9608
9972
9798
9978
9774
9622
10000
9971
9977
9502
9952
9959
9976
9830
10000
9869
9951
9962
9971
9942
9731
9940
9672
9837
9502
9788
9977
9912
9592
9846
9809
9974
9873
10000
9886
9887
9881
9972
9978
9869
9985
9913
9812
9998
10000
9791
9964
9944
9980
9964
9884
9927
10000
9948
9907
9816
10000
9895
9450
9845
9826
9952
9794
9780
9988
9951
9937
9963
9464
9925
9975
9959
9952
9951
10000
9917
9956
9951
9976
9630
9905
9975
9712
9933
9971
9800
9832
9899
9475
9022
9996
9921
9619
9904
9591
9972
9957
9720
9773
9730
9997
9894
9905
9999
9947
9792
9973
9952
9699
9874
9959
9953
9662
9970
9926
9928
9975
9974
9933
9950
9966
9979
9962
9991
9913
9444
9984
9979
9936
9998
9795
9752
9982
10000
9956
9967
9545
9952
9975
10000
9974
10000
9885
9873
9802
9962
9799
9967
10000
9680
9685
9975
9971
9958
9862
9970
9874
9922
9998
9975
9986
9968
9991
9946
9982
9880
9948
9545
9694
9946
9937
9757
9924
9943
9950
9458
9964
10000
9988
10000
9858
9722
9987
9754
9604
9979
9919
9975
9944
9931
9905
9991
9976
9987
9977
9934
9756
9947
10000
9878
9976
10000
9942
9269
9987
9970
9971
9875
9816
9955
9308
9954
9957
9996
9986
9434
10000
9954
9350
9972
9897
9963
9949
9899
9983
9983
9798
9788
9847
9818
9953
9847
9959
9387
9851
9936
9594
9917
9822
10000
9628
10000
10000
9982
9997
9463
9613
9881
9708
9988
9989
10000
9980
9779
9976
10000
9977
9967
9931
9625
9917
9993
9655
9260
9985
9923
9987
9905
9914
9707
9963
9964
9980
9997
9907
10000
9907
9964
9978
9329
9695
9974
10000
10000
9948
9737
10000
9901
10000
9848
9433
9901
9654
9994
9883
9980
9954
9987
9784
9996
9992
9965
10000
9752
9943
9975
9985
9983
9937
9805
9835
9971
9766
9688
9932
9991
9997
9913
9705
9980
9858
9986
9954
9889
9707
9897
9778
9919
9827
9883
9975
9948
9971
9598
9978
9991
9889
9755
9947
9974
9973
9144
9971
9999
9979
9551
9947
9963
9970
9948
9776
9975
9702
9970
9799
9989
9712
9902
9977
9877
10000
9797
9976
9953
9928
9873
9924
9935
9783
9970
9510
10000
9787
9962
9985
9936
9988
9955
9982
9954
9993
9988
9636
10000
9978
9998
9983
10000
9993
9551
9938
9985
9978
9961
9931
9953
9974
9978
9819
9869
9670
9993
9953
9877
9603
9922
9937
9835
9970
9879
9985
9874
9950
