9972
9984
9979
9995
9973
9985
9991
9986
9975
9998
9997
9998
9999
9991
10000
9991
10000
9983
9981
9993
9995
9987
9990
9983
9994
9959
9996
9997
9984
9985
9982
9997
9985
9987
9974
9974
9999
9987
9983
9981
9993
9993
9976
9996
9982
9983
9985
9978
9986
9988
9970
9959
9974
9993
9972
9971
9996
9990
9989
9974
9995
9988
9984
9994
9992
9999
9981
9987
9994
9982
9976
9986
9995
9986
9990
9983
9985
9979
9984
9986
9995
9992
9994
9983
9992
9977
9977
9987
9970
9988
9994
9990
9986
9995
9993
9988
9991
9987
9976
10000
9987
9978
9979
9989
9985
9975
9987
9978
9985
9995
10000
9990
9968
9990
9991
9978
9982
9987
9953
9975
9987
9996
9995
9993
9995
9988
9983
9996
9988
9961
9987
9976
9989
9965
9986
9984
9985
9988
9983
9989
9972
9987
9993
9984
9996
9949
9979
9990
9991
9993
9977
9979
9986
9987
9983
9988
9964
9982
9984
9971
10000
9988
9988
9978
9977
9992
9986
9998
9993
9979
9990
9986
9987
9978
9977
9958
9957
9988
9995
9984
9984
9985
9996
9984
9975
9983
9992
9993
9984
9989
9985
9971
9974
9988
9978
9964
9993
9988
9993
9989
9997
9982
9983
9968
9947
9969
9992
9994
9983
9996
9969
9965
9990
9993
9987
9985
9987
9977
9982
9983
9988
9992
9989
9991
9992
9978
9989
9998
9995
9986
9992
9987
9994
9992
9973
9969
9992
9989
9968
9993
9996
9970
9984
9983
9988
9986
9987
9989
9979
9975
9972
9987
9985
9992
9984
9999
9974
9986
9992
9995
9991
9983
9974
9994
9988
9989
9974
9976
9978
9991
9988
9990
9994
9990
9981
9984
9984
9988
9976
9977
9965
9995
9993
9990
9964
9973
9975
9998
9967
9985
9976
9988
9980
9994
9994
9994
9990
9984
9976
9983
9974
9969
9979
9986
9989
9985
9989
9980
9989
9988
9989
9985
9988
9983
9980
9990
9995
9989
9998
9988
9998
9980
9996
9976
9979
9987
9995
9992
9995
10000
9984
9986
9996
9990
9988
9978
9986
9981
9984
9980
9987
9992
9983
9985
9987
9979
9984
9981
9987
9998
9984
9987
9981
9982
9983
9982
9986
9984
9992
9984
9993
9997
9997
9955
9973
9984
9993
9984
9990
9998
9981
9995
9986
9979
9997
9971
9997
9986
9995
9979
9987
9992
9983
9977
9994
9973
9986
9995
9996
9998
9980
9979
9979
9976
9983
9980
9994
9974
9990
9991
9993
9979
9983
9999
9975
9983
9978
9985
9965
9988
9987
9993
9984
9995
9970
9981
9986
9986
9960
9994
9998
9991
9982
9978
9976
9982
9994
9995
9978
9994
9998
9987
9991
9982
9993
9992
9998
9992
9991
9968
9980
9974
9986
9987
9981
9975
9976
9998
9980
9977
9983
9977
9991
9995
9971
9996
9996
9969
9988
9983
9983
9981
9979
9978
9982
9998
9976
9981
9980
9994
9975
9981
9988
9991
9989
9976
9997
9983
9980
9978
9984
9983
9990
9940
9976
9986
9983
9975
9986
9988
9992
9974
9966
9979
9990
9979
9992
9981
9984
9988
9995
9994
9979
9983
9993
9995
9978
9984
9992
9974
9967
9989
9989
9989
9998
9979
9991
9984
9993
9975
9990
9984
9988
9988
9985
9987
9982
9958
9999
9981
9994
9980
9993
9981
9986
9986
9996
9982
9975
9982
9985
9980
9988
9983
9977
9988
9986
9995
9994
9969
9981
9954
9991
9970
9991
9992
9966
9992
9975
9976
9994
9970
9986
9982
9993
9989
9990
9993
9986
9987
10000
9993
9986
9991
9988
9992
9976
9997
9998
9998
9990
9988
9976
9997
9987
9979
9988
9976
9991
9975
9992
9978
9991
9965
9988
9987
9997
9981
9940
9987
9979
9994
9964
9976
10000
9983
9982
9984
9989
9991
9980
9990
9987
9979
9996
9979
9978
9978
9982
9980
9985
9964
9983
9987
9978
9967
9993
9988
9981
9989
9997
9992
9988
9990
9987
9984
9983
9993
9984
9987
9984
9972
9987
9990
9992
9980
9980
9986
9983
9984
9957
9991
9984
9996
9992
9951
9994
9986
9969
9991
9994
9982
9994
9993
9984
10000
9968
9989
10000
9993
9994
9981
9984
9986
9990
9986
9969
9989
9968
9992
9988
9990
9986
9996
9975
9979
9991
9986
9976
9992
9988
9990
9985
9977
9963
9990
9982
9980
9987
9988
9992
9976
9972
9967
10000
9982
9992
9977
9984
9985
9985
9985
9983
9982
9984
9988
9990
9993
9984
9988
9979
9986
9985
9991
9989
9988
9991
9995
9985
9971
9988
9991
9981
9990
9984
9995
9993
9964
9977
9991
9985
9992
9971
9987
9994
9964
9988
9975
9976
9995
9977
9991
9980
9990
9986
9977
9986
9980
9984
9986
9993
9989
9991
9995
9992
9986
9982
10000
9992
10000
9989
9982
9977
9990
9973
9997
9987
9991
9984
9989
9982
9989
9985
9978
9986
9977
9986
9995
9979
9987
9979
9996
10000
9997
9989
9965
9986
9983
9989
9975
9991
9996
9984
9968
9984
9989
9976
9968
9977
9991
9987
9981
9993
9975
9997
9984
9987
9970
9994
9988
9998
9969
9992
9972
9992
9994
9974
9993
9989
9985
9973
9993
9992
9990
9977
9991
9991
9989
9993
9994
9989
9997
9967
9984
9982
9991
9977
9985
9992
9979
9973
9988
9992
9967
9981
9986
9970
9994
9981
9985
9987
9992
9973
9993
9991
9992
9991
9979
9978
9988
9994
9995
9982
9993
9994
9996
9983
9996
9992
9990
9962
9981
9982
9985
9996
9991
9956
9984
9979
9982
9996
9984
9986
9979
9986
9988
9982
9990
9988
9978
9990
9981
9981
9993
9968
9993
9980
9990
9980
9986
9981
9985
9977
9979
9994
9993
9993
9978
9968
9979
9995
9979
9979
9974
9966
9997
9947
9991
9999
9971
9978
9987
9981
9962
9981
9996
9985
9991
9989
9992
9980
9986
9994
9974
9987
9993
9977
9969
9994
9989
9956
9978
9975
10000
9992
9991
9982
9991
9988
9993
9998
9990
9997
9990
9992
9999
9999
9994
9993
9982
9985
9994
9985
9985
9986
9987
9986
9992
9987
9956
9981
9984
9991
9984
9975
9986
10000
9999
9976
9986
9981
9987
9991
9981
9988
9995
9976
9997
9978
9984
