9977
9996
9993
9979
10000
9995
9995
9984
9993
9976
9974
9989
9988
9985
10000
9999
9982
9990
9991
9981
9985
9986
9975
9987
9989
9992
9997
9971
9983
9995
9980
9992
9983
9981
9999
9985
9984
9991
9988
9987
9986
9991
9997
9965
9998
9981
9994
9989
9991
9991
9996
9992
9986
9997
9983
9992
9987
9996
9990
9952
9977
9987
9981
9986
9993
9992
9989
9989
9996
9990
9988
9985
9979
9992
9987
9984
9999
9987
9976
9965
9990
9992
9981
9974
9986
9995
9968
9984
9999
9990
9971
9970
9991
9983
9976
9969
9980
9989
9989
9986
9995
9997
9998
9972
9985
9984
9988
9977
9998
9991
9994
9996
9992
9981
9978
9991
9976
9996
9980
9981
9968
9997
9992
9993
9983
9991
9987
9999
9997
9995
9982
9986
9987
9985
9994
9970
9979
9984
9956
9955
9969
9994
9991
9986
9991
9990
9990
9977
9979
9996
9987
9991
9983
9973
9981
9992
9972
9986
9994
9999
9977
9997
9999
9990
10000
9996
9991
10000
9993
9992
9980
9989
9989
9988
9998
9973
9983
9991
9983
9991
9991
9998
9984
9990
9974
9978
9988
9957
9983
9981
9989
9981
9981
9998
9979
9991
9976
9983
9994
10000
9983
9964
9980
9993
9985
9984
9968
9982
9996
9999
9984
9984
9993
9968
10000
9992
9999
9983
9996
9974
9986
9993
9994
9996
9986
9994
10000
9991
10000
9988
9988
9988
9972
9954
9968
9968
9969
9991
9973
9984
9986
9967
9993
9988
10000
9975
9988
9979
9989
9999
9968
9979
9986
9982
9996
9994
9995
10000
9981
9979
9978
9989
9987
9980
9995
9988
9996
9999
9995
9987
9979
9981
9986
9998
9993
9996
9995
9978
9995
9999
9986
9999
9997
9990
9977
9982
9994
9982
9988
9991
9984
9972
9995
9982
9976
9985
9992
9998
10000
9984
10000
10000
9994
10000
9996
10000
9985
9987
9976
9965
9992
9970
9995
9976
10000
9998
9999
9969
9978
9989
9977
9996
9994
9972
9999
9981
9983
9993
9982
9992
9961
9989
9993
9999
9999
9994
9967
9991
9992
9999
9982
10000
9986
9993
9994
9970
9981
9984
9983
9980
9992
9975
9972
9980
9997
9990
9979
9980
9992
9971
9980
9999
9980
9964
9977
9998
9991
9984
9991
9997
9986
9996
9993
9989
9989
9984
9996
9978
9980
9987
9988
9994
9999
9989
9999
9974
9999
9991
9989
9991
9971
9994
9986
9995
9994
9980
9993
9996
9974
9969
9992
9941
9995
9991
9984
9988
9983
9991
9991
9974
9981
9992
9978
9985
9965
9998
9988
9981
9986
9972
9985
9983
9970
9987
9994
9981
9988
9991
9988
9984
9977
9995
9987
9983
9976
9985
9990
9985
9977
9993
9998
9990
9992
9995
9980
9982
9982
9982
9982
9983
9968
9977
9997
9974
9986
9978
9983
9980
9988
9998
9960
9980
9995
9994
9998
10000
9987
9997
9983
9982
9974
9996
9974
9994
9972
9991
9999
9943
9986
9989
9988
9992
9985
9995
9997
9991
9987
9984
9975
9988
9992
9978
9990
9990
9998
9979
9960
9997
9981
9976
9982
9996
9990
9993
9995
9987
9970
9973
9972
9995
9980
9986
9988
9988
9982
9982
9979
9964
9996
9983
9990
9996
9994
9981
9958
9980
9978
9988
9973
9995
9994
9990
9991
9983
9995
9990
9985
9969
9975
9999
9998
9997
9989
9982
9994
9993
9960
9993
9983
9994
9989
9993
9991
10000
9998
9981
9988
9997
9994
9984
9999
9986
9981
9995
9982
9982
9987
9995
9986
9992
9987
9993
9972
9988
9974
9998
9990
9995
9979
9995
9981
9992
9982
9992
9998
9996
9998
9974
9999
9984
9994
9997
9996
9979
9983
9977
9988
9983
9976
9982
9984
9980
9987
9978
9987
9996
9985
9999
9970
9990
9990
9998
9983
9984
10000
9982
9974
9979
9983
9995
9987
9997
9978
9999
9989
9998
9989
9978
9987
9985
9985
9972
10000
9985
9987
9994
9975
10000
9986
9968
9992
9987
9979
9949
9994
9990
9991
9989
9985
9999
9999
9971
9993
9956
9999
9991
9997
9974
9987
9986
9982
9988
9993
9970
9990
9978
9968
9964
9998
9982
9989
9996
9991
9968
9998
9976
9990
9986
9978
9998
9980
9985
9984
9986
9970
9973
9963
9976
9967
9998
9992
9992
9989
9992
9997
9990
9990
9975
9985
9979
9989
9990
9987
9995
9991
9994
9982
9987
9997
9962
9989
9982
9992
9972
9980
9990
9998
10000
9990
9975
9991
9993
9995
9999
9981
9977
10000
9942
9978
9994
9997
9987
9997
9979
9976
9987
9983
9978
9998
9985
9992
9991
9977
9979
9991
9992
9971
9992
9979
9994
9989
9989
9998
9984
9971
9998
9992
9984
9999
9998
9982
9989
9995
9982
9994
9990
9996
9974
9997
9980
9978
9995
9999
9994
9975
9993
9996
9993
9995
9990
9977
9981
9983
9995
9987
9981
9990
9986
9999
9991
9988
9983
9989
9996
9996
10000
9992
9980
9982
9982
9980
9992
9987
9982
9992
9976
9986
9989
9983
9976
9997
9984
9985
9994
9965
9991
9993
9987
9991
10000
9978
9969
9963
9970
9987
9977
9998
9997
9993
9991
9981
9997
9987
9991
9985
9996
9982
9988
9998
9990
9994
9982
9980
9992
9980
9988
9994
9985
9996
9996
9972
9989
9989
9973
9979
9999
9989
9986
9996
9998
9996
9988
9989
9994
9976
9978
9991
9995
9997
9991
9995
9982
9981
9991
9976
9992
9988
9980
10000
9979
9990
9984
9972
9990
9982
9995
9987
9967
9960
9986
9990
9993
9984
9998
9987
9963
9994
9989
9991
9981
9996
10000
9983
9994
9991
9993
9974
9996
9979
9977
9959
9983
9998
10000
9998
9987
9984
9971
9987
9997
9970
9987
9989
10000
9996
9986
9970
9974
9966
9977
9981
9987
9991
9985
9998
9981
9995
9997
9983
9985
9986
9980
9987
9982
9974
9998
9984
9980
9980
9997
9998
9984
9985
9974
9974
9988
9985
9993
10000
9998
9983
9986
9991
9993
9989
9983
9977
9998
9977
9968
9993
9984
9984
9976
9990
9989
9990
9990
9998
9969
9978
9974
9989
9993
9983
9999
9990
9984
9979
9993
9987
9987
9987
9968
9990
9992
9989
10000
9994
9981
