9985
9982
9992
9993
9990
10000
10000
9999
9994
9990
9998
9999
9989
9990
9999
9991
9992
9985
9995
10000
9985
9985
9986
9998
9991
9991
10000
9984
9999
9995
9991
9995
9996
9994
9994
9990
10000
10000
9998
10000
9999
10000
9977
9994
9997
9993
9993
9996
9997
9973
9991
10000
9989
10000
9995
9999
9982
9989
10000
9981
9996
9994
9996
9996
9983
10000
9978
10000
10000
9984
10000
9984
9987
9997
9998
9999
9977
10000
9994
10000
10000
9988
9981
9997
9999
9997
9983
9988
10000
9995
9983
9984
9988
10000
9977
10000
9974
10000
9998
9999
9984
9994
9987
9984
9975
10000
9990
10000
10000
10000
9997
10000
9999
9989
9993
9994
9988
9997
10000
9995
10000
10000
9994
9993
9993
10000
10000
10000
9978
9963
9999
9993
9967
9983
9961
9998
9999
9997
10000
9996
9987
9982
9994
10000
10000
9989
9995
9975
9991
10000
9992
9978
10000
9990
9995
9998
9996
9993
9997
9984
9987
9989
9987
9985
9992
9990
9992
9968
10000
9997
10000
9980
10000
9987
10000
10000
9996
9967
9996
9991
9991
9995
9985
9995
9999
9970
9992
10000
10000
9992
10000
9990
10000
10000
9993
9995
9999
9999
9999
9991
9997
9987
10000
10000
9996
10000
9987
9990
9998
9990
9991
9995
9984
9995
10000
9985
9990
10000
10000
10000
9998
9984
9997
9988
9994
9994
10000
10000
9985
9989
10000
9999
9998
9998
9996
9992
9987
9995
9996
9991
9997
9986
10000
9983
9998
9997
9982
9998
9984
9989
9999
10000
9999
9969
9999
9988
10000
9995
9986
9991
9998
9990
10000
9999
9998
9982
9989
9996
9986
9997
9985
9985
9996
9978
9999
9999
9985
9994
10000
9999
9999
9999
9982
9981
9996
10000
9990
9988
9987
9990
10000
9997
10000
9991
9973
9992
10000
10000
9979
9988
9999
9997
9994
9989
9997
9999
9996
9982
9986
10000
9978
9998
9990
10000
9992
10000
9982
9985
9984
9998
9978
9991
9995
10000
10000
9983
9999
9990
9998
10000
10000
9995
10000
9993
9998
9991
10000
10000
9975
10000
9999
9979
9981
9996
9995
9994
9992
9999
9997
10000
10000
9993
10000
9987
10000
9994
9985
10000
9990
10000
9992
9993
9992
10000
9954
9996
10000
9996
10000
10000
9985
9993
10000
9994
9997
9998
9987
9984
9995
9995
10000
9984
9997
9999
9993
9987
9999
9997
9974
9991
9996
9998
10000
9975
9986
9995
9991
9999
10000
9991
9994
10000
10000
10000
10000
9997
9978
9978
9997
9998
9998
9998
9993
9998
9981
9950
9993
9989
10000
9993
9986
9991
10000
10000
9978
10000
9993
9992
10000
10000
9988
9990
10000
9993
10000
9972
10000
10000
9997
9985
10000
9999
9994
9987
9998
9997
9995
9985
9985
9999
9990
10000
10000
10000
9995
10000
9984
9989
9993
9981
9988
9983
10000
9993
9988
10000
9985
10000
9973
10000
9996
9999
9995
9982
9999
9995
10000
9999
9992
9993
9995
10000
9999
9986
10000
9995
9992
9999
9997
9999
10000
10000
9993
9998
9984
9982
9988
9999
9994
9994
10000
9999
9977
9997
9998
9977
9999
9999
9985
9997
9997
9994
9999
9987
9997
9986
9997
9989
9994
9999
9999
9993
9992
9979
9988
9984
9990
9991
9992
9989
9996
9998
9993
10000
9994
10000
9998
10000
9999
10000
9990
9987
10000
9999
9989
9999
9998
9999
9993
9997
9999
10000
10000
9973
9989
9985
9980
9992
9997
9998
9990
9996
9985
9990
9990
9987
9999
9998
9997
9989
9998
9997
10000
9997
10000
9994
10000
10000
9981
9995
10000
9997
9985
10000
9998
9998
9983
9983
9972
9993
9993
9998
9991
9998
9982
9990
10000
9998
9999
9996
9992
9986
9998
9999
10000
9993
9999
9990
9996
9974
9996
9998
9999
10000
9998
9983
9988
9988
9997
9984
9979
10000
9992
9995
10000
9999
9998
10000
10000
10000
9995
9991
9984
9993
9982
10000
9996
9998
9990
10000
9990
9997
10000
9990
9999
10000
9996
9990
9995
9975
9999
9988
9994
9983
9991
10000
10000
10000
9986
10000
9985
10000
10000
9987
9998
9998
9993
9979
9995
10000
9997
9985
9988
9982
10000
9985
10000
10000
9998
10000
10000
9982
9987
9978
9977
10000
9984
9981
9994
10000
9995
10000
9971
9997
9990
9994
10000
9999
9983
9981
10000
9985
9997
9999
9990
9995
9998
10000
9996
9993
9989
9997
9998
9997
9999
9990
10000
9998
9997
9998
9992
9988
10000
9995
9998
9988
9995
9996
10000
9987
9999
10000
10000
10000
10000
9999
10000
9965
10000
10000
9973
10000
9993
9998
9980
9999
9997
9997
10000
9972
10000
9991
9985
9991
10000
9991
9991
9988
9988
9993
9999
9988
9999
9990
9991
9986
9989
9999
9979
9957
9987
9999
10000
9985
9997
9999
9998
10000
9978
9995
9994
9995
9996
9973
9996
10000
9985
9985
10000
9989
9999
9991
9997
10000
9999
9992
9993
9994
9978
9989
9997
9983
9992
10000
9999
9992
9981
9983
9997
9979
9983
10000
10000
9999
9984
9999
9996
9999
9974
9999
10000
9983
10000
9999
9987
9983
10000
9991
10000
9994
10000
9991
10000
9999
9997
9973
9966
9987
9988
9999
9995
9984
9990
9993
9989
9993
9981
9992
10000
9999
9994
9994
9994
9996
9991
9993
9999
9997
9997
9999
10000
9998
10000
9984
9991
10000
9999
9991
10000
9989
10000
9999
9993
9986
9990
9994
9998
9990
9997
9996
9986
9991
9997
9988
9997
9999
9986
9995
9986
9984
9994
10000
9990
9997
9980
10000
9997
10000
9987
9977
9994
9998
9997
9989
10000
9994
10000
9989
9992
9985
9988
9991
9997
9991
9992
9997
10000
10000
9996
9993
9990
9996
9998
9997
9995
9986
9985
9999
9992
10000
9989
9999
9996
9997
10000
9988
9999
10000
9999
10000
9999
9994
9998
9998
9992
9998
9980
10000
10000
9994
9990
10000
9998
9999
9994
9985
9985
10000
9995
9983
9998
10000
9982
9998
9997
9989
9989
9977
10000
9987
10000
9983
9988
9988
9999
10000
9993
9996
9993
9999
9998
10000
9972
9992
9998
9983
9999
9988
9984
9998
9999
9999
9995
9996
9998
9984
9999
9992
10000
9997
