9849
10000
9480
10000
9581
9976
9487
8841
9961
10000
10000
10000
9094
10000
9217
9757
9587
9967
9834
10000
10000
10000
10000
10000
10000
9678
9316
9525
9588
9890
9847
9470
10000
9091
10000
10000
9786
10000
10000
9929
10000
9325
9941
10000
9996
10000
10000
9302
9524
9698
8643
9877
9733
10000
10000
10000
9617
9172
9434
9297
10000
9134
9956
9349
9989
9066
8655
10000
9666
9617
9813
9782
9784
9618
10000
10000
10000
10000
8869
10000
10000
10000
9748
10000
10000
10000
10000
10000
9952
9679
9771
9689
9925
9723
9923
9876
9024
9782
9846
9656
10000
10000
9194
10000
9859
9447
9639
9719
10000
9942
9988
8953
9304
10000
10000
9839
10000
9429
9798
10000
9821
9562
10000
9204
9402
9864
10000
9119
10000
10000
10000
9951
9971
9708
10000
10000
8877
9409
9999
9593
9925
9470
10000
9364
10000
9654
9922
10000
9732
10000
9642
9667
9415
10000
10000
9945
9557
8884
9962
10000
9968
9753
9075
9234
9922
9925
10000
10000
10000
10000
9794
9058
9925
9661
9956
9721
9864
9468
9781
9757
9685
10000
10000
10000
10000
9627
9574
9485
9572
9721
10000
9909
9256
9821
9163
9923
8880
9649
9435
9996
9919
9250
9515
9263
9899
10000
9061
10000
10000
9745
9812
9689
9708
9922
9550
10000
9695
8960
9424
9995
9913
9598
10000
9855
9925
10000
10000
9683
9757
9389
9525
9827
9152
10000
10000
10000
10000
10000
9582
9583
10000
9570
9527
10000
9568
10000
8784
9985
10000
10000
9791
9612
9341
9935
9506
8897
10000
10000
9291
10000
9489
10000
10000
10000
9334
9616
9485
10000
9747
10000
10000
9650
10000
8896
9625
10000
9530
10000
9719
9273
10000
10000
9835
8904
9361
8881
9990
9981
10000
10000
10000
10000
9394
9835
10000
10000
9978
9376
9981
10000
9965
9352
10000
9861
9863
10000
10000
10000
9723
9984
10000
9722
9974
9881
9799
10000
9241
10000
10000
9604
9982
9912
10000
9006
9946
9900
10000
10000
9921
9991
8893
9112
9730
9705
9722
8829
10000
9988
9298
9856
10000
9799
9957
9838
10000
9730
9993
9876
10000
9199
9708
9967
9774
9110
9100
9380
9920
10000
9990
9311
9989
9858
8775
9625
9356
9507
9808
9783
10000
10000
9540
10000
9527
9981
10000
10000
9688
9515
8947
9961
9442
10000
9927
8499
9317
9783
10000
10000
10000
9991
10000
10000
9590
9714
9986
9476
9795
9870
9843
9239
9980
9251
10000
9564
9955
8979
9227
9337
10000
9658
10000
9844
9593
10000
9380
9904
9823
9971
8568
10000
10000
9721
9783
10000
10000
9162
9495
10000
9030
9424
9646
10000
9662
9192
9373
9719
9867
9727
9859
9979
9506
10000
10000
10000
9289
9798
10000
10000
10000
10000
9958
9585
10000
9788
9192
9747
9853
9909
9992
10000
9479
9746
10000
9872
9580
9994
9950
10000
9501
9517
9766
9341
9173
9545
9707
9986
9669
9331
10000
9310
10000
10000
9960
9808
9440
9822
9900
10000
9201
9906
9291
10000
9983
9964
9381
10000
10000
9523
9806
8967
9525
9983
9885
9647
9877
10000
9978
9780
9459
9833
9986
10000
9552
9761
10000
9995
9983
9320
10000
9913
9391
9997
9510
9919
9804
9423
9795
10000
10000
9843
9907
10000
9987
9426
9783
10000
9878
9984
10000
10000
10000
10000
9954
9803
9919
9599
10000
9368
9903
9688
9986
9958
9971
9962
10000
9905
10000
10000
10000
9810
9665
9964
9387
9969
10000
9785
9570
9240
9964
9645
10000
8285
10000
9713
10000
9649
9882
10000
9778
9389
9104
10000
9674
10000
9462
9856
9714
9752
9981
9980
9856
10000
9558
9383
9978
9625
10000
9041
9723
8694
9539
9950
9403
9532
9519
9792
10000
9730
9466
9648
9703
9874
10000
10000
9981
10000
10000
8777
9868
9947
10000
9665
9950
9292
9106
9860
9858
9868
9576
10000
10000
9930
9956
9990
9628
9850
9858
8671
10000
9295
10000
9827
9717
9149
9810
9823
9089
9898
9753
9975
10000
10000
9964
10000
10000
9762
9910
9793
9460
9503
9726
10000
10000
9684
9123
10000
9086
8487
9905
9377
10000
9840
9798
10000
9528
9350
9884
9983
9944
9204
9837
9977
9635
10000
9469
9877
9427
8957
9696
9879
9617
10000
10000
9902
9691
9304
9099
9155
9944
10000
9913
10000
10000
9623
10000
10000
9607
9062
9386
9462
9999
10000
9489
9824
9830
10000
10000
10000
10000
10000
9461
10000
9480
9861
10000
9541
10000
9823
9897
10000
9371
10000
9583
9676
8768
9524
9625
9784
10000
9778
9163
9826
9946
10000
9918
10000
9750
9587
9950
9115
9894
10000
9961
9530
9966
10000
10000
10000
9999
9785
9673
9497
9665
10000
10000
8899
10000
9945
10000
10000
10000
9820
8968
9203
10000
9686
10000
9719
10000
9905
9776
9926
9527
9181
9529
9981
9698
10000
8919
9190
9478
9403
9983
10000
10000
9787
9044
9853
9876
10000
10000
10000
9488
8880
10000
9562
9811
10000
10000
10000
10000
9643
9950
9869
9940
10000
10000
9128
9840
10000
8813
9826
9452
9729
10000
10000
9941
8969
10000
9818
9364
10000
9775
10000
9020
9877
10000
9530
10000
9977
9765
9008
9937
9856
9238
10000
10000
9931
9656
10000
9871
10000
9242
9713
10000
9261
9627
9838
10000
9990
10000
9981
9954
10000
10000
9449
10000
9903
10000
9968
9012
10000
10000
9853
10000
9351
10000
10000
9621
9822
10000
9865
9731
10000
10000
10000
9342
9151
9136
10000
10000
10000
9504
9985
10000
10000
10000
10000
10000
9473
10000
10000
10000
9973
9977
8578
10000
9964
9661
9385
10000
10000
9421
9199
9858
9992
10000
9846
10000
10000
10000
9935
10000
9841
10000
10000
9976
9598
9581
10000
9301
9897
9109
9908
10000
9481
9812
10000
9456
8887
8932
9955
9714
9995
9684
9552
9839
9781
10000
10000
9870
9732
9535
10000
10000
10000
9100
9855
10000
9557
9650
10000
10000
10000
9484
9563
9505
9709
9799
10000
10000
8916
9925
9960
9222
10000
10000
9926
8865
10000
9697
9350
9846
10000
9957
9373
9809
9876
9443
9942
9842
9843
9657
9974
9938
9820
9618
9786
9937
9984
