9993
9950
9980
9976
9987
9989
9986
9991
9991
9986
9980
9983
9986
9984
9988
9991
9983
9991
9968
9994
9984
9977
9986
9974
9995
9960
9977
9993
9996
9993
9982
9980
9987
9961
9957
9980
9986
9991
9976
9963
9979
9981
9988
9980
9970
9996
9985
9987
9986
9983
9989
9975
9985
9982
9988
9975
9982
9988
9984
9993
9988
9986
9990
9986
9988
9995
9971
9977
9959
9977
9985
9984
9994
9948
9985
9980
9993
9983
9986
9972
9976
9993
9980
9981
9985
9970
9989
9991
9988
9984
9963
9991
9990
9991
9976
9983
9978
9991
9991
9982
9979
9971
9993
9989
9991
9997
9994
9985
9989
9985
9991
9986
9957
9981
9991
9991
9990
9975
9983
9982
9979
9984
9984
9989
9961
9995
9978
9984
9976
9997
9986
9977
9988
9951
9982
9990
9990
9997
9993
9976
9991
9983
9999
9986
9990
9994
9985
9973
9972
9992
9996
9987
9965
9985
9988
9986
9980
9994
9995
9978
9992
9991
9990
9990
9992
9991
9988
9983
9988
9965
9992
9982
9989
9974
9979
9990
9997
9992
9983
9988
9990
9984
9984
9992
9992
9993
9996
9981
9987
9985
9965
9977
9976
9993
9994
9986
9985
9970
9985
9980
9965
9994
9989
9984
9995
9995
9983
9989
9975
9981
9982
9991
9984
9985
9956
9991
9977
9970
9989
9993
9986
9988
9986
9994
9985
9984
9992
9995
9993
9980
9982
9979
9987
9984
9981
9996
9965
9991
9984
9992
9987
9990
9989
9999
9953
9995
9989
9980
9942
9990
9997
9985
9993
9983
9995
9976
9990
9995
9980
9984
9965
9990
9994
9983
9974
9979
9985
9993
9986
9991
9982
9984
9988
9989
9983
9992
9980
9974
9987
9987
9988
9984
9974
9989
9974
9971
9969
9992
9993
9997
9979
9991
9989
9991
9977
9982
9987
9985
9984
9984
9982
9976
9986
9990
9988
9989
9977
9986
9962
9975
9973
9983
9966
9970
9962
9988
9982
9990
9998
9981
9993
9979
9991
9977
9994
9982
9990
9966
9972
9962
9996
9988
9990
9964
9971
9995
9980
9984
9980
9992
9976
9990
9995
9988
9989
9984
9984
9984
9996
9980
9986
9981
9999
9987
9979
9988
9994
9966
9983
9994
9988
9977
9991
9984
9983
9984
9984
9973
9967
9993
9983
9989
9989
9984
9984
9992
9986
9995
9970
9992
9980
9985
9976
9985
9995
9988
9984
9981
9986
9977
9975
9991
9991
9992
9990
9993
9991
9985
9968
9973
9989
9981
9989
9978
9964
9982
9970
9987
9980
9985
9995
9982
9973
9986
9994
9992
9990
9993
9991
9977
9996
9997
9986
9988
9991
9952
9993
9990
9990
9990
9982
9976
9992
9985
9983
9989
9977
9982
9990
9971
9986
9991
9985
9987
9990
9993
9989
9983
9985
9977
9984
9981
9981
9985
9988
9974
9989
9982
9999
9972
9994
9999
9962
9967
9988
9975
9976
9991
9969
9993
9989
9993
9974
9994
9964
9983
9977
9996
9987
9962
9996
9983
9984
9984
9988
9985
9996
9993
9967
9983
9984
9973
9976
9981
9992
9982
9990
9984
9974
9985
9982
9988
9981
9992
9983
9988
9990
9981
9984
9990
9977
9990
9984
9991
9986
9995
9991
9991
9991
9997
9965
9955
9980
9998
9986
9993
9982
9980
9984
9985
9983
9965
9990
9978
9979
9977
9973
9979
9986
9994
9993
10000
9995
9993
9989
9979
9977
9984
9977
9995
9972
9985
9991
9994
9967
9985
9989
9963
9989
9976
9984
9994
9995
9978
9987
9997
9980
9999
9987
9979
9992
9986
10000
9989
9967
9992
9989
9984
9990
9996
9984
9999
9987
9984
9959
9982
9983
9980
9972
9980
9980
9989
9977
9999
9987
9993
9991
9987
9994
9968
9991
9983
9990
9995
9991
9995
9981
9967
9992
9996
9988
9995
9973
9992
9989
9981
9984
9983
9994
9979
9990
9993
9981
9985
9971
9987
9969
9964
9990
9990
9989
9976
9989
9986
9995
9988
9983
9988
9996
9981
9980
9991
9991
9982
9987
9987
9999
9993
9966
9978
9984
9998
9989
9996
9986
9988
9971
9998
9979
9992
9984
9973
9989
9982
9975
9968
9993
9980
9961
9983
9988
9977
9972
9989
9987
9989
9978
9968
9990
9987
9979
9990
9988
9975
9991
9988
9986
9987
9995
9993
9979
9990
9974
9991
9979
9992
9967
9974
9996
9998
9983
9980
9984
9993
9992
9960
9979
9977
9987
9986
9975
9989
9993
9993
9978
9982
9968
9982
9997
9992
9986
9978
9979
9985
9990
9996
9979
9986
9985
9983
9984
9991
9972
9985
9998
9992
9969
9984
9993
9979
9975
9990
9987
9987
9994
9991
9990
9987
9994
9979
9975
9999
9997
9991
9962
9991
9982
9983
9988
9985
9982
9984
9992
9986
9982
9979
9996
9972
9996
9971
9989
9972
9988
9990
9984
9988
9983
9975
9987
9981
9988
9975
9988
9976
9973
9994
9985
9991
9994
9983
9981
9995
9972
9986
9985
9996
9985
9987
9983
9978
9989
9988
9994
9975
9978
9981
9981
9990
9978
9989
9977
9983
9976
9985
9982
9985
9997
9984
9984
9987
9989
9971
9984
9989
9988
9989
9989
9990
9986
9983
9986
9945
9966
9989
9981
9980
9989
9982
9993
9980
9984
9988
9958
9998
9983
9983
9967
9991
9992
9985
9983
9991
9986
9969
9988
9978
9993
9998
9978
9987
9987
9988
9983
9996
9977
9980
9991
9980
9986
9982
9998
9973
9991
9973
9982
9984
9986
9996
9987
9993
9977
9980
9982
9991
9970
9977
9988
9983
9997
9980
9984
9975
9966
9972
9980
9995
9978
9974
9984
9985
9988
9976
9986
9986
9997
9987
9981
9974
9992
9989
9991
9997
9990
9991
9994
9990
9974
9987
9985
9991
9991
9990
9996
9987
9988
9989
9993
9977
9991
9976
9988
9969
9978
9995
9974
9988
9965
9982
9985
9996
9966
9994
9983
9977
9977
9992
9971
9984
9982
9978
9979
9964
10000
9970
9987
9976
9988
9990
9988
9984
9959
9972
9991
9976
9992
9967
9969
9990
9978
9993
9989
9986
9987
9993
9979
9977
9990
9986
9994
9985
9989
9990
9992
9995
9994
9983
9984
9985
9991
9995
9991
9978
9984
9985
9994
9970
9982
9979
9984
9993
