9976
9987
9967
10000
9986
9998
9968
9981
9987
9998
10000
9992
10000
9985
10000
9989
9996
9984
9988
9981
9989
10000
9999
9990
9998
9998
9987
9988
9985
9989
9996
9978
9981
9997
9990
9980
9978
9978
9991
10000
9993
10000
9994
9982
10000
9999
9969
9965
9976
10000
9974
9993
9992
10000
9999
9986
9990
9984
9981
9995
9984
9987
9985
9999
10000
9995
9982
9972
9977
9993
9988
9998
9999
9989
9983
9992
9990
9987
9991
9988
9984
9989
9979
10000
9989
9980
10000
10000
9979
9981
9992
9986
10000
9992
9993
9994
9986
10000
10000
9985
10000
9977
9987
9976
9987
9984
9997
9977
9994
9986
9967
9976
9979
9990
9993
9981
9996
9992
9989
9999
9987
9996
9998
9956
9988
9990
10000
10000
10000
10000
10000
9984
9987
9975
9992
10000
9976
9990
9991
9992
9993
10000
9971
10000
9982
9980
9986
9990
9990
10000
9989
9974
9988
9988
9992
9993
9990
9975
9999
9995
9987
10000
9984
9982
9993
9983
9993
9992
10000
9985
9982
9984
9988
10000
9938
10000
9963
9989
9991
9982
10000
9999
9975
10000
10000
9992
10000
9990
9976
9999
10000
9970
10000
9993
9992
9955
9986
9993
10000
9994
9965
9999
9990
9990
10000
10000
9992
9982
9993
9990
9983
9993
9995
10000
9978
10000
9998
9977
10000
9992
9991
9979
9989
9988
9963
9992
9967
9990
9967
9998
9993
10000
9989
9993
9989
10000
9990
9992
9984
9997
9984
9985
9980
10000
9993
9985
9993
9999
9982
9986
9990
9980
9995
9999
9986
9947
9984
9993
9999
10000
9978
9996
9973
9988
10000
9993
9978
9984
9993
9988
9998
9987
9989
9964
9986
9985
9978
10000
9988
9969
9969
10000
9997
9999
9977
9983
10000
9987
9990
9991
9994
10000
9986
9980
9973
9993
9985
9984
9988
9990
9998
10000
9992
10000
9997
9983
9984
9983
9981
9992
10000
9992
10000
10000
9999
9993
9975
10000
9979
9981
9992
9998
9976
9979
10000
9976
10000
9999
9989
10000
9990
9974
9995
9991
10000
9980
9992
9985
9995
9984
9990
9978
9983
9982
9999
9985
9980
9985
9989
9983
9983
10000
9995
9983
9999
9988
9977
10000
10000
9983
9973
9995
9994
9989
10000
9984
9971
9969
9977
9985
10000
10000
10000
9974
9997
9990
9988
9982
9979
10000
9992
9979
10000
9993
10000
9990
10000
9986
9985
9980
10000
9992
9984
9981
9992
9995
9983
9984
9975
9962
9983
9998
9984
9989
10000
9989
9981
9985
9985
9967
9985
9993
10000
9989
9998
9992
9978
9972
9983
9992
9989
9990
9999
9995
9994
9997
9995
9982
10000
9997
10000
9993
9997
9989
9985
9992
10000
9972
9986
10000
9977
9978
9975
9969
9960
9998
9984
10000
10000
9962
9998
9972
9985
9983
9985
10000
9993
9964
9989
9969
9983
9998
9989
9987
9985
9972
9977
9963
10000
9999
9991
9988
9991
9984
9999
9979
10000
9991
9992
9984
10000
9989
9986
10000
9980
10000
9960
9990
9984
9992
9984
9992
9987
10000
9975
9993
9994
9980
9982
9998
9992
9980
10000
9980
9987
9989
9974
10000
10000
10000
9982
10000
9984
9994
9996
9985
9989
9964
9992
9982
10000
9957
9999
9971
9968
9992
9983
10000
10000
9967
9987
9980
10000
9987
9990
9999
9995
9980
9964
9990
9997
9986
9997
9996
9998
9980
9979
9965
9995
10000
9982
9979
9980
9976
9976
10000
10000
9970
10000
9979
9983
9993
9993
9991
9998
9979
9993
9999
9987
9995
9996
9988
9984
9990
10000
9994
9999
9969
9986
9972
9998
10000
9997
10000
9998
9982
9988
9982
9993
9987
9986
9999
9987
9989
9988
9992
9993
9986
9989
9969
9980
9999
9975
10000
9996
10000
10000
9997
9986
9974
9984
9990
10000
10000
9998
9994
10000
9986
10000
9992
9977
9975
10000
9992
9985
9985
10000
9962
9972
9975
9986
9989
9991
10000
9980
10000
9979
10000
9981
9993
9982
9989
9990
9989
9980
9990
10000
9986
10000
9985
9997
9966
9944
10000
9978
10000
10000
9980
9993
9985
9990
9986
9989
9990
9987
9979
10000
9993
10000
9967
9971
9981
9986
9985
9989
9998
9974
9993
9988
9982
10000
9995
9971
9973
9996
9968
9976
9970
9976
10000
9998
9991
9996
9993
9988
9966
10000
10000
10000
9989
9987
9973
10000
9991
9990
9990
9992
9984
10000
9982
9987
10000
9984
9978
9980
10000
9979
9990
10000
9983
9976
9985
9982
9987
9990
9992
10000
9988
9973
9982
9992
9982
9974
10000
9973
9979
9998
9974
9992
9996
9990
10000
10000
9989
9979
9979
10000
9998
10000
9992
9992
9990
9990
9989
9991
9986
9986
9995
9980
9992
9992
9998
9997
9990
9993
9987
9999
9984
9981
9994
9995
9988
9975
9982
9979
9996
9991
9984
9990
10000
9990
10000
9998
9987
9987
9990
9989
9998
9980
10000
9988
9988
9992
9969
9994
9992
10000
10000
9973
9999
9977
9992
9990
9977
9982
10000
9978
9999
9988
9994
9991
9990
10000
9987
9987
9992
9995
9984
10000
9994
9970
10000
9982
10000
9986
10000
9991
10000
9984
9994
10000
9980
9996
9987
9984
10000
9995
9987
9991
9983
9978
10000
9988
10000
9972
9997
9983
10000
9985
9996
9972
10000
9990
9983
9984
9987
10000
9976
9990
9993
9961
9979
9982
9988
9973
9981
9958
9981
9971
10000
9965
9964
9997
10000
9992
9991
10000
9983
10000
9998
9996
9995
9981
9978
9970
9987
10000
9986
9970
9989
9983
10000
10000
9989
9966
9981
9990
9991
9999
9998
10000
9970
9966
9986
9978
9997
9984
9972
9977
9985
9978
9991
9994
9982
9994
9993
9989
10000
9998
9983
10000
10000
9985
9992
9977
9983
9988
10000
10000
9978
9987
9983
9957
9984
9999
9979
10000
10000
9987
9990
9987
10000
9995
9989
9977
9988
9990
9995
9966
9954
9984
9970
10000
9980
9988
9954
9994
9977
9968
9998
9969
9997
9994
9992
9978
10000
9996
9984
9990
10000
9996
9986
10000
9984
9992
9984
10000
10000
10000
10000
9989
9992
9963
9995
9987
9981
9999
9992
10000
9989
9975
9996
9988
9986
9997
9973
9978
9972
9986
9991
