9999
9999
9999
9978
9998
9987
10000
10000
10000
9998
9995
9991
9985
9998
9994
9999
9995
9990
9966
9997
10000
9983
10000
10000
9988
10000
10000
9999
9978
10000
9980
9994
10000
9999
9996
10000
9999
9954
10000
10000
10000
9996
10000
9977
9994
9994
10000
9983
9977
10000
10000
9989
9987
10000
9998
9999
10000
10000
10000
9981
9979
9977
9995
10000
9987
10000
9990
9983
9996
9994
9995
10000
9995
10000
9997
10000
9998
10000
10000
9999
10000
9999
9982
9991
9986
10000
10000
10000
10000
9990
10000
9989
9971
10000
9994
10000
9966
10000
10000
9945
9998
10000
9986
9990
9998
10000
9998
9995
10000
9994
10000
9987
9988
9998
9999
10000
9991
10000
10000
9986
10000
9968
10000
9993
9989
10000
9980
9993
10000
9986
9989
9997
10000
10000
10000
9990
9998
9990
10000
9992
9993
9999
10000
9996
9997
9987
9973
9989
10000
9992
10000
9994
10000
9999
9995
10000
9988
9998
10000
9979
9993
9997
9999
10000
9989
9978
10000
9993
10000
9985
9990
9984
9981
9998
9997
10000
9995
10000
9995
9997
10000
10000
10000
10000
10000
9988
9984
10000
9994
9997
9999
9997
10000
10000
10000
9988
10000
9995
9989
10000
10000
9999
9993
9985
9982
9998
10000
9993
9998
10000
9999
10000
9999
9985
9998
9984
9993
9995
9996
10000
9994
10000
9999
10000
9988
10000
9993
9998
10000
10000
9996
10000
10000
10000
9985
9999
9999
9992
9981
10000
10000
10000
10000
9995
9991
10000
9998
9989
9978
9993
9998
9997
9999
9987
9983
10000
9990
10000
9980
9999
10000
9993
9999
10000
10000
10000
10000
10000
9997
9985
9994
10000
9998
9987
9977
10000
9982
9999
10000
9999
10000
9970
9987
9997
9999
9986
9986
10000
9997
9996
10000
9999
9977
9999
9983
10000
10000
10000
9983
10000
9999
10000
9998
9977
9974
10000
9985
10000
9952
9997
9987
9998
9974
10000
9994
9968
9995
9991
9988
9998
9995
9999
9991
9996
9999
9998
10000
9999
9999
9982
9999
9995
9984
9990
9995
10000
9987
10000
10000
9979
10000
9989
9994
9995
10000
10000
9998
9983
9998
9993
9972
9984
9980
9997
9980
10000
10000
10000
10000
10000
9999
9999
10000
10000
9981
10000
9997
10000
9987
9994
10000
10000
9942
9987
10000
9980
9993
9995
10000
9998
9997
9999
10000
9998
9995
9988
9998
10000
9999
9999
9996
10000
10000
9984
9997
10000
10000
9997
9992
9977
9999
10000
9986
9961
10000
9991
9998
10000
9981
9975
10000
10000
9991
10000
10000
10000
9999
9992
10000
9995
10000
9994
10000
10000
9999
9999
9974
9982
9986
9986
9991
9996
9992
10000
9983
9997
10000
10000
9997
10000
10000
9991
10000
9999
10000
10000
9981
10000
10000
10000
9993
10000
9993
9999
10000
9952
9967
10000
10000
9988
10000
10000
10000
10000
10000
9993
10000
9998
10000
10000
9999
10000
10000
10000
10000
10000
9999
9984
9990
10000
10000
9987
9983
9995
9994
9975
9991
9997
9987
9983
9994
9999
9977
10000
9995
9999
10000
9994
10000
9988
10000
10000
9984
10000
9972
10000
10000
9981
10000
9983
9998
9988
9986
9999
9967
9963
10000
9999
9990
9977
9973
10000
10000
9991
10000
9998
9990
10000
9982
9999
9991
9999
9998
9987
10000
9994
10000
10000
10000
9986
9993
10000
10000
9992
10000
10000
9981
10000
10000
9981
10000
9998
9999
9989
9992
10000
10000
9980
10000
9969
9998
10000
10000
9961
10000
10000
9999
9997
10000
9991
9998
9993
9999
9970
10000
10000
9992
10000
10000
10000
10000
9999
9988
9979
9996
9995
9998
10000
10000
10000
9999
10000
9999
9968
10000
10000
9998
9997
9995
10000
9999
9989
10000
10000
10000
10000
10000
10000
10000
9983
9996
9998
9991
9983
9971
10000
10000
10000
9987
10000
9999
9997
9975
10000
9995
9991
9999
10000
9976
10000
10000
9998
9996
9980
9982
9982
10000
10000
10000
9998
9995
10000
9988
9997
10000
10000
9990
9987
9976
9997
10000
9999
9993
10000
9992
9967
10000
9981
9985
9975
10000
9999
10000
10000
10000
9986
9996
9983
9997
9997
10000
9998
9994
10000
9985
9973
10000
10000
10000
9972
10000
9998
9985
10000
9995
9991
9983
9994
9995
10000
9985
9998
9996
9990
9996
9989
9982
10000
10000
9990
9996
10000
9999
10000
10000
9987
9999
9986
9990
9995
9994
9989
10000
9981
10000
9987
10000
9968
10000
9972
9997
9966
9986
10000
10000
9999
9992
9997
9997
9999
9974
9984
9986
10000
9991
9963
9999
9981
9979
10000
9992
9990
9992
9997
9959
9991
9985
10000
9990
10000
10000
9997
9999
9990
10000
9999
10000
9975
10000
9999
9984
10000
10000
9998
10000
9965
10000
9993
9983
9994
9988
9987
9983
9919
9985
10000
9994
9981
9999
10000
10000
10000
9996
10000
9994
10000
9989
9993
9990
10000
9999
10000
10000
10000
9999
9997
9985
8919
9988
9998
10000
9992
10000
9985
9979
10000
9995
9990
9995
9977
9980
10000
9988
9984
9991
10000
9985
9990
9999
9998
9994
9993
9982
10000
9980
10000
10000
9983
9998
10000
9996
10000
9997
9985
10000
10000
10000
10000
9999
9982
9982
10000
10000
9988
10000
10000
9996
10000
9989
9999
9988
9999
9981
10000
10000
9991
9988
9992
9982
10000
9997
9979
9990
9997
10000
9980
9998
9977
9983
9999
9974
9997
9994
9998
10000
9995
9996
10000
9998
9999
9993
10000
9991
9997
9994
9967
9999
9959
10000
9976
9998
9988
10000
9998
9984
9991
10000
10000
9999
10000
9999
9988
9998
9998
9968
9993
10000
9997
9985
10000
9967
9985
10000
10000
10000
9978
9994
9999
9969
9999
10000
9976
9999
9989
10000
9989
10000
9984
9998
9976
9994
9992
10000
10000
10000
9999
10000
9982
10000
9990
9966
9984
9972
9982
9989
9976
10000
9998
10000
9999
10000
9996
9985
10000
9978
9983
9993
9977
10000
10000
10000
9961
9984
9990
10000
9988
10000
10000
9996
9993
9992
10000
9980
9998
9983
9990
9998
10000
9991
9959
10000
9969
9990
9999
10000
9999
9989
10000
10000
9998
10000
10000
10000
9999
9994
10000
10000
9988
9999
9995
