9991
9990
9984
9990
9966
9969
9987
9991
9985
9978
9982
9973
9980
9960
9999
9996
9996
9985
9997
9989
9971
9970
9981
9981
9996
9985
9993
9981
9994
9979
9976
9974
9990
9985
9994
9977
9988
9988
9998
9989
9989
9986
9987
9988
9993
9983
9983
9992
9971
9989
9991
9972
9990
9996
9984
9981
9982
9974
9989
9981
9992
9982
9984
9995
9990
9985
9982
9996
9989
9977
9988
9978
9964
9982
9995
9989
9990
9988
9987
9995
9993
9986
9985
9984
9973
9994
9982
9966
9990
9983
9992
9985
9994
9971
9994
9991
9991
9978
9988
9974
9991
9980
9982
9990
9988
9981
9981
9980
9990
10000
9988
9979
9994
9990
9979
9986
9991
9994
9977
9999
9986
9971
9992
9990
9991
9992
9988
9987
9981
9984
9993
9983
9985
9985
9996
9978
9996
9972
9985
9993
9987
9958
9977
9986
9982
9984
9983
9975
9997
9985
9970
9989
9996
9988
9974
9992
9986
9990
9994
9991
9988
10000
9969
9974
9983
9989
9981
9989
9962
9985
9993
9991
9988
9989
9994
9978
9994
9989
9989
9983
9982
9966
9983
9985
9994
9992
9986
9984
9994
9982
9990
9988
9993
9977
9993
9995
9978
9976
9983
9981
9978
9968
9978
9982
9983
9979
9995
9959
9977
9990
9989
9993
9964
9981
9986
9974
9996
9987
9978
9973
9985
9995
9984
9992
9975
9993
9989
9983
9988
9979
9986
9978
9988
9988
9987
9959
9996
9989
9985
9986
9988
9994
9993
9962
9996
9979
9992
9989
9992
9969
9997
9993
9988
9986
9984
9994
9976
9980
9997
9997
9988
9981
9977
9989
9980
9987
9968
9994
9996
9992
9977
9995
9988
9981
9961
9976
9977
9984
9975
9983
9981
9988
9983
9986
9982
9987
9990
9981
9961
9976
9992
9988
9989
9995
9983
9990
9950
9989
9991
9983
9988
9996
9990
9993
9996
9972
9991
9972
9988
9984
9993
9998
9993
9992
9979
9995
9988
9983
9991
9986
9971
9969
9985
9981
9983
9974
9996
9993
9991
9982
9986
9957
9993
9951
9994
9985
9998
9985
9995
9978
9988
9981
9979
9978
9984
9975
9990
9988
9989
9960
9991
9988
9993
9973
9982
9984
9975
9991
9995
9982
9995
9987
9975
9998
9982
9986
9960
9976
9993
9973
9995
9975
9985
9968
9984
9993
9973
9967
9984
9980
9982
9982
9993
9970
9976
9990
9979
9991
9984
9985
9985
9983
9979
9996
9987
9991
9951
10000
9997
9979
9987
9991
9984
9986
9986
9990
9979
9989
9977
9986
9996
9976
9986
9991
9969
9987
9980
9989
9982
9995
9984
9980
9985
9994
9980
9987
9981
9983
9987
9969
9998
9983
9990
9948
9993
9997
9988
9982
9989
9984
9989
9975
9980
9982
9992
9969
9980
9990
9976
9986
9986
9965
9986
9993
9994
9989
9980
9972
9982
9993
9987
9995
9995
9982
9972
9979
9972
9973
9997
9975
9970
9994
9987
9989
9993
9969
9990
9990
9992
9990
9984
9988
9982
9988
9966
9989
9974
9964
9966
9974
9997
9999
9988
9980
9993
9998
9976
9994
9984
9984
9985
9982
9988
9952
9993
9990
9968
9987
9980
9984
9962
9982
9971
9970
9990
9984
9991
9993
9967
9982
9992
9992
9992
9979
9982
9982
9973
9987
9990
9996
9983
9991
9986
9983
9985
9983
9987
9988
9985
9999
9990
9989
9993
9991
9993
9985
9984
9979
9991
9980
9994
9985
9992
9977
9984
9986
9980
9993
9992
9979
9941
9979
9987
9990
9982
9984
9980
9974
9983
9996
9986
9987
9976
9981
9986
9996
9985
9991
9991
9990
9992
9987
9972
9987
9980
9994
9982
9989
9989
9995
9991
9997
9984
9991
9986
9992
9993
9996
9996
9984
9954
9988
9987
9987
9981
9988
9958
9998
9998
9985
9967
9954
9980
9995
9967
9979
9990
9989
9981
9994
9987
9985
9990
9997
9979
9979
9977
9945
9986
10000
9968
9980
9988
9984
9980
9989
9982
9999
9978
9987
9986
9994
9989
9986
9993
9986
9990
9988
9984
9980
9969
9995
9992
9965
9989
9997
9987
9977
9995
9978
9988
9991
9988
9984
9986
9994
9983
9988
9990
9990
9984
9994
9987
9987
9982
9979
9984
9980
9979
9975
9978
9984
9979
9972
9991
9978
9997
9959
9992
9973
9978
9997
9993
9998
9988
9991
9991
9975
9989
9969
9996
9981
9989
9975
9971
9967
9982
9982
9967
9988
9979
9994
9985
9991
9997
9985
9991
9982
9989
9987
9985
9993
9982
9995
9983
9982
9987
9975
9992
9987
9995
9985
9984
9983
9996
9983
9991
9982
9980
9982
9992
9966
9982
9995
9993
9979
9992
9994
9987
9993
10000
9994
9980
9981
9979
9987
9978
9986
9991
9976
9987
9980
9993
9965
9987
9980
9987
9987
9987
9975
9978
9988
9997
9978
9993
9995
9994
9994
9994
9969
9960
9988
9979
9959
9982
9993
9991
9976
9982
9981
9985
9978
9971
9994
9989
9987
9995
9982
9991
9984
9992
9986
9971
9992
9983
9976
9967
9995
9983
9977
9986
9977
9989
9982
9982
9988
9978
9989
9990
9974
10000
9985
9993
9991
9988
9998
9970
9972
9984
9972
9980
9981
9966
9997
9988
9992
9990
9996
9985
9991
9976
9993
9988
9962
9972
9973
9994
9990
9997
9990
9982
9990
9984
9980
9985
9989
9998
9992
9995
9998
9980
9994
10000
9989
9985
9979
9976
9987
9984
9989
9975
9987
9985
9989
9983
9967
9962
9986
9995
9993
9988
9985
9969
9985
9982
9986
9975
9982
9982
9982
9995
9986
9987
9987
9971
9993
9983
9992
9982
9975
9991
9980
9986
9982
9985
9977
9992
9991
9990
9974
9984
9985
9971
9988
9992
9992
9982
9997
9979
9974
9984
9992
9965
9992
9979
9991
9987
9984
9983
9987
9993
9980
9993
9989
9989
9992
9985
9983
9982
9990
9984
9965
9967
9990
9986
9997
9989
9988
9993
9988
9988
9988
9969
9968
9973
9992
9997
9990
9984
9982
9976
9979
9991
9985
9990
9985
9996
9995
9991
9986
9992
9994
9997
9986
9997
9980
9976
9981
9978
9990
9980
9984
9980
9986
9984
9973
9988
9984
9988
9979
10000
9964
9970
9977
9986
9985
9995
9993
9963
9989
