9975
9979
9993
9994
9987
9983
9999
9981
9982
9980
9984
9991
9982
9991
9989
9986
9990
9997
9970
9967
9970
9993
9981
9995
9969
9974
9976
9993
9956
9982
9974
9984
9994
9995
9981
10000
9995
9957
9986
9992
9976
9988
9988
9983
9992
9995
9994
9988
9996
9986
9985
9990
9988
9989
9993
9997
9984
9977
9978
9992
9981
9963
9999
9999
9991
9988
9987
9998
9957
9988
9982
9989
9978
9988
9995
9982
9983
9980
9971
9990
9996
9984
9988
9981
9997
9984
9980
9967
9969
9972
9997
9973
9998
9983
9989
9984
9982
9974
9986
9989
9983
9982
9981
9987
9997
9982
9994
9992
9996
9984
9978
9980
9993
9985
9964
9985
9984
9984
9975
9990
9980
9986
9986
9986
9981
9984
9997
9966
9985
9984
9982
9988
9992
9992
9996
9999
9986
9995
9979
9991
9996
9986
9997
9998
9970
9984
9957
9989
9984
9993
9995
9979
9984
9987
9981
9986
9949
9986
9976
9975
10000
9997
9989
9986
9993
9989
9999
9959
9984
9969
9999
9990
9980
9993
9986
9983
9983
9942
9993
9984
9975
9991
9976
9963
9982
9994
9979
9978
9989
9965
9989
9989
9984
9989
9982
9996
9982
9929
9991
9981
9982
9984
9998
9992
9995
9977
9989
9989
9974
9998
9988
9990
9981
9987
9981
9984
9975
9979
9959
9988
9991
9989
9997
9998
9986
9993
9981
9971
9993
10000
9992
9991
9988
9990
10000
9986
9988
9992
9982
9994
9969
9985
9995
9977
9976
9967
9987
9985
9989
9972
9983
9990
9996
9991
9993
9984
9986
9990
9986
10000
9961
9974
9993
9972
9987
9990
9984
9997
9980
9998
9978
9985
9993
9978
9956
9980
9985
9995
9982
9968
9995
9990
9988
9997
9977
10000
9983
9974
9984
9997
9980
9994
9989
9981
9990
9996
9992
9992
9986
9980
9992
9986
9973
9992
9990
9989
9993
9971
9997
9980
9981
9980
9993
9988
9979
9993
9985
9998
9988
9981
9985
9971
9988
9995
9987
9981
9980
9966
9972
9965
10000
9988
9977
9987
9975
9975
9987
9989
9989
9985
9992
9998
9985
9997
9995
9972
9994
9987
9992
10000
9976
9984
9985
9983
9984
9975
9975
9994
9984
9988
9995
9990
9988
9980
9994
9992
9989
9991
9994
9984
9999
9984
9991
9979
9983
9989
9995
9959
9988
9990
9993
9982
9999
9993
9992
9977
9989
9997
9978
9975
9985
9976
9988
9990
9949
9980
9966
9995
9980
9979
9979
9988
9982
9996
9995
9984
9997
9995
9995
9968
9991
9972
9986
9993
9992
9987
9973
9984
9995
9996
9986
9990
9983
9992
9988
9973
9965
9970
9982
10000
9989
9989
9966
9976
9992
9988
9985
9974
9997
9992
9968
9949
9992
9983
9969
9985
9988
9991
9990
9992
9993
9982
9986
9989
9988
9986
9994
9969
9991
9984
9992
9990
9989
9990
9995
9979
9987
9993
9991
9993
9978
9977
9982
9996
9968
9970
9988
9999
9985
9992
9981
9986
9983
9946
9972
9979
9970
9989
9992
9993
9979
9996
9992
9983
9996
9979
9972
9989
9982
9980
9983
9992
9993
9996
9984
9966
9971
9990
9970
9980
9992
9970
9990
9985
9971
9992
9992
9972
9988
9957
9985
9975
9993
9988
9985
9988
9981
9961
9969
9978
9979
9989
9989
9987
9996
9982
9979
9994
9988
9989
9974
9971
9990
9982
9993
9997
9998
9979
9976
9997
9997
9978
9973
9984
10000
9994
9993
9995
9980
9995
9996
9982
9987
9979
9990
9973
9993
9998
9988
9993
9978
9992
9993
9987
9982
9984
9987
9986
9984
9980
9999
9967
9997
9988
9992
9992
9970
9972
9968
9984
9995
9987
9985
9987
9994
9967
9992
9993
9981
9980
9990
9978
9993
9990
9988
9988
9986
9975
9989
9993
9984
9993
9985
9992
9976
9978
9990
9994
9980
9989
9976
9999
9976
9986
9994
9980
9985
9995
9982
9991
9983
9984
9987
9982
9994
9995
9977
9981
9988
9990
9986
9972
9999
9974
9981
9987
9978
9987
9976
9993
9961
9990
9980
9980
9976
9962
9983
9989
9967
9969
9974
9989
9999
9990
9993
9988
9985
9998
9989
9978
9999
9990
9985
9970
9986
9969
9974
9963
9974
9981
9987
9986
9992
9982
9996
9985
9991
9984
9988
9984
9995
9957
9992
9972
9976
9996
9966
9970
9991
9985
9987
9986
9993
9988
9989
9996
9991
9985
9993
9967
9990
9984
9980
9987
9989
9989
9992
9992
9986
9981
9980
9990
9986
9988
9995
9973
9986
9998
9993
9989
9993
9995
9978
9987
9971
9986
9993
9959
9971
9981
9992
9994
9995
9985
9990
9987
9976
9968
9979
9996
9991
9987
9989
9992
9977
9976
9995
9986
10000
9998
9961
9977
9991
9974
9990
9996
9972
9999
9989
9981
9985
9971
9994
9996
9986
9985
9967
9997
9988
9999
9987
9987
9988
9991
9991
9982
9992
9992
9994
9989
9986
9977
9986
9976
9994
9989
9969
9993
9978
9996
9998
9990
10000
9977
9993
9979
9985
9980
9988
9981
9974
9982
9990
9992
9998
9984
9984
9971
9979
9992
9989
9989
9987
9997
9978
9997
9982
9972
9993
9991
9981
9975
9971
9987
9998
9975
9986
9985
9989
9996
9983
9983
9973
9986
9991
9983
9985
9966
9988
9967
9963
9990
9997
9976
9976
9986
9969
9985
9983
9978
9980
9992
9994
9985
9976
9982
9999
9989
9991
9979
9990
9976
9987
9991
9986
9985
9989
9982
9974
9990
9981
9995
9981
10000
9982
9973
9991
9991
9986
9997
9966
9986
9981
9982
9985
9976
9931
9979
9982
9998
9987
9996
9985
9980
9985
9970
9975
9968
9991
9984
9970
9985
9994
9985
9987
9997
9973
9961
9991
9992
9989
9996
9993
9989
9975
9995
9993
9987
9974
9964
9991
9991
9991
9990
9989
9990
9989
9977
9994
9984
9983
9970
9995
9998
9970
9992
9989
9980
9987
9978
9963
9987
9995
9981
9998
9992
9996
9987
9983
9975
9995
9996
9988
9991
9983
9978
9998
9987
9992
10000
9979
9981
9990
9966
9984
9961
9974
9994
9991
9984
10000
9990
9994
9984
9981
9986
9996
9994
9983
9989
9980
9994
9994
9985
9976
9993
9993
9992
9973
9995
