9983
9952
9983
9977
9979
9979
9990
9991
9966
9980
9995
9986
9992
9991
9978
9986
9976
9985
9992
9962
9990
9973
9990
9988
9986
9985
9979
9993
9984
9981
9973
9979
9987
9987
9996
9962
9977
9966
9980
9989
9988
9986
9984
9989
9973
9965
9990
9989
9996
9982
9983
9996
9995
9992
9990
9990
9987
9981
9994
9995
9981
9960
9983
9973
9989
9993
9990
9964
9988
9997
9974
9989
9997
9976
9993
9999
9985
9990
9984
9993
9983
9991
9975
9985
9991
9975
9986
9968
9981
9990
9987
9981
9976
9977
9982
9978
9995
9978
9982
9990
9990
9982
9991
9991
9973
9984
9986
9981
9974
9987
9996
9982
9993
9981
9984
9986
9991
9984
9990
9988
9984
9969
9970
9989
9994
9986
9979
9980
9976
9988
9971
9987
9947
9974
9989
9986
9997
9972
9993
9983
9968
9962
9965
9989
9983
9970
9992
9986
9991
9995
9988
9979
9981
9989
9980
9979
9981
9969
9988
9980
9994
9979
9989
9981
9963
9988
9988
9982
9987
9990
9974
9967
9980
9978
9989
9988
9979
9975
9992
9993
9989
9993
9984
9957
9975
9994
9973
9965
9991
9994
9965
9987
9990
9985
9988
9967
9975
9982
9978
9987
9972
9982
9986
9985
9978
9987
9991
9988
9979
9940
9978
9976
9992
9981
9973
9974
9974
9997
9968
9979
9990
9980
9990
9973
9968
9985
9982
9979
10000
9987
9995
9991
9991
9989
9985
9986
9988
9989
9989
9981
9989
9987
9968
9971
9988
9980
9993
9989
9992
9984
9984
9985
9996
9996
9967
9997
9988
9983
9988
9985
9978
9993
9990
9983
9983
9976
9987
9990
9982
9982
9981
9978
9987
9993
9994
9987
9980
9976
9989
9981
9985
9988
9990
9981
9971
10000
9984
9990
9974
9990
9967
9978
9983
9977
9996
9995
9989
9983
9980
9985
9976
9989
9979
9968
9993
9986
9960
9995
9989
9975
9994
10000
9968
9966
9992
9989
9961
9992
9970
9986
9982
9988
9984
9995
9966
9982
9946
9995
9989
9994
9990
9983
9981
9970
9969
9980
9993
9978
9979
9987
9989
9980
9962
9982
9988
9991
9988
9987
9996
9989
9985
9982
9981
9982
9989
9991
9977
9992
9973
9982
9980
9979
9992
9989
9996
9981
9985
9984
9989
9988
9986
9982
9990
9961
9981
9990
9991
9984
9977
9984
9980
9979
9987
9986
9970
9975
9993
9990
9990
9995
9977
9983
9977
9976
9987
9981
9985
9984
9990
9986
9971
9993
9979
9984
9988
9993
9989
9984
9970
9994
9976
9984
9984
9992
9995
9978
9988
9988
9992
9985
9987
9970
9978
9988
9993
9982
9984
9990
9988
9987
9977
9988
9979
9968
9988
9986
9960
9977
9983
9990
9987
9990
9989
9993
9991
9980
9986
9975
9979
9978
9989
9977
9995
9988
9993
9979
9975
9969
9990
9990
9976
9987
9982
9996
9995
9985
9980
9981
9968
9971
9967
9978
9973
9980
9982
9964
9988
9990
9988
9993
9979
9992
9993
9980
9980
9993
9981
9987
9995
9986
9993
9989
9978
9993
9991
9977
9976
9990
9979
9987
9977
9981
9994
9984
9989
9977
9974
9979
9960
9959
9981
9988
9978
9998
9987
9984
9998
9997
9995
9995
9983
9996
9984
9996
9960
9986
9978
9990
9978
9986
9987
9990
9964
9972
9978
9998
9985
9962
9997
9966
9977
9993
9972
9988
9971
9980
9993
9991
9991
9978
9979
9984
9983
9984
9984
9996
9978
9992
9996
9991
9994
9997
9989
9994
9984
9986
9998
9958
9996
9990
9988
9973
9976
9993
9986
9975
9990
9980
9980
10000
9980
9988
9977
9993
9987
9996
9985
9975
9994
9992
9985
9995
9987
9980
9992
9991
9987
9990
9981
9980
9982
9994
9981
9977
9990
9991
9977
9982
9982
9995
9992
9981
9964
9975
9977
9992
9976
9988
9975
9995
9980
9970
9969
9992
9974
9987
9986
9990
9993
9985
9991
9971
9989
9995
9983
9987
9992
9981
9984
9991
9990
9989
9994
9978
9985
9978
9985
9995
9982
9992
9985
9975
9996
9996
9995
9993
9988
9984
9985
9988
9975
9980
9989
9990
9987
9985
9998
9986
9989
9974
9976
9989
9978
9992
9979
9981
9988
9972
9983
9989
9991
9984
9980
9981
9989
9994
9985
9976
9976
9980
9988
9983
9980
9957
9995
9986
9985
9983
9997
9992
9980
9971
9981
9976
9972
9979
9984
9986
9993
9988
9975
9980
9986
9996
9990
9978
9984
9970
9981
9989
9979
9985
9983
9979
9973
9972
9987
9982
9987
9977
9985
9988
9992
9985
9956
9961
9990
9988
9988
9972
9989
9993
9970
9989
9967
9981
9998
9985
9984
9991
9987
9993
9981
9985
9955
9988
9990
9982
9986
9990
9988
9973
9995
9985
9989
9974
9995
9993
9993
9958
9986
9984
9990
9976
9983
9997
9996
9970
9978
9989
9968
9982
9986
9981
9985
9991
9991
9982
9985
9984
9994
9974
9968
9958
9987
9985
9966
9973
9987
9980
9974
9979
9983
9989
9990
9982
9987
9988
9990
9989
9981
9997
9993
9975
9984
9973
9993
9977
9984
9991
9963
9989
9991
9997
9987
9992
9974
9973
9973
9991
9977
9984
9986
9983
9968
9987
9989
9975
9991
9991
9977
9982
9985
9965
9975
9977
9990
9994
9979
9968
9996
9979
9963
9989
9990
9960
9989
9988
9977
9994
9983
9989
9991
9986
9976
9992
9981
9950
9992
9966
9992
9972
9973
9998
9990
9986
9996
10000
9992
9981
9977
9985
9996
9973
9986
9975
9995
9952
9986
9970
9989
9985
9990
9966
9982
9995
9989
9990
9961
9989
9991
9946
9977
9982
9994
9972
9992
9984
9964
9992
9994
9991
9987
9977
9970
9972
9981
9974
9991
9992
9989
9975
9986
9991
9964
9988
9988
9983
9994
9979
9974
9984
9978
9987
9990
9991
9996
9995
9982
9981
9975
9981
9980
9986
10000
9981
9980
9994
9981
9972
9987
9959
9984
9985
9978
9999
9973
9996
9990
9990
9985
9981
9982
9975
9991
9996
9961
9988
9992
9994
9993
9989
9974
9997
9988
9999
9989
9983
9981
9979
9966
9986
9990
9992
9993
9993
9964
9991
9990
9984
9988
9990
9989
9972
9978
9973
9972
9986
9939
9982
