9963
9993
9994
9997
9999
9992
9981
9966
9993
9996
9955
9973
9988
9993
9986
9991
9958
9975
9970
9990
9982
9976
9987
9974
9992
9992
9996
9987
9984
9975
9985
9989
9990
9996
9978
9979
9973
9977
9991
9991
9979
9993
9982
9976
9999
9990
9992
9994
9984
9989
9974
9987
9985
9978
9997
9988
9981
9988
9984
9980
9986
9993
9987
9997
9986
9989
9965
9990
9980
9977
9988
9991
9989
9983
9988
9981
9985
9972
9994
9980
9991
9984
9996
9989
9998
9969
9991
9991
9984
9987
9984
9984
9974
9987
9978
9972
9996
9992
9972
9980
9995
9990
9985
9989
9971
9965
9989
9981
9971
9984
9976
9998
9981
9960
9987
9978
9983
9959
9987
9986
9980
9985
9985
9988
9944
9978
9992
9992
9973
9963
9962
9996
9954
9982
9985
9993
9975
9987
9977
9995
9987
9992
9994
9985
9986
9998
9980
9994
9981
9982
9988
9996
9985
9990
9977
9970
9999
9981
9982
9986
9989
9968
9987
9988
9952
9974
9982
9979
9996
9975
9976
9990
9983
9981
9982
9991
9977
9979
9973
9986
9974
9985
9979
9985
9987
9976
9988
9960
9971
9986
9981
9995
9978
9993
9986
9995
9979
9991
9985
9967
9986
9993
9982
9990
9977
9963
9998
9988
9983
9977
9990
9985
9998
9990
9988
9980
9977
9996
9995
9991
9992
9985
9992
9983
9991
9986
9964
9993
9987
9982
9980
9991
9968
9990
9993
9976
9985
9966
9984
9994
9973
9986
9970
9963
9984
9992
9968
9990
9988
9984
9955
9965
9987
9980
9982
9991
9967
9992
9993
9965
9984
9988
9987
9996
9974
9984
9996
9993
9987
9992
9982
9978
9985
9993
9982
9989
9936
9985
9988
9978
9984
9985
9989
9993
9981
9976
9997
9982
9988
9968
9985
9995
9979
9983
9986
9995
9975
9985
9982
9989
9988
9969
9992
9990
9978
9994
9980
9985
9987
9981
9970
9977
9993
9988
9982
9979
9993
9984
9990
9981
9984
9976
9967
9989
9979
9979
9982
9987
9984
9979
9984
9989
9984
9991
9966
9984
9979
9986
9986
9995
9994
9987
9956
9997
9991
9977
9991
9991
9990
9991
9982
9979
9973
9985
9980
9995
9988
9987
9988
9991
9977
9986
9983
9982
9986
9982
9994
9991
9981
9990
9985
9972
9987
9969
9993
9995
9990
9989
9980
9988
9984
9985
9986
9985
9954
9979
9983
9998
9985
9990
9994
9990
9976
9993
9990
9994
9986
9994
9968
9991
9990
9983
9987
9996
9981
9991
9993
9973
9973
9977
9989
9964
9979
9973
9988
9994
9994
9978
9973
9991
9977
9993
9963
9982
9973
9982
9966
9992
9978
9984
9996
9982
9980
9990
9981
9996
9969
9969
9992
9986
9985
9980
9989
9997
9989
9997
9979
9989
9985
9984
9984
9984
9998
9992
9994
9981
9996
9950
9980
9992
9985
9987
9967
9994
9981
9978
9988
9995
9981
9978
9979
9977
9984
9998
9980
9958
9964
9985
9976
9977
9979
9988
9983
9994
9987
9993
9984
9990
9990
9979
9988
9979
9990
9967
9991
9979
9974
9973
9989
9990
9987
9991
9988
9953
9979
9963
9980
9994
9982
9992
9976
9993
9984
9996
9990
9996
9976
9998
9995
9993
9989
9970
9989
9987
9975
9986
9977
9979
9993
9999
9988
9996
9989
9992
9993
9988
9978
9995
9952
9989
9980
9977
9989
9979
9977
9973
9974
9997
9997
9983
9995
9976
9979
9986
9996
9994
9957
9953
9955
9988
9975
9981
9987
9991
9995
9977
9986
9996
9993
9989
9972
10000
9983
9982
9989
9986
9976
9990
9984
9985
9978
9972
9969
9996
9992
9988
9979
9991
9956
9987
9983
9954
9993
9984
9985
9979
9994
9981
9988
9972
9988
9984
9978
9973
9956
9967
9993
9992
9990
9991
9960
9983
9984
9978
9987
9985
9984
9979
9985
9983
9992
9950
9985
9980
9987
9978
9986
9996
9996
9987
9976
9996
9990
9994
9993
9982
9979
9981
9984
9991
9984
9975
9988
9991
9983
9983
9973
9988
9984
9994
9996
9987
9984
9995
9973
9989
9970
9978
9968
9981
9989
9978
9970
9984
9988
9985
9973
9980
9985
9993
9981
9994
9988
9991
9971
9987
9992
9984
9969
9990
9983
9969
9983
9989
9971
9999
9991
9994
9992
9973
9985
9995
9966
9981
9981
9987
9971
9993
9987
9991
9995
9985
9994
9984
9998
9992
9981
9980
9997
9997
9972
9983
9985
9972
9991
9985
9977
9992
9984
9998
9988
9992
9979
9980
9994
9993
9980
9966
9992
9993
9992
9984
9980
9966
9987
9988
9986
9982
9982
9992
9983
9965
9980
9981
9985
9986
9985
9990
9992
9980
9969
9989
9961
9985
9980
9982
9993
9996
9986
9992
9970
9992
9995
9975
9973
9977
9993
9993
9990
9991
9967
9991
9989
9983
9980
9979
9980
9988
9997
9983
9980
9979
9979
9990
9983
9988
9996
9992
9991
9981
9990
9987
9966
9985
9973
9990
9986
9983
9984
9964
9981
9999
9986
9981
9972
9989
9991
9987
9980
9976
9993
9994
9974
9981
9982
9992
9983
9994
9993
9978
9977
9988
9996
9990
9999
9981
9975
9987
9971
9991
9964
9985
9989
9993
9994
9989
9994
9993
9962
9991
9998
9983
9973
9984
9990
9995
9995
9997
9992
9942
9994
9988
9974
9998
9985
9980
9982
9988
9996
9991
9992
9993
9992
9985
9974
9997
9996
9974
9982
9981
9989
9983
9990
9988
9989
9999
9966
9989
9963
9990
9984
9984
9984
9982
9976
9990
9979
9990
9992
9966
9996
9991
9979
9981
9985
9982
9978
9995
9986
9974
9980
9976
9978
9981
9985
9973
9987
9981
9989
9993
9993
9986
9982
9993
9986
9992
9952
9976
9978
9992
9980
9988
9989
9996
9986
9992
9984
9990
9983
9984
9989
9988
9990
9977
9993
9974
9983
9987
9995
9986
9988
9988
9987
9993
9989
9972
9993
9997
9973
9979
9993
9984
9992
9982
9971
9989
9993
9997
9991
9993
9986
9970
9986
9987
9972
9969
9990
9974
9972
9982
9992
10000
9991
9989
9966
9997
9987
9986
9992
9986
9990
9995
9988
9997
9981
9993
9986
9964
9978
9976
9986
9981
9981
9992
9968
9969
9987
9986
9991
9980
