9969
9990
9986
9987
9976
9977
9996
9967
9990
9975
9983
9984
9969
9991
9966
9994
9978
9994
9992
9995
9988
9986
9985
9978
9990
9978
9986
9980
9989
9975
9996
9981
9995
9999
9992
9989
9990
9968
9976
9998
9980
9980
9990
9987
9985
9987
9982
9972
9972
9976
9971
9976
9961
9963
9988
9984
9985
9978
9993
9978
9993
9983
9990
9993
9982
9966
9989
9988
9986
9992
9993
9981
9995
9971
9977
9970
9990
9989
9997
9991
9980
9986
9982
9995
9986
10000
9988
9988
9990
9987
9989
9988
9980
9996
9978
9979
9991
9961
9980
9984
9988
9998
9984
9981
9995
9991
9978
9992
9982
9964
9990
9985
9987
9989
9996
9981
9989
9990
9980
9961
9986
9991
9967
9975
9982
9993
9979
9983
9984
9969
10000
9986
9952
9994
9990
9986
9964
9993
9995
9978
9992
9983
9989
9986
9991
9991
9989
9993
9985
9978
9980
9983
9991
9980
9995
9988
9990
9963
9991
9998
9986
9994
9990
9985
9973
9994
9990
9978
9978
9982
9984
9984
9984
9967
9954
9963
9995
9985
9994
9975
9988
9979
9983
9988
9982
9996
9987
9998
9981
9975
9986
9984
9998
9997
9979
9983
9978
9994
9990
9992
9991
9984
9995
9974
9992
9989
9992
9976
9986
9981
9993
9995
9980
9986
9975
9993
9970
9991
9988
9993
9984
9973
9973
9981
9981
9992
9995
9986
9984
9987
9987
9997
9985
9980
9994
9991
9988
9989
9991
9997
9983
9986
9971
9983
9989
9980
9994
9992
9988
9976
9996
9967
9989
9977
9978
9995
9965
9994
9987
9991
9976
9991
9988
9986
9984
9984
9991
9987
9990
9950
9983
9981
9996
9962
9969
9999
9982
9988
9999
9989
9987
9985
9982
9981
9986
9993
9981
9996
9986
9973
9990
9992
9988
9987
9982
9985
9981
9983
9978
9992
9971
9996
9985
9987
9989
9992
9993
9973
9981
9989
9984
9988
9984
9990
9971
9985
9996
9990
9979
9992
9978
9992
9974
9985
9981
9990
9979
9982
9972
9986
9984
9981
9992
9995
9975
9988
9964
9976
9968
9968
9986
9988
9990
9974
9991
9962
9966
9985
9986
9974
9986
9989
9958
9992
9997
9982
9995
9980
9981
9986
9991
9986
9983
9988
9981
9996
9992
9975
9971
9981
9978
9988
9987
9967
9993
9983
9996
9981
9981
9986
9964
9986
9980
9967
9983
9988
9969
9995
9978
9978
9990
10000
9991
9977
9998
9992
9993
9981
9972
9983
9985
9987
9977
9998
9991
9975
9974
9991
9996
9982
9980
9987
9965
9991
9972
9991
9982
9983
9993
9982
9994
9987
9996
9986
9994
9982
9990
9990
9990
9976
9976
9948
9988
9992
9975
9957
9995
9988
9975
9942
9992
9991
9983
9983
9955
9988
9987
9978
9994
9987
9976
9983
9993
9977
9981
9976
9986
9991
9981
9982
9977
9973
9984
9983
9983
9961
9993
9991
9980
9992
9979
9995
9983
9988
9950
9986
9992
9991
9993
9974
9995
9986
9989
9982
9964
9985
9990
9953
9991
9991
9990
9984
9969
9998
9984
9984
9985
9998
9980
9994
9988
9994
9969
9973
9969
9986
9973
9996
9987
9985
9991
9983
9991
9985
9966
9976
9986
9987
9979
9983
9993
9993
9984
9984
9977
9988
9993
9991
9992
9980
9986
9958
9990
9967
9986
9982
9966
9986
9983
9981
9991
9989
9982
9975
9989
9988
9985
9993
9988
9994
9981
9984
9995
9955
9966
9979
9994
9980
9987
9986
9974
9986
9969
9990
9982
9999
9988
9985
9994
9987
9993
9977
9995
9996
9984
9983
9989
9991
9976
9991
9994
9996
9995
9993
9982
9984
9964
9986
9995
9976
9998
9984
9992
9983
9982
9967
9984
9986
9982
9996
9980
9994
9989
9990
9966
9988
9976
9986
9978
9990
9976
9991
9971
9994
9989
9974
9990
9991
9988
9993
9987
9985
9989
9979
9989
9988
9963
9987
9971
9995
9982
9969
9981
9986
9988
9989
9983
9984
9964
9972
9985
9992
9993
9969
9988
9993
9991
9950
9988
9988
9991
9991
9976
9990
9988
9986
9988
9979
9996
9986
9996
9989
9987
9965
9979
9983
9996
9982
9986
9983
9984
9979
9994
9985
9983
9994
9994
9983
9987
9977
9996
9993
9975
9992
9982
9991
9993
9974
9984
9988
9997
9970
9983
9998
9986
9982
9990
9984
9953
9997
9980
9991
9986
9973
9959
9971
9971
9973
9992
9974
9993
9985
9978
9990
9964
9978
9980
9990
9981
9994
9980
9992
9977
9991
9994
9978
9986
9988
9996
9987
9984
9984
9988
9979
9983
9982
9985
9992
9992
9986
9977
9990
9976
9976
9982
9977
9989
9992
9994
9969
9973
9985
9989
9987
9997
9997
9987
9990
9980
9993
9983
9992
9976
9961
9973
9978
9973
9974
9971
9974
9989
9983
9983
9965
9976
9989
9984
9983
9993
9998
9990
9974
9993
9978
9988
9991
9990
9990
9978
9987
9977
9987
9964
9980
9983
9993
9976
9964
9992
9970
9985
9979
9989
9966
9980
9964
9964
9985
9993
9986
9968
9983
9994
9982
9975
9993
9997
9977
9992
9985
9986
9979
9976
9978
9986
9948
9988
9978
9995
9994
9984
9982
9994
9985
9990
9994
9971
9971
9981
9992
9992
9970
9988
9994
9969
9988
9990
9965
9984
9960
9988
9988
9985
9985
9980
9962
9996
9979
9989
9992
9985
9990
9988
9995
9992
9990
9992
9963
9997
9994
9974
9987
9985
9984
9979
9994
9973
9984
9969
9987
9978
9985
9982
9979
9983
9980
9982
9988
9981
9983
9992
9968
9972
9991
9979
9972
9986
9990
9993
9998
9970
9981
9992
9979
9991
9960
9983
9981
9962
9959
9978
9995
9989
9978
9966
9979
9996
9977
9985
9985
9968
9980
9994
9980
9994
9988
9995
9983
9976
9993
9991
9983
9994
9968
9988
9984
9979
9977
9976
9975
9988
9987
9996
9975
9983
9998
9978
9973
9970
9990
9994
9980
9987
9988
9992
9991
9980
9984
9989
9978
9992
9974
9980
9991
9960
9986
9997
9986
9988
9979
9981
9992
9990
9989
9975
9991
9986
9993
9976
9986
9982
9986
9979
9991
9980
9997
9974
9981
10000
9989
9980
9979
9983
9982
9991
9981
9998
9967
9986
9984
