9966
9977
9990
9988
9975
9993
9992
9990
9981
9991
9993
9996
9995
9967
9984
9987
9966
9994
9987
9984
9987
9959
9995
9985
9997
9979
9971
9987
9978
9990
9987
9993
9990
9971
9985
9989
9989
9985
9999
9969
9990
9995
9980
9967
9988
9992
9973
9975
9982
9989
9971
9977
9991
9974
9984
9983
9979
9996
9975
9988
9983
9963
9989
9986
9991
9980
9979
9979
9998
9991
9984
9978
9993
9990
10000
9965
9992
9969
9984
9991
9983
9965
9998
9989
9978
9971
9982
9984
9996
9990
9986
9996
9987
9992
9994
9991
9996
9975
9982
9995
9983
9974
9976
9978
9978
9986
9997
9995
9986
9959
9975
9993
9979
9989
9994
9991
9972
9989
9984
9984
9987
9997
9989
9994
9988
9988
9981
9988
9991
9985
9991
9988
9987
9976
9983
9998
9976
9987
9981
9998
9978
9992
9989
9976
9995
9991
9983
9985
9983
9992
9991
9989
9994
9995
9989
9991
9968
9985
9988
9991
9979
9993
9971
9992
9967
9982
9973
9964
9976
9984
9963
9974
9977
9966
9985
9978
9997
9969
9962
9980
9975
9980
9977
9989
9997
9982
9990
9990
9998
9974
9989
9993
9995
9982
9992
9986
9990
9999
9982
9967
9994
9994
9977
9987
9979
9986
9973
9981
9978
9979
9985
9983
9996
9991
9988
9994
9990
9976
9982
9992
9989
9983
9985
9969
9986
9992
9992
9974
9983
9980
9990
9989
9975
9984
9992
9985
9985
9983
9978
9995
9986
9984
9983
9984
9973
9968
10000
9981
9977
9994
9979
9982
9985
9969
9989
9992
9987
9996
9974
9989
9990
9991
9992
9984
9992
9979
9980
9994
9987
9983
9996
9987
9979
9990
9996
9967
9989
9994
9981
9985
9976
9999
9974
9988
9974
9988
9987
9980
9966
9979
9980
9970
9992
9986
9991
9974
9990
9992
9983
9991
9990
9991
9985
9990
9983
9990
9989
9990
9997
9978
9990
9997
9978
9986
9992
9990
9992
9979
9992
9990
9990
9991
9989
9989
9972
9977
9969
9993
9977
9971
9975
9977
9976
9972
9974
9976
9989
9962
9977
9982
9996
9986
9983
9993
9995
9999
9970
9973
9978
9987
9993
9971
9989
9997
9979
9983
9982
9976
9990
9985
9973
9982
9981
9970
9984
9972
9991
9983
9989
9990
9995
9977
9977
9988
9970
9982
9984
9973
9995
9983
9985
9969
9974
9989
9971
9979
9975
9988
9990
9980
9986
9956
9986
9968
9989
9994
9993
9987
9985
9990
9988
9995
9975
9982
9970
9973
9980
9999
9988
9985
9990
9992
9992
9996
9963
9978
9971
9995
9993
9995
9988
9992
9993
9993
9994
9986
9972
9990
9994
9983
9987
9995
9981
9993
9971
9985
9985
9992
9994
9968
9984
9989
9986
9991
9957
9984
9988
9966
9983
9980
9980
9985
9987
9976
9989
9987
9992
9995
9997
9992
9986
9973
9992
9973
9977
9990
9983
9991
9976
9988
9992
9975
9990
9992
9978
9975
9983
9981
9986
9991
9975
9988
9996
9987
9981
9970
9990
9987
9986
9997
9965
9983
9991
9992
9996
9981
9990
9972
9990
9988
9979
9972
9987
9979
9972
9988
9983
9985
9991
9979
9960
9997
9986
9994
9982
9992
9984
9952
9986
9993
9989
9979
9989
9987
9985
9992
9990
9989
9983
9988
9951
9981
9993
9986
9987
9990
9988
9990
9987
9981
9988
9991
9988
9987
9993
9973
9969
9977
9994
9991
9974
9982
9975
9988
9979
9979
9983
9975
9991
9979
9992
9993
9986
9981
9980
9986
9990
9988
9984
9998
9991
9978
9993
9991
9985
9996
9988
9987
9988
9992
9998
9972
9968
9989
9984
9995
9990
9977
9989
9998
9983
9993
9983
9984
9993
9982
9975
9976
9996
9988
9960
9993
9991
9992
9991
9983
9994
9972
9985
9993
9985
9986
9991
9985
9992
9987
9979
9986
9989
9981
9985
9987
9982
9980
9974
9983
9975
9990
9989
9980
9996
9987
9974
9990
9985
9974
9985
9975
9985
9991
9993
9990
9992
9993
9974
9956
9977
9973
9989
9978
9977
9992
9985
9984
9989
9983
9982
9984
9967
9987
9989
9981
9986
9990
9984
9993
9963
9964
9990
9985
9999
9975
9981
9994
9972
9950
9989
9982
9995
9985
9981
9983
9984
9979
9991
9990
9995
9992
9991
9969
9989
9978
9989
9984
9987
9986
9951
9970
9991
9979
9989
9981
9988
9983
9991
9997
9976
9979
9991
9990
9968
9979
9986
9985
9990
9978
9984
9988
9972
9991
9983
9978
9984
9975
9991
9979
9991
9987
9998
9974
9995
9968
9990
9991
9967
9982
9991
9974
9971
9990
9984
9974
9989
9978
9981
9977
9986
9985
9993
9983
9986
9990
9983
9994
9990
9981
9994
9991
9985
9983
9981
9988
9989
9986
9988
9976
9964
9993
9988
9984
9992
9992
9993
9992
9985
9979
9997
9965
9983
9992
9978
9988
9988
9991
9988
9980
9990
9991
9985
9987
9990
9982
9991
9983
9979
9992
9985
9988
9992
9977
9990
9975
9984
9974
9994
9986
9989
9995
9966
9978
9987
9986
9997
9991
9984
9979
9991
9988
9975
9976
9986
9984
9990
9988
9979
9993
9989
9996
9991
9982
9975
9968
9995
9984
9983
9976
9985
9993
9990
9974
9976
9992
9988
9992
9985
9986
9984
9976
9986
9995
9974
9961
9990
9992
9973
9990
9995
9993
9986
9982
9977
9970
9968
9975
9992
9984
9992
9987
9990
9966
9977
9992
9987
9975
9995
9977
9987
9997
9978
9985
9985
9985
9991
9994
9977
9990
9981
9960
9999
9980
9983
9978
9976
9988
9972
9989
9992
9987
9993
9989
9990
9991
9980
9989
9985
9986
9987
9978
9983
9959
9975
9982
9992
9994
9980
9988
9990
9995
9987
9995
9989
9992
9976
9984
9990
9993
9987
9992
9987
9987
9970
9986
9955
9982
9988
9995
9989
9960
9996
9994
9997
9966
9989
9967
9995
9995
9984
9988
9998
9992
9973
9965
9974
9979
9991
9995
9996
9992
9981
9983
9992
9988
9990
9981
9983
9970
9976
9963
9983
9982
9980
9975
9963
9987
9990
9979
9987
9990
9975
9978
9977
9980
9978
9991
9979
9973
9979
9986
9988
9980
9987
9982
9995
9986
9990
9978
9988
9992
9992
9969
