9986
9989
9969
9980
9983
9970
9990
9984
9979
9965
9991
9988
9994
9987
9984
9976
9986
9975
9988
9986
9976
9965
9998
9997
9993
9996
9983
9992
9996
9988
9995
9994
9998
9980
9993
9986
9990
9988
9960
9987
9990
9974
9984
9985
9983
9949
9973
9963
9989
9983
9996
9998
9990
9986
9992
9973
9989
9992
9994
9973
9997
9961
9972
9981
9979
9976
9984
9987
9990
9994
9977
9993
9984
9983
9985
9990
9988
9965
9959
9981
9990
9970
9993
9982
9995
9987
9986
9992
9974
9992
9994
9987
9983
9998
9992
9987
9983
9993
9992
9985
9975
9995
9986
9978
9987
9974
9977
9972
9993
9989
9995
9987
9972
9985
9992
9978
9981
9987
9982
9983
9989
9985
9989
9976
9991
9968
9992
9982
9985
9991
9977
9975
9991
9985
9982
9994
9968
9986
9993
9992
9987
9987
9963
9987
9972
9983
9982
9977
9986
9987
9993
9997
9995
9991
9990
9988
9991
9983
9992
9990
9980
9966
9991
9982
9967
9970
9962
9980
9985
9985
9987
9971
9989
9968
9992
9994
9960
9995
9965
9962
9957
9975
9996
9985
9992
9981
9995
9968
9978
9976
9984
9988
9983
9980
9985
9997
9980
9981
9986
9992
9980
9993
9998
9990
9965
9988
9991
9991
9983
9999
9970
9990
9979
9998
9950
9976
9983
9991
9985
9987
9985
9992
9976
9979
9985
9991
9971
9984
9997
9992
9991
9990
9992
9987
9993
9992
9990
9985
9983
9980
9986
9990
9975
9972
9959
9985
9991
9984
9995
9997
9993
9992
9981
9982
9977
9987
9949
9985
9990
9987
9998
9978
9992
9936
9953
9971
9981
9975
9985
9987
9987
9981
9995
9981
9991
9966
9974
9989
9995
9981
9994
9983
9996
9978
9991
9986
9954
9997
9987
9979
9989
9979
9974
9994
9977
9991
9991
9983
9982
9970
9983
9995
9994
9981
9982
9990
9987
9984
9971
9985
9997
9985
9983
9967
9990
9984
9994
9992
9969
9983
9987
9996
9992
9984
9997
9991
9980
9994
9992
9988
9975
9991
9965
9969
9984
9972
9987
9979
9983
9965
9999
9962
9986
9980
9995
9984
9990
9992
9991
9987
9975
9991
9998
9979
9977
9982
9985
9995
9981
9991
9981
9974
9966
9985
9990
9968
9984
9983
9971
9990
9984
9971
9997
9988
9978
9993
9987
9987
9990
9968
9973
9977
9981
9963
9977
9996
9992
9985
9991
9978
9994
9994
9998
9989
9992
10000
9983
9978
9989
9984
9998
9991
9988
9996
9982
9983
9983
9988
9982
9974
9996
9981
9987
9979
9985
9969
9974
9991
9969
9990
9979
9978
9980
9972
9985
9997
9981
9996
9992
9986
9988
9954
9993
9987
9980
9980
9992
9997
9992
9977
9993
9992
9995
9977
9984
9989
9991
9987
9978
9970
9993
9975
9971
9974
9994
9978
9979
9980
9992
9989
9980
9987
9975
9985
9986
9986
9985
9993
9983
9983
9986
9974
9980
9994
9967
9973
9996
9983
9983
9991
9983
9978
9989
9990
9993
9988
9991
9987
9973
9967
9986
9981
9993
9987
9972
9973
9979
9976
9978
9995
9995
9981
9988
9984
9990
9982
9973
9997
9963
10000
9990
9983
9986
9993
9988
9988
9975
9988
9993
9994
9987
9993
9967
9969
9987
9999
9991
9986
9981
9978
9973
9988
9998
9989
9986
9983
9985
9989
9988
9979
9980
9974
9996
9966
9989
9989
9985
9977
9993
9989
9980
9957
9990
9990
9982
9987
9986
9998
9980
9945
9984
9978
9990
9998
9990
9990
9990
9971
9986
9971
9996
9982
9985
9985
9978
9995
9974
9992
9982
9973
9980
9991
9983
9992
9989
9971
9990
9986
9987
9966
9980
9995
9975
9982
9990
9994
9992
9987
9961
9986
9972
9997
9984
9983
9993
9989
9979
9990
9982
9976
9969
9990
9993
9974
9983
9994
9993
9981
9962
9987
9995
9972
9973
9995
9991
9983
9997
9983
9996
9970
9990
9969
9986
9988
9986
9979
9991
9986
9977
9986
9989
9981
9962
9982
9992
9994
9981
9975
9973
9975
9991
9973
9989
9993
9993
9992
9988
9984
9984
9979
9998
9992
9988
9975
9995
9962
9982
9987
9991
9994
9990
9988
9966
9987
9980
9996
9984
9988
9984
9990
9985
9993
9994
9999
9995
9954
9984
9995
9978
9976
9994
9982
9988
9983
9959
9977
9980
9980
9996
9970
9997
9994
9985
9987
9993
9984
9987
9990
9973
9991
9989
9969
9982
9987
9951
9973
9975
9989
9979
9983
9994
9986
9990
9990
9985
9994
9985
9977
9984
9954
9976
9989
9982
9978
9985
9979
9985
9976
9993
10000
9981
9988
9987
9975
9994
9985
9989
9987
9967
9989
9991
9989
9976
9988
9989
9975
9984
9990
9977
9993
9983
9982
9972
9979
9961
9992
9984
9982
9982
9983
9978
9992
9987
9985
9993
9993
9977
9970
9984
9990
9989
9985
9977
9989
9959
9983
9990
9982
9962
9999
9976
9994
9986
9976
9988
9984
9999
9976
9975
9981
9997
9974
9971
9984
9995
9988
9983
9997
9990
9987
9995
9976
9960
9990
9971
9969
9982
9985
9989
9994
9987
9994
9978
9972
9987
9998
9998
9992
9991
9978
9977
9980
9996
9976
9978
9986
9996
9991
9985
9979
9995
9978
9986
9972
9980
9977
9991
9991
9988
9993
9991
9999
9997
9976
9988
9969
9988
9970
9973
9973
9993
9979
9999
9985
9984
9987
9995
9995
9975
9975
9994
9986
9976
9979
9988
9970
9983
9988
9974
9984
9965
9972
9989
9985
9971
9978
9980
9984
9990
9986
9978
9987
9981
9986
9979
9988
9982
9984
9992
9996
9985
9986
9975
9972
9992
9982
9992
9975
9985
9976
9991
9988
9982
9992
9971
9989
9965
9976
9978
9990
9996
9967
9995
9997
9996
9972
9996
9977
9980
9981
9980
9991
9988
9969
9997
9998
9984
9975
9987
9994
9987
9986
9984
9984
9992
9986
9984
9968
9978
9988
9966
9988
9985
9977
9975
9988
9995
9980
9984
9988
9973
9979
9998
9996
9977
9994
9993
9977
9988
9988
9989
9993
9989
9985
9982
9961
9993
9989
9987
9992
9993
9985
9993
9988
9999
9970
9995
9969
9996
9987
9990
9988
9995
9996
9983
9982
9974
9985
9964
9973
