9975
9988
9985
9986
9982
9986
9989
9988
9990
9994
9999
9989
9991
9980
9985
9977
9975
9973
9993
9985
9978
9993
9988
9979
9971
9990
9983
9974
9965
9991
9997
9963
9994
9993
9981
9979
9985
9988
9982
9996
9989
9984
9986
9990
9989
9980
9984
9988
9975
9981
9975
9997
9993
9994
9969
9987
9991
9976
9958
9973
9985
9998
9979
9974
9984
9982
9983
9983
9952
9977
9988
9981
9976
9998
9973
9981
9987
9982
9976
9970
9983
9986
9998
9997
9990
9991
9994
9994
9988
9990
9988
9969
9984
9975
9976
9983
9993
9997
9989
9985
9986
9985
9979
9992
9973
9981
9983
9992
9994
9980
9972
9982
9964
9968
9987
9988
9967
9973
9989
9984
9992
9986
9977
9979
9972
9993
9975
9960
9980
9988
9983
10000
9981
9996
9982
9992
9968
9985
9975
9983
9992
9978
9986
9974
9991
9989
9989
9976
9983
9979
9989
9999
9989
9992
9985
9994
9992
9986
9981
9976
9986
9942
9978
9982
9976
9995
9996
9991
9982
9976
9984
9990
9975
9979
9984
9974
9977
9984
9992
9972
9987
9993
9993
9992
9987
9979
9994
9978
9981
9977
9989
9978
9982
9995
9990
9996
9971
9988
9985
9972
9980
9987
9986
9976
9996
9973
9984
9983
9956
9970
9993
9996
9980
9985
9982
9965
9989
9999
9977
9984
9969
9986
9987
9988
9984
9979
9990
9994
9987
9976
9987
9984
9972
9978
9969
9994
9983
9967
10000
9988
9984
9990
9988
9990
9989
9988
9986
9987
9990
9980
9967
9968
9967
9993
9993
9979
9989
9988
9958
9992
9953
9980
9988
9988
10000
9968
9998
9984
9992
9985
9995
9972
9985
9994
9982
9979
9991
9989
9994
9990
9967
9984
9992
9992
9960
9993
9976
9995
9996
9973
9986
9996
9987
9976
9992
9998
9980
9992
9990
9997
9995
9987
9997
9990
9989
9982
9958
9981
9985
9987
9985
9988
9982
9976
9980
9988
9982
9992
9986
9997
9991
9966
9990
9997
9992
9981
9971
9972
9987
9952
9976
9980
9987
9956
9975
9986
9988
9970
9990
9982
9982
9991
9987
9984
9994
9970
9986
9970
9958
9977
9970
9981
9968
9987
9989
9982
9985
9958
9980
9964
9996
9991
9985
9975
9978
9977
9990
9980
9988
9988
9978
9988
9954
9981
9995
9986
9988
9990
9992
9988
9979
9980
9981
9994
9985
9980
9988
9958
9989
9994
9981
9988
9994
9983
9988
9995
9973
9991
9988
9964
9989
9993
9974
9990
9987
9964
9983
9979
9984
9966
9981
9972
9955
9994
9985
9993
9994
9990
9991
9986
9979
9968
9977
9987
9986
9995
9974
9977
9998
9974
9986
9982
9973
9973
9982
9960
9976
9988
9959
9994
9987
9992
9980
9954
9984
9986
9999
9969
9996
9986
9984
9990
9969
9964
9995
9971
9961
9990
9981
9978
9981
9995
9981
9965
9986
9983
9990
9989
9980
9971
9990
9979
9997
9985
9968
9998
9995
9975
9995
9989
9971
9998
9984
9980
9994
9993
9983
9985
9981
9989
9994
9964
9973
9985
9991
9974
9978
9992
9986
9986
9983
9977
9985
9976
9986
9993
9979
9996
9970
9985
9990
9987
9988
9995
9989
9980
9988
9972
9970
9985
9980
9976
9987
9992
9987
9998
9993
9994
9973
9991
9987
9986
9992
9988
9997
9993
9983
9988
9971
9959
9988
9983
9982
9980
9979
9988
9989
9997
9987
9991
9994
9990
9988
9995
9979
9973
9980
9990
9988
9982
9993
9984
9995
9982
9982
9974
9979
9995
9978
9983
9977
9988
9994
9990
9983
9980
9987
9994
9989
9974
9987
9985
9985
9972
9987
9989
9982
9984
9981
9987
9981
9970
9985
9993
9979
9983
9979
9992
9982
9979
9985
9979
9989
9977
9975
9977
9996
9988
9983
9992
9974
9980
9973
9973
9982
9981
9969
9993
9998
9986
9988
9990
9990
9980
9992
9977
9984
9983
9987
9982
9986
9983
9975
9986
9985
9995
9946
9982
9990
9991
9996
9968
9972
9988
9986
9984
9993
9975
9980
9978
9990
9997
9993
9974
9978
9990
9980
9988
9976
9991
9987
9988
9975
9993
9994
9997
9999
9996
9987
9993
9988
9970
9979
9982
9956
9989
9994
10000
9973
9983
9996
9979
9965
9992
9982
9977
9983
9985
9982
9981
9989
9998
9993
9989
9979
9997
9982
9968
9976
9989
9971
9970
9988
9979
9983
9990
9990
9981
9991
9988
9981
9991
9967
9980
9989
9975
9974
9993
9992
9987
9980
9991
9975
9980
9957
9988
9983
9982
9990
9992
9983
9986
9985
9975
9985
9989
9997
9992
9986
9990
9986
9980
9988
9966
9981
9982
9992
9985
9982
9989
9993
9977
9978
9990
9997
9976
9991
9988
9986
9979
9979
9971
9983
9995
9992
9989
9963
9982
9991
9994
9984
9995
9991
9992
9984
9989
9988
9986
9983
9981
9988
9992
9987
9988
9987
9975
9997
9969
9965
9980
9991
9994
9971
9945
9994
9992
9980
9988
9989
9974
9978
9985
9985
9981
9990
9994
9987
9974
9990
10000
9967
9966
9994
9983
9991
9995
9990
9988
9994
9986
9993
9975
9996
9994
9991
9991
9994
9993
9998
9974
9985
9991
9979
9980
9984
9980
9981
10000
9972
9984
9970
9985
9997
9986
9989
9980
9991
9993
9975
9991
9986
9975
9979
9966
9978
9976
9986
9986
9983
9982
9982
9990
9983
9997
9982
9973
9986
9966
9989
9993
9984
9970
9999
9968
9982
9995
9970
9987
9994
9973
9997
9967
9982
9949
9964
9978
9975
9976
9957
9995
9982
9993
9984
9997
9980
9974
9981
9990
9989
9990
9980
9996
9961
9982
9994
9987
9996
9967
9973
9986
9993
9980
9987
9981
9975
9991
9981
9993
9995
9984
9990
9982
9980
9992
9981
9982
9993
9987
9974
9987
9989
9981
9976
9982
9985
9980
9993
9993
9988
9984
9985
9970
9986
9975
9983
9983
9979
9990
9991
9988
9977
9974
9982
9988
9995
9993
9992
9992
9992
9979
9986
9988
9985
9978
9973
9985
9990
9998
9987
9983
9978
9981
9979
9977
9978
9986
9973
9995
9986
9988
9979
9984
9994
9988
9982
9983
9986
9991
9998
9997
9979
9988
9989
9980
9974
9993
9976
9986
9993
9996
