10000
9977
9977
9979
9990
9988
9983
9979
9987
9985
9993
9978
9983
9980
9974
9990
9995
9993
9989
9969
9988
9968
9977
9983
9989
9995
9976
9989
9991
9980
9996
9987
9983
9978
9973
9981
9999
9985
9989
9992
9990
9994
9996
9982
9986
9979
9961
9987
9969
9972
9990
9986
9962
9993
9988
9958
9991
9997
9982
9984
9986
9988
9985
10000
9981
9997
9971
9990
9994
9971
9978
9978
9981
9974
9964
9977
9980
9988
9996
9993
9989
9972
9996
9985
9991
9968
9998
9998
9973
9965
9982
9981
9996
9991
9997
9988
9988
9990
9980
9991
9977
9976
9984
9973
9979
9975
9997
9983
9985
9993
9983
9982
9970
9997
9988
9986
9987
9996
9996
9986
9985
9986
9987
9990
9974
9985
9991
9982
9978
9995
9997
9986
9984
9989
9984
9994
9985
9995
9993
9988
9994
9998
9997
9983
9980
9997
9991
9984
10000
9976
9993
10000
9970
9980
9989
9997
9981
9995
9985
9959
9987
9991
9976
9964
9974
9968
9985
9991
9996
9993
9977
9965
9950
9980
9967
9989
9982
9983
9981
9996
9966
9980
9978
9974
9991
9987
9987
9986
9989
9999
9982
9980
9982
10000
9996
9987
9982
9986
9994
9959
9996
9989
9986
9988
9999
9991
9981
9997
9981
9979
9992
9976
9988
9976
9979
9979
9991
9973
9992
9992
9991
9988
9976
9976
9990
9992
9989
9974
9973
9982
9976
9992
9988
9962
9993
9992
9975
9987
9994
9990
9979
9996
9985
9942
9985
9987
9995
9989
9975
9979
9983
9994
9974
9978
9997
9993
9991
9992
9992
9994
9996
9999
9985
9992
9976
9977
9997
9991
9990
9998
9984
9973
10000
9992
9966
9971
9978
9972
9984
9973
9992
9989
9972
10000
9974
9996
9983
9985
9979
9970
9985
9981
9994
9967
9975
9966
9980
9999
9986
9965
9993
9979
9996
9973
9994
9988
9989
9950
9997
9996
9983
9994
9985
9984
9975
9985
9988
9969
9986
9973
9987
9986
9999
9991
9994
9988
10000
9980
9986
9979
9980
9986
9997
9981
9996
9988
9975
9982
9985
9990
9995
9980
9981
9993
9984
9994
9988
9980
9987
9979
9978
9994
9985
9993
9992
9987
9975
9992
9997
9977
9986
9987
9984
9984
9996
9978
9983
9987
9994
9981
9988
9995
9998
9989
9992
9971
9991
10000
9979
9990
9979
9991
9986
9987
9986
9991
9988
9954
9991
9973
9996
9979
9964
9984
9983
9991
9996
10000
9996
9996
9976
9962
10000
9968
9979
9987
9994
9982
10000
9996
9993
9971
9995
9993
9989
9989
9980
9964
9986
9986
9991
9990
9978
9995
9987
9974
9980
9974
9991
9998
9993
9993
9988
10000
9992
9987
9961
9988
9985
9999
9976
9995
9992
9979
9990
9976
10000
9984
9987
9996
9982
9995
9973
9993
9977
9984
9980
9994
9981
9988
9961
9990
9972
9975
9979
9976
9981
9996
9999
10000
9991
9967
9971
9981
9991
9994
9995
9977
9994
9973
9992
9986
9991
9994
9993
9977
9990
9988
9976
9970
9973
9998
9966
9984
9992
9979
9993
9988
9980
9988
9968
9992
9983
10000
9981
9988
9985
9975
9975
9984
9980
9996
9998
9986
10000
9984
9978
9996
9986
9991
9976
9985
10000
9979
9995
9977
9994
9982
9979
9987
9997
9985
9990
9992
9981
9982
9995
9974
9984
9989
9976
9996
9993
9989
9995
9983
9983
9994
9981
9998
9980
9986
9954
9982
9984
9985
9986
9979
9972
9976
9989
9996
9957
9999
9985
9982
9984
9991
9978
9988
9986
9993
9989
9992
9977
9991
9991
9975
9975
9975
9979
9985
9982
9988
9994
9989
9974
9953
9985
9988
9976
9995
9978
9987
9982
9976
9976
9971
9988
9996
9980
9987
9988
10000
9974
9992
9982
9991
9981
9988
9991
9970
9972
9975
9986
9985
9987
9994
9986
9992
9987
9975
9983
9994
9986
9987
9991
9989
9982
9982
9981
9988
9981
9993
9985
9977
9990
9989
9980
9975
9976
9995
9989
9983
9985
9990
9990
9985
9973
9963
9990
9990
9980
9976
9980
9991
9991
9943
9983
9975
9992
9968
9977
9988
9987
9988
9998
9984
9988
9985
9983
9986
9974
9989
9996
9985
9982
9986
9992
9967
9965
9984
9986
9964
9999
9985
9986
9993
9985
9993
9997
9988
9991
9976
9988
9987
9974
9981
9983
9986
9976
9986
9971
9991
9986
9982
9970
9991
9988
9993
9975
9992
9975
9974
9987
9988
9987
9988
10000
9982
9976
9987
9966
9989
9980
9988
9985
9989
9966
9964
9979
9990
9988
9993
9952
9998
9983
9976
9998
9984
9991
9990
9994
9965
9984
9975
9963
9979
9980
9991
9989
9997
9976
9996
9984
9989
9971
9999
9984
9996
9994
9980
9959
9976
9988
9993
9992
9987
9971
9993
10000
9989
9977
9996
9977
9996
9978
9986
9967
9989
9985
9986
9985
9987
9989
9979
9990
9967
9956
9986
9986
9987
9994
9985
9983
9964
9978
9988
9992
9991
9974
9986
9972
9984
9974
9982
9977
9986
9983
9992
9977
9989
9980
9977
9985
9981
9988
9984
9989
9987
9988
9972
9991
10000
9989
9985
9988
9985
9982
9982
9969
9989
10000
9990
9993
9992
9985
9976
9993
9983
9982
9981
9989
9988
9980
9994
10000
9987
9986
9999
9993
9986
9975
9994
9989
9994
9989
9985
9973
9974
9967
9985
9986
9984
9991
9983
9988
9976
9973
9986
9990
9973
9978
9980
9983
9988
9981
9971
9983
9986
9992
9991
9998
9994
9981
10000
9997
10000
9982
9988
9999
9984
9990
9993
9992
9969
9990
9989
9974
9970
9990
9993
9971
9974
9986
9980
9994
9993
9984
9987
9990
9991
10000
9981
9993
9977
9993
9998
9953
9973
9977
9973
9989
9992
9983
9996
9990
9988
9993
9989
9987
9984
9975
9973
9975
9985
9976
9983
9997
9983
9991
9993
9990
9996
9986
9985
9979
9983
9982
9976
9988
9972
9988
9975
9976
9964
9977
9986
9999
9982
9981
9984
9982
9969
9993
9987
9985
9991
9988
9978
9997
9979
9990
9980
9971
9994
9993
9987
9955
9938
10000
10000
9973
9989
9990
9998
9990
9997
9973
9993
9988
9999
9988
9955
9986
9997
9995
9993
9981
9987
