9989
9989
9967
9979
9983
9988
9960
9990
9988
9993
9987
9986
9979
9989
9964
9976
9983
9966
9984
9961
9977
9984
9984
9989
9990
9996
9979
9982
9994
9989
9979
9982
9993
9978
9987
9989
9988
9985
9970
9993
9986
9978
9952
9998
9988
9980
9992
9982
9988
9986
9992
9989
9973
9983
9999
9992
9967
9959
9990
9976
9976
9987
9996
9992
9973
9999
9993
9964
9989
9973
9981
9983
9983
9986
9983
9977
9983
9981
9974
9970
9986
9996
9991
9987
9989
9971
9995
9980
9969
9988
9982
9981
9982
9986
9990
9991
9981
9955
9980
9991
9991
9992
9979
9993
9982
9995
9993
9987
9985
9989
9996
9995
9975
9979
9973
9983
9992
9983
9961
9987
9991
9988
9993
9985
9984
9994
9987
9976
9993
9980
9990
9982
9978
9978
9975
9984
9982
9993
9995
9986
9967
9987
9990
9973
9981
9990
9976
9963
9986
9994
9985
9994
9984
9983
9987
9971
9987
9965
9988
9973
9989
9973
9989
9978
9978
9991
9989
9991
9995
9979
9961
9982
9997
9997
9976
9994
9961
9978
9973
9982
9985
9980
9993
9996
9994
9993
9946
9977
9982
9974
9995
9988
9991
9983
9986
9971
9985
9988
9983
9995
9976
9974
9986
9995
9985
9994
9969
9990
9994
9981
9987
9993
9990
9987
9981
9981
9992
9978
9985
9984
9989
9995
9992
9962
9988
9979
9995
9993
9984
9968
9985
9985
9998
9994
9984
9970
9986
9980
9974
9948
9971
9995
9987
9977
9987
9963
9982
9987
9986
9992
9982
9990
9991
9967
9985
9978
9983
9979
9990
9975
9994
9984
9979
9993
9989
9983
9995
9970
9976
9994
9996
9994
9996
9984
9986
9991
9980
9985
9977
9963
9987
9993
9981
9985
9998
9976
9986
9982
9995
9988
9977
9988
9978
9989
9989
9994
9966
9983
9982
9990
9984
9984
9983
9985
9988
9988
9996
9975
9997
9976
9980
9968
9993
9980
9988
9984
9988
9995
9995
9995
9978
9985
9998
9982
9987
9977
9984
9988
9985
9971
9990
9983
9995
9992
9992
9981
9990
9995
9990
9994
9987
9987
9988
9982
9995
9996
9979
9969
9977
9968
9974
9983
9973
9963
9982
9998
9977
9979
9987
9978
9967
9993
9988
9986
9979
9996
9983
9997
9976
9980
9977
9974
9985
9973
9990
9983
9987
9978
9989
9976
9986
9992
9992
9972
9994
9980
9960
9974
9985
9979
9988
9990
9985
9977
9993
9997
9970
9992
9971
9977
9982
9996
9984
9996
9972
9990
9978
9992
9984
9983
9995
9985
9990
9987
9984
9994
9991
9982
9975
9993
9990
9956
9991
9979
9994
9993
9978
9984
9992
9994
9996
9991
9988
9982
9978
9997
9995
9982
9982
9989
9986
9976
9992
9965
9973
9985
9988
9994
9983
9983
9974
9966
9992
9980
9982
9989
9981
9982
9972
9972
9989
9969
9953
9987
9987
9986
9976
9977
9978
9985
9986
9990
9980
9989
9991
9965
9977
9997
9988
9994
9974
9971
9983
9995
9987
9979
9981
9986
9985
9981
9969
9969
9998
9981
9980
9995
10000
9988
9989
9986
9985
9992
9982
9977
9991
9997
9985
9996
9992
9991
9979
9971
9994
9965
9985
9987
9991
9991
9981
9982
9985
9990
9997
9986
9989
9976
9982
9986
9990
9965
9965
9980
9965
9976
9985
9976
9973
9996
9983
9993
9986
9987
9993
9988
9963
9988
9987
9986
9970
9976
9989
9985
9990
9988
9987
9983
9964
9982
9987
9975
10000
9988
9979
9992
9970
9993
9955
9987
9997
9973
9984
9985
9985
9988
9994
9985
9994
9986
9990
9984
9994
9990
9978
9984
9975
9990
9972
9993
9995
9978
9969
9992
9987
9996
9993
9976
9991
9985
9991
9976
9987
9984
9986
9980
9982
9984
9978
9976
9992
9982
9986
9976
10000
9987
9996
9985
9989
9991
9990
9986
9980
9984
9990
9993
9984
9987
9992
9983
9984
9980
9981
9991
9992
9974
9971
9979
9985
9981
9957
9990
9991
9985
9986
9992
9971
9981
9970
9995
9989
9992
9979
9982
9996
9988
9991
9992
9983
9984
9985
9989
9972
9994
9988
9979
9997
9968
9988
9974
9990
9986
9988
9989
9973
9984
9988
9980
9993
9986
9982
9992
9980
9997
9997
9993
9993
9980
9989
9983
9979
9984
9977
9984
9984
9990
9987
9982
9991
9994
9994
9979
9976
9999
9993
9991
9993
9992
9984
9991
9982
9965
9994
9994
9957
9979
9994
9965
9976
9983
9981
9997
9981
9979
9986
9982
9989
9998
9974
9993
9982
9987
9991
9979
9981
9957
9991
9986
9990
9988
9995
9986
9987
9982
9989
9975
9989
9963
9988
9989
9970
9991
9977
9974
9971
9977
9980
9996
9981
9990
9960
9993
9992
9996
9990
9983
9980
9991
9983
9997
9983
9986
9972
9981
9981
9971
9986
9987
9991
9984
9992
9978
9988
9978
9985
9987
9981
9985
9982
9988
9982
9981
9983
9998
9981
9982
9976
9994
9987
9996
9989
9978
9996
9986
9975
9993
9991
9992
9989
9998
9973
9988
9989
9998
9988
9986
9989
9981
9987
9978
9984
9953
9987
9984
9992
9982
9964
9989
9991
9986
9990
9977
9981
9967
9985
9996
9990
9985
9993
9991
9986
10000
9995
9981
10000
9985
9991
9995
9984
9988
9978
9993
9972
9970
9976
9989
9992
9993
9987
9967
9987
9992
9982
9980
9978
9993
9971
9977
9990
9986
9989
9997
9985
9986
9987
9976
9989
9985
9995
9992
9974
9981
9995
9985
9967
9979
9992
9999
9985
9990
9979
9989
9992
9990
9976
9971
9989
9990
9978
9992
9994
9994
9992
9980
9984
9993
9981
9981
9974
9982
9989
9994
9985
9974
9988
9982
9994
9991
9989
9992
9988
9998
9987
9960
9984
9979
9980
9979
9997
9972
9977
9963
9982
9997
9995
9982
9972
9981
9982
9996
9974
9991
9987
9984
9988
9998
9990
9982
9992
9973
9992
9990
9986
9976
9993
9965
9987
9973
9973
9969
9979
9996
9987
9981
9991
9971
9987
9993
9981
9977
9980
9961
10000
9974
9990
9991
9980
9994
9977
9982
9977
9989
9984
9975
9972
9987
9989
9991
9970
9995
9994
9979
9984
9980
9994
9971
9989
9993
9989
9986
9978
9981
