9987
9987
9977
9983
9998
9993
9987
9976
9994
9983
9957
9988
9992
9981
9991
9988
9968
9995
9997
9990
9968
9991
9970
9990
9984
9993
9990
9984
9979
9981
9982
9977
9980
9971
9978
9987
9995
9989
9990
9980
9986
9981
9994
9994
9996
9997
9975
9986
9979
9986
9978
9994
9970
9990
9977
9990
9983
9994
9989
9984
9992
9998
9999
9977
9986
9975
9986
9985
9960
9982
9983
9991
9981
9984
9981
9967
9990
9988
9991
9977
9993
9993
9994
9988
9982
9987
9990
9983
9993
9981
9985
9979
9991
9991
9990
9975
9995
9985
9997
9981
9992
9966
9992
9997
9995
9990
9992
9976
9990
9985
9988
9987
9998
9995
9984
9999
9971
9974
9999
9992
9982
9976
9992
9992
9981
9966
9990
9984
9976
9976
9971
9997
9997
9991
9973
9994
9989
9987
9996
9993
9984
9987
9982
9991
9986
9981
9982
9958
9946
9985
9991
9977
9993
9991
9985
9968
9989
9974
9983
9992
9995
9971
9984
9996
9978
9984
9991
9981
9960
9987
9987
9985
9972
9968
9965
9991
9983
9992
9986
9980
9983
9970
9990
9991
9973
9984
9978
9991
9990
9991
9990
9968
9975
9983
9994
9993
9989
9973
9988
9987
9984
9988
9996
9989
9970
9991
9970
9989
9982
9974
9980
9978
9989
9973
9984
9989
9984
9982
9995
9978
9976
9985
9994
9975
9984
9981
9996
9990
9976
9996
9981
10000
9991
9996
9983
9990
9978
9973
9997
9995
9973
9977
9969
9983
9981
9981
9991
9982
9986
9993
9982
9990
9957
9983
9991
9994
9986
9976
9984
9996
10000
9975
9984
9990
9998
9998
9974
9985
9964
9987
9992
9990
9984
9974
9996
9973
9975
9981
9964
9991
9978
9972
9974
9985
9982
9983
9979
9995
9982
9997
9981
9995
9978
9989
9982
9992
9995
9976
9990
9987
9980
9995
9993
9963
9982
9991
9993
9972
9968
9993
9989
9993
9989
9969
9957
9990
9989
9986
9992
9992
9992
9993
9998
9990
9993
9992
9975
9995
9998
9992
9968
9964
9992
9991
9993
9989
9977
9972
9987
9988
9992
9998
9992
9993
9989
9966
9984
9996
9980
9991
9988
9978
9981
9991
9984
9987
9982
9995
9981
9989
9996
9980
9958
9973
9991
9991
9998
9989
9981
9954
9974
9981
9994
9984
9999
9968
9993
9994
9994
9992
9982
9986
9980
9985
9980
9984
9985
9973
9982
9989
9973
9987
9989
9976
9978
9985
9995
9986
9981
9978
9975
9991
9978
9986
9994
9984
9988
9979
9988
9989
9983
9987
9992
9990
9990
9986
9992
9988
9985
9973
9984
9982
9991
9981
9987
9992
9981
9993
9991
9987
9992
9974
9982
9998
9998
9975
9994
9987
9988
9988
9976
9992
9995
9986
9976
9997
9993
9978
9987
9981
9992
9988
9978
9995
9982
9974
9992
9977
9986
9984
9971
9992
9989
9983
9996
9968
9965
9989
9987
9982
9976
9985
9984
9984
9979
9983
9992
9972
9989
9985
9975
9985
9983
9983
9990
9990
9987
9989
9981
9994
9991
9992
9982
9995
9979
9996
9990
9991
9987
9995
9989
9977
9978
9981
9987
9985
9993
9996
9981
9968
9989
9991
9985
9984
9974
9984
9995
9989
9985
9979
9992
9981
9974
9959
9978
9990
9984
9985
9985
9981
9988
9984
9989
9990
9982
9988
9983
9963
9988
9962
9980
9991
9994
9992
9993
9964
9988
9983
9983
9988
9987
9986
9995
9973
9980
9981
9995
9976
9983
9993
9955
9980
9989
9985
9984
9986
9993
9979
9987
9999
9997
9981
9993
9994
9996
9979
9983
9987
9991
9988
9985
9979
9991
9965
9984
9991
9984
9989
9995
9987
9983
10000
9984
9985
9991
9989
9993
9987
9976
9982
9989
9987
9971
9976
9986
9985
9980
9984
9976
9995
9972
9986
9985
9984
9977
9982
9994
9973
9997
9980
9987
9970
9983
9991
9958
9991
9980
9995
9992
9967
9979
9988
9988
9988
9982
9964
9991
9985
9980
9969
9983
9985
9986
9977
9993
9977
9975
9983
9985
9984
9991
9989
9989
9956
9977
9979
9995
9982
9960
9991
9970
9973
9980
9990
9977
9972
9975
9992
9995
9992
9990
9995
9989
9991
9998
9988
9992
9991
9968
9976
9989
9987
9987
9995
9970
9977
9979
9981
9972
9998
9960
9981
9959
9984
9995
9977
9989
9991
9988
9993
9976
9999
9985
9993
9990
9974
9996
9986
9989
9998
9981
9991
9991
9971
9992
9987
9978
9973
9978
9991
9986
9991
9991
9980
9978
9994
9990
9987
9990
9997
9980
9981
9986
9990
9988
9992
9992
9978
9959
9990
9993
10000
9971
9979
9978
9994
9975
9981
9998
9968
9988
9987
9972
9987
9996
9984
9977
9970
9985
9983
9976
9957
9975
9981
9977
9987
9990
9990
9984
9989
9994
9982
9992
9962
9981
9989
9977
9986
9981
9970
9979
9968
9981
9977
9983
9979
9983
9994
9995
9977
10000
9998
9987
9991
9990
9991
9980
9991
9986
9981
9990
9990
9991
9977
9964
9994
9993
9988
9993
9963
9982
9978
9979
9947
9980
9978
9986
9997
9981
9992
9986
9982
9981
9995
9969
9971
9981
9990
9992
9998
9996
9986
9986
9991
9968
9974
9983
9978
9977
9982
9995
9980
9993
9990
9987
9987
9978
9984
9980
9988
9992
9993
9989
9980
9990
9979
9991
9981
9968
9985
9988
9992
9993
9986
9976
9953
9991
9991
9986
9995
9976
9984
9988
9958
9984
9989
9985
9985
9975
9980
9969
9982
9990
9988
9981
9987
9959
9970
9978
9968
9976
9979
9983
9987
9976
9984
9975
9991
9992
9990
9984
9987
9965
9993
9995
9991
9992
9975
9963
9986
9977
9993
9976
9969
9993
9985
9988
9982
9991
9992
9985
9992
9995
9989
9982
9976
9995
9981
9984
9986
9976
9990
9989
9985
9991
9983
9985
9994
9955
9984
9981
9995
9981
9989
9976
9962
9981
9973
9990
9995
9953
9971
9994
9993
9982
9981
9984
9983
9996
9978
9978
9987
9985
9972
9971
9994
9984
9970
9989
9984
9997
9980
9985
9987
9989
9972
9962
9991
9967
9987
9984
9988
9975
9978
9986
9980
9991
9986
9981
9975
9984
9977
9996
9975
9996
9996
9986
9968
9985
9985
