9992
9970
9989
9985
9981
9974
9990
9987
9985
9998
9978
9982
9977
9991
9995
9990
9994
9985
9995
9986
9978
9988
9984
9986
9988
9972
9981
9982
9968
9985
9993
9988
9983
9992
9977
9995
9995
9990
9990
9980
9992
9988
9982
9963
9977
9966
9977
9974
9986
9984
9968
9977
9982
9977
9978
9962
9999
9982
9967
9994
9979
9985
9993
9968
9974
9983
9994
9984
9973
9986
9980
9988
9991
9992
9981
9989
9970
9977
9990
9977
9978
9990
9985
9984
9993
9997
9981
9985
9995
9986
9988
9986
9978
9991
9988
9988
9968
9994
9986
9983
9966
9984
9985
9978
9982
9982
9991
9991
9984
9976
9991
9967
9980
9993
9987
9988
9967
9990
9984
9981
9969
9985
9989
9991
9977
9971
9954
9989
9982
9990
9981
9972
9985
9972
9988
9986
9984
9997
9982
9965
9970
9995
9971
9997
9980
9992
9986
9983
9971
9967
9993
9999
9964
9988
9963
9985
9981
9983
9969
9987
9992
9984
9990
9983
9982
9982
9987
9963
9994
9990
9989
9979
9995
9986
9981
9997
9985
9981
9963
9980
9990
9980
9958
9967
9993
9969
9981
9991
9994
9979
9996
9979
9984
9991
9977
9985
9994
9986
9996
9998
9998
9988
9983
9988
9989
9979
9990
9987
9993
9984
9982
9981
9963
9994
9990
9982
9994
9983
9996
9982
9993
9991
9989
9996
9969
9988
9986
9979
9993
9971
9978
9983
9974
9994
9990
9968
9978
9982
9986
9991
9989
9995
9994
9976
9982
9981
9995
9992
9985
9971
9990
9987
9984
9981
9996
9980
9983
9987
9988
9943
9984
9989
9986
9994
9978
9992
9990
9990
9983
9980
9969
9983
9992
9988
9970
9987
9970
9985
9983
9987
9982
9973
9969
9990
9989
9990
9988
9985
9994
9987
9967
9990
9980
9984
9991
9983
9981
9990
9993
9983
9962
9979
9987
9985
9991
9965
9999
9982
9963
9949
9981
9978
9991
9976
9984
9970
9986
9987
9995
9966
9976
9988
9979
9979
9985
9966
9991
9984
9969
9985
9978
9984
9991
9985
9978
9991
9984
9967
9982
9999
9973
9982
9989
9992
9992
9985
9991
9978
9987
9984
9983
9993
9995
9976
9992
9989
9987
9980
9977
9989
9991
9970
9979
9984
9978
9987
9979
9989
9979
9980
9993
9993
9985
9988
9964
9986
9977
9986
9996
9979
9996
9996
9971
9979
9981
9993
9980
9987
9982
9974
9962
9991
9983
9982
9983
9989
9983
9975
9984
9988
9976
9990
9982
9988
9978
9990
9983
9996
9973
9974
9989
9987
9988
9974
9979
9989
9967
9987
9981
9990
9976
9997
9974
9996
9995
9992
9963
9996
9994
9996
9985
9994
9986
9979
9972
9984
9984
9998
9977
9993
9980
9994
9990
9982
9992
9989
9988
9985
9981
9976
9979
9991
9991
9965
9988
9992
9993
9991
9997
9993
9983
9988
9979
9979
9990
9992
9975
9988
9980
9989
9970
9980
9973
9980
9989
9993
9979
9982
9995
9988
9985
9983
9980
9981
9980
9995
9994
9978
9998
9998
9990
9984
9992
9987
9987
9962
9986
9982
9982
9997
9992
9982
9996
9987
9986
9993
9989
9986
9987
9995
9979
9987
9989
9990
9993
9980
9984
9983
9993
9959
10000
9990
9998
9991
9984
9985
9997
9985
9986
9971
9981
9992
9987
9974
9987
9990
9987
9975
9992
9969
9990
9990
9981
9980
9984
9982
9995
9993
9986
9984
9989
9985
9966
9966
9966
9991
9981
9990
9994
9984
9986
9995
9991
9986
9993
9987
9976
9988
9971
9979
9949
9980
9975
9991
9996
9983
9985
9997
9998
9984
9988
9987
9994
9985
9984
9989
9973
9991
9981
9992
9993
9989
9989
9992
9992
9973
9997
9979
9988
9994
9998
9994
9983
9993
9990
9992
9991
9991
9994
9986
9970
9985
9991
9980
9968
9980
9988
9995
9995
9969
9985
9973
9974
9977
9986
9990
9990
9992
9981
9979
9992
9981
9987
9988
9990
9983
9990
9993
9997
9985
9972
9990
9977
9977
9992
9980
9971
9999
9991
9983
9988
9988
9966
9979
9970
9978
9991
9979
9984
9992
9973
9983
9993
9996
9992
9988
9991
9972
9981
9962
9975
9972
9995
9987
9999
9980
9989
9985
9977
9979
9975
9984
9989
9987
9989
9981
9968
9974
9991
9977
9956
9989
9992
9980
9996
9987
9982
9988
9982
9986
9993
9988
9996
9974
9981
9992
9989
9990
9992
9987
9977
9990
9968
9985
9979
9992
9983
9976
9975
9984
9979
9978
9991
9982
9999
9986
9995
9946
9984
9985
9978
9971
9993
9995
9990
9980
9977
9992
9986
9996
9978
9978
9969
9991
9986
9960
9969
9979
9989
9970
9986
9991
9937
9987
9984
9995
9992
9974
9968
9984
9987
9989
9984
9989
9996
9995
9988
9997
9997
9994
9999
9991
9986
9987
9996
9983
9995
9973
9984
9984
9990
9988
9987
9986
9982
9979
9990
9990
9978
9984
10000
9981
9976
9972
9988
9980
9996
9988
9987
9991
9994
9996
9985
9975
9970
9984
9972
9999
9998
9975
9991
9990
9958
9992
9996
9995
9987
9978
9985
9987
9985
9991
9991
9982
9998
9977
9987
10000
9970
9979
9984
9994
9991
9989
9984
9979
9979
9969
9984
9989
9983
9993
9984
9976
9991
9989
9995
9990
9973
9982
9989
9983
9968
9972
9982
9992
9971
9997
9981
9988
9987
9983
9974
9986
9990
9988
9997
9988
9969
9996
9979
9989
9980
9982
9995
9976
9991
9980
9996
9983
9974
9985
9993
9984
9986
9975
9980
9984
9984
9990
9990
9981
9969
9977
9984
9979
9988
9977
9970
9995
9990
9993
9977
9991
9984
9997
9994
9995
9986
9982
9991
9982
9987
9985
9975
9993
9957
9971
9988
9988
9967
9992
9966
9985
9989
9989
9945
9977
9996
10000
10000
9991
9992
9985
9987
9989
9986
9976
9981
9984
9966
9989
9981
9996
9954
9984
9975
9980
9980
9993
9977
9984
10000
9980
9989
9987
9992
9969
9984
9984
9974
9982
9993
9993
9993
9969
9968
9962
9997
9988
9991
9983
9973
9980
9983
9997
9976
9995
9975
9988
9989
9990
9973
9990
9988
9990
9989
9990
9983
9985
9986
9986
9984
9983
9991
9984
9968
9973
9987
9986
