9981
9991
9978
9990
9979
9989
10000
9993
9992
9987
9994
9987
9973
9987
9982
9982
9985
9977
9989
9985
9995
9986
9976
9981
9981
9993
9971
9984
9992
9995
9995
9985
9968
9975
9987
9994
9972
9972
9975
9991
9988
9974
9997
9985
9977
9992
9994
9992
9989
9993
9955
9989
9986
9997
9987
9971
9987
9963
9981
9998
9987
10000
9983
9982
10000
9982
9978
9990
9973
9982
9990
9982
9985
9994
9977
9990
9979
9961
9961
9988
9980
9990
9999
9994
9993
9983
9990
9988
9977
9974
9986
9995
9992
9979
9984
9980
9975
9990
9994
9996
9994
9986
9985
9990
9989
9993
9977
10000
9987
9999
9990
9999
9979
9991
9964
9971
9997
9995
9987
9979
9969
9985
9987
9978
9986
9986
9991
9998
9993
9994
9986
9968
9992
9986
9982
9977
9992
9971
9980
9987
9984
9985
9990
9991
9993
9990
9988
9976
9988
9998
9977
9992
9951
9987
9993
9976
9979
9992
9967
9987
9969
9979
9978
9981
9980
9984
9980
9996
9977
9991
9979
9996
9981
9975
9970
9984
9987
9979
9978
9994
9965
9983
9963
9985
9985
9990
9987
9983
9985
9971
9991
9987
9971
9999
9982
9985
9987
9985
9997
9984
9986
9994
9994
9996
9996
9985
9991
9995
9982
9984
9970
9980
9987
9980
9971
9977
9984
9978
9970
9989
9989
9977
9982
9986
9996
9984
9987
9988
9985
9976
9994
9993
9987
9988
9990
9983
9994
9984
9986
9989
9961
9987
9969
9996
9986
9988
9994
9959
9982
9962
9986
9982
10000
9977
9991
9991
10000
9975
9982
9993
9995
9992
9994
9974
9985
9985
9978
9982
9995
9989
9986
9987
9999
9965
9986
9994
9979
9990
9987
9985
9976
9965
9980
9976
9963
9995
10000
9989
9992
9988
9995
9993
9948
9989
9979
9980
9988
9988
9991
9985
9992
9986
9989
9994
9992
9983
9983
9978
9979
9986
9960
9991
9994
9988
9989
9989
9987
9990
9983
9984
9980
9978
9989
9990
9987
9985
9979
9988
9995
9989
9968
9991
9978
9985
9987
9970
9997
9989
9993
9976
10000
10000
9980
9990
9974
9999
9986
9981
9996
9988
9989
9971
9993
9988
9988
9981
10000
9983
9990
9987
9973
9966
9993
9973
9968
9984
9978
9998
9985
9993
9969
9976
9971
9982
9994
9990
9996
9997
9988
9990
9989
9994
9964
9974
9975
9995
9980
9982
9973
9981
9993
9979
9988
9981
9986
9993
9989
9983
9973
9990
9994
9989
9992
9990
9990
9972
9975
9980
9982
9977
9956
9979
9989
9989
9984
9983
9987
9969
9996
9997
9982
9996
9981
9979
9987
9985
9994
9983
9970
9994
9982
9986
9997
9968
9996
9988
9990
9978
9987
9999
9993
9991
9990
9973
9981
9987
9983
9996
9995
9998
9987
9999
9974
9968
9993
9986
9979
9986
9996
9977
9991
9978
9990
9996
9987
9989
9987
9975
9959
9976
9984
9978
10000
9977
9971
9993
9975
9976
9995
9983
10000
9977
9983
9991
9997
9979
9985
9996
9976
9997
9989
9961
9984
9985
9980
9996
9996
9987
9992
9991
9987
9994
9981
9987
9978
9980
9991
9994
9987
9989
9997
9987
9988
9998
9991
9979
9983
9993
9982
9983
9987
9984
9998
9994
9985
9981
9997
9984
9968
9992
9983
9988
9986
9984
9993
9990
9995
9989
9976
9993
9955
9985
9987
9984
9987
9988
9992
9983
9976
9995
9982
9992
9995
9984
9979
9983
9990
9978
9987
9987
9993
9991
9999
9999
9983
9987
9968
9982
9988
9989
9986
9968
9987
10000
9969
9984
9981
9989
9997
9975
9969
9985
9988
9987
9980
9984
9987
9968
9986
9991
9992
9995
9988
9972
9985
9985
9973
9994
9986
9974
9977
9992
9988
9983
9983
9971
9990
9975
9962
9985
9992
9976
9985
9993
9998
9993
9997
9978
9968
9985
9986
9967
9974
9978
9982
9992
9972
9988
9988
9993
9975
9991
9999
9989
9976
9997
9993
9989
9989
9996
9990
9992
9984
9989
9973
9992
9998
9989
9989
9987
9995
9994
9980
9988
9936
9981
9983
9973
9972
9972
9977
9991
9977
9991
9986
9994
9975
9976
9994
9988
9975
9978
9990
9983
9998
9967
9992
9987
9977
9994
9984
9992
9989
9978
9989
9989
9979
9978
9990
9988
9991
9995
9993
9979
9967
9987
9980
9992
9974
9997
9992
9982
9987
9992
9977
9966
9998
9986
9998
9969
9983
9999
9981
9978
9984
9971
9996
10000
9993
9967
9980
9981
9987
9982
9990
9975
9982
9967
9993
9998
9982
9982
9976
9988
9976
9985
9978
9988
9995
9998
9992
9976
9989
9990
9996
9992
9989
9988
9984
9985
9983
9973
9990
9992
9980
9988
9972
9989
9986
9995
9983
9999
9985
9992
9973
9988
9986
9985
9992
9991
9986
9992
9981
9985
9990
9974
9987
9978
9994
9959
9992
9976
9984
9993
9973
9971
9968
9972
9991
9993
9971
9993
9992
9978
9992
9988
9989
9973
9996
9981
9986
9994
9985
9994
9981
9976
9982
9980
9997
9991
9984
9990
9969
9998
9982
9978
9977
9980
9970
9975
9980
9978
9986
9992
9979
9988
9944
9990
9994
9980
9986
10000
9995
9992
9989
9987
9987
9995
9981
9990
9985
9994
9982
9996
9978
9990
9989
9986
9990
9979
9971
9990
9994
9983
9989
9979
9986
9990
9974
9985
9983
9983
9992
9980
9993
9992
9987
9957
9983
9987
9980
9983
9982
9983
9993
9975
9986
9969
9995
9991
9983
9992
9989
9984
9978
9988
9986
9993
9984
9991
9972
9973
9987
9987
9983
9985
9987
9986
9993
9989
9991
9992
9993
9971
9990
9982
9993
9976
9975
9987
9990
9997
9990
9972
9992
9982
9991
9996
9989
9974
9986
9983
9997
9994
9984
9989
9995
9999
9979
9995
9989
9996
9985
9980
9986
9980
9968
9992
9985
10000
9986
9994
9981
9957
9994
9996
9990
9996
9964
9968
9998
9964
9975
9974
9994
9988
9982
9977
9976
9971
9962
9972
9988
9977
9994
9990
9987
9987
9994
9983
9965
9988
9989
9972
9980
9984
9996
9982
9975
9990
9975
9985
9987
9981
9983
9971
9996
9982
9981
9982
9992
9978
9976
10000
9982
9986
9983
9997
9991
9968
