10000
9980
10000
9982
9961
10000
9994
9984
9981
9970
10000
9997
9985
9996
10000
10000
9978
10000
10000
9996
10000
10000
9989
9988
9993
9970
10000
10000
9978
10000
10000
10000
10000
10000
10000
10000
10000
10000
9999
10000
9986
9992
9987
10000
10000
9983
9989
10000
9987
9989
9986
10000
9981
9987
10000
10000
9968
9995
10000
10000
9985
10000
9982
10000
10000
9993
9984
9997
10000
9979
9993
9963
9992
9986
9968
9993
10000
9986
10000
10000
9985
10000
10000
9985
9999
10000
9995
10000
10000
9985
9977
9966
10000
9988
10000
10000
9974
9983
10000
10000
10000
10000
10000
9979
9986
9987
9982
10000
9998
9995
10000
10000
9980
9984
9995
10000
9983
10000
10000
10000
10000
10000
10000
9984
9987
9995
10000
9986
9977
10000
10000
9985
9996
10000
10000
10000
9991
9988
9963
10000
10000
10000
9990
9986
9985
9984
10000
10000
10000
10000
10000
10000
9986
9960
10000
9983
9984
9994
10000
9981
10000
10000
9992
9967
10000
9987
10000
9982
9991
9991
9997
10000
9984
9990
10000
9989
9974
10000
10000
10000
9993
10000
9976
10000
9988
9997
10000
9988
9965
10000
9997
10000
9998
9970
9989
10000
10000
9983
9980
10000
10000
9976
9988
10000
9981
9992
9979
9982
10000
9967
9987
9986
9977
10000
9998
9989
9979
9991
10000
9973
10000
10000
9991
9997
9980
9979
9999
9972
10000
10000
10000
9983
9982
9989
9985
10000
10000
9965
10000
10000
10000
10000
9991
9981
10000
9978
9989
10000
9977
9994
9961
10000
10000
9980
9988
10000
10000
9989
10000
9999
9992
9994
9973
10000
9992
9976
9989
9994
10000
9996
9992
9989
9979
9994
10000
9993
10000
9973
10000
10000
9981
10000
10000
9974
9984
9991
10000
9982
10000
9972
9992
9982
10000
10000
9987
10000
9985
10000
9994
10000
9985
9973
10000
9983
9985
9999
9998
10000
10000
10000
9992
9991
9971
9968
9985
9983
10000
10000
9990
10000
9984
9976
9980
10000
10000
9977
10000
9992
10000
10000
9980
10000
9983
10000
9995
10000
10000
9969
10000
10000
9989
9987
9967
10000
10000
10000
9980
9994
9993
10000
9985
9989
9995
10000
9999
10000
9991
9960
10000
9992
9993
10000
9989
9983
10000
9974
9990
10000
9956
10000
10000
9985
9995
10000
10000
10000
9993
9979
10000
9991
9976
9987
10000
10000
10000
9971
9992
9988
9973
9991
10000
9998
9982
10000
10000
9994
9977
9984
10000
10000
10000
9995
9991
10000
9996
10000
9993
10000
9997
9979
9980
9985
9981
9997
9990
10000
9969
9978
10000
9968
9983
9996
10000
10000
10000
9996
9977
9995
10000
10000
10000
9978
10000
10000
9991
10000
9991
9987
9992
9990
9993
10000
10000
10000
10000
9971
10000
10000
9991
9991
9978
10000
10000
10000
9993
10000
10000
9969
10000
9956
9989
9988
9997
9992
10000
10000
10000
9998
9988
9978
10000
10000
10000
9984
9986
10000
9983
10000
9998
10000
9996
9974
10000
10000
9972
10000
9992
10000
9989
9968
10000
10000
10000
10000
9968
10000
9985
9970
10000
9967
9986
10000
9981
9979
9972
9976
9982
9987
10000
9992
9986
10000
10000
9980
9997
10000
9996
10000
10000
9977
9974
10000
10000
9962
9985
9985
10000
10000
10000
9985
10000
9967
10000
9994
9995
10000
9970
9993
9986
10000
10000
9999
9986
9975
9990
10000
9978
10000
10000
9979
9967
10000
10000
9986
9988
9989
9997
9986
9976
9966
9986
9987
9980
9980
10000
9983
9989
9980
10000
10000
9987
9989
9965
9996
9990
10000
10000
10000
9992
9988
9973
9993
9973
9988
9988
10000
10000
10000
9995
10000
10000
10000
9990
9980
9980
9994
9982
10000
10000
9979
10000
9971
10000
10000
9988
10000
9980
10000
10000
10000
10000
9947
9996
10000
9981
9968
9984
9991
10000
9975
10000
10000
10000
10000
9986
9982
9983
10000
9993
9986
9987
9975
9992
9989
10000
10000
10000
10000
10000
9979
10000
9983
9999
9979
10000
10000
9996
10000
9982
10000
9983
9983
9984
9999
10000
10000
10000
10000
9998
9992
9994
10000
9995
10000
10000
9984
10000
9982
9981
10000
10000
10000
9968
9977
10000
9980
10000
9983
9984
9983
9981
9990
10000
10000
9990
10000
10000
9995
9989
10000
10000
10000
9982
10000
10000
9975
9987
10000
10000
9985
9994
9977
10000
10000
10000
9990
10000
9993
10000
9997
10000
9984
10000
10000
10000
9995
9994
10000
9985
10000
10000
10000
9983
10000
9980
9979
10000
9981
10000
10000
9989
9984
10000
9995
10000
9985
10000
10000
10000
10000
9978
9984
10000
10000
9984
10000
10000
10000
9979
9953
10000
9981
9995
9984
10000
9990
10000
10000
9982
9982
9992
9992
9999
9976
10000
9998
10000
10000
9981
9986
10000
9990
10000
10000
9984
10000
10000
9997
10000
10000
10000
9977
9991
10000
10000
10000
9968
10000
9990
9982
9992
9986
10000
10000
9975
10000
10000
10000
9977
9983
9983
10000
10000
10000
9980
10000
9989
10000
10000
9980
9991
9984
9982
10000
10000
9980
9962
9995
9995
10000
9987
10000
9988
9998
10000
10000
10000
9988
9988
9978
9999
9984
9998
10000
9982
9988
9980
9993
10000
10000
10000
9992
9974
9982
9986
9966
9986
9991
10000
9985
10000
10000
10000
9993
9988
10000
9976
10000
10000
10000
9950
9998
9982
10000
9974
10000
9989
10000
9971
9956
9990
9984
9982
9982
10000
9987
9989
9988
9968
9999
10000
10000
10000
9988
9991
10000
9989
9997
9976
10000
10000
10000
10000
10000
9981
10000
9978
9997
10000
10000
9980
10000
9981
10000
9983
10000
10000
9981
9977
9976
9986
9984
10000
10000
10000
10000
10000
9992
9986
10000
10000
10000
10000
9993
9966
9985
10000
10000
10000
10000
10000
9996
10000
9984
10000
10000
10000
10000
10000
10000
9995
9981
10000
9995
9994
10000
9980
10000
10000
9983
9996
9991
9989
10000
9966
9984
10000
10000
9980
9987
10000
9988
10000
9979
9992
10000
9976
9998
10000
10000
9970
10000
9982
9980
9991
10000
9995
10000
9976
9986
9977
9996
9988
10000
9995
10000
9978
9969
9997
9985
10000
10000
9970
9999
9979
10000
9979
9990
9991
10000
