10000
10000
10000
10000
10000
9996
9999
10000
10000
9999
10000
9999
10000
9999
9982
10000
10000
10000
9999
10000
9994
9998
10000
9974
10000
10000
9997
9992
10000
10000
10000
9996
10000
9998
10000
10000
9999
9996
10000
9991
10000
10000
9993
10000
9997
9998
10000
10000
10000
10000
10000
10000
10000
9999
10000
10000
10000
10000
10000
9998
10000
10000
10000
9998
10000
10000
9999
9995
10000
9999
10000
9996
9999
10000
10000
10000
9995
9999
9996
10000
10000
10000
9999
9999
9999
9999
10000
10000
9973
9996
10000
10000
9997
10000
9998
10000
10000
10000
10000
10000
10000
10000
10000
10000
10000
10000
10000
10000
10000
10000
9999
10000
10000
10000
10000
10000
9999
10000
10000
9998
10000
10000
10000
10000
9995
10000
10000
9997
10000
10000
10000
10000
10000
9997
10000
10000
10000
9998
10000
9997
9997
10000
10000
10000
9992
10000
9988
9999
10000
10000
10000
9999
10000
9996
9999
9999
10000
9999
10000
10000
9998
10000
10000
10000
10000
10000
9999
10000
9995
10000
10000
10000
10000
9998
10000
10000
9999
10000
9999
9999
9998
10000
9995
10000
9994
10000
10000
9996
9992
9999
9998
10000
10000
10000
10000
10000
10000
10000
10000
10000
9999
9999
9999
10000
9999
10000
10000
10000
9991
9999
10000
10000
10000
10000
10000
10000
10000
10000
10000
9990
10000
10000
9995
10000
9996
9997
9998
10000
10000
10000
10000
9999
10000
9999
10000
10000
10000
10000
10000
10000
9997
10000
9999
9995
10000
10000
10000
10000
10000
10000
10000
10000
9994
10000
10000
9999
9994
9997
10000
9999
10000
10000
10000
9999
9997
9967
10000
10000
10000
10000
9999
10000
10000
10000
9995
10000
10000
10000
10000
9999
10000
9998
10000
10000
10000
9999
10000
10000
9999
10000
10000
10000
10000
9749
9998
10000
10000
10000
10000
9999
10000
10000
9999
10000
10000
9999
9990
10000
9999
10000
9999
10000
9999
10000
10000
9999
10000
10000
9995
10000
9998
10000
10000
10000
9998
10000
9985
10000
9999
9992
10000
10000
9990
10000
9999
10000
10000
9999
9999
10000
10000
10000
10000
10000
10000
10000
10000
10000
10000
10000
10000
9998
10000
9995
10000
9992
10000
10000
9987
10000
9998
9990
9999
10000
9998
10000
10000
10000
9997
9996
10000
9996
10000
9998
9999
10000
10000
10000
9995
10000
9999
10000
9996
9999
10000
10000
10000
9998
10000
10000
10000
10000
10000
10000
9999
10000
10000
10000
10000
10000
9998
9997
9997
10000
10000
10000
9998
9999
9993
10000
10000
9999
9999
10000
10000
10000
9999
9999
10000
9993
10000
10000
10000
10000
10000
9998
9988
10000
10000
10000
9983
10000
10000
10000
10000
10000
10000
9988
10000
9999
10000
9993
9999
10000
9999
9996
10000
9998
10000
10000
9997
10000
10000
9998
10000
10000
10000
10000
9999
10000
10000
9993
10000
10000
10000
10000
10000
9999
10000
10000
10000
10000
9999
10000
9998
9996
10000
9998
9999
10000
10000
9995
9975
10000
10000
10000
10000
10000
9999
9999
10000
10000
10000
10000
10000
10000
9988
10000
9999
10000
10000
10000
9999
10000
10000
9983
10000
9986
10000
10000
10000
10000
9999
9994
10000
9999
10000
10000
9999
9999
10000
10000
9995
9996
9997
10000
10000
10000
9998
9701
10000
10000
10000
9997
10000
10000
9990
10000
10000
9999
10000
10000
9991
10000
10000
9986
10000
9994
10000
9999
10000
10000
10000
10000
10000
10000
10000
10000
9999
10000
10000
9998
9999
10000
9988
10000
10000
10000
9998
9999
9988
10000
9999
10000
10000
9999
10000
10000
9999
10000
9999
10000
9997
10000
10000
10000
10000
10000
9996
9998
9995
9992
10000
10000
10000
10000
10000
10000
10000
10000
10000
10000
9999
9999
9997
10000
10000
10000
9998
10000
10000
10000
10000
9999
10000
10000
10000
10000
10000
10000
9999
10000
9994
9999
10000
10000
9989
9997
9997
10000
10000
10000
10000
9999
10000
10000
9997
10000
10000
10000
10000
10000
9995
10000
9989
10000
10000
10000
10000
9998
10000
10000
9999
10000
9983
10000
9993
10000
9982
9999
10000
10000
10000
10000
9997
10000
10000
9982
9985
10000
10000
9998
10000
10000
9999
9994
9999
10000
10000
10000
10000
9995
10000
10000
9997
9993
9998
9999
9999
10000
10000
9999
10000
9985
10000
9998
10000
9999
10000
10000
10000
9999
10000
10000
10000
10000
10000
10000
10000
10000
10000
9999
10000
10000
9994
9994
9996
10000
9993
10000
9997
10000
10000
10000
10000
10000
10000
9999
10000
10000
9981
10000
10000
10000
10000
9999
9997
9997
10000
9999
10000
10000
10000
10000
9997
10000
10000
10000
10000
10000
9999
10000
10000
10000
9995
10000
10000
10000
10000
9999
10000
9999
9998
10000
10000
10000
9998
10000
9999
10000
10000
9998
10000
9999
10000
10000
10000
10000
9999
9998
10000
10000
10000
10000
10000
10000
10000
9999
10000
9999
9999
10000
9997
10000
9999
10000
10000
10000
9998
10000
9987
10000
10000
9998
10000
9998
9999
10000
10000
10000
10000
10000
10000
10000
10000
9999
9999
10000
10000
10000
9999
9998
9999
10000
9998
10000
10000
9991
10000
10000
10000
10000
9998
10000
9999
10000
10000
9999
10000
10000
10000
10000
10000
10000
10000
9998
10000
9999
10000
10000
10000
10000
10000
10000
10000
10000
9999
9997
9999
9993
10000
10000
10000
9998
10000
9998
10000
10000
9998
9999
9998
10000
9999
9997
9999
9999
10000
10000
9999
10000
9997
9999
10000
10000
10000
10000
10000
10000
10000
9999
10000
10000
10000
10000
9998
9994
10000
10000
9998
10000
9996
9997
10000
10000
10000
9998
10000
10000
10000
10000
10000
10000
9999
10000
9999
10000
10000
9999
10000
10000
10000
10000
9999
10000
10000
10000
9978
10000
10000
10000
10000
10000
10000
10000
10000
10000
10000
9994
10000
9997
10000
9996
10000
9991
10000
10000
9995
10000
10000
10000
9999
9999
9987
9999
10000
9999
10000
10000
10000
9992
10000
9999
10000
9999
9999
9998
10000
10000
10000
9999
10000
10000
10000
10000
9993
10000
9999
9999
9993
10000
9998
10000
9999
10000
9999
10000
10000
10000
10000
10000
9999
9992
10000
10000
10000
10000
9999
9987
10000
9999
