9971
9985
9977
9983
9992
9986
9996
9984
9985
9985
9991
9990
9991
9985
9987
9986
9989
9963
9945
9985
9987
9993
9985
9998
9994
9996
9991
9982
9986
9974
9965
9980
9987
9974
9996
9974
9992
9997
9987
9986
9990
9977
9985
9993
9994
9980
9971
9983
9965
9985
9993
9996
9994
9975
9983
9990
9986
9967
9993
9994
9991
9987
9994
9996
9985
9966
9959
9980
9985
9986
9987
9990
9989
9985
9989
9990
9989
9968
9989
9974
9994
10000
9985
9992
9990
9976
9996
9985
9983
9986
9994
9983
9984
9993
9981
9987
9997
9982
9999
9991
9998
9975
9989
9984
9987
9996
9981
9994
9985
9987
9971
9976
9988
9975
9992
9993
9992
9986
9955
9998
9984
9978
9979
9992
9996
9981
9982
9988
9997
9992
9987
9962
9993
9989
9981
9968
9995
9975
9990
9991
9967
9993
9982
9979
9976
9990
9982
9999
9977
9981
9985
9986
9982
9986
9979
10000
9979
9984
9990
9983
9985
9989
9990
9987
9967
9988
9982
9985
10000
9982
9993
9962
9992
9979
9988
9975
9986
9991
9973
9984
9995
9985
9995
9972
9988
9980
9995
9985
9994
9981
9988
9981
9992
9965
9992
9990
9994
9979
9978
9991
9987
9982
9997
9982
9987
9989
9993
9985
9986
9992
9991
9984
9966
9966
9996
9985
9991
9991
9965
9987
9976
9990
9987
9987
9982
9999
9987
9987
9990
9996
9985
9973
9985
9976
9982
9996
9994
9996
9971
9965
9974
9986
9979
9988
9988
9979
9979
9979
9969
9985
9977
9955
9986
9980
9989
9970
9995
9992
10000
9987
9991
9986
9988
9981
9985
9997
9981
9990
9989
9986
9984
9989
9968
9993
9991
9988
9977
9962
9990
9993
9962
9982
9990
9972
9984
9985
9989
9990
9970
9987
9997
9980
9987
9993
9983
9992
9990
9992
9985
9982
9975
9993
9994
9977
9990
9973
9988
9986
9984
9971
9980
9978
9991
9984
9985
9986
9988
9998
9968
9991
9979
9990
9975
9982
9980
9983
9986
9979
9973
9985
9988
9996
9981
9971
9998
9982
9996
9969
9977
9981
9987
9993
9986
9997
9994
9982
9976
9983
9994
9978
9983
9984
9993
9997
9989
9981
9981
9989
9967
9995
9987
9975
9990
9997
9993
9994
10000
9987
9994
9995
9993
9992
9983
9980
9983
9991
9998
9989
9993
9982
9989
9990
9989
9993
9999
9989
9985
9984
9970
9993
9981
9997
9978
9981
9977
9994
9979
9990
9975
9993
9990
9984
9994
9983
9982
9985
9986
9983
9988
9982
9997
9984
9999
9998
9971
9967
9991
9965
9977
9992
9998
9989
9982
9984
9992
9971
9987
9981
9960
9992
9988
9987
9995
10000
9991
9978
9971
9993
9994
9986
9978
9983
9976
9971
9991
9982
9977
9962
9990
9983
9992
9994
9986
9984
9986
9989
9935
9974
9974
9984
9976
9984
9986
9992
9991
9988
9976
9972
9995
9988
9980
9973
9984
9982
9981
9978
9988
9988
9973
9994
9983
9984
9979
9974
9973
9983
9993
9979
9990
9989
9958
9982
9975
9985
9986
9973
9986
9983
9976
9993
9992
9982
9989
9976
9980
9992
9979
9971
9977
9984
9987
9999
9976
9994
9994
9974
9979
9979
9988
9989
9977
9996
9971
9975
9978
9988
9991
9970
9966
9971
9991
9974
9993
9995
9989
9990
9984
9995
9974
9979
9999
9994
9995
9990
9984
9984
9984
9988
9980
9970
9983
9986
9979
9986
9980
9996
9992
9979
9989
9994
9983
9993
9991
9997
9995
9973
9984
9982
9980
9978
9972
9982
9994
9982
9979
9966
9983
9982
9991
9985
9993
9970
9953
9991
9931
9990
9993
9986
9980
9987
9994
9983
9985
9970
9976
9990
9996
9979
9985
9983
9990
9996
9985
9977
9997
9997
9978
9995
9992
9977
9987
9986
9994
9980
9987
9987
9995
9984
9988
9989
9970
9982
9980
9978
9966
9976
9989
9993
9990
9991
9984
9973
9970
9990
9979
9986
9955
9987
10000
9973
9987
9984
9981
9994
9987
9977
9992
9984
9976
9959
9989
9985
9980
9982
9985
10000
9985
9986
9980
9992
9982
9986
9994
9997
9985
9993
9985
9986
9998
9984
9987
9995
9976
9988
9994
9995
9991
9975
9991
9994
9974
9971
9984
9988
9987
9983
9985
9982
9982
9972
9975
9988
9984
9999
9980
9988
9983
9994
9984
9996
9984
9989
9986
9992
9977
9986
9962
9962
9987
9991
9987
9988
9983
9991
9956
9992
9989
9973
9984
9974
9963
9988
9977
9981
9993
9982
9997
9973
9982
9985
9993
9988
9991
9997
9985
9992
9988
9996
9995
9995
9996
9994
9990
9996
9981
9980
9976
9986
9989
9997
9991
9984
9984
9979
9991
9965
9993
9988
9992
9994
9987
9991
9996
9974
9978
9979
9984
9972
9994
9992
9990
9988
9980
9991
9976
9990
9990
9988
9993
9975
9988
9996
9987
9991
9957
10000
9986
9988
9989
9991
9996
9988
9985
9979
9972
9978
9995
10000
9986
9980
9980
9986
9990
9994
9960
9990
9992
9993
9993
9988
9972
9983
9977
9993
9991
9978
9988
9988
9986
9994
9991
9979
9987
9990
9983
9993
9990
9995
9993
9975
9960
9993
9992
9980
9968
9998
9985
9988
9988
9989
9989
9996
9991
9991
9979
9987
9995
9997
9986
9989
9990
9987
9973
9994
9994
9988
9994
9983
9979
9979
9981
9990
9979
9979
9997
9996
9991
9981
9969
9941
9985
9970
9989
9987
9984
9972
9990
9994
9971
9985
9963
9988
9986
9982
9990
9986
9990
9975
9987
9971
9995
9988
9993
9987
9994
9983
9981
9982
9982
9974
9986
9982
9991
9964
9979
9985
9974
9983
9999
9996
9966
9987
9984
9971
9990
9994
9978
9964
9961
9991
9973
9987
9984
9977
9973
9972
9990
9992
9997
9970
9975
9982
9982
9969
9985
9992
9960
9993
9988
9990
9997
9958
9990
9963
9981
9980
9974
9981
9991
9993
9977
9986
9988
9970
9998
9971
9996
9985
9958
9993
9991
9983
9976
9984
9990
9981
9990
9993
9987
9991
9983
9984
9977
9985
9968
9976
9968
9979
9974
10000
9982
9986
9991
9978
9988
9991
9978
9973
9982
9979
9989
9986
9987
9981
9990
9983
9991
9981
9981
9982
