9984
9998
9996
9989
9985
9957
9988
9997
9992
9983
9993
9979
9999
9980
9996
9996
9997
10000
9992
9978
9983
10000
9976
9979
9981
9987
9997
9991
9975
9994
9986
9995
9977
9976
9990
9980
10000
9987
9998
9990
9996
9985
9996
9988
9993
9999
9976
9995
9991
9972
9979
9995
9972
9991
9994
9979
9981
9997
9981
9998
9997
9966
9976
9992
9987
9989
9983
9967
9984
9989
9985
9988
9995
9989
9979
9977
9989
9990
9977
9982
9989
9971
9977
9979
9997
9995
9986
9988
9982
9984
9978
9999
9967
9991
9989
9981
9982
9960
9990
9991
9992
9989
10000
9978
9992
9961
9993
9986
9962
9994
9976
10000
9983
9992
9985
9987
9991
9974
9979
9990
9992
9989
9972
9994
9985
9979
9996
9989
9991
9995
9982
9994
9985
9993
9985
9981
9997
9976
9982
9987
9981
9994
9981
9991
9988
9995
9986
9976
9986
9985
9992
9993
9986
9975
10000
9996
9982
9994
9981
9962
9993
9989
9997
9976
9986
9986
9988
10000
9996
9992
9988
9987
9960
10000
9993
10000
9987
9988
9995
9977
9994
9994
9985
9991
9990
9977
9995
9977
9985
9988
9976
9991
9969
9996
9989
9990
9992
9988
9990
9978
9984
9989
9991
9985
9979
9982
9995
9995
9987
9977
9979
9997
9978
9985
9991
9981
9989
9980
9995
9983
9989
9984
9996
9982
9987
9983
9992
9961
9987
9969
9981
9999
9987
9973
9983
10000
9994
9995
9991
9992
9990
9968
9988
9993
9980
9986
9999
9971
9996
9980
9990
9993
9980
9991
9982
9974
9995
9992
9985
10000
9998
9999
10000
9999
9983
9986
9997
9952
9966
9995
9977
9974
9977
9973
9993
9987
9990
9985
9993
9985
9997
9992
9983
10000
9981
9979
9984
9989
9985
9996
9992
9994
9996
9987
9984
9984
9978
9990
9994
9984
9985
9995
9995
9997
9988
9993
9990
9981
9981
9981
10000
9986
9977
9984
9980
9998
9992
9988
9996
9989
9979
9959
9992
9998
9993
9980
9990
9980
9989
9974
9998
9997
9988
9985
9986
9991
9981
9999
9986
9981
9991
9983
9975
9988
9990
9997
9979
9985
9990
9998
9969
9990
9988
9993
9995
9992
9991
9981
9974
9976
9989
9998
9985
9987
9975
9985
9985
10000
9987
9969
9986
9993
9983
9955
10000
9992
9987
9999
9997
9992
9964
9967
9987
9984
9986
9976
9984
9980
9985
9982
9979
9980
9980
9990
9982
9982
9993
9994
9999
9996
9973
9957
9994
9990
9991
9988
9998
9987
9975
9989
9990
9993
9998
9987
9972
9992
9982
9989
9982
9994
9992
10000
9979
9986
9991
9986
9974
9978
9999
9985
9986
9986
9990
9988
9992
9984
9988
9992
9966
9990
9989
9999
9992
9991
9991
9982
9976
9988
9987
9968
9996
9999
9982
9987
10000
9987
9989
9996
9995
9993
9972
9976
9965
9970
9989
10000
9977
9991
9987
9994
9984
9976
9996
9990
9989
9959
9997
9995
9991
9982
9994
9985
9977
9986
9998
9991
9983
9986
9983
9990
9987
9981
9992
9991
9992
9986
9994
10000
9988
9999
9996
9988
9994
9990
9994
9988
9996
9976
9982
9994
10000
9945
9981
9993
9965
9987
9986
9999
9983
9999
9982
9984
9998
9989
9977
9989
9989
9998
9999
9982
9982
9994
9984
9989
9989
9962
9991
9998
9989
9990
9988
9996
9973
9990
9993
9989
9984
9992
9979
9986
9993
9985
9985
9999
9986
9986
9999
9982
9990
9990
9995
9992
9986
9982
9987
9994
9986
9984
9990
9990
9995
9982
9981
9996
9973
9952
9965
9979
9986
9995
9993
9977
9991
9999
9994
9992
9985
9981
9978
9989
9997
9976
9986
9949
9978
9969
9979
9985
9983
9999
9994
9987
9983
9958
9992
9975
9977
9959
9981
9989
9998
9984
9998
9989
9986
9988
9992
9995
9999
9984
9987
9985
9969
9998
9989
9987
9980
9993
9987
9977
9972
9982
9995
9987
9964
9985
9981
9996
9985
9999
9982
9991
9996
9989
9972
9986
9983
9989
9973
9970
9994
9992
9990
10000
9987
9989
9987
9987
9979
9989
9995
9986
9994
9985
10000
9990
9987
9995
9970
9970
9976
9990
9994
9973
10000
9960
9992
9982
9997
10000
10000
9982
9985
9982
9991
9971
9989
9991
9995
9997
9987
9968
9995
9982
9990
9994
9982
9997
9973
9996
9998
9994
9995
9988
9996
9993
9976
9984
9981
9987
9995
9985
9989
9994
9973
9975
9989
9970
9991
9985
9992
9983
9985
9987
9987
9959
9977
9985
9993
9991
9999
9971
9987
9991
9973
9996
9953
9989
9995
9986
9985
9974
9973
9990
9984
9990
9985
9989
9993
9991
9969
9985
9996
9973
9989
9975
9990
9985
9993
9986
9976
9989
9982
9987
9981
9993
9984
9999
9982
9987
9990
9991
9996
9988
9991
9974
9997
9988
9968
9988
9986
9975
10000
9993
9996
9975
9997
9983
9991
9997
9983
9990
9985
9989
9986
9996
10000
9993
9989
9985
9992
9995
9988
9993
9974
9983
9990
9990
9997
9992
9996
9988
9998
9990
9999
9992
9988
9978
9990
9987
9997
9986
9995
9995
9992
9989
9993
10000
9985
9978
9969
9993
9986
9982
9995
9991
9995
9966
9974
9979
9985
9997
9995
9992
9995
9981
9994
9978
9998
9992
9987
9995
9985
9981
9983
10000
9983
9966
9986
9987
9983
9976
9984
9996
9996
9968
9986
9989
9983
9983
9983
9989
9973
9993
9984
9985
9991
9992
9994
9980
9997
9994
9994
10000
9999
9986
9993
9979
9988
9976
9969
9981
9994
9979
9985
9973
9993
9987
9977
9981
9999
9994
9987
9995
9966
9971
9994
9994
9997
9983
9975
9988
10000
9992
9991
9972
9988
9989
9988
9981
9977
9993
9997
9979
9999
9987
9983
9971
9995
9993
9981
9975
9981
9996
9995
10000
9979
9999
9998
9985
9971
9967
9971
9974
9998
9986
10000
9990
9974
9988
10000
9991
9981
9978
10000
9965
9989
9986
9982
9987
9997
9985
9956
9982
9996
9989
9990
9956
9990
9995
9990
9995
9997
9978
9990
9994
9994
9982
9976
9998
9989
9993
9984
9988
9986
9994
9996
9983
9991
9992
9991
9996
10000
9990
9978
9980
9977
9978
9994
9979
