9972
9970
9978
9998
9983
9993
10000
9994
10000
9985
10000
9990
9989
9971
9985
10000
10000
9979
9995
9970
9980
9974
9993
9992
9966
9987
9989
9975
9993
9975
9977
9991
10000
9975
9997
9995
9996
9982
9964
9995
9970
9994
9973
9979
9979
9986
10000
10000
9987
9994
9987
9983
9995
9978
9964
9954
9984
9977
9977
9990
9976
9991
9973
9983
9975
9990
9993
9992
10000
9993
9993
9995
9979
10000
9986
9975
10000
9987
9963
9988
9981
9986
9990
10000
9997
9983
9991
9985
10000
9994
9997
9994
9985
9999
9990
9983
9998
9990
9964
9989
9982
9996
9970
9996
9960
9973
10000
9994
9989
9992
9994
9989
9979
10000
9990
9977
9982
10000
9983
9999
9992
9969
9982
9993
10000
9986
9991
9993
9989
9989
9990
10000
9999
9971
9984
9995
10000
9998
9983
10000
9968
10000
9979
10000
10000
9991
9983
9995
9999
10000
10000
10000
9994
9990
9961
9983
9985
9972
10000
9986
9987
9983
9997
9994
9977
9981
9971
9991
9979
9984
9987
10000
9990
10000
9993
9990
9995
9996
9978
9983
9994
10000
9972
9976
9982
9995
9985
10000
9990
9998
9970
9985
9970
9964
10000
9992
9994
9993
9984
9981
9996
9991
9976
9966
9981
9993
9993
9985
9964
9988
9999
9993
9986
9986
9993
9984
9990
9995
9987
9995
10000
9981
9990
9986
9999
9992
9989
9988
9990
9970
9989
10000
9945
9988
9985
9966
9987
9989
9975
9991
9994
9970
9962
9997
9969
9969
9985
9969
9984
9970
9973
9983
9988
10000
9998
9982
9992
9971
9988
9984
9970
9991
9988
9972
9985
9969
9987
9967
10000
10000
9991
10000
9979
9987
9993
9994
9991
9992
9982
10000
9983
9982
9988
9979
9997
9995
9993
9975
9993
9961
9987
9992
9996
9952
9982
9988
10000
9996
9974
9970
9977
9984
9991
9992
9986
9990
10000
9982
10000
9999
9989
9975
10000
9985
9995
9967
9987
10000
9982
9994
9994
9976
9993
10000
9990
9981
9998
9990
9995
9991
9977
9984
9995
9982
9987
10000
9981
10000
9992
9995
9981
9998
9989
9999
10000
9987
9991
9985
9998
9993
9984
9985
9994
10000
9973
9998
9988
9989
9988
9973
9990
9967
9987
9993
9983
9985
9972
9989
9990
9990
10000
9989
9991
9980
9987
9992
9991
10000
9974
10000
9987
9999
9988
9992
9987
10000
9977
10000
10000
9976
9994
9982
9997
9999
9987
9991
9975
9991
9991
9988
9996
9985
9983
9980
10000
9996
10000
9991
10000
9986
9971
9981
10000
10000
9998
9988
9992
10000
9985
9983
10000
9996
9984
9987
9990
9983
9990
9986
9990
9957
9984
9987
9969
9978
9995
9985
9988
9983
9983
9981
10000
10000
9995
9986
9980
9971
9976
9972
9999
9949
10000
9983
9993
9984
9967
9999
9985
10000
10000
9983
10000
9979
9997
9981
10000
9993
9994
9982
9990
10000
10000
9999
9991
9988
9999
9989
9998
9993
9986
9975
9997
9968
9956
9989
9988
9995
9979
9989
9993
9999
9988
9960
9984
9989
10000
9972
10000
9996
10000
9992
9958
9981
9985
9980
9987
9973
9993
9988
9997
9982
9976
9989
9986
9988
9988
9989
9986
10000
9979
9979
10000
9985
9991
10000
10000
10000
9983
9986
9991
9987
9982
10000
9957
10000
9985
9988
9993
9992
9981
10000
9986
9976
9986
9988
9988
9984
9999
9976
9998
9985
9982
9999
9958
10000
9999
10000
9975
9987
9975
9979
10000
9970
9987
10000
9982
9990
9993
9996
9977
9984
9992
10000
9967
9987
9987
9985
9995
10000
9988
9984
9995
9979
9965
9990
9974
9984
9983
9987
9998
9985
9967
9984
9993
9974
9987
9959
9981
9990
9990
9990
9987
9979
10000
9988
9968
9960
9984
9983
9981
9988
9994
9975
9967
9986
9984
9977
9989
9997
9989
10000
9994
9971
9981
9979
9980
9971
9993
9983
9992
9982
9988
9983
9990
10000
9997
9991
9983
9991
9971
10000
9992
9987
9985
10000
10000
9984
9999
9985
9990
9982
9982
9985
9987
10000
9990
9967
9985
10000
9985
9993
9986
9971
10000
10000
9986
9991
9991
9982
9982
9979
9983
9999
10000
9985
10000
9996
9989
9994
9997
9989
9991
9991
9992
9991
9984
9980
9992
9992
9981
10000
9977
9990
9979
9978
9969
9985
9975
9993
9993
10000
9999
9991
9967
9988
9989
9980
10000
10000
9978
9981
9989
9993
9992
9989
9977
9974
10000
9981
9977
9969
9975
9977
9994
9991
9996
9991
9989
9994
9979
9988
9996
9985
9990
9991
10000
9997
9991
9983
9990
9997
9980
9988
9985
9985
9998
10000
10000
9978
9979
10000
9991
9978
10000
9995
9973
9970
9981
9976
9997
9997
9992
9997
9985
9984
9976
9992
9981
9990
9980
9979
9985
9980
9990
10000
9975
9970
9984
9981
9971
9999
9977
9973
9976
9984
9996
9964
9997
9996
9973
9998
9974
9979
9994
9980
9991
9985
9989
9997
9982
9988
9998
9972
9988
9977
9990
9973
10000
9983
9979
10000
9978
9961
10000
9975
9979
9975
9966
9993
9983
9985
9987
9988
9987
9996
9964
9984
9970
9960
9992
9983
9995
9981
9978
9982
9986
10000
9982
9982
10000
9984
9984
9974
10000
9961
9993
9973
9993
10000
9985
10000
9990
9994
9991
9980
9984
9972
9972
9960
10000
10000
10000
9987
9989
9979
9987
10000
10000
10000
9990
9978
9987
9985
9987
9983
9940
10000
9983
9985
10000
9986
9979
9989
9982
9992
9982
10000
9984
9985
9977
10000
9994
9965
9982
9996
9977
9974
9999
9989
10000
9999
10000
9988
9985
9952
9984
9999
9995
9988
9992
9973
9993
10000
9975
9996
9977
9981
9987
9975
9967
9993
9963
9986
9992
9978
9981
9999
9994
9989
10000
9984
9998
9989
9988
9976
9995
9978
9987
9990
9975
9985
9993
9991
9971
9993
9969
9984
9974
9986
9970
9991
9960
9965
9989
9998
9992
10000
9966
9994
9990
9998
9996
9980
9992
9985
9986
9979
9994
9986
10000
9998
9990
9997
9993
9982
9988
10000
9969
9995
9996
9990
10000
9986
9993
9986
9994
9994
9968
9985
10000
9967
9995
9982
9995
9992
9977
9990
9998
9969
9989
9990
