9992
9984
9983
9984
9988
9989
9984
9992
9998
9984
9996
9971
9988
9995
9989
9978
9983
9993
9973
9976
9977
9979
9971
9992
9985
9952
9988
9992
9992
9987
9981
9990
9980
9969
9994
9980
9983
9988
9990
9986
9984
9984
9984
9997
9960
9988
9993
9985
9990
9985
9977
9972
9995
9978
9991
9982
9984
9988
9985
9984
9988
9989
9989
9994
9982
9998
9994
9986
9984
9991
9976
9994
9976
9992
9972
9984
9989
9997
9978
9960
9969
9980
9985
9986
9975
9965
9989
9981
9997
9991
9987
9981
9988
9994
9989
9992
9987
9992
9984
9989
9990
9984
9991
9975
10000
9989
9988
9987
9986
9977
9987
9977
9984
9975
9987
9988
9997
9972
9987
9976
9984
9990
9986
9993
9988
9991
9992
9979
9978
9978
9982
9980
9992
9978
9984
9999
9992
9989
9980
9974
9987
9985
9985
9985
9982
9997
9979
9974
9980
9991
9973
9993
9971
10000
9983
9993
9996
9975
9989
9958
9999
9971
9997
9989
9970
9985
9963
9989
9982
9991
9982
9985
9989
9992
9996
9976
9993
9958
9999
9989
9987
9991
9969
9979
9993
9983
9983
9988
9995
9994
9996
9991
10000
9975
9993
9974
9978
9988
9987
9993
9994
9983
9994
9985
9978
9998
9984
9988
9974
9990
9993
9984
9975
9999
9985
9970
9990
9996
9990
9982
9960
9965
9979
9989
9989
9980
9988
9983
9991
9985
9975
9991
9988
9993
9985
9994
9985
9994
9978
9988
9983
9981
9996
9985
9993
9981
9994
9996
9990
9977
9982
9996
9992
9986
9986
9992
10000
9975
9986
9988
9971
9981
9975
9989
9996
9981
9990
9977
9999
9989
9981
9997
9990
9989
9993
9989
9987
9993
9988
10000
9975
9968
9992
9999
9977
9997
9992
9991
9979
9959
9998
9988
9982
9984
9960
9976
9976
9993
9991
9999
9987
9984
9986
9995
9989
9994
9971
9984
9976
9991
9984
9979
9989
10000
9976
9994
9996
9988
9980
9957
9985
9988
9992
9984
9993
9972
9987
9991
9988
9994
9982
9983
9953
9989
9981
9980
9990
9981
9992
9979
9985
9982
9994
9990
9990
9974
9974
9974
9994
9991
9996
9983
9990
9988
9987
9986
9979
9987
9991
9995
9979
9995
9980
9990
9956
9996
9982
9981
9992
9967
9987
9982
9993
9986
9983
9986
9991
9974
9991
9994
9997
9991
9976
9987
9991
9989
9973
9996
9987
9997
9981
9989
9983
9971
9975
9981
9987
9987
9977
9993
9974
9979
9973
9991
9991
9973
9959
9983
9979
9999
9987
9987
9988
9997
9994
9988
9993
9998
9973
9987
9979
9996
9994
9992
9991
9973
9995
9991
9983
9991
9989
9989
9981
9990
9990
9998
9985
9984
9998
9984
9982
9998
9993
9989
9994
9987
9982
9979
9986
9986
9989
9991
9962
9984
9987
9985
9988
10000
9976
9997
9990
9977
10000
9990
9966
9983
9982
9992
9963
9998
9980
9991
9999
9977
9988
9971
9970
9992
9990
9969
9966
9981
9983
9997
9986
9989
9992
9990
9993
9986
9985
9987
9991
9988
9990
9990
9998
9990
9972
9994
9984
9995
9979
9951
9984
9984
9994
9984
9988
9986
9980
9997
9971
10000
9988
9986
9994
9989
9993
9991
9968
9988
9976
9987
9975
9996
9998
9983
9969
9996
9977
9991
9991
9986
9996
9987
9986
9974
9975
9994
9979
9970
9993
9968
9983
9989
9982
9979
9993
9994
9972
9993
9981
9996
9991
9981
9983
9977
9975
9983
9989
9967
9995
9996
9988
9989
9976
9977
9981
9986
9995
9980
9995
9987
9987
9986
9973
9990
9970
9971
9991
9993
9988
9993
9973
9993
9985
9976
9995
9996
9986
10000
9981
9988
9980
9985
9986
9979
9992
9987
9986
9988
9983
9992
9956
9994
9990
9997
9973
9986
9994
9954
9967
9993
9991
9993
9995
9993
9993
9995
9986
9981
9987
9993
9977
9973
9937
9989
9967
9985
9987
9982
9992
9972
9997
9975
9989
9991
9995
9998
9987
9997
9986
9986
9983
9993
9983
9980
9974
9998
9990
9992
9972
9983
9991
9987
9984
9970
9990
9981
9979
9984
9991
9992
9976
10000
9985
9980
9977
9984
9975
9998
9996
9991
9995
10000
9992
9981
9989
9975
9964
9980
9992
9978
9987
9993
9980
9977
9978
9977
9984
9988
9979
9972
9988
9980
9995
9983
9985
9983
9981
9990
9977
9985
9986
9965
9997
9989
9992
9991
9989
9985
9990
9990
9980
9983
9980
9999
9972
9985
9999
9995
9996
9992
9976
9991
9986
9993
9997
9984
9969
9992
9996
9987
9984
9987
9993
9984
9994
9987
9979
9997
9974
9983
9991
9977
9964
9993
9995
9951
9987
9983
9990
9984
9992
9994
9994
9978
9992
9990
9976
9999
9993
9980
9993
9999
9985
9990
9991
9981
9991
9973
9980
9985
9985
9988
9990
9973
9992
9986
9992
9969
9965
9970
9972
9951
9985
9987
9988
9990
9990
9991
9994
9989
9983
9967
9986
9980
9984
9983
9986
9984
9996
9981
9980
9991
9984
9989
9989
9982
9988
9989
9966
9979
9998
9994
9994
9990
9989
9997
9985
9991
9997
9987
9985
9999
9995
9980
9993
9987
9987
9990
9989
9983
9987
9994
10000
9983
9993
9982
9983
9990
9991
9985
10000
9981
9988
9988
9990
9983
9977
9972
9993
9979
9988
9978
9988
10000
9974
9984
9985
9994
9984
9989
9960
9989
9973
10000
9981
9985
9999
9953
9971
9987
9998
9992
9980
9992
9973
9975
9996
9992
9987
10000
9987
9989
9982
9987
9991
9974
9996
9978
9988
9997
9990
9996
9993
9963
9987
9996
9986
9982
9989
9987
9997
9960
9996
9993
9988
9975
9998
9993
9975
9977
9989
9993
10000
9980
9990
9976
9989
9998
9958
9996
9992
9990
9994
9992
9992
9989
9976
9981
9992
9990
9993
9982
9990
9979
9982
9968
9993
9992
9984
9993
9986
9993
9990
9993
9982
9995
10000
9982
9982
9975
9973
9966
9990
9994
9984
9971
9987
9977
9982
9960
9981
9991
9996
9983
9993
9977
9986
9989
9997
9994
10000
9985
9995
9988
9986
9989
9965
9986
9994
9983
9981
9986
9987
9994
9994
9988
9983
9988
9990
10000
9995
9997
9976
9996
9989
9987
