9970
9966
9990
9987
9991
9974
9982
9991
9981
9985
9994
9996
9984
9967
9999
9991
9989
9975
9987
9979
9978
9984
9982
9983
9962
9984
9995
9987
9991
9981
9985
9975
9992
9988
9985
9990
9993
9992
9994
9986
9981
9973
9987
9984
9992
9984
9985
9983
9981
9982
9997
9976
9976
9990
9974
9991
9993
9971
9977
9995
9981
9988
9969
9987
9985
9987
9979
9995
9988
9974
9990
9997
9982
9986
9988
9993
9971
9994
9992
9986
9996
9982
9980
9990
9985
9993
9989
9991
9985
9991
9988
9995
9980
9992
9985
9987
9972
9977
9992
9984
9982
9955
9997
9973
9979
9979
9983
9967
9993
9982
9985
9987
9984
9981
9995
9995
9992
9996
9976
9984
9994
9982
9990
9981
9983
9990
9978
9992
9989
9988
9997
9966
9965
9992
9985
9972
9983
9988
9989
9991
9990
9986
9985
9987
9976
9983
9972
9969
9984
9982
9985
9977
9972
9985
9977
9988
9984
9994
9973
9978
9996
9994
9996
9991
9988
9983
9986
9980
9985
9974
9979
9968
9986
9983
9981
9994
9960
9982
9982
9989
9989
9983
9994
9988
9984
9977
9993
9995
9995
9977
9986
9981
9977
9959
9985
9984
9981
9992
9992
9988
9975
9987
9972
9984
9980
9965
9970
9973
9970
9975
9986
9993
9985
9979
9993
9989
9934
9986
9976
9957
9981
9977
9994
9992
9993
9978
9996
9975
9991
9983
9995
9994
9978
9984
9991
9982
9987
9976
9991
9971
9972
9979
9995
9972
9980
9988
9989
9992
9977
9980
9988
9944
9959
9982
9980
9995
9988
9980
9997
9983
9980
9981
9993
9996
9986
9989
9981
9991
9978
9987
9992
9990
9986
9991
9989
9987
9987
9987
9968
9975
9968
9963
9995
9988
9969
9991
9988
9979
9979
9989
9963
9992
9986
9983
9988
9986
9991
9987
9974
9986
9991
9989
9992
9974
9984
9993
9983
9979
9995
9996
9994
9983
9997
9976
9984
9976
9975
9977
9996
9975
9980
9989
9980
9984
9993
9981
9981
9991
9987
9974
9991
9984
9987
9980
9994
9987
9981
9987
9983
9989
9995
9994
9988
9980
9971
9987
9992
9982
9979
9978
9986
9999
9965
9988
9990
9993
9980
9986
9985
9976
9980
9969
9992
9992
9979
9993
9985
9993
9991
9978
9986
9985
9986
9996
9986
9985
9977
9958
9998
9990
9983
9978
9985
9985
9995
9993
9984
9990
9989
9958
9984
9981
9983
9981
9992
9987
9989
9974
9995
9975
9979
9983
9994
9989
9994
9976
9973
9965
9968
9992
9982
9987
9981
9976
9980
9988
9989
9971
9990
9985
9994
9984
9989
9981
9997
9986
9979
9998
9976
9980
9992
9991
9978
9975
9960
9985
9977
9995
9987
9991
9989
9983
9991
9995
9983
9989
9980
9987
9992
9992
9986
9988
9970
9995
9984
9970
9995
9976
9993
9984
9986
9972
9990
9985
9985
9990
9978
9985
9983
9984
9974
9984
9986
9984
9990
9980
9981
9985
9987
9992
9975
9980
9985
9992
9985
9987
9991
9986
9981
9997
9980
9983
9984
9985
9970
9958
9992
9981
9989
9985
9989
9994
9983
9968
9982
9992
9985
9993
9994
9993
9981
9966
9983
9987
9985
9969
9980
9959
9987
9936
9976
9991
9977
9994
9995
9993
9984
9964
9982
9988
9986
9978
9961
9997
9986
9996
9990
9977
9974
9985
9993
9973
9996
9982
9985
9976
9988
9982
9992
9982
9985
9973
9989
9974
9993
9992
9980
9991
9989
9974
9972
9994
9978
10000
9981
9992
9983
9987
9988
9984
9979
9997
9980
9977
9995
9985
9970
9979
9991
9991
9967
9987
9980
9965
9987
9991
9980
9993
9976
9958
9994
9994
9990
9995
9986
9978
9984
9989
9968
9972
9986
9988
9994
9996
9988
9986
9993
9968
9990
9969
9993
9967
9973
9985
9991
9983
9982
9992
9988
9985
9992
9988
9987
9986
9986
9981
9985
9993
9977
9969
9976
9995
9994
9980
10000
9978
9989
9990
9994
9994
9980
9990
9990
9993
9995
9998
9993
9982
9985
9990
9971
9981
9991
9960
9981
9971
9992
9983
9977
9990
9979
9990
9990
9994
9993
9956
9997
9978
9988
9994
9971
9990
9993
9980
9984
9982
9993
9983
9980
9985
9989
9956
9992
9989
9986
9973
9979
9980
9961
9985
9996
9985
9992
9981
9977
9993
9985
9971
9991
9968
9988
9979
9981
9977
9960
9971
9992
9987
9994
9980
9996
9982
9993
9982
9990
9988
9990
9979
9984
9994
9988
9996
9986
9995
9976
9974
9993
9990
9999
9985
9989
9985
9993
9997
9980
9998
9966
9981
9992
9992
9986
9993
9974
9995
9987
9980
9985
9996
9991
9983
9987
9975
9979
9976
9990
9980
9992
9987
9985
9991
9979
9983
9972
9990
9969
9987
9995
9997
9981
9976
9986
9995
9969
9992
9984
9977
9967
9985
9999
9978
9978
9977
9980
9977
9990
9968
9987
9976
9988
9985
9997
9973
9974
9986
9988
9997
9983
9957
9978
9967
9973
9991
9982
9969
9979
9988
9987
9986
9991
9981
9979
9975
9984
9986
9989
9996
9985
9991
9988
9977
9985
9995
9973
9960
9986
9991
9985
9980
9973
9977
9961
9995
9993
9987
9989
9989
9974
9989
9988
9985
9994
9989
9996
9984
9990
9975
9987
9989
9988
9983
9986
9992
9975
9982
9987
9993
9952
9993
9987
9994
9985
9996
9979
9978
9985
9968
9987
9992
9963
9981
9984
9980
9973
9980
9985
9995
9999
9980
9978
9990
9992
9996
9972
9968
9982
9984
9986
9975
9988
9975
9984
9965
9980
9981
9973
9998
9983
9988
9988
9978
9988
9990
9957
9971
9973
9982
9988
9979
9994
9987
9986
9982
9985
9974
9989
9989
9987
9985
9995
9971
9986
9995
9985
9986
9973
9994
9988
9986
9982
9996
9972
9967
9986
9973
9985
9989
9983
9993
9985
9992
9996
9980
9992
9990
9964
9979
9982
9974
9981
9986
9992
9989
9961
9992
9989
9977
9979
9997
9977
9981
9994
9974
9989
9980
9967
9995
9976
9994
9998
9982
9973
9984
9980
9993
9973
9988
9988
9978
9975
9991
9984
9978
9983
9969
9976
9999
9980
9977
9981
9983
9982
9987
9988
9974
9988
9988
9991
9980
9984
9984
