9986
9978
9994
9990
9984
10000
9987
9996
9992
9997
9986
9980
9992
9974
9976
9987
9991
9994
9998
9997
9991
9995
9975
9992
9994
9965
9995
9968
9977
9996
9984
9997
9987
9995
9982
9984
9991
9985
9991
9984
9975
9989
9976
9981
9981
9956
9975
9984
9982
9990
9977
9979
9984
9997
9993
9996
9988
9987
9983
9989
9974
9984
9972
9975
9959
9972
9988
9985
9975
9995
9979
9977
9991
9990
9995
9990
9980
9972
9968
9983
9991
9990
9988
9978
9985
9978
9973
9981
9987
9967
9988
9960
9984
9974
9970
9991
9975
9989
9994
9983
9982
9969
9990
9989
9988
9969
9993
9983
9968
9963
9993
9992
9985
9995
9979
9979
9988
9997
9984
9993
9993
9983
9982
9989
9992
9970
9986
9984
9993
9992
9987
9973
9984
9986
9986
9994
9983
9955
9978
9974
9997
9984
9995
9997
9959
9976
9977
9990
9987
9976
9970
9979
9985
9984
9981
9993
9992
9998
9988
9990
9986
9980
9995
9966
9982
9985
9984
9999
9986
9987
9996
9975
9988
9986
9983
9992
9974
9985
9989
9967
9963
9987
9990
9995
9990
9994
9979
9984
9990
9991
9993
9992
9972
9978
9987
9983
9984
9996
9988
9985
9997
9998
9963
9996
9979
9992
9984
9980
9988
9971
9989
9991
9981
9980
9984
9988
9981
9989
9989
9977
9985
9980
9995
9985
9978
9992
9979
9987
9985
9992
9985
9973
9983
9990
9994
9996
9988
9972
9994
9988
9988
9992
9992
9989
9994
9967
9983
9988
9995
9976
9997
9982
9988
9987
9975
9973
9995
9976
9986
9964
9984
9965
9996
9990
9971
9985
9988
9978
9993
9987
9958
9987
9980
9985
9982
9988
9964
9983
9977
9994
9982
9959
9987
10000
9983
9960
9979
9980
9991
9969
9995
9989
9978
9990
9988
9976
9968
9976
9982
9989
9973
9959
9988
9975
9989
9985
9976
9962
9974
9993
9982
9990
9992
9987
9980
9983
9972
9991
9994
9987
9989
9991
9954
9993
9981
9986
9990
9985
9996
9997
9990
9992
9992
9985
9991
9996
9980
9976
9993
9980
9968
9987
9985
9995
9969
9996
9974
9974
9986
9981
9992
9986
9990
9994
9994
9985
9979
9995
9989
9975
9978
9983
9967
9975
9985
9982
9982
9991
9969
9960
9998
9990
9990
9973
9959
9974
9993
9990
9983
9986
9991
9992
9990
9970
9993
9966
9981
9984
9979
9947
9969
9990
9983
9995
9979
9993
9993
9966
9988
9971
9998
9970
9993
9975
9991
9982
9987
9993
9970
9992
9981
9995
9979
9997
9989
9984
9980
9985
9995
9985
9988
9995
9981
9983
9985
9987
9959
9977
9974
9990
9991
9991
9984
9990
9983
9982
9991
9982
9977
9974
9990
9973
9993
9952
9969
9976
9990
9991
9989
9986
9992
9980
9989
9989
9972
9982
9945
9994
9970
9979
9989
9991
9985
9993
9995
9970
9986
9977
9974
9993
9983
9963
9980
9990
9958
9980
9994
9988
9977
9983
9994
9987
9976
9980
9987
9984
9969
9966
9988
9991
9988
9968
9988
9988
9973
9989
9987
9984
9991
9986
9986
9977
9964
9995
9989
9985
9993
9950
9993
9994
9981
9976
9995
9974
9990
9990
9988
9985
9995
9993
9982
9983
9984
9983
9993
9964
9989
9985
9978
9997
9988
9968
9991
9977
9986
9986
9975
9982
9988
9978
9980
9969
9991
9992
9993
9982
9981
9991
9982
9997
9981
9984
9993
9985
9998
9976
9975
9980
9988
9979
9992
9981
9993
9988
9994
9967
9981
9984
9983
9979
9992
9992
9997
9974
9995
9997
9968
9984
9988
9964
9987
9973
9972
9984
9987
9992
9981
9978
9989
9989
9993
9991
9984
9979
9985
9980
9981
9983
9977
9991
9996
9990
9957
9989
9975
9994
9972
9995
9979
9984
9989
9979
9997
9986
9987
9977
9988
9988
9995
9983
9996
9989
9977
9969
9986
9981
9995
9990
9997
9966
9981
9971
9972
9977
9984
9954
9976
9982
9985
9973
9983
9983
9977
9971
9974
9983
9995
9970
9996
9983
9992
9997
9984
9973
9987
9978
9995
9973
9989
9971
9990
9972
9992
9977
9996
9984
9990
9994
9988
9994
9989
9987
9988
9981
9993
9980
9992
9993
9992
9968
9963
9977
9988
9988
9993
9999
9982
9974
9972
9982
9990
9994
9959
9975
9974
9996
9991
9965
9982
9994
9986
9965
9967
9989
9980
9997
9979
9984
9985
9992
9978
9982
9972
9989
10000
9996
9989
9981
9977
9982
9980
9977
9979
9991
9989
9991
9981
9985
9983
9985
9991
9991
9985
9988
9974
9995
9985
9975
9991
9990
9989
9976
9985
9993
9998
9982
9999
9983
9988
9986
9986
9979
9986
9981
9990
9979
9973
9996
9988
9974
9992
9989
9978
9973
9986
9994
9973
9986
9989
9976
9972
9984
9990
9975
9990
9988
9997
9990
9980
9975
9990
9989
9982
9988
9975
9968
9979
9991
9968
9991
9994
9987
9996
9969
9984
9989
9987
9992
9989
9993
9988
9967
9992
9985
9983
9978
9988
9990
9986
9980
9971
9973
9985
9993
9962
9994
9986
9989
9981
9975
9980
9966
9995
9991
9991
9983
9982
9977
9975
9979
9987
9981
9986
9970
9996
9980
9989
9977
9983
9993
9969
9987
9975
9971
9983
9995
9998
9995
9971
9972
9992
9989
9978
9991
9985
9984
9982
9998
9992
9994
9991
9996
9984
9984
9992
9962
9993
9980
9981
9992
9995
9982
9971
9984
9980
9986
9986
9978
9986
9989
9978
9994
9978
9976
9989
9990
9983
9984
9986
9981
9989
9967
9986
9989
9993
9969
9995
9992
9976
9995
9994
9993
9993
9979
9982
9982
9988
9979
9991
9990
9998
9982
9995
9982
9985
9981
9990
9958
9977
9985
9969
9980
9994
9987
9990
9995
9988
9988
9991
9987
9976
9973
9981
9990
9971
9990
9986
9986
9974
9980
9969
9989
9975
9984
9977
9991
9983
9971
9980
9976
9985
9987
9991
9965
9987
9987
9993
9983
9992
9984
9979
9987
9991
9988
9980
9971
9990
9998
9986
9987
9987
9993
9982
9978
9984
9994
9984
9987
9992
9992
9986
9983
9992
9983
9991
9992
9984
9991
9982
9971
9993
9985
9995
9987
9986
9987
9988
9978
9989
9979
