9999
10000
9989
10000
9971
9970
9977
9996
9982
9987
9975
10000
10000
9965
9984
9993
9985
9995
9990
9992
9995
9991
9953
10000
9975
9984
9970
10000
9980
9998
9985
10000
9975
9994
9958
9993
9995
9992
10000
9981
9991
9987
9996
10000
9973
9991
9992
9986
9989
9984
10000
10000
9974
9994
9973
9999
9998
9991
9984
9974
10000
9991
10000
9997
9993
9994
10000
9979
10000
9984
10000
9997
9999
9992
9988
9986
9997
10000
9998
9990
9997
9992
9985
9965
9994
9983
9998
9999
9991
10000
9987
9983
9996
9996
9997
9990
9999
10000
9973
9994
9991
10000
9984
9987
9996
10000
9995
9990
9987
9974
9999
9990
9988
9984
9987
9984
10000
9984
10000
9966
9995
9993
9981
9979
9995
9990
9976
9996
9997
9998
9994
9995
9994
9993
9997
9984
10000
9999
9979
9988
9995
10000
9998
9998
9980
9981
9973
9985
9984
9991
9989
9995
9996
9989
9984
9984
9984
9968
10000
9983
9986
9991
9994
9993
9996
9997
10000
10000
9999
9999
9982
10000
9995
9969
9975
9976
9987
9995
9975
9986
9994
9987
9975
9972
9988
9986
10000
9974
9987
9995
9985
10000
9989
9996
9993
9984
9983
9974
9977
9992
10000
9994
10000
9988
9997
9988
9973
9986
9988
9991
9978
9986
9996
9993
9951
9999
9996
9990
9985
9990
9990
9949
9990
10000
9991
9983
9989
9987
9989
9985
9990
9975
9985
9979
9989
9997
9990
9964
9975
9983
9994
9996
9980
9992
10000
9998
10000
9986
9992
9994
9987
9995
9978
9988
9986
9986
9982
9983
9970
9987
9998
9974
9999
9978
9989
10000
9990
9971
9984
9985
10000
9997
9986
10000
9999
9999
9993
9980
9992
9974
9976
9998
9984
9993
9990
10000
9983
9977
9972
9993
9988
9978
9987
9994
9985
9973
9998
9995
9978
9982
10000
9998
9983
10000
9986
9997
9992
9995
9986
9977
9990
9958
9995
9996
9992
10000
9998
9981
9998
10000
9982
9998
9992
9992
9989
9976
9994
9964
9994
9994
9985
9984
9997
9984
9951
9993
9979
9980
10000
9998
9992
9990
9986
9968
9988
9973
9986
9957
9982
10000
9989
9998
10000
9993
9967
9977
9977
9980
10000
9998
9994
9993
9982
9986
9996
10000
10000
9984
9975
9984
9989
9989
9976
9993
9979
9993
9964
9999
9987
9995
10000
10000
9982
10000
9996
9983
9990
9979
9992
9972
9981
9997
9983
9984
9988
9977
9983
9998
9984
9992
9996
9996
10000
9994
9990
9975
9994
9990
9998
9990
9986
9998
9988
9991
9999
9981
9994
9999
9994
9990
9998
9979
9985
9975
9981
9996
9984
9980
9983
10000
9991
9988
10000
9993
9997
9982
10000
9998
9984
9995
9995
9994
9996
9985
9976
9972
9989
10000
10000
9983
9989
10000
9990
9986
9984
9979
9974
9993
9987
10000
9987
9967
9976
9984
9989
9962
10000
9992
9983
9981
9974
9988
9998
9986
9999
10000
9995
9987
9982
9986
9992
9999
9985
9991
9988
9953
9995
9988
9999
9978
10000
9997
9998
9943
9979
9993
9975
9996
9986
10000
9970
9978
9999
9985
9982
9975
9990
10000
9992
10000
9993
9990
9987
9973
9982
9999
9990
9976
9999
9990
9985
9987
9991
10000
9978
10000
9997
10000
9988
9954
9992
9992
10000
9990
10000
9988
9985
9936
9991
9979
9983
9996
9968
9997
9983
9995
9997
9985
9981
9994
9988
9998
9990
9982
9979
9982
9991
9978
9993
9989
9989
9996
9985
9986
9988
9996
9982
9983
9968
9999
9983
9969
9963
9999
9981
9982
9991
9991
9998
9979
10000
9998
9981
9985
9973
10000
9989
10000
9981
9998
9988
9981
9988
9982
9993
10000
9987
9993
9994
9988
9988
9993
9985
10000
9978
10000
9989
9980
9995
9976
9987
9963
9995
9983
10000
10000
9967
9973
10000
9988
9988
9981
9989
9987
9992
9983
9997
9996
9994
9999
9998
9999
9999
9991
9976
9986
10000
9992
9993
9990
9987
10000
9980
9991
9995
9986
9987
9985
9983
9993
9988
9951
9999
9998
9978
9970
9999
9988
9990
9999
9986
9988
10000
9991
9978
9985
9991
9994
9981
9998
9963
9990
9993
9967
9990
9994
9982
9981
9972
9995
9990
9981
10000
9978
9994
9977
9997
9990
9989
9982
9989
9986
9975
9981
9999
9981
9986
9980
9980
9978
9995
10000
9987
9980
9997
9999
9977
9986
9991
10000
10000
9973
9994
9990
10000
9993
9991
9998
9971
9967
9992
9992
9992
9973
9961
9999
9985
9976
9986
9981
9980
9962
9987
9992
9993
9981
9995
10000
9986
9986
9998
10000
9997
9994
9978
9985
9998
9987
9994
9992
9989
10000
9992
9998
9997
9985
9996
9974
9999
9991
9985
9984
9990
9974
9985
9988
10000
10000
9991
9987
9979
9988
9984
9977
9974
9987
9996
9998
9993
9964
9992
9995
9979
9973
9978
9986
9984
10000
9993
9982
9983
9996
9991
9998
9988
9986
9974
9996
9967
9999
9990
9980
9988
9993
9989
9978
9992
9996
9978
9998
9991
9989
9989
10000
9995
10000
9999
9999
9999
10000
9982
9991
10000
9992
9996
9994
9990
9970
9997
9997
9990
9988
9985
9996
9985
9978
9996
9996
9985
9946
9978
9993
9991
9990
10000
9972
9974
9985
9992
9972
9988
9987
9992
9985
9984
9986
9991
9990
9979
9988
9999
9976
10000
9986
9996
9975
9986
10000
9986
9996
9989
10000
9991
9989
9998
9980
9988
9995
10000
9975
9986
9983
9980
9994
9995
9995
9970
9996
9992
9985
9983
9995
9982
9991
9983
9995
9980
9990
9996
9996
9999
9985
10000
9987
9984
9996
9986
9987
9994
9993
9998
9977
9984
9984
9990
9999
9985
9999
9984
9997
9991
9989
9995
9984
9995
9984
10000
9999
9986
10000
9978
9980
10000
9985
9998
9992
9975
9998
9979
9971
9993
10000
9999
9994
9982
9983
9998
9986
9995
9982
10000
9989
9986
9972
9999
9991
9969
9993
9992
9996
9983
9997
10000
9979
9995
9976
9991
9980
9978
9989
10000
9984
9992
10000
9991
9998
10000
9965
9983
10000
9985
9996
9972
9997
9977
9980
9978
9986
9994
9988
9961
9988
10000
9990
9991
9990
9990
9960
9995
9979
