9982
9978
9991
9986
9979
9984
9984
9991
9981
9985
9981
9992
9982
9989
9975
9963
9993
9988
9976
9980
9992
9989
9976
9983
9994
9991
9992
9984
9982
9987
9994
9989
9986
9988
9975
9988
9970
9985
9979
9983
9986
9967
9994
9990
9995
9979
9984
9990
9974
9988
9991
9989
9980
9998
9997
9992
9981
9996
9987
9995
9976
9988
9994
9991
9995
9982
10000
9980
9986
9985
9998
9979
9985
9989
9985
9975
9984
9979
9990
9984
9994
9982
9968
9978
9987
9976
9976
9984
9992
9985
9982
9997
9984
9983
9986
9994
9987
9975
9974
9988
9980
9989
9970
9995
9996
9989
9997
9986
9991
9993
9972
9983
9987
9984
9980
9983
9983
9985
9988
9997
9963
9945
9983
9979
9975
9989
9989
9973
9997
9986
9997
9981
9990
9980
9989
9988
9981
9991
9998
9955
9976
9991
9977
9983
9995
9991
9967
9985
9986
9984
9978
9978
9966
9983
9981
9981
9977
9990
9986
9975
9975
9987
9997
9988
9990
9995
9973
9996
9991
9982
9987
9972
9988
9977
9995
9962
9978
9976
9978
9971
9990
9988
9971
9989
9987
9977
9989
9965
9964
9978
9986
9985
9983
9984
9977
9991
9985
9982
9982
9991
9989
9974
9986
9977
9992
9993
9991
9986
9999
9995
9989
9989
9999
9993
9977
9994
9993
9991
9983
9988
9966
9982
9974
9995
9995
9989
9993
9971
9989
9995
9972
9982
9993
9973
9955
9993
9975
9990
9971
9986
9987
9986
9985
9976
9979
9978
9988
9963
9984
9990
9993
9978
9984
9973
9989
9972
9981
9991
9991
9994
9982
9987
9992
9989
9981
9993
9980
9989
9981
9987
9991
9988
9993
9989
9989
9994
9989
9983
9992
9991
9980
10000
9965
9987
9980
9978
9980
9968
9991
9989
9981
9981
9991
9997
9973
9983
9989
9992
9980
9990
9988
9982
9995
9989
9982
9983
9991
9984
9994
9978
9963
9979
9985
9981
9973
9995
9989
9995
9986
9963
9938
9974
9982
9973
9991
9976
9990
9977
9981
9987
9978
9988
9977
9975
9983
9973
9975
9990
9992
9980
9992
9985
9983
9987
9991
9984
9994
9988
9995
9989
9975
9992
9990
9984
9993
9971
9981
9992
9989
9982
9982
9981
9991
9986
9988
9971
9995
9979
9995
9983
9988
9990
9972
9981
9991
9987
9996
9972
9990
9963
9986
9979
9988
9984
9996
9997
9990
9985
9992
9973
10000
9999
9982
9997
9963
9992
9988
9970
9980
9973
9971
9980
9981
9984
9976
9996
9992
9953
9963
9982
9989
9987
9994
9991
9983
9973
9996
9980
9986
9986
9991
9977
10000
9985
9955
9972
9986
9998
9976
9993
9991
10000
9986
9985
9990
9980
9987
9989
9986
9991
9991
9956
9996
9986
9992
9986
9990
9994
9988
9994
9976
9990
9979
9985
9976
9981
9987
9995
9976
9980
9977
9992
9985
9990
9986
9964
9984
9953
9983
9987
9994
9981
9994
9984
9992
9983
9990
9990
9983
9990
9990
9994
9997
9980
9989
9986
9963
9997
9992
9985
9983
9982
9990
9983
9990
9987
9991
9989
9992
9992
9983
9976
9991
9998
9990
9991
9980
9988
9992
9978
9998
9984
9990
9994
9981
9986
9977
9994
9982
9996
9973
9997
9977
9982
9991
9985
9968
9980
9984
9971
9998
9993
9994
9989
9990
9976
9982
9984
9988
9986
9985
9989
9979
9967
9992
9993
9990
9973
9987
9985
9983
9978
9977
9984
9991
9972
9976
9983
9970
9977
9997
9985
9987
9989
9999
9971
9985
9990
9982
9991
9975
9976
9978
9994
9981
9975
9989
9979
9995
9988
9966
9992
9979
9993
9984
9981
9972
9976
9995
9988
9984
9991
9989
9993
9991
9977
9987
9995
9996
9986
9998
9977
9992
9983
9999
9991
9983
9985
9985
9990
9984
9995
9983
9992
9990
9992
9990
9986
9978
9987
9974
9966
9989
9972
9963
9986
9988
9982
9997
9993
9979
9986
9990
9981
9993
9997
9985
9980
9996
9994
9994
9996
9976
9957
9957
9989
9979
9993
9980
9977
9988
9984
9983
9989
9990
9977
9991
9982
9992
9989
9982
9992
9983
9990
9998
9982
9971
9976
9981
9990
9993
9993
9976
9982
10000
9987
9978
9992
9990
9963
9977
9980
9994
9975
9985
9998
9986
9991
9970
9991
9986
9987
9984
9993
9978
9981
9985
9983
9951
9986
9981
9978
9987
9984
9988
9996
9995
9993
9987
9980
9990
9993
9977
9988
9985
9974
9991
9983
9996
9999
9983
9989
9988
9984
9976
9984
9975
9985
9946
9992
9994
9985
9997
9990
9983
9986
9989
9984
9984
9978
9993
9984
9992
9986
9989
9970
9981
9951
9991
9964
9997
9992
9986
9983
9984
9989
9994
9992
9989
9991
9996
9962
9985
9974
9972
9971
9993
9983
9973
9979
9986
9996
9986
9980
9999
9989
9997
9986
9988
9985
9991
9980
9992
9983
9988
9979
9993
9989
9983
9988
9977
9993
9973
9983
9994
9982
9994
9981
9986
9985
9988
9996
9978
9981
9999
9982
9986
9991
9991
9987
9977
9990
9986
9990
9988
9989
9995
9994
9974
9983
9996
9992
9996
9985
9986
9990
9991
9998
9991
9992
9992
9987
9987
9990
9989
9989
9986
9992
9992
9993
9968
9977
9974
9994
9986
9985
9976
9986
9986
9992
9992
9986
9991
9993
9990
9981
9998
9965
9988
9980
9963
9988
9985
9986
9979
9976
9988
9973
9978
9983
9946
9974
9978
9988
9993
9998
9984
9995
9967
9984
9975
9974
9995
9972
9998
9985
9995
9981
9985
9994
9981
9981
9983
9975
9972
9972
9993
9989
9985
9982
9989
9991
9966
9969
9986
9989
9971
9982
9981
9998
9995
9986
9969
10000
9966
9986
9977
9979
9974
9995
9990
9986
9983
9986
9981
9986
9985
9968
9989
9995
9987
9994
9976
9984
9990
9989
9984
9993
9986
9971
9962
9975
9985
9992
9983
9988
9995
9967
9990
9991
9996
9978
9991
9993
9978
9992
9996
9968
9984
9989
9987
9992
9976
9987
9995
9983
9983
9983
9988
9986
9985
9979
9994
9979
9978
9982
9979
9974
9999
9977
9991
9994
9990
9972
9990
9984
9997
9998
9969
9992
9997
9976
9992
9982
9961
9983
9982
9983
9983
9998
