9986
9977
9987
9994
9982
9998
9987
9989
9978
9972
9991
9984
9983
9979
9987
9988
9979
9994
9966
9996
9978
9989
9982
9993
9973
9992
9995
9979
9977
9983
9979
9975
9978
9993
9989
9996
9977
9989
9967
9992
9996
9993
9996
9986
9979
9984
9997
9957
9984
9991
9983
9990
9986
9989
9992
9979
9990
9989
9998
9979
9986
9982
9987
9987
9991
9995
9966
9991
9984
9992
9989
9987
9989
9981
9979
9983
9980
9990
9990
9993
9996
9980
9991
9985
9983
9997
9997
9991
9980
9983
9979
9977
9981
9986
9993
9999
9982
9982
9975
9981
9996
9977
9972
9994
9969
9980
9994
9977
9984
9978
9994
9992
9978
9982
9992
9991
9993
9988
9983
9996
10000
9987
9971
9989
9988
9987
9985
9990
9989
9992
9992
9992
9980
9993
9982
9978
9993
9959
9961
9995
9998
9986
9969
9995
9992
9987
9989
9996
9992
9963
9990
9989
9997
9942
9983
9995
9993
9977
10000
9976
9994
9973
9990
9988
9994
9986
9977
9981
9989
9993
9987
9986
9963
9984
9991
9992
9986
9997
9986
9973
9968
10000
9991
9991
9971
9989
9991
9995
9966
9984
9983
9991
9984
9993
9978
9983
9998
9989
9988
9992
9986
9997
9995
9958
9987
9977
9988
9980
9986
9996
9997
9972
9988
9983
9960
9978
9981
9985
9982
9983
9987
9984
9985
9986
9991
9978
9989
9983
9974
9995
10000
9980
9987
9968
9976
9996
9988
9989
9991
9975
9983
9990
9992
9987
9996
9988
9990
9992
9959
9947
9979
9977
9994
9991
9982
9968
9993
9973
9994
9988
9981
9986
9992
9992
9982
9994
9994
9975
9994
9982
9979
9989
9992
9991
9983
9972
9989
9995
9982
9989
9979
9989
9988
9992
9995
9960
9982
9994
9978
9985
9982
9991
9991
9992
9968
9968
9988
9977
9980
9967
9984
9987
9988
9989
9987
9993
9961
9979
9987
9973
9984
9980
9981
9997
9994
9972
9980
9965
9976
9991
9986
9989
9983
9993
9970
9995
9987
9984
9979
9999
9993
9991
9977
9982
9988
9993
9988
9993
9984
9973
9991
9979
9968
9986
9984
9982
9990
9985
9985
9988
9984
9987
9999
9991
9980
9984
9987
9976
9965
9985
9981
9988
9984
9994
9971
9965
9981
9989
9981
9994
9987
9995
9996
9990
9980
9958
9993
9977
9998
9986
9991
9976
9994
9988
9986
9987
9994
9974
9993
9988
9986
9980
9984
9979
9992
9992
9990
9994
9996
9978
9948
9987
9969
9985
9979
9992
9972
9994
9998
9995
9995
9989
9977
9992
9973
9995
9978
9987
9990
9980
9991
9968
9986
9990
9961
9999
9982
9976
9981
9987
9972
9970
9997
9972
9986
9979
9996
9995
9988
9985
9992
9978
9991
9965
9989
9992
9995
9990
9969
9993
9982
9977
9978
9969
9984
9994
9989
9977
9986
9986
9991
9998
9982
9984
9985
9982
9988
9986
9988
9968
9981
9982
9975
9994
9988
9984
9987
9962
9984
9993
9988
9984
9970
9983
9967
9989
9982
9976
9978
9989
9997
9972
9987
9951
9982
9984
9950
9985
9985
9971
9991
9991
9978
9986
9983
9994
9985
9986
9987
9988
9980
9962
9964
9997
9968
9987
9997
9978
9990
9994
9972
9981
9983
9988
9982
9967
9988
9982
9982
9985
9973
9986
9996
9984
9982
9990
9988
9988
9990
9996
9979
9966
9988
10000
9996
9987
9978
9984
9996
9979
9986
9994
9975
9993
9996
9986
9992
9992
9980
9996
9984
9979
9968
9965
9987
9987
9970
9990
9985
9997
9994
9983
9984
9989
9997
9982
9993
9985
9982
9997
9999
9986
9964
9994
9980
9991
9988
9982
9986
9982
9973
9990
9994
9987
9997
9982
9987
9985
9989
9993
9990
9985
9987
9975
9995
9989
9991
9983
9990
9980
9974
9998
9991
9989
9954
9979
9994
9989
9994
9983
9986
9980
9986
9983
9975
9979
9983
9989
9978
9988
9978
9978
9982
9995
9986
9966
9995
9992
9983
9978
9988
9984
9985
9995
9988
9982
9989
9985
9976
9969
9967
9995
9981
9967
9969
9980
9999
9984
9990
9972
9993
9994
9973
9978
9977
9966
9979
9982
9996
9986
9995
9997
9955
9991
9988
9963
9984
9995
9976
9988
9984
9972
9981
9995
9985
9980
9977
9965
9986
9993
9994
9991
9993
9989
9988
9993
9981
9995
9981
9994
9977
9995
9976
10000
9967
9995
9996
9973
9984
9988
9985
9986
9992
9994
9987
9986
9987
9991
9990
9995
9976
9982
9972
9967
9997
9988
9980
9986
9987
9972
9992
9981
9994
9988
9989
9976
9985
9985
9984
9988
9989
9986
9990
9964
9984
9986
9991
9980
9991
9993
9982
9997
9984
9989
9982
9995
9993
9983
9983
9987
9986
9990
9971
9993
9984
9993
9999
9979
9998
9977
9996
9964
9980
9984
9988
9978
9988
9977
9988
10000
9983
9987
9983
9970
9978
9979
9942
9981
9982
9979
9987
9991
9996
9971
9964
9988
9992
9996
9956
9978
9970
9979
9986
9987
9981
9983
9988
9987
9978
9990
9977
9994
9981
9985
9966
9995
9996
9991
10000
9993
9981
9980
9984
9978
9970
9968
9990
9998
9985
9983
9988
10000
9992
9985
9967
9991
9980
9991
9989
9994
9992
9981
9984
9990
9969
9993
9986
9982
9974
9986
9989
9962
9992
9990
9994
9983
9986
9979
9963
9988
9979
9977
9979
9989
9982
9995
9992
9980
9997
9983
9979
9954
9994
9989
9984
9997
9977
9995
9989
9981
9985
9983
9975
9983
9975
10000
9993
9985
9992
9976
9992
9986
9989
9988
9953
9991
9985
9968
9990
9979
9991
9987
9988
9976
9984
9981
9989
9980
9973
9980
9981
9983
9984
9985
9983
9986
9988
9984
9989
9996
9982
9982
9993
9988
9985
9997
9988
9989
9974
9981
9984
9987
9971
9997
9972
9986
9989
9987
9991
9984
9958
9989
9985
9993
9988
9990
9995
9976
9971
9986
9991
9955
9983
9998
9985
9989
9983
9991
9989
9998
9979
9994
9993
9991
9985
9993
9977
9972
9959
9990
9989
9994
9968
9994
9992
9985
9972
10000
9971
9990
9982
9990
9987
9978
9990
9972
9982
9970
9986
9992
9996
9995
9984
9991
9993
9988
9992
9984
9965
9981
