9761
9631
10000
10000
9860
9040
10000
9918
9681
8522
10000
10000
10000
9703
10000
10000
9727
10000
9730
10000
9542
9874
9955
10000
9967
9966
10000
9581
9304
9577
10000
9682
10000
9809
10000
9201
10000
9863
9220
9917
9702
10000
9853
9735
10000
9907
9953
9737
9568
10000
9474
9549
10000
9679
9704
10000
10000
9970
9155
9931
9572
9673
10000
10000
9184
10000
9639
10000
9778
9761
9973
9975
9543
9386
9685
10000
9957
9420
9938
9971
9898
10000
9862
10000
9129
9617
9785
9890
9923
9256
9506
9042
10000
9953
9967
10000
10000
9491
9874
9898
9733
9713
9269
10000
10000
9056
9990
10000
9887
9997
9472
10000
8934
9334
9984
9921
10000
9879
10000
9182
10000
9991
9996
10000
9951
9710
9979
9979
10000
9515
9966
9034
9937
10000
9963
10000
9593
9798
9007
10000
10000
10000
9989
10000
10000
9503
9804
9347
9160
10000
9151
10000
9357
10000
9900
8871
10000
9627
9713
9792
10000
9571
9681
9444
9282
9823
9341
9680
9857
9558
9535
9926
9040
9350
9703
9969
10000
10000
9763
9197
9853
9814
9747
10000
9612
9412
9732
9994
9906
10000
9931
9719
9916
9796
9306
9013
9933
9791
9837
10000
9974
10000
9347
9768
9937
9898
9425
10000
9955
9515
10000
9226
9962
10000
9432
9368
9993
9927
10000
9991
9924
10000
9757
10000
9242
9992
9900
10000
10000
9931
10000
9934
9922
10000
9457
9790
8251
10000
9624
10000
9941
10000
10000
9548
9996
10000
9714
8499
10000
10000
10000
9544
9462
9215
8766
9562
9930
8700
10000
10000
9975
10000
10000
10000
10000
9947
9964
10000
10000
9125
9458
9813
9978
10000
10000
10000
9654
10000
10000
9335
9555
10000
9353
9897
9982
9390
9846
9281
9387
9696
9569
8720
9977
9521
10000
10000
8989
9896
10000
9468
9536
9652
9757
9625
9596
10000
10000
9013
9771
10000
9797
9554
9880
10000
10000
9800
9983
9992
9975
9953
10000
9912
10000
8956
9751
10000
10000
9099
8779
10000
9104
9757
9622
9341
9923
10000
9973
10000
10000
9194
9711
9894
9805
10000
9958
9598
9901
9801
9922
9834
10000
9932
10000
9522
9523
8756
9615
9893
9821
10000
10000
10000
9810
9640
9914
9929
9764
9399
9005
9694
10000
10000
9978
10000
9829
9782
9345
9752
9279
9283
9974
10000
10000
10000
10000
8332
9806
10000
10000
9014
10000
9782
9699
9997
9736
9789
9949
10000
9982
10000
8476
9658
10000
9779
9876
9830
9779
9747
9840
9877
9582
9499
9547
10000
10000
9735
9994
10000
10000
9906
9851
9189
10000
9547
9722
9630
10000
9748
9943
8909
10000
9530
9831
9998
9126
9151
10000
9706
10000
9943
9632
10000
9886
9913
9887
9976
9309
9250
9560
9438
9865
9662
9881
9766
9964
9999
9586
9856
9633
9886
10000
10000
9828
9400
9849
8711
9125
10000
9501
9964
9815
10000
10000
9447
9523
9453
9197
10000
10000
9563
10000
9806
9988
9355
9913
9772
9752
9831
10000
9268
9288
9949
9918
8304
10000
9198
10000
9886
9971
9986
10000
9407
9989
10000
9803
10000
9788
9880
9977
10000
10000
10000
10000
9993
9072
9968
9128
9686
9821
9292
9902
10000
9620
9711
9975
10000
9358
9883
9561
9198
9577
9810
10000
10000
9296
9964
10000
9942
9753
10000
9914
9985
9757
9889
8973
9966
9930
9765
9534
9368
9937
10000
9889
10000
9809
10000
9048
10000
9985
9176
9979
8995
9919
9817
9283
10000
9191
10000
9972
10000
9738
9958
9591
9481
9867
9959
9715
9978
9151
10000
10000
10000
9952
8725
10000
9918
9944
10000
10000
10000
9867
9655
10000
10000
10000
10000
10000
9693
10000
9690
9623
10000
9013
10000
9337
10000
9885
8980
9175
9736
9648
9964
9894
10000
10000
8959
10000
9515
9987
9966
9934
9943
9986
10000
9806
9900
10000
9984
10000
10000
10000
9954
9603
9854
10000
9910
10000
10000
9766
10000
9976
10000
9308
10000
9956
9369
10000
8792
9887
8661
9628
10000
10000
9963
9420
10000
9459
9878
10000
9679
10000
9922
9873
9074
9701
10000
9872
10000
9508
8108
9866
9677
9071
9928
10000
9927
9947
9658
9979
9783
9938
9855
10000
9380
9470
10000
9972
9604
8666
9986
10000
9888
10000
10000
9966
9482
9774
9055
9420
10000
10000
9981
9752
9923
9846
10000
9820
10000
10000
10000
9955
9748
9729
9845
10000
9921
10000
9470
10000
9686
10000
9776
9983
9916
9977
9624
9852
9065
9445
9808
9990
9941
10000
10000
9642
9894
10000
9313
10000
9880
9828
10000
9712
10000
10000
9527
10000
9596
10000
10000
9875
9258
9632
9350
9882
9110
9596
9960
9740
10000
9244
10000
9992
9861
10000
10000
9487
9618
10000
10000
10000
9482
9557
9980
9890
9859
9902
10000
10000
10000
9201
9861
10000
10000
9077
9278
10000
9922
9963
9905
10000
10000
9816
9976
10000
10000
10000
10000
10000
9952
10000
9700
9957
9943
9997
9425
9525
9869
10000
10000
9855
10000
9830
9953
9969
9990
10000
10000
9250
9906
9278
9619
9936
9703
9714
9962
10000
10000
9986
10000
9535
9864
8544
9350
9850
9891
9932
9511
10000
9684
9694
9582
9873
10000
9736
9377
9838
10000
10000
9642
9973
9753
9900
10000
10000
9868
9786
10000
9959
8647
9975
9550
9681
9105
9743
9772
9917
10000
9548
9984
9980
10000
9671
9977
9522
9656
9081
9374
10000
9462
10000
9795
9225
9821
10000
9877
9559
8808
10000
9390
9599
9910
9496
9818
9987
9934
9646
10000
9961
9969
9957
9983
10000
9947
9595
10000
9928
10000
10000
9724
9919
10000
9066
9960
9728
9831
9981
10000
9512
10000
9569
9262
10000
10000
9799
10000
10000
10000
10000
8575
9792
9680
9984
9801
9814
9383
9894
9908
9866
9978
9964
9612
9984
10000
9274
10000
9565
9028
10000
9967
9815
10000
10000
9934
9856
9791
10000
9813
9558
8827
10000
10000
9300
9883
9523
9977
9317
9877
9807
10000
10000
10000
10000
9979
10000
9386
9650
9449
9038
10000
9931
9983
9655
10000
10000
9320
10000
9348
9981
9974
10000
9661
9754
9221
10000
9875
9476
9994
9841
9646
