9993
9982
9993
9986
9977
9996
9989
9990
9987
9986
9994
9989
9984
9989
9999
9981
9969
9991
9982
9991
9996
9988
9982
9991
9995
9963
9988
9984
9967
9992
9979
9997
9984
10000
9988
9984
9985
9976
9976
9988
9985
9998
9983
9993
9979
9968
9994
9994
9996
9996
9987
9996
9993
9991
9986
9993
9989
9999
9994
9990
9996
9997
9995
9993
9979
9975
9989
10000
9996
9976
9993
10000
9997
9980
9978
9984
9999
9985
9976
9993
9997
10000
9987
9981
9992
9995
9998
9999
9981
9999
9999
9993
9985
9980
9985
9994
9978
9987
9969
9993
9990
9988
9950
9982
10000
9988
9993
10000
9989
9995
9992
9996
9992
9980
9997
9998
9990
9987
9996
9992
9985
9996
9989
9991
9999
9983
9998
10000
9996
9982
9978
9971
9986
9992
9990
9999
9985
9975
9984
9989
9986
9985
9995
9998
9994
9984
9991
9985
9984
9997
9991
9985
9986
9984
9981
9979
9994
9986
9962
9969
9999
9961
9985
9989
9974
10000
9976
9996
9995
9990
9985
9978
9986
9965
9995
9983
9956
9993
9984
9985
10000
9997
9990
9992
9985
9997
9976
9986
9999
9961
9983
9976
9984
10000
9984
9993
9986
9994
9990
9997
9993
9986
9993
9973
9998
9989
9986
9984
9980
9992
9982
9977
9990
9982
9986
9990
9997
9998
9983
9972
9994
9986
9982
9996
9999
9984
9973
9987
9988
10000
9974
9989
9999
9992
9989
10000
9986
9999
9986
9974
9952
9989
9987
9986
9987
9994
9982
9955
9994
9980
9989
9991
9976
9991
9977
9994
9994
10000
10000
9992
9991
9987
9989
9985
9987
9999
9992
9983
9991
9972
9983
9979
9956
9987
9990
9990
9989
9976
9999
9989
9993
9976
9984
9963
9995
10000
9981
9971
9984
9999
9998
9993
9997
9995
9992
9981
9994
10000
9969
9982
9988
9988
9988
9989
9995
9979
9984
9975
9999
9994
9994
9992
9988
9981
9991
9972
9999
9989
9995
9992
9993
10000
10000
9997
9995
9976
9990
9992
9991
9994
9996
9991
9971
9952
10000
9984
9989
10000
10000
9980
9997
9991
9986
9984
9989
9995
9991
10000
9988
9985
9992
9977
9979
9981
9991
9995
9992
9982
9980
9989
9982
9995
9987
9992
9984
9995
9998
9990
9978
9993
9975
9969
9991
9982
9971
9986
9985
9972
9994
9999
9989
10000
9995
9992
9994
9994
9985
9985
9992
9993
9990
9986
9996
9986
9991
9975
9988
9994
9985
9985
9985
9987
9942
9980
9985
9987
9992
9996
9992
9999
9985
9989
9991
9989
9992
9995
9991
9977
9994
9991
9988
9995
9996
9988
9984
9998
10000
9993
9992
9959
9987
9951
9996
9992
9991
9989
9990
9993
9994
10000
9983
9994
9981
9982
9989
9989
9992
9995
9986
9960
9999
9999
9991
9987
9988
9979
9994
9999
9968
9977
9990
9990
9994
10000
9992
9990
9964
10000
9990
9979
9992
9984
9983
9994
9988
9990
9987
9994
9993
9985
9992
9977
9999
9987
9955
9981
9999
9979
9969
9995
9992
9979
9997
9988
9985
9974
9990
9993
9984
9986
9994
9958
9982
9980
9996
9992
9978
9997
9981
10000
9990
9993
9982
9971
9971
9978
9999
9999
9979
9995
9990
9989
9994
9976
9980
9986
9993
9977
9990
9960
9986
9992
10000
9993
9999
9990
9994
9990
10000
9991
9990
9972
9984
9997
9996
9991
9993
9975
9990
9995
9986
9984
9996
9991
9981
9982
9978
10000
9990
9989
9999
9983
9995
9997
9999
9999
9995
9988
9992
9981
9955
9988
10000
9992
9990
9995
9995
9982
9989
9989
9990
9992
9989
9977
9993
9983
10000
9956
9963
9983
9981
9994
9990
9989
9982
9995
9988
9974
9987
9995
9989
9992
9987
9984
9986
9999
9993
9996
9984
9994
9978
9995
9978
9988
9989
9984
9982
9991
9995
9950
9969
9972
9999
9987
9986
9984
9998
9993
9998
9972
9997
9991
9999
10000
9959
9996
9976
9978
9992
9988
9989
9976
9997
9978
9992
9959
9996
9996
9983
9980
9994
9990
9967
9976
9998
9990
9962
9985
9991
9998
9995
9985
9998
9973
9998
9999
9986
9993
9998
9988
9983
9970
9988
9999
9989
9992
9986
9988
9989
9987
9995
9996
9971
9994
9989
9991
9971
9994
9962
9990
9990
9987
9985
9970
9979
9968
9991
9992
9990
9974
9990
9995
9994
9984
9985
9989
9988
9993
9999
9981
9976
9985
9984
9999
9988
9989
9972
9999
9993
9980
9983
9988
9998
9991
9985
9987
9995
9992
9982
9995
9984
9996
9993
9981
9984
9998
9993
9992
9985
9977
9979
9986
9996
9975
9987
9992
9999
9997
9980
9993
9993
9981
9987
9996
9992
9982
9989
9987
9974
9982
9987
9985
9991
9987
9977
9966
9968
9997
9981
9986
9993
9985
9977
10000
9989
9982
9986
9977
9958
9989
9996
9995
9996
9988
9983
9974
9998
9985
9990
9986
9989
9986
9968
9995
9999
9984
9979
9999
9963
9968
9989
9988
9992
9997
10000
9987
9989
9992
9956
9961
9988
9992
9967
9988
9986
9997
9986
9994
9988
9997
9957
9999
9994
9989
9996
9989
9986
9983
9998
9983
9996
9990
9973
9984
9997
9989
10000
9978
9990
9999
9975
9979
9989
9999
9967
9999
9975
10000
9974
9995
9998
9977
9992
9995
9981
9978
9985
9998
9988
9981
9986
9976
9951
10000
9989
9998
9998
9996
9981
9993
9992
9995
9982
9996
9981
9986
9987
9977
9990
10000
9984
9997
9994
9989
9986
9989
9986
9977
9990
9999
9987
10000
9987
9992
9994
9988
9995
9985
9998
9979
9995
9968
9992
9996
9991
9994
9972
9986
9974
9997
9993
9992
9992
9984
9989
9998
9991
9981
9994
9993
9978
9980
9998
9977
9971
9984
9992
9988
9999
9988
9999
9988
9986
9997
9979
9984
10000
9978
9999
9988
9968
9995
9980
9985
9984
9986
9962
9990
9988
9990
9984
9977
9982
9962
9998
9990
9986
9995
9981
9992
9993
10000
9986
9991
9987
9990
9983
9998
9994
9994
9991
9989
9978
9988
9985
9984
9992
9996
9990
9998
9995
9992
9994
9975
9955
9985
9980
9989
9973
9999
9992
9990
9973
9987
9994
9985
9989
9985
9982
9983
