9965
9984
9978
9979
9999
9986
9996
9972
9974
9986
9967
9985
9977
9974
9991
9990
9989
9993
9980
9991
9983
9998
9981
9982
9984
9992
9987
9978
9990
9959
9992
9981
9990
9982
9985
9986
9978
9985
9992
9983
9993
9939
9990
9994
9990
9988
9968
9993
9979
9996
9982
9989
9975
9994
9964
9968
9995
9989
9976
9980
9994
9985
9988
9973
9976
9969
9973
9979
9977
9960
9987
9975
9977
9987
9996
9977
9993
9972
9983
9991
9985
9981
9992
9989
9993
9984
9991
9978
9983
9980
9970
9974
9965
9983
9994
9971
9981
9979
9994
9971
9983
9981
9997
9990
9941
9980
9985
9982
9976
9994
9987
9973
9994
9991
9968
9975
9963
9994
9981
9992
9988
9974
9990
9984
9981
9984
9985
9989
9987
9974
9981
9974
9993
9991
9994
9989
9985
9989
9990
9984
9993
9984
9992
9987
9999
9993
9987
9997
9980
9990
9991
9968
9996
9974
9972
9979
9982
9986
9987
9990
9986
9986
9975
9994
9986
9979
9979
9966
9988
9979
9992
9987
9995
9994
9993
9986
9980
9980
9997
9993
9988
9964
9982
9997
9975
9970
9994
9996
9963
9967
9987
9984
9981
9976
9995
9983
9988
9988
9984
9976
9967
9991
9988
9987
9984
9976
9991
9972
9998
9988
9977
9982
9986
9998
9983
9993
9990
9973
9988
9989
9996
9968
9989
9978
9991
9989
9999
9992
9983
9972
9981
9985
9995
9982
9998
9977
9988
9989
9980
9983
9992
9988
10000
9985
9980
9971
9989
9942
9994
9958
9974
9970
9993
9994
9986
9980
9986
9978
9995
9984
9977
9988
9997
9989
9988
9946
9985
9981
9988
9989
9959
9973
9985
9976
9984
9985
9971
9970
9997
9991
9985
9986
9993
9979
9995
9994
9980
9991
9994
9995
9994
9995
9995
9992
9970
9997
9989
9986
9982
9984
9985
9992
9997
9989
9992
9985
9979
9978
9981
9993
9990
9995
9985
9962
9989
9976
9982
9985
9985
9989
9996
9993
9986
9981
9985
9981
9997
9987
9981
9994
9986
9987
9987
9993
9987
9990
10000
9977
9991
9978
9994
9985
9987
9993
9990
9980
9985
9984
9976
9990
9985
9980
9984
9988
9990
9985
9971
9961
9972
9987
9973
9981
9973
9996
9973
9981
9990
9990
9998
9957
9977
9992
9999
9954
9980
9996
9966
9994
9988
9992
9973
9978
9973
9987
9991
9995
9972
9977
9987
9967
9993
9993
9989
9992
9990
9982
9989
9979
9988
9980
9981
9968
9992
9986
9995
9967
9978
9983
9977
9985
9982
9978
9980
9963
9986
9985
9988
9987
9984
9975
9999
9979
9985
9995
9994
9989
9992
9992
9972
9987
9972
9988
9983
9989
9976
9988
9983
9981
9990
9985
9990
9975
9983
9969
9984
9992
9977
9990
9975
9994
9983
9981
9955
9997
9966
9993
9994
9976
9976
9996
9988
9979
9986
9985
9991
9995
9979
9995
9996
9992
9989
9994
9986
9970
9987
9979
9978
9985
9988
9975
9991
9992
9991
9993
9950
9974
9988
9992
9979
9984
9979
9978
9993
9970
9995
9991
9966
9994
9996
9969
9989
9994
9971
9979
9982
9995
9986
9982
9990
9975
9999
9982
9985
9994
9977
9979
9981
9981
9986
9992
9996
9983
9994
9975
9982
9984
9990
9985
9982
9995
9983
9989
9983
9981
9988
9989
9975
9990
9986
9956
9991
9984
9959
9991
9985
9984
9982
9979
9993
9984
9967
9985
9988
9992
9980
9994
9995
9984
9967
9964
9980
9982
9986
9995
9988
9984
9980
9986
9992
9991
9990
9991
9977
9994
9993
9973
9978
9997
9988
9988
9985
9984
9994
9976
9987
9985
9990
9995
9976
9990
9989
9986
9968
9990
9974
9991
9987
9984
9994
9974
9983
9978
9981
9980
9987
9987
9979
9991
9971
9963
9980
9962
9993
9993
9992
9984
9993
9978
9987
9973
9994
9985
9976
9970
9986
9991
9963
9967
9972
9991
9981
9986
9990
9986
9990
9983
9989
9981
9994
9991
9991
9979
9993
9973
9988
9969
9991
9982
9997
9979
9934
9980
9987
9982
9978
9977
9998
9992
9992
9984
9979
9985
9982
9981
9969
9972
9989
9989
9987
9992
9976
9979
9962
9978
9988
9996
9974
9988
9967
9996
9996
9979
9994
9988
9980
9987
9998
9980
9983
9991
9989
9998
9983
9986
9995
9981
9980
9991
9986
9972
9991
9992
9940
9999
9981
9986
9979
9974
9993
9993
9991
9983
9975
9978
9996
9993
9980
9983
9989
9992
9997
9995
9991
9978
9975
9991
9989
9995
9993
9979
9976
9982
9982
9981
9989
9966
9974
9989
9992
9969
9984
9990
9961
9988
9991
10000
9975
9985
9994
9977
9986
9978
9982
9989
9997
9992
9978
9971
9986
9990
9991
9966
9987
9992
9985
9982
9987
9984
9992
9981
9995
9984
9990
9989
9993
9991
9974
9987
9988
9992
9976
9992
9984
9986
9990
9990
9976
9964
9994
9986
9989
9992
9986
9985
9961
9977
9985
9982
9980
9990
9993
9993
9989
9980
9975
9968
9969
9990
9986
9995
9976
9976
9990
9964
9989
9995
9978
9980
9968
9998
9973
9988
9976
9972
9984
9996
9968
9983
9995
9980
9987
9992
9980
9988
9986
9986
9990
9988
9989
9984
9992
9983
9984
9987
9986
9979
9989
9972
9981
9985
9955
9991
9986
9973
9978
9991
9986
9993
9991
9988
9984
9988
9990
9985
9986
9992
9989
9985
9982
9989
9993
9995
9964
9988
9999
9990
9977
9985
9978
9980
9990
9987
9997
9990
9975
9973
9985
9994
9980
9991
9974
9977
9957
9987
9990
9983
9995
9992
9982
9996
9989
9964
9989
9982
9982
9998
9986
9988
9978
9995
9997
9975
9993
9989
9981
9989
9988
9976
9962
9993
9980
9984
9991
9992
9975
9994
9991
9983
9995
9973
9981
9989
9998
9993
9992
9988
9983
9970
9992
9977
9997
9986
9956
9972
9989
9994
9995
9981
9984
9988
9993
9990
9989
9978
9987
9982
9992
9991
9984
9994
9988
9986
9985
9982
9988
9945
9998
9996
9993
9991
9974
9995
9982
9987
9965
9968
9993
9993
9993
9992
9995
9989
9999
9991
9952
9986
9982
9990
9997
9994
9993
9982
9993
9989
9990
9989
9973
9997
9975
9982
