9957
9970
9993
9957
9994
9985
9988
9994
9992
9978
9990
9995
9985
9976
9988
9996
9994
9994
9983
9980
9986
9991
9968
9988
9986
9982
9996
9985
9977
9955
9981
9985
9981
9970
9981
9990
9972
9994
9989
9991
9988
9987
9987
9986
9977
9974
9988
9987
9984
9967
9976
9982
9973
9989
9981
9981
9989
9982
9971
9992
9981
9975
9989
9986
9991
9972
9984
9984
9975
9992
9979
9982
9981
9997
9984
9987
10000
9991
9986
9987
9989
9992
9987
9973
9987
9990
9990
9982
9987
9988
9994
9967
9987
9992
9988
9980
9986
9987
9989
9980
9998
9990
9984
9983
9981
9983
9987
9966
9980
9983
9980
9982
9988
9993
9979
9963
9988
9984
9994
9983
9987
9986
9995
9999
9978
9994
9993
9972
9986
9987
9989
9991
9994
9984
9995
9991
9991
9983
9979
9970
9975
9957
9988
9997
9985
9958
9973
9992
9990
9980
9982
9991
9964
9987
9988
9990
9990
9989
9979
9980
9992
9988
9983
9990
9983
9972
9979
9959
9980
9989
9967
9979
9999
9969
9995
9988
9991
9996
9978
9985
9983
9966
9987
9985
9983
9995
9974
9971
9981
9989
9982
9988
9986
9968
9991
9985
9989
9989
9984
9974
9977
9992
9985
9995
9987
9991
9983
9990
9976
9991
9982
9983
9986
9981
9993
9975
9990
9991
9988
9991
9987
9975
9991
9980
9989
9973
9991
9990
9996
9996
9974
9990
9997
9991
9979
9991
9996
9980
9984
9991
9981
9990
9990
9971
9989
9985
9976
9987
9993
9987
9978
9983
9983
9986
9974
9991
9977
9995
9987
9994
9975
9990
9981
9977
9980
9995
9998
9988
9976
9981
9984
9995
9990
9994
9992
9992
9997
9974
9955
9992
9982
9984
9984
9992
9987
9994
9986
9996
9991
9990
9988
9990
9986
9991
9983
9971
9959
9982
9981
9984
9982
9983
9975
9984
9970
9983
9987
9990
9996
9991
9984
9992
9967
9982
9980
9974
9982
9970
9968
9977
9992
9981
9994
9983
9987
9977
9984
9970
9970
9982
9975
9967
9994
9969
9993
9989
9987
9969
9990
9993
9964
9983
9996
9991
9980
9987
9981
9989
9992
9977
9986
9975
9985
9983
9994
9984
9985
9968
9982
9985
9978
9979
9988
9994
9969
9984
10000
9983
9981
9991
9983
9982
9969
9966
9997
9983
9977
9973
9987
9983
9983
9983
9987
9991
9977
9970
9991
9986
9974
9996
9980
9980
9987
9973
9970
9987
9982
9985
9984
9972
9997
9990
9984
9987
9972
9985
9986
9972
9985
9981
9963
9968
9976
9978
9989
9972
9982
9989
9974
9986
9983
9992
9987
9994
9986
9992
9977
9993
9991
9982
9999
9989
9974
9986
9978
9981
9993
9986
9978
9983
9984
9982
9986
9965
9973
9994
9979
9967
9984
9958
9988
9990
9968
9973
9984
9991
9980
9984
9995
9984
9993
9988
9982
9991
9984
9983
9975
9996
9990
9982
9971
9991
9989
9994
9983
9979
9989
9986
9978
9992
9985
9983
9999
9967
9986
9990
9976
9977
9985
9988
9997
9977
9984
9995
9994
9989
9987
9980
9986
9993
9952
9988
9989
9983
9995
9981
9997
9978
9997
9965
9992
9977
9988
9991
9990
9991
9996
9980
9977
9984
9968
9983
9960
9996
9988
9979
9987
9994
9991
9988
9982
9990
9986
9989
9972
9974
9973
9988
9992
9986
9947
9991
9973
9984
9989
9984
9979
9989
9998
9987
9999
9991
9982
9987
9986
9967
9979
9991
9970
9976
9984
9981
9983
9979
9982
9981
9973
9990
9990
9968
9987
9983
9994
9986
9972
9981
9977
9986
9989
9980
9982
9980
9962
9975
9992
9984
9988
9990
9985
9990
9964
9993
9977
9990
9973
9992
9984
9977
9988
9997
9970
9983
9985
9972
10000
9990
9987
9991
9986
9996
9989
9985
9973
9984
9984
9992
9979
9987
9996
9972
9983
9984
9987
9993
9986
9970
9990
9990
9976
9983
9995
9996
9987
9987
9992
9985
9979
9983
9978
9994
9990
9976
9968
9984
9983
9995
9972
9999
9982
9990
9994
9984
9988
9974
9986
9988
9993
9994
9979
9982
9976
9993
9979
9984
9981
9988
9986
9978
9986
9962
9967
9980
9998
9987
9989
9978
9980
9989
9986
9974
9978
9983
9985
9980
9975
9987
9979
9987
9989
9989
9978
9987
9983
9984
9980
9964
9977
9987
9995
9962
9988
9989
9989
9976
9988
9983
9950
9978
9982
9992
9994
9981
9976
9975
9980
9989
9994
9962
9965
9982
9990
9989
9994
9996
9982
9987
9988
9977
9971
9993
9991
9986
9996
9976
9979
9986
9985
9988
9989
9982
9977
9986
9988
9997
9994
9988
9987
9968
9953
9988
9980
9988
9984
9988
9986
9979
9990
9980
9991
9982
9981
9992
9983
9995
9994
9974
9979
9953
9975
9984
9991
9977
9975
9981
9996
9984
9979
9976
9980
9983
9986
9979
9974
9991
9989
9984
9993
9994
9983
9994
9996
9988
9984
9984
9988
9978
9987
9976
9987
9984
9986
9993
9993
9998
9990
9987
9977
9986
9996
9968
9972
9988
9957
9979
9993
9983
9999
9994
9976
9980
9983
9986
9979
9983
9997
9962
9993
9961
9986
9986
9974
9989
9987
9988
9984
9974
9950
9990
9989
9981
9996
9975
9989
9955
9988
9989
9985
9976
9989
9986
9976
9992
9992
9999
9995
9989
9998
9992
9996
9994
9986
9985
9989
9993
9979
9983
9991
9993
9975
9997
9994
9987
9995
9980
9992
9965
9976
9976
9980
9979
9987
9990
9998
9983
9987
9969
9988
9986
9977
9992
9986
9990
9983
9990
9994
9991
9997
9982
9982
9993
9989
9964
9993
9979
9992
9984
9990
9988
9988
9997
9980
9991
9982
9990
9986
9987
9984
9987
9993
9994
9992
9979
9986
9999
9986
9988
9991
9991
9992
9998
9993
9980
9989
9989
9983
9981
9988
9991
9990
9984
9981
9995
9995
9988
9989
9980
9982
9990
9981
9993
9996
9989
9983
9984
9969
9996
9985
9994
9971
9999
9988
9977
9984
9994
9992
9968
9967
9992
9971
9979
9994
9979
9988
9989
9987
9994
9991
9993
9970
9997
9975
9986
9982
9975
9975
9990
9995
9994
9978
9980
9976
9968
9983
9994
9969
9988
9990
9989
9993
9991
