9986
9987
9981
9980
9997
9984
9978
9990
9986
9986
9992
9981
9979
9954
9995
9980
9972
9984
9965
9988
9987
9972
9993
9984
9965
9985
9986
9975
9961
9996
9951
9978
9997
9989
9984
9987
9987
9977
9986
9983
9988
9994
9980
9970
9982
9990
9994
9990
9986
9983
9976
9992
9999
9984
9969
9986
9994
9975
9981
9988
9989
9986
9994
9995
9991
9984
9976
9982
9989
9988
9990
9985
9979
9987
9979
9984
9987
9983
9975
9987
9969
10000
9977
9982
9995
9995
9995
9991
9949
9982
9988
9979
9995
9984
9984
9990
9982
9984
9982
9986
9982
9978
9987
9986
9991
9987
9981
9987
9982
9977
9987
9989
9973
9975
9991
9992
9988
9997
9990
9967
9964
9972
9964
9985
9999
9982
9972
9974
9989
9977
9965
9975
9973
9979
9987
9969
9995
9997
9989
9994
9982
9998
9995
9956
9985
9977
9990
9995
9980
9997
9983
9996
9995
9977
9987
9973
9980
9982
9992
9987
9990
9969
9987
9996
9980
9986
9992
9981
9989
9968
9990
9986
9994
9990
9981
9989
9986
9975
9989
9981
9977
9996
9986
9993
9972
9992
9973
9987
9995
9987
9996
9994
9992
9985
9980
9996
9983
9993
9977
9998
9969
9983
9979
9980
9994
9995
9988
9980
9985
9993
9992
9986
9974
9983
9986
9975
9985
9976
9989
9975
9977
9986
9987
9988
9986
9992
9975
9963
9992
9992
9985
9990
9978
9966
9970
9987
9995
9992
9974
9992
9981
9988
9988
9987
9979
9999
9995
9980
9996
9972
9998
9973
9984
9995
9986
9994
9992
9971
9985
9971
9986
9988
9988
9998
9985
9960
9978
9988
9984
9976
9985
9975
9988
9986
9989
9966
9988
9987
9982
9975
9987
9979
9977
9985
9996
9977
9978
9963
9959
9991
9998
9986
9978
9995
9975
9993
9977
9985
9986
9991
9999
9996
9991
9996
9979
9993
9968
9971
9990
9993
9978
9991
9979
9979
9986
9992
9994
9978
9985
9963
9980
9990
9993
9988
9977
9981
9988
9991
9992
9988
9984
9976
9991
9988
9992
9987
9978
9998
9991
9991
9993
9988
9978
9992
9988
9997
9994
9987
9985
9983
9969
9987
9981
9984
9970
9996
9974
9994
9988
9995
9987
9985
9989
9986
9993
9985
9996
9986
9979
9977
9985
9995
9986
9975
9986
9986
9966
9987
9997
9962
9981
9985
9982
9983
9995
9995
9996
9981
9981
9989
9990
9992
9993
9979
9985
9994
9979
9973
9994
9994
9989
9964
9990
9991
9988
9979
9961
9988
9985
9985
9983
9992
9987
9985
9989
9998
9984
9985
9986
9971
9986
9995
9982
9988
9992
10000
9986
9988
9984
9953
9968
9964
9967
9986
9979
9984
9981
9964
9991
9976
9984
9980
9992
9995
9990
9959
9986
9970
9987
9979
9958
9982
9981
9980
9984
9990
9996
9979
9981
9977
9989
10000
9984
9980
9982
9993
9981
9972
9982
9994
9975
9990
9987
9985
9995
9976
9981
9982
9959
9962
9980
9985
9979
9986
9988
9961
9987
9965
9973
9988
9996
9971
9983
9976
9972
9981
9953
9987
9981
9972
9979
9988
9984
9989
9988
9974
9997
9983
9987
9983
9986
9994
9969
9983
9981
9980
9979
9983
9973
9996
9993
9990
9980
9973
9969
9994
9978
9978
9990
9988
9976
9957
9991
9990
9982
9979
9982
9976
9987
9986
9994
9992
9986
9986
9987
9983
9988
9991
9967
9988
9982
9970
9977
9989
9997
9995
9986
9976
9976
9987
9982
9976
9989
9973
9975
9984
9977
9993
9988
9990
9977
9992
9990
9989
9980
9965
9980
9971
9999
9973
9961
9987
9975
9988
9984
9990
9950
9983
9983
9985
9989
9996
9973
9981
9992
9991
9980
9992
9985
9981
9994
9977
9985
9991
9973
9992
9983
9997
9975
9982
9985
9975
9986
9962
9975
9972
9988
9991
9965
9989
9990
9988
9969
9994
9974
9985
9978
9978
9986
9986
9998
9992
9982
9993
9990
9978
9985
9978
9998
9982
9994
9989
9975
9989
9997
9977
9991
9987
9994
9992
9982
9987
9991
9985
9987
9989
9982
9988
9984
9989
9980
9990
9985
9996
9989
9991
9992
9977
9990
9979
9981
9984
9992
9992
9984
9988
9997
9978
9997
9986
9978
9991
9991
9989
9994
9985
9987
9980
9986
9992
9990
9974
9990
9980
9982
9967
9983
9986
9976
9983
9985
9991
9983
9957
9980
9982
9991
9990
9980
9996
9974
9989
9985
9988
9985
9989
9987
9983
9995
9985
9988
9995
9991
9996
9993
9989
9979
9995
9995
9989
9994
9989
9980
9997
9996
9988
9992
9980
9993
9991
9989
9980
9991
9977
9970
9990
9991
9972
9982
9992
9990
9960
9984
9984
9983
9988
9997
9977
9978
9975
9986
9986
9994
9984
9987
9981
9982
9983
9987
9995
9988
9991
9982
9980
9977
9983
9991
9993
9946
9984
9980
9986
9997
9994
9983
9987
9971
9979
9981
9997
9989
9979
9981
9987
9971
9997
9990
9997
9988
9977
9974
9984
9982
9998
9997
9984
9998
9987
9971
9973
9987
9988
9996
9997
9989
9994
9993
9994
9989
9987
9987
9987
9985
9982
9995
9988
9985
9991
9987
9984
9983
9987
9984
9987
9994
9989
9997
9983
9991
9984
9981
9986
9970
9961
9992
9993
9990
9980
9979
9975
9995
9955
9988
9987
9989
9993
9983
9983
9995
9989
9985
9989
9990
9990
9975
9982
9990
9984
9994
9988
9987
9990
9986
9974
9975
9981
9992
9994
9990
9985
9974
9993
9988
9986
9993
9994
9992
9981
9989
9975
9982
9992
9992
9979
9975
9984
9984
9980
9993
9984
9992
9981
9988
9976
9976
9974
9974
9995
9991
9976
9985
9986
9982
9998
9986
9978
9988
9987
9977
9966
9985
9997
9987
9995
9987
9978
9987
9981
9992
9966
9992
9992
9996
9984
9977
9975
9984
9990
9989
9987
9987
9980
9987
9992
9974
9993
9993
9995
9969
9974
9977
9994
9984
9980
9978
9957
9995
9992
9986
9985
9983
9992
9959
9976
9982
9989
9990
9981
9987
9979
9993
9985
9993
9995
9985
9993
9988
9989
9990
9978
9987
9986
9991
9984
9972
9990
9992
9981
9996
9997
9994
9977
9977
9981
9980
9984
9975
9994
9995
9968
