9989
9991
9996
9987
9991
9988
9986
9987
9995
9996
9981
9992
9988
9981
9971
9989
9987
9983
9993
9986
9975
9988
9970
9993
9979
9993
9987
9992
9976
9988
9979
9991
9996
9994
9992
9986
9993
9990
9979
9982
9980
9987
9971
9999
9990
9977
9963
9980
9971
9943
9985
9983
9958
9986
9972
9981
9992
9993
9986
9990
9972
9979
9973
9983
9998
9982
9992
9978
9996
9963
9989
9985
9994
9991
9980
9988
9967
9964
9996
9986
9991
9989
9947
9986
9995
9978
9980
9963
9998
9968
9970
9987
9980
9992
9990
9981
9985
9987
9980
9995
9974
9970
9963
9982
9988
9987
9992
9993
9978
9980
9988
9983
9992
9987
9993
9988
9965
9990
9982
9995
9997
9962
9976
9981
9993
9981
9984
9963
9982
9997
9981
9982
9993
9990
9986
9988
9985
9991
9957
9972
9996
9977
9985
9988
9986
9990
9973
9975
9983
9995
9991
9981
9999
9981
9977
9976
9984
9988
9984
9977
9994
9969
9965
9986
9987
9990
9975
9993
9983
9992
9987
9994
9989
9994
9973
9987
9990
9996
9986
9992
9989
9972
9963
9983
9957
9987
9990
9988
9974
9980
9995
9990
9979
9987
9985
9965
9980
9993
9982
9992
9993
9987
9985
9985
9990
9977
9978
9975
9974
9995
9978
9977
9994
9996
9961
9992
9976
9994
9994
9984
9988
9975
9989
9983
9981
9965
9993
9985
9986
9971
9983
9986
9991
9991
9988
9975
9990
9987
9993
9982
9988
9977
9993
9988
9993
9991
9986
9975
9971
9997
9984
9943
9991
9990
9988
9984
9985
9995
9979
9988
9995
9977
9993
9996
9972
9967
9973
9995
9988
9977
9986
9977
9983
9996
9981
9998
9975
9984
9994
9972
9978
9994
9975
9988
9966
9995
9999
9986
9989
9994
9970
9980
9988
9981
9980
9983
9993
9976
9992
9976
9997
9992
9987
9985
9985
9984
9990
9990
9996
9983
9985
9986
9986
9984
9991
9997
9996
9993
9982
9988
9971
9982
9988
9988
9991
9976
9974
9985
9995
9993
9988
9993
9989
9995
9993
9988
9988
9962
9982
9979
9995
9965
9986
9997
9981
9985
9995
9993
9977
9980
9978
9990
9992
9980
9983
9986
9976
9990
9983
9997
9995
9964
9982
9992
9982
9978
9960
9982
9987
9984
9981
9994
9975
9968
9988
9996
9985
9992
9990
9986
9993
9987
9991
9958
9977
9982
9964
9977
9991
9971
9992
9985
9989
10000
9973
9971
9994
9974
9959
9977
9989
9993
9975
9988
9981
9981
9986
9987
9966
9958
9986
9992
9991
9993
9986
9995
9988
9981
9971
9985
9975
9987
9989
9978
9977
9982
9978
9995
9997
9984
9984
9969
9992
9988
9994
9989
9977
9984
9992
9996
9987
9980
9974
9989
9987
9988
9987
9988
9980
9973
9981
9986
9994
9982
9994
9976
9991
9983
9986
9991
9984
9969
9972
9988
9979
9990
9994
9989
9968
9996
9979
9994
9956
9979
9979
9982
9988
9978
9995
9984
9982
9978
9990
9988
9986
9980
9989
9979
9976
9983
9954
9961
9972
9987
9984
9982
9982
9981
9991
9996
9986
9979
9974
9995
9984
9993
9985
9987
9992
9992
9972
9998
9992
9998
9993
9989
9992
9987
9983
9989
9983
10000
9998
9994
9974
9978
9989
9987
9987
9995
9988
9994
9992
9977
9981
9988
9989
9988
9956
9978
9991
9995
9990
9987
9981
9984
9990
9983
9997
9974
9983
9985
9951
9985
9976
9995
9968
9983
9986
9976
9986
9986
9990
9979
9965
9985
9994
9993
9991
9997
9988
9979
9990
9998
9974
9988
9973
9977
9995
9984
9983
9991
9977
9985
9999
9989
9983
9993
9978
9972
9980
9988
9989
9978
9974
9983
9993
9987
9981
9994
9969
9992
9974
9984
9973
9979
9990
9988
9983
9989
9977
9992
9997
9981
9993
9979
9988
9978
9989
9993
9992
9971
9983
9979
9983
9972
9977
9987
9990
9997
9991
9979
9987
9983
9984
9988
9968
9979
9982
9978
9964
9962
9985
9991
9987
9990
9973
9982
9980
9982
9976
9993
9987
9988
9986
9985
9989
9973
9993
9982
9992
9986
9980
9984
9991
9991
9980
9985
9993
9987
9976
9987
9995
9982
9990
9982
9999
9981
9988
9992
9983
9986
9995
9978
9993
9988
9978
9993
9983
9989
9979
9982
9988
9992
9984
9974
9972
9992
9980
9989
9982
9992
9977
9997
9996
9991
9968
9972
9989
9986
9980
9992
9977
9985
9993
10000
9991
9985
9985
9986
9972
9980
9993
9988
9991
9996
9996
9985
9995
9975
9974
9975
10000
9985
9976
9997
9949
9980
9986
9981
9986
9978
9983
9994
9980
9980
9994
9996
9969
9985
9998
9968
9971
9984
9982
9958
9980
9994
9970
9991
9989
9982
9981
9989
9979
9982
9982
9985
9995
9982
9971
9987
9981
9988
9980
9977
9980
9994
9982
9985
9971
9994
9983
9991
9972
9974
9987
9986
9969
9993
9990
9970
9993
9975
9984
9991
9991
9991
10000
9985
9995
9965
9995
9969
9995
9988
9984
9980
9992
9986
9984
9978
9996
9992
9992
9995
9995
9975
9987
9986
9989
9984
9990
9996
9989
9966
9995
9981
9974
9983
9989
9987
9995
9988
9997
9998
9987
9998
9973
9981
9986
9998
9989
9988
9984
9982
9989
9984
9995
9973
9993
9996
9985
9989
9985
9973
9988
9977
9993
9991
9971
9969
9978
9983
9974
9999
9956
9981
9968
9978
9977
9987
9975
9977
9996
9972
9973
9993
9992
9988
9981
9993
10000
9984
9983
9993
9969
9991
9980
9984
9986
9989
9992
9979
9953
9973
9989
9993
9980
9980
9997
9974
9998
9994
9995
9982
9978
9990
9989
9990
9975
9988
9978
9989
9982
9993
9981
9995
9985
9991
9998
9984
9981
9988
9989
9987
9982
9984
9970
9980
9975
9972
9988
9976
9989
9986
9974
9990
9968
9987
9984
9986
9989
9964
9984
9975
9989
9951
9982
9996
9991
9990
9991
9984
9987
9984
9995
9988
9988
9976
9995
9978
9991
9995
9992
9994
9973
9993
9994
9995
9987
9986
9989
9985
9993
9988
9980
9980
9985
9987
9982
9981
9985
9986
9990
9985
9994
9975
9980
9976
9998
9992
9995
9964
9991
9962
9985
9987
9982
9959
