9727
9340
9946
9974
9992
9966
9875
10000
9982
9950
10000
10000
9845
9880
9500
9866
10000
9735
9975
10000
9930
9955
9948
9912
9768
10000
9857
9832
9219
9440
9558
9800
9886
9597
9954
9434
9922
9876
9968
9834
9772
9240
9953
9993
9809
9726
9998
9943
9606
9542
9242
10000
10000
9823
10000
10000
9914
10000
9536
9840
10000
9691
10000
9782
9923
8877
9965
9698
9821
9589
9891
9767
9802
10000
9888
9790
9457
9499
9687
9983
9815
9673
10000
10000
9837
9970
10000
9689
9984
9894
9610
10000
9882
9951
10000
9907
9522
9403
9752
10000
9813
9907
9941
9959
9965
9647
10000
9876
8941
9874
10000
9033
9456
9977
9965
8972
9828
9821
9949
9802
10000
9982
10000
9479
9791
10000
9818
9873
9965
9990
9910
9818
10000
9699
9854
9697
10000
9097
9842
9426
9972
9530
9801
9691
9897
10000
9828
9530
9754
9759
9901
10000
9558
9655
9931
9612
9854
9816
9090
9781
10000
9926
10000
10000
10000
9925
9936
9980
10000
10000
10000
9710
9868
10000
10000
9897
9760
9524
9983
9500
9877
10000
10000
9968
9732
10000
10000
9279
9766
9965
10000
9940
9950
9759
9753
9580
9891
9846
9694
9922
10000
9773
9882
9803
9767
9959
9540
9695
9658
9925
9747
9762
9801
9968
9450
9977
9395
9421
9960
9916
9129
9917
9908
10000
10000
9766
9907
10000
10000
9866
10000
9965
9831
9820
9931
9782
9344
9711
9965
9870
10000
9212
10000
9702
9536
9669
9977
10000
9910
10000
9437
9969
9966
10000
9918
9924
9977
8934
9621
9470
9341
9778
9782
9942
10000
10000
9803
9872
9563
9691
9762
9954
9680
9981
10000
10000
9988
9739
9930
9977
9671
9810
9869
9534
9804
9908
10000
9871
9424
9576
9982
9891
9855
9981
10000
9956
9809
9971
10000
9914
9836
9698
9956
9837
9926
9921
9899
9810
9814
9962
9838
9860
10000
10000
10000
9916
10000
9959
9862
9865
9708
9836
9792
9947
9641
9951
9933
9984
9494
9985
9536
9974
9915
9636
10000
9771
9844
9189
9954
9883
9826
10000
9982
9984
9982
9975
9944
9881
9740
9948
9098
9998
9438
9350
9990
9991
9191
9994
9992
9815
10000
9778
9383
9969
9818
9871
9803
9945
9984
9958
10000
9878
9749
9980
9968
9899
9322
9914
9850
9966
10000
9752
9860
9542
9588
9421
9744
9931
9881
9794
9781
9822
10000
10000
10000
9368
9967
9585
10000
9849
9897
9841
10000
9978
9883
9936
9903
9684
9936
9910
9952
9986
10000
9967
9818
9219
9738
9904
9814
9973
9951
8837
9855
9044
9989
9972
9761
9931
9881
10000
9992
10000
9927
9949
9927
9980
9949
9058
9977
10000
9744
9944
9808
9846
10000
10000
10000
9984
9988
9981
9880
9894
9856
9669
9985
10000
9503
9881
9938
9938
9332
10000
9902
9768
9830
9917
9634
10000
9198
10000
10000
10000
10000
9477
9488
8889
9800
9988
9955
9388
10000
10000
9971
9794
9932
10000
9925
9175
9972
9732
9970
9790
10000
9536
9918
9319
9938
9896
9610
9777
9615
9951
9948
9964
9967
10000
10000
9912
9751
9629
9922
9906
9959
9970
10000
8559
9957
9957
9885
9996
9964
9584
9922
9400
9833
9767
9982
9825
9950
10000
9987
9825
10000
9974
9709
8643
9892
9978
9743
10000
9963
9776
10000
9968
9481
9709
9776
9631
9963
9864
8575
9299
9868
9951
9966
9743
9930
10000
9874
9771
9874
9835
9936
9980
9986
9943
9931
9913
10000
9694
9901
9583
9792
8624
9940
9557
9821
9814
9975
9926
9843
9942
9340
9991
9542
9967
9105
9737
10000
9969
9530
9535
10000
9972
9841
9631
9421
9610
9913
9794
9629
9962
10000
9856
10000
9995
9982
9894
10000
9694
9778
10000
9838
9439
9841
9993
9949
9289
10000
9245
9899
9990
9841
9038
9947
9900
10000
9929
9536
9908
9989
8962
9427
9711
9964
9921
9666
9501
9810
9612
9936
9390
9516
9895
9963
9950
9858
9953
9995
9881
9186
9875
9664
9420
9985
9628
9378
9963
9854
9394
9970
9804
10000
9758
9681
10000
9934
10000
9866
9831
9883
10000
9993
9979
9912
9663
9948
9522
9939
9495
9130
9832
9678
9896
9944
10000
9593
9961
9962
9761
9293
10000
9563
9805
9735
10000
9963
9633
9580
9984
10000
9566
9651
10000
9742
9821
9765
10000
9781
9873
9642
9814
9752
9986
9836
10000
9819
9915
10000
9835
9944
10000
9902
9499
10000
10000
9284
9824
9939
9962
9916
9810
10000
9935
9619
9996
9816
9969
9713
9454
9967
9965
9696
9900
10000
9819
9983
9810
9857
9917
10000
9941
10000
9563
9877
9873
9717
9988
9962
9338
9960
9986
9518
9818
9966
9892
9952
9525
9461
10000
9922
9851
9807
9991
9965
9656
10000
9979
9804
9909
9259
10000
9911
9638
9984
9523
9766
10000
9888
10000
9879
9778
10000
9908
9916
9956
9918
9883
9838
9924
9693
9831
10000
9969
9839
9869
9924
10000
9937
9801
9565
8960
9572
9950
9463
9964
9836
9593
9850
9828
10000
9510
9636
10000
9805
9919
9799
9711
9981
9956
9162
9667
9366
9967
9848
9989
10000
9808
9932
9550
9784
9988
9889
9991
9999
9774
9912
9694
9129
9841
9928
10000
9859
9959
9964
10000
9975
10000
9728
9597
9912
10000
9741
9984
9517
9841
9963
9983
9769
9850
9936
9556
9640
9593
10000
9991
9605
9715
10000
9715
9250
9351
9739
9990
9561
10000
9864
8354
9654
9677
9965
10000
9545
9891
9897
10000
9858
9982
9987
9718
9904
9998
10000
9775
9908
9908
9817
9984
9975
10000
9334
9966
9885
10000
9681
10000
9909
10000
9968
9857
9607
9579
9691
9082
9698
9794
10000
10000
9926
9497
9833
9675
9685
9936
10000
10000
9936
9791
8874
10000
9624
9559
9607
9873
10000
10000
9647
9846
9526
9808
9852
9828
9689
9924
8641
9993
9470
9760
10000
9764
9466
9878
10000
9795
10000
9952
9261
9934
9520
9611
9906
10000
9813
9847
10000
9509
9134
9906
9660
9916
9314
9768
9900
9985
9955
9491
9696
9948
9359
9247
9175
9965
10000
9893
10000
10000
9319
9937
8662
10000
