9980
9990
9984
9983
9981
9985
9995
9966
9990
9985
9994
9991
9976
9982
9988
9994
9978
9992
9974
9982
9990
9977
9983
9988
9984
9990
9990
9973
9977
9962
9987
9974
9976
9989
9998
9993
9972
9983
9986
9966
9977
9979
9992
9980
9997
9984
9966
9999
9993
9984
9988
9983
9999
9978
9995
9998
9990
9993
9980
9974
9998
9982
9990
9994
9995
9986
9984
9990
9988
9981
9976
9979
9988
9989
9971
9985
9978
9990
9989
9981
9988
9968
9981
9988
9978
9977
9981
9979
9975
9993
9979
9985
9991
9992
9992
9986
9986
9997
9982
9995
9985
9974
9978
9977
9981
9966
9987
9983
9983
9988
9989
9981
9994
9986
9993
9992
9991
9986
9985
9987
9995
9986
9993
9991
9994
9982
9976
9973
9987
9964
9981
9983
9983
9969
9992
9980
9984
9991
9980
9995
9976
9986
9959
9960
9990
9985
9988
9983
9972
9979
9991
9989
9999
9988
9990
9984
9996
9980
9991
9992
9966
9993
9983
9972
9972
9979
9983
9985
9990
9994
9988
9996
9989
9986
9989
9979
9991
9978
9985
9996
10000
9966
9995
9982
9992
9988
9978
9964
9995
9977
9987
9993
9982
9976
9991
9963
9979
9967
9969
9984
9978
9988
9988
9976
9959
9990
9993
9979
9991
9988
9976
9987
9978
9976
9989
9975
9978
9981
9996
9996
9974
9987
9977
9988
9989
9987
9984
9981
9987
9995
9988
9985
9990
9965
9988
9994
9981
9977
9962
9986
9988
9977
9980
9990
9992
9982
9981
9976
9995
9983
9978
9970
9979
9980
9985
9985
9994
9945
9985
9984
9973
9985
9978
9989
9980
9994
9981
9997
9989
9991
9985
9994
9986
9966
9998
9985
9978
9965
9984
9981
9987
9979
9992
9993
9994
9994
9971
9996
9992
9998
9985
9977
9984
9987
9993
9971
9993
9987
9983
9970
9977
9991
9985
9991
9987
9986
9992
9967
9973
9985
9984
9996
9994
9996
9990
9991
9976
9971
9974
9998
9983
9928
9991
9992
9984
9991
9984
10000
9993
9989
9973
9975
9990
9988
9981
9986
9988
9992
9988
9967
9983
9985
9980
9992
9993
9972
9980
9975
9973
9981
9990
9983
9981
9989
9987
9991
9998
9996
9977
9977
9995
9988
9994
9966
9984
9980
9983
9979
9984
9959
9977
9974
9979
9997
9986
9977
9984
9994
9977
9977
9981
9995
9993
9978
9979
9980
9999
9990
9997
9990
9966
9999
9977
9990
9985
9978
9982
9985
9990
9979
9988
9999
9987
9982
9994
9973
9988
9982
9991
9967
9967
9989
9985
9981
9988
9996
9978
9976
9976
9975
9980
9997
9997
9998
9991
9978
9971
9970
9979
9991
9995
9991
9972
9983
9972
9998
9972
9990
9980
9987
9979
9986
9974
9990
9990
9999
9976
9968
9996
9977
9995
9989
9981
9984
9989
9974
9992
9978
9993
9955
9990
9983
9967
9994
9986
9976
9982
9976
9973
9986
9976
9992
9984
9979
9986
9974
9981
9991
9976
9987
9984
9955
9983
9985
9974
9971
9992
9980
9981
9967
9982
9990
9995
9973
9973
9991
9977
9978
9991
9990
9995
9982
9973
9978
9993
9994
9993
9992
9996
9995
9989
9996
9977
9992
9985
9990
9981
9993
9979
9975
9982
9989
9978
9989
9989
9990
9976
9968
9993
9987
9975
9976
9993
9989
9975
9986
9974
9995
9977
9992
9984
9988
9972
9962
9989
9978
9987
9985
9984
9975
9976
9964
9991
9985
9995
9982
9969
9995
9968
9980
9994
9983
9986
9987
9981
9989
9964
9980
9993
9994
9991
9998
9979
9958
9974
9983
9991
9976
9992
9995
9988
9982
9984
9992
9991
9996
9990
9984
9993
9977
9992
9967
9985
9992
9959
9986
9988
9986
9968
9991
9982
9989
9977
9968
9979
9972
9978
9999
9979
9983
9989
9963
9997
9987
9986
9976
9965
10000
9975
9987
9995
9998
9983
9971
9987
9995
9994
9991
9997
9987
9985
9995
9997
9994
9967
9984
9973
9991
9991
9994
9970
9980
9986
9990
9982
9996
9990
9997
9960
9994
9989
9988
9974
9985
9984
9992
9990
9981
9989
9971
9985
9974
9994
9985
9985
9988
9998
9979
9985
9991
9979
9999
9982
9996
9973
9990
9986
9995
9986
9981
9989
9991
9964
9979
9992
9980
9987
9989
9970
9995
9997
9992
9988
9986
9985
9985
9990
9987
9981
9989
9987
9976
9996
9971
9977
9987
9991
9983
9994
9985
9989
9987
9981
9993
9987
9994
9980
9983
9995
9975
9988
9985
9981
9995
9973
9964
9977
9973
9977
9992
9991
9993
9974
9984
9983
10000
9986
9987
9986
9994
9989
9977
9981
9988
9989
9996
9996
9991
9964
9995
9985
9977
9993
9974
9990
9982
9985
9977
9990
9968
9994
9987
9992
9976
9982
9958
9977
9989
9991
9983
9981
9985
9985
9951
9980
9979
9975
9985
9978
9993
9981
9984
9980
9991
9994
9997
9989
9986
9990
9980
9996
9988
9992
9989
9978
9991
9966
9994
9998
9984
9988
9994
9986
9974
9995
9989
9992
9980
9989
9993
9972
9992
9988
9971
10000
9988
9995
9991
9982
9997
9994
9964
9990
9977
9996
9996
9975
9981
9988
9999
9990
9990
9991
9990
9972
9993
9994
9968
9985
9981
9989
9977
10000
9990
9980
9979
9976
9975
9995
9986
9962
9983
9985
9994
9972
9977
9992
9996
9983
9974
9995
9990
9971
9996
9980
9961
9972
9981
9991
9986
9977
9969
9969
9989
9995
9994
9994
9989
9987
9993
9987
9994
9976
9988
9981
9976
9980
9988
9985
9999
9969
9982
9988
9986
9994
9992
9987
9981
9988
9974
9983
9995
9989
9997
9988
9995
9988
9960
9990
9995
9986
9969
9980
9991
9991
9977
9992
9998
9986
9997
9983
9985
9977
9996
9978
9997
9994
9982
9993
9980
9996
9984
9985
9993
9993
9990
9986
9987
9986
9970
9991
9993
9986
9986
9991
9967
9982
9991
9981
9989
9982
9965
9981
9990
9989
9965
9986
9997
9986
9979
9980
9987
9982
9993
9992
9979
9974
9958
9995
9978
9980
9981
9973
9971
9988
9976
9973
9985
9991
9987
9992
9972
9977
9989
9971
9991
9981
9975
9995
9977
9990
9978
9977
9995
9995
9994
9996
9979
9982
9986
