9982
9988
9984
9985
9992
9976
9988
9990
9992
9974
9983
9977
9966
9984
9956
9995
9984
10000
9996
9993
10000
9969
10000
9989
9999
9993
9993
9985
9988
9998
9986
9985
9993
9995
9980
9997
9989
9989
9967
9986
9994
9971
9988
9984
9989
9988
9978
9997
9994
9997
9994
9981
9999
9997
9982
9978
9997
9977
9978
9996
9986
9971
9988
9979
9988
9992
9983
9990
9989
9986
9994
9994
9998
9991
9987
9984
9994
9991
9987
9995
9984
9995
9994
9987
9988
10000
9980
9981
9993
9998
10000
10000
9990
9996
9995
9998
9983
9985
9977
9969
9977
9986
9977
9991
9984
9968
9991
9984
9983
9980
9994
9993
10000
9976
9991
9983
9994
9982
9986
9984
9999
9998
9996
9994
9982
9991
9993
9985
9984
9998
9989
9991
9985
9983
9980
9991
9992
9990
9998
9983
9998
9993
9991
9985
9986
9998
9989
9991
9994
9997
9968
9959
9991
10000
9988
9979
9985
9995
9991
9987
9991
9971
9989
9996
9986
9985
9962
9997
9971
9990
9980
9983
10000
9974
9977
9984
9965
9993
9989
9980
9993
9971
9984
9989
9982
9957
9991
9973
9978
9988
9961
9985
9986
9980
9991
9997
9979
9968
9974
9998
9993
9990
9972
9994
9973
10000
9979
9984
9978
9990
9969
9996
9981
9978
10000
9987
9995
9995
9978
9985
9994
9992
9985
9957
9970
9977
9985
9997
9986
9975
9977
9971
9986
9974
9978
9990
9998
9989
9996
9976
9993
9986
9988
10000
9994
9986
9999
9993
9975
9989
9971
9999
9981
9983
9972
9995
9996
9982
9976
9986
9961
9995
9984
9998
9996
9989
9976
9987
9983
9994
9987
9972
9997
9988
9992
9996
9986
9982
9991
9998
9996
9995
9984
9992
9975
9976
9994
9974
9993
9993
9985
9994
9990
9967
9971
9992
9974
9988
10000
9986
9985
9987
9991
9993
9994
9970
9990
9997
9997
9982
9997
9995
9995
9991
9999
10000
9992
9992
9988
9999
9966
9992
9974
9998
9984
9985
9988
9985
9977
9985
9998
9974
9997
9989
9982
9998
9997
9990
9966
9987
9988
9978
9997
9972
9988
9985
9996
9994
9988
9993
9971
9980
9975
9987
9994
9991
9990
9968
9960
9976
9994
9974
10000
9990
9996
9981
9991
9987
9985
9973
10000
9961
9973
9995
9988
9953
9974
9991
9993
9977
9981
9996
9990
9977
9984
9988
9989
9979
9978
9983
9976
9992
9973
9985
9981
9985
9989
9987
10000
9996
9992
9996
9971
9994
9987
9975
9987
9991
9987
9981
9982
9999
9981
9992
9994
9989
9989
9994
9996
9970
9991
9992
9996
9988
9993
9966
10000
9999
9998
9993
9982
9997
9990
9988
9991
9989
10000
9995
9997
9990
9997
9955
9979
9985
9963
9998
9993
9993
10000
9986
9978
9994
9980
9985
9998
9987
9963
9991
10000
9980
9999
9988
9992
9990
9985
9987
9996
9989
9997
9972
9988
9994
10000
9983
9990
9983
9992
9993
9978
9985
9991
9996
9993
9985
9981
9999
9987
9979
9993
9977
9999
9976
9991
9983
9990
9987
9985
9994
9995
9997
9991
9986
9983
9991
9989
9975
9970
9995
9980
9988
9970
9997
9998
9984
9962
9983
9993
10000
9999
9987
9994
9991
9973
9981
9980
9997
9984
9991
10000
9990
9971
9995
9993
9989
9983
9986
9990
9989
9991
9976
9996
10000
9988
9992
9981
9992
9989
9990
9985
9995
9992
9990
9993
9981
9973
9994
9987
9989
9986
9991
9986
9981
9987
9991
10000
9982
9999
9999
9966
9983
9999
9995
9980
9991
9997
9978
9980
9994
9970
9993
9977
9990
10000
9974
9977
9984
9988
9981
9989
9989
9977
9987
9980
9991
9992
9998
9996
9989
9994
9975
9997
9975
9984
9989
9988
9989
9995
9989
9986
9988
9992
9985
9997
9983
9957
9992
9983
9978
9982
9994
9991
9993
10000
9998
9985
9996
9988
9983
9975
9986
9987
9998
9999
9985
9978
9989
9996
9986
9984
9987
9998
9988
9986
9987
9985
9985
9987
9991
9983
9985
9995
9992
9979
9992
9997
9977
9989
9998
9988
9991
9992
9992
9983
9989
9988
9997
9986
9997
9995
9993
9984
9989
9993
9994
9998
9989
9996
9987
10000
9994
9998
9955
9994
9994
9987
9999
9988
9970
9983
10000
9989
9988
9996
9988
9985
9997
9983
9995
9992
9993
9994
9991
9991
9985
9984
9990
9995
9998
9975
9992
9978
9984
9995
9989
9991
9999
9987
9994
9994
9986
9977
9988
9979
9995
9999
9993
9991
9989
9998
9993
9989
9997
9991
9988
10000
9987
9988
9993
9981
9988
9974
9978
9994
9997
9999
9995
9995
9984
9998
9978
9995
9984
9982
9987
9969
9979
9989
9974
9990
9989
9999
9989
9964
9999
9987
9989
9995
9983
9985
9992
9984
9986
9993
9996
10000
9974
9992
9979
9994
9991
9996
9990
9994
9996
9979
9973
9981
9986
9985
9984
9968
9995
9982
9973
9987
9982
9985
9993
9983
9993
9983
9970
9972
9963
9982
9992
9997
9993
9997
10000
9997
9989
9992
9994
9996
9999
9989
9974
9989
9991
9990
9981
9997
9997
9997
9987
9990
9974
9994
9993
10000
9969
9982
9977
9992
9997
9982
9993
9996
9986
9986
9985
9976
9990
9991
9995
9988
9991
9999
10000
9990
9986
9983
9985
9981
9985
9979
9993
9996
9991
9988
9999
9999
9976
9979
9982
9985
9987
9995
9978
9976
9993
9988
9992
9994
9992
9990
9973
9960
9996
9975
9997
9992
9994
9993
9995
9995
9991
9988
9992
9986
9980
9994
9979
9986
9971
9998
9997
9986
9975
9995
9999
9989
9975
9992
9995
9990
9972
9996
9984
9997
9991
9981
9966
9994
9996
9989
9984
9990
9999
9996
9983
9996
9995
9977
10000
10000
9989
9999
9995
9993
9986
9989
9980
9992
9987
9993
9993
9981
9995
9977
9986
9996
9989
9971
9990
9985
9995
9987
9988
9989
9992
9988
9992
9985
9988
9988
9999
10000
9991
10000
9970
9985
9995
9988
10000
9995
9991
9985
9991
9990
9988
9995
9993
9990
9989
9986
9993
9999
9993
9998
9972
9987
9988
9997
9993
9996
9979
9985
9981
9993
10000
10000
9983
9994
9989
9984
10000
9983
9983
