9981
9986
9980
9982
9973
9978
9984
9946
9987
9985
9993
9994
9970
9986
9954
9974
9987
9968
9987
9997
9990
9985
9959
9957
9993
9995
9988
9982
9993
9992
9967
9989
9980
9984
9985
9998
9965
9985
9965
9978
9970
9972
9994
9991
9962
9978
9971
9990
9988
9982
9991
9987
9970
9984
9993
9977
9989
9981
9973
9988
9979
9999
9987
9999
9960
9985
9950
9992
9987
9977
9987
9988
9956
9989
9971
9977
9970
9984
9999
9978
9989
9984
9980
9973
9974
9991
9983
9991
9993
9986
9989
9991
9992
9992
9982
9984
9987
9982
9973
9986
9982
9990
9980
9988
9989
9992
9988
9995
9998
9985
9993
9972
9996
9987
9969
9991
9990
9994
9985
9992
9982
9991
9971
9989
9991
9991
9974
9994
9994
9978
9987
10000
9988
9979
9987
9988
9980
9975
9976
9984
9999
9984
9995
9974
9988
9989
9974
9995
9977
9995
9986
9983
9990
9987
9977
9980
9992
9989
9991
9987
9987
9993
9970
9987
9978
9987
9994
9986
9965
9981
9987
9980
9991
9988
9975
9989
9975
9980
9986
9967
9986
9969
9987
9986
9992
9982
9990
9986
9992
9991
9969
9988
9980
9992
9962
9960
9986
9978
9977
9983
9983
9970
9982
9989
9974
9986
9972
9988
9977
9992
9974
9969
9989
9975
9991
9991
9981
9984
9982
9979
9993
9958
9988
9993
9981
9953
9984
9993
9989
9984
9991
9982
9994
9985
9976
9992
9975
9982
9989
9986
9992
9984
9986
9989
9985
9984
9991
9979
9965
9976
9983
9984
9983
9985
9989
9983
9990
9987
9966
9972
9981
9992
9995
9992
9994
9992
9980
9981
9970
9982
9989
9974
9986
9973
9995
9996
9966
9990
9994
9996
9980
9991
9984
9980
9993
9984
9985
9989
9981
10000
9989
9996
9987
9992
9990
9992
9976
9993
9970
9996
9985
9987
9994
9989
9991
9981
9994
9972
9986
9987
9968
9989
9954
9990
9966
9978
9988
9975
9996
9990
9971
9975
9999
9982
9994
9989
9974
9976
9989
9987
9973
9978
9962
9981
9988
9995
9988
9973
9978
9990
9994
9992
9981
9979
9980
9986
9990
9998
9967
9986
9996
9977
9990
9991
9996
9996
9990
9991
9978
9975
9994
9984
9977
9983
9979
9987
9974
9977
9985
9997
9977
9993
9980
9977
9990
9995
9984
9985
9988
9984
9983
9986
9992
9993
9987
9976
9986
9983
9986
9990
9988
9985
9958
9993
9968
9985
9995
9996
9991
9991
9989
9976
9989
9993
9965
9994
9977
9975
9985
9985
9974
9997
9956
9986
9979
9994
9997
9979
9995
9987
9984
9976
9987
9966
9982
9979
9989
9991
9989
9974
9985
9977
9992
9986
9992
9977
9985
9991
9998
9992
9969
9996
9969
9996
9990
9970
9989
9986
9975
9986
9969
9994
9975
9975
9972
9981
9991
9984
9992
9990
9983
9983
9971
9995
9997
9984
9990
9984
9991
9979
9992
9983
9990
9996
9995
9979
9994
9995
9985
9975
9989
9974
9992
9977
9991
9986
9982
9978
9998
9982
9998
9974
9988
9987
9991
9986
9996
9962
9989
9982
9993
9979
9984
9993
9983
9992
9981
9982
9986
9994
9964
9986
9956
9971
9993
9978
9989
9974
9982
9979
9976
9990
9992
9989
9997
9989
9983
9979
9979
9981
9986
9989
9981
9999
9972
9983
9986
9998
9996
9996
9993
9991
9986
9986
9997
9988
9988
9990
9990
9979
9981
9990
9980
9980
9999
9992
9990
9997
9993
9969
9976
9977
9979
10000
9983
9958
9984
9978
9994
9970
9983
9992
9979
9975
9982
9990
9986
9994
9988
9975
9970
9982
9995
9981
9983
9989
9989
9988
9999
9999
9990
9989
9989
9985
9988
9989
9947
9975
9974
9996
9982
9976
9991
9994
9999
9983
9997
9963
9992
9978
9986
9994
9991
9974
9990
9978
9986
9994
9982
9995
9987
9988
9965
9978
9988
9982
9972
9996
9990
9986
9991
9992
9989
9982
9974
9981
9991
9979
9978
10000
9988
9987
9988
9992
9993
9994
9981
9994
9997
9985
9990
9985
9997
9983
9985
9980
9976
9962
9972
9975
9985
9989
9985
9984
9988
9988
9959
9988
9994
9978
9973
9987
9981
9984
9995
9983
9971
9988
9977
9987
9967
9992
9963
9986
9986
9987
9990
9983
9990
9989
9990
9984
9989
9988
9973
9985
9991
9984
9973
9988
9979
9994
9977
9969
9975
9992
9994
9984
9972
9991
9993
9982
9986
9981
9989
9975
9986
9984
9993
9973
9988
9982
9997
9990
9975
9971
9985
9999
9965
9994
9978
9973
9983
9991
9989
9992
9991
9976
9994
9993
9993
9988
9984
9971
9988
9992
9987
9990
9987
9981
9979
9974
9996
9985
9954
9982
9997
9992
9983
9984
9977
9981
9982
9987
9994
9987
9974
9985
9986
9974
9978
9992
9984
9978
9997
9983
9991
9981
9990
9989
9981
9980
9989
9974
9985
9982
9992
9981
9993
9987
9979
9995
9984
9993
9994
9986
9991
9994
9973
9987
9987
9978
9978
9991
9999
9984
9986
9967
9997
9986
9985
9986
9976
9978
9970
9957
9988
9994
9979
9971
9992
9983
9988
9997
9993
9988
9998
9976
9984
9977
9983
9995
9995
9972
9979
9964
9987
9988
9991
9988
9979
9981
9987
9984
9975
9994
9982
9962
9988
9971
9995
9973
9988
9996
9990
9984
9997
9966
9979
9977
9976
9958
9985
9992
9972
9988
9979
9971
9988
9986
9993
9990
9993
9981
9987
9995
9987
9974
9966
9990
9983
9992
9986
9980
9993
9986
9987
9991
9963
9979
9983
9995
9996
9988
9991
9983
9994
9995
9984
9977
9993
9987
9990
9976
9971
9988
9990
9973
9994
9987
9982
9985
9989
9977
9995
9997
9995
9997
9956
9991
9970
9967
9996
9966
9985
9979
9982
9977
9981
9991
9979
9966
9988
9984
9986
9996
9990
9965
9988
9986
9958
9956
9989
9973
9970
9982
9975
9983
9982
9995
9987
9989
9992
9977
9994
9987
9976
9985
9995
9988
9965
9983
9987
9977
9985
9992
9990
9972
9992
9966
9983
9993
9986
9977
9985
9976
9980
9987
9985
9989
9959
9990
9981
9983
9983
9991
9985
9986
9978
9983
9982
9984
9992
9986
9980
9984
9977
9984
9993
9976
