9972
9994
9974
9980
9986
9997
9987
9989
9992
9980
9977
9994
9980
9986
9988
9981
9991
9963
9984
9990
9989
9990
9989
9995
9974
9986
9997
9986
9994
9970
9981
9981
9991
9977
9975
9994
9988
9985
9994
9973
9990
9993
9981
9991
9961
9978
9990
9990
9979
9986
9991
9987
9985
9972
9998
9974
9971
9985
9976
9988
9986
9975
9983
9990
9995
9979
9990
9973
9999
9992
9981
9977
9997
9986
9988
9985
9991
9963
9977
9999
9977
9978
9981
9985
9988
9975
9990
9989
9979
9980
9979
9971
9988
9987
9985
9962
9992
9994
9990
9988
9980
9977
9970
9976
9972
9978
9990
9982
9983
9992
9972
9973
9981
9996
9978
9995
9979
9985
9974
9983
9988
9973
9991
9963
9985
9991
10000
9979
9990
9961
9992
9984
9985
9977
9983
9978
9973
9984
9999
9992
9958
9974
9992
9980
9969
9991
9984
9973
9966
9990
9982
10000
9985
9965
9987
9985
9996
9962
9977
9968
9993
9979
9970
9965
9970
9986
9981
9994
9974
9978
9988
9994
9991
9984
9985
9991
9964
9982
9981
9985
9994
9983
10000
9981
9958
9992
9987
9951
9978
9990
9976
9977
9983
9982
9989
9948
9974
9954
9976
9981
9998
9986
9989
9985
9980
9983
9988
9989
9996
9984
9990
9986
9982
9979
9966
9993
9979
9989
9974
9992
9983
9997
9982
9971
9978
9985
9996
9982
9997
9989
9964
9993
9986
9984
9975
9992
9978
9985
9982
9989
9977
9983
9982
9996
9986
9975
9986
9992
9997
9967
9994
9988
9987
9985
9967
9993
9972
9961
9969
9984
9976
9968
9991
9991
9995
9988
9966
9975
9975
9973
9992
9986
9996
9996
9993
9984
9989
9970
9981
9986
9988
9978
9983
9983
9988
9982
9983
9987
9986
9990
9998
9985
9981
9991
9996
9997
9976
9986
9987
9990
9987
9980
9981
9985
9986
9984
9993
9976
9995
9995
9987
9986
9985
9993
9973
9976
9966
9978
9989
9975
9975
9987
9980
9981
9995
9974
9989
9985
9987
9985
9984
9991
9989
9997
9987
9986
9981
9964
9983
9994
9979
9974
9989
9992
9981
9987
9989
9992
9988
9993
9993
9974
9990
9974
9997
9986
9994
9997
9987
9988
9990
9987
9982
9977
9984
9989
9979
9989
9988
9977
9990
9980
9992
9974
9986
9992
9993
9999
9991
9969
9983
9991
9988
9985
9998
9990
9966
9975
9984
9981
9994
9984
9982
9987
9979
9980
9990
9988
9985
9988
9988
9989
9992
9957
9983
9991
9975
9992
9992
9990
9986
9978
9992
9972
9984
9988
9985
9974
9973
9981
9986
9984
9981
9991
9987
9995
9995
9974
9984
9969
9995
9981
9984
9988
9990
9994
9987
9991
9981
9996
9982
9989
9988
9976
9993
9983
9973
9983
9979
9980
9985
9990
9997
9980
9992
9983
9989
9983
9984
9983
9988
9941
9994
9987
9981
9981
9980
9992
9991
9989
9993
9988
9992
9990
9991
9989
9955
9992
9992
9959
9991
9973
9988
9980
9991
9981
9987
9957
9978
9994
9991
9976
9983
9962
9995
9966
9990
9977
9994
9986
9995
9984
9969
9981
9998
9984
9994
9984
9990
9993
9984
9972
9960
9981
9988
9987
9956
9990
9986
9983
9976
9982
9996
9985
9962
9976
9989
9982
9986
9966
9972
9977
9996
9970
9988
9986
9992
9994
9979
9980
9991
9976
9989
9960
9968
9995
9977
9982
9984
9989
9984
9996
9992
9995
9978
9966
9989
9989
9980
9984
9982
9954
9989
9991
9981
9988
9997
9984
9973
9977
9991
9999
9991
9973
9974
9992
9992
9989
9980
9983
9982
9987
9987
9973
9982
9988
9984
9988
9998
9994
9989
9976
9980
9985
9988
9969
9992
9989
9999
9992
9986
9994
9980
9986
9988
9987
9991
9986
9992
9981
9971
9999
9988
9974
9987
9988
9982
9990
9991
9975
9981
9991
9969
9992
9979
9990
9975
9976
9991
9991
9989
9992
9998
9973
9981
9981
9991
9977
9995
9981
9991
9993
9992
9989
9974
10000
9957
9977
9986
9970
9978
9990
9978
9997
9986
9987
9998
9997
9983
9997
9992
9987
9985
9979
9988
9990
9983
9954
9991
9991
9965
9983
9988
9981
9975
9990
9987
9981
9987
9989
9979
9970
9976
9993
9992
9978
9993
9988
9989
9998
9965
9987
9981
9986
9973
9949
9998
9985
9996
9980
9981
9987
9989
9990
9969
9975
9974
9961
9958
9988
9965
9993
9959
9996
9970
9980
9986
9987
9977
9956
9989
9980
9988
9994
9987
9996
9979
9992
9971
9991
9977
9973
9984
9996
9961
9984
9957
9983
9978
9956
9978
9983
9995
9979
9994
9987
9988
9989
9974
9988
9993
9995
9979
9975
9982
9971
9958
9983
9985
9989
9982
9995
9992
9963
9985
9978
9980
9986
9977
9996
9988
9985
9978
9970
9978
9957
9978
9979
9992
9997
9989
9990
9977
9987
9998
9963
9991
9976
9970
9969
9984
9988
9996
9984
9992
9990
9973
9995
9990
9984
9988
9981
9980
9993
9981
9988
9984
9988
9977
9959
9983
9989
9983
9995
9985
9984
9990
9973
9987
9987
9985
9990
9991
9986
9985
9983
9986
9984
9992
9991
9973
9983
9992
9970
9995
9994
9980
9990
9984
9984
9980
9963
9978
9992
9990
9978
9971
9997
9990
9971
9973
9990
9986
9990
9980
9974
9985
9971
9982
9984
9991
9984
9961
9996
9991
9991
9978
9991
9987
9988
9980
9995
9993
9985
9992
9975
9991
9988
9985
9998
9970
9989
9989
9993
9984
9983
9985
9983
9994
9969
9983
9985
9988
9987
9991
9990
9983
9978
9969
9996
9989
9981
9987
9986
9993
9969
9982
9992
9976
9981
9991
9988
9959
9989
9980
9995
9987
9990
9968
9976
9981
9983
9991
9992
9994
9980
9980
9977
9997
9986
9990
9989
9988
9983
9985
9990
9985
9994
9987
9991
9980
9992
9965
9982
9991
9996
9979
9965
9992
9977
9987
9992
9979
9994
9989
9990
9985
9978
9994
9990
9959
9996
9976
9992
9993
9986
9998
9965
9986
9988
9983
9987
9985
9996
9992
9979
9982
9987
9992
9995
9993
9981
9978
9985
9992
9985
9983
9983
9992
9968
9992
9988
9976
9968
9971
9988
9996
9977
9977
9995
