9997
9976
9960
9986
9999
9968
10000
9964
9998
9994
9994
9989
9984
9983
10000
9989
9996
9975
9987
9970
10000
9994
9996
9960
9999
9999
9997
9996
9996
9997
9995
10000
9998
10000
9997
9989
9982
9988
10000
9984
9991
9994
9992
9995
9989
10000
9997
9989
9981
9993
9974
9990
9988
9999
9996
9998
9987
9974
9986
9997
9987
9987
9984
9995
9996
9999
9980
9996
9991
9998
9991
9997
9994
9994
9989
9987
10000
9957
9992
9986
9973
9978
9997
9999
9987
9991
10000
9979
9996
10000
9993
9985
9994
9983
10000
9981
9988
9979
9993
9988
9998
9978
9966
9990
10000
9986
9996
9988
9986
9991
9992
9987
9996
9999
9998
10000
9987
9994
9997
9996
9986
9993
9984
10000
9990
10000
9985
10000
9991
9992
9979
9991
9996
9990
9986
10000
9984
9989
9996
9985
9990
9985
9992
9994
9998
9992
9996
9997
9987
9996
9998
9992
9995
9992
9997
9991
9989
9992
9970
9989
10000
9981
9996
9992
9967
10000
9979
10000
9994
9995
9989
9985
9993
9987
9985
9989
9995
9965
9989
9998
10000
9990
9973
9998
9991
9995
9995
9993
9996
9994
9999
9993
9989
9986
9974
9992
9981
9998
9988
9985
9987
9989
9987
9981
10000
9999
9998
10000
9986
9976
9975
9980
9994
9971
9972
9987
9981
9993
9996
9980
9975
10000
9982
9984
9979
9965
9988
9987
9992
9978
9994
10000
9998
9982
9984
9996
9995
9999
9989
9990
9996
9984
9985
9979
9999
9996
9972
9993
9999
9981
9988
9988
9993
9974
9995
9997
9999
9992
9990
10000
9998
9985
9995
9998
9998
9975
9994
9989
9993
10000
10000
9998
9996
9997
9998
9998
9990
9973
9987
9982
9997
9998
10000
9996
10000
10000
9995
9984
9996
9989
9994
9986
9989
9994
9999
9989
9991
9982
9988
9992
9997
10000
9976
9994
9991
9999
9992
9979
9983
9986
9990
9975
10000
9996
9992
9994
9982
10000
9994
9974
9995
9978
9988
9997
9992
9979
10000
9978
9979
9995
9988
9981
9991
9976
9983
9973
9977
9993
9994
9982
9987
9978
9984
9996
10000
9984
10000
9982
10000
10000
9997
9998
9992
9991
9980
9991
9990
9995
9980
9996
9995
9992
9986
9999
9999
10000
9971
9993
10000
9989
9998
9985
9992
9991
9992
9996
9974
9997
10000
10000
9988
9995
9993
9992
9991
9989
9992
9999
9995
9986
9997
9994
9993
9998
9996
9986
9994
9991
10000
9995
9995
9999
9994
9992
9986
9999
9999
9993
9995
9994
9993
9981
9999
9991
9997
9969
9999
9989
9984
9971
9985
9983
9983
9993
9993
9995
9989
9982
9977
9996
9964
9996
9992
9998
9999
9994
9995
10000
9984
9979
9999
9990
9985
9965
10000
9982
9998
9993
9977
9997
9983
9999
9982
9989
9977
9991
9988
9999
9997
9999
9995
9987
9987
9993
9999
9984
9990
9999
9985
9988
9998
9991
9993
9994
10000
9995
9991
9999
10000
9990
9996
9995
9990
9978
9996
9981
9989
9988
9998
9985
10000
9999
9995
9999
9984
9997
9985
9988
9999
9985
9976
9982
9983
9992
9991
9996
9989
9994
9978
10000
9999
9985
9983
9996
9972
9987
9986
9988
9996
9985
9996
9991
10000
10000
10000
9994
9993
10000
9991
10000
9990
9973
10000
9991
9987
9993
9976
9998
9994
9979
9991
9985
9976
9994
9993
9988
9982
9999
9975
10000
9998
9997
9988
9991
9989
9994
10000
9986
9982
9985
9985
9993
9998
9985
9992
9980
9997
9999
9995
9999
9999
9969
9993
9996
9979
9998
9984
9999
10000
9984
9998
9982
9998
9990
9990
9995
9996
9994
10000
9992
9983
9982
9990
9985
9969
10000
9978
9999
9984
9994
9988
9999
9991
9998
9996
9998
9995
9997
9992
9983
9996
9999
9998
9986
9990
9984
9997
9999
9981
9989
9992
9987
9998
10000
9991
9987
9999
9982
9998
9992
9995
9999
9990
9999
9971
9999
9996
10000
9973
9991
9995
9972
9990
9999
9984
9971
9988
9978
9987
9997
9993
9990
9988
9992
9985
9988
9998
10000
9992
9970
9999
9997
9981
9988
9995
9994
9969
9976
9999
9994
9991
9989
9997
9982
9991
10000
9988
9994
9992
9998
9986
9994
9987
9984
9982
9993
9992
9989
9996
9996
10000
9998
9990
9988
9996
10000
9989
9995
10000
9986
9999
9992
9988
10000
9989
9998
9996
9995
9993
9985
9997
9995
9999
9984
9996
9994
9992
9982
9976
9984
9983
9993
9998
9987
9996
9993
9989
9981
9985
9991
9989
9973
10000
9986
9984
9998
9992
9997
9997
9993
9981
9997
9978
9990
10000
9987
9999
9999
9993
9968
9982
9987
9985
9973
9994
9999
9994
9994
9988
9997
9990
9971
9996
10000
9987
9990
9993
9991
10000
9996
9999
9973
9998
9990
9992
10000
9967
9984
9993
10000
9989
9994
9979
9983
9975
9996
9993
9975
9998
9975
9994
9997
9999
10000
9993
9990
9970
9977
10000
9988
9986
9995
9987
10000
9992
9999
9976
9988
9971
9997
9999
9962
9978
9995
9981
9982
9979
10000
9992
9973
10000
9999
9992
9996
9998
10000
9996
9991
9994
9996
9996
9999
9987
9986
9999
9995
9984
9998
9967
9984
9990
9985
9995
9998
9997
9999
9989
9994
9980
9995
10000
9983
9995
9983
9986
9993
9988
10000
9977
9988
9991
9983
9996
9998
9982
9984
9993
9970
9993
9999
9986
9980
9994
9997
9998
9988
9993
9972
9993
9994
9990
9986
9995
9984
9994
9975
9980
9995
9987
9990
9999
9999
9996
9995
9984
9998
9990
9991
10000
9991
9975
9987
9989
9997
9998
9987
9978
9998
9991
9991
9992
10000
9997
9983
10000
9983
9986
9992
9992
10000
9999
9993
9980
9999
9991
9990
9992
9996
9986
9986
10000
9996
9993
9999
9951
9996
9989
9989
9983
9981
9999
9999
9985
9985
9997
9995
9988
9983
9986
9996
9996
10000
10000
9997
9984
9998
9976
9990
9983
9990
9975
9993
10000
9996
9992
9995
9986
9999
10000
9997
9998
9991
9976
9979
9994
9963
9990
9998
9967
9983
9995
9983
9986
9998
10000
9990
9999
9992
10000
9987
9992
9995
9997
9998
9984
9995
9982
9993
9998
9986
