9968
9975
10000
9998
10000
9990
9982
9999
9999
9984
9980
9988
9987
9992
9976
9990
9995
9983
9986
10000
9999
9998
10000
9996
9998
9993
9997
9984
9987
9972
9974
9983
9991
9987
9967
9986
9996
9985
9988
9993
9998
9991
9995
9974
9994
9989
10000
9999
9994
9975
9993
10000
10000
9999
9989
9998
9994
9995
9998
9993
9996
9994
9973
9996
9982
9999
9984
9957
9970
9994
9971
9999
9996
9994
9979
9985
9982
9966
9993
9990
9999
9977
9997
9988
9981
10000
9994
9981
9995
9992
9972
10000
9985
9987
9993
9968
10000
9996
9990
9980
9983
9986
9988
9989
9996
9980
9994
9985
9989
10000
9998
10000
9990
9999
9991
9979
9986
10000
9974
9993
9993
9981
9986
9993
9986
9993
9981
9997
9992
9998
9973
9983
9989
9993
9984
9984
9998
9993
10000
9990
9997
9982
9997
9988
9993
10000
9993
9998
9989
9995
9995
9964
9978
9953
9997
9995
9982
9987
9989
9988
9991
9986
9992
9988
9998
9985
9984
9981
9993
9989
10000
9996
9989
9978
9973
9989
9975
9991
9997
10000
9984
9975
9986
9992
9976
10000
9998
9997
9998
9987
9996
9996
9982
10000
9992
10000
10000
9987
9992
9997
9999
9984
9997
9964
9970
9985
9990
9985
9966
10000
9985
9991
10000
9999
10000
9963
9988
9970
9998
9986
10000
9989
9999
9980
9988
9998
9988
9959
9988
9992
9998
9989
9988
9990
9984
9988
9983
10000
9989
9981
9985
9998
9987
9972
10000
9988
9988
9997
10000
9972
9972
9999
9984
10000
9986
9989
9996
9980
9998
9998
9999
9980
9985
9979
9988
9988
9986
9987
9998
9999
9977
9988
9982
9979
10000
9971
9992
9992
9976
10000
9993
9988
9998
10000
9996
9998
9983
9999
10000
9992
9980
9968
9988
9999
9992
9968
9986
9986
9996
9999
9999
9996
10000
9991
9973
9985
9987
9994
9985
9975
9989
9997
9981
9998
9979
9989
9998
9996
9996
10000
9955
9990
9992
9984
9984
9984
9994
9989
10000
9997
9992
9995
9983
9992
9970
9997
9996
9976
9994
9998
9996
9975
9987
10000
9972
9987
9983
9973
9982
9985
9991
9992
9993
9992
9974
9995
9978
9993
10000
9982
9996
9977
9998
9998
9954
9983
9988
9984
10000
9992
9999
9987
9974
9986
9996
9990
9979
9980
9957
9993
9979
10000
9970
9983
9989
10000
9996
9984
9972
10000
9996
9978
9948
9999
9985
9997
9992
9982
9996
9983
9991
10000
9985
9952
10000
9978
9981
9992
10000
9984
9986
9987
9993
9994
9984
9994
9987
10000
9999
9992
10000
9980
10000
9996
9961
9985
10000
9984
9971
9988
9988
9990
10000
9973
9995
9990
9980
9980
9998
9997
9985
9977
9989
9983
9985
10000
9990
9989
9995
9993
9980
9968
9988
9993
9990
10000
9978
10000
10000
9985
9998
9994
9990
9994
9994
9987
9994
9985
9993
9990
9992
10000
9980
9990
9999
9986
9987
9987
9983
9987
9977
9974
9990
9981
9977
9970
10000
9993
9995
9979
9983
9995
10000
9998
9992
9996
9996
9994
9958
9967
9989
9997
9998
9989
9999
9985
9986
9994
9961
9990
10000
9982
9990
9984
9998
9990
9998
9992
9999
9980
9984
9974
9985
9986
9995
10000
9991
9987
10000
9998
9998
9986
9986
9981
9979
9993
9995
9989
9982
9989
10000
9995
9981
9985
9955
9995
9992
9988
9998
9978
9973
9998
9981
9987
9986
10000
9990
9982
9990
9990
9999
9998
9987
9941
10000
9974
9987
9980
10000
9980
9982
10000
9998
9999
9995
10000
9975
9983
10000
9977
9983
9979
9979
9995
9990
9991
9993
9997
10000
9998
10000
9986
9992
9998
9973
9992
9985
9983
9993
9991
9986
9996
9998
9998
9983
9988
9999
9994
9989
9978
9975
9990
9994
9981
9988
9992
9992
9984
9997
9997
9998
9975
9994
9995
9999
9996
9991
9992
9993
9985
9988
10000
9984
9991
9973
9985
9991
10000
9996
9995
9995
9994
9987
9982
9998
9979
9988
9966
10000
9983
9999
10000
10000
9984
9979
9999
10000
10000
9989
9972
9961
9987
9972
9981
9998
9986
9992
9984
9999
9983
9993
9994
9988
9991
9991
9989
9995
9994
10000
10000
9989
9983
9991
9988
9995
9972
9968
9966
9997
9989
9999
9982
9988
9983
9992
9968
9992
9996
10000
9999
9991
9994
9947
9990
9988
9994
9972
9973
9984
9987
9981
9990
9992
9981
10000
9999
9996
9995
9988
9994
9981
10000
9978
9996
9992
9990
9993
9985
9981
9988
9992
9992
9999
9990
9984
9996
9996
9989
9995
9977
9988
9976
9973
9970
9978
10000
9993
9966
9989
9981
9974
9990
9990
10000
9982
9982
9994
9986
9998
9987
9994
10000
9950
9991
9992
10000
9973
9979
10000
9980
9998
9999
9972
9992
9989
9993
9985
9993
9990
9985
9999
9975
10000
9975
9996
9987
9999
9998
10000
10000
9998
9994
9999
9984
9989
9988
10000
9997
9984
9978
9999
9990
9985
9993
10000
9990
9985
9985
9991
9972
10000
9997
9989
9991
9985
9998
9995
9987
9969
9994
9985
9990
9999
9995
9990
9987
9996
9990
9987
9986
10000
9996
9995
9985
10000
9995
9996
9980
9962
9977
9989
9987
9980
9998
9998
9977
9995
9951
9976
9996
10000
9985
9982
9997
9987
9981
9963
9988
9993
9987
10000
9976
9999
9995
10000
10000
9975
9981
9994
9993
10000
9993
9996
9997
9975
9984
9999
9967
9981
9993
10000
9994
9996
9989
9988
9991
10000
9977
9996
9992
9972
9982
9993
10000
9984
9998
9998
9985
9989
9978
9998
9982
9997
9989
9999
9980
10000
10000
9989
10000
9986
9998
9994
9992
9984
9977
9956
10000
9988
9982
9989
9990
9993
10000
9980
9986
10000
9968
9997
9996
9989
9984
9985
9985
9976
9992
9988
9986
9991
9974
9999
9995
9996
9985
9991
9983
9995
9984
9985
9978
10000
9989
10000
9988
9989
9974
9972
9998
9986
9989
9988
9994
9986
9978
9990
9992
9993
9979
9989
9998
10000
9993
9992
10000
9970
9986
9998
9991
9994
9960
9974
9984
9992
9981
9999
9983
9996
9986
9997
9971
9999
9981
9979
9984
9995
9971
10000
9999
9999
9991
