9978
9983
9986
9984
9992
9993
9995
9985
9989
9975
9981
9987
9995
9990
9985
9991
9990
10000
9998
9980
9984
9993
9974
9993
9983
9978
9985
9991
9982
9984
9991
9985
9998
9989
9990
9969
9971
9988
9991
9974
9985
9981
9988
9989
9975
9985
9989
9997
9983
9983
9985
9978
9981
9994
9970
9993
9987
9982
9983
9985
9985
9992
9984
9977
9979
9987
9985
9970
9942
9976
9987
9979
9976
9982
9968
9988
9983
9971
9981
9990
9986
9976
9976
9962
9979
9988
9993
9981
9990
9973
9979
9952
9990
9992
9993
9973
9995
9994
9988
9981
9992
9984
9988
9995
9976
9975
9973
9988
9979
9980
9989
9988
9974
9951
9971
9992
9991
9982
9989
9993
9984
9991
9989
9993
9993
9984
9981
9979
9998
9994
9977
9985
9978
9981
9990
9980
9991
9968
9995
9989
9975
9992
9973
9978
9967
9983
9989
9986
9994
9997
9990
9990
9982
9979
9986
9976
9988
9988
9992
9967
9992
9992
9990
9993
9989
9994
9987
9982
9976
9983
9973
9990
9990
9997
9979
9981
9989
9987
9997
9995
9995
9984
9994
9990
9990
9974
9965
9976
9991
9995
9991
9986
9996
9989
9992
9984
9990
9973
9972
9982
9991
9994
9990
9984
9994
9982
9967
9973
9990
9976
9992
9986
9992
9966
9987
9990
9984
9985
9979
9990
9990
9987
9990
9982
9981
9983
9974
9990
9998
9985
9993
9992
9983
9990
9991
9968
9991
9992
9989
9989
9987
9963
9989
9992
9981
9984
9997
10000
9985
9984
9996
9982
9988
9986
9968
9991
9966
9960
9973
9991
9990
9993
9997
9980
9987
9987
9985
9993
9981
9964
9985
9971
9985
9973
9974
9993
9995
9973
9988
9986
9983
9980
9975
9985
9980
9979
9992
9994
9983
9988
9990
9975
9978
9962
9981
9983
9978
9993
9982
9988
9976
9987
9986
9984
9981
9993
9995
9968
9987
9991
9976
9991
9992
9970
9985
9969
9989
9961
9989
9989
9991
9984
9968
9970
9988
9989
9987
9994
9981
9993
9988
9990
9981
9972
9993
9984
9991
9991
9987
9987
9968
9980
9993
9982
9978
9979
9995
9976
9980
9994
9938
9990
9977
9986
9972
9955
9995
9952
9978
9978
9972
9994
9979
9995
9991
9990
9981
9984
9990
9981
9982
9984
9982
9991
9984
9977
9952
9988
9981
9994
9985
9985
9974
9988
9986
9992
9990
9978
9991
9971
9988
9996
9985
9992
9983
9975
9986
9979
9983
9988
9987
9992
9984
10000
9983
9978
9987
9991
9969
9995
9989
9993
9972
9991
9977
9984
9992
9993
9996
9997
9999
9990
9979
9986
9967
9978
9971
9982
9982
9992
9987
9973
9988
9992
9983
9997
9982
9983
9987
9949
9970
9988
9980
9982
9977
9975
9992
9979
9994
9981
9997
9985
9994
9980
9969
9972
9974
9989
9969
9991
9981
9994
9984
9990
9992
9979
9989
9990
9984
9987
9972
9987
9978
9987
9984
9994
9988
9968
9966
9997
9986
9994
9988
9958
9984
9998
9991
9990
9973
9994
9981
9984
9982
9982
9972
9981
9972
9989
9988
9981
9986
9988
9993
9998
9956
9994
9998
9996
9997
9997
9993
9973
9980
9992
9973
9990
9992
9989
9983
9972
9976
9989
9990
9981
9984
9975
9985
9980
9987
9994
9988
9998
9982
9986
9990
9984
9978
9981
9975
9986
9988
9975
9995
9984
9970
9993
9983
9988
9970
9967
9988
9982
9965
9991
9995
10000
9972
9994
9996
9994
9984
9987
9991
9977
9977
9959
9992
9977
9979
9983
9976
9986
9992
9984
9997
9980
9985
9994
9979
9991
9973
9981
9990
9987
9977
9983
9977
9989
9959
9985
9988
9971
9974
9971
9984
9988
9995
9986
9985
9980
9994
9982
9978
9987
9980
9992
9988
9979
9977
9991
9995
9978
9982
9987
9991
9984
9978
9983
9970
9950
9972
9981
9989
9989
9986
9986
9990
9983
9981
9983
9990
9995
9991
9991
9985
9978
9988
9958
9992
9990
9996
9979
9991
9992
9974
9988
9974
9985
9992
9999
9992
9983
9992
9971
9956
9987
9985
9976
9984
9982
9993
9976
9978
9954
9980
9992
9985
9969
9991
9995
9996
9991
9994
9987
9991
9990
9985
9967
9965
9987
9987
9970
9983
9995
9977
9985
9986
9988
9996
9985
9998
9974
9991
9976
9990
9976
9991
9979
9978
9994
9990
9969
9993
9976
9954
9990
9980
9987
9971
10000
9978
9987
9994
9986
9973
9987
9989
9976
9989
9974
9984
9990
9992
9976
9986
9991
9989
9995
9984
9997
9988
9998
9964
9979
9977
9983
9980
9973
9996
9962
9995
9989
9975
9977
9995
9984
9992
9988
9975
9995
9973
9992
9993
9991
9985
9990
9971
9988
9996
9979
9981
9985
9987
9987
9983
9967
9976
9983
9980
9983
9985
9998
9990
9987
9986
9997
9986
9992
9993
9995
9992
9981
9987
9990
9996
9994
9975
9981
9991
9985
9989
9981
9967
9978
9972
9974
9981
9984
9985
9989
9982
9989
9986
9995
9971
9987
9966
9985
9986
9998
9991
9983
9976
9956
9990
9987
9992
9962
9988
9993
9992
9995
9979
9990
9989
9988
9971
9997
9983
9986
9989
9979
9997
9990
9995
9987
9987
9987
9988
9987
9978
9986
9990
9985
9989
9976
9995
9990
9978
9986
9997
9987
9987
9994
9987
9994
9990
9962
9981
9993
9967
9984
9992
9988
9958
9975
9994
9991
9997
9979
9983
9983
9978
9993
9992
9979
9975
9989
9987
9985
9991
9987
9993
9975
9971
9979
9990
9986
9981
9987
9984
9982
9993
9993
9987
9971
9986
9996
9987
9983
9960
9970
9987
9989
9987
9997
9988
9991
9998
9974
9965
9981
9995
9985
9975
9984
9996
9990
9996
9979
9982
9985
9994
9992
9983
9989
9996
9996
9992
9948
9985
9977
9993
9988
9993
9988
9983
9994
9978
9985
9983
9975
9989
9965
9968
9998
9967
9979
9994
9982
9973
9983
9988
9992
9980
9993
9978
9977
9961
9982
9963
9974
9993
9995
9983
9990
9989
9987
9987
9985
9986
9994
9971
9993
9979
9998
9971
9990
9986
9985
9993
9987
9963
9982
9985
9964
9993
9984
9991
9985
9961
9988
9974
9989
9963
9993
9993
9980
9988
9993
