9984
10000
10000
10000
9999
9996
9994
10000
10000
10000
9994
10000
10000
9996
10000
10000
9998
10000
9999
9999
9996
9996
9998
10000
9987
9999
10000
9979
9996
9999
10000
9999
10000
10000
9999
9996
9996
10000
9996
9994
9999
10000
9997
10000
9999
10000
9998
10000
10000
10000
10000
9999
10000
9999
9998
9991
10000
10000
10000
9989
9999
10000
9999
10000
10000
9995
9997
9999
9999
10000
10000
10000
10000
9988
9999
10000
10000
10000
10000
10000
10000
9998
9999
9992
10000
9993
9999
9982
9989
10000
9999
9999
10000
10000
9999
9999
9999
10000
10000
10000
9999
10000
9998
10000
10000
9992
10000
10000
10000
10000
9999
9981
10000
10000
10000
10000
10000
9999
10000
9998
10000
10000
10000
10000
10000
9999
10000
9999
10000
10000
9999
10000
10000
10000
10000
9998
10000
9998
9998
10000
10000
9999
9995
10000
10000
10000
9998
9999
10000
9999
9999
9996
10000
9997
9999
9997
10000
10000
9999
10000
10000
9999
10000
10000
9985
9994
9991
10000
10000
9997
9996
10000
9979
10000
10000
9999
10000
10000
10000
9999
9999
10000
9982
10000
10000
9999
9982
9999
10000
9995
9995
10000
9997
9997
10000
10000
9994
9998
10000
9994
9999
9996
10000
10000
9993
10000
9998
9989
9999
10000
10000
9999
10000
9999
10000
9999
9999
10000
10000
10000
9984
10000
10000
10000
9993
9995
9998
10000
10000
10000
10000
10000
9999
9999
9976
10000
10000
10000
10000
9997
9995
9998
10000
10000
10000
10000
10000
9996
10000
9998
9996
10000
10000
10000
10000
9990
10000
10000
9997
10000
9997
10000
9998
10000
9998
10000
9997
10000
10000
10000
10000
9999
9998
10000
9997
10000
10000
9998
10000
10000
10000
9998
9999
10000
9990
10000
10000
9998
9999
10000
9993
9999
9996
9995
10000
10000
10000
9991
10000
10000
10000
10000
9997
10000
9999
10000
9998
10000
10000
10000
10000
10000
9997
10000
9995
10000
9998
10000
9999
9995
10000
10000
9997
10000
10000
10000
10000
9998
9998
10000
9998
9996
10000
9999
10000
9999
10000
10000
10000
10000
10000
9994
10000
10000
10000
10000
10000
10000
9999
9992
9999
9991
10000
9981
9992
10000
10000
9993
9998
9997
10000
10000
9999
10000
10000
10000
10000
9999
10000
9999
9999
9987
9992
10000
10000
10000
10000
9999
10000
9997
9989
10000
9988
10000
10000
9999
9995
9996
9997
10000
9999
10000
9999
10000
10000
9999
9995
10000
9998
9997
9996
9999
9999
9979
10000
9999
9988
9998
10000
10000
10000
9999
9998
9999
9999
10000
10000
9998
10000
9994
10000
10000
10000
10000
9999
10000
9997
10000
9999
9998
10000
10000
9997
9996
9996
10000
10000
9990
9999
10000
9999
10000
9988
10000
9991
10000
9995
10000
9997
10000
10000
10000
9998
10000
10000
10000
9999
10000
10000
10000
10000
9999
9999
9997
9998
10000
9996
10000
9998
10000
9990
9998
9998
9993
10000
9999
10000
10000
9999
9999
10000
10000
9999
10000
10000
10000
10000
10000
9997
10000
9997
10000
9993
9997
9997
9990
10000
10000
9997
10000
10000
10000
9999
10000
9999
10000
9999
9999
10000
9999
9995
10000
9994
10000
9998
9996
10000
9999
9999
9997
10000
10000
9999
9995
9998
9992
10000
10000
10000
10000
10000
10000
10000
9999
9996
9991
10000
10000
10000
10000
9966
10000
10000
9999
10000
10000
10000
10000
9997
9990
9999
9999
10000
9995
10000
10000
10000
9999
9993
10000
9987
10000
10000
10000
10000
10000
10000
10000
10000
10000
9997
10000
9999
9998
10000
10000
10000
9993
9981
10000
10000
9999
9999
10000
10000
10000
10000
9997
10000
9995
10000
10000
10000
10000
10000
9999
9993
10000
10000
9999
9999
9998
9999
9999
10000
9998
9999
9999
9997
9998
9997
9995
10000
9998
10000
9999
9999
9998
9993
10000
9995
9987
10000
10000
10000
9998
10000
10000
10000
10000
9998
10000
9997
10000
9996
10000
9998
10000
9999
9999
9997
10000
9999
10000
10000
9999
10000
9993
10000
10000
9999
9998
10000
10000
10000
10000
10000
10000
9999
10000
10000
9995
9999
10000
9994
9999
9998
9999
9998
10000
9999
10000
10000
10000
10000
9997
10000
10000
10000
10000
9999
10000
9997
10000
10000
10000
9990
10000
10000
9997
9984
9998
10000
10000
9996
10000
9995
10000
10000
10000
9999
9999
10000
10000
9998
9997
9993
10000
9999
10000
10000
10000
10000
9999
10000
10000
10000
9993
10000
9997
9997
10000
9992
9997
9989
10000
10000
9999
10000
10000
9995
9996
9996
9998
10000
9999
10000
10000
9998
10000
9999
9997
9998
10000
10000
10000
10000
10000
10000
9979
10000
9997
9993
10000
10000
10000
10000
9996
9999
9999
9999
10000
10000
9999
10000
10000
10000
9999
9999
9999
10000
10000
9999
10000
10000
9999
9995
9999
10000
9999
9995
10000
9998
10000
10000
10000
9997
9999
9997
10000
9994
9997
10000
10000
9999
9994
9996
9999
10000
9999
9985
9998
10000
9999
9999
9980
9999
10000
9996
9997
9988
10000
9997
9994
10000
10000
10000
9998
9999
10000
10000
10000
10000
10000
9999
10000
10000
9999
9999
10000
10000
10000
9964
10000
10000
10000
9997
10000
9998
10000
10000
10000
10000
9999
10000
9995
9999
10000
10000
10000
10000
9998
9996
10000
9995
9999
10000
10000
10000
9995
9998
10000
10000
10000
9993
10000
10000
10000
10000
9999
10000
10000
10000
9976
9996
9998
10000
10000
10000
9998
10000
9999
10000
10000
10000
10000
10000
10000
10000
9996
9993
10000
10000
9999
9999
10000
9999
10000
10000
9999
9981
10000
9998
10000
9993
10000
10000
9997
10000
10000
9998
9995
10000
10000
10000
9993
10000
10000
9997
9999
10000
10000
10000
9998
9999
9998
9999
9995
9995
9997
9991
9999
9995
9995
10000
10000
10000
9995
9985
9997
9999
9998
10000
9993
9999
9996
10000
10000
10000
9998
9998
9996
10000
9998
10000
9999
10000
10000
9998
10000
10000
9993
9997
10000
10000
10000
10000
10000
10000
10000
10000
9994
9999
9996
10000
9995
10000
10000
10000
9999
9999
10000
10000
9999
9997
10000
10000
10000
10000
10000
10000
10000
9995
10000
9999
10000
9992
10000
10000
10000
