9994
10000
10000
9985
9997
9987
9998
10000
9992
9998
9999
9997
10000
9989
9999
9996
9993
10000
9997
9984
10000
9993
9999
9999
9998
9991
10000
10000
10000
9992
9982
10000
9994
9997
9999
9977
10000
9997
10000
9994
9999
9997
9999
9997
9986
9999
10000
9999
10000
9997
9997
9999
9999
9998
9998
10000
9994
10000
9999
10000
9984
9984
9994
10000
10000
9999
10000
9993
10000
9997
10000
10000
9986
10000
10000
10000
9998
9999
9992
10000
9993
9999
9994
10000
9988
9996
10000
9998
10000
9999
9996
9981
9981
9998
10000
9998
9996
9999
9999
10000
9998
10000
9999
10000
9999
9989
9999
9993
9993
10000
9999
9999
9992
9998
9996
9997
10000
9997
10000
9999
9999
9998
9999
10000
10000
10000
9996
9987
10000
9997
10000
10000
10000
10000
10000
9996
9999
9999
10000
10000
10000
10000
9994
10000
9988
10000
9998
10000
10000
10000
10000
9986
9982
9997
9998
10000
9999
10000
10000
10000
10000
9999
10000
9999
9995
9997
9993
10000
9996
9985
10000
10000
10000
9997
9992
10000
10000
10000
10000
10000
10000
9999
9996
9996
9989
10000
9999
10000
9999
9987
9990
10000
10000
10000
9991
10000
9997
9999
9998
10000
9999
9993
10000
9999
9997
9999
10000
9976
9984
9994
10000
10000
9996
9984
9995
9999
9989
10000
9998
10000
10000
9999
9995
9999
9999
10000
10000
10000
10000
10000
10000
9998
9994
10000
9988
10000
9997
9990
10000
9998
9997
9988
9988
9995
9997
10000
9983
10000
9984
9999
9993
9996
10000
9982
9986
9998
9990
10000
10000
10000
10000
9999
9991
9999
9981
9999
9993
9998
9996
9984
9997
9999
9995
9998
9996
10000
10000
9976
9999
9999
10000
9997
10000
9999
9996
10000
10000
9987
10000
9999
9992
9995
9999
9996
10000
10000
9999
9999
9997
10000
9994
9996
9993
9998
9996
9986
9993
9984
10000
9991
10000
9994
9998
9995
9991
9999
9996
9997
9998
9996
9996
9999
9998
9994
10000
9999
9997
9999
9997
9994
9988
9983
10000
9998
9992
9995
9999
9996
9999
9996
9999
9999
10000
9997
9997
10000
9992
9996
10000
9997
9998
9998
9998
9997
9999
9997
9990
9996
10000
9999
9999
10000
10000
10000
9983
9997
10000
10000
10000
10000
10000
9997
9998
10000
9979
10000
9995
9998
9994
10000
9999
10000
9995
9997
9997
10000
9998
9983
9999
10000
9992
10000
10000
9999
9985
9999
9998
10000
10000
10000
9973
9986
9997
10000
9998
10000
10000
9999
9999
10000
10000
10000
9998
10000
9996
9998
10000
9988
9997
10000
9998
10000
9995
9995
10000
9997
10000
9999
10000
9998
9999
9999
9987
9992
9996
9989
10000
9999
10000
9982
9999
9986
10000
10000
9999
10000
9999
9999
9996
9991
9995
9994
9993
9998
10000
9999
9999
9989
9996
9997
9998
10000
9998
10000
9992
9989
10000
9999
9999
9999
9998
10000
10000
10000
10000
10000
9996
9997
9984
10000
9995
10000
9990
10000
9998
9998
9995
9999
10000
9982
9993
9998
10000
10000
9998
10000
9999
10000
10000
10000
9999
9999
9996
9996
9999
9995
9995
10000
10000
10000
9996
9986
9999
9999
9995
9998
9992
9996
9996
9987
9998
9993
9995
9995
10000
9996
9999
10000
9999
10000
9997
9999
10000
9997
10000
10000
9988
9997
9999
10000
10000
9999
9999
10000
10000
10000
10000
10000
9988
9993
9995
10000
9991
10000
10000
9992
9998
9995
10000
10000
10000
9994
9997
9991
10000
9996
9994
10000
10000
10000
9994
10000
10000
10000
9997
10000
10000
9994
9999
9997
10000
10000
10000
10000
9997
9995
9975
9994
9988
9990
9998
9985
10000
9993
10000
9998
9998
9983
10000
10000
10000
9999
10000
9996
9995
9992
9998
9998
10000
10000
10000
9997
9986
9999
9994
9986
9999
9999
10000
9997
9999
9998
10000
9999
10000
9999
9997
9996
9999
9999
10000
10000
10000
9998
9999
9990
9997
10000
9993
9995
9986
9995
9997
9993
10000
9999
9992
10000
9998
9999
9997
9998
9998
9993
9998
9978
9994
10000
9991
9983
10000
10000
9991
10000
9993
9983
10000
9997
10000
10000
9989
9995
10000
9999
9997
9999
10000
9998
9988
9995
9995
9995
9998
9999
10000
10000
10000
10000
10000
10000
9997
9999
9998
10000
9995
9998
9999
9999
9986
9972
9999
9999
9998
9999
10000
9997
9998
10000
10000
9999
10000
9978
9973
10000
9992
9997
9998
9997
9996
10000
9978
9997
9991
10000
9998
10000
9994
9999
10000
10000
10000
10000
9999
10000
9999
9991
9990
10000
10000
10000
9997
9999
10000
9993
9997
9982
9995
9999
10000
9976
10000
9992
9997
9998
9997
10000
9990
9983
9996
10000
10000
10000
9997
10000
10000
9992
9996
10000
9996
9986
10000
9998
9999
9969
9998
9993
10000
9996
10000
9995
10000
10000
9998
10000
9982
9996
9997
9999
9999
9999
9999
9999
9999
10000
9999
10000
10000
9999
10000
9995
9999
9995
10000
9991
9989
10000
10000
9998
9999
9985
10000
9994
9992
9999
10000
9988
9983
10000
9999
9999
9994
9998
9998
9990
10000
9994
10000
9999
9991
9993
9999
9998
9996
9998
10000
9996
10000
9994
9997
10000
9999
10000
9994
10000
9989
10000
10000
9999
9998
10000
9995
10000
10000
10000
9997
9995
10000
9998
10000
9997
9999
9982
10000
9999
9995
10000
9999
9993
9997
9999
10000
9999
10000
10000
9993
9993
9985
9996
9996
9998
9988
9991
9998
10000
9994
9991
9984
9997
10000
9998
10000
9989
10000
9998
9999
9987
10000
9999
10000
9998
9994
9996
10000
9999
10000
10000
9989
9999
9996
9997
9993
10000
10000
10000
10000
10000
9995
9996
10000
9992
9998
9997
10000
10000
9996
9998
9970
9997
10000
9979
9986
10000
10000
10000
9993
10000
9998
9999
10000
10000
9993
9978
10000
10000
10000
9998
10000
10000
9978
10000
9999
9999
10000
9990
9998
10000
9996
9998
9999
9989
9983
9998
10000
9999
10000
10000
9996
9993
9990
9996
9988
10000
10000
9999
9991
9996
10000
10000
9994
9985
10000
10000
9999
9996
9999
9995
9995
10000
9996
9982
9995
9997
10000
9995
9988
10000
9998
9988
9999
10000
