9980
10000
9987
9979
9998
9999
9993
9992
9992
9998
9994
9985
9992
9986
9988
10000
9985
9986
9969
10000
9982
9984
9985
10000
9985
9993
9977
10000
9988
9988
9993
9989
9984
9999
9979
10000
9999
9998
10000
9995
9984
10000
9985
9993
9993
9986
9978
9988
9996
9981
9994
9985
10000
9993
9989
9998
9998
9991
9996
9991
9985
9995
9962
9990
9983
9995
9986
9993
9987
9977
9971
9986
9990
9990
9993
9999
9976
9994
9992
9996
9980
9995
9990
9996
9978
9983
9997
9987
9990
9980
9980
9997
9994
9987
10000
9977
9981
9993
9995
9988
9989
9982
9999
9998
9991
9986
9992
9988
10000
9997
9988
9987
10000
9990
9987
10000
9988
9989
9973
9974
9996
9978
9986
9965
9978
9998
9974
9984
9999
9999
9999
9986
9998
9989
9974
9985
9965
9992
9992
9992
9983
10000
9988
9981
9987
9988
9999
9987
9989
9989
9995
9985
9995
9983
9982
9996
9990
9989
9989
9983
9988
9982
9988
9996
9980
10000
9980
9979
10000
10000
9993
9994
9988
10000
9992
9975
9974
9999
9991
9994
9993
10000
9992
9999
9999
9991
9988
9993
9986
9970
9999
9986
9991
9991
9982
9996
9983
9989
9975
9983
9994
9986
10000
9984
10000
9944
9985
9992
9980
9979
9990
10000
9990
9998
9982
10000
9986
9981
9975
9968
9994
9981
10000
9974
9990
9985
9996
9976
9996
9994
9996
9997
9980
9994
9993
9994
9981
9992
9992
9980
9982
9974
9984
9999
9983
9989
9996
9972
9996
10000
9988
9991
9998
9997
9997
9996
9996
9982
9943
9998
9994
9993
9993
10000
9992
9996
9999
10000
9971
9998
9997
9996
9996
9981
9997
9986
9978
10000
9992
9978
9982
10000
9998
10000
9996
9994
9990
9989
9992
9993
10000
9990
9984
9988
9999
9983
9984
9985
9984
9974
9961
10000
9993
9987
9988
9992
9999
9991
9998
9987
9981
9968
9982
10000
9962
9994
9985
9991
9999
9999
10000
9997
9992
9981
9963
9998
9999
9976
9996
9972
9982
9991
9994
10000
9999
10000
9992
9991
9992
9994
9995
9980
9992
9971
9984
9991
10000
9990
9989
9985
9995
9997
9986
9998
9990
9991
9981
9966
9994
9993
9987
9997
9988
9994
9992
9984
9998
9983
9997
9989
9983
9991
9975
9991
9987
10000
9996
9990
9994
9989
9998
9994
9984
9997
10000
9990
9989
9987
9990
9988
9972
9999
9973
9999
9993
9993
10000
9981
9985
9987
9976
9985
9998
9992
9974
9999
9993
9957
9973
9988
9992
9991
9992
9988
9997
9988
9988
9996
9996
9995
9993
9997
9990
9992
9991
9978
9996
9988
9978
9974
9986
9983
9997
9984
9987
9978
9968
9980
9999
9995
9995
9989
9986
9993
9989
10000
9984
9966
9993
9981
9999
9977
9961
9976
9972
9974
9978
9992
9963
9990
9993
9982
9998
9978
9988
9980
9990
10000
10000
9993
9996
9995
9999
9989
9987
9999
9955
9992
9965
9977
9980
9993
9987
9988
9998
9972
9998
9983
9990
9985
9991
9994
9965
9993
9987
10000
9999
9980
9988
9989
9996
9979
9971
9988
9998
9996
9969
9968
10000
9977
9994
9978
9992
9999
9988
9979
9983
9993
9995
9997
9981
10000
9993
9991
9998
10000
9947
9962
9999
10000
10000
9990
9991
9985
9976
9997
9999
9991
9976
9993
9990
9980
9998
9959
10000
9975
9976
10000
10000
9990
9994
9993
9985
9989
9995
9980
9985
9977
9993
9996
9998
9981
9973
9981
9987
9999
9981
9988
9985
9992
9993
9993
9995
9988
10000
9981
10000
9987
9997
9990
9984
9999
9988
9992
9994
9982
10000
9995
9986
9985
9991
10000
9987
10000
9985
9993
9990
9994
9986
9995
9990
9991
9993
9988
9980
9999
9979
9976
10000
9986
9984
9997
9986
9973
9931
9989
9998
9981
9998
9997
9994
9994
9990
9981
9974
9993
9978
9989
9977
9977
9971
9990
9992
10000
9972
10000
9995
9999
9989
9977
9994
9990
9981
9982
9976
9995
9988
9991
9999
9992
9997
9976
9991
9985
9988
9987
9996
9992
9989
9993
9986
9983
9974
9983
9980
9995
9976
9981
9996
9988
9990
9983
9985
9984
9994
9985
9998
9973
9984
9997
9975
10000
9997
9970
10000
10000
9983
10000
9973
9983
9985
9991
9978
9994
9994
10000
10000
9995
9966
9996
9984
9996
9986
9970
9988
9995
9994
9994
9957
9993
9991
9970
9988
9994
9971
9987
9976
9979
9987
9980
9987
9986
9980
9980
9986
10000
9998
9978
9995
9977
9997
9997
9989
9987
9995
9995
9999
9999
9982
9999
9989
9993
9990
9983
9999
9991
10000
9997
9971
9991
9989
10000
9979
9996
9985
9972
9995
9994
9974
9988
9998
9994
9999
9985
10000
10000
9971
9978
9988
9999
10000
9985
9982
9989
9995
10000
9992
9980
9989
9983
10000
9980
10000
9992
9972
9985
10000
10000
9994
9994
9998
9993
9983
9987
9998
9990
10000
9990
9999
9999
10000
9994
9992
9994
9974
10000
9991
9995
9991
10000
9995
9988
9990
9994
9990
9992
9995
9978
9974
9991
9983
9992
9996
10000
9987
9964
9968
9982
9998
9995
9985
9988
9976
9990
9996
9994
9989
9992
9982
9989
9992
9984
9984
9987
9989
10000
10000
9967
9978
9992
9979
9989
9989
9985
10000
9999
9975
9998
10000
9995
9991
9990
9956
9990
9994
10000
9984
9984
9992
9995
9997
9973
9960
9987
9982
9998
9995
9995
10000
10000
9976
9980
9973
9989
9979
9982
9999
9988
9984
9999
9991
10000
10000
9992
9991
9975
9987
9972
9989
9986
9990
9999
9991
9990
9984
9998
9992
9998
9996
9983
9997
9979
9991
9985
9995
9977
9979
9975
9986
9975
9983
9977
9994
9996
9987
9995
9987
9998
10000
9977
10000
9981
9995
9976
9983
9993
9977
9996
9995
9986
9984
10000
9992
9994
9995
9998
9977
9993
9979
9969
10000
10000
9999
9995
9981
9985
9991
9981
9990
9959
9984
9985
9978
9989
9973
9980
9988
10000
10000
9984
9987
9990
9996
9993
9962
9994
10000
9977
9996
9977
9992
9991
9978
9986
9976
9995
10000
9987
9991
9996
9986
9976
9995
9977
9998
9983
9997
9968
9973
9990
