9998
9982
10000
9998
9999
10000
9991
9986
9985
9994
9994
9982
9998
10000
9985
9999
9995
9991
10000
9989
9980
10000
9989
10000
9994
10000
10000
9994
9999
9978
9999
9999
10000
9995
9995
9999
9992
9999
10000
10000
9994
9995
9993
9978
9994
9994
9989
9999
10000
10000
10000
9999
10000
9990
9999
9998
9997
9972
9998
9986
9999
10000
9995
10000
9998
9998
10000
9983
9991
9997
10000
9993
9988
9998
10000
9998
9985
10000
10000
9999
9997
9998
9997
10000
9999
9999
9998
9996
9997
10000
9997
10000
9998
9994
9994
9988
9985
9999
9993
9992
10000
9999
9999
10000
9989
9994
9997
10000
9990
9999
9994
10000
9996
10000
10000
9985
9976
9997
9999
9993
9998
9992
9999
9998
9998
9992
9999
10000
9998
9992
9977
10000
9997
9990
9998
9998
9999
9997
9988
9988
9997
9998
9980
9997
10000
9993
9998
9992
9998
9989
9999
9996
9999
9997
9991
9963
10000
9999
10000
9989
10000
10000
9996
10000
9995
9994
9972
9987
9998
9996
9991
10000
9985
9999
9999
9991
9994
9998
9990
10000
9999
9986
9999
10000
9997
9992
9984
10000
9996
9999
10000
9999
9997
9997
10000
9999
9998
9983
10000
9983
9998
9995
9981
9992
9996
9994
9999
9997
9972
9980
9997
9989
9997
10000
10000
9993
9994
9995
9997
10000
9993
9982
9999
9988
10000
9984
9985
9993
9995
9997
10000
9971
9985
10000
10000
9997
9990
9994
9980
9994
10000
9989
9996
9999
9996
10000
9984
10000
10000
9996
9999
10000
9999
9998
9959
9989
9999
10000
9999
9999
9992
9987
9998
9988
9996
9998
9987
9989
9987
9990
9994
9975
9995
10000
9982
9983
9991
9962
10000
9965
10000
10000
10000
10000
9992
9998
9997
9997
9996
9982
9977
9996
10000
10000
10000
10000
10000
9999
9991
9999
9992
9998
9999
9997
9981
9993
10000
9998
9984
9973
9988
9984
9991
9990
10000
9988
9975
9994
9982
10000
10000
9990
10000
9999
10000
9998
9999
9991
9994
9994
9986
9997
9999
10000
9997
9985
9999
9986
9983
9974
9999
9992
9997
9999
9998
9999
10000
9999
10000
9995
9989
9992
9995
10000
10000
9997
10000
10000
9986
9990
9996
9975
9999
9990
9994
9997
9990
9990
10000
9987
9998
9993
9989
9984
9998
9997
10000
9989
9997
9996
10000
9999
10000
9997
9997
9997
10000
9988
9990
9987
9997
9996
9996
9999
9991
9996
10000
9989
9997
9998
9998
9995
9993
9996
9999
9992
9992
10000
9990
10000
9993
9988
9991
10000
9999
9999
10000
9997
9995
9999
9997
9995
9996
9999
9998
9999
9998
9993
9997
9983
9988
9997
10000
9999
9995
10000
9999
9998
9999
9997
9972
9989
9991
10000
9996
9997
9995
10000
9988
9987
10000
9995
9998
9967
9998
9993
9994
9998
9995
10000
9993
9987
9999
9999
9999
9990
9998
9995
9997
10000
9989
9999
9993
9994
10000
9995
10000
9994
9999
9994
9981
10000
9997
10000
9987
10000
9982
9985
9999
10000
9990
9997
9998
10000
9999
10000
9993
9986
9994
9992
9994
10000
10000
9976
10000
9998
9999
10000
9978
9985
9991
9996
9989
9987
10000
10000
10000
10000
9998
9973
9988
10000
9999
9994
9989
9999
10000
10000
10000
9999
9970
9999
9986
9993
10000
9999
10000
10000
9991
9999
9988
9981
9979
9984
9970
9999
10000
9992
9999
10000
9998
10000
9991
9999
9993
10000
9991
9988
9998
10000
10000
10000
9984
9999
10000
9982
9999
9999
9965
9996
10000
10000
9994
10000
9977
9998
10000
10000
9992
9988
9996
9969
9997
9996
9977
9994
9991
9992
9997
9995
9998
9989
9999
10000
9996
9987
9995
9999
10000
9985
9955
9999
9996
9987
10000
9994
9980
9970
9984
9989
10000
9992
9997
9988
10000
9991
10000
9988
9999
9994
9997
9998
9998
9998
10000
9996
9999
9984
10000
9996
9999
9984
9998
10000
9997
9993
10000
9992
10000
9997
9994
10000
10000
9991
9979
9989
9999
9997
9986
9999
9997
9989
10000
10000
9977
9997
9999
9995
9998
9970
9993
9992
10000
10000
9993
9999
9991
9999
9995
9991
9998
10000
9989
9993
9998
9992
9993
10000
9984
9976
9993
10000
9997
9995
9992
9996
9995
10000
9986
10000
9988
9999
9993
10000
9990
10000
9993
9992
9997
9999
9998
10000
10000
9994
9999
9994
9990
9994
9993
9990
9992
9999
9993
10000
10000
9987
9999
9980
9988
9996
10000
9982
9793
10000
9989
9997
9998
9996
9998
9999
9993
9996
10000
9999
10000
9995
9983
9980
9996
9982
9995
9982
9988
9999
9986
9997
10000
9998
10000
9992
9996
9993
9990
9979
10000
9994
9991
9997
10000
10000
10000
10000
9995
9994
9997
9986
9999
9993
9984
9997
10000
9996
9989
9988
9988
9996
9997
9991
9999
10000
9989
9980
9991
9977
10000
9988
10000
9998
9993
9989
10000
10000
10000
10000
9999
9990
9995
9998
10000
9966
9997
9999
9988
10000
10000
9975
9986
9990
9995
10000
9992
10000
9999
9990
10000
10000
9978
9986
9997
9999
9994
9999
9992
10000
9998
9999
9999
9998
9997
9999
9998
9993
9985
9992
9996
10000
9996
9985
9998
9982
9978
9995
9998
9996
9986
9992
9993
10000
9999
9991
9992
9995
9994
9985
9999
10000
9966
9987
9993
9991
9993
9990
9994
9987
9997
9990
9999
10000
9992
9983
9997
9999
9987
9993
9975
10000
9989
9999
9985
10000
9999
10000
10000
9984
9991
10000
9999
9998
9996
9999
9981
9997
9997
9997
10000
9988
9998
9975
9995
9984
9996
9994
9998
9983
9991
10000
9997
9994
9999
9997
9997
9999
10000
9997
9998
10000
9999
9985
9997
9999
10000
10000
10000
9990
9999
9994
9999
9973
9999
9989
9991
9990
9990
9997
9995
9997
9995
9985
9983
9996
10000
9996
9988
9980
9983
9994
9999
9997
10000
9987
10000
9991
9998
9996
9997
9959
9971
9970
9994
9999
9990
10000
9995
9998
9999
9997
9992
9994
9994
10000
9998
9997
9962
9988
9993
10000
9999
9998
9998
9991
9999
10000
9999
9982
9995
9996
10000
10000
9994
10000
10000
9999
9997
10000
10000
10000
10000
10000
10000
9999
