10000
9764
10000
10000
10000
9802
9902
10000
9972
10000
9911
9736
9222
8952
10000
10000
10000
9624
9854
9948
10000
9895
10000
10000
9964
9932
9901
10000
8842
9835
10000
9306
9498
9610
8653
9927
10000
10000
10000
9204
9622
10000
9995
9865
9849
10000
9676
9942
9723
9201
10000
9466
9931
9938
10000
9428
8668
10000
9797
8761
9876
9983
9992
8797
9265
9901
10000
9777
9966
9708
10000
10000
10000
9824
10000
10000
9397
9822
10000
10000
10000
9385
10000
9924
9581
9972
9317
10000
9874
9998
10000
10000
10000
8535
10000
9875
9698
9960
9941
9194
10000
9671
10000
10000
9770
9875
8990
10000
9649
9758
10000
9959
10000
9739
9761
9738
9753
9682
9796
9944
9895
10000
9669
9428
9743
10000
10000
9516
9988
9850
9836
10000
10000
9537
9749
10000
8738
9771
10000
9942
9987
9942
9051
9445
10000
9714
10000
9666
10000
10000
10000
9929
10000
9760
10000
10000
9401
9955
9891
9242
9475
10000
9895
9438
10000
10000
9739
9298
10000
10000
9862
8904
9989
9923
10000
10000
9786
9939
9898
10000
9600
9769
9968
9355
10000
10000
9167
9911
8626
9812
10000
10000
9977
10000
9993
9842
9566
9886
9226
10000
9273
10000
9718
10000
9934
10000
9968
9682
10000
9440
10000
10000
10000
9838
9571
9981
9882
9940
9976
9850
8744
9880
9965
9844
10000
9826
9759
9369
10000
10000
9139
9627
10000
9485
10000
10000
9903
9994
9993
8945
9816
10000
9766
10000
9527
10000
9854
9939
10000
9131
10000
10000
9952
9410
9197
8730
10000
9954
10000
9353
9552
9804
10000
10000
10000
9270
8964
10000
10000
10000
10000
10000
9908
9483
10000
9847
9949
9324
9581
10000
9994
10000
9940
9805
9996
9986
10000
10000
10000
9921
10000
9941
10000
9048
9698
9934
9769
9588
9772
9704
9003
9765
10000
9518
9862
9949
9931
9884
10000
9956
9943
9938
9555
10000
9626
10000
9945
10000
10000
10000
9702
10000
9719
9819
10000
9995
9390
9960
9751
9353
9991
10000
8652
10000
9728
9863
9894
9458
9437
9139
9232
10000
10000
10000
10000
9585
9765
9923
9873
10000
8873
9365
9951
9887
9859
10000
9837
10000
10000
9725
9550
9320
10000
10000
9826
9952
10000
10000
9928
10000
9528
9531
9228
9968
9570
10000
9361
9397
9938
10000
10000
9607
9114
9360
9808
9736
9986
9593
9296
9646
9595
10000
10000
9996
9685
9780
9438
9868
9976
9964
10000
9865
9942
10000
10000
9564
9180
9906
10000
9071
9698
9770
10000
9886
9924
9811
9696
9893
9955
9728
9987
9061
10000
9448
10000
10000
9443
9838
9542
9549
9959
10000
9578
9370
10000
9941
10000
9894
9810
9978
9658
9963
9958
9430
10000
10000
8754
10000
9650
8577
8434
9883
10000
10000
10000
9937
9899
9851
9902
9610
10000
9862
8953
10000
9780
9877
10000
9817
10000
9257
9714
10000
9649
9912
9760
9731
9709
9452
10000
10000
10000
9998
9857
9104
9939
9353
9973
10000
9819
9621
9376
10000
9986
9816
9612
10000
8914
10000
10000
9884
9572
9938
9029
10000
9954
9892
9811
8926
9841
10000
10000
9353
9578
9754
10000
9999
9788
8901
9804
9978
9876
9973
10000
9897
9443
9686
9794
9887
9550
9917
9692
10000
10000
9810
9618
10000
9297
9391
9962
9060
10000
8851
9986
9755
10000
9288
9302
10000
9275
9421
9671
10000
10000
10000
10000
9938
9301
9830
9659
10000
9814
9917
10000
9883
10000
9998
9314
10000
9130
9758
9972
10000
10000
9905
10000
9972
9843
9984
9965
8895
9954
10000
9583
9305
10000
9388
9288
9430
9808
8812
9104
10000
9666
9880
10000
9958
9963
10000
10000
10000
10000
9831
10000
9382
9706
9814
10000
9897
10000
9240
9559
9925
10000
10000
9932
9899
10000
9098
9244
9847
9778
9142
9481
10000
10000
10000
9638
9540
9412
9902
10000
10000
9986
10000
9976
10000
10000
8959
10000
10000
9404
9844
10000
9265
9042
10000
9926
9578
9987
10000
10000
9551
8829
9907
10000
9711
9973
8946
9808
9510
10000
9776
10000
10000
9728
9831
9753
9639
10000
9766
9837
9064
9445
10000
10000
10000
9895
10000
9501
9156
9553
9847
9506
10000
10000
8434
9677
10000
10000
10000
10000
9988
9489
9874
10000
9854
9568
9925
9542
10000
9875
10000
9713
9528
10000
9807
10000
9953
9890
9632
9920
10000
9820
9517
9954
9738
9445
9909
10000
9708
9221
9401
9418
10000
9369
10000
10000
8923
9912
10000
9899
10000
10000
9877
9754
8585
10000
9110
9668
9460
9586
10000
9982
9202
9986
10000
10000
9695
9813
9789
10000
10000
10000
9933
8726
10000
9987
9682
10000
10000
9311
10000
9952
9836
10000
9183
10000
9992
9681
9956
9586
9017
9784
10000
9869
9964
9369
9948
9494
10000
9966
9954
9171
10000
9719
9982
9789
9930
9783
9961
10000
10000
9801
9529
9973
10000
9968
9387
9480
9409
10000
9988
9348
9860
9949
9957
9978
9959
9711
9411
9768
9703
9671
9800
9930
10000
9871
9418
9957
9907
9858
10000
10000
10000
9986
10000
9647
9790
9862
10000
10000
9979
9453
9255
9756
9985
10000
9887
10000
10000
8309
9134
9440
9930
10000
9685
10000
9670
9720
9731
9602
9501
10000
8889
9338
9486
9212
9989
10000
9549
9867
9830
9739
9970
9699
9931
10000
9894
10000
10000
10000
9460
9667
8626
10000
9052
8619
10000
9730
10000
9732
10000
9985
9872
9943
9568
9742
9764
8942
9880
10000
9481
9854
9502
10000
9798
9781
9125
10000
9301
9681
9851
9915
9442
10000
8749
10000
9224
9860
9981
9615
10000
10000
9217
10000
10000
9821
8584
9824
10000
9694
9377
10000
8989
9924
10000
10000
9880
9545
9918
9658
10000
9665
9730
9569
9712
9737
9834
9924
9907
9907
9264
8771
9797
9593
9835
9230
9962
9630
9921
10000
9931
10000
10000
10000
10000
9638
9089
9635
9664
10000
9837
9984
9902
10000
9784
9914
9987
9682
9651
10000
9753
9646
9924
9197
9765
10000
10000
9729
8887
10000
9857
10000
9514
9829
9826
9893
9577
10000
9644
9744
9085
9543
10000
9410
9792
10000
9962
9527
9793
