9939
10000
10000
9381
10000
10000
9078
10000
9789
10000
9078
9931
9736
10000
9220
9596
9885
10000
8906
9906
9156
10000
10000
10000
10000
10000
10000
10000
9772
9840
8832
10000
9599
10000
9919
9248
9638
9803
9838
8865
9959
10000
9665
10000
9740
9953
8840
9950
9467
9357
10000
10000
9980
10000
9846
10000
9575
9953
9937
10000
9347
8604
10000
9958
10000
10000
9886
9441
9892
9965
10000
10000
8925
10000
10000
9889
10000
10000
9920
9968
10000
10000
9502
9699
10000
10000
10000
9748
9533
9127
9108
9628
10000
9698
9672
10000
10000
9922
10000
9982
10000
9849
10000
9010
9780
9437
9984
10000
9954
9803
9663
9390
10000
9965
10000
9979
10000
9965
9815
9956
10000
10000
10000
9946
10000
9664
9928
10000
9660
9907
9941
9991
9891
9587
9519
9657
10000
9547
9956
9693
9881
9691
9689
9998
10000
9954
9432
9958
9722
9931
9882
9358
10000
9993
9987
10000
9941
9914
10000
9976
9904
9970
9379
8953
10000
9449
9562
8977
9386
10000
10000
10000
9933
10000
10000
10000
9178
10000
10000
9508
9382
9164
10000
9669
9954
10000
10000
9929
9795
9971
9952
10000
10000
9992
9843
10000
9491
10000
10000
9053
9977
9739
9975
9980
9621
9662
10000
10000
9718
10000
10000
10000
9704
8939
10000
9439
9895
9532
9591
8949
9540
9320
9920
9194
10000
9610
9514
9228
9718
10000
9889
10000
9426
9433
10000
9624
10000
10000
9783
9423
10000
9959
10000
9452
10000
9992
10000
9981
9758
9559
9827
9786
8203
10000
10000
10000
8983
9939
10000
9512
9865
9771
9982
10000
10000
9573
9668
9837
10000
9726
9935
10000
9930
9979
10000
8477
9971
9675
9851
9889
9513
9976
10000
8967
9602
10000
9743
9439
10000
9864
9783
9982
9561
10000
10000
8848
9972
10000
10000
9953
8556
9832
9708
9074
10000
10000
8783
9098
9917
9684
10000
10000
10000
9969
10000
9919
8907
10000
9893
9998
9873
10000
9288
10000
9807
10000
9667
10000
10000
10000
10000
9920
8944
9985
10000
10000
9685
9866
9958
9490
10000
9876
10000
10000
9497
10000
9228
9981
9569
10000
9926
9915
9590
10000
9890
10000
10000
9752
9664
9793
10000
10000
10000
8915
10000
10000
9928
10000
9962
9704
9764
10000
9953
10000
9944
9989
10000
9314
9749
10000
9984
10000
10000
9745
9629
9597
10000
10000
9506
9887
10000
9977
9956
10000
10000
9965
9977
9904
9031
9884
9208
9353
10000
10000
9953
9941
9870
9988
10000
10000
9669
10000
10000
10000
9839
9507
9115
9940
10000
10000
9805
9911
10000
10000
9933
9743
10000
8798
9215
10000
10000
9401
9928
9880
8203
9556
9061
9814
9775
9170
10000
10000
9954
9841
9240
10000
9872
9510
9534
9967
10000
9932
9413
10000
9030
9985
9862
9960
9291
9921
9689
10000
9207
10000
9444
9436
9452
9858
9981
9967
10000
10000
10000
8768
9963
9136
9792
9003
10000
9809
9159
8996
10000
9990
10000
9263
9272
9856
8768
9349
9333
9544
10000
10000
9752
9494
9855
9951
9978
9819
9964
10000
10000
9892
9687
9977
9697
10000
10000
9631
10000
9795
9834
9972
9888
10000
9732
9786
9897
10000
9556
10000
9609
9778
9892
10000
10000
10000
9850
10000
9710
9701
9979
10000
10000
9004
10000
10000
9982
9674
9472
9721
9874
9999
10000
9488
9970
9946
9913
9855
8628
8954
9264
9968
9931
10000
10000
10000
9846
9615
10000
9852
10000
10000
9902
10000
10000
10000
10000
9568
8965
9756
10000
9916
8680
9942
10000
8836
10000
9921
9366
9819
9653
9717
10000
9828
10000
9955
9499
10000
10000
9902
9930
9479
9989
9660
9811
9537
9984
9986
9765
9211
9752
9798
9572
9644
10000
9989
10000
10000
10000
10000
9962
10000
10000
9184
9138
9943
10000
9316
9989
9945
10000
9702
10000
9743
9896
9970
9962
9506
9961
10000
9917
9744
10000
9809
9279
8926
9778
10000
9524
10000
10000
10000
9872
9783
9941
9235
9081
9765
9744
9773
9515
10000
9675
10000
10000
8349
9447
10000
9996
10000
9775
9221
9734
9950
10000
9780
9833
9988
9986
10000
9434
9269
10000
9993
10000
8928
9489
9584
9983
9217
9076
9892
10000
10000
9995
8900
10000
9973
9782
9948
9883
10000
10000
10000
10000
9332
9819
9505
9922
9979
9885
9877
9456
9862
9169
10000
9997
10000
10000
9597
10000
9965
9718
9771
9974
9990
10000
8837
9977
9966
9488
8502
9580
9364
10000
9877
9195
8674
9401
10000
9782
9920
9903
10000
9688
10000
9376
9837
9991
9893
10000
9886
9662
8302
10000
9255
10000
9971
9370
10000
9540
9865
9311
9704
8597
10000
10000
9885
10000
9265
9942
9986
10000
9509
9964
8916
10000
9734
8821
9825
10000
9970
9944
10000
9920
10000
9787
9988
9838
9734
10000
9733
10000
9636
10000
10000
9978
9868
10000
10000
9991
9809
9825
9990
9235
9990
9375
9959
10000
10000
10000
10000
8672
10000
10000
9019
9784
9889
9985
9885
10000
10000
9510
9950
10000
9893
9918
10000
9969
9962
9972
10000
9595
10000
9788
9094
10000
9760
9969
10000
9454
8889
9706
9911
10000
9911
10000
9715
10000
9540
9213
9505
10000
10000
9962
9496
8779
9997
9719
9460
9740
9986
10000
10000
9489
9529
10000
9856
10000
9092
9977
9644
10000
9875
9718
8663
9999
10000
9984
9617
9856
9690
10000
9988
9171
10000
9210
8850
9960
9636
9867
10000
10000
10000
10000
9652
9999
9902
9360
9546
9984
10000
10000
9959
9619
9835
9963
10000
9747
9915
9958
10000
9352
9731
9498
10000
10000
10000
10000
10000
9914
9900
9554
9490
9991
9943
9992
9579
10000
9874
9970
9864
9985
9850
9944
10000
9944
9842
9778
9908
9036
9937
9341
10000
9066
9237
9080
9551
9676
9945
9525
9917
9977
8949
9780
9740
9053
9630
10000
10000
9809
10000
10000
10000
9957
9297
10000
9671
9783
9815
9917
9894
10000
9939
9989
9822
9920
9856
9926
9865
10000
9462
9468
9990
10000
10000
9938
9925
9905
10000
9306
9884
10000
9884
10000
9939
10000
10000
10000
9995
10000
9965
9335
9592
9817
9891
10000
9993
