10000
9756
10000
10000
9767
10000
9540
9996
9908
9553
9697
10000
9964
8948
9342
9377
9682
9106
9841
9830
9015
9977
10000
10000
9570
10000
9062
9605
10000
10000
9588
9696
9217
9638
9526
9700
9917
10000
9812
9809
9871
9150
9771
10000
9541
9298
9830
9864
10000
9845
10000
9471
9815
9151
10000
9952
9922
10000
9455
10000
10000
10000
8984
9618
9980
10000
10000
9989
9889
9388
9591
10000
9663
9153
9242
9172
9326
9985
9609
9793
9341
10000
10000
9889
9284
9760
9192
10000
10000
9857
10000
9911
9914
9516
9912
10000
9985
10000
9266
9886
9411
9548
9583
10000
8207
9490
8845
9933
9197
9768
9720
9638
9698
10000
8985
9420
9645
9914
9912
9979
9340
9549
9568
9854
10000
8666
10000
8782
10000
10000
10000
10000
9900
9948
9512
9587
9986
10000
8888
9989
10000
9406
9658
9172
10000
9800
9774
9757
9918
9900
9951
10000
10000
9483
10000
9727
9171
10000
9676
10000
9192
9789
9993
9694
9212
8907
9090
9870
10000
10000
9798
9925
9204
9982
9966
9945
8825
10000
9983
9512
10000
9747
9139
10000
9370
10000
9980
9986
9951
9265
10000
9998
10000
9583
9434
9995
9933
10000
9675
9611
10000
9653
10000
10000
8657
10000
9631
10000
9713
9571
10000
10000
10000
10000
9930
8858
9808
10000
10000
10000
9597
9919
10000
9633
10000
9909
10000
10000
9625
10000
10000
9624
8738
10000
10000
9583
9931
10000
10000
9490
10000
10000
10000
9896
9803
10000
10000
9549
10000
9556
9947
9821
9730
9103
9955
8596
9884
8960
9810
9887
9452
10000
9506
10000
9668
9958
9857
9724
9581
9804
10000
9018
9747
9938
10000
9783
8792
10000
9254
9485
9340
10000
10000
10000
9697
9942
10000
10000
9971
9435
9397
9344
9988
8765
9956
10000
9942
10000
10000
8924
9005
10000
10000
9959
9990
9435
9430
9571
10000
9584
9886
9830
10000
9731
9884
9768
9487
9659
9550
9830
10000
10000
8944
10000
9749
9491
9926
9754
9753
9565
10000
9591
9593
9986
10000
9686
9924
10000
9988
9785
9921
9803
9931
9912
9513
9919
10000
10000
9754
9989
9841
10000
9180
10000
9452
9988
10000
10000
9705
9887
9309
9813
9623
9699
10000
9986
9063
9887
10000
10000
9913
9588
9820
10000
9958
9961
10000
9891
9905
9974
8330
9996
9787
10000
10000
9954
9480
9979
9920
9660
10000
10000
10000
10000
9960
10000
9668
10000
10000
9890
10000
9525
9790
9602
8861
8075
9808
9714
9490
9734
9774
10000
9733
9831
9585
9744
9965
9956
9853
9974
10000
10000
9488
9965
9985
9935
9988
10000
10000
9947
9730
9813
10000
9914
9676
10000
10000
10000
9980
9699
9719
9359
9959
9548
10000
9999
10000
9970
9693
9559
8761
10000
9951
9985
9803
10000
9261
9434
9792
9442
9698
10000
10000
10000
10000
9738
9961
10000
9944
9924
10000
10000
9976
9342
9833
10000
10000
9774
9253
9939
10000
9585
10000
9337
9360
10000
9989
10000
9084
9932
10000
9937
10000
10000
8709
9871
10000
9262
9975
9902
9942
9067
10000
9674
9374
9184
9511
9987
9148
9690
9888
9519
9986
9953
10000
10000
9541
9327
9929
10000
10000
10000
9981
9971
9773
9988
9807
9262
9329
9680
10000
10000
9903
8937
10000
10000
9999
9558
9904
10000
9049
9877
9863
9965
9870
8516
9686
9888
9670
10000
9175
8710
10000
9449
9862
9883
10000
9646
9849
9978
9713
10000
9110
9644
9747
9417
9164
10000
10000
10000
9968
9227
10000
9377
9789
10000
9782
9994
9746
9921
9042
9975
9927
9488
10000
10000
9571
9267
9944
9938
9615
10000
9880
9916
9155
10000
9952
9878
9627
9828
10000
9906
10000
10000
8834
9773
9987
9554
10000
10000
9557
10000
9921
9763
10000
9399
9963
10000
9818
9249
9308
9763
9164
9557
9688
9295
10000
10000
9662
10000
9905
10000
9954
9984
9531
9976
9956
10000
10000
10000
9867
9912
9342
9808
9212
10000
10000
9964
10000
9156
9981
9859
9995
9732
9778
9651
9986
9962
10000
10000
9450
9080
9229
9954
9000
10000
9963
10000
8815
9518
10000
10000
10000
9352
10000
9132
9784
9841
9981
10000
9886
9438
9631
9702
10000
10000
10000
9069
8477
10000
9414
9485
9911
10000
9971
10000
9641
10000
10000
9928
9417
9417
9986
10000
8412
10000
10000
10000
9640
9742
10000
9830
10000
10000
9909
10000
9880
9839
9469
9865
10000
9967
10000
9984
10000
10000
9982
9918
9997
9871
9392
9912
9627
9361
9029
10000
10000
9032
9676
9349
9984
9976
9803
9309
9754
9782
9420
9309
10000
9818
9423
9321
9947
10000
9179
9956
9187
9570
9568
10000
10000
9435
10000
9656
9909
10000
9972
9910
10000
9504
9516
9724
10000
9467
8889
9769
9782
9741
10000
9977
8698
9634
9836
10000
10000
10000
10000
9517
10000
9588
9833
9858
9572
8499
9520
9517
9724
9994
9407
9726
10000
9475
10000
9777
9546
10000
10000
9294
10000
9456
9239
10000
9265
8716
9966
9892
9778
9941
9735
10000
10000
9405
10000
9972
9766
10000
9281
9128
10000
9640
10000
9944
10000
9750
10000
9826
9990
10000
10000
10000
9342
9954
9991
10000
9118
9883
9939
10000
9982
9643
9470
9764
9280
10000
9552
10000
9954
9236
9695
9825
10000
9484
10000
9943
9682
9848
9542
10000
9907
10000
9915
9898
9308
9728
9599
9783
9253
9290
9954
10000
9908
9914
9700
9750
9640
9975
9702
9946
8707
10000
10000
10000
9744
9685
9719
9509
10000
9159
10000
10000
9898
9642
9436
10000
9329
9801
9987
9902
9840
9764
9282
10000
10000
9908
10000
10000
9928
10000
10000
9966
10000
9950
10000
9951
9689
10000
9895
9764
9931
9596
9898
9817
10000
8855
9325
10000
9416
10000
10000
10000
10000
9577
9861
9972
9409
10000
10000
9706
9655
9673
9261
10000
9587
10000
9864
9796
9304
10000
9334
9837
9562
9968
9825
10000
10000
9125
9869
9948
10000
8979
9886
9989
9912
10000
9671
10000
9912
9990
9732
9941
9882
9996
10000
9796
9977
9348
10000
9641
9191
9625
10000
9546
8664
10000
10000
9506
9958
9691
9958
10000
