10000
10000
10000
10000
10000
9925
9997
10000
9999
10000
9999
9987
9998
10000
10000
9994
9999
10000
10000
9972
9992
10000
9996
10000
9998
9991
9983
10000
10000
9999
10000
10000
10000
10000
10000
10000
9989
10000
9998
9995
10000
10000
9987
9999
9980
9996
9999
10000
9989
9993
10000
10000
10000
10000
10000
9994
10000
10000
10000
10000
10000
10000
9985
9992
9998
9995
9981
10000
9992
10000
9996
9999
10000
10000
10000
10000
9998
9980
9998
9997
9994
9998
10000
10000
9979
9997
9997
10000
9993
9993
9982
9999
10000
10000
9995
9998
10000
9997
10000
9999
10000
10000
10000
9994
10000
9987
10000
10000
9987
9973
10000
9990
9997
10000
9995
9993
9988
10000
10000
9997
9981
10000
9978
9996
9974
10000
9992
9983
10000
9996
9978
10000
10000
9999
9997
10000
10000
9997
10000
10000
10000
9995
10000
10000
10000
9998
9999
9998
9999
10000
9997
9990
9997
9987
9998
9999
10000
9978
9998
10000
9988
9983
9990
9999
10000
10000
9999
10000
9997
9999
9995
10000
9995
9997
10000
9991
9998
10000
10000
10000
9999
9995
9995
9987
9998
9991
9998
9996
10000
9988
10000
9990
10000
10000
9999
10000
9995
9993
9999
9999
9995
10000
10000
9985
10000
9999
9993
9994
9999
10000
10000
9998
9993
9998
9995
10000
9997
9991
9999
9996
10000
9993
9997
9986
10000
10000
9999
9986
10000
9982
9973
9995
10000
10000
10000
10000
10000
9999
9998
9999
9988
10000
10000
10000
9997
10000
9999
9992
9992
9999
9967
9997
9999
9996
9998
10000
10000
9994
10000
9996
10000
10000
9984
10000
10000
9988
9977
9969
9997
10000
10000
9989
9999
10000
9998
10000
9989
9999
9999
10000
10000
9999
9972
10000
9998
9992
9989
9994
9999
9972
9998
9983
9996
9998
9994
9995
10000
9976
10000
10000
9998
10000
9999
10000
10000
9999
9993
9993
9973
10000
10000
9995
9998
9989
10000
9997
9996
9998
9998
10000
9995
10000
9992
10000
9997
9996
9995
10000
10000
9987
10000
9989
9994
9999
10000
10000
9996
9999
10000
9991
9998
9999
9999
9993
10000
9995
10000
9999
10000
9990
10000
10000
9995
10000
9999
9999
10000
9987
9995
9978
10000
9999
9991
9989
9999
10000
9987
9994
9995
9991
9979
10000
9997
10000
9999
9988
9999
10000
10000
9993
9997
9983
9999
9981
9995
10000
9986
9995
9999
10000
10000
9995
10000
9998
10000
10000
9999
10000
10000
9993
9988
9986
10000
9993
10000
9991
10000
9999
9986
9997
9993
10000
10000
10000
9986
10000
9998
9989
10000
9990
9997
10000
10000
9996
10000
10000
10000
10000
9999
10000
10000
9974
10000
10000
10000
9997
9999
10000
9973
10000
10000
9984
10000
10000
9975
9998
9992
9987
9999
9997
10000
9995
9983
10000
10000
9973
10000
10000
10000
9995
9985
10000
9999
10000
10000
10000
9990
9997
9998
10000
10000
10000
10000
10000
10000
10000
10000
10000
10000
9997
10000
10000
9999
10000
10000
9995
10000
9998
10000
9998
9990
10000
10000
9997
9997
9996
10000
10000
9994
10000
10000
10000
9991
9994
10000
9997
10000
10000
10000
9997
9999
10000
9984
10000
10000
9999
9999
10000
9999
10000
10000
10000
10000
10000
9997
9997
10000
9999
10000
10000
9997
9999
10000
9999
9991
10000
9999
10000
9998
9999
10000
9996
10000
10000
9986
10000
9993
10000
9999
9980
10000
9994
10000
10000
9993
10000
9993
10000
10000
10000
10000
10000
10000
10000
9988
10000
10000
9989
10000
9986
9999
10000
9994
9989
9999
9998
9981
10000
9981
9992
9995
9997
9999
10000
9999
9994
10000
9999
10000
10000
9988
9998
10000
9999
9999
9997
9996
10000
10000
9996
10000
10000
10000
9987
10000
9999
9999
10000
9984
9997
9984
9979
9999
9992
9992
9993
10000
10000
10000
9989
10000
9999
9998
9984
9998
9999
9999
10000
9998
9998
9995
9993
10000
9997
10000
9990
10000
9988
9994
9997
10000
10000
10000
9982
9976
10000
9996
9998
10000
9997
10000
10000
9992
9996
9999
9995
10000
10000
10000
9975
9986
10000
9983
9988
9994
10000
10000
10000
9976
10000
9997
10000
10000
10000
9997
9996
9996
9977
9996
9997
9988
9999
9999
10000
9999
9993
9965
9995
10000
9991
9998
9987
9997
9999
10000
9997
10000
10000
9983
9999
9997
9996
10000
10000
10000
10000
10000
10000
10000
9990
9978
10000
9996
10000
9998
9993
9993
10000
9995
10000
10000
9980
9998
10000
10000
10000
10000
9990
9999
10000
10000
9964
9998
9997
10000
9998
9999
9993
9995
9992
9997
9995
10000
9982
9993
10000
9999
9988
9981
9998
10000
10000
9988
9985
10000
9997
9999
9989
9996
9984
10000
10000
9998
10000
10000
9997
9989
9996
9998
9980
10000
9999
10000
9995
10000
10000
9998
10000
9996
10000
9987
9997
9976
10000
10000
10000
9979
10000
9992
9999
9981
9997
9990
9986
9999
9998
9998
10000
9997
9996
10000
9996
9999
9979
9992
9994
10000
9998
9991
10000
9998
9991
10000
9996
9996
9999
9999
9999
10000
9999
9999
9999
9999
10000
9996
10000
10000
10000
9999
10000
9990
9985
10000
10000
10000
9992
9988
9993
9998
9990
9987
9987
10000
9992
9999
9998
10000
10000
10000
9999
9994
9988
9973
10000
9996
9975
10000
9988
9992
9993
9986
10000
10000
9979
10000
9999
10000
9995
10000
9992
9994
10000
9982
9991
9990
10000
9986
9994
10000
10000
10000
9990
9997
9999
9998
9993
9995
10000
9997
9999
10000
9996
10000
10000
9999
10000
9994
10000
9999
9984
9994
10000
9997
9997
10000
9999
10000
9997
10000
9989
9999
9988
9999
9998
9999
9997
9984
9999
10000
9997
9997
10000
10000
9985
10000
10000
10000
9997
9991
9999
9999
9999
9994
9999
9998
9993
9998
9989
9996
9998
9972
9993
10000
9999
9997
9998
9998
9988
9992
9988
10000
10000
10000
10000
9988
9996
9990
10000
9996
10000
9998
10000
10000
9982
9999
9994
10000
10000
9981
10000
9991
10000
10000
10000
9969
9993
9999
10000
9999
10000
9975
9994
9998
9983
9979
10000
9996
9995
9993
10000
9999
9999
10000
10000
9987
9968
10000
9993
10000
10000
