9613
9210
9991
10000
9944
10000
9910
9892
9635
10000
9714
9303
10000
9909
9880
10000
9574
9418
9509
9616
9840
8627
9280
9947
10000
9627
10000
9698
9347
10000
10000
10000
9948
9127
9144
9967
9621
10000
9805
9634
10000
9853
9707
9095
9811
9864
9869
9980
10000
10000
10000
9271
10000
9797
9988
10000
10000
10000
9915
10000
9740
9986
10000
10000
9373
10000
10000
9854
9938
9985
9991
10000
9787
9499
9980
10000
10000
10000
9773
10000
9884
10000
9234
8796
10000
8926
9605
9935
9257
10000
9870
9636
10000
9680
10000
9569
10000
10000
9894
9564
9682
10000
9825
9310
9883
9968
9981
10000
9800
9494
9666
9944
10000
9958
9818
9965
10000
10000
8716
10000
9353
9582
9803
9713
9892
9860
9878
8787
9947
9923
9448
9402
10000
9940
9915
10000
10000
10000
9967
9900
9151
10000
9943
9961
9865
10000
10000
10000
9859
9558
10000
9662
10000
9507
10000
9744
9882
8971
9759
9539
10000
9649
9990
9900
9985
9643
9927
9883
10000
9794
9744
8896
9718
9919
9661
9806
9077
9300
9975
9928
10000
10000
9596
10000
9827
9965
9053
9647
9484
10000
10000
9803
9544
9655
9925
9900
10000
10000
9489
9973
9732
9960
10000
10000
9888
10000
9988
10000
10000
10000
10000
9435
9586
9805
10000
9915
9991
9968
9818
9353
10000
9753
10000
10000
9997
9948
10000
9742
9457
9483
9997
10000
9517
10000
10000
9982
9203
10000
9985
9532
8860
10000
10000
9821
9948
9092
10000
9933
9381
9890
8858
10000
9906
9867
10000
10000
9766
10000
10000
10000
9942
9947
8711
9423
10000
9776
9742
9889
9460
9858
10000
10000
9392
9612
9285
9940
9987
9991
9990
9511
10000
9375
10000
9816
9752
10000
10000
9880
9930
10000
9950
10000
10000
9643
9168
10000
9679
9736
9492
10000
10000
9484
9994
10000
9808
9821
9225
9983
9982
9966
10000
9867
10000
9885
10000
9271
9130
9704
10000
10000
10000
10000
9351
10000
10000
10000
10000
9531
10000
10000
9231
9619
10000
9648
9967
9610
10000
9110
9954
10000
9935
10000
8913
10000
9969
9136
10000
9805
9984
10000
9533
9987
9976
9905
10000
10000
8173
9785
9534
10000
9707
9459
9330
9971
9046
8793
9066
10000
10000
9889
10000
10000
9168
9366
9785
9994
10000
9920
10000
9748
9847
10000
9719
10000
9930
9986
10000
9762
9386
10000
9861
9985
10000
9217
9922
8910
10000
8742
10000
10000
9722
9948
9250
9211
10000
9687
10000
9136
9092
10000
10000
9474
9644
9968
8971
10000
9949
9964
9991
9624
9846
9718
9643
9627
10000
10000
9902
9280
9934
9798
9307
9222
9758
9653
10000
9861
10000
10000
10000
9926
10000
9034
9630
9983
10000
10000
9641
8998
8634
10000
10000
9819
9829
10000
9943
10000
10000
9997
9086
10000
10000
9859
9848
9790
9909
9960
10000
10000
10000
9922
9583
9932
9737
10000
10000
9950
9687
9945
9233
9719
9606
10000
9865
10000
9040
10000
10000
10000
9869
9383
9131
10000
9870
9852
9993
9587
9767
9815
10000
10000
10000
9650
10000
9283
9995
10000
10000
10000
9989
10000
9333
10000
8137
10000
9191
9839
10000
10000
9951
9844
10000
10000
9306
10000
9999
9954
8891
9747
10000
9642
10000
9800
9880
9933
10000
9984
9772
10000
9865
9954
9980
10000
9964
9777
9837
9915
9915
10000
9904
9289
9958
10000
10000
10000
10000
9349
9990
9439
10000
10000
8853
10000
9989
9770
9967
9703
9772
10000
9716
9691
10000
10000
9567
8827
9567
9968
9930
9800
9844
10000
9704
10000
9887
10000
9730
9402
10000
10000
8931
9524
10000
9865
9518
9805
9579
10000
9990
9579
9671
9957
9935
9907
8847
10000
10000
9628
9210
9626
9860
9876
9856
10000
9526
9976
10000
9707
10000
10000
9963
10000
9242
9585
8754
10000
9980
9447
10000
9077
9945
8704
10000
8198
9994
9395
9975
9790
9755
10000
9803
10000
10000
10000
9315
9735
9678
9889
10000
9897
10000
9211
9752
10000
9820
9981
9932
10000
10000
9709
10000
10000
9977
10000
10000
9988
10000
10000
9938
9733
9714
10000
10000
9810
9844
10000
8895
9618
10000
10000
9790
9313
9577
10000
9284
9489
9812
8753
9131
10000
10000
9313
9632
9980
9182
10000
9580
10000
9994
9931
9999
10000
9795
9850
9441
9997
9186
9410
9315
9832
10000
10000
9124
9876
9993
9980
10000
10000
9342
9661
9781
9920
9853
9189
9791
9945
10000
9892
9799
9612
9535
9684
9979
9911
9968
9929
9994
9924
10000
9900
9515
10000
9843
10000
8919
9464
10000
9605
9526
10000
8346
9072
9981
9351
10000
10000
9869
9397
9285
8878
9667
10000
10000
10000
9898
9592
9822
9093
9198
9265
8595
9237
10000
9290
9902
9899
9745
9895
9693
9045
8719
9634
10000
9925
10000
10000
9985
10000
9766
9959
9975
10000
9747
10000
10000
9446
9953
10000
8309
9954
10000
10000
9586
8985
10000
10000
9721
10000
10000
9556
9697
10000
9984
9342
9545
9860
9728
10000
10000
9991
9919
9988
10000
9081
9984
9362
9632
9306
9986
9739
9963
9712
9521
9981
9570
10000
9865
10000
9928
9827
9173
9987
9419
9680
10000
9439
10000
9731
9790
10000
10000
9645
10000
9751
8890
9052
10000
10000
10000
9975
10000
10000
9706
10000
10000
9674
8752
9953
9826
9718
10000
9916
10000
8922
9740
9909
10000
10000
9502
10000
9947
9221
9977
10000
10000
9377
9960
9175
10000
10000
9528
9025
10000
10000
10000
9982
9764
9793
10000
9974
9682
8893
10000
9973
10000
9752
10000
9913
9988
9478
9891
9040
9963
10000
9530
9827
10000
10000
9500
9875
9337
9608
9509
10000
10000
9902
9822
9930
10000
9929
9912
9905
9451
9705
8989
9313
10000
9982
9975
9765
9343
9976
10000
9959
10000
9706
10000
9504
9318
9695
9950
9970
9846
10000
9743
10000
10000
9680
9700
9315
9972
9767
9825
10000
8858
9464
9757
10000
9662
9112
9966
9702
9729
9853
10000
9796
9691
10000
10000
9996
9010
9848
9445
9996
10000
9181
9792
9973
9515
9909
9487
9926
9941
9455
10000
10000
9971
9939
10000
9791
10000
10000
