9501
9669
9853
10000
9998
10000
10000
9746
9259
8326
10000
10000
9247
10000
9822
9976
9905
9728
9949
9077
9888
9967
9951
10000
10000
9672
9596
9938
10000
9781
9965
9884
9900
9848
10000
9968
10000
9863
9259
9932
9061
9568
9998
10000
9295
9942
9835
9543
10000
8997
9969
10000
9483
9324
10000
9998
9678
9468
10000
10000
9448
9472
9849
9867
9758
9884
10000
10000
9604
9854
9861
10000
9891
9678
9372
9692
10000
8993
10000
9933
9932
10000
8740
9739
9815
9884
10000
10000
10000
9969
9743
9615
9806
9714
9963
9966
9939
9627
8810
9249
9964
10000
9594
9681
9668
9938
10000
9169
9620
8945
10000
9798
9764
10000
10000
9742
9056
8799
9175
8584
9196
9274
9963
9910
9941
9950
9921
10000
9176
10000
9960
8379
9993
10000
8874
10000
10000
9795
9905
10000
10000
9224
9820
9743
9825
9320
9487
10000
10000
9695
9903
10000
10000
9627
9692
9823
9982
9534
9003
9990
9775
9974
9957
9744
10000
10000
9962
10000
9430
10000
9442
9820
9897
9744
9902
9788
10000
9937
9836
10000
9259
10000
10000
9343
9728
10000
10000
9652
10000
10000
10000
8921
9650
9681
10000
9976
9685
9701
9937
10000
9579
10000
9915
9446
10000
10000
10000
9961
8786
9985
9478
9761
9603
9620
9974
9863
9967
9919
9774
9960
9866
9788
9845
10000
8626
10000
9286
8864
10000
8598
9957
9845
10000
9477
9772
9680
10000
9572
9954
9879
10000
9805
9951
10000
10000
9973
9992
9815
10000
9371
9557
9072
10000
9626
9793
9971
9851
10000
9982
9254
9535
9983
9998
10000
9570
10000
8827
9968
9147
9879
9948
9976
10000
9911
9846
9572
9979
9877
9818
9399
9862
9907
9838
9494
10000
9954
10000
9518
9303
9685
9483
8496
9113
9880
9955
9984
10000
9053
10000
10000
8534
10000
9948
10000
10000
9671
9770
10000
10000
9505
9738
9136
9918
9917
10000
9858
10000
10000
9723
9958
10000
9940
10000
9557
10000
10000
9034
10000
10000
9860
9941
8908
10000
9503
9939
10000
9867
10000
10000
9480
9564
8849
10000
9769
9979
9873
9542
9719
9885
9923
9871
10000
9985
9029
9989
10000
10000
9265
9188
9772
9845
8808
9410
9795
10000
9552
9160
9912
9695
9807
9739
9714
9975
10000
9718
9857
10000
9559
9823
9963
9011
9983
10000
9815
10000
9469
9381
10000
10000
9383
9975
9328
10000
9779
9960
9805
10000
9984
10000
10000
10000
9962
9868
10000
9974
10000
9360
9906
10000
8896
9695
9953
10000
9583
10000
9927
9947
9723
10000
10000
9229
10000
9908
8894
9974
9725
9684
9625
9822
9750
9066
10000
10000
9512
10000
9146
10000
9861
10000
9900
10000
9821
10000
9988
9735
9425
9962
9617
9573
9861
10000
9992
10000
9791
9600
9772
10000
10000
10000
9889
9760
10000
10000
9973
9814
10000
10000
9977
9613
10000
9953
9662
9669
9721
10000
10000
10000
9811
9883
10000
9745
10000
9911
10000
10000
10000
10000
9781
10000
9793
9441
9865
9988
9608
9948
10000
9811
9976
9980
10000
9002
9699
9895
9365
9515
9702
10000
9948
8995
10000
9987
9555
9319
9843
10000
9146
10000
9912
10000
9983
10000
9995
10000
10000
9153
9394
10000
10000
10000
9963
9949
10000
9718
10000
10000
9819
9997
10000
9348
9808
10000
9028
8852
9851
9958
10000
10000
9831
9904
9243
9415
10000
9879
9859
9912
9977
9426
9482
10000
10000
9978
9840
10000
8919
9752
9788
9865
9735
9631
10000
9718
9725
9385
9991
9929
10000
9917
9556
9333
9955
10000
9706
9132
10000
9906
9914
8810
9751
9045
8995
9846
10000
9605
9789
9446
9962
10000
9996
9375
9973
10000
10000
8450
9973
9578
9924
9970
9364
9246
9642
10000
9830
9938
9266
9886
9544
10000
8947
8720
9537
8970
9607
10000
9519
10000
10000
9678
10000
10000
8792
10000
9185
9984
9946
9894
10000
9474
9906
10000
9899
10000
10000
9391
9926
9762
10000
9334
10000
10000
10000
9976
10000
9303
9723
9838
10000
9474
10000
9807
10000
9957
10000
9742
9801
9273
10000
9980
9946
10000
10000
9974
9749
10000
10000
9419
9108
9887
10000
9790
8422
9827
9967
9867
10000
9739
10000
9737
9983
10000
9825
9444
9075
9638
9959
10000
9934
9761
10000
10000
9906
10000
10000
9960
9812
10000
9904
9433
9682
10000
10000
9860
9436
9978
9982
10000
9966
9013
8815
10000
9987
10000
9982
10000
10000
9867
10000
10000
9589
9085
10000
9828
9889
10000
9992
9914
10000
9992
9862
10000
10000
10000
9620
10000
10000
9809
10000
9641
10000
10000
9861
9664
9427
10000
9940
9875
10000
10000
9426
9683
9986
9980
9288
9955
9953
10000
8761
10000
9475
9944
9834
9086
9971
9101
9071
10000
10000
8740
9184
9951
9826
9353
9946
9991
10000
9991
10000
9750
10000
9958
9923
9985
10000
10000
10000
9613
9987
9152
9787
9905
9832
9966
10000
10000
9948
9254
9840
9978
10000
9657
10000
9968
9834
9930
9956
9823
10000
9864
9590
9563
9927
9862
9734
9721
9061
9914
9805
8929
9114
9366
9730
9820
9576
10000
9374
10000
8748
9858
9697
10000
10000
10000
10000
9052
9447
9904
9918
9228
9932
8907
9880
9838
10000
9950
10000
9452
9996
9906
10000
10000
9798
10000
10000
9971
9758
9872
10000
9993
9407
10000
10000
9938
10000
9863
10000
10000
9506
10000
9894
9356
8618
8747
8979
9977
9958
9998
9889
9574
9613
9695
9759
9569
9307
9508
9616
8872
9732
10000
10000
9001
9784
9438
10000
9774
10000
10000
9240
9278
9936
9965
9730
9640
10000
10000
9914
8946
9725
9738
9977
10000
9975
9327
9636
10000
9741
9505
9976
10000
10000
9624
10000
9987
9879
9863
8770
9983
9889
10000
9619
9814
9980
10000
10000
10000
9174
10000
9742
8078
9607
9153
9980
10000
10000
10000
10000
10000
10000
10000
9975
9626
10000
10000
8936
10000
9894
9535
9770
9398
9993
10000
10000
9787
10000
9945
10000
9974
9977
9798
10000
9279
10000
9956
9959
9566
9496
9861
9965
9824
9989
10000
10000
9794
9894
10000
9531
8938
10000
9944
10000
9961
9929
