9628
10000
9983
9925
9483
9871
9988
9980
9941
9730
9634
9597
9003
9428
9796
9773
10000
9561
9137
9892
9983
10000
9888
10000
10000
9029
10000
9921
9793
10000
10000
9263
9671
10000
10000
9898
9991
9791
10000
9683
9916
10000
10000
10000
10000
9778
10000
9935
10000
9655
9421
10000
9842
9365
9898
8824
10000
9954
9910
9915
9981
10000
10000
9709
9692
10000
10000
10000
10000
8932
9448
9989
8835
10000
10000
8705
9243
10000
9926
9868
9992
10000
10000
10000
9362
10000
9990
9549
9590
9631
9943
9981
9723
10000
9888
9244
9408
9907
9815
9196
9827
10000
9877
9970
9925
9959
9992
9882
9639
10000
9938
9901
9978
9961
8782
10000
8854
9852
9359
10000
10000
9421
9910
9746
9268
10000
9921
9926
9920
9429
9618
9967
9953
10000
9783
10000
9082
9865
9120
10000
9975
9851
9814
10000
10000
9534
9556
9309
10000
8908
10000
9713
10000
9889
9831
9667
10000
10000
9904
9396
9441
8924
9855
10000
10000
8991
9820
9664
9948
9916
9662
9425
9807
9161
9877
10000
9799
10000
9990
9944
10000
8783
9883
9249
10000
9461
9654
9276
9079
9962
10000
10000
9387
9664
10000
10000
9957
9841
9986
10000
10000
10000
9963
9742
8770
8981
10000
9904
9479
9888
10000
10000
9915
9872
9442
9897
9078
9376
10000
9231
9020
9986
9782
9893
8847
9166
9662
10000
9432
9596
9646
10000
9106
10000
10000
9779
10000
10000
8803
8887
9116
10000
9392
9422
9714
9927
9443
8761
10000
10000
10000
9968
9682
10000
9709
10000
9905
10000
9879
9803
10000
9457
9689
10000
10000
8695
10000
9522
9233
9888
9893
10000
10000
10000
9921
9326
9916
9967
9860
9224
10000
9749
10000
9963
9753
10000
9402
10000
9988
10000
9349
9934
9226
9661
10000
10000
10000
9902
9949
9565
9973
9930
9751
10000
9190
10000
10000
9987
10000
9097
9989
10000
9152
9733
10000
8561
10000
9910
9682
9891
8834
10000
10000
10000
9881
9973
9591
10000
9416
9834
9626
9985
10000
9553
10000
10000
9742
9980
9630
9599
9858
9406
9848
8886
9962
9622
10000
9925
10000
9120
9813
9931
9894
9789
10000
9926
9791
10000
9249
10000
10000
9384
9762
9743
9534
9426
9970
9570
8507
9125
9822
10000
9808
10000
9963
9730
9992
9939
10000
10000
9638
9534
9970
9555
8995
9305
9975
9806
9893
9634
10000
9994
9991
9973
10000
9526
10000
10000
10000
9945
9989
9953
9579
10000
9782
9609
9723
10000
10000
10000
9966
10000
8426
9836
10000
9952
10000
9627
9335
9828
9122
9874
10000
8819
9732
10000
10000
9928
9982
9040
10000
10000
9970
10000
9679
10000
9007
9589
9823
10000
10000
9963
10000
10000
9790
9945
8894
9971
9992
10000
9735
9984
9986
9775
9816
10000
9905
9532
8637
9845
9929
9734
9593
9719
9769
10000
9901
9870
9174
9748
10000
9871
9959
9045
10000
10000
9847
9976
10000
8854
9947
9983
10000
10000
10000
9830
10000
9939
9898
10000
9929
9077
10000
9240
9807
9852
9455
10000
9892
9964
10000
10000
10000
9988
9899
9777
9080
9452
9453
9577
9877
10000
9263
9981
9974
9941
9946
9869
10000
9273
10000
9818
9932
9203
10000
10000
9816
9971
10000
9732
10000
8609
9429
9946
9832
9529
9966
9979
10000
9959
8973
10000
10000
10000
10000
9467
10000
9135
10000
10000
10000
10000
10000
9538
9843
9659
9388
9985
9836
9532
9884
9608
9956
9697
9815
9992
9800
8569
9139
9980
10000
10000
9800
10000
9421
10000
9996
9978
10000
9950
10000
9885
9926
8807
10000
10000
9918
10000
8426
8820
9462
10000
10000
9820
9087
9238
8136
10000
10000
9371
10000
10000
9773
10000
10000
10000
9896
10000
9141
10000
9938
9471
10000
9514
9960
9993
9977
9615
9593
9956
10000
9934
10000
10000
10000
9149
10000
9851
9843
9872
9553
9323
10000
9320
9243
9229
10000
8941
9855
9851
9117
9737
9848
9926
9965
10000
10000
9924
10000
10000
10000
9741
10000
10000
8873
10000
10000
9718
9092
9847
9811
9968
9497
9508
9983
9715
10000
8823
9994
9952
9048
10000
9869
9636
9546
10000
10000
9962
9800
9967
10000
10000
9604
10000
10000
10000
10000
9954
9996
9807
9431
9701
10000
10000
10000
10000
10000
9906
9957
8936
10000
9835
10000
9196
9648
9983
9710
9433
9122
10000
10000
9589
10000
10000
9877
8976
10000
9626
10000
9970
10000
9005
9609
8949
10000
9848
10000
10000
9239
8964
9557
9693
10000
8689
9308
9008
9978
9765
9889
9826
9915
9756
9867
10000
9994
9929
8899
9942
10000
9807
9932
9845
9986
10000
10000
9884
10000
9738
9685
9098
9496
8303
9778
9961
10000
10000
9965
9924
10000
9699
9619
9860
9190
10000
10000
9646
9831
9922
9124
9966
10000
9117
10000
9295
9357
9616
10000
9714
10000
9392
9581
9947
9739
9198
9836
9987
9418
9914
10000
10000
10000
9324
9460
9874
9916
9761
10000
10000
9961
9721
9967
9984
10000
9948
10000
9785
9783
9780
9866
10000
9284
9907
9819
9253
9658
9957
9705
10000
9485
9181
9836
9313
10000
10000
9708
10000
10000
10000
10000
9314
9926
9211
9019
9730
9879
9956
9873
10000
10000
9072
9832
9212
8865
9542
10000
10000
9433
10000
9472
10000
10000
9587
10000
10000
9908
9871
10000
9844
9738
10000
9974
10000
9156
9690
9113
9946
10000
9987
9886
9962
9373
9625
10000
9822
9087
10000
9241
9724
9899
10000
9815
9906
9541
9550
9275
9899
9985
8876
9836
9113
9973
10000
8733
9854
9613
9924
10000
9836
10000
9920
10000
8870
9368
10000
10000
9978
9554
10000
9531
10000
9789
10000
9767
8685
10000
9716
9070
9963
10000
9959
9405
9508
10000
9869
9843
8980
9544
9618
9684
9751
10000
10000
9839
10000
9632
10000
9427
9953
10000
9868
9608
9960
9990
9991
9734
9565
10000
10000
9812
9896
10000
9679
10000
9989
9987
10000
9706
10000
9603
9358
9964
10000
9405
9588
8929
9911
9613
9706
10000
10000
10000
9835
9979
9391
9992
8990
10000
9251
9927
9803
9994
9779
10000
9616
9791
9797
9781
9959
9885
9981
