10000
10000
10000
9568
9829
8661
9739
9723
9943
9970
9094
10000
9933
10000
9002
10000
9976
9820
9713
9334
10000
9804
10000
9443
8774
9424
10000
10000
10000
9580
9519
10000
10000
9938
9944
9798
9820
8783
10000
9937
10000
10000
9572
9894
9272
9988
9984
10000
10000
10000
10000
9503
10000
9615
9653
9820
10000
10000
10000
10000
9660
10000
10000
9532
9739
9019
9732
9579
9828
10000
9963
9862
10000
9962
9550
10000
10000
10000
9072
10000
10000
9844
9823
9459
10000
10000
10000
9674
9528
9877
9283
9949
10000
9815
9508
10000
9632
9854
9664
10000
10000
10000
8802
9998
9680
10000
10000
9962
10000
9585
9336
10000
9233
10000
9945
9774
9784
10000
9443
9930
9939
10000
9508
9760
10000
8917
10000
10000
9069
9598
9245
10000
9918
10000
10000
9907
10000
10000
9975
10000
9876
9480
9349
9612
10000
9881
9488
9781
9845
10000
10000
9531
9999
10000
10000
9724
9879
10000
8917
9946
9614
10000
9083
10000
10000
9888
9429
9971
10000
10000
9360
10000
9310
10000
10000
9806
10000
9861
8928
9830
9985
9701
10000
8872
9516
9970
9704
10000
10000
9773
9705
9812
10000
10000
9358
9664
10000
10000
9953
9573
9556
9862
10000
10000
10000
9557
10000
10000
9159
10000
9409
10000
8882
9978
10000
10000
10000
9389
8859
10000
9710
9687
10000
9630
9762
9980
9866
9912
9462
9433
9846
8879
8730
10000
9906
10000
9903
10000
9531
9350
8932
9902
9893
10000
10000
9213
9834
9833
10000
8604
9799
9921
9465
9752
9866
10000
9962
9020
10000
9553
10000
10000
10000
9014
9418
10000
9883
9955
9733
9955
9378
10000
10000
10000
9187
9750
9509
9397
9829
9903
9966
9171
9235
9938
9295
9733
9845
9389
9549
9977
9975
10000
9809
10000
10000
9590
10000
9865
10000
9760
9889
8641
9556
10000
9497
10000
10000
9274
9759
9560
10000
9350
9592
9764
10000
9886
9650
10000
10000
9671
9561
9906
10000
10000
9984
9542
9992
9439
9682
10000
9896
8675
9815
9982
9920
9275
9421
9913
10000
9656
9897
9817
9675
8547
9253
9200
9954
9726
10000
9682
9031
9832
10000
10000
9803
10000
9835
9968
9844
10000
10000
9787
10000
9936
10000
9975
9052
10000
10000
9629
9399
9592
9831
10000
9991
10000
10000
9953
9278
9967
9860
10000
9884
9208
9783
9747
10000
10000
9940
9969
9519
9858
9541
9867
9609
9444
10000
9745
10000
10000
9954
8888
9407
9055
9515
9381
9939
9973
9830
9942
10000
10000
9917
9533
8867
9882
9894
10000
9359
9508
9341
10000
10000
9620
9555
10000
8764
9922
9751
9475
10000
9953
9981
10000
9845
9990
9345
9513
9706
10000
9478
9987
9817
9899
9382
9895
9973
9620
9880
9151
9632
10000
9926
9534
9945
10000
9867
10000
10000
10000
9801
9636
10000
9334
9823
9549
9975
10000
10000
9350
10000
10000
10000
9800
10000
9363
9971
9920
9933
9549
9860
9872
10000
9353
9293
9791
9246
10000
9668
10000
9603
9735
9788
10000
9424
10000
9782
10000
9983
9558
9537
9853
9725
9432
10000
10000
9727
9943
9465
10000
9990
10000
9955
9659
10000
10000
10000
9725
10000
9364
10000
9358
10000
10000
9749
10000
9880
10000
9862
10000
10000
9379
10000
8905
10000
10000
9257
9524
9889
9987
10000
10000
9828
9266
9034
9996
9740
10000
9564
10000
9024
10000
10000
9135
9292
8632
9926
9386
8906
10000
8972
10000
8912
9530
9895
9389
9696
10000
9806
9265
9969
10000
9655
9473
9885
9047
9222
9702
9217
10000
10000
9639
10000
9976
9928
10000
10000
9931
8916
9925
10000
8915
10000
10000
9916
9597
9409
10000
9543
9448
8674
8530
10000
10000
10000
10000
9033
9725
10000
9096
9846
10000
8984
9550
9619
10000
10000
10000
9391
10000
9433
9974
8767
9233
10000
10000
10000
10000
9897
10000
9729
9408
9368
9930
9974
9067
9361
8820
9745
9687
10000
9968
9357
10000
10000
9637
9848
9192
9975
9979
9928
10000
10000
9981
9961
10000
9669
10000
10000
10000
10000
9955
8766
10000
9470
10000
9553
9645
10000
9572
10000
10000
9976
10000
9563
9738
9692
9958
9983
8825
9155
9721
10000
10000
9965
9748
10000
9779
10000
9503
10000
9792
10000
9866
9714
8575
10000
9793
10000
9750
9672
9270
9593
9918
10000
9998
9299
9224
10000
10000
10000
9969
9857
9630
9564
9989
10000
9786
9827
10000
10000
9904
10000
9719
9685
9656
9673
9333
10000
10000
10000
9549
9758
8977
8840
9343
10000
10000
10000
9385
10000
9987
10000
10000
9966
9866
9753
10000
9643
9296
10000
10000
10000
10000
10000
9980
9577
9679
9883
9762
9970
10000
9629
9943
10000
9261
9775
9987
9004
9560
9646
9845
8953
9831
9713
9311
9663
10000
9932
9516
10000
10000
9677
10000
9981
9757
8985
9083
9894
9987
9976
9306
9543
9573
8979
9289
9944
10000
10000
9803
8793
10000
9130
10000
9522
9590
9644
9768
9346
10000
10000
9619
10000
9007
10000
10000
9959
9855
9969
9732
10000
9808
9596
10000
9814
9857
10000
9622
9967
9767
10000
9404
10000
9966
9322
10000
9875
9526
10000
10000
9216
10000
10000
9878
9280
9819
10000
10000
9225
10000
9766
9911
9632
9327
9804
10000
10000
9909
10000
10000
9902
10000
9789
9433
9930
9322
10000
9698
10000
10000
9437
9811
10000
10000
9151
10000
10000
9812
10000
8845
9926
9843
10000
8904
10000
9839
9920
9783
9855
9348
10000
9626
9826
9650
9816
9967
9935
9724
10000
9586
8998
10000
9499
10000
10000
9347
9936
9969
10000
9612
8757
9024
9564
9984
9686
9999
10000
10000
9379
9295
10000
10000
10000
9906
9481
10000
9985
10000
9467
9677
9803
10000
9681
9683
9948
10000
9407
10000
9304
10000
9474
9910
10000
9892
10000
9978
9445
10000
10000
10000
10000
10000
9263
9907
9863
9887
9405
9053
9718
10000
9519
9850
10000
9887
9704
9843
10000
9489
10000
9788
9688
9974
9708
9521
10000
9211
10000
9828
8906
9763
9284
10000
9596
9839
9967
9880
9357
10000
10000
10000
9909
9729
9961
10000
10000
9915
10000
8938
10000
10000
