9996
9999
9996
9998
10000
10000
9996
10000
9998
10000
10000
10000
10000
10000
9996
10000
10000
9997
10000
10000
10000
10000
10000
10000
10000
10000
10000
10000
10000
9995
9998
9998
9989
10000
9996
9997
9998
9998
9998
9998
10000
9998
9991
9999
9999
9999
9994
9995
10000
10000
9998
10000
9990
9999
9993
9999
9997
9998
10000
9999
10000
10000
9994
10000
10000
9995
9995
9999
10000
9997
10000
10000
9993
9998
9991
9997
10000
9995
10000
9979
9996
10000
9998
10000
9999
10000
10000
10000
9986
9985
9996
9999
10000
10000
9999
10000
10000
9994
9998
9989
9998
9999
9999
10000
10000
9999
10000
9996
9995
10000
9999
9999
9999
10000
9996
9995
9992
9999
9997
10000
9985
9995
9997
9988
9997
9999
10000
10000
10000
9988
10000
9989
9994
9986
10000
9989
9993
9979
9999
9990
9999
9997
10000
10000
9998
9994
9999
9998
9999
10000
10000
10000
9999
9992
9997
9992
10000
9999
9998
10000
9975
9998
9996
10000
10000
9996
9997
9993
9975
10000
9983
10000
10000
9995
9997
9981
9998
10000
10000
9995
10000
9996
9999
9987
9999
10000
9999
10000
9997
10000
9997
9998
9988
9999
9995
10000
9999
10000
10000
9995
10000
10000
9999
10000
10000
9992
9999
9999
10000
10000
9997
9988
9994
9997
10000
10000
9996
9988
9992
9994
9999
9999
10000
9999
9987
9997
10000
9999
10000
9997
9999
9989
9980
9990
9995
9983
9997
9999
10000
10000
10000
9996
9989
9999
9999
9991
9981
9996
9992
9991
9999
9990
10000
9998
9999
9997
10000
10000
9998
9997
9998
9994
9987
10000
10000
10000
9999
9998
9999
9990
10000
9993
9989
10000
9990
9987
9998
9999
10000
10000
9995
9990
9992
9989
9999
9991
9999
9992
9984
9999
9991
9998
10000
9996
9998
9999
10000
9998
10000
10000
9998
10000
9985
9991
9995
10000
10000
9999
9999
9997
10000
9976
9992
10000
9999
10000
9997
9997
10000
9999
9999
9991
9995
10000
9998
9997
9999
9992
10000
9997
10000
9989
10000
9998
10000
9985
9999
9998
10000
10000
10000
9998
9991
9991
9999
9993
10000
9993
9996
9996
9994
9998
9995
10000
9996
9999
10000
9988
9999
9997
9999
9999
9994
9990
10000
9995
10000
9992
9994
9998
9996
9992
10000
9986
9984
9998
9991
9982
9999
9999
9998
10000
9995
9998
9999
9994
10000
9995
9990
9999
10000
10000
9999
10000
9999
9998
9992
9991
10000
10000
9994
9999
9990
9988
9999
10000
10000
9998
10000
9997
10000
9998
10000
9992
9996
9991
9999
9990
9998
10000
10000
9998
9987
9998
10000
9997
10000
9997
9998
9988
9988
9987
9996
10000
9998
9990
9999
10000
10000
10000
9991
9998
9998
9993
9992
10000
9997
10000
10000
9999
9990
9996
10000
10000
10000
9997
10000
10000
10000
10000
9998
10000
9996
9992
9997
10000
10000
9998
10000
10000
10000
9999
9998
10000
10000
10000
9998
9997
9998
10000
10000
10000
9996
9991
9997
10000
10000
9997
9995
9994
9990
9996
10000
10000
9988
10000
10000
10000
9999
10000
9998
9983
10000
9999
10000
9999
10000
10000
9998
9989
9999
10000
9999
10000
10000
9991
9995
10000
9995
9999
9995
10000
9999
10000
9997
10000
9998
10000
10000
9998
9998
10000
9996
9995
9999
9998
9999
9996
9994
9992
10000
9994
9991
9997
9997
9998
10000
10000
9999
10000
9996
9999
10000
10000
10000
9978
10000
9989
9997
9991
9999
10000
9996
10000
9996
9988
10000
10000
10000
10000
9999
9999
10000
9999
10000
9999
9999
9989
10000
10000
10000
9999
9998
10000
9996
9998
9998
10000
9999
9994
9996
9996
9997
9984
9989
10000
9997
9977
10000
9995
9994
10000
9994
9995
9984
9992
9995
10000
9999
9998
10000
9996
9997
10000
9996
9990
10000
9997
10000
10000
9999
9998
10000
9986
9995
9999
10000
10000
9999
9999
10000
10000
9998
10000
9989
10000
9991
9997
9996
10000
9983
9999
9998
9994
9999
10000
9997
9996
10000
9999
10000
9993
9998
10000
10000
9999
9989
9988
9992
10000
9991
10000
9993
9991
10000
9999
9999
9997
10000
10000
9998
9996
9999
9994
9999
10000
9998
10000
9999
9999
9996
10000
9999
10000
9999
10000
9998
10000
10000
9996
9999
9989
9985
10000
9995
9998
9993
9995
9990
10000
9999
9998
10000
10000
9998
9995
9999
9983
9994
10000
9999
9999
9997
9995
10000
10000
9968
10000
9996
9991
9994
9999
9996
9999
10000
10000
10000
9991
9994
9997
10000
10000
10000
9997
9999
9996
10000
10000
10000
9999
9996
9999
10000
9997
10000
10000
9994
9995
10000
10000
9999
10000
10000
10000
9998
9996
10000
9984
9995
9999
9984
10000
10000
9999
10000
9999
10000
10000
9992
9994
10000
9999
9999
10000
9994
9999
10000
9991
10000
9997
9998
9989
10000
10000
10000
10000
10000
10000
9994
9999
9998
10000
9997
10000
9998
10000
10000
10000
9999
9988
10000
10000
10000
9994
9999
10000
9999
9994
9985
10000
9998
10000
10000
10000
10000
9997
9984
10000
9993
10000
9993
9992
10000
10000
9989
9994
10000
9984
10000
10000
9997
9997
9999
9999
9999
9995
9992
9984
10000
9993
9998
10000
10000
10000
10000
10000
10000
10000
10000
10000
10000
10000
9997
9999
9982
9999
9989
9999
10000
10000
10000
9999
9997
9998
9998
9998
10000
9999
10000
10000
10000
9998
10000
9999
10000
9995
10000
10000
9997
10000
10000
10000
9996
10000
9995
9996
9990
9998
10000
9998
10000
9999
10000
9993
9999
9998
10000
10000
10000
9998
9998
10000
10000
10000
10000
9989
9999
10000
9996
9996
10000
9999
10000
9996
9999
9991
9997
9999
9997
10000
9996
9996
9996
9990
9998
9993
10000
10000
10000
10000
9999
10000
9999
9999
10000
10000
9998
9982
10000
10000
9984
9981
10000
9999
9999
9999
9996
9999
10000
9995
9994
9989
10000
9997
9994
9998
10000
9999
9999
10000
9984
9994
9997
10000
9995
9988
9996
10000
9997
9986
9999
9998
10000
10000
9996
9995
9996
9999
9992
9997
10000
10000
10000
9977
10000
10000
9996
10000
10000
9998
9999
9991
9979
10000
10000
10000
10000
10000
9998
9999
