9217
10000
9939
10000
9965
10000
9962
9664
9471
9850
9925
10000
10000
10000
10000
10000
10000
9690
9593
9989
9963
9941
9409
9669
10000
10000
9867
8822
10000
9847
9981
9957
9974
9247
9941
9836
9645
8974
10000
10000
9800
9605
10000
9967
9157
10000
10000
9844
10000
10000
10000
9923
9975
9821
9442
10000
9393
9541
9899
9826
10000
9365
9873
9942
9920
9572
9759
10000
9349
9214
10000
10000
9983
9713
9605
9698
9606
9696
9424
10000
9752
9579
9968
9948
9838
8452
9298
9630
9417
9842
9819
9713
10000
9875
9890
9981
9800
10000
9994
10000
10000
9984
8871
9437
9043
10000
8466
9715
9689
9463
10000
9904
8975
9612
9702
9991
9855
9688
9877
10000
9894
10000
10000
10000
10000
9932
9723
10000
9907
9618
10000
9515
9672
10000
9636
9728
9627
10000
10000
10000
10000
9701
9744
9549
9870
9919
9861
9338
9623
9814
9839
9664
9893
10000
9595
9956
10000
9622
10000
10000
10000
10000
9908
9976
9973
10000
9823
9845
9567
9532
9952
10000
9624
9985
9948
9304
9694
9549
9753
8763
9983
9576
9644
9451
9241
9713
9837
9805
10000
10000
9872
9985
10000
10000
10000
9854
9983
9339
9967
9442
9998
9894
9682
9884
9551
8753
8949
9741
8933
9419
9854
9954
10000
9883
10000
9311
9381
10000
10000
9814
10000
9751
10000
9887
10000
10000
9577
9911
9778
10000
9836
9951
10000
9394
9808
9837
10000
9904
9283
9915
10000
9692
10000
10000
9668
9496
9638
9639
9988
10000
9837
9813
10000
9998
9125
10000
9512
10000
10000
9615
10000
9985
8962
9863
9977
8187
9950
9726
9973
9189
9837
9938
9898
9462
9840
9583
9980
10000
10000
9948
9319
10000
10000
9418
10000
9443
9510
9641
8671
10000
9444
9688
9712
9922
9818
9420
10000
9992
10000
9558
10000
9568
10000
8884
10000
10000
9884
9948
10000
10000
10000
10000
8928
9957
10000
9778
9994
10000
10000
9398
10000
10000
10000
9974
9848
10000
9990
10000
10000
9367
9259
9997
9929
9883
9945
9630
9495
9834
9837
10000
9153
9832
9789
9992
10000
10000
9796
10000
9943
9954
10000
9927
10000
9540
10000
9573
9873
9569
9879
10000
9738
9558
9836
9889
10000
9965
10000
9214
9115
10000
9897
9685
9838
10000
9967
9944
8897
10000
10000
10000
9672
9654
9601
9951
10000
9557
9524
10000
10000
9944
9926
9431
9737
10000
9204
9753
9910
9571
9599
9975
8927
10000
9640
9367
9547
9778
9957
9982
8941
10000
9368
9607
9913
9793
9050
10000
9453
8922
9911
9308
8179
9831
10000
9620
9311
9892
10000
10000
10000
10000
10000
9901
9979
9648
10000
9992
10000
9874
9955
8350
10000
10000
9455
9930
10000
9645
8854
10000
9118
9725
9977
10000
8989
9948
9353
9638
9882
10000
9148
9840
9390
9900
10000
9953
9896
9585
9444
9733
9738
10000
9223
10000
8924
9759
10000
9682
10000
9905
8839
10000
10000
9905
8752
10000
9993
9633
10000
10000
9964
9383
9504
10000
9697
10000
9972
9843
9994
10000
9847
9642
9934
9984
9886
9987
9731
10000
9866
9913
8398
9856
10000
9483
10000
10000
9491
9393
9626
10000
9664
9693
9778
10000
9865
9907
9836
9627
10000
10000
10000
9839
9169
9936
9925
9407
9258
9486
10000
10000
9980
9099
9837
10000
10000
9547
8859
10000
9667
9797
10000
9864
9998
9967
10000
9194
9835
9945
10000
8384
9934
10000
10000
9095
9236
9904
9823
9528
9962
9740
10000
9734
10000
10000
9652
10000
10000
10000
9872
10000
10000
10000
10000
9372
10000
10000
9377
9514
9970
9810
9811
10000
10000
10000
9008
9284
9634
9423
10000
9892
10000
9999
9598
9876
10000
9818
10000
9090
8860
10000
9968
9907
10000
10000
9714
10000
9911
9979
8742
9939
9394
9343
9837
9867
9709
9757
9919
9935
8450
8618
9185
9857
10000
10000
10000
9501
9768
10000
9507
10000
10000
9923
9657
9415
9898
9878
9921
10000
9962
10000
9924
10000
9800
10000
10000
9930
10000
10000
10000
9987
10000
9768
10000
9829
10000
9528
9941
9777
9946
10000
9905
9999
10000
10000
10000
9846
9767
9903
9540
10000
9224
9578
9857
8682
8994
9450
10000
9822
10000
9924
9937
10000
9920
10000
9710
10000
9958
10000
9974
9971
9640
9923
9509
9382
10000
9914
9912
10000
9753
8964
10000
9655
8967
9620
10000
10000
10000
9929
9931
9470
10000
10000
10000
9976
10000
9742
8723
9119
9929
9819
10000
9370
10000
9399
10000
9984
9917
9931
10000
9533
8531
9755
9620
10000
9796
9549
10000
9885
9961
10000
10000
9878
9309
10000
9691
9926
9928
9373
9993
10000
9935
9854
9967
9933
9825
9936
10000
10000
10000
9631
9981
9994
9148
9957
9938
10000
9370
9326
10000
9822
9672
9977
10000
9171
9992
8818
9888
9073
10000
9696
9886
9393
9791
9651
10000
10000
9846
9695
8763
9986
9647
10000
9536
9979
9154
9977
10000
9750
10000
10000
10000
8816
9066
9966
10000
9854
9635
9908
9868
9774
10000
10000
10000
10000
10000
9417
10000
10000
9809
9422
8903
9878
9928
8720
10000
9822
9956
10000
9818
9704
9958
10000
9128
10000
10000
9245
9999
9423
9612
9210
9813
10000
9915
9589
9873
10000
10000
10000
9741
10000
9984
9529
9859
9937
9518
9473
9995
10000
9092
9987
9618
10000
9302
9994
9801
10000
9824
9407
10000
10000
10000
8581
10000
8917
10000
9419
8389
9798
9057
9207
9604
10000
9606
9300
10000
10000
10000
10000
10000
10000
9231
9996
9309
9851
9910
9943
9990
10000
9442
9973
9751
9981
9995
9706
9934
10000
10000
9093
9900
10000
9797
10000
9710
9429
10000
8646
9131
10000
9984
9426
10000
9728
9887
9983
9737
9955
9627
10000
9967
9737
9985
9769
9711
10000
9703
9695
9749
9505
9955
9901
9760
9832
8748
9961
9854
9618
9185
9983
9447
10000
9462
9498
9992
9375
10000
9628
9613
10000
9955
10000
9597
9935
10000
10000
10000
9801
9879
9800
9882
10000
9743
10000
8575
9357
10000
10000
10000
9629
8903
10000
9921
10000
10000
9902
10000
9997
9968
9925
10000
9914
9922
9992
