9940
10000
9982
9738
10000
9521
10000
9978
10000
10000
10000
9950
10000
9462
9565
10000
9511
9932
9973
10000
10000
9487
9152
9749
10000
9771
10000
9664
9970
9951
10000
9847
9213
10000
9648
8895
9992
9462
9292
10000
10000
9947
10000
9835
9778
10000
10000
9882
10000
9113
9970
9828
10000
9565
10000
10000
9428
10000
9995
10000
10000
10000
9989
9938
9786
9939
9987
9849
9935
9978
10000
9607
8994
9541
10000
9946
10000
8861
9885
9853
9909
9924
9994
10000
9800
9958
9964
9692
9689
9709
10000
10000
8766
9977
9724
10000
9688
9781
9109
9980
9542
9640
9932
10000
9563
9576
9631
9957
9456
10000
9111
10000
9787
9788
8889
9183
9985
9237
9254
9977
9898
9222
10000
10000
9966
10000
9899
8751
10000
9737
9843
10000
9368
8966
10000
10000
9605
9990
9152
9454
9875
9968
9764
10000
10000
9008
9977
10000
9978
9102
10000
8569
9054
9544
10000
10000
9577
9237
9982
9745
9976
9911
9999
9584
10000
9492
10000
9749
9626
9931
9984
9028
10000
9956
10000
10000
10000
9523
10000
9939
9993
10000
9927
9089
9230
9639
9969
8964
10000
9889
9954
9548
9537
9884
9867
10000
9251
9913
9127
10000
10000
10000
10000
10000
10000
10000
9455
9985
10000
9895
9617
10000
10000
9698
9649
9492
10000
9986
10000
10000
9260
9715
8808
9974
10000
10000
10000
9746
9798
10000
9799
9609
9890
10000
9629
10000
9793
8994
10000
9997
9188
10000
10000
9878
10000
9580
9806
10000
8883
9532
10000
10000
10000
9564
10000
9933
9778
9334
10000
9872
9366
9407
10000
9719
9952
9906
10000
9285
9720
9961
10000
9973
10000
10000
9573
10000
10000
10000
9975
9924
9971
9515
9556
10000
9812
9490
9907
10000
9995
10000
9562
10000
9989
10000
9931
10000
9937
10000
9971
9990
9453
10000
10000
10000
9315
9996
9985
10000
9877
9921
9554
10000
9951
9985
10000
10000
9669
9805
9015
9628
10000
9788
9185
10000
10000
10000
10000
10000
10000
9994
9550
9746
8496
9840
10000
10000
9830
10000
9672
9441
10000
9780
9911
9469
9642
9933
8932
9987
9864
9638
8981
9440
10000
9972
9361
9851
10000
10000
8951
9574
9890
10000
9940
9624
9999
9445
9592
9805
9603
9283
9807
9310
10000
9812
9794
9455
10000
9550
9281
9539
9028
9686
9794
9105
10000
9993
9824
9889
9966
9736
10000
10000
9586
10000
9597
8883
9918
9710
9508
9945
9944
10000
9892
10000
10000
10000
9955
10000
10000
9526
9948
9213
10000
9916
9539
9835
9343
9990
10000
9061
9686
9968
9458
9001
9822
10000
9910
9407
9986
9844
10000
9968
9363
9724
10000
10000
9902
9903
10000
9356
9957
9939
10000
9781
10000
9994
9321
9596
9418
10000
9497
9864
10000
9940
9768
10000
9562
10000
9746
10000
9654
9879
9977
9852
9369
9805
9023
10000
9842
10000
9910
9933
9940
9986
10000
9957
9988
9824
9966
9980
9583
10000
9729
9569
9592
9969
9938
9841
9883
8813
9008
9197
10000
9707
9452
9589
10000
8817
9022
10000
9398
10000
10000
10000
9906
9819
8669
10000
10000
9737
9864
10000
9931
10000
9864
9993
10000
10000
9595
9328
9501
9814
9832
10000
10000
10000
10000
9863
10000
9259
10000
9863
10000
9973
9946
9286
10000
9995
9877
9191
9919
9971
9390
9219
9464
9599
8853
9993
9812
9711
9948
8997
9898
9838
9690
10000
9547
9876
9788
9978
10000
9891
9951
9722
9836
10000
10000
10000
10000
10000
10000
9781
9979
9996
9011
9565
10000
10000
10000
9736
8714
9161
9226
9740
9978
9551
9669
10000
10000
9954
9633
10000
9662
9861
9489
9866
9961
9848
9938
10000
9978
9933
9923
10000
9278
9852
9919
10000
9977
9999
10000
9908
9840
9504
9980
9946
9951
10000
10000
9992
10000
9919
9351
9726
9749
9323
9934
9882
9600
10000
9931
9668
9671
10000
9494
9588
9970
9991
9275
9704
9629
10000
10000
10000
9910
9664
10000
8764
9554
10000
9889
10000
10000
9655
10000
9903
9987
10000
10000
9702
10000
9852
10000
10000
10000
8749
10000
9944
8248
10000
9955
9761
9993
10000
8931
10000
10000
10000
10000
9201
10000
9848
9973
10000
9967
9046
9288
10000
9438
9992
10000
9464
8971
10000
9892
10000
8998
10000
10000
9884
9928
9588
8733
9891
9772
9615
9188
10000
9432
10000
9923
9147
10000
9990
9584
9671
9544
9932
9943
10000
9245
10000
8933
9969
9980
10000
9718
9989
10000
9788
9593
10000
9990
10000
9643
10000
9115
10000
9957
9626
9457
10000
9539
9161
10000
9077
9183
9856
10000
9921
9181
9556
9975
10000
9931
9998
9335
10000
9863
9212
9960
8176
10000
10000
9694
10000
9490
9870
9973
9603
9865
8477
8889
9977
10000
9889
9945
10000
10000
9002
9894
10000
10000
9673
9973
9967
9998
9957
9598
9919
9942
9523
9909
10000
9306
10000
9772
10000
10000
9977
9878
9866
9762
10000
9886
9929
9965
9920
9882
10000
8645
10000
10000
9844
10000
9963
9822
9269
10000
9800
9909
10000
9946
9566
10000
8942
9977
10000
9536
9387
10000
10000
9540
9478
9657
9535
10000
9933
9995
8644
9904
9984
9861
8880
9873
10000
9304
10000
9314
9513
10000
8665
9811
9738
9894
9150
9785
10000
9874
9823
9989
10000
9500
8890
9680
9938
9891
9994
9949
9758
10000
10000
9586
10000
10000
8556
9445
9955
10000
9917
9518
8974
10000
10000
8659
10000
9979
9182
8905
9782
10000
9842
9389
10000
9713
9732
10000
9939
8847
10000
9392
9415
9661
9428
10000
9950
9645
10000
10000
10000
9444
9742
9915
9523
10000
10000
9496
9423
9383
8966
10000
10000
10000
9566
9739
9146
9871
9758
10000
9648
10000
9824
9632
9726
9927
9818
9694
9770
10000
9360
9493
10000
8929
9268
9850
10000
10000
10000
9983
9444
9927
9973
10000
9351
9282
9514
10000
9725
10000
10000
9643
9817
9907
9906
9952
9624
9611
9987
8641
8549
9891
10000
9612
9977
9944
9735
9202
9720
9865
10000
9988
9499
10000
9967
9754
10000
9948
9951
9988
10000
9742
10000
9902
10000
9673
9743
10000
10000
9401
9483
