9989
9990
9983
10000
9997
9975
9993
9995
9999
9997
9995
9997
9999
9991
9994
9993
9989
9986
10000
9998
10000
9999
9995
9991
9990
9988
10000
9993
9999
9987
9995
9999
9994
9996
9996
9989
9997
9980
9994
9988
9999
9984
9991
9993
9985
9998
9984
9989
9981
9996
9992
9990
9994
9992
9993
9996
10000
9979
9987
9999
9995
9991
9996
10000
9994
9966
9994
9995
9963
9989
9996
10000
9998
9990
9996
9994
10000
9999
9984
9999
9982
9978
9981
9983
9995
9985
9999
9998
9997
10000
9997
9984
9996
9984
10000
9987
9991
9984
9991
9981
9992
9996
9993
9979
9999
9988
9991
10000
9981
9987
9989
9994
9991
9994
10000
9986
9978
9973
9996
9997
10000
9994
9994
9993
9999
10000
9979
10000
9999
9982
9989
9985
9990
9997
9980
9977
9999
9989
9999
9991
9988
9999
9997
9993
9989
9999
9995
9987
9995
9999
9998
9987
9999
9963
9998
9990
9994
9997
9994
10000
9992
9994
10000
9985
9993
9992
9987
9996
10000
10000
9986
9984
9989
9990
9998
10000
9992
9992
9984
9996
9978
9985
9988
9992
9995
9998
9993
9994
9971
9999
9983
9994
10000
9986
10000
9989
9995
9992
9986
9987
9992
9996
9987
9993
9991
9991
9982
9977
10000
9992
9988
9997
9979
9998
10000
9989
10000
10000
10000
9988
9998
9983
9989
9996
9999
9991
9996
10000
9995
9990
9992
9977
9991
10000
9993
10000
9993
10000
9992
10000
9997
9992
9990
9993
9999
10000
9988
9999
9993
9994
9989
9994
9990
9994
9996
9976
10000
9998
9995
9987
9972
10000
9990
9999
9986
9993
9998
9990
9999
9985
10000
9985
9995
10000
9995
10000
9991
9995
10000
9965
9998
9975
9988
9967
9978
9999
9996
10000
9982
9996
9992
9993
9999
9995
9983
9989
9992
9988
9997
9992
9989
9992
10000
9990
9999
9989
9993
9990
9972
9996
9976
9965
9986
9981
9991
9996
9984
9983
9992
9999
9993
9970
9975
9993
9997
9999
9999
10000
9996
9986
9989
9998
9992
9998
9984
10000
9998
9999
9988
9991
9999
10000
9988
9955
10000
10000
9999
9993
9998
9999
9988
9989
9999
9996
9989
9990
9994
9999
9983
9991
9993
9994
9985
9959
9974
9994
9983
9994
9996
9998
9987
9974
9993
9999
9994
9999
9983
9993
9995
9987
9997
9996
9992
9999
9992
10000
9987
9972
9986
9988
9998
9991
9996
9998
9995
9991
9987
9993
10000
9994
9991
9993
9994
9995
9989
9996
9989
9992
9985
9996
9984
9994
9997
9985
9992
9993
9991
9987
9998
9988
9998
9999
9982
9998
9990
9983
9996
9984
9988
9983
10000
9991
9992
9994
9983
9972
9984
9998
9994
10000
9999
9991
9997
9993
9992
9993
9997
10000
9983
9991
9969
9999
9996
9988
9999
9999
9979
9998
9996
9999
9997
9993
9980
10000
10000
9995
9980
9978
9999
9999
10000
9980
9984
9999
9989
9986
9999
9988
9993
9979
9999
9999
9986
9988
9999
10000
9995
9988
9988
9999
9984
9971
9989
9990
9997
9961
10000
9996
9999
10000
9999
9997
10000
9996
9995
9985
9985
9995
9988
9993
9994
10000
9986
9989
9997
9991
9986
9974
10000
9998
10000
10000
9990
10000
9973
9991
9999
9992
9989
9995
9997
9980
9979
9997
9983
9985
9981
9993
9987
9985
9999
9982
9976
9995
9992
9991
9988
10000
9997
9997
9985
9981
9995
9990
9997
9996
9995
9983
9983
9998
9992
9997
9993
9995
9999
9995
9994
9996
9967
10000
9998
9986
9989
9975
9978
9991
9988
9975
9992
9998
9989
9998
9999
9988
9999
10000
10000
9990
10000
10000
9992
9984
9994
9988
9995
9990
10000
9984
9997
9986
10000
9993
9996
9990
9973
9971
9996
9998
9982
9998
9984
9992
10000
9990
9976
9998
9995
9981
9992
9994
9978
9994
9991
9992
9994
9991
9994
9986
9995
9975
9997
9995
9995
9983
9999
9998
9992
9994
9995
9999
9985
9973
9999
9991
10000
9999
10000
9972
9968
9991
9978
9996
9981
9996
9998
9989
9995
10000
9989
9993
10000
9997
9996
9983
9997
9996
9998
10000
9962
9988
9999
9996
9984
9984
9987
9965
9995
10000
9996
9997
9988
9997
9987
9989
9999
9998
9995
9988
9996
9996
9999
9977
9992
9983
9986
9998
9983
9981
10000
9982
9999
9990
10000
9994
9998
9994
9983
9981
10000
9991
9974
9988
9982
9992
9985
9995
10000
9983
9999
9990
9980
9996
9994
9999
9982
9986
9996
9997
9988
9990
9985
9998
9987
9989
9994
9992
9999
9988
10000
9981
9994
9996
9995
9999
9998
9987
9991
9987
9988
9992
9999
9999
9996
9993
9993
9994
9994
9984
9986
9987
10000
9990
9989
9992
9979
9998
9970
9991
9999
9997
10000
9986
9982
9991
9997
9999
9990
9999
9995
9952
9992
9995
9980
9975
9990
9993
10000
9990
9972
9995
9991
10000
9992
9993
9988
10000
9984
9995
9998
9991
9999
9978
9991
9996
9987
9982
9999
9999
9987
10000
9997
9976
9999
9994
9947
10000
9992
9996
9998
9998
9996
9986
10000
9998
9991
9989
9975
9988
9983
9993
9996
9984
9998
9998
9998
9992
9982
9995
9985
9998
9995
9984
9992
9997
9991
9995
9993
9995
9997
10000
9991
9997
9983
10000
9974
9999
9999
9996
9963
9986
9989
9997
9993
9990
9999
9991
9992
9986
9999
9999
9991
10000
9987
9997
9997
9997
9978
9996
9999
9994
9999
9999
9991
9995
9997
9996
9977
9999
9999
9996
9996
9986
9986
9993
9994
10000
9995
9995
9997
9984
9997
9994
9996
9977
9996
9986
9984
9995
9992
9997
9983
10000
9999
9990
10000
10000
9974
9996
9973
9994
9995
9987
10000
9986
9998
9976
9973
9991
9995
9984
9993
9995
9981
9996
9978
9993
9971
9992
9983
9966
9991
9996
9994
9997
9989
9997
9999
9995
9995
10000
9992
9994
9988
9991
9971
9991
9988
9993
9993
9994
9982
9989
9998
9994
9995
9996
9998
10000
10000
9998
9998
9992
9993
9993
9997
10000
9993
9995
9976
9981
9999
9974
9992
9985
9991
9953
9998
9991
9988
9990
9998
10000
9999
9991
9993
9977
9996
9991
9999
9970
