9991
9990
10000
9999
10000
9996
9994
9991
9993
9995
10000
9994
9989
9998
9995
9987
9998
9997
9993
9977
9995
9989
9997
9990
9991
9997
9993
9985
9996
9999
9998
9993
9991
9998
9999
9989
9989
9996
9997
9978
9996
9983
9974
9999
9982
9983
10000
9979
9997
10000
9997
9972
9997
9987
9987
9978
9995
9993
10000
9988
10000
9992
9997
9994
9995
9987
9990
9995
9996
9995
9996
9998
9997
9998
9996
9985
9973
9998
9996
9993
9988
9988
9999
9971
10000
9998
9997
9990
9996
10000
9989
9993
9964
9978
10000
9994
9992
9971
10000
9996
9993
9990
9980
9998
9973
10000
9994
9985
9997
9997
9973
9990
9997
9989
9991
9985
9994
9968
9998
9995
9999
10000
9999
9987
9992
9996
9995
9998
9994
9993
9989
9994
9998
10000
9998
9987
9997
9997
9984
9991
9980
9996
9996
9999
9997
9988
9992
9976
9998
9986
10000
9983
10000
10000
10000
9996
9989
9998
9989
9998
9985
9999
10000
9997
9990
9990
10000
9999
9992
9997
9983
9998
9988
9994
9988
9996
10000
9994
9998
9998
9976
9997
10000
9990
9993
9993
9997
9982
9983
9991
9992
9989
9980
10000
9996
10000
9999
9985
9994
9978
9994
9991
9988
9985
9994
9980
9983
9996
9993
9992
9990
9994
9998
9996
9990
9970
9991
9997
9991
9992
9960
9990
9989
9991
9996
9993
9973
9976
10000
9989
9990
9995
9991
9994
9979
9999
9998
9997
9998
9989
9988
9989
9995
9993
9990
9986
9985
9999
9986
9992
9978
9987
10000
9985
9998
9988
10000
9997
9995
9983
9994
9998
9985
9995
9986
9985
9964
10000
9992
9999
10000
9991
9999
9986
9985
10000
9993
9988
10000
9986
10000
9995
9987
10000
9976
9995
9979
9968
9998
9996
9999
9992
9995
9982
9991
9987
9991
9988
10000
9980
10000
9999
9976
9996
9997
9988
9995
9998
9997
9969
9992
9994
9995
9988
9992
10000
9987
10000
9989
10000
9970
10000
9987
9999
10000
9987
9996
9985
9993
9991
9989
9989
9997
9993
9990
9984
9997
9974
10000
9997
9989
9993
9818
9979
9982
9997
9996
9994
9999
9993
10000
9995
9995
9984
9999
9997
9997
9991
9998
9993
9997
9993
9999
9984
9979
10000
9999
9981
10000
9999
9995
9991
9994
9978
9998
9981
9975
9986
9998
9980
9995
9991
10000
9994
9989
9998
9984
9983
9999
9991
9998
9983
9988
9998
9985
9990
9996
9998
10000
9967
9992
9984
9997
9996
10000
10000
9991
9998
9999
10000
9999
10000
9992
9983
9986
9986
9991
9996
9997
9991
9994
9992
9996
9996
9998
9985
9990
9980
9994
9965
9990
9999
9995
9985
9991
9984
9984
9976
9989
9997
10000
10000
10000
10000
10000
9990
9989
9991
9999
10000
9997
9996
9966
9990
9987
9999
10000
9996
9987
9997
10000
10000
10000
9988
9987
9992
9988
9970
9996
9998
9990
9978
9996
9991
9997
9992
9999
9969
9996
9991
9995
10000
9998
9960
9999
9997
9993
9987
9995
9995
9994
9992
9983
9989
9989
9999
9993
9989
9995
9991
9999
9998
9992
9978
9990
9992
9988
9998
9967
9998
9990
9985
9994
9997
9991
9994
9997
10000
9992
9993
10000
10000
9992
9970
9993
9988
9993
9985
9991
10000
9996
10000
9997
9988
9995
10000
9994
9994
9987
9994
9996
9987
9998
9998
9985
9995
9993
9984
9998
9996
9983
10000
9992
10000
10000
9998
9999
9991
9993
9991
9988
9999
9996
9991
9991
9974
10000
9996
9988
9982
10000
9981
9986
9984
9999
9980
10000
9995
9990
9996
9991
9989
9996
9987
10000
9997
10000
9996
9980
10000
9998
9991
10000
9999
10000
10000
9999
9977
9991
9972
9999
9996
9999
9995
9992
10000
9999
10000
9992
9986
9996
9981
9997
9987
9987
9963
9997
9982
9999
9998
9992
9991
9991
9998
9991
9982
9999
9990
9986
9995
9999
9998
9986
9993
9981
9994
9993
9996
9990
9994
9984
9998
9995
9996
9997
9992
9997
9999
10000
9990
9989
9988
9995
10000
10000
9999
9996
9994
9984
9986
9997
9996
9994
9999
9977
9976
9998
9996
9994
9994
9985
9984
9979
9995
9992
10000
9992
9978
9997
9998
9973
9998
9991
9984
9980
9998
9991
9999
9995
9997
10000
9984
9994
9997
9997
9996
10000
9981
9989
9983
9994
9995
9997
9997
9987
9986
10000
9979
9996
9982
9997
10000
9989
9994
9995
9995
9989
9989
9993
9983
9990
9995
9998
9997
9990
9998
9977
9994
9996
10000
9987
9997
9992
9998
9954
9992
9984
9993
9983
9990
9995
9995
9998
9985
9987
9986
9995
9993
9999
10000
9996
9992
9992
9992
9998
9993
9993
9999
9973
9993
10000
9994
9968
9999
9984
9998
9979
10000
10000
9993
9998
9997
9982
9999
9978
9983
9991
9976
9989
9994
9991
9999
9978
9986
10000
9987
9994
9994
9997
10000
9996
9987
9993
9997
9986
10000
9993
9987
9974
9994
9998
9978
9997
9993
10000
9999
9997
9957
9991
9999
9983
9999
9992
9995
9987
9993
10000
9967
9993
9969
9998
9992
9984
9999
9998
9998
9967
9986
9991
9994
9995
9979
10000
9979
9990
9983
9998
9999
9963
9993
9999
9987
9982
9990
9993
9996
9998
9996
9984
9982
10000
9983
9991
9995
9996
9994
9993
9993
9993
9960
9993
9999
9984
9997
9987
9978
9997
9994
9994
9995
9989
9993
9990
9984
9990
9995
9989
9997
9999
9970
9988
9977
9998
9995
9971
9993
9991
9987
9993
9987
9989
9980
9957
10000
9984
10000
9997
9989
9996
9995
9997
9966
10000
9995
10000
9998
9998
9995
10000
9995
9994
9999
9995
9998
9976
9991
9981
9998
9996
9988
9992
10000
9990
9992
9988
10000
9994
9993
9991
9996
9980
9991
9986
9986
9982
9998
9988
10000
9995
10000
9999
9995
9990
9998
9999
9986
9992
9988
10000
9985
10000
9996
9999
9996
9981
9996
9999
9995
9978
10000
9980
9995
9998
9988
9993
9998
9995
9984
9974
9997
9984
9998
9996
9994
9981
9995
9965
9998
9995
9999
9988
9983
10000
10000
9998
9999
9991
9998
9988
9996
9981
9989
9984
9997
9997
9993
9990
9996
9995
9980
