10000
9151
10000
10000
10000
9958
10000
10000
10000
10000
10000
10000
9528
10000
10000
10000
8788
10000
10000
10000
9336
9779
10000
10000
10000
10000
10000
10000
10000
10000
10000
10000
10000
10000
10000
9087
8875
9722
9427
10000
10000
9441
10000
10000
9755
9972
10000
10000
10000
10000
9949
10000
10000
8943
10000
10000
10000
9965
9364
10000
10000
9696
7998
10000
10000
9945
9841
10000
9694
10000
9568
10000
9536
10000
9216
10000
10000
9578
9793
7939
9991
10000
10000
10000
10000
9716
10000
9689
9540
10000
10000
10000
10000
10000
9998
9631
9662
9469
10000
10000
10000
10000
10000
9907
9606
10000
10000
10000
10000
10000
9179
10000
9734
10000
10000
9063
8838
10000
10000
10000
9661
10000
9716
10000
9897
10000
10000
10000
10000
10000
10000
9007
9969
9908
9964
9674
10000
10000
9727
8914
9450
9654
9342
10000
9798
10000
9353
10000
9930
9902
10000
9609
10000
9751
9688
9871
9650
10000
9848
10000
10000
10000
10000
9104
10000
9826
9794
10000
9858
9464
10000
10000
10000
9831
9764
10000
9565
10000
9691
9817
10000
10000
9647
10000
10000
10000
10000
10000
9929
9976
9669
8533
10000
10000
10000
9668
9213
10000
10000
10000
9297
9871
10000
9032
10000
10000
10000
9770
9791
10000
10000
10000
10000
9350
10000
9716
9716
10000
10000
9970
8703
10000
10000
9362
10000
10000
10000
10000
9114
9352
9943
10000
10000
10000
10000
10000
9543
9784
10000
10000
10000
10000
10000
9915
10000
10000
9565
10000
10000
10000
9433
10000
9756
9826
10000
10000
9298
10000
10000
9941
9271
9273
10000
10000
9863
9780
10000
10000
9654
9930
10000
10000
10000
10000
10000
10000
10000
10000
10000
10000
10000
10000
8667
10000
9631
10000
10000
9562
9745
9825
10000
10000
10000
9841
9538
9312
10000
9556
10000
10000
10000
9986
10000
10000
10000
10000
10000
9397
9624
9847
8819
9295
9869
9968
8708
10000
10000
10000
10000
10000
9752
10000
9304
10000
9872
10000
9532
10000
9972
9654
9785
10000
10000
9795
9511
10000
8960
9572
9463
10000
10000
10000
10000
8973
10000
10000
10000
10000
10000
9798
10000
10000
10000
10000
10000
9128
9276
9602
10000
10000
9915
10000
10000
9662
9859
10000
9867
9552
9066
10000
9210
10000
10000
9836
9829
10000
10000
10000
8977
9431
10000
10000
10000
9512
10000
9853
10000
10000
10000
10000
8711
10000
9417
9621
9932
10000
10000
10000
9001
10000
9691
9852
10000
10000
10000
10000
10000
10000
9727
9409
9184
10000
10000
10000
9254
10000
10000
9977
9114
10000
10000
10000
9013
10000
10000
10000
10000
10000
9976
9206
10000
9922
10000
10000
9556
10000
10000
10000
10000
9271
10000
10000
10000
9715
9950
9547
10000
9670
10000
10000
9992
9607
10000
8669
10000
10000
10000
10000
9715
9419
9779
10000
9573
10000
9982
9560
10000
10000
9546
9598
9427
10000
10000
9657
9607
9984
10000
10000
10000
10000
9669
9991
10000
10000
10000
10000
10000
8819
10000
10000
9828
9282
10000
10000
8834
9217
10000
9319
10000
10000
10000
10000
9967
10000
9186
9872
9807
10000
9462
10000
10000
9034
10000
10000
10000
9777
10000
10000
9667
10000
10000
8947
10000
9598
9800
9664
10000
9793
9872
10000
8799
9941
10000
10000
9940
10000
10000
9520
10000
8907
10000
10000
9772
10000
9990
10000
9764
10000
9678
9933
10000
10000
10000
9119
10000
10000
10000
10000
10000
10000
10000
10000
10000
9310
9933
10000
10000
9613
10000
10000
10000
9466
10000
9944
10000
10000
8862
10000
10000
9647
10000
10000
9421
10000
10000
10000
9552
10000
10000
9703
10000
10000
10000
10000
9720
9779
9528
10000
10000
10000
10000
9348
10000
10000
9898
9530
10000
10000
9176
10000
10000
10000
9248
10000
10000
9713
10000
10000
9931
10000
10000
9914
10000
10000
10000
9497
9653
10000
10000
9955
9568
9413
10000
9943
9695
10000
10000
10000
9407
9378
10000
10000
10000
10000
10000
9256
9588
10000
9728
9854
10000
9302
10000
9353
10000
9908
9867
10000
10000
9233
10000
9550
10000
10000
9878
10000
10000
10000
9065
10000
9829
10000
9434
10000
9601
10000
9318
10000
10000
10000
9622
10000
9174
10000
9699
10000
10000
10000
10000
10000
10000
10000
10000
10000
9747
9280
10000
9802
10000
10000
10000
10000
9321
10000
10000
10000
9605
10000
9932
10000
10000
10000
10000
9537
10000
10000
9932
9617
8391
9875
9770
10000
10000
10000
10000
10000
9864
9903
10000
9774
10000
8830
9969
10000
9685
10000
10000
10000
10000
10000
10000
9813
9494
9896
10000
10000
10000
10000
9748
10000
9684
10000
10000
10000
10000
9958
10000
8954
10000
9747
9588
9243
10000
9820
10000
10000
10000
10000
10000
10000
10000
9253
10000
9343
9762
10000
10000
10000
9601
10000
9720
10000
9844
8966
9198
10000
9760
9655
10000
9193
10000
10000
10000
10000
9777
9830
10000
10000
10000
10000
9943
9846
10000
9548
10000
10000
9877
10000
9782
10000
10000
10000
10000
10000
10000
10000
9660
10000
9486
9932
10000
9338
10000
10000
9659
10000
10000
10000
9809
10000
9034
9579
10000
10000
9495
10000
10000
9573
9796
10000
10000
9400
9968
10000
10000
8996
10000
10000
9489
9932
9887
9918
9745
10000
10000
8551
9404
10000
10000
10000
10000
10000
10000
10000
9760
9743
10000
10000
9429
10000
9958
9919
9779
9782
10000
10000
9776
10000
9876
10000
10000
9816
10000
9625
10000
9507
10000
10000
10000
10000
10000
9749
9627
9643
10000
10000
10000
9815
10000
9534
10000
10000
10000
9172
10000
10000
10000
10000
10000
10000
9915
10000
10000
10000
10000
9584
10000
10000
10000
9718
10000
9042
10000
9905
10000
10000
10000
10000
10000
10000
8915
10000
10000
9146
9842
10000
10000
9022
10000
10000
10000
9966
8832
10000
10000
9911
10000
9920
10000
9856
9540
9107
10000
9536
10000
10000
10000
10000
10000
10000
8698
10000
10000
9667
9119
10000
9014
10000
10000
10000
10000
10000
10000
8106
8437
10000
10000
9858
10000
10000
10000
10000
10000
10000
10000
10000
10000
10000
10000
10000
10000
10000
10000
10000
9997
10000
10000
10000
9974
10000
