9989
10000
10000
10000
10000
10000
9999
10000
9996
9983
10000
10000
10000
10000
9998
10000
10000
9999
9999
9999
10000
10000
9999
10000
10000
9999
10000
10000
10000
9980
10000
9986
10000
9999
10000
10000
9998
10000
10000
10000
9994
10000
10000
10000
10000
9996
10000
10000
10000
10000
9996
10000
9996
9988
10000
10000
10000
9999
10000
10000
10000
9988
10000
10000
9999
9998
10000
9997
10000
10000
10000
10000
9996
10000
10000
10000
10000
9999
10000
9989
10000
10000
9983
10000
9999
10000
9999
9999
10000
9998
9999
9998
10000
10000
10000
10000
10000
9999
10000
10000
10000
10000
9999
9999
10000
10000
10000
9998
9991
10000
10000
10000
10000
9997
10000
10000
10000
10000
10000
9990
10000
10000
10000
9997
10000
10000
10000
10000
9989
9963
10000
10000
9999
10000
9997
10000
10000
10000
10000
10000
10000
9999
10000
10000
9999
10000
10000
10000
9999
9998
10000
10000
10000
9999
10000
10000
10000
10000
10000
10000
10000
10000
10000
10000
10000
10000
10000
10000
10000
10000
9999
10000
9999
10000
10000
10000
10000
10000
9999
9999
9999
10000
9997
10000
9995
10000
9996
10000
9998
9994
10000
10000
9997
9999
9999
10000
9999
10000
10000
10000
10000
9999
10000
9994
10000
10000
10000
9998
10000
10000
10000
10000
10000
10000
10000
9999
10000
9984
10000
10000
10000
10000
10000
10000
10000
10000
9999
10000
10000
10000
9988
10000
9999
10000
9998
9980
10000
10000
10000
9999
10000
9997
9997
9999
10000
10000
9994
10000
9999
9997
10000
9998
10000
9998
10000
10000
10000
9999
9999
10000
10000
10000
10000
10000
9997
9996
10000
10000
10000
10000
10000
10000
10000
9999
10000
10000
9998
10000
10000
9993
10000
10000
10000
9999
9999
10000
10000
10000
10000
9998
9999
9998
9998
10000
9999
10000
9996
9994
10000
10000
10000
10000
9999
10000
9999
9999
9996
10000
10000
10000
10000
9998
9995
10000
9999
10000
10000
10000
10000
9998
10000
10000
9999
10000
10000
10000
9999
9991
9999
10000
9999
10000
10000
10000
10000
10000
9999
9999
9998
9994
10000
10000
9999
10000
10000
10000
9999
10000
10000
10000
9997
10000
9998
9998
10000
10000
9998
9995
10000
10000
9999
10000
10000
9996
9995
9997
10000
9992
9999
10000
10000
10000
10000
10000
9979
9997
10000
10000
10000
9998
9997
10000
10000
10000
10000
10000
10000
10000
10000
9986
10000
10000
10000
10000
10000
10000
10000
9988
10000
9998
9999
9999
9997
10000
9999
10000
10000
9990
9999
9982
10000
9994
10000
10000
10000
9998
10000
10000
10000
10000
10000
10000
9996
10000
10000
10000
9999
10000
9984
10000
10000
9999
9999
9996
10000
10000
10000
10000
10000
9999
9999
10000
9999
10000
10000
10000
10000
10000
10000
10000
10000
9992
10000
9998
10000
9998
9999
9998
10000
9999
10000
10000
10000
10000
9997
10000
10000
10000
9999
9995
10000
10000
10000
10000
10000
10000
9999
9998
9998
10000
9990
9979
9997
10000
10000
10000
9997
9998
9999
10000
10000
9993
10000
10000
9991
10000
10000
10000
9993
9994
10000
9999
10000
9997
10000
10000
10000
9998
10000
9999
10000
9999
10000
10000
10000
9999
10000
9999
10000
9918
9999
10000
10000
10000
10000
10000
10000
10000
9999
10000
10000
9997
9999
9997
10000
9999
10000
9995
10000
10000
10000
10000
10000
9998
9986
10000
9999
10000
9996
10000
9999
9992
10000
10000
9999
10000
9997
10000
9998
10000
9998
10000
10000
9993
10000
10000
10000
10000
10000
9990
10000
10000
9995
10000
10000
10000
9997
9998
10000
10000
10000
9998
9999
9997
10000
10000
9995
10000
10000
10000
10000
9999
10000
10000
9998
10000
9992
9995
9999
10000
10000
10000
10000
9999
10000
9995
9999
10000
10000
10000
10000
9999
10000
9983
9998
10000
10000
10000
9995
10000
10000
10000
10000
10000
10000
10000
10000
9997
10000
9990
10000
9998
9999
10000
10000
9999
9978
9998
10000
9989
10000
9999
9987
9999
10000
10000
10000
10000
10000
9998
10000
9998
9999
10000
9995
10000
10000
9999
9991
10000
10000
10000
10000
9995
9999
10000
10000
10000
10000
10000
10000
9999
10000
10000
10000
10000
10000
10000
10000
10000
10000
10000
10000
10000
10000
9998
10000
10000
10000
10000
10000
10000
10000
10000
9997
10000
10000
10000
10000
10000
10000
10000
10000
10000
9999
10000
10000
9998
10000
10000
9996
9999
9999
10000
10000
10000
9999
10000
10000
9998
9992
10000
10000
10000
10000
9997
9998
10000
10000
9998
10000
10000
10000
9999
9999
10000
9995
10000
9997
10000
10000
9998
10000
10000
10000
10000
9998
9995
10000
9999
9998
9999
10000
10000
9997
10000
10000
9986
10000
10000
9989
9996
9978
10000
9977
9998
10000
10000
10000
10000
9999
9998
10000
10000
10000
10000
10000
9999
10000
9995
10000
9989
10000
10000
10000
10000
10000
9999
10000
10000
10000
10000
10000
10000
10000
9999
9998
10000
10000
10000
10000
10000
10000
10000
10000
10000
9997
9999
10000
9999
9985
9999
10000
10000
10000
10000
9985
10000
10000
10000
10000
9999
9999
10000
9999
10000
9999
10000
9995
10000
10000
9999
10000
10000
10000
9999
10000
9999
10000
10000
10000
10000
10000
10000
10000
9998
9999
10000
9996
10000
10000
9993
10000
10000
10000
9999
10000
9994
10000
10000
10000
10000
10000
9999
10000
10000
10000
10000
9999
10000
10000
10000
9995
9999
10000
10000
9998
9999
10000
10000
10000
10000
10000
9999
9998
9990
10000
10000
10000
10000
10000
9999
10000
9998
9999
10000
9999
9999
10000
9994
9999
10000
10000
9999
10000
9994
9998
9995
10000
9998
10000
10000
10000
10000
10000
10000
9996
10000
10000
10000
10000
9998
10000
9994
10000
10000
9999
10000
10000
10000
9999
10000
10000
10000
10000
9998
9999
10000
10000
10000
10000
10000
10000
10000
10000
10000
10000
9995
10000
10000
9999
9999
9998
10000
9995
10000
9999
10000
9999
9981
10000
10000
10000
9991
10000
9996
10000
10000
10000
9994
9999
10000
9999
10000
10000
9998
10000
10000
10000
10000
10000
9999
10000
10000
10000
9998
10000
10000
10000
10000
10000
10000
10000
9999
10000
10000
9999
9997
10000
9999
