10000
9695
10000
9974
10000
8775
10000
10000
9298
9440
10000
10000
10000
9828
10000
8470
10000
10000
10000
10000
10000
9703
9589
10000
10000
10000
10000
9999
9562
10000
9530
10000
8940
10000
10000
9739
10000
9259
10000
8895
10000
10000
10000
10000
10000
10000
10000
10000
8660
9862
9490
10000
9210
10000
10000
10000
10000
10000
10000
10000
10000
9755
10000
9962
10000
10000
9072
10000
9185
10000
10000
10000
9918
9547
9467
10000
9862
9541
9997
9976
10000
9066
10000
10000
10000
9468
9232
10000
9889
9286
10000
10000
10000
10000
10000
9639
10000
10000
10000
10000
10000
10000
9918
9822
10000
10000
9375
10000
10000
10000
10000
10000
10000
10000
10000
8800
10000
8277
10000
9227
10000
10000
10000
10000
10000
10000
10000
10000
9503
8895
10000
9089
10000
10000
9547
10000
9642
9804
9223
9160
10000
10000
10000
10000
10000
10000
9356
9665
8881
9964
10000
10000
10000
10000
10000
8910
10000
10000
9900
9565
9192
10000
10000
10000
10000
10000
10000
10000
10000
10000
10000
10000
10000
10000
9726
9922
10000
9269
10000
10000
9290
10000
10000
10000
10000
10000
8795
10000
9274
10000
9982
9626
10000
9458
9203
9884
9812
10000
8689
10000
9774
9977
10000
9748
10000
9186
9979
8800
9989
10000
10000
9615
10000
9527
9775
10000
10000
10000
10000
10000
10000
10000
9840
10000
10000
10000
9754
10000
9564
9071
10000
9668
10000
10000
10000
9461
9574
10000
9551
10000
10000
10000
10000
10000
9829
9614
10000
9916
10000
10000
9768
9729
9321
9930
10000
10000
10000
9612
10000
8855
9569
10000
10000
10000
8747
10000
9782
10000
8830
10000
9296
10000
9226
10000
10000
10000
8470
8570
10000
10000
9643
9578
9533
10000
10000
9306
10000
10000
10000
9919
9502
10000
9792
9387
10000
10000
10000
9872
10000
10000
10000
10000
10000
10000
10000
9380
10000
9951
10000
9754
10000
10000
9763
10000
9606
9648
10000
10000
10000
9995
10000
10000
10000
9465
10000
9491
10000
9554
10000
10000
10000
10000
9459
8612
10000
10000
10000
9211
10000
10000
10000
8365
10000
9902
10000
9763
10000
10000
9056
10000
10000
10000
9453
9703
10000
10000
9997
10000
8633
9734
8912
10000
10000
9744
9052
10000
9749
9144
9867
9892
10000
10000
10000
10000
10000
10000
10000
10000
8388
10000
9453
10000
10000
10000
10000
10000
10000
10000
10000
8764
10000
9790
10000
10000
10000
10000
9756
10000
10000
9573
10000
8932
10000
10000
9264
10000
9562
9734
8502
9040
9812
10000
10000
10000
9906
10000
10000
9189
10000
10000
10000
9062
10000
10000
8727
10000
10000
10000
10000
10000
8812
9683
10000
10000
10000
10000
9172
8799
9310
9626
9261
9922
9703
10000
9979
9336
10000
10000
9300
10000
10000
10000
9807
10000
10000
10000
10000
9324
10000
9961
10000
10000
10000
8946
10000
9597
10000
10000
10000
9499
10000
10000
9969
10000
8759
9580
10000
9270
10000
10000
9348
9369
10000
10000
10000
9837
10000
10000
10000
9487
10000
10000
10000
9932
10000
10000
9556
10000
9896
10000
9808
10000
10000
10000
10000
10000
10000
10000
9826
10000
10000
10000
10000
10000
10000
10000
9722
10000
10000
10000
9334
10000
10000
10000
10000
9990
8793
9252
8962
10000
10000
10000
9090
10000
9878
10000
10000
9786
10000
10000
10000
10000
9997
9907
9129
10000
9699
10000
10000
10000
10000
9502
10000
9962
10000
9604
9909
10000
10000
10000
9439
10000
10000
9552
10000
10000
10000
9547
10000
9201
9900
9675
10000
10000
10000
10000
10000
9244
10000
10000
9916
9935
10000
10000
10000
9860
9966
10000
10000
9905
8851
9135
10000
10000
9442
8351
9319
9896
9116
9744
10000
9898
9450
10000
9883
10000
9887
9610
10000
9650
9740
9936
10000
9588
10000
10000
9812
8748
10000
10000
10000
10000
10000
9458
8671
9044
8844
9950
10000
10000
9599
9806
9390
9980
8847
8963
10000
10000
10000
10000
10000
10000
10000
10000
10000
9776
10000
9400
10000
10000
10000
9123
10000
9104
10000
9915
9748
8674
9965
10000
9965
10000
9830
10000
9911
10000
10000
9126
10000
10000
9923
10000
9438
10000
10000
8663
10000
10000
10000
10000
10000
9999
10000
9719
10000
10000
10000
9885
8830
10000
10000
9369
9730
10000
9509
9771
9893
9297
9620
10000
10000
10000
9096
10000
10000
10000
9800
10000
10000
9717
8996
10000
10000
10000
9915
10000
10000
10000
10000
10000
10000
9570
9914
9963
10000
10000
10000
10000
10000
8814
9223
10000
10000
9615
9947
10000
10000
10000
10000
10000
10000
10000
9519
9899
9784
10000
10000
10000
9967
9092
9554
10000
9608
10000
10000
10000
9049
10000
10000
9371
10000
10000
9282
10000
9819
10000
9080
10000
10000
10000
8817
9820
10000
10000
10000
10000
9741
10000
10000
10000
10000
10000
9539
10000
8838
10000
10000
10000
10000
10000
10000
10000
10000
9753
9968
9532
10000
10000
10000
9350
10000
9463
9964
10000
10000
10000
10000
10000
10000
9796
9643
9586
9624
8964
9135
10000
10000
9094
10000
9959
10000
10000
9130
9496
10000
10000
10000
9882
10000
10000
10000
9393
9949
10000
10000
10000
10000
9184
10000
10000
9637
10000
10000
10000
10000
9846
10000
10000
10000
10000
10000
8195
9513
10000
9973
9754
8489
10000
8588
9838
10000
10000
10000
9790
10000
10000
10000
9807
8828
10000
10000
10000
9877
9675
9768
8519
10000
10000
9115
10000
10000
10000
10000
9820
9588
10000
10000
10000
9774
10000
10000
9435
10000
10000
9860
9670
10000
10000
9902
9801
10000
10000
9665
10000
10000
10000
9638
10000
10000
10000
9779
10000
9188
9091
10000
9605
10000
9760
9123
9883
10000
10000
9838
9899
9177
10000
9821
10000
10000
10000
9736
9900
10000
9332
10000
10000
9485
9908
10000
10000
10000
9846
9699
9352
10000
9923
10000
10000
9933
10000
9481
10000
9290
10000
10000
10000
9856
10000
10000
9353
10000
9684
9303
10000
9394
10000
9029
9990
9310
9565
9631
10000
10000
9289
10000
9666
10000
10000
10000
10000
10000
9079
9947
9970
10000
9984
10000
8941
10000
8950
9392
10000
10000
10000
10000
9990
10000
9687
10000
9902
