10000
10000
9997
10000
10000
9999
10000
10000
10000
9999
10000
10000
10000
9999
10000
10000
9999
9999
10000
9999
10000
10000
10000
10000
10000
10000
9997
10000
10000
10000
10000
10000
10000
10000
10000
9999
10000
9999
9993
10000
9996
10000
10000
10000
9997
10000
10000
10000
9998
9998
10000
10000
9993
10000
9993
10000
10000
10000
10000
10000
9998
10000
9994
9993
10000
10000
10000
9998
10000
10000
10000
10000
9998
10000
10000
10000
9999
10000
10000
10000
10000
10000
10000
10000
10000
9998
10000
10000
10000
10000
9999
10000
10000
10000
10000
10000
10000
10000
10000
10000
10000
10000
10000
10000
10000
9999
9997
9998
10000
10000
9994
9291
9996
10000
10000
9999
9999
10000
10000
9999
10000
9999
10000
10000
9998
9999
9999
9999
10000
10000
10000
10000
10000
10000
9915
10000
10000
10000
10000
10000
9998
9999
9998
9999
10000
10000
10000
10000
10000
10000
10000
9999
10000
10000
10000
9999
9998
10000
10000
10000
10000
10000
10000
10000
10000
10000
10000
10000
9999
10000
10000
10000
9999
10000
9993
10000
9983
10000
9997
9984
10000
10000
10000
9998
10000
10000
9999
9995
10000
10000
10000
9999
10000
9999
9999
10000
10000
9991
9999
10000
10000
10000
9995
9998
10000
9999
10000
10000
10000
10000
9999
10000
9998
10000
10000
9998
9997
10000
10000
10000
10000
9999
10000
9993
10000
9994
9998
9999
9999
10000
10000
10000
10000
10000
9998
9998
9998
10000
10000
10000
10000
10000
10000
10000
10000
10000
10000
9997
10000
10000
10000
10000
10000
10000
10000
10000
10000
10000
10000
10000
10000
9995
10000
9999
10000
10000
10000
10000
10000
9993
10000
10000
10000
9996
9999
10000
10000
9983
10000
10000
10000
10000
9986
9999
10000
10000
10000
10000
10000
9994
10000
10000
10000
10000
10000
9998
10000
9999
10000
10000
10000
10000
10000
10000
10000
9999
10000
9998
9997
10000
10000
10000
9996
10000
10000
9999
10000
10000
9999
10000
9998
10000
10000
10000
10000
10000
9999
9989
10000
9992
10000
9999
9999
10000
10000
10000
10000
9998
10000
9999
9996
10000
10000
9999
10000
10000
9997
10000
10000
9998
9999
10000
10000
10000
9998
9998
10000
10000
10000
9999
10000
10000
10000
9998
10000
10000
10000
9998
10000
9999
10000
10000
9999
10000
10000
10000
9999
9999
9998
9979
10000
10000
10000
10000
9985
10000
10000
10000
9998
10000
10000
10000
9999
9999
10000
10000
10000
10000
9999
9999
10000
9991
10000
10000
10000
10000
9999
10000
10000
10000
10000
10000
10000
9999
10000
10000
9998
10000
9999
10000
10000
10000
9997
10000
10000
9993
10000
10000
10000
10000
10000
10000
10000
10000
9999
10000
10000
10000
9999
10000
10000
10000
10000
9998
9999
10000
10000
9998
9999
10000
10000
9985
10000
10000
10000
9999
9989
10000
10000
10000
9997
10000
10000
10000
10000
9999
10000
10000
10000
9999
10000
10000
10000
10000
10000
9999
10000
10000
10000
9996
9998
10000
10000
10000
9999
10000
10000
10000
9994
10000
10000
9998
10000
10000
10000
9989
9999
10000
10000
10000
10000
10000
10000
9999
6999
10000
10000
9999
10000
10000
10000
9999
9999
10000
10000
10000
10000
10000
10000
10000
10000
10000
9997
10000
10000
10000
9996
10000
10000
10000
9996
9998
10000
10000
9999
10000
10000
9999
9996
10000
10000
10000
10000
10000
10000
9989
10000
9999
10000
10000
10000
10000
9999
10000
9999
10000
10000
10000
10000
9999
10000
10000
10000
10000
10000
10000
10000
10000
9999
10000
9998
9997
10000
10000
10000
10000
10000
10000
10000
10000
10000
10000
10000
9999
10000
10000
10000
9994
10000
10000
10000
10000
10000
9999
10000
10000
9994
10000
10000
10000
10000
9998
9998
10000
10000
10000
10000
9999
10000
10000
10000
9999
10000
10000
10000
10000
9999
10000
10000
10000
9999
10000
10000
10000
10000
10000
9999
10000
10000
10000
10000
10000
9999
10000
10000
10000
10000
10000
9998
9999
10000
10000
10000
10000
10000
10000
9995
10000
10000
10000
10000
10000
10000
9997
10000
10000
10000
10000
10000
9997
9999
9983
9995
9996
10000
10000
10000
10000
10000
9992
9998
9966
10000
10000
10000
10000
10000
10000
10000
10000
10000
10000
10000
9999
9997
9993
9998
10000
10000
10000
10000
10000
9998
10000
10000
10000
9999
10000
9999
9999
10000
9999
10000
9996
10000
10000
9999
10000
9999
10000
10000
9997
10000
10000
10000
10000
10000
10000
10000
10000
10000
10000
10000
9999
10000
9999
10000
9999
10000
9998
10000
10000
10000
10000
10000
10000
10000
9996
10000
10000
10000
10000
9999
10000
10000
10000
9999
10000
10000
9998
10000
10000
9997
10000
10000
10000
10000
9993
10000
10000
10000
10000
10000
10000
10000
10000
10000
10000
10000
10000
10000
10000
9999
10000
10000
10000
10000
10000
10000
10000
10000
9998
10000
9999
10000
10000
9999
10000
10000
10000
10000
9994
10000
10000
10000
10000
10000
10000
10000
10000
9993
10000
10000
10000
9996
9994
9998
9998
10000
10000
9999
10000
10000
9998
10000
10000
9998
10000
10000
10000
10000
9993
10000
10000
10000
10000
10000
10000
10000
9999
9998
10000
9997
10000
10000
10000
9998
9996
9999
9999
10000
9999
10000
9999
10000
10000
10000
10000
9998
10000
10000
10000
9999
9999
10000
10000
9999
10000
10000
9998
10000
10000
10000
9999
10000
9997
10000
10000
10000
10000
10000
10000
10000
10000
10000
9996
10000
10000
10000
9990
10000
10000
10000
9998
10000
9998
9999
9987
10000
10000
10000
10000
10000
10000
9998
10000
9996
10000
10000
9999
9997
9999
9999
10000
9990
10000
10000
10000
10000
10000
10000
10000
10000
10000
10000
10000
10000
10000
9996
10000
10000
10000
10000
9991
9999
10000
10000
10000
9999
10000
9999
10000
9998
10000
10000
10000
10000
10000
9999
10000
10000
10000
10000
9999
9999
10000
10000
10000
10000
10000
9999
10000
10000
10000
10000
10000
9999
10000
9999
9992
10000
10000
9996
9991
10000
9999
9999
10000
10000
10000
9999
9999
10000
9999
10000
10000
10000
10000
9999
9999
10000
9994
9999
10000
9999
10000
10000
10000
9999
10000
10000
9998
9999
9998
9988
10000
9999
10000
9999
10000
