10000
10000
10000
10000
10000
9727
10000
10000
10000
10000
10000
10000
10000
9960
9902
8764
10000
9356
10000
10000
10000
9655
9807
10000
10000
10000
10000
9336
9598
10000
10000
10000
10000
10000
10000
10000
9979
9593
10000
10000
10000
10000
9380
10000
10000
10000
10000
10000
9853
10000
9490
10000
10000
10000
9910
10000
9762
10000
10000
9454
10000
10000
10000
8680
9672
8510
10000
10000
8346
10000
10000
9083
10000
8768
9786
9667
10000
8507
10000
9942
10000
9833
9235
10000
10000
10000
10000
10000
10000
10000
9774
10000
10000
9838
10000
9951
10000
10000
10000
10000
10000
10000
10000
10000
9724
10000
10000
9726
9704
10000
10000
9096
10000
10000
9687
10000
10000
9891
10000
10000
10000
10000
10000
9730
10000
10000
10000
9153
10000
9035
9401
9538
9860
9732
10000
10000
10000
9009
9356
10000
10000
10000
10000
9298
10000
10000
10000
10000
9251
10000
10000
10000
10000
10000
10000
10000
10000
10000
9776
8683
10000
8270
10000
10000
10000
10000
10000
9899
10000
10000
10000
10000
10000
10000
9462
10000
10000
10000
10000
10000
10000
10000
10000
10000
10000
9839
10000
10000
9888
10000
8851
10000
10000
9309
10000
10000
9540
9796
10000
10000
10000
10000
10000
10000
10000
10000
9167
9781
10000
9884
10000
10000
10000
10000
9944
10000
10000
8938
9923
9900
10000
10000
10000
9473
10000
9737
9839
9489
10000
10000
10000
9128
10000
9894
9637
10000
9902
10000
8677
9874
9343
9668
9330
10000
9624
9722
10000
10000
9383
10000
10000
9816
10000
9676
9294
9680
10000
9836
10000
9945
10000
9907
10000
9909
10000
10000
9881
9760
10000
10000
9833
8963
10000
10000
10000
10000
10000
8911
9588
10000
10000
8843
10000
10000
8956
10000
10000
10000
9474
10000
9189
10000
10000
10000
10000
10000
9981
8191
9384
10000
9683
9280
9804
10000
10000
8683
9990
10000
10000
9348
9259
8609
10000
10000
10000
9550
9598
9778
10000
9961
9309
10000
10000
9933
9493
10000
8879
10000
8879
10000
9791
10000
10000
10000
10000
10000
9161
10000
10000
10000
9558
10000
10000
9429
10000
10000
9848
9555
10000
10000
10000
10000
9442
9493
10000
9854
9779
10000
10000
8982
9910
10000
9705
9829
10000
9563
9805
10000
10000
8890
10000
10000
9797
10000
10000
9695
10000
10000
10000
10000
9668
10000
10000
9436
9091
10000
10000
10000
10000
9320
10000
9825
9948
10000
9362
9968
9957
9997
9669
10000
9561
10000
10000
10000
10000
10000
10000
9895
9956
10000
10000
9198
10000
10000
10000
10000
9630
10000
10000
10000
9731
10000
10000
9917
10000
9573
10000
9643
10000
10000
10000
10000
10000
9807
9996
10000
10000
10000
10000
9539
9494
10000
10000
10000
9543
10000
10000
10000
10000
9261
8903
9960
10000
9950
10000
10000
10000
10000
10000
10000
10000
9834
10000
10000
10000
10000
10000
10000
10000
10000
10000
10000
9483
10000
10000
10000
10000
8677
9506
10000
9568
10000
10000
10000
10000
9750
10000
10000
9817
9527
10000
10000
10000
10000
10000
10000
8857
10000
9967
9890
9618
10000
10000
9854
10000
10000
10000
9738
8801
10000
9650
10000
10000
10000
10000
10000
10000
10000
10000
10000
10000
10000
10000
8948
10000
10000
10000
10000
10000
10000
10000
10000
9875
10000
9583
10000
10000
9679
10000
9314
9738
9106
10000
10000
10000
9580
10000
10000
10000
9111
10000
10000
10000
10000
10000
10000
8815
9005
10000
10000
10000
9725
9939
9892
10000
10000
9943
10000
9304
10000
9480
9757
10000
9871
9710
10000
9588
10000
9679
9560
10000
10000
10000
9823
10000
10000
10000
10000
10000
10000
10000
9318
10000
10000
10000
10000
10000
10000
8972
10000
10000
10000
10000
10000
10000
10000
10000
10000
10000
10000
10000
10000
10000
10000
10000
10000
9226
10000
10000
9888
9252
10000
9886
10000
10000
9055
9975
9039
10000
10000
9630
10000
10000
10000
10000
9238
10000
10000
10000
9531
10000
10000
8223
10000
10000
10000
10000
10000
10000
9930
9189
10000
10000
9582
10000
9889
9165
10000
10000
10000
9264
10000
9494
10000
9595
10000
10000
9439
8400
10000
10000
10000
10000
10000
10000
10000
9934
9437
10000
10000
9258
10000
9804
8883
9794
10000
9191
10000
9208
9699
10000
9938
10000
10000
10000
10000
10000
10000
10000
10000
9412
10000
10000
10000
10000
10000
9967
9787
9852
10000
10000
10000
10000
10000
9927
10000
10000
9830
9925
10000
9730
9075
10000
10000
9296
10000
9974
10000
10000
10000
10000
9299
10000
10000
10000
9790
10000
9142
10000
10000
10000
9411
10000
9333
9796
9023
10000
9847
9944
8863
9862
10000
9904
10000
8961
10000
10000
10000
10000
10000
8630
9893
9318
9544
10000
10000
10000
9791
9340
9355
10000
9672
9804
10000
10000
10000
9425
10000
9891
10000
9748
10000
9355
10000
10000
10000
9920
9786
10000
9960
9990
10000
10000
10000
9985
9288
9610
10000
10000
8929
10000
10000
8697
10000
10000
9517
9507
8855
9548
10000
10000
10000
10000
10000
9105
10000
10000
9932
10000
10000
9967
9365
10000
9933
10000
10000
10000
10000
10000
9137
10000
10000
10000
10000
9723
10000
10000
9967
10000
9169
10000
10000
10000
10000
10000
9738
10000
10000
10000
9749
10000
10000
9949
10000
10000
10000
10000
10000
9734
10000
10000
9194
10000
9177
9498
10000
10000
9810
10000
10000
10000
9673
10000
8846
10000
10000
9833
10000
10000
10000
10000
9279
10000
10000
10000
10000
10000
8799
10000
10000
10000
9713
9962
10000
10000
9993
10000
10000
10000
10000
9138
10000
10000
9096
10000
10000
9889
10000
10000
10000
10000
9800
10000
10000
10000
10000
10000
9349
9117
9267
9512
8979
10000
9875
9483
9037
10000
9721
9089
8459
9932
10000
9735
10000
10000
9380
9938
9972
9537
10000
9909
10000
10000
9756
10000
10000
10000
10000
10000
9647
10000
8816
10000
10000
10000
10000
10000
9821
10000
10000
9937
9332
10000
9930
10000
10000
10000
10000
10000
9574
9211
9571
9082
9926
10000
10000
10000
10000
9381
10000
9592
9921
9534
9642
10000
10000
10000
9975
10000
10000
10000
8737
9950
10000
9645
10000
9992
10000
10000
9405
