9894
9320
8964
10000
10000
9298
9428
10000
10000
8823
10000
10000
10000
9845
10000
10000
10000
10000
9374
10000
10000
10000
10000
9904
10000
10000
9383
10000
9749
10000
10000
10000
10000
10000
10000
10000
10000
10000
9693
9263
10000
8908
10000
9924
9787
10000
10000
10000
10000
9169
10000
9435
10000
10000
10000
9516
9171
10000
8421
10000
10000
10000
9217
9707
10000
10000
10000
10000
9953
10000
9994
10000
10000
10000
10000
10000
10000
9555
9636
9650
9338
10000
10000
9042
10000
10000
10000
9933
10000
10000
10000
9892
9966
9995
10000
10000
10000
9504
9440
9526
10000
10000
10000
9519
10000
10000
10000
9712
10000
10000
9232
10000
8950
10000
10000
9883
9901
9695
9528
10000
9571
9849
9436
10000
9915
10000
9560
8963
10000
10000
10000
10000
9692
9976
10000
9761
9750
9303
10000
10000
9605
9477
10000
9896
10000
10000
9245
9195
10000
10000
10000
10000
10000
10000
9389
8679
10000
10000
10000
9142
10000
10000
10000
9305
10000
9338
10000
10000
8579
9951
10000
10000
9909
10000
9841
10000
10000
9943
9487
10000
10000
9969
9988
10000
10000
9917
10000
10000
10000
10000
10000
9485
9867
9917
10000
10000
8971
9112
10000
10000
9222
9981
9703
10000
10000
10000
9940
9795
9710
10000
10000
10000
9892
10000
10000
10000
10000
10000
10000
10000
9727
10000
10000
10000
10000
10000
10000
9932
10000
10000
9853
9172
9933
10000
10000
9951
9587
10000
10000
8833
9959
9256
8771
10000
10000
10000
10000
10000
10000
10000
9906
10000
9777
10000
10000
10000
9582
10000
9932
10000
10000
10000
10000
10000
10000
9002
10000
10000
10000
9774
10000
8758
9742
9787
10000
8368
10000
10000
10000
10000
9896
9109
9747
9659
9468
8724
10000
9866
10000
10000
10000
10000
9632
9270
9093
10000
10000
9913
9330
10000
10000
9773
10000
10000
10000
9477
10000
10000
10000
9982
10000
10000
10000
10000
9809
10000
9059
9751
10000
10000
10000
10000
10000
10000
10000
9024
10000
10000
9268
10000
10000
9717
10000
10000
9388
10000
10000
9982
10000
10000
10000
10000
9928
9628
10000
10000
10000
9995
10000
9332
10000
10000
10000
9318
9365
10000
10000
10000
10000
9744
10000
10000
8852
10000
10000
10000
9764
9164
10000
10000
9836
9191
10000
9718
10000
10000
9065
9984
10000
9106
10000
9901
8552
10000
10000
9416
9897
10000
9957
9643
9961
10000
8942
10000
9725
9969
9596
8777
10000
9350
9993
9649
9834
9983
8763
10000
8968
9513
8662
10000
10000
10000
9944
8867
10000
10000
10000
9254
10000
10000
9671
10000
10000
10000
10000
10000
9665
10000
10000
10000
9659
9960
10000
10000
9918
9904
10000
10000
9777
10000
9705
10000
10000
9948
10000
10000
9628
9956
8735
9925
9183
9338
10000
9541
10000
10000
10000
10000
8916
9985
9730
9920
9568
10000
10000
9861
9849
10000
10000
10000
8326
9187
10000
9869
10000
10000
9974
10000
10000
9400
10000
9910
10000
10000
10000
9882
9713
10000
9467
9731
10000
10000
9153
9559
10000
10000
9659
10000
10000
10000
10000
9950
9690
9529
8941
10000
9744
10000
10000
10000
9938
10000
9814
9943
10000
10000
10000
10000
9665
10000
10000
9772
9858
9721
10000
10000
10000
10000
10000
9227
10000
10000
10000
10000
10000
10000
10000
8754
10000
10000
9924
9990
9344
10000
10000
10000
10000
9139
10000
9122
8673
9797
9643
9434
9976
10000
10000
10000
9876
9839
9433
10000
9994
10000
10000
9856
9781
10000
10000
10000
10000
10000
10000
10000
9723
10000
10000
10000
10000
9653
10000
10000
9966
10000
10000
9609
10000
9212
10000
10000
10000
10000
10000
10000
9326
10000
9367
10000
9984
10000
10000
10000
10000
10000
10000
10000
9608
10000
10000
10000
10000
10000
10000
10000
10000
10000
9303
10000
10000
10000
10000
10000
10000
10000
10000
10000
10000
10000
10000
9598
9435
10000
10000
10000
10000
8674
10000
10000
9276
10000
10000
10000
10000
9831
9416
8981
10000
10000
10000
9832
10000
10000
9400
10000
10000
9610
9925
10000
10000
10000
10000
10000
10000
10000
10000
9924
10000
10000
10000
10000
10000
10000
10000
10000
10000
9898
10000
10000
8970
10000
10000
10000
10000
10000
10000
9689
9854
9982
10000
10000
10000
10000
10000
10000
10000
9702
9827
10000
10000
10000
9290
10000
9120
8783
10000
10000
9531
10000
9658
10000
10000
10000
10000
10000
10000
10000
10000
10000
10000
10000
10000
10000
10000
10000
10000
10000
10000
10000
8872
10000
10000
9701
10000
8707
10000
10000
9677
10000
10000
10000
9567
10000
10000
9972
10000
10000
9742
10000
10000
8532
10000
9673
9856
9708
10000
9953
9947
10000
9974
9729
10000
9851
9968
10000
10000
10000
10000
9973
10000
10000
10000
10000
9954
10000
10000
10000
9887
9759
10000
9204
9693
9890
10000
10000
10000
10000
10000
9727
9806
10000
8985
10000
10000
10000
10000
10000
8212
10000
9381
10000
10000
10000
10000
10000
9869
9981
10000
10000
9263
10000
9343
9137
10000
10000
10000
9309
10000
10000
9996
10000
9857
10000
10000
8748
10000
9535
10000
10000
9950
9490
10000
9738
9848
9776
8841
10000
9446
8625
10000
10000
10000
10000
9536
10000
10000
10000
9532
8969
10000
9968
10000
10000
10000
10000
10000
10000
10000
9988
9933
10000
10000
10000
9340
9401
10000
10000
10000
10000
9942
10000
10000
9464
9926
10000
9034
9604
9274
9501
9886
9832
10000
10000
9498
10000
9723
10000
9103
10000
8474
10000
10000
10000
10000
10000
10000
9995
10000
10000
10000
10000
10000
10000
10000
10000
9529
10000
10000
9832
10000
10000
9876
10000
10000
10000
10000
10000
10000
10000
10000
9574
10000
9606
10000
9188
10000
8930
9711
10000
10000
10000
10000
10000
10000
10000
9655
10000
9929
10000
10000
9461
10000
10000
10000
10000
9937
10000
10000
10000
10000
9044
9226
10000
10000
9812
8808
9763
10000
10000
10000
9286
10000
9916
9610
8674
9685
9920
9921
9950
10000
10000
9207
10000
10000
10000
9257
10000
10000
10000
10000
10000
9898
9873
9060
9735
10000
9806
9535
9924
9017
9661
10000
9789
10000
10000
9288
10000
10000
10000
10000
10000
