10000
9299
10000
10000
10000
10000
9625
10000
10000
10000
9985
10000
9399
9667
10000
9538
10000
10000
10000
10000
9323
9652
9982
10000
10000
10000
10000
9800
10000
10000
9687
10000
9965
10000
10000
10000
10000
10000
8902
9784
9752
10000
9576
9950
10000
10000
10000
9605
10000
10000
10000
9949
10000
10000
9995
9935
9521
9142
10000
10000
9557
10000
10000
10000
9830
10000
9967
9399
10000
10000
9357
9324
9722
10000
10000
10000
9279
9697
9746
10000
10000
10000
9942
10000
9921
10000
10000
9991
9048
9361
10000
8885
10000
9890
9422
10000
10000
9966
9296
10000
10000
10000
9431
9834
9925
10000
9231
9304
10000
10000
8826
9621
9896
10000
10000
9904
10000
9783
9862
10000
10000
9636
10000
9992
9503
10000
9625
10000
9977
10000
9957
10000
10000
10000
10000
9782
9810
9702
10000
8536
10000
9934
10000
10000
10000
9830
9899
10000
10000
10000
9591
10000
10000
9659
10000
9655
10000
9912
10000
9229
10000
10000
9986
10000
10000
10000
10000
10000
10000
10000
10000
9681
9761
10000
10000
9870
8858
10000
10000
9784
10000
10000
10000
9498
8454
10000
9815
10000
9492
10000
10000
10000
9858
10000
10000
10000
10000
9455
8830
10000
8881
10000
10000
10000
10000
9938
10000
9339
9097
10000
9467
10000
10000
9761
10000
10000
10000
10000
9963
9639
10000
9767
10000
10000
10000
10000
10000
10000
10000
9391
10000
9630
10000
9867
10000
10000
9554
9860
10000
9986
10000
10000
9951
9211
10000
9408
10000
10000
10000
10000
10000
10000
9867
10000
9063
10000
10000
10000
10000
10000
10000
10000
10000
8620
10000
9150
10000
10000
9228
10000
9115
10000
10000
9623
9344
9607
8928
10000
10000
10000
10000
10000
8486
10000
10000
10000
9521
9614
10000
9913
10000
9637
10000
9947
9432
10000
9914
10000
10000
9809
8180
9188
10000
10000
9719
10000
9981
8749
10000
9877
10000
9137
10000
10000
8801
10000
9821
10000
10000
9405
10000
10000
10000
9180
10000
9779
10000
9823
10000
10000
10000
10000
9720
9860
10000
10000
10000
9366
10000
10000
10000
10000
9861
10000
10000
9714
10000
10000
10000
10000
10000
10000
9455
10000
10000
9497
9952
10000
9828
10000
10000
8680
10000
9470
10000
10000
10000
10000
9911
10000
10000
8917
10000
9618
10000
9502
10000
10000
9310
10000
10000
10000
9997
10000
9270
10000
10000
10000
10000
9228
10000
10000
10000
10000
9236
10000
10000
10000
10000
10000
9146
10000
9640
10000
10000
10000
10000
10000
9571
9540
10000
9581
9364
10000
10000
10000
10000
10000
10000
10000
10000
10000
10000
10000
10000
10000
9857
10000
9840
10000
10000
9057
8577
10000
10000
10000
9614
10000
8628
10000
9808
9662
10000
10000
9912
10000
9340
10000
10000
8881
10000
10000
10000
10000
10000
10000
10000
10000
10000
9372
10000
10000
9879
10000
10000
9499
10000
8674
9633
9927
9984
9288
10000
10000
9880
10000
10000
9731
9998
10000
10000
10000
10000
10000
9738
10000
10000
9838
10000
10000
10000
10000
9648
10000
9854
10000
9557
10000
9582
10000
9364
9732
9724
9517
9851
10000
10000
10000
9554
10000
10000
9338
9952
9761
8802
10000
10000
10000
9608
10000
10000
9363
10000
10000
10000
10000
10000
10000
10000
10000
10000
10000
9860
10000
9909
9668
10000
10000
10000
10000
10000
10000
10000
10000
9491
9269
10000
10000
9897
9617
10000
10000
8861
10000
10000
9611
10000
10000
10000
10000
9900
9978
10000
10000
10000
10000
9550
10000
9594
10000
10000
10000
10000
9068
9939
8959
10000
10000
10000
10000
10000
10000
9535
10000
10000
10000
10000
8508
10000
8432
10000
10000
9880
9976
8946
10000
10000
9525
9754
9577
10000
9981
10000
9341
9108
10000
9919
8503
10000
10000
10000
10000
10000
10000
9466
10000
9472
10000
9634
9399
10000
10000
10000
10000
10000
9146
10000
10000
10000
9682
9798
9928
9162
10000
9544
10000
10000
10000
9885
10000
10000
10000
10000
9980
9316
10000
10000
9480
10000
9689
9991
10000
10000
10000
9583
10000
10000
10000
9928
9943
10000
10000
9880
9693
9973
10000
9955
9950
10000
10000
10000
10000
9392
8956
9951
10000
9557
10000
9971
9541
8803
10000
9983
10000
9604
10000
10000
10000
8555
9930
10000
10000
8756
10000
10000
9745
10000
10000
9268
10000
10000
10000
10000
10000
9647
10000
9067
10000
10000
10000
10000
10000
9839
10000
10000
9473
10000
10000
10000
10000
10000
10000
10000
10000
9720
10000
10000
9649
10000
10000
10000
9614
9767
10000
10000
9734
10000
10000
9773
10000
10000
10000
10000
10000
9520
10000
9120
9343
9716
10000
10000
10000
10000
10000
10000
9623
10000
9145
10000
10000
10000
9081
10000
10000
10000
9927
10000
10000
9971
10000
10000
10000
10000
9760
10000
9574
8597
10000
8889
10000
10000
9832
10000
10000
8908
9590
9125
9154
10000
10000
9326
10000
10000
10000
9926
10000
10000
8728
10000
10000
10000
10000
10000
10000
10000
9468
10000
9273
10000
10000
10000
10000
10000
10000
10000
10000
9838
10000
9436
8920
10000
10000
10000
8477
10000
10000
10000
10000
10000
10000
10000
9533
9710
9946
9616
8706
10000
9373
10000
10000
9961
9785
10000
9398
10000
10000
10000
10000
10000
9216
9926
10000
10000
9990
10000
10000
9711
10000
10000
9839
10000
10000
10000
9822
8923
9826
8832
9814
10000
10000
9262
10000
10000
10000
10000
10000
10000
9897
10000
9943
10000
10000
9326
10000
8524
9939
10000
10000
9833
10000
10000
9945
10000
10000
10000
10000
10000
9986
10000
10000
10000
10000
9612
10000
10000
9628
10000
10000
10000
9408
9811
10000
10000
9913
8746
10000
9506
10000
9878
10000
10000
10000
10000
10000
10000
9927
9737
9687
10000
9395
10000
10000
10000
10000
9254
10000
10000
10000
10000
10000
9875
10000
9798
10000
10000
10000
9077
10000
9715
10000
10000
10000
10000
10000
9206
10000
10000
10000
10000
10000
9839
9710
10000
10000
10000
10000
10000
10000
10000
9347
10000
10000
10000
10000
9822
9888
10000
9805
10000
9896
10000
9611
8415
9770
10000
9331
9466
10000
10000
9956
8855
10000
8774
9241
9585
10000
10000
10000
10000
10000
