9992
10000
9985
10000
9989
10000
10000
9971
10000
9999
10000
9973
9960
9981
9988
9981
9961
9986
9984
9991
9975
9984
9980
9990
9988
10000
9979
9993
9999
10000
9979
9977
10000
9994
9964
10000
9994
10000
9992
9991
10000
9995
9991
9996
9978
9999
10000
10000
9987
9988
9970
9990
9985
9985
9977
9977
9991
10000
9988
9988
10000
9984
9977
9979
10000
9986
9977
9994
9986
9989
10000
9998
9988
9995
10000
9997
9995
10000
10000
10000
9964
9992
10000
9980
9994
9982
9981
9980
9997
9990
9975
9979
9980
9968
9981
9989
9998
9991
9992
10000
9987
9987
9987
10000
10000
9982
10000
9989
9988
9985
9997
10000
9995
10000
9981
9992
10000
10000
9995
9999
9975
9987
9980
9990
9981
9967
9962
9990
9981
9996
9997
10000
9976
10000
10000
9986
10000
10000
9994
9988
9993
10000
10000
9968
9952
9989
9988
9996
10000
9975
9986
9993
10000
9993
9993
9981
9970
10000
9985
9979
9980
10000
9958
10000
9994
10000
9974
9981
9997
9994
10000
9983
9998
9990
10000
9995
9981
10000
10000
10000
9987
9972
9985
9987
10000
9989
9987
9974
9992
9971
9996
9990
9995
9988
10000
9996
9969
10000
10000
9990
9972
9981
10000
10000
9993
9980
9985
9998
9982
9979
9976
9994
10000
9979
9982
9981
9968
9991
9985
9987
10000
9987
10000
10000
10000
9985
9975
9997
9990
9979
9993
9983
9972
10000
9980
9990
9984
9981
9993
9982
9973
10000
9968
9979
9988
10000
10000
10000
10000
10000
10000
9987
9993
9989
9992
10000
10000
10000
10000
9999
9985
9999
10000
9990
9995
9991
9977
9984
9980
9979
10000
9975
9973
9985
9993
9990
9990
9988
10000
9988
9997
9981
10000
9987
9987
9960
9991
9995
9988
9999
9990
10000
10000
9971
9988
9985
9990
9992
9981
9968
9979
10000
10000
9961
10000
10000
9951
9986
9988
9986
9998
9994
9970
10000
10000
9982
9990
9995
9996
9989
9983
9980
9994
10000
9975
9991
9987
9988
9988
9994
9990
9991
9986
9981
9990
9967
10000
10000
9976
9984
9994
9992
9993
9988
9987
9989
9977
10000
9997
10000
9990
10000
10000
9988
10000
9976
9995
9983
9988
9986
9985
9952
10000
10000
10000
10000
9985
10000
9989
9979
9991
10000
9984
9999
9992
10000
9972
10000
9976
9980
9989
9995
9989
10000
10000
9996
9957
10000
9994
9993
9990
9993
9983
9977
9992
9988
9993
10000
9977
10000
9955
9987
9991
9985
10000
9989
9997
9987
10000
10000
9993
9995
9984
9984
9986
9991
9998
9992
9994
9981
9993
10000
9981
10000
9989
10000
9960
9992
9999
9979
10000
10000
9997
10000
10000
9974
9979
9984
10000
9947
9969
10000
9987
9978
9973
9984
9989
9987
9986
9976
9990
9998
9980
9995
10000
9993
9984
9994
9977
9978
9990
10000
9983
10000
10000
9981
10000
9983
9996
9983
9988
9971
9992
9988
10000
10000
9988
10000
9999
9983
9987
10000
9973
9976
10000
10000
10000
10000
9998
9995
9995
10000
9988
9990
9979
9997
10000
9993
9990
10000
10000
10000
9994
9991
9987
9994
9967
9993
9993
10000
9992
9992
9971
9966
10000
10000
9988
9985
9984
9978
10000
9989
9987
9987
10000
9985
9977
9966
10000
9991
9995
9995
10000
9988
10000
9973
9983
10000
10000
10000
10000
9996
10000
9993
10000
9970
9984
10000
9997
9997
10000
10000
9991
9989
10000
10000
10000
9974
9983
9981
9981
9998
9995
9992
9980
9984
9957
9973
9993
9989
9987
10000
10000
10000
9987
9984
9988
9965
9983
9987
9994
9988
9983
9993
9992
10000
9990
10000
9966
10000
9983
9978
10000
10000
9990
9988
9985
9993
9992
9989
9975
9989
9999
9957
9977
9993
9976
9985
10000
9985
10000
9977
9977
9985
9992
9965
9999
10000
9997
10000
10000
9993
9997
9967
10000
10000
9980
9997
9984
9976
10000
9971
9995
10000
9993
9980
10000
9993
10000
9961
9992
10000
9990
10000
9975
9991
9993
9975
9982
9976
9990
9985
9989
9980
9996
9982
9981
10000
9971
10000
9985
9989
9984
9974
10000
9985
9995
9996
9970
9984
9988
9973
9998
9969
9979
10000
10000
9983
9997
9973
9993
9993
9994
9995
9996
10000
10000
9999
10000
10000
10000
9988
10000
9965
9975
9986
10000
9995
9980
9995
9983
9978
9998
9978
10000
9989
9986
9979
9991
9977
9972
10000
10000
9966
9975
9985
10000
9993
9968
9990
9949
9995
10000
10000
9975
9988
9989
9975
10000
9987
10000
9991
10000
9981
9974
9999
10000
9971
9991
9988
9983
9980
9994
9980
9998
10000
9981
9983
10000
9989
9983
9973
9982
9982
9977
9993
9976
10000
9988
9990
9992
9982
9965
10000
9991
9981
9985
9974
10000
9980
10000
10000
9996
9979
9983
10000
9992
9962
9995
9975
9963
9964
10000
10000
10000
10000
9989
9982
9993
10000
9996
10000
9983
9969
9995
9998
10000
9976
9983
9977
9989
9982
10000
10000
9980
9999
9978
9986
9971
9983
9980
9979
9982
10000
9969
9990
10000
10000
9993
9976
9996
9976
9965
9979
9983
9984
9985
9987
9983
10000
9995
9990
9988
10000
9983
9988
9964
9988
9990
9992
9995
10000
9993
9982
10000
10000
9993
9992
9985
9973
9980
9985
9985
9997
9990
10000
10000
10000
9992
9983
10000
10000
9982
9993
9992
9985
9971
9986
9988
9973
9978
9961
10000
9961
9985
9981
9979
9982
9981
9989
10000
10000
9979
9985
10000
9988
9972
9995
9986
9994
10000
9999
9973
9993
9999
10000
10000
9975
10000
9991
10000
9984
9984
9990
9973
9959
10000
9983
9989
9977
9975
10000
9992
9981
9989
9993
9991
9978
9964
9962
10000
10000
9999
9985
10000
9992
9999
9988
9980
9990
9992
9989
9992
10000
9995
10000
10000
9982
10000
9995
9982
9983
9991
9997
9994
10000
9999
9965
9980
10000
9971
9996
10000
10000
9984
9984
9971
10000
9988
9969
9993
10000
9995
10000
9981
10000
9976
9972
9990
9983
9982
9986
10000
9990
10000
9979
9993
10000
9993
9976
9986
9992
9996
9988
9986
9995
9992
9965
10000
9987
10000
9982
10000
9976
9975
9964
9962
9988
9970
10000
