9996
9967
9996
9990
9975
9986
9982
9994
9984
9958
9972
9992
9969
9984
9986
9995
9989
9977
9986
9982
9964
9994
9991
9989
9984
9987
9967
9986
9978
9997
9974
9969
9988
9981
9980
9987
9988
9981
9974
9974
9980
9981
9993
9977
9991
9980
9999
9986
9989
9988
9993
9981
9982
9997
9974
9990
9995
9992
9988
9994
9980
9987
9978
9978
9986
9990
9996
9981
9986
9983
9985
9986
9978
9998
9998
9992
9981
9963
9979
9985
9983
9967
9973
9989
9982
9986
9999
9988
9994
9979
9986
9971
9987
9966
9990
9991
9981
9975
9989
9995
9988
9987
9985
9991
9983
9997
9988
9997
9992
9982
9996
9984
9978
9978
9967
10000
10000
9988
9989
9994
9993
9980
9983
9997
9970
9981
9969
9974
9983
9993
9972
9983
9985
9991
9980
9983
9989
9983
9981
9986
9978
9994
9973
10000
9984
9991
9987
9989
9983
9997
9993
9977
9982
9991
9984
9989
9968
9985
9976
9985
9993
9968
9990
9989
9998
9990
9987
9988
9991
9984
9979
9988
9986
9973
9975
9993
9989
9991
9964
9972
9985
9979
9996
9975
9982
9988
9982
9990
9986
9960
9979
9977
9978
9995
9971
9974
9989
9981
9986
9991
9986
9994
9971
9974
9987
9985
9996
9981
9989
9997
9979
9988
9988
9991
9987
9981
9990
9983
9977
9986
9980
9963
9983
9979
9994
9985
9968
9992
9986
9991
9985
9973
9972
9983
9992
9995
9988
9976
9998
9999
9986
9994
9988
9980
9991
9972
9990
9985
9989
9972
9978
9979
9992
9989
9980
9967
9992
9991
9995
9985
9986
9990
9992
9986
9965
9989
9986
9987
9975
9987
9994
9988
9993
9995
9979
9971
9990
9985
9992
9984
9992
9996
9986
9976
9983
9987
9989
9979
9994
9970
9975
9992
9983
9999
9990
9989
9986
9987
9998
9994
9986
9993
9966
9986
9986
9992
9982
9980
9961
9956
9992
9987
9996
9995
9982
9984
9979
10000
9967
9984
9981
9983
9987
9977
9993
9995
9981
9953
9978
9984
9985
9986
9986
9960
9979
9992
9993
9982
9988
9964
9986
9983
9987
9974
9989
9964
9992
9980
9975
9991
9984
9992
9993
9991
9999
9991
9985
9979
9972
9972
9958
9985
9965
9995
9979
9987
10000
9992
9986
9987
9996
9971
9992
9974
9977
9985
9986
9992
9993
9991
9984
9982
9985
9984
9984
9988
9985
9963
9972
9975
9993
9988
9986
9992
9973
9974
9979
9982
9989
9996
9996
9987
9940
9992
9984
9993
9991
9986
9984
9993
9995
9986
9992
9986
9986
9970
9991
9994
9986
9988
9994
9987
9981
9981
9969
9983
9993
9986
9993
9994
9970
9994
9994
9975
9980
9974
9992
9990
9988
9983
9980
9997
9982
9979
9975
9981
9982
9983
9979
9977
9974
9991
9977
9980
9990
9993
10000
9998
9972
9979
9986
9974
9979
9989
9988
9991
9991
9991
9985
9981
9987
9989
9978
9977
9987
9991
9968
9989
9991
9995
9968
9985
9987
9990
9988
9992
9993
9981
9969
9986
9985
9991
9998
9950
9993
9999
9988
9976
9959
9983
9977
9994
9985
9977
9991
9982
9986
9984
9986
9983
9976
9990
9983
9993
9993
9983
9984
9983
9970
9958
9985
9985
9998
9994
9982
9988
9990
9991
10000
9974
9985
9984
9975
9991
9970
9988
9986
9983
9988
9994
9972
9986
9991
9985
9999
9992
9972
9983
9984
9993
9986
9979
9970
9997
9979
9981
9992
9983
9973
9993
9997
9990
9989
9988
9985
9992
9974
9980
9993
9976
9987
9978
9979
9986
9994
9980
9986
9965
9971
9978
9968
9976
9981
9986
9992
9990
9979
9971
9986
9994
9988
9990
9987
9977
9978
9976
9981
9975
9996
9981
9970
9988
9970
9998
9966
9977
9973
9979
9997
9968
9992
9988
9981
9994
9992
9995
9983
9986
9942
9997
9986
9994
9984
9994
9980
9982
9992
9987
9994
9980
9973
9986
9992
9984
9990
9969
9992
9959
9993
9989
9991
9991
9986
9985
10000
9967
9998
9979
9968
9985
9993
9978
10000
9989
9994
9992
9987
9989
9975
9982
9991
9982
9990
9976
9980
9972
9989
9978
9978
9980
9974
9993
9987
9995
9976
9968
9985
9978
9996
9976
9991
9989
9992
9983
9963
9995
9981
10000
9929
9996
9990
9983
9992
9983
9997
9993
9976
9989
9991
9989
10000
9961
9980
9984
9976
9981
9978
9999
9990
9992
9995
9991
9989
9978
9992
9981
9992
9965
9978
9981
9989
9985
9980
9984
9994
9989
9986
9991
9987
9993
9981
9986
9979
9985
9996
9972
10000
9996
9981
9979
9989
9984
9969
9992
9985
9985
10000
9983
9988
9973
9978
9977
9990
9979
9973
9956
9986
9976
9995
9985
9991
9990
9989
9985
9983
9976
9991
9967
9998
9974
9989
9982
9989
9974
9963
9982
9976
9996
9999
9994
9985
9982
9996
9988
9976
9983
9995
9990
9980
9972
9972
9973
9984
9993
9986
10000
9971
9983
9991
9994
9996
9990
9966
9991
9974
9989
9991
9988
9993
9959
9978
9994
9969
9984
9983
9990
9994
9992
9989
9980
9989
9985
9990
9995
9987
9984
9985
9991
9980
9992
9978
9993
9992
9956
9968
9989
9994
9981
9995
9992
9981
9977
9979
9992
9981
9971
9995
9977
9987
9993
9991
9977
9974
9993
9978
9996
9987
9961
9984
9993
9982
9977
9998
9988
9993
9988
9992
9992
9981
9986
9990
9977
9990
9975
9985
9999
9989
9979
9973
9968
9976
9991
9980
9988
9983
9984
9993
9986
9990
9976
9985
9989
9986
9989
9999
9972
9979
9994
9988
9990
9992
9997
9970
10000
9987
9979
9983
9997
9987
9987
9989
9995
9976
9995
9984
9989
9994
9991
9979
9994
9976
9996
9972
9982
9989
9977
9971
9996
9986
9977
9979
9977
9970
9979
9967
9996
9976
9989
9992
9999
9974
9993
9972
9960
9991
9972
9986
9988
9974
9993
9988
9998
9985
9983
9990
9992
9971
9988
9988
9987
9985
10000
9991
9971
9990
9990
9986
9992
9986
9971
9977
9992
9999
9985
9992
9992
9990
9988
9973
9967
9973
9991
9993
9990
9986
9995
9994
9986
9994
9996
9982
9993
9990
9986
9983
9986
9983
9985
9985
9984
