9984
9992
9967
9981
9986
9969
9987
9988
9985
9995
9993
9982
9987
9990
9984
9986
9983
9987
9983
9992
9991
9987
9976
9984
9996
9971
9992
9973
9981
9987
9988
9990
9993
9983
9994
9973
9981
9990
9999
9975
9985
9987
9982
9982
9983
9986
9997
9988
9973
9995
9963
9992
9980
9994
9999
9979
9996
9989
9992
9987
9985
9982
9977
9971
9978
9981
9991
9986
9995
9985
9981
9990
9965
9998
9987
9990
9989
9990
9977
9992
9978
9996
9991
9969
9994
9965
9990
9979
9984
9986
9985
9988
9984
9976
9991
9990
9971
9986
9985
9992
9991
9984
9989
9976
9989
9989
9992
9987
9990
9978
9971
9983
9979
9982
9980
9988
9979
9991
9987
9994
9990
9972
9993
9993
9998
9982
9986
9966
9992
9989
9992
9986
9972
9994
9990
9985
9981
9970
9978
9984
9985
9983
9981
9989
9994
9984
9990
9981
9987
9992
9992
9971
9949
9975
9981
9994
9985
9985
9990
9969
9989
9974
9977
9991
9995
9956
9993
9986
9990
9988
9982
9989
9992
9989
9984
9975
9972
9986
9974
9981
9992
9979
9979
9991
9966
9988
9990
9966
10000
9976
9983
9983
9977
9987
9977
9958
9964
9993
9987
9988
9993
9987
9994
9982
9999
9987
9984
9999
9995
9974
9990
9967
9993
9992
9986
9986
9973
9985
9983
9959
9987
9976
9992
9993
9991
9983
9976
9989
9971
9977
9983
9999
9976
9989
9973
9987
9974
9967
9983
9998
9979
9991
9991
9991
9987
9989
9974
9976
9986
9961
9987
9960
9983
9984
9984
9989
9993
9963
9981
9995
9993
9987
9981
9985
9989
9988
9989
9987
9990
9990
9981
9981
9992
9984
10000
9995
9956
9999
9963
9985
9982
9989
9977
9997
9986
9989
9971
9985
9980
9973
9986
9968
9992
9985
9999
9994
9994
9987
9992
9996
9988
9972
9989
9989
9986
9975
9974
9995
9994
9981
9987
9995
9989
9978
9981
9957
9987
9996
9972
9985
9995
9977
9990
9991
9986
9986
9987
9977
9971
9979
9994
9984
9992
9958
9985
9972
9975
9991
9983
9993
9989
9984
9981
9990
9986
9990
9984
9982
9993
9983
9975
9996
9973
9990
9989
9982
9991
9988
9986
9989
9974
9978
9997
9997
9987
9977
9985
9986
9978
9988
9985
9964
9974
9985
9979
9987
9991
9982
9974
9982
9983
9979
9993
9989
9995
9963
9982
9972
9981
9978
9992
9988
9974
9973
9992
9967
9959
9988
9985
9966
9978
9985
9970
9987
9980
9961
9981
9981
9976
9977
9958
9969
9992
9986
9982
9982
9992
9991
9986
9963
9990
9975
9993
9979
9983
9989
9994
9980
9977
9971
9986
9983
9982
9991
9982
9992
9997
9991
9988
9992
9987
9977
9996
9973
9988
9981
9977
9985
9990
9996
9997
9957
9990
9998
9995
9985
9974
9987
9982
9989
9982
9983
9999
9988
9992
9994
9991
9975
9986
9988
9985
9988
9986
9989
9990
9983
9998
9989
9978
9996
9991
9986
9985
9993
9974
9996
9985
9977
9995
9989
9979
9981
9988
9977
9987
9977
9979
9983
9987
9995
9976
9994
9993
9986
9990
9992
9972
9991
9988
9971
9985
9973
9977
9981
9972
9989
9982
9992
9993
9986
9991
9979
9992
9979
9990
9987
9984
9994
9995
9959
9978
9991
9987
9985
9988
9986
9982
9998
9987
9987
9994
9996
9999
9993
9991
9988
9981
9992
9999
9982
9979
9987
9990
9983
9991
9989
9947
9980
9993
9992
9987
9982
9983
9986
9988
9994
9995
9992
9980
9984
9984
9975
9990
9983
9986
9985
9967
9990
9965
9968
9990
9978
9983
9989
9987
9971
9978
9988
9979
9991
9982
9989
9992
9983
9980
9989
9995
9989
9997
9987
9988
9974
9998
9994
9981
9998
9982
9988
9984
9977
9980
9999
9994
9986
9975
9988
9990
9977
9989
9977
9982
9993
9981
9996
9970
9977
9993
9958
9994
9988
9981
9983
9980
9971
9965
9993
9977
9975
9981
9988
9984
9984
9982
9972
9983
9976
9993
9993
9989
9993
9986
9985
9984
9982
9983
9981
9988
9986
9971
9989
9977
9985
9986
9964
9985
9984
9982
9983
9979
9993
9983
9983
9996
9995
9980
9975
9992
9984
9984
9971
9991
9990
9986
9992
9980
9977
9991
9988
9979
9973
9980
9988
9994
9990
9997
9989
9980
9981
9989
9991
9980
9983
9991
9979
9979
9989
9970
9995
9970
9990
9996
9963
9983
9979
9991
9976
9968
9987
9980
9985
9986
9970
9991
9988
9969
9979
9974
9978
9990
9995
9991
9996
9992
9978
10000
9992
9982
9983
9991
9981
9973
9995
9964
9990
9998
9977
9985
9986
9995
9997
9978
9999
9999
9994
9987
10000
9987
9990
9997
9976
9989
9984
9993
9990
9983
9990
9977
9984
9974
9983
9983
9984
9992
9987
9989
9979
9980
9980
9984
9991
9991
9994
9986
9990
9984
9989
9981
9978
9977
9997
9993
9986
9984
9961
9992
9987
9979
9986
9989
9985
9995
10000
9979
9992
9991
9988
9969
9982
9992
9974
9967
9992
9968
9979
9984
9996
9961
9999
9989
9992
9984
9987
9964
9974
9982
9992
9991
10000
9998
9990
9984
9987
9991
9984
9967
9979
9988
9993
9976
9987
9991
9953
9980
9979
9980
9988
9990
9973
9987
9977
9992
9986
9976
9988
9978
9969
9996
9969
9980
9985
9978
9994
9973
9997
9995
9974
9993
9974
9981
9992
9986
9986
9979
9990
10000
9989
9999
9967
9983
9978
9981
9974
9997
9977
9975
9981
9988
9985
9986
9988
9999
9992
9972
9990
9981
9997
9980
9972
9976
9994
9991
9963
9982
9985
9982
9979
9992
9987
9988
9981
9985
9996
9987
9986
9984
9961
9992
9988
9989
9985
9983
9994
9988
9991
9994
9992
9976
9985
9992
9974
9979
9985
9993
9971
9958
9982
9987
9980
9996
9994
9964
9978
9986
9981
9981
9989
9978
9989
9984
9995
9975
9976
9993
10000
9989
9993
9999
9979
9969
9980
9981
9981
9988
9986
9993
9999
9989
9968
9983
9982
9971
9990
9966
9992
9975
9986
9966
9970
9984
9982
9987
9995
9990
9994
9980
9994
9969
9980
9992
9990
9972
9994
9987
9991
9990
9991
9993
9990
9987
10000
