10000
9969
9991
9996
9992
9990
9980
9980
9988
9989
9994
9991
9993
10000
9984
9987
9984
10000
9960
9983
9977
9999
10000
9974
9979
9982
9985
10000
10000
9987
9980
9976
9987
10000
9987
9983
9991
9992
9981
9992
9988
9993
9991
9987
9992
9991
9986
9972
9993
9991
9980
9996
9986
9964
9985
9997
10000
9977
9993
9987
9975
9989
9992
9963
9980
9998
9981
9990
9991
9976
10000
10000
9993
9972
9964
10000
9995
9982
9973
9969
9983
9996
9993
9960
10000
9991
9987
9974
9987
9991
9986
9981
9997
9985
9996
9970
10000
10000
9995
9991
9986
9989
9993
9976
9972
9976
9994
9972
9996
9983
9975
10000
9991
9985
10000
10000
9996
9992
9997
9987
9992
10000
9986
9992
9996
9979
9984
9964
9977
9986
9986
9987
9988
9984
9992
9988
9970
9999
9975
9988
9973
9992
9970
9974
10000
9975
9999
9984
9980
10000
9979
9990
9977
9973
9985
10000
9985
10000
9989
9984
10000
9993
9982
10000
9970
9989
9977
9975
9999
9985
9987
9985
9988
9978
9956
9967
9983
9966
10000
9996
9974
9981
9981
9966
9999
9992
9979
9987
9997
9979
9977
9997
9986
9978
9985
9985
9978
9997
9992
9988
9991
9994
10000
9986
10000
9972
9993
9975
9996
9976
10000
9982
9976
9983
9982
9985
9970
9992
9998
9987
9965
9977
9976
9995
9989
9994
9979
9972
10000
9985
10000
9994
9985
9983
9987
9995
9987
9996
9996
9987
9979
10000
9993
9995
9993
9993
10000
9984
9987
9973
10000
10000
9988
9974
9986
10000
9994
9962
9993
9985
9980
9979
9980
9985
9978
9977
9990
9993
9990
9981
9985
10000
9983
9986
9940
9991
10000
10000
9995
9976
9984
9990
9989
9979
10000
9983
9968
9998
9997
9999
9990
9974
9982
9968
9986
9972
9986
10000
9985
9982
9979
10000
9991
10000
9977
9976
9992
9960
9992
9989
9989
9983
9998
9980
9990
10000
10000
9981
9981
9983
9987
9997
9978
9992
9988
9978
9991
9994
9987
9989
9975
9969
9996
9977
9992
9974
9999
9988
9973
10000
9969
9980
10000
10000
10000
9967
9992
10000
9975
9977
9995
9992
9995
9992
9983
9999
9974
9991
9967
10000
9997
9985
9987
9975
9970
9971
10000
9985
9980
9968
9983
9978
9982
9962
9995
9976
9994
9990
9977
9975
9981
9991
9982
9997
9988
9991
9990
10000
10000
9988
9975
9988
9987
9964
9996
9987
9989
9975
9976
9980
9987
9999
9974
9991
9966
9987
10000
9998
9995
9993
9987
10000
9980
9988
9955
9991
10000
9994
9990
9998
9992
9987
9992
9985
9984
9953
10000
9990
9974
9978
9990
9971
10000
10000
9956
9980
9998
9992
9992
9986
9984
9995
9979
9983
9991
10000
9972
10000
9998
9986
9991
9981
9969
9976
9990
9999
9978
9974
9985
9987
9988
9983
9994
10000
10000
9990
9954
9984
9987
9965
9987
9978
9989
9978
9990
10000
9989
10000
9992
9963
9994
9999
10000
9989
9988
10000
9982
9986
9996
9989
9996
9987
9973
9977
9992
9975
9985
9997
9995
9984
9969
9971
10000
9992
9983
9996
9974
9994
9992
10000
9988
9973
9991
9975
10000
9970
10000
9982
10000
9987
9990
9980
9992
9989
9997
9981
9970
9983
9994
9989
9980
9984
9993
9995
9999
9989
9977
9971
9972
10000
9985
9997
9976
9981
9990
9990
9997
10000
9993
9993
9992
9976
9977
10000
9983
9986
10000
9968
9978
9982
9965
9997
9998
9997
9982
9989
9995
9988
9982
9984
9967
9978
9999
10000
9997
9979
10000
10000
9978
9976
9994
9982
9989
9993
9983
9992
9993
9981
9998
9967
9999
9966
9997
9979
9984
9995
9989
9997
10000
9972
9989
9973
9992
9993
9994
9994
9980
10000
9984
10000
9977
9970
9981
9968
9969
9997
9982
9985
9990
9979
9969
9986
9989
10000
9989
9983
9996
9983
10000
9990
9968
9997
9994
9976
9984
10000
10000
9996
9985
9998
9979
9986
9994
9972
10000
9994
9990
9998
9998
9981
10000
9985
10000
9995
9988
9994
9996
9973
9993
9978
9993
9988
9996
9974
9994
9978
9992
9972
9974
9995
9974
9977
9982
9959
9989
9976
9990
10000
9988
9989
9987
9989
9994
9997
9983
10000
9986
9993
9991
9986
9986
9988
9990
9995
9983
9977
9988
9981
9991
9998
9982
9971
10000
9952
9981
9989
9999
9993
9995
9981
9985
9994
9987
9984
9975
9985
10000
9959
9991
9984
9992
9996
9999
9994
9992
10000
10000
9989
9986
9983
9983
9988
9985
9981
9971
9987
9997
10000
9997
9983
9983
9983
9983
10000
10000
9977
9991
9990
9981
10000
9976
9996
9980
9976
9960
9984
9976
9984
9997
9994
10000
9996
9993
9980
9979
9973
9972
9958
9975
9975
9993
9990
9990
9981
9967
9994
10000
9996
9961
9979
9980
9994
9989
9971
9996
9988
9962
9968
9982
10000
10000
9980
10000
9977
9991
9998
9952
9987
9985
9999
9989
9993
9994
10000
9985
10000
9972
9989
10000
9988
10000
9992
9990
9979
9930
9990
9980
9974
9987
9986
9995
9989
9997
9981
9981
9995
9978
10000
9990
9989
9982
9957
9992
9992
9993
9973
9995
9995
9946
9999
10000
9985
9988
9996
9980
9978
10000
10000
9975
10000
9979
9990
9983
9970
9954
9987
9992
9979
10000
9980
10000
9993
9980
9994
9990
9979
9974
9997
9976
9982
9997
9988
9980
9981
9989
9993
9989
9991
9982
9985
9979
9985
9989
9986
10000
9971
9999
9994
10000
9983
9973
9997
10000
9999
9979
10000
9977
9991
9988
9993
9980
9984
9992
9993
9987
9992
9979
9989
9999
9987
10000
9987
10000
9986
10000
9985
9991
9994
9983
9980
9976
9992
9983
10000
9923
9993
9998
9966
9990
9984
9980
9990
9979
10000
9993
9968
10000
9987
9980
9990
9976
9981
9977
9969
10000
9989
9983
9973
10000
9991
9990
9996
9977
9986
9985
10000
9986
9991
9974
9992
9980
9977
9988
9980
9995
9986
10000
9967
9996
9997
9967
10000
10000
9971
9992
9987
10000
9994
9994
9979
9990
9974
9991
10000
9991
9985
9969
9979
9983
9972
9976
9996
9971
9944
9985
9982
9997
9981
9999
10000
