9994
9983
9999
9992
9988
9981
9964
9990
9989
9983
9985
9954
9990
9976
9987
9988
9990
9976
9955
9981
9995
9995
9990
9997
9992
9991
9989
9984
9990
9982
9968
9990
9989
9989
9993
9986
9984
9971
9995
9977
9987
9988
9966
9984
9991
9993
9994
9994
9979
9970
9992
9984
9996
9982
9984
9984
9975
9966
9990
9986
9987
9969
9979
9964
9972
9970
9988
9981
9986
9977
9989
9988
9974
9993
9956
9991
9986
9985
9979
9996
9983
9982
9980
9986
9984
9969
9970
9981
9995
9988
9994
9990
9979
9992
9977
9975
9989
9980
9987
9990
9976
9983
9971
9989
9992
9995
9989
9978
9970
9973
9972
9977
9982
9986
9980
9961
9968
9996
9997
9980
9982
9993
9980
9988
9985
9993
9988
9973
9985
9983
9996
9954
9970
9988
9987
9966
9972
9966
9994
9983
9996
9991
9972
9974
9993
9986
9981
9999
9968
9990
9995
9989
9993
9981
9991
9994
9997
9994
9976
9976
9969
9978
9988
9971
9992
9980
9995
9997
9992
9990
9986
9994
9982
9985
9990
9982
9970
9995
9994
9986
9965
9986
9984
9999
9970
9975
9986
9975
9986
9981
9977
9986
9988
9992
9989
9981
9998
9992
9981
9990
9990
9984
9955
9965
9987
9990
9986
9985
9979
9989
9982
9986
9992
9979
9983
9987
9992
9985
9986
9984
9986
9989
9990
9990
9994
9990
9998
9981
9987
9988
9993
10000
9974
9984
9989
9982
9988
9988
9985
9989
9997
9985
9998
9991
10000
9982
9983
9982
9994
9984
9991
9971
9969
9989
9986
9980
9980
9969
9981
9999
9983
9987
9999
9987
9990
9997
9973
9978
9985
9984
9994
9996
9978
9988
9986
9966
9970
9991
9997
9994
9990
9996
9984
9995
9994
9973
9969
9991
9980
9995
9961
9992
9991
9998
9990
9985
10000
9975
9994
9981
9974
9994
9993
9977
9975
9989
9988
9989
9989
9993
9991
9975
9969
9989
9981
9993
9977
9993
9990
9997
9975
9981
9976
9984
9972
9992
9991
9977
9992
9991
9968
9978
9961
9989
9980
9974
9965
9983
9989
9993
9976
9989
9980
9978
9973
9993
9981
9985
9994
9993
9996
9989
9992
9999
9969
9980
9989
9976
9975
9994
9993
9976
9981
9986
9982
9984
9988
9981
9987
9991
9988
9968
9960
9989
9977
9989
9983
9990
9991
9975
9984
9974
9983
9974
9986
9976
9968
9962
9989
9973
9968
9992
9995
9969
9973
9992
9989
9983
9978
9983
9982
9988
9993
9993
9981
9993
9995
9977
9983
9982
9983
9998
9991
9977
9976
9978
9980
9974
9991
9998
9983
9978
9975
9978
9982
9995
9983
9988
9984
9983
9991
9984
9992
9972
9977
9980
9970
9990
9974
9991
9936
9985
9981
9991
9992
9985
9985
9989
9982
9963
9989
9992
9993
9982
9994
10000
9987
9976
9973
9979
9991
9999
9992
9985
9999
9975
9990
9988
9999
9963
9998
9984
9969
9987
9983
9983
9996
9976
9989
9985
9995
9995
9973
9990
9969
9987
9988
9973
9975
9986
9980
9989
9999
9969
9971
9990
9989
9998
9990
9980
9991
9993
9974
9990
9993
9971
9979
9984
9983
9978
9991
9985
9988
9994
9987
9984
9973
9979
9990
9996
9968
9989
9993
9998
9979
9992
9994
9997
9993
9989
9985
9980
9986
9993
9997
9991
9990
9993
9989
9987
9987
9991
9991
9993
9989
9996
9978
9995
9981
9991
9977
9977
9968
9970
9974
9991
9990
9985
9985
9981
9987
9964
9995
9955
9989
9995
9989
9985
9986
9982
9978
9982
9970
9986
9971
9999
9987
9972
9980
9986
9991
9987
9980
9991
9986
9988
9969
9996
9982
9976
9976
9992
9981
9993
9960
9974
9984
9981
9981
9984
9985
9982
9980
9996
9983
9988
9991
9989
9978
9978
9976
9975
9980
9987
9986
9982
9983
9981
9967
9979
9985
9984
9993
9985
9964
9988
9970
9997
9995
9979
9990
9981
9995
9996
9967
9984
9996
9996
9986
9994
9986
9996
9985
9974
9964
9988
9988
9993
9958
9978
9990
9984
9985
9976
9976
9980
9976
9999
9985
9977
9988
9946
9986
9981
9991
9992
9999
9990
9968
9979
9982
9998
9985
9969
9965
9991
9975
9992
9991
9979
9974
9992
9984
9987
9975
9991
9996
9980
9993
9979
9968
9985
9993
9966
9970
9998
9990
9988
9994
9995
9987
9984
9994
9996
9993
9989
9990
9976
9991
9957
9980
9999
9990
9994
9969
9988
9982
9978
9974
9984
9988
9981
9983
9999
9990
9977
9990
9988
9975
9963
9980
9958
9987
9993
9971
9990
9979
9980
9995
9981
9978
9984
9993
9988
9977
9984
9993
9967
9988
9971
9972
9975
9985
9979
9985
9983
9988
9981
9989
9963
9970
9985
9983
9995
9986
9978
9976
9988
9982
9987
9970
9988
9987
9979
9985
9991
9991
9993
9996
9977
9994
9981
9971
9996
9977
10000
9990
9994
9982
9991
9995
9981
9988
9987
9976
9983
9989
9995
9995
9986
9982
9989
9969
9997
9977
9977
9983
9981
9997
9985
9982
9972
9989
9992
9985
9989
9979
9976
9990
9992
9976
9991
9977
9997
9985
9986
9981
9994
9978
9985
9991
9976
9994
9985
9993
9991
9983
9981
9980
9980
9985
9959
9972
9994
9998
9977
9966
9989
10000
9994
9991
9973
9980
9994
9983
9996
9987
9982
9992
9991
9972
9981
9988
9985
9977
9994
9982
9974
9993
9992
9977
9987
9988
9965
9996
9986
9984
9985
9987
9983
9994
9969
9983
9987
9982
9993
9971
9997
9978
9980
9987
9994
9980
9987
9984
9996
9968
9995
9986
9981
9996
9980
9981
9992
9993
9988
9984
9994
9997
9987
9971
9977
9988
9987
9991
9972
9996
9986
9997
9985
9996
9980
9969
9989
9990
9993
9990
9967
9982
9987
9987
9968
9988
9981
9989
9999
9999
9966
9995
9978
9971
9982
9979
9984
9980
9979
9987
9983
9992
9989
9990
9991
9985
9988
9991
9966
9979
9972
10000
9980
9987
9983
9991
9956
9989
9980
9986
9984
9989
9985
9994
9988
9964
9985
9987
9989
9989
9996
9964
9993
9982
9972
9992
9989
9974
9962
9994
9987
9984
9982
9987
9980
9988
9984
9974
9990
9987
9990
9960
9969
