9992
9982
10000
9982
9998
9973
9988
9976
9992
9984
9998
9997
9995
9969
9994
9989
9978
9998
10000
9978
10000
9965
10000
9985
9983
9995
9970
9979
9993
9974
9987
9997
9991
9994
9984
9966
9987
9996
10000
9968
9982
9977
9977
9990
9996
9991
9994
9999
9988
9984
9992
9987
9964
9985
9981
9993
9985
9997
9985
9992
9986
10000
9996
9981
9962
9981
9998
9999
9996
9996
10000
9986
9996
9986
9990
9977
9987
9981
9990
9988
9981
9988
10000
9981
10000
9982
9999
9991
9983
9997
9992
10000
9990
9988
9968
9997
9978
9995
9993
9984
9999
9999
9993
9976
9990
9997
9971
9979
9982
9994
9995
10000
9996
9980
9987
10000
9999
9986
10000
9972
9995
9956
9984
9952
9995
9986
9981
9988
9987
9990
9991
9986
9983
9977
10000
9963
9981
9985
9970
10000
9999
9985
9979
9998
9994
9999
9993
9995
9993
10000
9981
9987
9998
9979
9977
9997
9990
9974
10000
9984
9993
10000
9982
9997
9992
9995
9982
9989
10000
9992
10000
9997
9958
9997
9992
9994
9992
9973
9995
9997
9988
9989
10000
9994
9993
9961
9985
10000
9986
9976
9997
9997
10000
9977
10000
9960
9990
9985
9992
9996
9983
9989
9980
10000
9978
10000
9969
9990
10000
9994
9958
9984
10000
9988
9986
9998
9981
10000
9994
9989
9975
10000
9983
10000
9998
9979
9993
10000
9988
9991
9969
9990
9995
9984
9998
9994
10000
9979
9988
9991
9991
9979
9995
9983
9999
9990
9995
9991
9979
9995
9984
9978
9978
9978
9991
9982
9970
9961
9995
9996
9989
10000
9979
9991
9960
10000
9969
10000
10000
9979
9957
9964
9988
9982
9966
9983
9996
9986
9981
9996
9990
9988
9967
9989
9982
9998
9981
9958
10000
9984
9994
9989
10000
9986
9977
9995
9970
9996
9980
9996
9977
9996
9991
9999
9965
9986
9996
9986
9996
9993
9987
9993
9948
9994
9992
9996
9986
9995
10000
9984
9975
9981
9967
10000
9984
9974
9999
9994
9969
9982
9995
10000
9994
9981
9992
9988
9994
9993
9993
9996
9990
10000
9972
9994
10000
9988
9998
9993
9969
9995
9982
10000
9955
9977
9991
10000
9985
10000
9979
10000
9993
9981
9966
9994
9992
10000
9976
9991
9962
9989
9986
9973
9990
9978
9985
9988
9986
9985
9999
9987
10000
10000
9984
9971
9984
9993
9985
10000
9975
9994
9989
9974
9987
9986
9993
9993
9984
9998
9978
9997
9981
9980
9979
9996
9990
9992
9983
9981
9987
9999
10000
9990
9991
9992
9999
9994
9994
9987
9987
9978
10000
9995
9973
9995
9998
9992
10000
10000
9999
9988
9983
9987
9995
10000
9997
9992
9987
9992
9988
9994
9990
9997
9982
9990
9983
9994
9986
9951
9988
9994
9993
9996
9987
9971
9998
9998
9982
9992
9999
9999
9994
9993
9992
9974
9987
9986
9990
9998
9995
9965
9983
10000
9995
9975
9998
9981
10000
9989
10000
9999
9991
9979
9987
9980
9999
9978
9994
9988
9983
9973
9999
9981
9991
9992
9991
9980
9979
9970
9999
9995
9999
9992
9994
9995
9983
9959
9989
9984
9998
9978
9974
9990
9999
9997
9987
9972
9972
9973
9989
9996
10000
10000
9977
9982
9993
9978
10000
9986
9993
9987
9987
9994
9994
9978
9999
9998
9998
9993
9987
9985
9984
9993
10000
9991
9973
9986
9991
9960
9994
9999
9991
9981
9979
9987
9997
9988
9975
9997
9994
9988
9981
9985
9975
9987
9998
9979
10000
10000
9990
9998
9975
9990
9980
9999
9990
10000
9990
9989
9993
9962
9994
9996
9989
9982
9984
9988
9985
9982
9975
10000
9966
9973
9998
9985
10000
9990
9972
9976
9995
9991
9992
9996
9999
9999
9986
9994
9982
9993
9985
9999
9987
9990
9989
9998
9970
9991
9989
9971
9974
9991
9989
9983
9984
9973
9987
9978
10000
9991
9994
9970
9992
9994
10000
9997
9979
9988
9998
9998
9975
9976
9990
10000
9997
9990
9972
9979
9999
9989
9976
9981
9992
9996
9990
9998
9989
9970
9974
9994
9972
9980
10000
9980
9972
9985
9990
9992
9959
9996
9949
10000
9999
9955
9989
9980
9986
9991
9990
10000
9993
9999
9997
10000
9978
9986
9996
10000
9989
9983
9996
9999
9996
9981
9996
9995
9992
9986
9978
9981
9977
9990
9990
9995
10000
10000
9992
9985
9978
9993
9996
9964
9990
9982
10000
9991
9991
9984
9994
9992
9979
9999
9987
9978
9982
9981
9970
9979
9997
9988
9992
9986
9979
9974
9990
9971
9997
9987
9979
9978
9991
9988
9991
9990
9987
9992
9999
9993
9982
9989
9994
10000
9992
9986
10000
9966
9981
9986
9989
9999
9986
9984
9974
9988
9961
9989
9990
9996
9988
9984
9993
9986
10000
9981
10000
10000
9987
9976
9971
9991
9980
9982
9999
9988
9983
9977
9984
9994
9976
9994
9984
10000
9998
9986
9993
9977
9999
9966
9976
9984
9997
9993
9996
9979
9986
9997
9991
9984
9991
10000
9957
9991
10000
9975
9995
9996
9993
9993
9996
9977
9988
9964
9996
9989
9998
9947
9986
9975
9997
9974
9994
9985
10000
9992
9987
9984
9988
9987
9993
9992
9984
9975
9974
9991
9976
9988
9988
9970
9989
10000
9996
9984
10000
9998
9985
9965
9985
9989
9969
9995
9978
10000
9997
9966
9996
9994
9969
9960
9961
9998
9998
9980
9990
9999
9968
9996
9989
9985
9986
10000
9964
9981
9981
9970
9969
9978
9981
9987
9992
9992
9973
9987
9987
9992
9994
9992
9984
9985
9999
9976
9979
9989
9995
10000
9983
9990
9996
10000
9971
9993
9987
10000
9988
9987
9992
9994
9981
9960
9983
9984
10000
9992
9978
9964
9985
9980
9974
9964
9978
10000
9966
10000
10000
10000
9973
9989
9982
9984
9989
9997
9983
9975
9999
10000
9991
10000
9983
9991
9987
9987
9990
9976
9995
9997
9982
9998
9999
9973
9998
10000
9999
10000
9985
9979
9995
9994
9989
9986
9990
9979
10000
9978
9981
9988
9979
9989
9995
9986
9996
9978
9980
10000
9985
9981
9983
9989
9990
9971
9986
9996
9961
9993
9969
9996
9990
9982
9999
9989
9987
9989
9988
9991
