9991
9772
9985
9921
9983
9977
9886
9939
9977
9982
9984
10000
9995
9906
9979
9945
9974
9927
9926
9857
9904
9898
9825
9977
9976
9970
9972
9998
9587
10000
9912
9978
9818
9970
9968
9979
9968
9980
9955
9785
9990
9964
9851
9991
9931
10000
9977
9879
9982
9922
9754
9991
9987
9656
9974
9968
9778
9990
9991
9865
9980
10000
9881
9916
9991
9915
9985
9933
9985
9851
9942
9993
9930
9550
9931
9701
9955
9925
9985
9968
9979
9894
9961
9987
9970
9986
9773
9973
9829
9754
9813
9980
9453
9987
9969
10000
9979
9987
9930
9821
9836
9837
9654
9987
9908
9547
9983
10000
9622
9988
9937
9956
9877
9880
9973
9904
9951
9958
9986
9956
9800
9923
9943
9664
9963
9959
9942
9928
9957
9849
9970
9989
9851
9774
9726
9856
9971
9924
9978
9955
9971
9987
9976
9991
9989
9970
9983
9953
9732
9978
9993
9923
9920
9980
9963
9976
9901
10000
9938
9761
9666
9974
9984
9991
9984
10000
9987
9972
9980
9739
9932
9897
9762
9976
9987
9990
9986
9986
9996
9953
9978
9981
9992
9985
9972
9840
9975
9968
9971
9775
9880
9991
9995
9975
9979
9975
9793
10000
9760
9979
9960
9935
10000
9969
9968
9713
9996
9963
9960
9982
9975
9829
9919
9966
9840
9930
9993
9885
9989
9973
9993
9879
9954
9861
9988
9945
9940
9982
9995
9967
9870
10000
9743
9980
9963
9973
9997
9835
9812
9876
9957
9829
9984
9852
9954
9971
9985
9963
9991
9983
9824
9976
9968
9957
9981
9897
9969
9992
9971
9966
9989
9990
9944
9987
9973
9912
9986
9750
9994
9949
9975
9901
9727
9987
9952
9844
9982
9802
9986
9998
9607
9982
9993
9935
9784
9988
9815
9914
9993
9852
9982
9626
9992
9856
9941
9985
9965
9972
9975
9985
9940
9965
9996
10000
9973
9985
9991
9952
9961
9989
9878
9918
9963
9908
9802
9954
9968
9961
9985
9930
9898
9948
9713
9761
9958
9985
9824
9991
9734
9935
9988
9821
9914
9991
9978
9960
9900
9970
10000
9867
9981
9970
9921
9993
9989
9912
9954
9853
9966
9940
9954
9991
9907
9972
9978
9951
9726
9977
9800
9994
9966
9861
9992
9979
9969
9990
9956
9989
9993
9965
9792
9934
9840
9943
9951
9816
9841
9999
9991
9986
9991
9974
9964
9939
9864
9979
9979
9909
9987
9976
9877
9989
9976
9921
9989
9950
9984
9986
9663
9750
9968
10000
9779
9904
9948
9979
9991
9994
9861
9979
9583
9971
9723
9676
9963
9558
9886
9777
9996
9976
9983
9920
9956
9975
9987
9904
9838
9963
9828
9981
9862
9981
9967
9946
10000
9971
9973
9913
9896
9789
9977
9913
9664
9699
9969
9946
9943
9984
9715
9967
9431
9965
10000
9940
9980
9986
9900
9984
9955
9960
9986
9973
9969
9957
9991
9960
9944
9913
9792
9846
9971
9763
9960
9924
9808
9985
9802
9943
9951
9994
9975
9541
9987
9896
9983
9936
9974
9971
9845
10000
9936
10000
9895
9860
9987
9990
9972
9988
9995
9969
9938
10000
9962
9919
9969
9934
9968
9974
10000
9985
10000
9969
9970
9968
9913
9982
9849
9957
9962
9945
9980
10000
9969
9992
9906
9828
9896
9852
9986
9989
9981
9845
9734
9890
9992
9989
9992
9967
9981
9997
9968
9927
9968
9980
9947
9764
9973
9980
10000
9625
9683
9962
9990
9962
9958
9988
9983
9892
9741
9962
9800
9941
9910
9960
9986
9984
9989
9944
9924
9943
9965
9995
9975
9990
9658
9746
9967
9972
9889
10000
9878
9911
9989
9950
9970
10000
9882
9974
9946
9917
9959
9981
9893
9968
9937
9960
9960
9992
9933
9993
9998
9988
9978
9961
9921
9980
9982
9982
9939
9832
9989
9987
9991
9938
9859
9988
9742
9966
9969
9895
9991
9980
9976
9972
9986
9976
9974
9976
9987
9933
9849
9911
9980
9972
9989
10000
9450
9969
9979
10000
9953
9951
9960
9948
9973
9982
9997
9756
9967
9988
9814
9992
9990
9873
9928
9977
9980
9887
10000
9985
10000
9985
9989
9973
9990
9989
9901
9981
9604
9977
9832
9927
9810
9983
9699
9948
9974
9931
9960
9493
9981
9946
9978
9915
9994
9993
9984
10000
9985
9968
9743
9997
9978
9956
9970
9976
9986
9970
9974
9883
9952
9757
9987
9887
9983
9922
9820
9981
9995
9945
9986
9927
9977
9991
9981
9923
9984
9993
9649
9875
9874
9994
9965
9987
9835
9969
9726
9911
9911
9984
9966
9987
9581
9949
9863
9926
9726
9989
9986
9956
9969
9970
9984
9957
9982
9906
9968
9979
9991
9972
9878
9894
9988
9988
9776
9721
9940
9966
9976
9991
10000
9972
9975
9917
9963
9595
9960
9990
9958
9871
9940
9842
9856
9946
9855
9995
9864
9846
9887
9981
9921
9981
9954
9975
9959
9893
9979
9921
9896
9989
9975
9784
9978
9991
9993
9953
9830
9981
9977
9993
9970
9963
9976
10000
9984
9788
9983
9979
9996
9987
9917
9987
9995
9982
9936
9940
9986
9937
9854
9969
9952
9986
9896
9973
9886
9970
9990
9954
9877
9976
9985
9805
9868
9965
9972
9980
9977
9997
9970
9960
9973
9969
9995
9991
9987
9758
9976
9783
9975
9805
9740
9974
9981
9986
9981
10000
9985
9950
9446
9987
9947
10000
9989
9957
9978
9975
9685
9992
9965
9992
9830
9902
9946
9968
9905
9945
9972
10000
9984
9983
9962
9961
9731
9932
10000
9967
9980
9985
9969
9911
9556
10000
9983
9841
9988
9993
9989
9987
9831
9747
9772
9967
9822
9961
9933
9987
9768
9952
9980
9963
9987
9919
9951
9945
9995
10000
9928
9966
9990
9800
9980
9985
9978
9919
9987
9992
9921
9983
9904
9752
9972
9989
9952
9981
10000
9891
9985
9979
9819
9822
9859
9938
9629
9858
9936
9986
9763
9728
9998
9715
9988
10000
9987
9984
9983
9765
9978
9983
9641
9992
9987
9839
9985
10000
9662
9974
9980
9616
9862
9906
9792
9731
9785
9915
9972
9982
9998
9957
9766
9975
9989
9977
9972
9984
9925
9892
9971
9984
9989
9945
9844
9861
9792
9929
9976
9992
9979
9971
9769
9962
