9989
9995
9990
9983
9990
9984
9979
9990
9955
9995
9977
9976
9993
9983
9987
9993
9983
10000
9994
10000
9999
9998
9980
9995
10000
9973
9986
9985
9994
9991
9990
9981
10000
9994
9986
9994
9985
9996
9953
9988
9993
9995
9966
9999
9983
9966
9993
9996
9989
9987
9983
9986
9986
9982
9983
9982
9993
9991
10000
9989
9992
9980
10000
9975
10000
9993
9991
9983
9991
9987
9984
9991
9986
9981
9976
9988
9993
9973
9988
9988
9989
9991
9977
9992
10000
9982
9999
9985
9982
9989
9991
9978
9984
9990
9995
9980
9978
10000
9996
9984
9978
9986
9980
9982
9977
9985
9994
9992
9972
9985
9992
9963
9971
9970
9987
9982
9981
9990
9963
9991
9992
9993
9970
9985
9993
9984
9996
9995
9989
9985
9996
9981
9986
9985
9988
9984
9987
9983
9990
9987
9985
9974
9978
9976
9987
9996
9965
9971
9989
9985
10000
9991
9988
9994
9985
9986
9969
9980
9971
10000
9985
9988
9989
9992
9993
9986
9990
9992
9957
9985
9967
9992
9986
9985
9998
9989
9980
9973
9983
10000
9989
9991
9994
9984
9929
9998
9977
9992
9997
10000
9977
10000
9965
9984
9989
9986
9989
9983
9998
9991
9984
9981
10000
9999
9985
9981
9997
9989
10000
9979
9979
9991
9988
9997
9960
9982
9980
9998
9989
9997
9983
9989
9988
9961
9996
9952
9982
9986
10000
9988
9994
9975
10000
10000
9998
9955
9990
9958
9990
9979
9996
9990
10000
9994
10000
9987
9985
10000
9996
9988
9992
9985
9972
9995
9990
9983
10000
9980
9990
9988
9980
9988
9979
9999
9986
9989
9987
9991
9987
9997
9962
9991
9977
9982
9991
9988
9984
9982
9999
9997
9992
9995
10000
9990
9986
9960
9975
9982
9980
10000
9984
9966
9969
9981
9989
9992
9993
9974
9985
9984
9979
9986
9996
9982
9994
10000
9955
9989
9991
9987
9980
9998
9977
9997
9989
9991
9999
9986
9993
9963
9993
9986
9998
9965
10000
9974
9978
9979
9990
9976
9991
10000
9992
9991
9981
9988
9980
9971
9969
9986
9982
9985
9982
9965
9974
9999
9995
9987
9985
9994
9974
9980
9996
9969
9989
9987
9995
9996
9958
9976
9968
9987
9975
9985
9984
9976
9993
9985
9970
9992
9993
9980
9988
9990
9989
9994
9998
10000
9978
9996
9966
9985
9989
9983
10000
9994
9998
9974
9970
9976
9994
9967
9963
9990
9998
9991
9989
9975
10000
9976
9993
9990
9990
9990
9999
9997
9998
9995
9991
9989
10000
9983
9994
9988
9986
9982
9975
9990
9983
9991
9992
9994
9970
9967
9985
9991
9993
9981
9988
9988
9994
9976
9982
9949
9987
9998
9997
9982
9991
9992
9990
9981
9985
9987
9982
10000
9978
9995
9991
9983
9999
9981
9964
9988
9998
9997
9975
9990
9941
9990
9989
9981
9993
9971
9972
9995
9987
9996
9977
9969
9985
9962
9989
9992
9976
9969
9994
9998
9978
9984
9999
9981
9983
9996
9991
9999
9980
9977
9978
9973
9992
9989
9991
9985
9994
9992
9999
10000
9988
9982
9992
9979
9987
9975
9986
9990
9987
9969
9999
9986
9981
9991
9988
9992
9997
9987
9995
9997
9977
9977
9992
9973
9974
9979
10000
9995
9990
9984
10000
9990
9985
9985
9973
9994
9996
9981
9990
9987
10000
9968
9977
9991
9989
9987
9972
9964
9968
9995
9983
9981
9987
9976
9981
10000
10000
9994
9985
9984
9997
9992
9987
9967
9991
9983
9995
9988
9975
9984
9962
9990
9987
10000
9958
9982
9994
9992
9983
9977
9989
9979
9991
9975
10000
9992
9983
9982
9983
9977
9990
9983
9975
9987
9995
9980
9986
9963
9985
9984
9996
9974
9986
9973
9993
9989
9993
9978
9993
9988
9999
9997
9974
9985
9995
9973
9989
9984
9994
9993
9999
9993
10000
9991
9991
9947
9996
9985
9990
9994
9988
9993
9977
10000
9998
9992
9998
9996
9983
9999
9998
9977
9976
9980
9994
9993
9993
9980
9961
9985
9986
9975
9977
9989
9983
9979
9990
9978
9986
9991
9979
9984
10000
9988
9994
9989
9984
9984
9968
9992
9995
9977
9982
9997
9975
9988
9986
10000
9969
9992
9979
9979
9996
9977
9993
9983
9982
9990
9972
9989
9994
9976
9979
9985
9995
9996
9971
9995
9980
9987
9996
9974
10000
9989
9988
9962
9981
9983
9974
9983
9983
9994
9991
9996
9998
9994
9992
9982
9986
9979
9993
9976
9987
9983
9990
9999
9994
9986
9992
9993
9998
9986
9968
9997
10000
9987
9984
9973
9988
9985
9997
9997
9980
9976
9992
9978
9975
9972
9967
9990
9992
9991
9995
10000
9988
9987
9990
10000
9995
9998
9999
9993
9989
9992
9995
9981
10000
9980
9960
9995
9983
9983
9994
9992
10000
9974
9983
9972
9970
9985
9995
9964
9985
9995
9964
9999
10000
9968
9999
10000
9975
9987
9990
9987
9992
9972
9978
9997
9987
9975
9988
9996
9975
9982
9987
9952
10000
9984
9998
9989
9979
9981
9963
9991
9987
9987
9994
9988
9999
9983
10000
9996
9989
10000
10000
9968
9990
9977
9990
9981
9992
9971
9989
10000
9980
9975
9985
9989
9986
9995
9985
9989
9978
9992
9975
9985
9988
9999
9976
9989
9986
9993
9984
9996
10000
9991
9980
9987
9975
9988
9985
9996
10000
9992
9986
9991
9991
9970
9999
9988
9969
9977
9984
9985
10000
9994
9997
9965
9979
9996
9976
9995
9993
9977
9986
9999
9976
9996
9982
9995
9988
9987
9987
9993
9985
9977
9994
10000
10000
9999
9978
9990
9992
9987
9994
9991
9989
9984
9990
9988
9979
9991
9993
9988
10000
9984
9969
10000
9991
9992
9934
9973
9991
9996
9979
9982
9987
9986
9990
9987
9965
9996
9995
9979
9996
9995
9986
9991
10000
9987
9958
9989
9980
9979
9985
9980
9983
9991
9994
9984
9989
9985
9999
9975
9981
10000
9980
9994
9991
9988
9988
9993
9989
9985
9992
9981
9989
9987
9993
9984
9981
9978
9979
9965
9977
9995
9981
9986
9976
9991
9981
9994
10000
10000
9992
9990
9974
9991
9991
9975
10000
9967
9996
9990
9983
9974
9977
9979
9991
9981
9985
9975
