10000
10000
9985
9987
9975
9988
9980
10000
10000
10000
9982
10000
10000
10000
9982
9991
9970
9991
9991
10000
9996
9990
9985
10000
9989
9986
9966
10000
9987
10000
9979
10000
9995
9977
9971
9983
9983
10000
9983
10000
10000
10000
9983
10000
9981
9961
9983
9995
10000
10000
9994
9989
10000
9988
9987
9981
9983
9983
10000
10000
9981
9975
10000
9965
10000
10000
10000
10000
9990
10000
9961
10000
9982
10000
10000
9974
10000
10000
9972
9987
9982
9975
9979
10000
9974
9999
9990
9942
9995
10000
10000
9971
10000
9978
10000
9958
9985
9992
9994
9980
10000
10000
9970
9981
10000
9995
10000
9992
10000
9971
9979
10000
10000
9991
9993
10000
10000
9984
10000
9995
9977
10000
10000
10000
10000
9964
9981
10000
9998
10000
9980
9994
10000
10000
10000
10000
9987
10000
9996
9978
9953
10000
9985
9990
10000
9988
9988
10000
10000
10000
9993
10000
9983
9961
10000
9990
9992
9976
10000
9985
10000
10000
9996
9990
9991
9977
10000
10000
9984
9983
9983
10000
10000
10000
10000
9999
10000
9991
9998
9988
9979
9983
10000
10000
10000
9983
9996
9980
10000
9971
10000
9954
10000
10000
10000
9975
9987
10000
10000
9983
9991
9997
10000
10000
10000
10000
9989
10000
10000
9996
9981
9954
10000
10000
10000
9958
9981
10000
9986
10000
9982
10000
10000
10000
10000
10000
9999
10000
9995
10000
9978
10000
10000
9982
9976
9989
9987
10000
9988
9985
10000
9977
10000
10000
9982
9981
9976
9984
10000
9978
10000
9979
9968
10000
10000
10000
10000
10000
10000
10000
10000
9985
9990
9990
9991
9984
9988
10000
10000
10000
10000
9989
9977
10000
10000
9967
10000
10000
10000
10000
9996
10000
10000
9980
9953
10000
10000
9974
9994
9984
10000
9982
10000
9972
9973
10000
9997
10000
10000
9991
10000
10000
9990
9986
9990
10000
9991
10000
10000
9986
10000
9981
9992
10000
10000
9986
10000
10000
9985
9994
10000
10000
10000
9987
10000
10000
9984
10000
9973
9992
9989
9988
10000
9976
9976
9976
10000
9976
10000
10000
9984
10000
9993
9987
9984
10000
10000
10000
10000
9993
9998
9984
9997
10000
9966
9979
9988
10000
9983
9987
9984
10000
9995
10000
10000
10000
9996
10000
10000
10000
9998
10000
9996
10000
9998
10000
10000
9962
9977
10000
10000
9989
9987
10000
10000
9977
9978
9984
9987
10000
10000
9967
9994
9991
10000
10000
9981
10000
9958
10000
9995
10000
10000
9996
10000
9994
9983
9991
10000
9955
10000
9981
9991
10000
10000
9975
9999
9998
9981
10000
10000
9982
9972
9986
9973
10000
9977
10000
10000
9978
10000
9992
10000
9991
9980
9976
9989
9977
9992
9957
9994
10000
9993
10000
10000
10000
10000
10000
10000
10000
10000
10000
10000
10000
9975
10000
10000
9987
9991
9984
10000
9990
9999
9996
10000
10000
9966
9980
9977
9982
9989
9982
9990
9972
10000
10000
10000
10000
9984
10000
9981
9995
9993
10000
9986
9980
9995
10000
9993
9963
10000
9975
10000
9982
9990
10000
9991
10000
9994
10000
9982
9996
9992
10000
9982
10000
10000
10000
10000
10000
10000
10000
9989
9990
9986
9984
10000
9975
9994
10000
9981
9992
10000
10000
9971
9995
10000
10000
9982
9986
9961
10000
9999
9999
10000
9973
9960
10000
10000
10000
9984
9984
9984
9996
10000
9991
9995
9979
10000
9979
10000
9992
9986
10000
9986
9980
9998
9957
9985
9987
9989
10000
10000
10000
10000
9983
9998
10000
9997
10000
10000
9978
9988
9964
10000
10000
10000
10000
9991
9995
9969
9997
10000
10000
9983
9990
9997
10000
10000
9991
10000
9992
9991
10000
10000
9988
9970
9985
10000
9971
9998
10000
9989
9968
9995
9986
10000
9985
9986
9977
9974
9980
10000
10000
9994
9978
9986
10000
10000
10000
10000
10000
10000
10000
9954
10000
9983
9991
9985
9992
10000
9979
9959
10000
9985
10000
10000
10000
9968
10000
9986
9999
9972
9996
10000
10000
10000
10000
9988
9984
9984
10000
10000
10000
9988
10000
9976
10000
10000
10000
9991
10000
9999
9997
10000
9990
9983
10000
10000
10000
9984
9996
9978
9997
10000
9982
9984
9990
10000
9981
10000
10000
9983
9992
9985
10000
10000
9992
10000
9987
9981
9994
10000
10000
9993
9987
9989
10000
9976
9993
9984
10000
9969
9985
10000
9999
9973
10000
9975
9983
9973
10000
9992
10000
9992
10000
10000
9991
10000
10000
9962
10000
10000
9958
10000
9999
10000
9977
9981
10000
10000
10000
10000
9977
10000
9986
10000
10000
9994
10000
10000
9981
9967
10000
10000
9991
9996
10000
9992
10000
9985
10000
10000
9979
10000
9997
9973
9978
9993
9982
10000
9988
10000
10000
9991
10000
9985
9990
10000
10000
10000
10000
9985
9997
10000
10000
10000
9990
10000
9984
9982
9983
10000
9985
9982
9975
9984
10000
10000
10000
10000
9990
10000
10000
10000
9997
10000
9971
10000
10000
9989
9968
9983
10000
9995
9993
9987
9985
9982
9992
10000
9983
9994
10000
9991
9988
10000
9973
9968
10000
10000
9996
10000
9973
9972
9968
9988
9980
9998
10000
10000
10000
10000
9990
10000
10000
9977
9998
10000
9983
10000
9991
9986
9977
10000
9986
10000
9984
9975
9990
10000
9990
9991
10000
10000
10000
9984
9983
9991
9987
9994
10000
9989
10000
9986
9996
10000
9995
10000
10000
9990
9990
10000
10000
10000
9989
10000
9999
9963
10000
10000
10000
9989
9982
9977
9979
10000
9977
9975
10000
9980
9982
9996
10000
9988
10000
10000
10000
9994
9995
9984
9997
9992
9989
9985
9988
9976
10000
10000
9985
9986
10000
9983
9977
9989
10000
10000
10000
9974
9987
10000
9990
9989
9985
9970
10000
10000
10000
10000
10000
10000
10000
9971
9986
10000
9994
10000
9985
9983
9991
9986
10000
10000
9991
9990
10000
10000
10000
9993
9980
9984
10000
10000
10000
9959
9961
10000
9994
10000
10000
9995
10000
9970
10000
10000
10000
9986
10000
9988
9994
10000
10000
9987
9982
10000
9990
9977
9987
9969
10000
10000
9991
9991
10000
9991
10000
10000
9995
10000
9980
10000
10000
9997
9984
10000
9999
10000
9982
9989
10000
