9969
9984
9979
9973
9939
9980
9987
9986
9991
9967
9969
9987
9966
9964
9999
9993
9984
9994
9988
9984
9994
9981
9976
9987
9987
9996
9984
9985
9987
9995
9982
9987
9982
9976
9995
9993
9993
9983
9986
9984
9988
9983
9989
9976
9989
9983
9995
9987
9996
9997
9971
9968
9974
9988
9991
9984
9992
9993
9993
9971
9987
9993
9985
9978
9974
9994
9979
9972
9995
9991
9993
9988
9979
9994
9988
9981
9984
9952
9993
9993
9989
9974
9989
9969
9963
9984
9990
9973
9990
9964
9994
9977
9978
9987
9987
9984
9965
9990
9990
9984
9978
9982
9959
9984
9985
9992
9984
9993
9979
9995
9977
9964
9993
9994
9990
9990
9985
9977
9989
9982
9993
9983
9985
9978
9985
9999
9994
9979
9985
9996
9980
9973
9962
9984
9987
9985
9986
9992
9981
9970
9981
9991
9975
9978
9994
9986
9991
9985
9992
9967
9982
9979
9978
9987
9990
9962
9972
9986
9971
9984
9979
9965
9982
9991
9978
9991
9982
9991
9979
9946
9972
9971
9986
9976
9995
9994
9981
9980
9981
9978
9982
9965
9956
9984
9982
9994
9976
9993
9991
9992
9997
9974
9992
9986
9968
9978
9997
9986
9981
9990
9977
9983
9993
9996
9976
9986
9984
9991
9967
9985
9979
9978
9987
9991
9996
9986
9988
9996
9986
9989
9985
9988
9986
9984
9985
9985
9992
9984
9992
9986
9978
9969
9975
9978
9989
9988
9991
9986
9988
9986
9986
9953
9973
9980
9984
9999
9977
9993
9989
9981
9979
9996
9996
9993
9975
9995
9977
9996
9991
9981
9984
9991
9982
9974
9990
9988
9994
9989
9988
9995
9983
9972
9997
9977
9991
9994
9989
9993
9977
9967
9989
9994
9980
9983
9976
9971
9988
9978
9981
9984
9989
9990
9982
9968
9985
9988
9957
9987
9995
9993
9989
9970
9987
9989
9996
9990
9995
9972
9996
9995
9981
9985
9989
9986
9996
9970
9984
9964
9988
9990
9993
9995
9981
9939
9992
9974
9981
9998
9977
9983
9990
9982
9974
9985
9980
9987
9996
9982
9990
9986
9985
9962
9986
9985
9980
9992
9982
9996
9980
9987
9983
9986
9970
9998
9978
9993
9993
9978
9986
9976
9977
9982
9994
9987
9997
9971
9991
9994
9982
9990
9986
9987
9991
9973
9979
9975
9975
9984
9984
9980
9965
9985
9981
9987
9997
9997
9964
9995
9987
9984
9985
9978
9982
9996
9985
9984
9985
9980
9991
9976
9969
9994
9989
9996
9982
9985
9999
9968
9988
9980
9980
9994
9981
9974
9979
9992
9989
9995
9967
9988
9975
9972
9996
9986
9959
9987
9995
9987
9975
9985
9974
9991
9987
9992
9992
9977
9989
9980
9995
9982
9988
9984
9969
9979
9982
9981
9977
9989
9987
9974
9975
9991
9994
9994
9975
9985
9980
9988
9999
9979
9996
9974
9972
9992
9979
9992
9981
9985
9983
9974
9988
9987
9971
9967
9980
9983
9994
9997
9980
9966
9978
9992
9993
9976
9989
9984
9983
9989
9991
9992
9992
9981
9994
9983
9980
9991
9992
9994
9991
9977
9989
9980
9989
9992
9997
9997
9975
9993
9988
9977
9979
9972
9979
9964
9972
9985
9978
9992
9986
9986
9982
9989
9984
9987
9991
9988
9975
9988
9994
9996
9985
9982
9990
9980
9974
9986
9985
9976
9974
9972
9972
9980
9996
9967
9998
9993
9961
9988
9965
9990
9989
9964
9978
9991
9987
9976
9986
9976
9990
9949
9996
9972
9993
9977
9977
9988
9990
9988
9995
9993
9976
9986
9994
9983
9962
9994
9977
9987
9996
9994
9979
9983
9980
9995
9983
9990
9984
9962
9983
9977
9992
9980
9987
9986
9988
9996
9997
9988
9986
9988
9988
9987
9990
9986
9986
9980
9995
9987
9994
9974
9991
9990
9976
9991
9988
9986
9977
9985
9989
9989
9989
9986
9983
9986
9990
9984
9985
9990
9981
9987
9965
9985
9993
9990
9973
9984
9994
9988
9982
9979
9985
9960
9990
9998
9988
9990
9978
9973
9983
9966
9988
9992
9986
9975
9993
9973
9990
9997
9993
9979
9973
9986
9992
9990
9978
9991
9966
9985
9998
9988
9975
9980
9984
9988
9993
9971
9986
9988
9993
9991
9994
9982
9947
9993
9995
9978
9993
9989
9991
9988
9996
9989
9998
9992
9987
9984
9986
9990
9998
9995
9983
9974
9965
9974
9973
9993
9985
9982
9981
9990
9986
9993
9991
9995
9989
9993
9986
9983
9985
9990
9988
9982
9966
9982
9985
9992
9984
9974
9989
9991
9987
9979
9986
9982
9986
9982
9996
9991
9973
9984
9995
9984
9986
9988
9955
9997
9971
9975
9987
9986
9987
9975
9974
9967
9983
9979
9974
9987
9981
9976
9980
9986
9991
9994
9999
9986
9992
9980
9976
9985
9974
9976
9990
9949
9989
9989
9991
9977
9975
9988
9988
9971
9989
9995
9990
9981
9988
9984
9988
9978
9980
9962
9981
9991
9997
9996
9989
9981
9978
9990
9996
9990
9991
9979
9991
9989
9994
9975
9960
9982
9996
9989
9986
9991
9994
9984
9979
9992
9981
9963
9984
9995
9992
9982
9980
9986
9993
9972
9992
9986
9973
9991
9969
9982
9991
9979
9987
9992
9989
9994
9989
9979
9988
9994
9988
9984
9959
9971
9993
9980
9975
9993
9970
9978
9986
9967
9992
9989
9976
9983
9970
9973
9978
9996
9972
9990
9981
9981
9975
9992
9988
9978
9984
9980
9992
9993
9972
9998
9983
9996
9987
9990
9999
9993
9964
9988
9999
9996
9984
9993
9989
9991
9979
9991
9971
9980
9975
9986
9988
9983
9992
9985
9993
9973
9986
9980
9974
9990
9971
9992
9996
9975
9990
9980
9992
9999
9988
9991
9990
9990
9989
9973
9965
9989
9984
9993
9975
9980
9992
9991
9971
9995
9991
9985
9987
9982
9974
9988
9983
9982
9985
9984
9978
9988
9991
9967
9969
9988
9976
9964
9992
9990
9977
9995
9992
9966
9986
9976
10000
9990
9981
9992
9983
9982
9991
9982
9991
9962
9989
9971
9994
9977
9992
9964
9972
9954
9977
9990
9966
9974
9996
9976
9984
9987
9984
9986
9994
9981
9978
9983
9976
9984
9987
9991
9987
9982
9986
9985
9981
9977
