9971
9979
9989
9981
9992
9970
9997
9972
9985
9974
9992
9992
9973
9964
9992
9983
9983
9978
9989
9981
9972
9974
9988
9986
9986
9974
9986
9992
9989
9979
9987
9991
9985
9980
9987
9988
9978
9980
9976
9985
9992
9975
9988
9966
9985
9980
9992
9982
9998
9982
9989
9990
9987
9972
9982
9982
9983
9993
9970
9993
9985
9993
9965
9968
9993
9980
9991
9983
9993
9988
9989
9972
9980
9996
9995
9995
9968
9988
9968
9975
9996
9970
9964
9992
9980
9988
9993
9992
9995
9990
9984
9992
9983
10000
9986
9957
9992
9964
9992
9980
9976
9991
9966
9995
9976
9989
9971
9978
9972
9982
9983
9985
9985
9989
9979
9982
9975
9986
9991
9994
9992
9992
9961
9983
9982
9979
9982
9985
9988
9973
9999
9980
9979
9970
9973
9991
9994
9988
9979
9991
9982
9976
9985
9985
9990
9984
9983
9987
9984
9990
9994
9987
9981
9978
9997
9994
9985
9982
9989
9980
9950
9982
9993
9984
9994
9990
9989
9959
9976
9987
9985
9970
9981
9988
9952
9975
9995
9987
9984
9982
9987
9995
9979
9991
9982
9987
9968
9975
9996
9986
9995
9987
9992
9990
9982
9974
9982
9997
9976
9990
9991
9994
9988
9982
9993
9990
9990
9987
9980
9978
9980
9999
9987
9980
9971
9996
9994
9974
9994
9984
9978
9995
9983
9984
9994
9987
9990
9957
9979
9986
9961
9961
9995
9981
9972
9990
9994
9981
9997
9986
9985
9987
9993
9990
9990
9972
9999
9990
9992
9970
9992
9996
9997
9992
9964
9977
9990
9972
9991
9969
9984
9994
9986
9979
9990
9990
9993
9986
9981
9970
9979
9959
9975
9984
9982
9992
9962
9969
9980
9994
9992
9962
9969
9984
9991
9982
9983
9992
9970
9988
9983
9995
9993
9989
9983
9989
9994
9990
9972
9988
9980
9991
9990
9982
9985
9982
9971
9994
9974
9991
9974
9985
9992
9976
9983
9986
9977
9984
9994
9967
9988
9975
9975
9995
10000
9988
9985
9989
9973
9985
9973
9986
9988
9989
9984
9986
9981
9980
9960
9980
9979
9949
9986
9991
9981
9989
9986
9990
9978
9987
9997
9991
9977
9975
9987
9989
9979
9978
9975
9991
9988
9984
9977
9981
9961
9980
9998
9984
9973
9986
9988
9988
9991
9997
9959
9989
9970
9992
9996
9978
9983
9995
9994
9989
9979
9981
9971
9972
9991
9966
9986
9985
9982
9993
9967
9970
9979
9975
9986
9995
9995
9993
9986
9991
9992
9994
9990
9971
9995
9989
9990
9990
9982
9984
9989
9985
9990
9985
9980
9991
9983
9987
9974
9979
9994
9969
9996
9985
9986
9974
9986
9981
9995
9992
9984
9989
9994
9978
9968
9984
9995
9977
9999
9954
10000
9993
9982
9968
9993
9984
9978
9975
9984
9983
9986
9988
9970
9986
9983
9990
9986
9993
9986
9995
9993
9991
9960
9994
9996
9977
9988
9988
9988
9990
9971
9978
9964
9987
9981
9992
9975
9958
9988
9996
9971
9972
9981
9987
9972
9987
9983
9994
9970
9989
9985
9976
9968
9977
9990
9986
9979
9984
9988
9977
9991
9993
9975
9991
9996
9988
9988
9968
9985
9974
9994
9997
9975
9985
9988
9984
9976
9979
9981
9982
9979
9987
9992
9985
9976
9968
9991
9989
9997
9973
9973
9993
9980
9996
9991
9990
9991
9991
9992
9989
9966
9988
9994
9994
9982
9990
9991
9966
9982
9991
9976
9988
9981
9981
9989
9981
9992
9989
9992
9994
9991
9979
9973
9987
9972
9975
9970
9981
9996
9979
9983
9984
9985
9987
9988
9975
9985
9983
9987
9982
9992
9989
9990
9996
9976
9986
9970
9990
9980
9988
9986
9974
9984
9988
9995
9974
9992
9989
9989
9984
9989
9992
9979
9974
9976
9978
9982
9985
9988
9992
9948
9977
9992
9981
9982
9986
9987
9987
9964
9990
9980
9983
9985
9976
9973
9992
9991
9999
9995
9968
9977
9990
9978
9969
9971
9996
9977
9997
9987
9994
9986
9974
9991
9989
9998
10000
9985
9986
9990
9990
9980
9977
9993
9988
9988
9984
9988
9988
9997
9970
9993
9980
9973
9977
9982
9990
9993
9988
9963
9980
9989
9997
9996
9988
9988
9978
9989
9982
9993
9992
9985
9965
9987
9982
9994
9996
9991
9980
9987
9974
9989
9988
9992
9990
9993
9982
9992
9994
9990
9964
9971
9978
9987
9975
9995
9990
9995
9954
9984
9990
9984
9974
9963
9990
9983
9992
9993
9985
9992
9976
9973
9985
9993
9991
9988
9979
9990
9969
9986
9985
9985
9985
9984
9985
9985
9982
9982
9990
9987
9989
9994
9985
9988
9986
9994
9984
9990
9985
9982
9976
9985
9980
9981
9981
9988
9975
10000
9983
9997
9984
9987
9994
9977
9989
9988
9986
9978
9989
9986
9975
9984
9990
9983
9971
9989
9956
9983
9986
9976
9989
9969
9989
9979
9980
9974
9991
9990
9982
9979
9985
9989
9974
10000
9981
9983
9966
9963
9997
9985
9991
9996
9991
9973
9981
9982
9979
9990
9997
9973
9983
9990
9983
9983
9989
9991
9990
9993
9986
9993
9983
9992
9977
9989
9990
9996
9971
9997
9991
9989
9993
9978
9962
9991
9991
9983
9970
9978
9977
9990
9982
9994
9987
9968
9993
9992
9996
9992
9989
9982
9981
9983
9980
9986
9972
9958
9992
9992
9965
9985
9989
9990
9992
9992
9990
9977
9976
9977
9973
9994
9986
9995
9991
9978
9981
9988
9973
9988
10000
9987
9976
9989
9984
9993
9995
9979
9983
9976
9976
9989
9969
9992
9976
9968
9977
9981
9987
9965
9991
9983
9980
9977
9985
9991
9971
9989
9993
9963
9988
9991
9976
9990
9959
9991
9990
9977
9990
9988
9990
9981
9994
9994
9971
9993
9990
9997
9976
9993
9993
9988
9929
9988
9970
9968
9995
9983
9986
9990
9989
9987
9978
9994
9957
9990
9997
9977
9978
9989
9971
9995
9973
9983
9984
9994
10000
9995
9990
9976
9984
9996
9995
9947
9971
9969
9978
9988
9984
9980
9992
9989
9988
9986
9986
9993
9983
9986
9987
9979
9989
9991
9966
9994
9987
9988
9973
9992
9996
9975
9972
9976
9985
9977
9967
9987
9991
9960
9984
