10000
9255
9830
9936
8560
9968
9929
10000
9650
9840
10000
9935
9987
9788
10000
9978
9836
10000
9932
9909
10000
10000
9373
9421
10000
9456
10000
9862
9989
10000
9544
10000
9935
9327
9272
9720
10000
10000
9198
9681
9573
10000
9521
9756
9333
10000
9771
10000
9306
10000
9284
9980
9908
9872
9988
9737
10000
9949
8929
9842
9904
9957
10000
10000
9955
9928
10000
10000
9968
9524
10000
9876
10000
10000
9968
8865
9607
9960
9806
8641
9925
9964
9980
9976
10000
9945
8681
9786
10000
10000
10000
10000
9937
9791
8821
9882
9884
10000
9606
9966
8793
10000
9839
10000
9859
10000
9921
9687
10000
9024
9138
9766
10000
9532
9520
9631
9176
9805
9112
8580
10000
9647
9729
9926
9727
9712
9564
9466
10000
8790
9749
9356
9948
9498
9599
10000
9979
9570
10000
9132
9796
9650
9959
10000
9905
9409
9913
9824
9903
10000
9773
9326
9820
9449
9846
10000
9888
9681
10000
9959
9341
9441
10000
10000
9975
9275
9975
9132
10000
9013
10000
9761
9458
10000
10000
9347
9333
9577
9329
9444
10000
9876
8579
9980
9779
10000
9527
9877
9968
10000
9963
9798
9980
9739
9987
9564
9636
9816
10000
9336
10000
9949
9183
9939
8979
10000
9326
9886
9317
10000
9512
9466
9735
9983
9711
9643
9572
10000
10000
9641
10000
9628
9588
9716
9395
9979
9985
9856
8993
9075
9735
8934
9663
9946
10000
9380
9677
10000
8906
9988
9786
9070
9891
10000
9739
8877
9699
9466
10000
10000
9856
9913
10000
9931
10000
9278
10000
9931
9644
10000
9796
9822
9774
9811
9632
9504
9741
10000
10000
10000
9882
9775
9857
9768
9719
9794
9942
9265
9972
9927
9815
9293
10000
10000
9865
9456
10000
9225
9952
9120
9789
9653
9737
9766
9766
8930
9673
9978
9464
9409
9975
8704
10000
9498
9373
9719
9751
9961
10000
9914
10000
9431
9233
9910
8566
9730
10000
9897
10000
9861
10000
8634
9918
10000
10000
9694
9976
9836
10000
9499
9589
9873
8647
9894
9396
9573
9815
9894
9886
9448
10000
8722
9699
9971
10000
9234
9483
10000
9469
8880
9997
10000
9734
10000
9970
9694
10000
10000
9792
9905
9504
9964
9944
9052
9748
9866
9499
9984
9870
8559
9632
9954
9990
10000
9538
9213
9960
9887
9669
9927
9680
9530
9945
9975
9979
9892
10000
9513
8748
9835
10000
10000
10000
9735
9726
9870
10000
9744
10000
9192
9872
10000
9398
9906
9569
9973
9976
9987
8929
8791
9625
10000
8315
9332
10000
9966
9855
10000
9759
10000
10000
10000
9951
9698
9359
10000
9664
10000
9932
9979
9232
9367
10000
9563
9204
10000
9546
9949
10000
9757
9934
9969
10000
9584
10000
9374
10000
9928
9811
10000
10000
9883
10000
10000
9967
9692
10000
10000
9919
10000
9906
10000
9973
9534
10000
9897
10000
9212
10000
10000
9873
9448
9536
9186
9657
10000
9960
10000
9236
10000
10000
8769
9995
9996
10000
10000
9895
9887
10000
10000
10000
10000
9973
10000
8855
10000
8913
9819
10000
9950
10000
9487
9731
9637
9993
10000
9518
9584
10000
9791
10000
9744
10000
9989
10000
9695
9976
9992
10000
9113
10000
9987
10000
9675
10000
9930
9500
10000
10000
9929
9734
9849
10000
8932
9953
9904
9825
10000
9755
9382
9605
10000
10000
9694
9536
10000
9636
10000
10000
9632
10000
10000
9706
9895
10000
10000
8988
8743
9821
10000
10000
9952
9966
10000
9770
9572
10000
9590
9954
9683
10000
9604
9442
9922
10000
9653
8865
10000
9970
9941
9750
10000
9982
9407
9973
9310
9470
10000
10000
10000
9122
9704
9902
10000
9973
9541
10000
9736
10000
9684
10000
9337
9322
9742
9298
10000
9791
10000
9958
9827
10000
9857
9882
10000
10000
9975
9797
9845
9847
9908
9254
9869
9229
9905
10000
8560
10000
9961
10000
9989
9921
8826
10000
10000
9676
9604
9883
9940
9959
9916
8736
10000
9965
9669
10000
9742
10000
9770
9909
10000
9977
10000
9977
9814
9441
10000
10000
10000
9810
9846
9919
9120
8977
10000
9751
9803
9767
9505
10000
9177
10000
9991
10000
10000
9978
10000
8985
10000
9989
9055
10000
10000
9366
9439
10000
9706
9677
10000
10000
9964
9685
8666
9394
8885
9818
10000
8940
9330
10000
9941
10000
9849
9983
9476
9890
10000
10000
9493
9024
9952
9520
9924
9948
10000
9161
10000
9693
8645
9633
10000
9558
9953
9140
10000
9849
10000
9660
9961
9217
9510
10000
10000
10000
9923
9881
8884
10000
9466
9631
9804
9313
9732
9526
10000
8755
9895
10000
9695
10000
9798
9887
9874
9205
10000
10000
10000
10000
9989
10000
9793
10000
10000
9620
10000
9532
10000
9875
10000
9971
9908
9717
10000
10000
10000
10000
10000
10000
9440
9673
9987
10000
9711
9848
10000
10000
9975
9959
10000
10000
9786
9935
9753
10000
10000
9343
8776
9175
9740
9646
9687
9689
9794
9976
10000
9175
10000
10000
9302
9496
9941
10000
9492
9960
8772
9629
8751
10000
9242
10000
9728
10000
10000
9877
8324
10000
9909
9830
9499
10000
10000
9311
9982
9982
9930
9417
8897
10000
9814
9078
9914
9973
10000
9134
10000
9880
9037
9490
9984
10000
9914
9947
9465
8661
9966
9542
9571
9933
10000
10000
10000
9435
9955
10000
10000
9861
9992
10000
9963
10000
9859
10000
9971
9812
9077
9646
10000
9063
9997
9492
10000
9758
9831
10000
9760
9858
9736
10000
9680
9965
9380
9776
9970
9982
9988
9788
10000
9205
9745
9711
10000
9550
8849
9439
9651
9979
9868
9906
9685
9227
10000
10000
9964
10000
9968
9912
9460
9135
9274
10000
10000
10000
10000
9975
9332
10000
8531
10000
9984
9283
9947
9766
8997
10000
8692
10000
9977
9949
10000
10000
9071
9070
10000
9903
10000
9526
9221
9762
9160
9456
9718
9941
8877
10000
8946
9329
9672
10000
9557
10000
10000
10000
10000
10000
9851
9519
10000
9742
9921
10000
9430
9618
10000
9794
9829
9972
9280
9738
10000
9517
9147
9967
9942
10000
10000
9246
10000
10000
9851
9959
9847
9982
9936
10000
9984
9378
9985
10000
10000
10000
8925
