10000
9985
9980
9987
10000
9996
9997
9993
9999
9995
10000
9990
10000
9993
10000
9990
9995
9997
9984
10000
9985
10000
9998
9997
9999
10000
10000
9982
9998
9994
9992
9981
9999
9996
9997
9984
10000
10000
10000
9995
10000
9999
9988
9988
9988
10000
9978
9994
9999
9985
10000
10000
10000
10000
10000
9999
9997
9997
10000
10000
10000
9740
10000
10000
9998
9998
10000
9993
9976
9995
9996
9996
10000
9998
9998
9994
10000
9988
9982
9991
10000
10000
9999
9999
9986
9993
10000
9999
9999
9997
9994
9990
10000
9995
10000
9987
9999
9982
10000
9998
9994
9998
10000
9997
10000
10000
10000
9997
9993
9997
9985
9998
9994
9993
9998
10000
10000
9991
9998
9998
10000
10000
9993
9997
9998
9991
9997
9998
9984
9997
9996
9982
9989
9987
9999
9990
10000
9990
10000
9981
9996
10000
9997
9994
9981
9998
9994
9993
9991
10000
9999
9999
9989
9997
9996
10000
9999
9986
9998
9998
9998
9981
9990
9990
9998
9987
9999
9987
10000
9984
9985
9998
9998
10000
10000
10000
9997
9993
9979
9999
9993
9999
9998
9982
9999
9994
9996
9980
9980
9994
9987
10000
9986
10000
9989
9992
9995
9998
10000
10000
9990
9999
9997
10000
9985
10000
9987
9996
9996
9995
9998
9995
9999
10000
9997
9990
10000
9996
9992
10000
9993
9998
10000
9997
9990
10000
9973
9998
9993
9988
9997
9990
9988
9986
9998
9996
10000
9989
9999
10000
9990
10000
10000
9990
10000
10000
9986
10000
10000
9999
9980
9996
9999
10000
9999
9998
9992
9969
10000
9996
9982
9992
9986
9987
9986
9993
9997
9999
9993
10000
9985
9997
9994
9999
9994
10000
9999
9996
10000
9985
10000
10000
10000
10000
10000
9985
9995
10000
10000
9999
10000
9998
9994
9996
10000
9998
9991
9996
9989
9995
9975
9997
9997
10000
10000
9991
9999
9998
9996
9995
9997
9992
9996
9988
9997
9995
9998
9985
9990
9997
10000
9999
9999
10000
9999
9977
9993
10000
10000
9992
10000
9999
9998
9999
9988
9994
9998
9993
9980
9999
9999
9999
9987
9982
9999
9994
9998
9978
9998
9997
10000
10000
9993
9999
9997
9987
9988
9986
10000
9999
9994
9999
9998
10000
9999
9995
10000
10000
9997
10000
10000
10000
9999
9992
10000
9994
9992
9998
10000
10000
9988
10000
9995
9989
10000
10000
9982
9989
10000
9996
9977
9991
9994
9997
9999
9997
9983
10000
10000
10000
9989
9994
9996
9987
9995
9993
9994
9999
9986
10000
9999
10000
10000
10000
10000
9996
9976
9994
9989
10000
9991
9996
9990
9999
10000
9994
9997
9996
10000
9998
10000
9972
10000
9979
9990
9999
9978
9993
9992
9997
10000
9993
9998
9993
9998
10000
9999
10000
9989
9979
10000
9997
9999
10000
9987
9999
10000
10000
9996
9996
9982
10000
9996
9985
9978
10000
9990
10000
10000
9998
9998
9992
9999
9998
10000
9984
9994
9980
10000
9993
9982
9996
10000
9999
9979
9986
9998
9985
10000
9996
9989
9996
9980
9998
9988
9996
9978
9984
9999
9993
10000
9997
9993
10000
9990
9990
9966
10000
9994
9999
9993
9977
10000
9998
10000
9987
9998
9999
9996
9999
9996
9998
9985
9986
9989
9991
9993
9999
10000
9994
10000
9999
9998
9992
9998
9997
10000
9999
9999
9990
9981
10000
10000
9995
9993
10000
9990
10000
9992
10000
10000
9998
10000
9986
9998
9998
9963
9994
9998
9986
9999
9993
9999
9998
9980
9991
10000
10000
9998
10000
9977
9993
10000
9985
9999
9985
9997
10000
9999
9991
9985
9976
9991
9985
9994
9962
9994
9999
10000
9994
9975
9995
10000
9981
9995
9997
9993
9997
9966
9982
9993
9998
10000
9992
9992
9988
10000
9992
9991
10000
9994
9992
9999
9996
9994
9991
10000
9996
9994
9976
9974
10000
9998
9996
9994
9990
9985
9970
10000
9989
9988
9991
9994
9993
9996
9976
9980
10000
10000
9994
9986
9979
9997
10000
10000
9972
10000
9999
9995
9991
9983
9996
9994
9997
9981
10000
9993
9997
10000
9997
10000
10000
9993
9992
10000
9989
9984
9992
9995
10000
9997
10000
9995
9993
9997
10000
9999
9998
9995
9990
9987
9968
9996
9995
9992
9999
9989
10000
9979
9985
9988
10000
9988
9998
9995
9979
10000
10000
9997
9991
9999
10000
9996
9993
10000
9994
9986
9995
9978
9990
9997
9988
9999
9998
9998
10000
9994
9999
10000
9998
9986
10000
10000
10000
9991
9990
9996
9999
10000
9981
9998
9971
10000
9999
9983
9989
9974
9998
10000
10000
10000
9995
10000
9991
9999
10000
9994
10000
10000
9999
9993
9994
9987
10000
10000
10000
9997
9987
9996
10000
10000
9998
9997
9984
10000
9993
9995
9999
10000
10000
10000
9980
9997
10000
10000
9998
9998
9981
9966
9999
9993
9996
9999
9999
9998
10000
9998
9989
9999
9995
9990
10000
9991
9995
9996
10000
9989
9984
10000
9981
10000
9994
9986
10000
9995
9992
9995
10000
9978
10000
10000
9990
9989
9984
9997
10000
10000
9989
9986
9997
9999
10000
9977
9999
9995
9999
9999
9994
10000
9999
9997
9997
9998
9983
9991
9991
9998
10000
10000
10000
10000
10000
10000
9995
9996
9998
9986
10000
9999
9994
9994
9992
10000
9996
9998
9990
10000
9983
9993
9998
9985
9992
10000
10000
10000
9996
10000
9986
9998
9972
9992
9985
10000
10000
9998
10000
9983
10000
9998
9988
9998
9987
10000
9987
9997
9985
10000
9988
9999
9994
9986
9997
9998
10000
9998
9997
10000
9999
9987
9987
10000
10000
10000
9982
10000
9989
9997
9982
9999
10000
9999
9993
9987
10000
10000
10000
9997
10000
9990
9987
9992
9995
9999
9994
9986
10000
9998
10000
10000
9986
9994
10000
9993
10000
10000
10000
9999
10000
9984
9998
9989
9990
9993
10000
9995
9994
10000
9997
9999
10000
9961
10000
9998
9989
9999
9995
9981
9991
9990
10000
9989
9999
10000
9998
9995
9974
9995
9999
9981
9999
9987
10000
10000
9977
9998
9993
10000
10000
10000
9996
9996
10000
9970
9978
9998
9997
9996
9995
9998
9994
9997
9990
10000
9995
10000
9978
9984
10000
9994
10000
