9980
9959
9972
9993
9989
9972
9991
9987
9972
10000
10000
9993
9991
9985
9986
9986
9991
10000
9983
9990
9997
9993
9984
10000
9990
9995
10000
9989
9984
9973
9981
9982
9986
9998
9995
9994
9975
9984
9990
9986
9997
9987
9982
10000
9974
9980
9986
9981
9953
9991
9971
9979
9989
9997
9994
9993
9992
9982
9987
9999
9986
9987
9972
9990
9999
9968
9985
9977
9992
9990
9991
9998
10000
9989
9993
9995
9994
9999
10000
10000
9996
9984
10000
9992
10000
9976
9999
9992
10000
9999
9984
9995
10000
9983
9998
9983
9993
9990
9981
10000
9984
9975
9998
9979
9980
10000
9982
9988
9997
9978
9998
9986
9992
10000
9976
9989
9998
9984
9991
9983
9990
10000
9977
9982
10000
9983
9999
9999
9979
9988
9965
9991
9976
9986
9996
9975
9983
10000
9980
9990
10000
9993
9985
9997
9993
9997
9999
10000
9993
9977
9990
9993
9995
9990
9996
9996
10000
9991
9982
9992
9983
9991
9984
9993
10000
9988
9987
10000
9973
9993
9976
9990
9986
9982
9996
9984
9984
9995
9972
9988
9980
9991
9995
9975
10000
9988
9999
9997
9974
9980
9992
9980
9970
9998
9966
10000
9999
9986
9992
9989
9981
9988
9983
9988
9980
9997
9996
9991
9994
9985
9994
10000
9997
9979
9991
9953
9994
9996
9990
9986
10000
9990
9992
9997
9981
9993
9980
9982
9999
9988
9994
9973
9992
9995
9990
9973
9989
9962
9997
10000
9998
9973
9991
9986
9997
9999
9990
10000
9998
9987
9999
9993
9994
9999
9992
9989
9948
9969
9969
9999
9977
9983
9989
9992
9994
9973
9981
9999
9994
9981
9967
9953
9988
9985
9995
9985
10000
9991
9971
9996
9984
9982
9975
9981
9996
9992
9987
9994
9999
9977
9981
9984
9988
10000
9989
9980
9988
9982
10000
10000
10000
9989
9982
9994
9973
9995
9997
9985
9999
9986
9977
9990
9982
9990
9991
9985
9993
9993
9983
10000
9969
9989
10000
9984
9978
10000
9991
9971
9996
10000
9995
9978
9998
9987
10000
9990
9988
10000
9993
9980
10000
9987
9985
9969
9994
10000
9993
9993
10000
9977
9971
9988
10000
9989
9991
9986
9985
10000
9990
9990
9976
10000
10000
9985
9983
10000
9988
9985
9986
9999
9996
9977
9995
9996
9968
9995
9997
9987
9989
9993
9990
9967
9996
9972
9985
9982
9987
10000
10000
9997
9997
9992
9976
9978
9989
10000
9988
9991
9971
9999
9972
9992
9985
9998
9991
9993
9982
9991
9986
9980
9970
9977
10000
10000
9976
9981
9992
9989
9996
9972
9998
9999
9973
9987
9986
9991
9994
9981
9991
9979
9972
9990
9985
9989
10000
9983
10000
9986
9986
9989
9990
9998
9993
10000
9998
10000
9976
9993
9982
9977
9990
9997
9991
9993
9983
9984
10000
9990
9984
10000
10000
9987
10000
9983
10000
10000
9940
9999
9981
9999
10000
9985
9989
9979
9992
9987
10000
10000
9994
9993
9992
9974
10000
9996
9976
9982
9977
9990
10000
10000
9988
9993
9991
9999
9988
9975
9993
9989
10000
9974
9979
9994
9992
10000
9974
10000
9982
9995
9981
9991
9993
10000
9993
9992
9996
9989
9984
10000
9991
9995
9984
9989
10000
9993
9977
9988
9984
9989
9988
9972
9971
9999
9981
9986
9995
9991
9993
9991
9996
9961
9978
9965
9968
9991
9997
9999
9998
9985
10000
9994
9991
9989
9987
9989
9996
9982
9973
9996
9976
9993
9997
9986
9982
9995
9970
9992
9986
9987
9989
9992
9963
9996
9987
9999
9977
10000
9986
9973
9988
10000
10000
9992
9999
9986
10000
9998
9990
9985
9988
9989
9997
9994
9989
10000
9986
9977
9975
10000
9997
9991
9981
10000
9974
10000
9997
9984
9974
9976
10000
9987
9973
9989
10000
9966
9988
9989
9987
10000
9989
9995
10000
9984
10000
9980
9979
9988
9989
9981
9991
9982
9982
9981
9978
9991
9989
10000
9974
9979
9988
9993
9992
9984
9980
9996
9997
9983
10000
9976
10000
9974
9995
9986
9979
9964
9994
9987
9972
9996
9979
9956
10000
10000
9995
9996
9975
9988
9978
9988
9997
9983
9992
9976
9993
9982
9987
10000
9982
9995
9999
9993
9997
10000
9985
9991
9987
9978
9992
9994
9990
9987
9988
9991
9965
9984
9976
9973
10000
9966
9982
9994
9995
10000
10000
9994
9985
9992
9985
9989
9982
9977
9994
9983
9987
10000
9996
9992
10000
9994
9991
9975
9993
9984
9985
9981
9985
9980
10000
10000
10000
9970
9984
9985
9962
9994
9986
9980
9977
9996
9984
9983
9991
9986
9988
9992
9980
9999
9999
9987
9997
9960
9986
9993
9969
9989
9991
9985
9972
9991
9983
9987
9985
10000
9981
9977
10000
9997
9985
9987
9988
9989
9993
9991
9989
9975
9982
9997
9993
9980
10000
10000
9993
9971
9999
9977
10000
9996
9990
9962
9997
9997
9983
10000
9991
9995
9984
9982
9989
10000
9986
9984
10000
9997
9993
9980
9995
9997
9981
9984
9969
9989
10000
9981
9983
9993
9965
9982
9996
9979
9979
9994
9972
9985
9964
9996
9983
9981
10000
9980
9994
9987
9984
9995
9987
9983
9978
9992
9988
9983
9986
9990
9964
9961
9987
9990
9977
9999
9980
9997
9999
10000
10000
9992
9981
9996
9969
9998
10000
10000
9985
9984
10000
9995
9980
9981
9990
10000
9977
10000
9973
9998
9986
9999
9994
9994
9992
9996
9999
9974
9992
9999
9986
9991
9981
9999
10000
9986
9980
9959
9977
9989
10000
9999
9993
9997
9971
9990
9995
9967
9998
9997
10000
10000
9990
9970
9985
9988
9989
9995
10000
9996
9999
9995
9996
9985
9995
9994
9998
9996
9990
9989
9978
9990
9969
9997
10000
9997
9984
9989
9994
9997
9979
9976
9960
9977
9992
9995
10000
9988
9989
9995
9993
9983
9986
10000
9987
9998
9995
9982
9981
10000
9981
9989
9993
9985
9989
9979
9973
9993
9991
9994
9983
9994
9985
9998
10000
10000
9979
9995
9987
9982
9992
9988
9995
9996
9993
9982
9987
9980
9989
9988
9985
9983
9986
9999
9993
9990
9988
9992
9970
9990
9987
9989
9987
9976
9977
9952
9967
9989
9991
9991
