9982
9983
9984
9992
9982
9987
9986
9989
9992
9946
9984
9981
9996
9997
10000
9990
9972
9980
9992
9969
9988
9996
9989
9989
9983
9974
9999
10000
9995
10000
9996
9956
9997
9991
9982
9993
9986
9980
9984
9995
9995
9997
9995
9999
9992
9987
9992
9980
9991
9997
9983
9984
9995
9982
9971
9976
9988
9987
9993
9982
10000
9957
9993
9994
9988
9980
9999
9991
9990
9960
9971
9967
9984
9978
9985
9989
9985
9971
9983
9975
9976
9975
9998
9992
9999
9976
9987
9989
9984
9987
9970
9991
9994
9982
9991
9984
9993
9993
9981
9999
9990
9991
9976
9982
9988
9979
9960
9972
9978
10000
9984
9984
9996
9992
9996
9978
9992
9984
9978
9984
9969
9987
9983
9989
9986
9997
9987
9991
9998
9988
9990
9973
9964
9970
10000
9989
9987
9974
9964
9972
10000
9994
9976
9992
9985
9989
9989
9995
9989
9993
9983
9979
9963
9986
10000
9970
9966
9999
9987
9984
9987
9989
9995
9996
9988
9993
9990
9986
9987
9990
9974
9993
9995
9971
9976
9988
9999
9994
9988
10000
9987
9970
9975
9995
9992
9989
9987
9987
9995
9968
9990
9988
9982
9975
9977
9986
9993
9976
9958
9980
9974
9987
9991
9999
10000
9973
9981
9992
9993
10000
9987
9992
9984
9993
9990
9973
9988
9980
9989
9976
9980
9994
9996
9991
9992
9986
10000
9982
10000
10000
9982
9985
9996
9979
9959
9967
9975
9990
9982
9990
9987
9968
9991
9989
9986
9977
9999
9989
9981
9990
9970
9986
9984
9987
9981
9960
9997
9991
9981
9978
9981
9994
9980
9993
9988
9986
9982
9996
9991
9987
9993
9983
9993
9990
10000
9992
9995
9979
9968
9988
9994
9980
9986
9988
9983
10000
9995
9981
9984
10000
10000
9997
9987
9981
9984
9967
9991
9975
9983
9983
9968
9967
9992
9982
9996
9963
9983
9983
9995
9999
9975
9996
9990
9979
9989
9998
9984
9991
9978
9977
9983
9981
9987
9994
9993
9981
9983
9988
9992
9971
9989
9983
9955
9994
9992
9983
9982
9985
9984
9996
9982
9979
9984
10000
9995
9976
9990
9996
9966
9974
9993
9988
9990
9988
9990
9990
9979
9993
9983
9952
9998
9992
9980
9972
9978
9994
9978
9994
9981
9982
9988
9995
9996
9983
9953
9988
9991
9988
9997
9989
9992
9972
9984
9981
9992
9991
9983
9983
9997
9984
9993
9976
9981
9987
9988
9974
9979
9987
9997
9994
9983
9991
9985
9986
9969
9977
9993
9989
9983
9998
9996
9997
9981
9994
10000
9988
9980
9988
9987
9984
9996
9988
9982
9984
9977
9988
9982
9981
9981
9999
9983
9993
9993
9972
9995
9974
9979
9975
9969
9973
9980
9961
9977
9976
9992
9992
9983
9982
9985
9970
9984
9971
9990
9991
9988
9987
9994
9993
9997
10000
9987
10000
9989
9974
9964
9981
9996
9976
9991
9976
9993
9972
9981
9991
9979
9969
10000
9986
9999
9997
9996
9988
9999
10000
9986
9980
9987
9991
9963
9991
9993
9961
9988
9995
9986
9992
9979
9986
9963
9977
9988
9990
9994
10000
9977
9991
9990
9982
10000
10000
9972
9980
9969
9978
9995
9973
9997
9983
9979
9990
10000
9991
9989
9985
9989
10000
9990
9984
10000
9974
9997
9995
9987
9989
9992
9985
9988
9993
9977
9994
9998
9993
9980
10000
10000
9976
9999
9991
9991
9999
9997
9983
9984
9977
9978
9995
10000
9969
9999
9960
9981
9968
9988
9984
9972
9981
9994
9995
9992
9976
9974
9992
9994
9989
9983
9990
9964
9983
10000
9992
9973
9994
9981
9968
9976
9980
9984
9981
9988
9988
9991
9976
9993
9979
9975
9995
9994
9980
9982
9985
9987
9958
9962
9985
9989
9989
9982
9982
9997
9983
9979
9987
9987
9993
9993
9980
9998
9976
9990
9971
9993
10000
9991
9970
9981
9974
9987
9961
9972
9990
9987
9991
9993
9985
9970
10000
9997
9990
9982
9992
9966
9990
9975
9974
9993
9974
9984
10000
9982
9993
9980
9990
9990
9991
9984
9989
9984
9984
9986
9982
9984
9994
9980
9996
9984
9996
9994
9990
9955
9970
9991
9969
9979
9989
9999
9990
9984
9986
9988
9985
9976
9977
9969
9980
9975
9991
9984
9972
9986
9994
9992
9970
9992
9985
9980
9989
9984
10000
10000
9970
9982
9995
9976
9993
9972
9987
9988
9999
9973
9978
9998
9989
9987
9992
9992
9987
9985
9997
9986
9982
9989
9976
9978
9993
9998
9982
9968
9982
9980
9986
10000
9988
9978
9988
9971
10000
9974
9980
9987
9992
9984
9959
9985
9981
9976
9996
9990
9990
9977
9982
9990
9990
9992
9975
9993
9981
9980
9991
9981
9995
9992
9981
9999
9954
9985
9988
9977
9995
9993
9980
9967
9943
9986
9994
9969
9985
9984
9984
9995
9991
9976
9971
9996
9998
9989
9987
9979
9989
9988
9991
9989
9989
9969
9987
9999
9966
9989
9990
9995
9998
9993
9981
9988
9974
9978
9979
9998
9984
9987
9970
9985
9974
9991
9983
10000
9985
9976
9988
9965
9995
9988
9981
9973
9994
9983
9979
9976
9991
9987
9999
9965
9982
9984
9992
9997
9993
9993
9982
9981
9981
9976
9986
9985
9990
9993
9981
9997
9995
9990
9985
9974
9984
9972
9995
9984
9977
9970
9999
9991
9993
9988
9976
9980
9995
9982
9999
9971
9976
9969
9984
9994
9988
9979
9988
9987
9987
10000
9977
9997
9984
9979
9981
9988
10000
9979
9986
9988
9981
9990
9991
9978
9968
9979
9973
9989
9994
9971
9981
9947
10000
9968
9995
9981
9991
9996
9993
10000
9983
9987
9998
9975
9997
9988
9987
9980
9989
9997
9985
9984
9982
9963
9991
9994
9981
9993
9985
9984
9991
9995
9994
9973
9987
9988
9974
9980
9987
9978
9977
10000
9998
9991
10000
9989
9993
9982
9964
9992
9990
9983
10000
10000
9965
9999
9979
9988
9984
9997
9984
9983
9989
9994
9980
9979
9975
10000
9986
10000
9994
9993
10000
9998
9956
9992
9986
9990
9998
9987
9979
9986
9977
9996
9984
9981
9993
9983
9992
9980
9987
9982
9970
9982
9992
9994
9979
9990
9985
9984
10000
9995
9993
