9980
9979
9976
9985
9979
9990
9989
9989
9995
9989
9981
9991
9987
9978
9984
9994
9994
9990
9976
9991
9980
9984
9993
9984
9985
9996
9984
9997
9976
9971
9976
9977
9991
9988
9993
9982
9964
9987
9998
9995
9965
9991
9992
9988
9951
9983
9969
9954
9975
9980
9978
9978
9983
9963
9991
9991
9973
9986
9974
9995
9964
9992
9991
9981
9983
9992
9989
9998
9978
9991
9979
9984
9976
9988
9985
9994
9995
9987
9985
9969
9974
9985
9993
9995
9980
9991
9968
9990
9977
9994
9991
9974
9988
9970
9980
9977
9994
9980
9966
9984
9983
9972
9987
9990
9972
9981
9995
9985
9980
9983
9978
9974
9989
9991
9994
9979
9977
9987
9991
9979
9992
9992
9970
9977
9983
9974
9976
9996
9987
9985
9987
9984
9995
9994
9994
9977
9978
9996
9966
9991
9957
9971
9986
9997
9990
9991
9994
9981
9997
9993
9986
9980
9978
9985
9979
9970
9993
9990
9989
9983
9977
9972
9990
9977
9994
9986
9995
9999
9985
9989
9978
9967
9996
9986
9974
9969
9987
9986
9974
9989
9982
9999
9964
9974
9987
9973
9979
9983
9972
9960
9987
9969
9981
9985
9965
9985
9992
9983
9990
9978
9993
9978
9976
9986
9982
9989
9986
9953
9979
9990
9985
9979
9984
9991
9985
9971
9966
9981
9988
9985
9981
9992
9987
9999
9988
9968
9986
9960
9975
9994
9990
9970
9997
9993
9994
9993
9986
9993
9996
9986
9968
9984
9981
9985
9980
9991
9996
9993
9991
9983
9993
9981
9993
9994
9979
9983
9979
9986
9990
9981
9973
9972
9981
9968
9991
9985
9986
9979
9990
9996
9987
9992
9990
9979
9984
9985
9989
9988
9995
9990
9980
9981
9986
9991
9986
9986
9986
9982
9988
9990
9975
9997
9983
9976
9995
9993
9974
9988
9972
9984
9984
9966
9968
9983
9989
9986
9975
9978
9986
9976
9972
9980
9975
9979
9961
9996
9976
9994
9970
9977
9986
9978
9966
9979
9989
9981
9986
9985
9993
9990
9982
9994
9976
9986
9965
9985
9999
9992
9988
9984
9995
9990
9986
9989
9981
9992
9999
9984
9960
9972
9968
9987
9981
9994
9984
9995
9985
9982
9983
9994
9989
9995
9995
9987
9985
9976
9998
9978
9976
9977
9987
9992
9993
9988
9988
9992
9990
9988
9984
9970
9986
9978
9965
9979
9988
9974
9977
9987
9988
9972
9986
9978
9983
9979
9990
9987
9973
9964
9987
9993
9969
9989
9982
9978
9965
9986
9970
9985
9982
9981
9990
9990
9983
9989
9987
9985
9987
9983
9984
9976
9966
9988
9976
9972
9982
9979
9956
9998
9991
9981
9979
9991
9967
9989
9984
9967
9998
9992
9961
9978
9994
9975
9990
9985
9985
9975
9995
9977
9989
9988
9973
9972
9987
9977
9986
9995
9987
9989
9986
9986
9997
9980
9992
9991
9984
9981
9987
9988
9980
9992
9988
9977
9992
9988
9977
9985
9974
9986
9993
9984
9981
9987
9962
9989
9961
9969
9984
9977
9983
9979
9982
9974
9993
9988
9983
9985
9986
9994
9985
9987
9975
9973
9997
9986
9978
9992
9988
9986
9985
9979
9984
9995
9986
9989
9988
9982
9987
9989
9975
9991
9982
9990
9988
9985
9982
9986
9978
9995
9992
9995
9981
9994
9974
9978
9997
9982
9986
9979
9998
9984
9975
9995
9994
9984
9979
9996
9997
9990
9981
9987
9939
9986
9971
9974
9993
9978
9977
9969
9977
9989
9986
9996
9989
9975
9987
9984
9976
9993
9995
9968
9985
9997
9969
9981
9930
9997
9981
9990
9975
9999
9987
9973
9995
9975
9993
9978
9990
9984
9988
9991
9966
9982
9996
9987
9969
9959
9987
9993
9989
9983
9982
9995
9977
9981
9982
9993
9989
9991
9984
9982
9984
9996
9984
9995
9984
9972
9989
9988
9973
9997
9993
10000
9988
9992
9991
9971
9988
9988
9989
9963
9993
9982
9998
9981
9977
9986
9977
9996
9994
9980
9976
9986
9988
9983
9995
9982
9976
9991
9986
9992
9999
9987
9983
9975
9994
9987
9998
9993
9986
9993
9988
9961
9958
9992
9998
9987
9993
9979
9993
9991
9997
9980
9986
9990
9968
9990
9991
9998
9968
9993
9982
9979
9977
9968
9980
9980
9993
9975
9991
9982
9973
9993
9988
9984
9983
9989
9982
9989
9989
9961
9993
9988
9995
9988
9993
9993
9963
9976
9990
9990
9979
9987
9983
9995
9987
9984
9986
9988
9999
9988
9979
9998
9970
9994
9988
9990
9992
9979
9990
9979
9983
9953
9985
9995
9993
9986
9985
9988
9990
9986
9996
9983
9982
9974
9990
9988
9971
9976
9973
9975
9984
9978
9993
9975
9994
9976
9976
9987
9994
9985
9976
9970
9998
9968
9993
9988
9972
9986
9980
9975
9982
9986
9984
9969
9997
9992
9992
9995
9980
9984
9999
9985
9990
9991
9977
9998
9963
9990
9983
9987
9990
9995
9994
9956
9985
9981
9967
9969
9980
9991
9975
9987
9989
9988
9980
9993
9964
9985
9969
9982
9990
9988
9997
9990
9996
9981
9990
9980
9982
9984
10000
9980
9990
9994
9969
9968
9988
9986
9959
9967
9991
9986
9979
9985
9987
9994
9995
9984
9989
9989
9993
9964
9973
9971
9993
9988
9994
9991
9994
10000
9983
9978
9969
9981
9979
9974
9986
9983
9954
9986
9994
9989
9992
9974
9992
9985
9984
9967
9991
9998
9991
9986
9991
9992
9986
9972
9962
9984
9994
9985
9973
9981
9986
9973
9955
9986
9977
9980
9967
9990
9984
9983
9992
9979
9974
9963
9969
9989
9992
9998
9996
9977
9983
9976
9999
9976
9995
9990
9990
9981
9964
9982
9974
9963
9970
9988
9965
9986
9974
9989
9969
9978
9977
9965
9978
9997
9983
9990
9973
9986
9984
9980
9992
9988
9984
9985
9994
9991
9987
9981
9987
9988
9967
9985
9992
9988
9984
9985
9990
9994
9990
9977
9976
9976
9992
9979
9984
9963
9990
9976
9982
9976
9981
9985
9980
9993
9990
9993
9991
9969
9995
9995
9994
9966
9997
9985
9985
9989
9988
9971
9990
9990
9985
9984
9983
9993
9996
9976
9992
9985
9985
9990
9982
9998
9986
9984
9991
9981
9981
9973
