9980
9980
9984
9987
9983
10000
9995
9996
10000
9991
10000
9988
9990
9974
9992
9999
9992
9982
9988
9997
9993
9983
9989
9984
10000
9983
9981
9982
9971
9989
9977
9987
9994
9968
9990
9996
9979
9988
9996
9999
9985
9989
9991
9999
10000
9989
9983
9992
9988
9995
9997
9999
9976
9975
9997
9990
9973
9983
9990
9999
9983
9983
9982
9986
10000
9994
10000
9995
9990
9984
10000
9990
9990
9984
9984
9999
9989
9960
9988
9994
9990
10000
9980
9975
9968
9991
9988
9987
9999
10000
9996
9965
9984
9990
9987
9988
9996
9987
9983
9975
9990
9995
9984
9987
9999
9954
9970
9993
9999
10000
9987
9990
9989
9980
9989
9984
10000
9994
10000
9979
10000
9957
9985
9988
9953
9982
9971
9998
9996
9984
9974
9983
9997
9991
9988
9994
9979
9986
9986
9985
9995
9986
9984
9988
9985
9978
9987
9988
9984
9992
9984
9992
9991
9984
9995
9962
9985
9983
9991
9988
10000
9979
9987
9977
9985
9997
9987
9994
10000
9981
9998
10000
10000
9989
9977
9979
9990
9982
9987
9980
9992
9996
9996
9973
9972
10000
9975
10000
9993
9992
10000
9994
9987
9984
9985
9985
10000
9993
9982
9990
9986
9978
9983
9999
9984
9965
9974
9991
9988
9971
9984
9978
9991
9993
9984
9988
9966
9990
10000
9983
9989
9972
9993
9993
9993
9982
9989
9973
10000
9985
9977
9986
9994
9984
9988
9963
9984
9978
9986
9988
9991
9990
9978
9980
9999
9998
9999
9974
9985
10000
9981
9999
9994
9963
9990
9999
9994
9980
9999
9999
9979
10000
9964
10000
9998
9980
9995
9984
9994
9971
9998
9989
9977
9979
9986
9996
9985
9982
9980
9970
9985
9993
9966
9989
9998
9999
9970
9992
9977
10000
9990
9990
9999
9974
9983
9975
9992
9988
9979
9977
9977
9992
9973
10000
9996
9981
9970
9993
9988
9964
9990
9988
9991
9993
9974
10000
9992
9983
9989
9994
9991
9983
9984
9978
9983
9991
9999
10000
9983
9992
9983
9996
10000
9976
9965
9994
9989
9983
10000
9986
9985
9982
9993
10000
9984
9963
9999
9993
9992
9980
9963
9988
9989
9978
9984
9981
9989
10000
9984
9993
9990
9997
9998
9995
9985
9975
9989
9987
9987
9990
9984
9980
9988
9987
9975
9974
9989
10000
9984
9978
9998
9985
9979
10000
9980
10000
9967
9992
9976
9994
9997
9989
9981
9999
9988
9999
9985
9996
9985
9991
10000
9975
9986
9996
9985
9991
9977
9992
9989
9985
9979
9998
9992
9966
10000
9972
9986
9995
9991
9993
9976
9982
9995
9988
9996
9995
9996
9981
9974
9993
9996
9991
9996
9990
10000
9972
9997
9990
9984
9979
9990
9981
9987
9981
9991
9993
9979
10000
9988
9977
9981
9997
9973
9994
9977
9977
9996
9984
9965
9976
9995
9999
9994
9986
9993
10000
9994
9987
9967
9970
9979
9991
9974
10000
9983
9986
9991
9974
9990
9996
9975
9979
9987
9987
9983
9979
9996
10000
9995
9984
9976
9988
9969
9990
9984
9986
9992
9974
9985
9996
9994
9991
9990
9994
9989
9984
9996
9986
9999
9994
9976
9971
9997
9998
9986
9981
9993
9986
9995
9986
9990
9995
9979
9991
9994
9997
9996
9987
10000
9995
9989
10000
9987
9997
9975
9990
9993
9983
9970
9990
9970
9998
9994
9978
9970
9999
9982
9985
9989
9997
9996
9968
9990
10000
9991
9999
9986
9985
9985
9979
9990
10000
9999
9995
10000
9992
9970
10000
9985
9986
9988
9998
9983
9989
9995
9999
9974
9980
9986
9992
9991
9989
9976
9988
9995
9978
9974
9984
9978
9987
9981
9985
9976
9988
9986
9991
9996
9992
9975
9989
9987
9985
9995
9984
9991
9977
9999
9987
9986
9999
9988
9982
9995
9975
9979
9987
9971
9986
9993
9984
9969
9971
9975
9999
9991
9970
9997
9990
10000
9989
9994
9992
9975
9999
9964
9983
9974
10000
9986
9992
9984
9980
9984
9977
9987
9985
9984
9991
9983
9983
9980
9988
9998
10000
9970
9975
9985
9982
9998
9984
9960
9982
9978
9972
9975
9986
10000
9992
9990
9978
9987
10000
9988
9993
9982
9974
9973
9991
9992
9987
10000
9999
9989
9986
9999
9989
9994
9982
9982
10000
9987
9981
9988
9996
9980
9996
9986
9984
9986
9981
9980
9984
9996
9977
9990
9983
10000
9989
9991
9990
9975
9982
9956
9966
9987
9982
9999
9981
9969
10000
9995
9986
9999
9996
9989
9982
9998
9994
9994
9984
9990
9991
9976
9986
10000
9995
9988
9954
9991
9995
10000
9967
9989
10000
9974
9995
9983
9994
9988
9985
9987
9978
9997
10000
9998
9988
9990
9981
9989
9999
9994
9992
9991
9995
9993
9968
9970
9975
9991
9977
9998
9976
9976
9982
9994
9985
9983
9991
9984
9987
9983
9997
9972
9970
9978
9989
9997
9993
9959
9986
9992
9988
9991
9995
9996
9980
9962
9983
9990
9998
9993
9994
9980
9997
10000
9989
9990
9984
9991
9983
9975
9979
9997
9977
9990
9997
9980
9991
9975
9977
9976
9997
9990
9991
9991
9987
9992
9985
9993
9987
9983
9998
9987
9982
9978
9978
9985
9975
9988
9996
9983
9989
9982
9988
9995
10000
9975
9988
9988
9986
9986
9980
9997
9990
9999
9989
9992
9995
9989
9981
9964
9983
9983
9997
9984
9974
9996
9999
9977
10000
9997
9963
9972
9987
9979
9985
9992
10000
9998
9994
9994
9983
9990
9988
9985
9985
9987
9993
10000
9985
9979
9997
9967
9985
9986
9997
9998
9988
9998
10000
9994
9974
9994
9991
9999
9990
9998
9998
9988
10000
9998
9978
9999
9995
9983
9988
9993
9991
9993
9988
9980
9979
9982
9982
9990
9983
9968
9994
9964
10000
9986
9998
10000
9986
9989
9995
9982
9995
9980
9999
9976
9993
9995
9985
9971
9997
9986
9989
9989
9987
9982
9989
9996
10000
9984
9994
9989
9991
9996
9998
9989
9990
9998
9986
9973
9999
9996
9981
9988
9983
10000
9981
9959
9987
10000
9976
9991
9991
9988
9980
9976
9998
9994
9986
9985
9990
9990
9991
9966
9972
9992
10000
9980
9975
9971
9963
9997
9987
9997
10000
