9983
9987
9995
9989
9997
9995
9984
9988
9996
9979
9964
9986
9989
9986
9993
9972
9979
9985
9989
9987
9992
9980
9975
9989
9995
9980
9982
9985
9979
9959
9976
9962
9994
9977
9982
9989
9984
9988
9977
9999
9984
9967
9986
9988
9990
9987
9971
9995
9989
9990
9985
9981
9979
9975
9985
9989
9987
9963
9989
9963
9988
9995
10000
9984
9983
9951
9982
9992
9989
9983
9987
9985
9999
9991
9995
9967
9979
9992
9982
9954
9955
9986
9989
9980
9987
9989
9989
9973
9993
9989
9997
9983
9984
9985
9964
9985
9981
9988
9981
9973
9988
9986
9978
9990
9997
9964
9986
9980
9966
9972
9986
9984
9953
9984
9975
9987
9986
9983
9990
9961
9977
9994
9989
9981
9988
9977
9964
9990
9983
9988
9992
9970
9997
9979
9979
9985
9993
9990
9990
9981
9975
9976
9969
9981
9959
9985
9971
9980
9964
9991
9990
9983
9979
9975
9978
9986
9987
9971
9989
9971
9980
9952
9973
9968
9990
9966
9972
9976
9988
9991
9961
9972
9988
9986
9989
9993
9984
9989
9988
9986
9988
9982
9985
9960
9990
9980
9996
9992
9982
9980
9975
9987
9987
9992
9978
9984
9987
9986
9976
9993
9990
9994
9972
9983
9979
9993
9986
9988
9975
9991
9987
9985
9979
9976
9960
9985
9976
9987
9991
9970
9982
9971
9981
9985
9988
9992
9982
9981
9970
9996
9989
9978
9970
9982
9969
9987
9992
9975
9991
9983
9992
9988
9995
9995
9995
9976
9988
9983
9962
9976
9992
9960
9989
9990
9987
9985
9971
9990
9995
9985
9984
9990
9976
9990
9993
9974
9976
9981
9985
9981
9983
9944
9981
9983
9981
9979
9988
9989
9984
9992
9978
9964
9990
9966
9987
9986
9974
9981
9991
9984
9964
9993
9972
9994
9982
9976
9970
9980
9984
9984
9990
9991
9975
9977
9987
9985
9976
9961
9983
9967
9970
9996
9989
9991
9976
9971
9990
9986
9977
9976
9995
9990
9972
9994
9977
9964
9991
9987
9968
9971
10000
9984
10000
9985
9969
9980
9992
9985
9991
9986
9977
9978
9974
9974
9979
9989
9981
9967
9984
9975
9990
9981
9974
9972
9990
9973
9996
9983
9992
9990
9993
9988
9984
9980
9982
9972
9988
9984
9965
9993
9987
9988
9979
9977
9982
9961
9991
9980
9968
9971
9991
9975
9972
9994
9994
9977
9983
9994
9985
9985
9994
9965
9980
9985
9963
9989
9980
9978
9981
9982
9985
9976
9990
9986
9995
9982
9991
9986
9965
9973
9990
9980
9988
9975
9988
9979
9993
9976
9995
9995
9991
9990
9986
9984
9982
9971
9987
9984
9991
9987
9972
9986
9978
9984
9982
9992
10000
9993
9966
9979
9992
9978
9965
9976
9992
9985
9977
9975
9987
9984
9993
9992
9993
9990
9980
9977
9977
9975
9981
9994
9991
9991
9992
9990
9988
9986
9975
9990
9975
9973
9972
9987
9992
9990
9982
9943
9992
9983
9978
9973
9968
9975
9995
9993
9987
9972
9978
9993
9987
9980
9978
9990
9993
9982
9998
9975
9989
9987
9984
9985
9990
9989
9973
9983
9972
9972
9987
9980
9980
9988
9977
9979
9955
9965
9992
9989
9992
9993
9982
9999
9986
9967
9992
9965
9976
9974
9982
9978
9980
9987
9988
9967
9995
9978
9983
9973
9979
9992
9977
9983
9981
9992
9990
9967
9983
9985
9988
9971
9986
9990
9977
9993
9980
9991
9995
9986
9978
9984
9974
9972
9967
9979
9981
9973
9987
9986
9982
9976
9988
9990
9987
9973
9992
9997
9984
9986
9982
9992
9992
9981
9987
9998
9986
9979
9975
9982
9986
9977
9987
9995
9964
9974
9981
9974
9990
9986
9979
9978
9999
9971
9986
9974
9967
9986
9984
9980
9991
9995
9988
9989
9963
9973
9976
9993
9989
9978
9987
9979
9979
9990
9965
9993
9982
9994
9988
9961
9982
9988
9989
9992
9986
9987
9946
9999
9995
9992
9983
9997
9979
9989
9991
9982
9982
9985
9989
9984
9983
9986
9995
9991
9989
9973
9983
9989
9985
9991
9994
9974
9982
9982
9989
9964
9989
9976
9962
9998
9982
9991
9965
9970
9988
9996
9972
9980
9975
9988
9985
9986
9958
9984
9982
9981
9979
9976
9989
9986
9988
9959
9974
9977
9980
9988
9989
9989
9989
9991
9985
9977
9992
9991
9976
9973
9987
9967
9972
9986
9984
9978
9990
9985
9995
9988
9982
9973
9989
9986
9952
9984
9961
9987
9980
9993
9980
9975
9979
9993
9983
9986
9981
9986
9988
9974
9980
9977
9984
9980
9992
9983
9989
9990
9988
9957
9991
9982
9970
9990
9987
9992
9985
9972
9993
9997
9975
9981
9956
9985
9983
9993
9981
9985
9981
9992
9963
9973
9986
9988
9981
9989
9990
9982
9993
9973
9996
9980
9992
9987
9991
9994
9960
9985
9974
9970
9987
9975
9986
9986
9981
9979
9953
9989
9987
9966
9986
9989
9991
9994
9975
9973
9985
9970
9975
9990
9982
9994
9972
9978
9983
9975
9973
9989
9984
9975
9985
9976
9973
9986
9962
9985
9976
9993
9973
9978
9964
9979
9984
9985
9981
9994
9986
9977
9960
9991
9964
9976
9987
9986
9986
9985
9973
9995
9976
9982
9990
9965
9972
9987
9991
9970
9984
9964
9984
9987
9981
9979
9970
9981
9971
9969
9980
9975
9973
9990
9990
9975
9983
9975
9961
9988
9973
9980
9985
9974
10000
9978
9995
9981
9962
9975
9990
9972
9987
9987
9989
9994
9980
9977
9983
9986
9994
9999
9985
9985
9987
9980
9940
9977
9984
9984
9984
9977
9982
9988
9981
9997
9990
9987
9989
9977
9985
9992
9977
9989
9993
9965
9990
9986
9987
9991
9975
9992
9980
9987
9964
9980
9990
9989
9995
9975
9989
9982
9956
9988
9975
9970
9988
9981
9973
9980
9968
9980
9993
9971
9963
9983
9987
9994
9985
9989
9984
9961
9964
9990
9973
9991
9989
9976
9991
9988
9983
9994
9988
9990
9997
9985
9973
9984
9981
9983
9991
9982
9980
9980
9990
9992
9983
9994
9979
9995
9974
9990
9985
9955
9992
9993
9985
9978
9981
9977
9972
9994
9982
9992
9976
9981
9975
9973
9982
9984
9982
9985
