10000
9995
9987
10000
9967
9987
10000
9998
10000
9998
9988
9993
10000
9991
10000
9994
9992
9989
10000
10000
9993
9990
9987
9989
9986
9982
10000
9990
10000
9979
9992
9993
9963
9991
9984
9983
9983
10000
10000
9980
9991
9996
9984
9986
10000
9993
9988
9980
9980
9985
9988
9990
9974
10000
9979
9986
9976
10000
10000
10000
9991
9990
9978
10000
10000
10000
9992
9998
9998
10000
9962
9988
10000
10000
10000
9987
9993
9985
9977
10000
9990
10000
9979
9967
9998
10000
10000
9996
9976
10000
9981
10000
9976
10000
9989
9968
10000
9993
10000
9997
10000
9994
9986
10000
9996
10000
10000
9989
10000
9999
9990
9984
9988
9980
10000
9994
9986
9976
9977
9996
9996
9971
10000
9995
10000
9983
9996
10000
9993
9986
9985
9999
9991
9978
9998
9974
9971
10000
10000
9990
10000
10000
9993
10000
10000
10000
9981
10000
9984
10000
10000
10000
9995
9997
9992
10000
9993
9989
9986
9987
10000
10000
9976
10000
10000
9982
9982
10000
10000
9978
10000
10000
9981
9992
9979
9983
10000
9976
9986
10000
9974
9984
9996
9985
10000
9977
9996
9989
9998
10000
10000
9999
9976
9966
9999
9993
10000
10000
10000
9996
9992
9983
10000
9978
9990
10000
9993
9987
10000
10000
9989
10000
10000
10000
9986
9991
9998
9989
9982
10000
9997
10000
9988
9975
9994
10000
9989
9988
9983
10000
10000
9993
10000
9990
9981
9989
9980
10000
10000
9984
10000
9990
9986
10000
9977
9999
9997
10000
9996
10000
9998
9986
10000
10000
9993
10000
9970
9987
10000
10000
9994
10000
10000
10000
9999
10000
9981
9991
10000
9997
9980
10000
10000
10000
9990
10000
9986
10000
9981
10000
10000
9993
9986
10000
10000
9982
9999
10000
9973
10000
9991
10000
9976
9952
10000
10000
9994
9988
10000
9951
9984
9990
10000
9989
9984
9987
9988
9992
9994
9994
9981
9991
10000
9987
10000
9984
9986
9987
9987
9979
9973
9998
9999
9994
10000
9992
9985
10000
10000
9993
9959
9986
9993
9990
9992
9984
10000
9995
10000
9989
10000
10000
9992
9993
10000
9983
10000
9996
9985
9990
10000
9982
10000
9992
10000
9983
9998
9967
10000
10000
10000
10000
9993
9999
9981
9979
10000
9982
9994
10000
10000
10000
10000
9973
9983
9990
10000
10000
9981
9985
9981
9977
9997
9999
9978
9984
9995
9995
9986
10000
10000
9985
9991
9987
9997
10000
9983
10000
10000
9987
10000
10000
10000
9986
9985
9993
10000
10000
9970
9991
10000
9989
9993
9977
9960
10000
10000
9990
9989
10000
9980
9994
10000
9983
9976
10000
9989
10000
10000
10000
9976
9989
10000
9995
9993
10000
9984
10000
9982
10000
9998
10000
9991
9994
10000
9974
9986
9967
9994
10000
9976
10000
10000
9987
9982
9986
9981
10000
9999
9948
9997
9993
9969
9959
10000
9999
9994
10000
9971
10000
9992
10000
10000
9958
9983
9986
10000
9978
10000
9983
9984
9984
9997
10000
10000
10000
9986
10000
10000
9992
9987
9983
9999
10000
9985
10000
10000
10000
9980
10000
10000
10000
10000
9979
9986
9995
9998
9984
9984
10000
9969
10000
10000
9983
9990
9980
9974
10000
9974
10000
9996
9983
9970
10000
9970
9980
9983
10000
9989
10000
10000
9968
9984
10000
9990
9993
9992
9988
9999
10000
10000
9984
9989
9992
10000
9992
9993
10000
9993
9998
9989
9997
9994
9994
9985
10000
10000
9981
9997
9985
10000
9997
10000
9989
9984
9988
10000
9983
9999
9990
9979
10000
9982
9991
9979
10000
10000
10000
9991
9979
9984
10000
10000
9997
9971
9985
10000
9965
9987
9979
9993
10000
9986
9995
9982
9973
9991
9962
10000
9982
9992
10000
9989
9997
9987
9992
9974
9983
10000
9975
9987
9981
9998
9994
9989
9990
10000
9994
10000
9989
9978
10000
10000
9984
10000
10000
10000
10000
9992
10000
10000
9983
9988
9991
10000
10000
10000
10000
10000
9981
10000
9998
9994
10000
9996
9983
9984
10000
10000
9994
9990
9992
9991
9987
9985
9958
10000
10000
9995
10000
9995
9987
9975
9984
9979
9999
9989
10000
9968
9986
9990
10000
10000
10000
9973
10000
10000
9980
9999
9994
9983
9997
10000
10000
9999
9979
9986
9997
9981
9987
10000
9979
9982
9976
10000
9981
9996
9998
9989
9984
9955
10000
9982
10000
10000
10000
9972
10000
10000
9975
9989
9974
10000
9993
9981
10000
9973
9999
9977
9999
9980
10000
10000
9995
9967
9998
9992
10000
9977
10000
10000
10000
9978
9982
9969
10000
10000
9996
10000
9994
9977
9985
9992
9988
10000
9997
10000
10000
9981
9994
9983
9982
9991
10000
9968
9990
9999
10000
10000
9981
10000
9981
9992
9992
9979
10000
9994
10000
10000
9997
9993
9999
9994
9971
10000
10000
10000
9976
10000
10000
9971
9988
9985
10000
9972
9979
9982
10000
9992
9996
10000
10000
9961
10000
10000
9978
9996
10000
10000
10000
10000
9983
9986
10000
10000
9985
9987
10000
9977
9990
10000
9983
10000
10000
10000
9984
9989
9981
9998
9978
9999
10000
9990
9974
9996
10000
9983
10000
9993
9986
9982
10000
10000
10000
10000
9977
10000
10000
10000
9981
10000
10000
10000
10000
9981
9987
10000
9983
9974
9981
10000
9982
9996
9995
9992
10000
9990
10000
10000
9979
9992
9983
9998
9992
10000
9994
9979
10000
9993
10000
9994
9989
9993
10000
9998
9991
10000
10000
10000
10000
10000
9980
10000
10000
9990
9990
10000
9968
9982
9977
9990
9999
10000
10000
10000
9988
9990
10000
10000
10000
9986
10000
9980
9977
9999
9998
9981
9998
9990
9996
9995
10000
10000
9990
9957
9988
9984
10000
9993
9990
9990
10000
9983
9998
10000
9999
9971
9976
9998
10000
9988
9997
9996
10000
9982
10000
9961
10000
10000
10000
10000
9988
10000
10000
9990
9978
10000
10000
9978
9983
9986
9965
10000
9974
9981
9983
10000
9983
10000
10000
9973
10000
10000
10000
9977
10000
9997
9968
9964
10000
9988
10000
10000
10000
9965
9995
9991
9986
9992
9974
9962
9981
10000
9975
9987
9989
10000
9989
10000
9991
10000
9985
9970
9990
10000
10000
9985
10000
9985
9983
