10000
9996
9967
10000
9980
9991
9999
9982
9993
9947
9991
10000
9981
10000
9988
10000
9989
9987
9984
9991
9982
9979
10000
9979
9977
9944
9982
9995
9973
9983
10000
9984
9984
9995
9998
10000
10000
9983
9998
9994
9999
9983
9990
9993
9986
10000
9985
9989
9997
10000
9992
9992
9987
9992
9986
9991
9990
9995
9989
10000
9989
9993
9993
9991
9993
9999
10000
9984
9997
10000
9998
9993
9986
9991
9993
9995
9989
9975
9985
9993
9988
9994
9991
9985
9992
9992
9985
9997
9989
9995
9983
9991
9988
10000
9980
9998
10000
9988
9986
9972
10000
9999
9995
9986
9991
9990
10000
9969
9985
9991
9984
9990
9960
9987
9994
9993
9977
9957
9996
9990
9995
9994
10000
9969
9984
9995
9997
9999
9999
9993
9986
9974
9983
9979
9993
9991
9992
10000
9957
9978
9998
9980
9998
9971
9982
9982
10000
10000
9969
9993
9994
10000
9998
9996
9995
9993
9986
9982
9995
9997
9999
9970
9995
9989
9997
10000
9979
9988
9972
9989
9983
9991
9975
9985
9995
9993
9983
9981
9996
9999
9991
9980
9994
9990
9977
9972
10000
10000
9996
9994
9988
10000
9994
9986
10000
9999
9991
9992
9999
10000
9994
9986
9987
9999
9999
9983
9987
9976
9990
9989
9999
9964
9990
9994
9991
9984
9981
9999
9927
9989
9986
9993
9980
9986
9993
10000
10000
10000
9996
9991
9998
9993
9987
9988
9992
9994
9977
9985
9992
9985
9990
9984
9994
9992
9987
9995
9988
9982
9977
9977
9986
9997
9998
9987
9984
9986
9991
10000
9982
9999
10000
9987
9987
9997
9979
9992
10000
9978
9974
9993
9983
9988
9990
9982
9983
9984
9990
10000
9999
9977
9992
9990
9977
10000
9972
9981
10000
9986
9967
10000
9972
9997
9995
10000
9996
9983
10000
9987
9998
9993
10000
9990
9987
9979
9985
9991
9992
9981
9989
9979
9993
9991
9984
10000
9987
9994
9987
9996
9986
10000
9992
9998
9988
9988
9973
9982
9982
9993
9966
9993
9988
9973
9982
9990
9987
10000
10000
9999
9977
9991
10000
9990
10000
9976
9985
9989
9972
9991
9981
9983
9986
9992
9992
9990
9991
10000
9998
9977
9996
9993
9989
9987
9994
10000
9991
9991
10000
9984
9998
10000
9996
9989
9987
9992
9985
9990
9998
9983
9987
9997
9978
9992
9996
9998
9986
9994
9986
9978
9968
9995
9980
9988
10000
9985
9988
10000
9997
9984
9995
9990
9995
9999
9996
9999
9970
9977
9992
9996
9995
9990
9996
9987
9981
9983
10000
9997
9976
9985
9995
9979
9993
9998
9989
10000
9994
9990
9995
9997
9987
9996
9986
9978
9995
9970
9967
9987
9993
10000
9981
9980
9950
9992
9986
9979
9979
9988
9998
9992
10000
10000
9986
9987
9999
10000
9992
9995
9990
9985
9979
10000
9989
9995
9998
9986
9992
9988
9997
10000
9993
9996
10000
9992
9988
9998
9964
9968
9971
9982
10000
9992
9991
9994
9980
9962
9999
9990
10000
9977
9991
9997
9968
9985
9975
9998
9991
9978
9994
9994
9995
9979
9977
10000
9990
9996
9982
9971
9996
9975
9997
10000
9994
9999
9993
9988
9989
9989
9992
9983
9985
9993
9989
9997
9999
10000
10000
9973
9984
9998
9980
9997
9992
9997
9986
9974
9990
9972
9990
9988
9978
9996
9987
9991
9995
9984
9978
9994
9978
9982
9976
9997
9991
9978
9980
9996
9994
9992
9991
10000
9969
9999
9996
9999
9969
9988
9997
9991
10000
10000
9986
9999
9980
9988
9974
9992
10000
9996
9999
9992
9982
10000
10000
9985
9992
9998
9999
9975
9984
9997
9985
9980
9981
9987
10000
9986
9993
9983
9987
9984
9992
9999
9985
10000
10000
9985
9990
9985
9960
9957
9999
9995
9994
10000
9985
9989
9993
9995
9993
9985
9992
9999
9978
10000
9991
9987
10000
10000
9995
9985
9987
10000
9999
9982
9993
9992
10000
9985
9989
9976
9981
9998
10000
9996
9997
9996
9989
9992
9994
9987
9990
9997
9975
9999
9999
9996
9950
9995
9994
9972
9991
9983
9989
9988
9992
9988
9995
10000
9984
9986
9970
9998
9994
9995
9994
9995
9991
9995
9979
9976
10000
9980
9971
9995
9997
9981
9984
9984
9992
9998
9993
9999
9989
9988
9969
9992
9991
9988
9991
9979
9979
9979
9982
9975
10000
9985
9991
10000
9959
9989
9992
9994
9970
9997
9985
10000
9998
9986
9996
10000
9973
9986
9994
9973
9991
9996
9997
9999
9984
9998
9979
9979
10000
9986
9980
9999
9961
9976
9987
10000
9999
9989
10000
9994
9992
9987
9969
9992
9979
9990
9959
9998
9992
9956
9999
9994
9991
9965
9994
9993
9991
9987
9991
9989
10000
9985
9979
9972
9992
10000
10000
9995
10000
9982
10000
9983
9994
9993
9977
9993
9996
9997
9991
9987
9997
9997
9997
9998
9993
9990
9994
9998
9997
10000
9986
9985
9991
9982
9993
9991
9995
9991
9985
9998
9999
9987
9979
9978
9982
9961
9994
9996
9995
9991
9982
9983
9999
9982
9995
9991
9986
9977
9993
9996
9993
9998
9989
9995
9989
9987
9986
9987
10000
9986
9983
9984
9995
9998
10000
9985
10000
9992
9986
9980
9996
9984
9992
9996
9983
10000
9988
9995
10000
9996
9981
9991
9967
9984
9984
9984
10000
9998
9997
9992
9975
10000
9986
9998
9997
9993
9992
9979
9992
9987
9978
9976
9993
9983
9958
9989
9999
9998
9967
9993
9982
9975
9996
9996
9976
9989
9999
9983
9993
9975
9987
9988
9980
9980
10000
9993
9991
9986
10000
9997
9968
9995
9995
9987
9994
9985
9991
9981
9966
9974
9985
9984
9982
9985
9985
9995
9989
10000
9964
9994
9998
9974
9995
9984
9981
10000
9982
9986
9998
9988
9964
9988
9976
9989
9981
9949
9991
9988
9981
9999
9997
9981
9997
9998
9996
9979
9981
9988
9987
10000
9998
9995
9982
9994
9975
9992
9990
9986
9983
9978
9996
9989
9979
9984
9997
9977
10000
9967
9992
9984
9996
9984
9992
9988
9974
9990
9978
9962
9993
9992
9992
9994
9971
9990
9981
9982
9991
9987
9988
9975
9983
9978
9985
9991
9967
9994
9990
9981
