9984
9990
9977
9977
9988
9985
9973
9976
9987
9983
9989
9985
9980
9990
9976
9983
9988
9984
9994
9976
9967
9998
9964
9988
9990
9973
9977
9989
9988
9974
9993
9959
9991
9960
9983
9983
9977
9977
9960
9979
9988
9999
9985
9987
9991
9988
9983
9961
9975
9986
9974
9999
9978
9994
9970
9982
9988
9992
9984
9991
9990
9988
9978
9979
9990
9989
9986
9985
9988
9979
9990
9986
9992
9985
9982
9984
9994
9986
9987
9986
9988
9953
10000
9974
9991
9993
9978
9996
9964
9990
9991
9992
9987
9980
9992
9973
9991
9983
9979
9986
9982
9977
9982
9979
9976
9995
9990
9989
9995
9986
9971
10000
9996
9985
9984
9994
9993
9976
9985
9973
9992
9981
9981
9987
9987
9983
9976
9983
9992
9991
9995
9988
9985
9973
9990
9976
9987
9983
9988
9992
9979
9969
9985
9989
9992
9989
9993
9983
9995
9968
9993
9987
9964
9985
9975
9994
9980
9984
9989
9980
9968
9980
9982
9980
9956
9996
9978
9968
9984
10000
9957
9972
9978
9989
9966
9987
9986
9988
9981
9969
9980
9985
9957
9990
9989
9987
9979
9983
9997
9967
9968
9980
9984
9994
9953
9991
9978
9984
9994
9987
9973
9978
9971
9977
9990
9990
9985
9992
9982
9987
9982
9969
9951
9979
9987
9962
9992
9993
9972
9990
9987
9983
9970
9991
9992
9976
9995
9987
9992
9977
9982
9973
9995
9996
9994
9988
9991
9988
9991
9971
9969
9979
9973
9990
9994
9988
9992
9976
9976
9987
9981
9988
9973
9980
9991
9980
9976
9999
9990
9998
9981
9995
9999
9966
9982
9975
9992
9974
9986
9984
9998
9969
9983
9997
9986
9969
9986
9994
9983
9996
9974
9995
9993
9958
9987
9987
9976
9987
9975
9977
9966
9984
9987
9990
9985
9997
9970
9992
9981
9993
9999
9974
9987
9988
9983
9991
9976
9984
9975
9994
9981
9987
9990
9985
9983
9994
9968
9988
9961
9968
9969
9985
9972
9987
9985
9966
9981
9992
9978
9995
9988
9983
9995
9981
9989
9984
9957
9976
9998
9984
9967
9991
9973
9992
9991
9982
9981
9995
9974
9974
9983
9985
9987
9978
9978
9979
9990
9989
9980
9975
9997
9964
9974
9976
9983
9985
9977
9980
9973
9987
9990
9981
9972
9984
9994
10000
9968
9970
9975
9988
9992
9982
9961
9984
9982
9989
9984
9990
9973
9994
9996
9987
9987
9986
9974
9987
9989
9968
9990
9989
9979
9988
9975
9954
9979
9988
9968
9987
9982
9990
9992
9990
9993
9976
9988
9968
9973
9985
9993
9988
9991
9984
9988
9981
9985
9976
9990
9990
9992
9994
9979
9982
9986
9955
9989
9974
9996
9995
9978
9984
9985
9983
9975
9992
9989
9989
9985
9986
9979
9993
9985
9993
9987
9986
9990
9984
9971
9992
9996
9989
9972
9978
9980
9990
9988
9973
9992
9979
9981
9985
9963
9993
9979
9968
9986
9980
9991
9986
9993
9994
9988
9991
9995
9976
9992
9988
9981
9996
9966
9984
9983
9995
9984
9982
9990
9972
9981
9993
9989
9994
9982
9975
9989
9969
9984
9996
9980
9981
9984
9987
9969
9973
9984
9970
9995
9991
9987
9975
9974
9994
9991
9994
9976
9988
9988
9998
9996
9992
9979
9989
9980
9976
9959
9987
9987
9976
9991
9989
9973
9984
9985
9988
9986
9997
9988
9982
9979
9975
9980
9987
9985
9971
9977
9989
9981
9983
9993
9996
9985
9988
9983
9994
9982
9994
9994
9992
9972
9978
9990
9981
9993
9983
9990
9977
10000
9985
9997
9986
9983
9995
9983
9971
9987
9980
9986
9991
9984
9985
9979
9990
9991
9975
9992
9977
9980
9981
9984
9960
9955
9996
9990
9983
9964
9969
9987
9993
9978
9979
9985
9985
9982
9970
9968
9975
9987
9980
9962
9989
9992
9981
9994
9992
9975
9997
9977
9983
9986
9989
9981
9991
9985
9986
9983
9992
9981
9979
9968
9978
9962
9978
9995
9995
9991
9985
9990
9983
9997
9995
9990
9991
9960
9980
9988
9999
9998
9978
9975
9989
9976
9993
9980
9983
9992
9973
9977
9997
9989
9984
9972
9976
9983
9986
9978
9967
9997
9979
9991
9999
9998
9967
9990
9979
9990
9988
9989
9977
9984
9984
9984
9999
9991
9987
9987
9997
9987
9976
9987
9981
9996
9993
9996
9966
9978
9990
9984
9981
9976
9970
9998
9980
9988
9981
9973
9986
9980
9980
9987
9966
9983
9998
9988
9981
9987
9991
9992
9988
9996
9992
9989
9977
9979
9980
9978
10000
9982
9994
9988
9965
9984
9958
9982
9996
9969
9979
9974
9970
9990
9964
9984
9972
9980
9988
9978
9985
9975
9988
9972
9979
9997
9990
9981
9990
9996
9982
9979
9991
9997
9988
9977
9988
9992
9991
9987
9992
9984
9984
9989
9990
9979
9977
9985
9991
9985
9971
9966
9984
9992
9994
9979
9981
9988
9984
9993
9983
9989
9974
9997
9994
9993
9996
9992
9963
9961
9961
9996
9996
9980
9991
9975
9984
9961
9975
9988
9964
9989
9986
9978
9984
9978
9993
9985
9983
9983
9964
9977
9975
9988
9984
9999
9973
9994
9984
9993
9979
9979
9993
9987
9980
9990
9973
9998
9964
9980
9980
9965
9969
9985
9977
9982
9995
9988
9992
9988
9987
9979
9990
9994
9976
9984
9987
9983
9985
9992
9972
9991
9979
9975
9974
9995
9991
9995
9984
9981
9984
9980
9982
9951
9980
9995
9998
9998
9962
9981
9998
9996
9992
9977
9991
9978
10000
9963
9986
9988
9985
9971
9976
9997
9980
9985
9998
9992
9981
9971
9980
9985
9996
9978
9989
9994
9962
9954
9975
9979
9993
9981
9983
9994
9996
9986
9990
9978
9981
9991
9984
9987
9968
9977
9991
9984
9983
9975
9987
9987
9985
9984
9993
9987
9976
9996
9999
9974
9996
9968
9980
9972
9994
9958
9994
9995
9984
9988
9976
9989
9978
9990
9967
9988
9985
9979
9981
9993
9986
9983
9984
9995
9980
9977
9990
9995
9986
9984
9988
9975
9996
9974
9991
9986
9967
9989
9991
9983
9987
9977
9980
9990
9967
9993
9995
9973
9981
9965
9991
9998
9980
9984
9975
9984
9996
9992
9984
