9997
9980
9976
9998
9985
9973
9986
9978
9980
9991
9979
9985
9992
9996
9997
9984
9990
9995
9990
9976
9982
9969
9989
9982
9986
9992
9979
9978
9990
9993
9981
9980
9988
9976
9989
9990
9965
9989
9965
9981
9967
9987
9996
9992
9976
9994
9993
9996
9982
9988
9992
9993
9982
9969
9973
9973
9981
10000
9971
9994
9972
9983
9983
9985
9986
9988
9980
9974
9993
9990
9984
9989
9991
9985
9975
9983
9980
9989
9993
9988
9972
9991
9984
9980
9987
9999
9973
9977
9965
9990
9984
9986
9954
9989
9985
9989
9989
9992
9982
9988
9991
9991
9996
9982
9993
9993
9995
9991
9992
9997
9996
9998
9974
9989
9990
9985
9981
9989
9987
9993
9963
9980
9953
9965
9987
9997
9990
9992
9975
9992
10000
9988
9973
9989
9974
9991
9989
9988
9973
9985
9993
9984
9981
9982
9979
9989
9996
9984
9975
9983
9985
9973
9984
9977
9984
9985
9995
9981
9985
9985
9978
9983
9993
9982
9975
9998
9991
9994
9991
9990
9975
9982
9995
9987
9969
9984
9994
9979
9986
9984
9995
9990
9988
9980
9953
9992
9971
9991
9969
9988
9975
9986
9990
9994
9985
9980
9992
9995
9992
9986
9991
9993
9978
9994
9986
9978
9984
9987
9971
9997
9982
9993
9989
9993
9988
9977
9981
9996
9994
9989
9998
9992
9982
9991
9970
9995
9987
9991
9974
9985
9982
9974
9989
9989
9987
9987
9966
9985
9992
9976
9972
9980
9975
9977
9995
9971
9990
9984
9967
9982
9995
9980
9999
9984
9984
9989
9961
9985
9983
9984
9980
9994
9985
9982
9992
9969
9982
9998
9995
9994
9990
9994
9982
9982
9974
9992
9979
9991
9967
9982
9982
9991
9985
9992
9976
9969
9981
9985
9975
9982
9986
9986
9974
9974
9993
9984
9984
9991
9987
9991
9984
9982
9988
9963
9980
9980
9995
9984
9978
9981
9989
9981
9995
9993
9982
9985
9990
9986
9991
9975
9986
9986
9994
9984
9975
9969
9987
9959
9982
9990
9979
9976
9978
9988
9997
9988
9994
9985
9957
9982
9983
9979
9995
9987
9972
9978
9970
9977
9989
9989
9990
9999
9985
9999
9979
9990
9972
9998
9990
9981
9983
9983
9968
9994
9974
9992
9989
9987
9991
9973
9983
9967
9990
9991
9975
9981
9976
9978
9996
9990
9990
9975
9982
9976
9991
9962
9996
9988
9992
9969
9979
9981
9984
9985
9985
9994
9978
9994
9986
9990
9975
9996
9969
9978
9994
9991
9995
9985
9991
9984
9988
9987
9968
9994
9986
9992
9990
9981
9991
9993
9990
9996
9995
9974
9984
9975
9981
9989
9989
9997
9967
9996
9980
9972
9971
9994
9956
9975
9983
9995
9979
9977
9976
9984
9949
9993
9968
9968
9986
9967
9992
9987
9972
9986
9982
9973
9988
9983
9981
9969
9989
9989
9988
9980
9989
9990
9984
9986
9982
9997
9977
9969
9992
9962
9989
9995
9986
9994
9979
9995
9981
9978
9985
9988
9986
9996
9982
9971
9983
9987
9979
9989
9986
9984
9977
9973
9974
9985
9973
9985
9990
9985
9982
9967
9991
9979
9990
9987
9987
9991
9975
9987
9994
9994
9989
9989
9995
9995
9986
9979
9981
9974
9978
9988
9985
9988
9984
9982
9981
9988
9997
9986
9975
9979
9989
9984
9982
9983
9976
9989
9986
9988
9991
9987
9990
9980
9974
9984
9977
9984
9981
9964
9991
9981
9978
9981
9988
9977
9990
9995
9967
9987
9992
9987
9982
9985
9993
9987
9988
9977
9979
9983
9957
9996
9973
9982
9982
9991
9998
9995
9988
9985
9986
9988
9999
9980
9990
9986
9988
9989
9975
9996
9991
9977
9987
9972
9990
9986
9989
9974
9988
9986
9985
9991
9991
9993
9992
9982
9986
9967
9984
9987
9994
9986
9986
9993
9968
9968
9993
9986
9979
9986
9988
9985
9987
9986
9984
9976
9988
9973
9990
9981
9988
9991
9989
9980
9985
9986
9983
9966
9993
9981
9982
9998
9984
9997
9987
9989
9990
9980
9989
9988
9992
9989
9990
9986
9987
9992
9959
9995
9987
9984
9987
9992
9983
9964
9988
9978
9998
9980
9981
9994
9971
9983
9989
9992
9972
9989
9981
9999
9981
9989
9990
9985
9985
9982
9990
9980
9981
9990
9992
9991
9991
9978
9973
9995
9987
9962
9996
9980
9980
9979
9993
9989
9979
9984
9972
9988
9988
9980
9980
9985
9987
9988
9992
9989
9978
9981
9994
9972
9992
9991
9984
9975
9981
9968
9981
9983
9977
9995
9972
9994
9979
9995
9992
9990
9983
9994
9975
9975
9979
9963
9988
9989
9998
9980
9987
9985
9984
9989
9988
9994
9991
9969
9958
9988
9991
9992
9991
9988
9955
9988
9984
9985
9987
9997
9980
9989
9991
9979
9975
9983
9992
10000
9989
9995
9978
9997
9964
9987
9952
9985
9983
9995
9987
9969
9976
9976
9978
9996
9986
9983
9978
9969
9995
9981
9953
9981
9970
9983
9985
9990
9982
9975
9991
9983
9991
9995
9998
9995
9995
9985
9997
9987
9984
9963
9983
9995
9986
9993
9981
9983
9987
9990
9996
9968
9995
9988
9992
9966
9992
9982
9955
9963
9977
9976
9991
9987
9991
9985
9989
9980
9987
9982
9981
9996
9970
9986
9993
9977
9987
9995
9968
9964
9969
9979
9990
9985
9985
9978
9983
9996
9979
9995
9993
9962
9960
9969
9994
9988
9992
9989
9996
9964
9989
9971
9967
9976
9983
9986
9992
9993
9985
9994
9989
9991
9994
9987
9982
9991
9984
9994
9979
9977
9986
9986
9987
9995
9993
9969
9990
9998
9972
9994
9982
9979
9982
9981
9977
9984
9972
9987
10000
9977
9984
9977
9960
9973
9984
9975
9968
10000
9992
9992
9972
9990
9983
9992
9983
9995
9977
9974
9986
9981
9990
9976
9993
9981
9993
9986
9987
9994
9984
9981
9993
9990
9974
9994
9983
9992
9996
9988
9985
9982
9973
9971
9973
9986
9983
9988
9985
9991
10000
9985
9994
9993
9982
9990
9992
9998
9961
9988
9975
9993
9976
9995
9955
9972
9985
9978
9992
9978
9993
9978
9990
9993
9980
9998
9984
9961
9981
9976
9992
9978
9980
9981
9990
9987
9984
9992
