9964
9987
9974
9976
9978
9990
9983
9985
9991
9996
9988
9981
9975
9979
9988
9979
9996
9970
9981
9987
9983
9997
9992
9997
9984
9989
9972
9976
9997
9971
9983
9994
9994
9984
9997
9992
9991
9987
9989
9988
9975
9982
9985
9986
9979
9982
9983
9974
9996
9990
9989
9987
9988
9954
9967
9979
9959
9977
9989
9976
9986
9988
9986
9965
9967
9984
9971
9984
9971
9971
9981
9986
9996
9992
9986
9978
9982
9969
9986
9998
9955
9954
9983
9991
9988
9988
9982
9982
9973
9996
9976
9980
9989
9990
9987
9987
9993
9982
9995
9992
9983
9990
9985
9994
9989
9992
9984
9991
9996
9979
9985
9989
9990
9982
9981
9974
9986
9990
9970
9993
9983
9988
9970
9953
9982
9972
9988
9997
9980
9993
9989
9982
9964
9982
9987
9985
9982
9996
9986
9988
9964
10000
9996
9984
9981
9993
9974
9987
9973
9984
9992
9981
9991
9996
9976
9994
9997
9970
9972
9988
9965
9983
9988
9986
9980
9990
9988
9975
9990
9976
9987
9963
9992
9980
9981
9979
9989
9995
9981
9989
9988
9990
9992
9998
9990
9987
9987
9983
9978
9998
9969
9989
9985
9978
9983
9975
9998
9966
9993
9994
9990
9993
9989
9976
9996
9996
9981
9998
9985
9988
9992
9976
9984
9976
9994
9996
9980
9991
9996
10000
9986
9981
9992
9964
9984
9986
9981
9989
9988
9985
9976
9995
9995
9995
9983
9992
9976
9977
9978
9992
9985
9989
9993
9980
9988
9975
9973
9988
9995
9992
9987
9983
9972
9989
9960
9979
9981
9978
9977
9985
9983
9988
9989
9989
9984
9973
9974
9993
9986
9992
9987
9974
9995
9995
9991
9995
9984
9980
9996
9993
9988
9991
9985
9985
9971
9989
9995
9999
9997
9993
9978
9991
9977
9997
9996
9989
9991
9989
9993
9982
9986
9990
9990
9977
9989
9983
9979
9995
9981
9980
9983
9993
9982
9991
9966
9974
9994
9965
9977
9976
9979
9994
9996
9988
9989
9970
9979
9993
9990
9996
9983
9987
9993
9989
9994
9984
9970
9993
9994
9979
9993
9969
9987
9981
9962
9989
9985
9975
9993
9994
9989
9981
9985
9975
9979
9973
9995
9989
9984
9973
9958
9983
9998
9991
9989
9986
9987
9979
9994
9993
9995
9994
9978
9992
9970
9993
9990
9968
9980
9981
9979
9990
9988
9980
9991
9954
9990
9959
9983
9977
9984
9983
9980
9992
9988
9986
9996
9995
9985
9985
9961
9996
9978
9985
9986
9985
9985
9994
9985
9976
9980
9986
9986
9991
9988
9983
9998
9968
9987
9996
9982
9994
9977
9985
9990
9978
9971
9973
9986
9981
9981
9982
9954
9992
9972
9988
9987
9999
9971
9971
9974
9984
9978
9990
9974
9986
9992
9991
9995
9978
9997
9978
9999
9989
9998
9994
9994
9993
9989
9985
9975
9989
9982
9993
9979
9991
9986
9980
9986
9978
9997
9988
9986
9961
9985
9988
9970
9977
9979
9989
9987
9992
9982
9989
9987
9992
9991
9989
9989
9984
9979
9979
9980
9999
9995
9983
9995
9981
9984
9990
9980
9993
9969
9956
9976
9989
9980
9987
9989
9972
9986
9981
9985
9974
9953
9983
9998
9989
9980
9985
9983
9987
9994
9997
9981
9993
9969
9990
9987
9977
9978
9986
9987
9978
9989
9967
9987
9982
9971
9984
9986
9989
9985
9996
9968
9979
9992
9990
9993
9966
9983
9997
9974
9993
9983
9995
9999
9970
9997
9990
9973
9992
9985
9994
9971
9982
9981
9974
9969
9956
9980
9984
9982
9981
9990
9989
9989
9991
9987
9987
9993
9981
9970
9976
9983
9979
9992
9995
9996
9978
9987
9988
9992
9998
9967
9989
9985
9983
9976
9988
9983
9981
9972
9984
9983
9996
9976
9991
9990
9990
9985
9989
9985
9981
9994
9966
9978
9981
9989
9986
9990
9981
9991
9973
9992
9967
9997
9984
9973
9993
9979
9987
9990
9975
9995
9988
9983
9988
9982
9980
9980
9991
9982
9975
9980
9961
9994
9978
9996
9992
9972
9988
9979
9988
9989
9986
9986
9984
9995
9964
9979
9978
9981
9977
9993
9991
9976
9983
9991
9987
9972
9982
9994
9988
9981
9986
9964
9974
9985
9984
9994
9988
9991
9996
9974
9982
9981
9965
9994
9979
9991
9983
9971
9989
9984
9978
9996
9991
9990
9993
9979
9994
9979
9985
9987
9991
9983
9981
9982
9979
9989
9995
9986
9983
9992
9984
9973
9988
9978
9976
9979
9981
9990
9983
9986
9973
9982
9984
9984
9982
9981
9986
9983
9971
9981
9983
9981
9992
9990
9994
9980
9975
9988
9988
9997
9986
9977
9956
9963
9984
9986
9978
9980
9982
9981
9978
9992
9996
9982
9977
9973
9965
9992
9989
9999
9992
9988
9990
9970
9970
9992
9984
9971
9988
9987
9979
9974
9990
9977
9990
9986
9978
9972
9985
9979
9989
9992
9987
9984
9971
9986
9985
9967
9992
9992
9990
9992
9994
9998
9983
9970
9993
9983
9996
9970
9975
9987
9987
9986
9981
9984
9974
9995
9989
9972
9981
9985
9982
9981
9976
9985
9987
9988
9983
9992
9990
9974
9991
9990
9986
9988
9982
9979
9982
9989
9965
10000
9983
9987
9984
9995
9993
9964
9958
9998
9986
9990
9984
9984
9992
9960
9993
9993
9987
9963
9978
9971
9970
9964
9992
9992
9984
9981
9995
9979
9972
9978
9965
9975
9980
9980
9989
9986
9980
9979
9991
9985
9994
9994
9988
9996
9984
9985
9988
9981
9996
9996
9999
9980
9992
9979
9995
9995
9978
9994
9991
9990
9984
9991
9983
9979
9991
9993
9985
9973
9985
9982
9977
9989
9984
9983
9992
9974
10000
9983
9992
9977
9974
9973
9989
9991
9960
9985
9977
9990
9975
9991
9989
9996
9987
9992
9978
9990
9965
9978
9997
9986
9990
9993
9993
9996
9991
9996
9982
9984
9980
10000
9981
9969
9993
9993
9979
9972
9982
9997
9990
9979
9980
9989
9980
9980
9983
9993
9986
9986
9990
9984
9974
9978
10000
9980
9984
9988
9977
9981
9993
9997
9974
9963
9983
9990
9987
9980
9977
9989
9981
9961
9992
9993
9993
9977
9973
9990
9989
9982
9981
9982
9987
9982
9980
