9955
10000
9998
9986
9980
9982
9997
9986
9961
9994
9981
9983
9984
9992
9988
10000
9992
9991
9998
9978
9967
9996
9989
10000
9990
9990
9993
9996
9989
9979
9996
9995
9974
9996
9996
9979
9990
9988
9991
9993
9987
9984
9974
9980
9990
9998
9983
9988
9990
9981
9967
9987
9987
9980
9976
9984
9988
9986
9970
9994
9998
9988
9986
9986
9996
10000
9987
9982
9979
9995
9984
9989
9988
9995
9966
9985
9985
9988
9982
10000
9990
9979
9980
9988
9992
9996
9992
9981
9991
9969
9987
9981
9987
9990
9997
9990
9990
9996
9978
9989
9990
9991
9992
9999
9995
9995
9960
9996
9983
9990
9977
9978
9981
9995
9988
9992
9987
9986
9991
9999
9993
9975
9982
9986
9977
9988
9974
9968
9988
9987
9975
9989
9999
10000
9975
9981
9972
9991
9989
9988
9966
9981
9992
9998
9981
9988
9979
9989
9985
9994
9986
9994
9984
9997
9970
9977
9994
9995
9999
9994
9992
9997
10000
9997
9981
10000
9984
9999
9968
9997
9990
10000
9996
9988
9976
9998
9997
9995
9993
10000
9978
9970
9993
9997
9989
9985
9996
9990
9986
9986
9979
9980
9991
9970
9993
9988
9969
9984
9989
9998
9978
9999
9977
9979
9985
9974
9997
9998
9987
9987
9986
9988
9988
10000
10000
9991
9972
9976
9988
9991
9951
9981
9986
10000
9984
9991
9989
9998
9963
9994
9967
9990
9990
9982
9991
10000
9984
9992
10000
9983
9986
9989
9993
9986
10000
10000
9987
9994
9992
9990
9998
9991
9988
9990
9983
9992
9991
9991
9971
9991
9993
9990
9989
9992
9999
9996
9987
9995
9983
10000
9986
9974
9974
9983
9990
9997
10000
9981
9992
9990
9980
9994
9984
9996
9990
9995
9988
9982
9984
9996
9980
9985
9982
9995
10000
9989
9986
9979
9976
9996
10000
9987
9980
9996
9986
9997
9996
9966
9988
9991
9981
9983
9950
10000
9969
9986
9997
9995
10000
9994
9985
9972
9981
9992
9986
9988
9968
9978
9995
9987
9996
9975
9983
9991
9989
9994
9982
9994
9998
9979
9983
9982
9989
9991
9976
9991
9993
9983
9977
10000
9992
9992
9997
9997
9981
9999
9965
9966
9989
9974
9991
9990
9985
9984
9993
9999
9997
9996
9994
9994
9977
9989
9968
9994
9980
9983
9978
9988
9983
9964
9993
9983
9981
9993
9992
9987
9996
9989
9982
9978
9984
9987
9967
9999
9999
9975
9961
9985
9980
9986
9977
9996
9998
9975
9975
10000
9972
9992
9993
9989
9970
9984
9996
9987
9988
9986
9983
9987
9985
9982
10000
9964
9989
9993
9994
9987
9991
9996
9966
9980
9988
10000
10000
9992
9968
9980
9982
9990
9999
9991
9983
9975
9991
9994
9993
10000
10000
9981
9996
9981
9998
9982
9966
9997
9983
9972
9998
9981
9992
9987
9997
9973
9992
10000
10000
9995
9986
9998
9995
9984
9991
9994
9995
9999
9996
9992
9986
9956
9989
9968
9970
9967
9993
10000
9987
9977
9967
9983
9991
9990
9985
9996
9985
9988
9981
9985
9984
9976
9981
9996
9986
9960
9980
9991
9964
9986
9978
9991
9993
9989
9978
9993
9994
9994
9987
9988
9996
9988
9993
9994
9981
9962
9990
9987
9993
9989
9971
9997
9999
9960
9976
9999
10000
9997
9994
9999
9995
9988
9993
9998
9999
9990
9975
9998
9975
9986
9999
9984
9993
9977
9994
9976
9971
9995
9998
9980
9983
9997
9972
9982
9999
10000
9989
9971
9982
9988
9986
9991
9992
9990
9979
9992
9999
9989
9993
9998
9986
9999
9993
10000
9993
9989
9988
9998
9978
9983
9990
9982
9987
9984
9986
9977
9989
9979
9985
9993
9973
9989
9984
9960
9994
9987
9958
9964
9998
9971
10000
9984
10000
9976
9959
9998
9970
10000
9993
9977
9975
9984
9994
9994
9986
9988
10000
9977
9989
9989
9991
9997
9987
9993
9978
9990
10000
9985
9981
9990
10000
9984
9980
9984
9999
9984
10000
9986
9953
9989
10000
9984
9998
9984
9987
9979
9984
9984
9990
9992
9968
9975
9994
9956
9979
9990
9993
9981
10000
9984
9986
9978
9986
9984
9989
9990
9981
10000
9991
9993
9977
9989
9948
9989
9992
9983
9975
10000
10000
9997
9987
9982
9999
9980
9996
9992
9991
9984
9990
9998
9991
9986
9991
9979
9978
9978
9992
9987
10000
9981
9991
9980
9972
9993
10000
10000
9992
9974
9969
9979
9970
9983
9983
10000
9972
9996
10000
10000
9987
9983
9980
9971
9993
9979
9990
9993
10000
9993
9996
9978
9982
10000
9981
9991
9975
9999
9987
9992
9970
9983
10000
10000
9992
9988
9987
9987
9987
9978
9990
9999
9990
9971
9976
10000
9983
9970
9979
9975
9983
9972
9990
9954
9998
9991
9997
9972
9969
9987
9981
9988
9994
9993
9989
9992
9997
9976
9974
9987
9993
9985
10000
9996
9990
9996
10000
9981
9985
9986
9975
9986
9990
9982
9996
9956
9987
9987
9984
9995
10000
9993
9990
9975
9972
9962
9968
9991
9997
9984
9984
9967
9997
9998
10000
9988
9975
9996
10000
9990
9965
9983
9987
9998
10000
9977
9992
9993
9982
9985
9996
9984
9992
9990
9970
9988
9999
9977
9980
9980
9987
9996
9992
9970
9988
9992
9983
9983
9983
9999
9977
9993
9996
9992
9986
9996
9991
9976
9997
9994
9993
9998
9975
9988
9986
9976
9978
9981
9985
9987
9997
9983
9978
9988
9988
9997
9986
9991
9998
9989
9986
9997
9985
9965
9988
9991
9985
9998
9998
9982
9999
9969
9991
9984
9982
9992
9989
10000
9989
9985
9988
9988
9971
9985
9981
9980
9998
9977
9993
9989
9991
9988
9989
9986
9977
9987
9994
9931
9950
9990
9987
9990
9993
9966
9989
9991
9995
9984
9978
9995
9999
9988
9988
9993
9982
9995
9996
9999
9962
9982
9985
10000
9963
10000
9991
9983
9991
9981
9998
9996
9992
9990
9998
9981
9992
9981
9977
9984
9979
9989
9975
9999
9990
10000
9977
9982
9969
9983
9992
9986
9984
10000
9997
9975
9988
9975
9973
9994
9993
9984
9986
9997
9992
9985
9994
10000
9975
9987
9997
10000
9993
9987
10000
9999
9975
9986
