9987
9981
9991
9990
9992
9980
10000
10000
9999
9989
10000
9997
9991
9998
9998
9979
9999
9982
9996
9987
9990
9985
9978
9989
9994
9985
9999
9981
9987
9986
9985
9996
10000
9998
9989
9991
9988
9982
9986
9992
9968
9986
9987
9987
10000
9997
9989
9985
9995
9990
9974
9999
9990
9983
10000
9974
9994
9997
9984
9987
9990
9984
9997
9991
9992
9999
9998
9998
9982
9992
10000
9982
9986
9996
9984
9995
9981
9983
10000
9989
9999
9987
10000
9987
9985
9997
9993
9997
9993
9990
10000
9988
9997
9993
9984
9963
9983
10000
9990
10000
9996
9967
9976
9996
9990
9969
9985
9995
9999
9992
9984
9987
9986
9987
9997
9977
9986
10000
9994
9978
9994
9971
10000
9978
9995
10000
9985
9998
9967
9997
9991
9987
9990
9998
9987
9990
9989
9999
9966
9986
9999
10000
10000
9984
9998
9978
9983
10000
9987
9990
9988
9994
9998
9986
9980
9974
9995
10000
10000
9992
9986
10000
9990
9992
9960
9957
9987
9992
10000
9991
9974
9998
9992
9983
9994
9991
9998
10000
9991
9980
9989
10000
9987
9977
9978
9974
9999
9987
9993
10000
9990
9999
10000
10000
9985
9979
9999
9986
9987
9986
9999
9985
10000
9978
10000
9987
9994
9984
9996
10000
9977
10000
9988
9972
9994
9979
9998
9989
9972
9991
9994
9985
10000
9989
9995
10000
10000
9999
9996
9996
9997
9980
9995
9989
9994
9985
9999
9992
9963
9988
9999
9973
9986
9987
9986
9989
9992
9992
9985
9996
9985
9979
9998
9991
9986
9999
9974
9988
9985
9999
9979
9999
10000
9986
9990
9981
10000
9966
9999
9984
9985
9972
9989
9997
9985
9977
10000
9983
9981
9986
9995
9997
9980
9995
9992
9992
9994
9978
9973
9996
9980
9977
10000
9974
9999
9996
10000
9989
9966
9991
9994
9982
9997
9988
9982
10000
9992
9993
9999
9991
9988
9988
10000
10000
9986
9982
9991
9984
9980
9984
9980
9998
10000
10000
9998
9997
9986
9989
9988
9996
10000
9969
10000
10000
9998
9991
9969
9993
10000
9977
9987
9987
9999
9991
9979
9982
9984
9992
9981
9990
9991
9986
9991
9998
10000
9970
9988
9995
9990
9986
9997
9990
9995
9971
9989
9977
9995
9988
10000
9981
9987
9982
9992
9983
10000
9977
10000
9985
9988
9981
9974
9990
9983
9991
9995
9996
9988
9999
10000
9991
9996
9970
9992
9993
9977
9989
9977
9983
9985
9995
9988
9997
9998
9989
9995
9997
9995
9974
10000
9995
9986
9990
9978
9990
9971
9983
9976
9990
10000
9989
9983
9988
9982
9994
9984
9996
9983
9986
9992
10000
9986
9980
10000
9982
9971
9973
9982
9985
9995
9993
9989
9974
9981
10000
9998
9990
9994
9988
9991
9985
9985
10000
9998
9985
9982
9972
10000
9989
9990
9982
9987
9988
9975
9962
9994
9973
9959
10000
9990
10000
9989
9991
9978
9988
9989
9963
9982
9996
9983
9986
10000
9978
9986
9984
9995
9977
9988
9985
9983
9972
9996
9987
9989
9990
9997
9978
9998
9990
10000
9987
9993
9994
9990
9984
9995
9998
9998
9992
9994
9976
9997
9993
9982
9991
9992
9980
9997
9986
9991
9979
9980
9971
9988
9975
10000
9967
9975
9989
9993
9980
9994
9993
9993
9999
9983
9988
9992
9998
9986
10000
9979
9998
9973
9991
9989
9991
10000
9990
9985
9989
9991
9992
10000
9983
9996
10000
9972
9997
9995
9979
9967
9975
9985
9963
9999
9991
9976
9991
9994
9991
9983
10000
9983
9996
9974
10000
9979
9982
9990
9999
9972
9990
9998
9986
9988
9999
9995
9985
10000
9959
10000
10000
9995
9980
9956
9976
9988
9984
9990
9991
9991
9980
9970
9999
10000
9998
9986
9979
9996
9977
9974
9982
9985
9994
9993
9975
9994
9974
9984
9986
9987
9988
9987
9989
9972
9954
9988
9988
9963
9996
9996
9996
9985
9983
9980
9983
9987
9985
9969
9984
10000
9991
9978
9980
9986
9992
9977
9990
10000
9982
9979
9991
9982
9998
9999
9983
9987
9996
9996
9972
9991
9984
10000
9999
9993
9991
9993
9984
9984
9999
9990
9994
9983
9973
9985
10000
9998
9984
9992
9999
9989
10000
10000
9978
9969
9996
9972
9980
9994
9988
10000
9984
9990
9999
9993
9980
9989
9956
10000
9992
9963
9986
9985
9976
9996
9983
9988
9991
9990
10000
9997
9993
9987
10000
9993
9986
9986
9993
9977
9988
9996
10000
9996
9986
10000
9998
9959
10000
9989
9982
9976
10000
9990
9981
9986
9984
9988
10000
9984
9981
10000
9979
9998
9989
9976
9981
9991
9977
9980
9982
9989
9989
9991
9973
9985
9999
9998
9993
9986
9989
9986
9978
9988
9973
9985
9996
9991
9972
9988
9991
10000
10000
9995
9996
10000
9961
9988
9982
9992
9996
10000
9979
9990
9992
9992
9983
9972
9987
9991
9972
9987
9978
9984
9997
9994
9993
9990
9979
10000
10000
9995
9992
9970
9988
10000
9990
9992
9985
9999
9985
9987
9998
9982
9990
9969
9980
9975
9993
9979
9996
9995
9989
9996
9986
9995
10000
9973
9991
9975
9997
10000
9999
9991
9986
9997
10000
9976
9982
9999
9986
9981
9980
9993
9995
10000
9983
10000
9997
9991
10000
9997
9989
9994
9970
9975
9990
9973
10000
9990
9992
9988
9987
9996
9980
9987
9987
9984
9984
9977
9988
9992
9997
9984
9973
9980
9983
9985
9988
9993
9964
9979
9972
9992
9989
9996
9981
9991
9994
9986
9983
9990
10000
9993
10000
9996
9970
9980
9988
9989
9982
9983
9992
9974
9990
9978
9987
9989
9999
9978
9991
9994
9998
9984
9967
9991
9975
9991
9967
10000
9991
9990
9980
9996
9986
9985
9977
9993
9990
9991
9990
9998
10000
9998
9997
10000
9977
10000
9986
9967
9992
9987
9998
9995
9974
9988
9995
9993
9984
9996
9999
9992
9992
10000
9991
9983
10000
10000
9996
9993
9995
9993
9990
9981
9996
9994
9988
9989
9997
9999
9990
9984
9992
9996
10000
9998
9994
9975
9976
10000
9998
9985
9972
9989
10000
9966
9993
9999
9997
9978
9989
9960
9990
9988
9974
9970
9994
9997
9979
9988
9973
