10000
9991
9978
9995
10000
9993
9997
9979
9991
10000
9974
9997
9991
9999
9984
9974
10000
9984
9984
9966
9982
9991
10000
9993
9998
9982
9991
9986
9982
9983
9994
9981
9988
9986
9973
9982
9990
9993
10000
9987
10000
9984
9998
9975
9989
9997
9988
9988
9981
9989
9984
9977
9980
9995
9958
9991
10000
9988
9991
9999
9991
9991
9991
9991
9982
9984
9986
9993
9977
9980
9994
9994
10000
9982
9963
9983
9994
9996
9986
9991
9997
10000
9993
9982
10000
9976
9996
9991
9979
9997
10000
9987
9973
9983
10000
9989
10000
9996
10000
9999
9977
9990
9997
9986
9987
10000
9991
10000
10000
9982
10000
10000
9984
9981
9967
10000
9983
9993
9988
10000
9994
9989
9980
9996
9975
9989
9982
9983
10000
9997
10000
9993
9985
9995
9995
9985
9991
9993
9985
10000
9993
9979
9993
9987
9996
9992
9989
9994
9993
10000
9984
9991
9987
10000
9993
9987
9994
10000
9990
9976
9985
9996
9966
9994
10000
9987
9981
9987
9991
9988
10000
9967
9996
10000
10000
9981
9980
9990
10000
10000
9991
9998
10000
9985
9995
10000
9996
9960
9984
9979
9997
9991
10000
9983
9990
9980
9984
9991
10000
9984
9988
9995
9997
9966
9964
10000
9986
10000
9975
9993
9987
9995
9996
9979
9981
9969
10000
9984
9999
10000
10000
9991
9971
9977
9990
9988
10000
9995
9987
9981
9981
9993
9995
10000
9989
9992
9999
9991
10000
9984
9983
9991
9993
9999
9984
9984
9991
9985
9990
9994
9985
9981
9972
9978
9985
9993
9967
9985
10000
9992
9996
9997
9994
9999
9986
9977
9998
10000
9984
10000
9999
9984
9973
9948
9983
9976
9987
9975
9976
9970
10000
9982
10000
9973
9984
9980
10000
9989
9957
9985
9995
9981
9999
9996
10000
9953
9987
9987
9990
9987
9973
10000
9992
9971
9971
9994
9992
9981
9976
9995
9991
9990
9998
9969
9984
9990
9986
9989
9993
10000
9993
9987
9998
10000
9984
9989
9976
9992
9984
9997
9970
9991
9972
9985
9995
9980
10000
9983
9981
9984
9982
10000
10000
9989
9994
9997
9999
9991
10000
9979
9997
9989
10000
9985
9988
9993
9982
10000
9991
9986
9999
9991
9981
10000
9991
9998
9986
9992
9973
10000
10000
9973
10000
9983
9989
10000
9978
9983
10000
9971
9972
9982
9991
9993
9994
9968
9994
9995
9979
9972
9978
9982
9999
9991
9986
9971
9973
9999
9992
9983
9994
9997
9969
10000
9989
10000
9980
9983
9988
9990
9987
9970
9979
9985
10000
9988
10000
9976
9988
10000
9992
10000
9980
9990
9987
9990
9981
9985
9964
9980
9983
9986
9991
9991
9986
9971
10000
9977
9982
9996
9988
9977
10000
10000
9982
9995
9997
9992
10000
9978
9984
10000
9993
9987
9982
10000
9996
9994
9983
10000
10000
9991
9996
9992
9993
9986
9988
9994
9991
9980
9977
9978
9990
9990
10000
9989
9988
10000
9991
10000
10000
9982
9978
9991
10000
9974
9983
9983
9979
9994
10000
9996
9980
9977
9986
9988
9957
10000
9990
9997
9978
9999
9996
9996
9989
9977
9957
9993
10000
10000
10000
9987
9968
9989
9979
9991
9975
9992
9999
9992
10000
9984
9990
9969
9982
9997
9999
9982
9994
9996
9968
9986
9980
9975
9990
9984
9986
9977
9982
9984
10000
9990
9993
9988
10000
10000
9989
10000
10000
10000
9991
9983
9989
9998
9999
10000
9997
10000
9997
9972
10000
9993
10000
9979
10000
9997
9982
9991
9992
9986
9987
9977
9986
9996
9992
10000
9998
9984
9990
9993
9983
9990
9979
10000
9998
9985
9986
9984
10000
9979
9979
9992
10000
10000
10000
9987
9990
9986
9978
9979
9979
9995
9978
9983
9982
9992
9986
9978
9988
9969
9980
9972
9990
9982
9978
9985
9996
9991
9983
9993
9972
9987
9992
9958
9989
10000
9980
9994
10000
9992
9983
9993
9991
9992
9997
9971
10000
9997
9989
9991
9991
9992
10000
10000
9996
9996
9975
9999
9994
9989
10000
9993
10000
9996
9993
9987
9990
9967
9990
9981
9986
9998
10000
10000
9983
9987
9986
10000
10000
10000
9986
9980
9985
10000
10000
9986
9964
9999
9994
9988
10000
9999
10000
10000
9995
9994
9988
9992
9985
9971
9989
10000
9990
10000
9988
10000
9997
9993
9985
9988
10000
9978
9981
9991
9971
9992
9989
10000
10000
9985
9988
10000
9981
9989
9992
10000
9980
10000
10000
9974
9981
9996
10000
9975
9991
9991
10000
9983
9974
9984
9982
9974
9964
10000
10000
9998
9992
9948
9984
10000
9989
9991
10000
9976
9981
9999
10000
10000
9999
10000
10000
9993
9982
9987
9981
9995
9973
10000
9975
9997
9967
9989
9992
9980
9993
9973
9992
9992
10000
9964
9987
9987
9973
9998
9996
10000
10000
9984
9992
9992
9993
9991
9996
10000
9995
9994
9993
10000
9978
9984
9993
9992
9995
10000
9996
9986
10000
9989
9988
9998
9967
9988
10000
9995
9985
9980
9988
9985
9983
9979
10000
9981
9985
10000
9964
9980
9987
9962
9992
9971
9991
10000
9977
9998
9986
9984
9999
10000
9996
9995
9985
9996
9983
9984
9969
10000
9989
9991
9975
9987
9997
10000
9960
9975
9963
9990
10000
9987
9989
9985
9977
9996
9992
9981
9981
9992
9975
9992
9974
9985
9994
10000
10000
10000
9998
9988
9988
10000
9973
9999
9991
9991
9995
9994
9984
10000
10000
9986
10000
9983
9994
10000
9984
9989
9979
9983
10000
9983
9992
9991
9979
10000
9982
9991
10000
10000
9999
10000
9969
9977
10000
10000
10000
9987
9990
10000
9991
9976
9987
9987
9995
9971
9994
10000
9978
9981
9965
9992
9989
10000
10000
9986
9986
9982
9983
9998
9997
9997
10000
9992
9992
9994
10000
9983
9989
9978
9994
9997
10000
9997
9994
9983
9996
9990
9983
9983
9983
10000
10000
9999
10000
9989
9990
9994
10000
10000
9991
9993
9990
9975
10000
9996
9984
9978
9986
10000
10000
9999
9985
9978
10000
9967
10000
9980
10000
9980
10000
9989
9982
9984
10000
9986
9973
10000
9982
9960
9986
9987
9997
9977
9984
9963
9982
9995
9990
9996
9986
9990
9976
9993
