9995
9953
9999
9990
9985
9972
9991
9992
9991
9991
9985
9983
9980
9992
9995
9989
9995
9970
9990
9986
9977
9985
9970
9985
9968
9977
9996
9974
9991
9990
9992
9994
9981
9993
9964
9981
9998
9992
9993
9993
9987
9963
9980
9990
9993
9997
9988
9990
9971
9976
9984
9999
9981
9984
9985
9988
9988
9998
9990
9989
9989
9995
9982
9989
9985
9966
9984
9995
9990
9987
9999
9992
9988
9981
9993
9978
9978
9991
9983
9992
9990
9986
9976
9992
9987
9976
9972
9979
9988
9993
9987
9963
9996
9982
9991
9978
9989
9981
9994
9983
9987
9988
9999
9954
9986
9994
9990
9992
9995
9989
9958
9981
9979
9987
9980
9990
9991
9980
9993
9962
9994
9980
9972
9990
9980
9983
9960
9989
9982
9982
9980
9982
9989
9981
9973
9986
9978
9984
9978
9986
9977
9982
9992
9991
9999
9988
9986
9983
9986
9975
9992
9986
9984
9971
9976
9995
9989
9979
9980
9982
9995
9991
9975
9986
9996
9989
9980
9972
9977
9981
9998
9983
9986
9984
9969
9998
9989
9981
9986
9978
9996
9978
9979
9984
9996
9978
9990
9986
9975
9974
9992
9985
9984
9969
9975
9990
9988
9984
9993
9963
9989
9973
9978
9989
9976
9993
9979
9977
9989
10000
9972
9976
9987
9980
9976
9995
9990
9993
9981
9985
9987
9985
9996
9991
9991
9984
9982
9976
9976
9979
9990
9980
9986
9986
9994
9993
9991
9995
9980
9999
9980
9982
9982
9978
9992
9988
9965
9987
9985
9970
9964
9972
9995
9998
9988
9975
9992
9993
9966
9983
9983
9977
9967
9984
9997
9978
9980
9969
9992
9976
9978
9983
9995
9988
9981
9967
9991
9994
9960
9978
9979
9998
9977
9976
9984
9994
9973
9969
9978
9984
9994
9976
9984
9987
9982
9993
9981
9976
9996
9985
9988
9998
9992
9984
9988
9975
9979
9987
9976
9989
9990
9993
9982
9973
9988
9972
9988
9992
9989
9972
9971
9978
9997
9982
9987
9994
9994
9969
9987
9964
9982
9982
9989
9997
9995
9988
9979
9988
9975
9989
9986
9983
9975
9982
9979
9974
9973
9968
9990
9980
9979
9993
9962
9986
9990
9984
9991
9992
9987
9985
9969
9988
9986
9984
9962
9963
9992
9972
9995
9974
9974
9978
9989
9995
9985
9994
9993
9991
9984
9959
9981
9983
9987
9982
9962
9995
9982
9981
9985
9994
9987
9960
9977
9959
9972
9987
9979
9988
9979
9990
9991
9974
9969
9988
9985
9994
9973
9986
9962
9983
9970
9973
9991
9989
9989
9963
9996
9960
9989
9961
9990
9971
9985
9991
9994
9990
9978
9984
9972
9988
9994
9977
9990
9979
9972
9989
9991
9992
9987
9984
9999
9988
9985
9973
9960
9992
9984
9987
9993
9989
9975
9989
9977
9976
9979
9989
9988
9984
9989
9991
9973
9982
9984
9980
9981
9993
9974
9984
9988
9992
9988
9973
9993
9977
9967
9995
9966
9980
9974
9995
9995
9977
9980
9987
9997
9977
9992
9985
9987
9989
9987
9972
9976
9987
9983
9990
9985
9983
9991
9959
9995
9994
9994
9971
9994
9963
9983
9983
9968
9972
9986
9985
9988
9989
9962
9983
9983
9983
9987
9975
9978
9981
9988
9987
9992
9978
9989
9985
9998
9988
9987
9988
9987
9993
9989
9996
9979
9983
9983
9993
9986
9974
9970
9988
9976
9986
9982
9977
9978
9987
9988
9985
9990
9987
9985
9979
9995
9995
9993
9976
9997
9995
9989
9981
9989
9976
9978
9988
9994
9989
9983
9977
9975
9988
9991
9984
9990
9981
9977
9996
9983
9977
9990
9973
9966
9977
9995
9989
9989
9979
9988
9984
9988
9987
9995
9978
9986
9981
9989
9989
9988
9979
9989
9984
9991
9994
9991
9978
9987
9971
9971
9974
9992
9975
9975
9981
9994
9981
9987
9975
9977
9987
9962
9996
9984
9989
9987
9983
9991
9990
9980
9991
9989
9958
9961
9971
9987
9986
9985
9990
9989
9987
9984
9988
9998
9969
9989
9988
9994
9982
9974
9996
9981
9968
9980
9978
9981
9985
9991
9991
9980
9983
9989
9992
9992
9981
9979
9963
9994
9993
9993
9994
9969
9982
9994
9995
9966
9988
9976
9977
9976
9973
9963
9985
9978
9981
9985
9985
9999
9989
9980
9978
9986
9978
9988
9988
9997
9982
9981
9971
9990
9983
9986
9982
9987
9992
9986
9958
9989
9983
9991
9964
9976
9969
9999
9994
9986
9969
9995
9984
9968
9961
9979
9980
9981
9981
9981
9989
9991
9971
9991
9986
9989
10000
9991
9989
9977
9980
9983
9996
9982
9981
9980
9975
9993
9983
9996
9978
9994
9993
9978
9974
9988
9978
9981
9990
9997
9995
9975
9986
9989
9989
9979
9993
9992
9977
9993
9984
9989
9984
9982
9980
9967
9981
9991
9976
9987
9992
9984
9980
9974
9982
9989
9969
9977
9974
9978
9989
9976
9989
9996
9985
9970
9987
9985
9991
9976
9983
9973
9983
9981
9982
9996
9988
9954
9960
9990
9976
9991
9984
9987
9992
9987
9983
9973
9979
9995
9977
9975
9984
9976
9990
9977
9959
9992
9991
9994
9989
9973
9985
9983
9986
9986
9966
9995
9984
9972
9993
9989
9994
9997
9975
9994
9989
9995
9971
9982
9988
9993
9972
9980
9992
9966
9996
9995
9975
9990
9988
9963
9980
9988
9988
9997
9989
9987
9986
9993
9989
9987
9962
9996
9975
9969
9982
9980
9990
9990
9970
9983
9998
9993
9996
9993
9996
9992
9989
9965
9994
9968
9989
9984
9987
9973
9983
9993
9983
9999
9985
9990
9989
9995
9986
9991
9981
9974
9991
9985
9989
9992
9982
9982
9985
9995
9984
9990
9987
9986
9984
9996
9982
9962
9992
9984
9983
9972
9979
9979
9976
9991
9991
9986
9996
9983
9989
9984
9978
9986
9984
9984
9983
9970
9979
9985
9972
9978
9992
9993
9980
9990
9994
9986
9981
9986
9961
9978
9985
9988
9994
9978
9980
9994
9985
9994
9987
9990
9968
9969
9982
9967
9993
9994
9976
9979
9981
9961
9994
9964
9984
9991
9991
9981
9988
9980
9990
9988
9977
9992
9983
9991
9985
9998
9980
9996
9980
9973
9977
9970
9984
9998
9988
