9975
9990
9993
9992
9981
9999
9984
9998
9988
9989
9997
9973
10000
9992
9986
9995
10000
9990
9993
9996
9975
9994
9998
9993
9993
9985
9985
9990
9977
9997
9995
9992
9981
9994
9995
9990
9998
9998
9988
9990
9985
9978
10000
9990
9996
9991
9997
9998
9999
9995
9992
9984
9996
9997
9992
9999
10000
9975
9990
9994
9999
9997
9998
9999
9999
9986
9993
9999
9979
9990
9995
9988
9995
9998
9998
9996
9978
9997
9995
9997
9999
9992
9987
9991
9993
9995
9995
9985
9981
9987
9986
10000
9998
9977
9999
9999
9982
9998
9997
9991
9988
9983
10000
9982
9992
9999
10000
9987
9992
9997
10000
9999
9998
9998
9999
10000
9990
9946
9979
9999
9985
9991
9948
9996
9991
9999
9994
9995
9990
9990
9995
9999
9995
9997
9996
10000
9981
9989
9996
9980
9980
9986
9982
9994
10000
10000
9999
9982
9997
9999
9995
9996
9997
9999
9997
9998
9992
9997
9995
10000
9998
10000
9999
9992
10000
9995
9993
9999
9969
9992
9992
9995
9999
9993
9999
9999
10000
10000
9999
9999
9984
10000
9993
9998
10000
9997
9997
9973
10000
9991
9995
9975
9980
9965
10000
10000
9990
9969
9975
9985
9995
10000
9962
9999
10000
9996
10000
9992
9986
9993
9999
9999
9976
9999
10000
9990
10000
9998
9982
10000
10000
9994
10000
10000
9994
9998
9985
9992
9996
9993
9997
9978
9999
9999
9997
9992
9984
9990
9999
9983
9986
9999
9987
9976
10000
9997
9977
9999
9986
9987
9987
9991
9998
10000
9999
9983
9984
10000
9990
9972
9992
9978
9998
9990
10000
9994
9982
9988
9998
10000
9978
9997
9980
9971
9998
9995
9996
9996
9998
10000
9973
9990
9998
9994
9985
9997
9976
9988
9983
9989
10000
10000
9994
9995
9997
9984
9998
9994
9987
9997
9969
9998
9992
9984
10000
9990
9999
10000
9983
9977
10000
9998
9994
9989
9984
9994
9992
9995
9996
9994
9992
9998
9996
9996
9996
9999
9998
9982
9997
9996
9999
9997
9997
10000
10000
9999
9998
9994
9992
9986
9985
10000
9998
9996
9994
9984
9979
9996
9999
9990
9989
9957
9994
9994
9988
9991
9990
9998
9995
10000
9980
9996
9999
9998
9982
9996
9981
10000
10000
9991
9987
9997
9994
9997
10000
9997
9993
9998
9999
9990
10000
9982
9981
9981
9993
9970
9998
10000
9986
9990
9996
9987
9983
9986
9993
9995
10000
9991
9999
9991
9983
9999
9976
9997
9991
9993
9992
9999
9999
9998
10000
10000
9996
9990
10000
9987
9998
9990
9993
9995
9988
9982
9985
9980
10000
9985
9994
9983
9996
10000
9990
9996
9985
9999
9992
9985
9997
9993
9999
9994
9986
10000
10000
9996
9993
9993
9982
9999
9986
9948
9999
9998
10000
9987
9998
9996
9997
9978
9970
9977
10000
9997
9998
10000
9993
9971
10000
9985
10000
9986
9999
9984
9996
9993
9984
9979
9998
9997
9990
10000
9997
9983
9986
10000
9999
10000
9997
9982
9992
9982
9990
9995
9995
9993
9975
9980
10000
9985
9992
9983
9973
9993
9997
9992
9988
9996
9992
9998
9980
9985
9982
9995
9986
10000
9994
10000
9983
9995
9998
9987
9991
9965
9980
9997
9990
9982
9990
9999
9990
9999
9996
9989
9987
9988
9996
9998
9991
9985
9994
9989
9997
9995
9980
10000
10000
9992
10000
9989
9986
9999
9999
10000
9992
9983
9999
9999
10000
9984
9981
9983
9995
9998
9996
9996
10000
10000
9999
9994
9990
9999
9999
9993
9996
9996
9994
9990
9994
9999
9996
9989
9987
9994
9996
9978
9975
9995
9992
9981
9988
9998
9998
9993
10000
9988
9989
10000
9999
9998
9995
9993
9987
9990
9990
9994
9976
9990
10000
9994
9999
9991
9980
9994
9999
9987
9989
9994
9982
9992
9975
10000
9995
9995
9991
9990
9991
9974
9989
9999
10000
9996
9990
9993
9985
9987
9993
9978
9997
9975
9988
9986
9994
9990
9994
9999
9995
9999
9996
9983
9966
9996
9999
9992
9999
10000
9991
9986
10000
9990
9997
9996
9999
9999
9998
9996
9997
9994
9989
10000
9992
9999
9988
9699
10000
9999
9989
9998
9987
9992
9994
9998
9994
9990
9990
9980
10000
9993
9994
9998
9987
9997
9985
9985
10000
9997
10000
9987
9993
9994
9998
9999
9994
9990
9993
9978
10000
9983
9990
9992
9994
9982
9992
9999
9990
9995
10000
9999
9997
10000
9990
9998
9998
9994
10000
9987
9997
9995
9998
10000
10000
9989
10000
9994
9990
10000
9999
9997
9994
9996
9997
9983
10000
10000
9988
9983
9975
9995
9991
9998
10000
9993
9993
9994
9998
9993
9999
9986
9992
9994
9996
9993
10000
10000
9987
9997
10000
9988
9990
10000
9999
9994
9984
9998
9987
9988
9992
9999
9975
10000
9994
9998
9976
9979
9997
9979
9991
9994
9996
10000
9988
9999
9981
9999
9999
9989
9981
9990
9993
9997
9996
9988
10000
10000
9991
9992
9986
9993
10000
9998
9999
9998
9995
9996
9992
9979
9987
9994
9988
9981
9992
9999
9999
10000
9997
9993
10000
10000
10000
9992
9985
9995
9994
10000
9999
9985
10000
10000
9990
9999
9987
9999
9995
9996
9986
9990
9995
9991
9995
9989
9993
9990
9998
9997
9997
9991
9996
10000
9998
10000
9991
10000
9993
9979
10000
9999
10000
9996
10000
9994
9996
9998
9995
9999
10000
9986
9989
10000
9999
9994
10000
9986
9982
9987
9986
9997
9996
10000
9996
9987
9990
9999
9998
10000
9993
9999
9998
9995
9986
9994
9996
10000
9996
9994
9990
9999
9995
9990
10000
10000
9980
9981
9989
9999
9989
9999
9998
9984
9976
9992
9994
9992
9988
9973
9991
9987
9998
9991
9991
9983
10000
9998
9977
9975
9986
9959
9994
10000
9988
9998
9992
9983
9989
9994
10000
9987
9999
9996
10000
9995
9999
9999
9988
9996
10000
10000
9967
9999
9997
9999
9990
10000
9999
9991
9994
9991
10000
9991
9996
9999
10000
9987
9999
9995
9997
9992
9995
9981
10000
9990
9978
9994
9997
10000
9993
9991
9999
10000
9981
9999
9985
10000
9991
9987
9984
9989
9997
9999
9995
10000
9992
9990
