9995
9994
9966
9984
9982
9979
9985
9971
9991
9994
9977
9985
9995
9988
9996
9981
9965
9983
9982
9977
9982
9993
9982
9991
9981
9993
9994
9972
9997
9986
9996
9976
9982
9983
9976
9978
9989
9988
9960
9992
9988
9968
9980
9980
9978
9977
9987
9994
9979
9978
9990
9981
9995
9987
9994
9969
9964
9984
9998
9957
9991
9969
9992
9978
9990
9981
9985
9990
9991
9983
9990
9983
9986
9970
9981
9990
9980
9989
9986
9991
9980
9985
9992
9982
9971
9987
9991
9983
9986
9974
9976
9987
9994
9961
9961
9992
9985
9987
9995
9992
9984
9988
9985
9951
9996
9995
9981
9987
9980
9992
9988
9997
9983
9982
9982
9985
9989
9963
9983
9996
9976
9982
9964
9989
9983
9991
9978
9981
9954
9991
9974
9975
9986
9986
9983
9961
9975
9974
9979
9975
9959
9993
9990
9982
9987
9987
9994
9974
9984
9976
9992
9988
9967
9981
9990
9959
9974
9983
9983
9989
9982
9968
9994
9999
9993
9960
9993
9981
9981
9983
9993
9986
9979
9979
9985
9993
9984
10000
9986
9989
9971
9993
9992
9974
9993
9992
9992
9963
9968
9975
9985
9979
9989
9992
9982
9980
9995
9962
9971
9985
9991
9984
9969
9983
9991
9978
9990
9987
9979
9980
9992
9994
9989
9966
9995
9977
9995
9993
9981
9970
9980
9991
9989
9976
9984
9986
9991
9981
9978
9987
9977
9956
9982
9973
9952
9982
9968
9976
9978
9998
9986
9981
9988
9987
9984
9962
9992
9971
9982
9982
9978
9978
9983
9985
9994
9970
9989
9986
9985
9987
9994
9999
9991
9991
9987
9997
9977
9981
9976
9976
9991
9987
9989
9984
9974
9980
9988
9989
10000
9990
9983
9975
9998
9983
9976
9979
9979
9998
9981
9985
9982
9972
9976
9979
9974
9985
9983
9970
9994
9997
9972
9972
9997
9987
9988
9981
9995
9973
9981
9975
9985
9968
9991
9991
9996
9979
9992
9989
9983
9987
9983
9974
9980
9982
9972
9994
9990
9979
9961
9995
9996
9998
9976
9981
9999
9975
9981
9977
9981
9992
9993
9995
9977
9995
9984
9985
9986
9972
9969
9975
9978
9981
9972
9991
9988
9992
9990
9975
9971
9983
9992
9983
9979
9968
9987
9976
9978
9981
9989
9980
9993
9986
9993
9994
9985
9986
9976
9984
9997
9985
9982
9992
9967
9993
9987
9978
9981
9990
9968
9984
9989
9980
9986
9990
9974
9969
9978
9963
9992
9990
9981
9958
9977
9974
9972
9988
9972
9984
9977
9984
9982
9977
9990
9977
9974
9983
9984
9996
9978
9994
9989
9978
9978
9963
9981
9986
9984
9995
9976
9984
9989
9995
9998
9982
9984
9970
9982
9990
9973
9975
9988
9988
9967
9966
9992
9980
9988
9979
9967
9979
9987
9993
9998
9976
9958
9977
9986
9981
9985
9975
9989
9982
9993
9985
9986
9962
9998
9991
9972
9980
9992
9999
9995
9991
9971
9991
9993
9984
9981
9983
9952
9989
9994
9979
9993
9988
9987
9981
9983
9988
9989
9989
9972
9987
9984
9978
9988
9958
9990
9979
9987
9990
9968
9982
9980
9981
9984
9991
9985
9980
9986
9974
9985
9990
9978
9980
9973
9968
9969
9995
9987
9991
9980
9953
9990
9980
9985
9980
9982
9993
9986
9992
9990
9993
9986
9986
9986
9972
9983
9978
9974
9992
9987
9985
9981
9976
9987
9989
9981
9994
9970
9987
9986
9987
9972
9990
9994
9983
9993
9972
9993
9981
9979
9975
9967
9989
9971
9987
9973
9981
9986
9977
9980
9984
9986
9986
9957
9973
9988
9993
9991
9995
9993
9990
9986
9991
9978
9994
9971
9994
9986
9993
9976
9989
9976
9993
9980
9986
9948
9983
9995
9985
9979
9983
9969
9974
9980
9976
9987
9985
9985
9968
9974
9997
9982
9990
9990
9973
9984
9961
9981
9982
9979
9994
9966
9993
9986
9974
9983
9981
9982
9989
9953
9990
9983
9966
9992
9987
9985
9991
9974
9973
9973
9981
9986
9970
9985
9993
9994
9979
9964
9988
9976
9973
9991
9988
9984
9984
9997
9976
9970
9995
9996
9981
9989
9964
9993
9977
9987
9990
9971
9994
9983
9978
9984
9968
9968
9970
9987
9982
9973
9980
9980
9985
9967
9992
9993
9997
9992
9970
9972
9980
9988
9982
9985
9978
9993
9993
9983
9986
9979
9986
9992
9988
9982
9984
9993
9982
9954
9977
9979
9970
9971
9978
9985
9977
9987
9995
9987
9976
9994
9976
9985
9970
9971
9991
9975
9992
9984
9981
9976
9991
9996
9987
9992
9978
9976
9980
9982
9970
9985
9988
9961
9991
9979
9986
9987
9987
9997
9988
9991
9964
9987
9955
9963
9986
9990
9978
9989
9974
9984
9971
9996
9996
9999
9992
9995
9979
9978
9983
9986
9978
9993
9986
9992
9983
9982
9984
9991
9996
9993
9991
9991
9989
9985
9980
9985
9986
9985
9990
9984
9980
9968
9980
9990
9985
9974
9979
9995
9981
9990
9986
9986
9990
9974
9976
9985
9992
9990
9989
9984
9984
9984
9986
9985
9960
9992
9992
9985
9991
9996
9972
9994
9987
9994
9986
9979
9977
9993
9988
9986
9985
9990
9974
9981
9997
9982
9988
9969
9981
9996
9986
9990
9957
9991
9984
9969
9981
9988
9982
9994
9992
9981
9994
9989
9978
9983
9987
9994
9974
9988
9993
9992
9980
9991
9980
9992
9977
9986
9974
9996
9985
9975
9988
9994
9954
9990
9977
9989
9994
9969
9976
9980
9980
9988
9992
9971
9983
9985
9985
9993
9991
9990
9993
9961
9982
9987
9984
9980
9994
9964
9974
9993
9991
9994
9996
9987
9998
9985
9981
9980
9973
9996
9990
9979
9944
9994
9974
9976
9986
9983
9982
9977
9988
9988
9984
9994
9981
9979
9973
9987
9979
9997
9977
9989
9986
9986
9986
9992
9977
9983
9984
9989
9977
9975
9974
9991
9982
9982
9983
9998
9979
9999
9991
9988
9982
9993
9985
9986
9981
9987
9988
9971
9992
9988
9994
9985
9988
9977
9997
9968
9966
9988
9981
9986
9989
9988
9983
9990
9991
9982
9987
9981
9971
9986
9985
9985
9980
9993
9982
9994
9976
9972
9986
9975
9984
9985
9992
9994
9970
