9969
9999
9970
9979
9967
9990
9995
9992
9971
9987
9981
9992
9988
9978
9988
9990
9994
9990
9994
9973
9994
9992
9985
9984
9995
9983
9984
9987
9982
9988
9982
9969
9968
9978
9982
9986
9967
9990
9988
9983
9989
9979
9964
9989
9994
9961
9987
9970
9991
9985
9978
9981
9988
9993
9992
9978
9980
9994
9992
9984
9980
9974
9983
9981
9991
9975
9989
9996
9969
9986
9963
9996
9991
9979
9945
9987
9970
9975
9989
9981
9985
9977
9989
9974
9978
9986
9986
9977
9982
9999
9980
9977
9995
9998
9979
9969
9984
9986
9990
9983
9996
9994
9991
9973
9989
9986
9994
9987
9977
9989
9981
9990
9976
9995
9988
9990
9983
9995
9995
9995
9979
9968
9988
9984
9972
9987
9986
9988
9991
9972
9974
9984
9972
9969
9981
9973
9997
9970
9982
9977
9974
9983
9961
9988
9998
9992
9982
9987
9988
9990
9974
9997
9976
9989
9986
9986
9985
9986
9978
9983
9985
9987
9967
9995
9969
9998
9987
9989
9980
9990
9971
9953
9980
9979
9993
9973
9999
9988
9995
9988
9998
9972
9994
9987
9990
9976
9986
9992
9978
9993
9986
9994
9995
9976
9976
9978
9978
9980
9967
9968
9990
9991
9982
9985
9997
9990
9980
9978
9979
9983
9988
9976
9988
9975
9958
9993
9973
9991
9974
9970
9989
9986
9980
9981
9998
9990
9990
9977
9989
9999
9994
9980
9972
9988
9984
9982
9993
9982
9968
9997
9987
9992
9993
9993
9976
9977
9992
9985
9992
9991
9980
9970
9980
9972
9991
9988
9995
9987
9973
9983
9979
9978
9992
9975
9988
9970
9991
9986
9977
9995
9988
9980
9991
9999
9986
9976
9989
9991
9968
9983
9962
9986
9992
9979
9980
9983
9991
9981
9994
9986
9995
9973
9976
9983
9992
9980
9993
9983
9998
9972
9996
9986
9997
9980
9989
9992
9982
9983
9987
9987
9989
9977
9993
9993
9996
9995
9998
9971
9997
9980
9991
9986
9992
9972
9986
9989
9985
9980
9991
9978
9981
9993
9958
9989
9982
9998
9995
9963
9996
9978
9994
9981
9966
9984
9992
9969
9981
9991
9979
9993
9995
9973
9963
9991
9996
9979
9989
9982
9987
9999
9989
9990
9970
9981
9991
9979
9989
9971
9990
9990
9986
9990
9972
9988
9974
9995
9991
9976
9979
9991
9994
9989
9989
9998
9990
9959
9966
9997
9987
9998
9992
9986
9988
9973
9998
9989
9996
9982
9989
9977
9968
9985
9987
9984
9974
9994
9991
9989
9984
9967
9972
9982
9994
9988
9990
9982
9991
9984
9997
9973
9990
9998
9995
9982
9988
9985
9987
9979
9995
9985
9991
9982
9979
9980
9994
9985
9979
9982
9990
9985
9989
9988
9954
9987
9995
9976
9986
9989
9979
9993
9995
9996
9983
9978
9980
9995
9991
9988
9994
9987
9987
9993
9983
9988
9991
9980
9975
9986
9985
9999
9973
9994
9996
9988
9996
9992
9998
9972
9975
9989
9992
9970
9988
9985
9991
9980
9976
9976
9979
9988
9959
10000
9988
9990
9995
9997
9980
9988
9986
9984
9972
9992
9989
9989
9947
9988
9998
9994
9997
9994
9986
9989
9992
9960
9981
9995
9973
9997
9972
9994
9987
9983
9967
9986
9986
9989
9970
9987
9984
9989
9987
9961
9989
9975
9993
9995
9988
9978
9979
9966
9981
9988
9991
9995
9980
9995
9968
9991
9984
9992
9980
9980
9961
9997
9988
9985
9989
9993
9973
9983
9992
9990
9995
9984
9995
9982
9968
9992
9984
9979
9992
9988
9977
9970
9985
9996
9994
9965
9995
9963
9985
9977
9995
9960
9990
9983
9960
9983
9996
9974
9983
9981
9985
9993
10000
9992
9981
9982
9995
9980
9985
9987
9991
9980
9988
9995
9992
9995
9994
9995
9991
9989
9991
9991
9977
9979
9999
9987
9980
9981
9980
9999
9969
9991
9981
9981
9987
9992
9984
9993
9998
9981
9990
9973
9995
9986
9991
9973
9975
9985
9976
9976
9986
9988
9972
9992
9992
9965
9984
9997
9994
9992
9984
9976
9973
9969
9976
9985
9986
9992
9978
9984
9994
9997
9989
9984
9995
9981
9999
9993
9965
9994
9990
9989
9990
9979
9988
9974
9995
9998
9975
9985
9973
9976
9978
9983
9977
9987
9993
9983
9966
9991
9993
9965
9977
9970
9978
9987
9994
9986
9981
9972
9980
9988
9972
9978
9994
9970
9983
9993
9985
9975
9977
9991
9975
9994
9989
9992
9991
9964
9995
9956
9994
9985
9977
9987
9990
9981
9970
9980
9996
9984
9993
9986
9995
9966
9986
9981
9997
9994
9976
9987
9997
9989
9985
9985
9987
9974
9994
9978
9977
9985
9986
9972
9992
9988
9990
9985
9992
9980
9991
9991
9973
9991
9974
9991
9983
9971
9995
9982
9987
9986
9972
9984
9998
9967
9969
9986
9997
9986
9991
10000
9981
9988
9981
10000
9993
9979
9974
9981
9979
9992
9961
9976
9990
9987
9976
9979
9976
9970
9963
9997
9983
9974
9984
9985
9980
9977
9992
9993
9990
9964
9987
9978
9974
9996
9989
9986
9991
9987
9993
9981
9971
9996
9984
9987
9985
9995
9993
9988
9984
9958
9993
9998
9991
9983
9986
9999
9991
9982
9976
10000
9971
9989
9993
9986
9990
9973
9985
9992
9985
9987
9997
9995
9973
9988
9967
9983
9989
9977
9971
9988
9994
9991
9988
9986
9985
9987
9985
9979
9947
9979
9988
9995
9997
9988
9980
9994
9982
9988
9988
9981
9989
10000
9992
9987
9979
9997
9985
9988
9977
9989
9975
9989
9994
9974
9985
9994
9961
9993
9993
9986
9992
10000
9985
9986
9967
9982
9995
9955
9983
9988
9987
9985
9995
9989
9991
9990
9987
9992
9971
9991
9997
9968
9990
9978
9988
9988
9994
9969
9978
9977
9972
9985
9988
9982
9993
9964
9988
9990
9992
9988
9989
9973
9994
9998
9977
9978
9976
9974
9979
9990
9978
9987
9984
9991
9987
9987
9969
9972
9983
9982
9991
9994
9984
9984
9974
9994
9994
9992
9989
9980
9996
9976
9974
9963
9981
9989
9983
9989
9982
9986
9980
9992
9966
9971
9974
9991
9996
9979
9982
9963
9985
9974
9985
9968
9972
9991
9986
9991
