9987
9966
9995
9994
9993
10000
10000
9985
9989
9969
9980
9988
10000
9979
10000
9980
9997
9994
9991
10000
9985
10000
10000
9991
9988
10000
9974
9986
9990
9988
9996
10000
9989
9991
10000
10000
10000
9973
10000
9984
9992
9978
10000
9976
9980
9999
10000
9991
9991
9986
9981
9977
10000
9991
9983
10000
9979
9978
9993
10000
10000
9997
10000
9982
10000
9978
9991
9992
9976
10000
9993
9999
9995
10000
9988
9996
9974
9971
9998
9987
9992
9993
9996
10000
9984
10000
9969
9989
9993
10000
9989
9978
9977
10000
9987
9979
9982
10000
9978
9991
9976
9988
9992
9995
9999
9980
9962
9998
9990
10000
10000
9988
9986
9998
9993
9976
9996
9977
9990
9987
9974
9998
9983
10000
9994
9997
9979
9983
9980
9973
9984
9989
9996
10000
9986
10000
9985
9998
9986
9971
9997
9999
9991
9986
9972
9973
10000
9981
10000
9988
9962
9979
9986
9974
9989
9997
9980
9997
9983
9983
9978
9990
9982
9973
9989
9994
9977
9988
9975
9984
10000
9971
9972
9990
9988
9984
9957
9983
10000
9981
9963
10000
10000
9979
9971
10000
10000
9992
9989
9999
10000
9971
9983
9993
9968
9986
9989
9990
9982
10000
10000
9974
10000
10000
9995
9999
10000
9991
9985
10000
9993
9995
10000
9986
9990
9994
10000
9980
10000
9981
9986
9993
10000
9990
9993
9988
9990
9982
9986
9997
9988
10000
9985
9989
9971
9985
9979
9980
9981
9987
9974
9989
9988
9998
9984
9978
9968
10000
9978
9982
9981
9993
9993
10000
9983
9981
9966
9979
9993
9994
9978
9979
9991
9972
9992
10000
9987
9981
9993
9991
9998
9977
10000
9977
9988
9996
9953
9988
9974
9982
9984
10000
10000
9990
9988
9977
9998
9990
9979
9969
9975
9973
9993
9997
9973
9977
9999
9983
9981
9997
10000
9992
9956
9999
10000
9991
9983
9987
9999
9978
10000
9989
9986
9986
9991
9975
9979
9982
10000
9991
9996
9992
9985
9988
9986
9990
9982
9981
9981
10000
10000
9995
9988
9978
10000
10000
9991
9982
10000
9983
9979
9988
9999
9979
9991
9983
9993
9979
10000
9981
9986
9993
9979
9988
9993
9995
10000
9974
9984
9989
9983
9995
9999
9988
9994
10000
10000
9985
9991
9995
9982
9982
9991
9989
9993
9962
9984
9977
9983
9973
9986
9983
10000
9999
10000
9989
9985
9981
9995
9976
10000
10000
9999
9984
10000
9992
9961
9954
9966
10000
9997
10000
9992
10000
10000
9986
9993
9991
9990
9992
9991
9965
9991
9995
9987
10000
9971
9991
10000
9977
9977
9991
9989
9975
9980
9994
9983
9983
9992
9985
9992
9989
10000
9971
9976
9995
9986
9993
9995
9989
9957
9975
10000
10000
9988
9998
9993
9974
9983
10000
9980
9995
9983
9982
9992
10000
9988
9984
9952
10000
9983
9986
10000
9973
9967
9988
9976
9986
9989
9966
9980
9992
9991
9957
9966
9992
9978
10000
9978
10000
9982
9987
10000
10000
9992
9986
9990
9988
9981
9999
9981
10000
9976
9990
9982
9999
9994
10000
9993
9973
9993
9986
9977
9980
10000
9998
9992
9970
10000
9983
10000
9975
9991
9997
10000
10000
9996
9967
10000
9987
9991
10000
9973
9974
9974
9994
9973
9988
9960
9990
9990
9993
9991
10000
9981
9997
9982
9989
10000
9993
9977
9983
10000
9980
9981
9995
9982
10000
10000
9994
9998
9985
9988
9955
10000
10000
9983
10000
9992
9982
9973
9973
9980
9980
9988
9985
9993
9989
9989
9973
9973
9987
9972
9997
10000
9990
10000
9969
9968
9987
9976
9992
10000
9977
9992
9987
9983
10000
9967
10000
9973
9987
10000
9984
9986
9981
9978
9998
9994
9986
10000
9983
9964
9999
9981
9981
9976
10000
9994
9993
9992
9983
10000
10000
9986
9996
10000
9989
9983
9975
9989
9997
9997
9983
9990
9994
9949
9997
9999
9999
9970
10000
9992
9985
9984
9986
9976
10000
9988
9982
9990
9998
10000
9981
9997
9992
9989
9964
9987
9989
10000
9984
9981
9991
9991
9989
10000
10000
9999
9999
9993
10000
9992
9992
9979
9972
9982
9991
9980
9999
9999
9997
9987
9996
9981
9998
9984
9980
9975
9980
9972
9984
10000
10000
10000
9997
9988
10000
9997
10000
9996
9986
9991
9985
9983
9996
9988
10000
9994
9995
9999
10000
9984
9994
9984
9996
9984
10000
9983
9986
9982
9982
9999
9996
10000
9984
9990
9982
9995
10000
9984
9983
9996
9989
9989
9986
9977
10000
9997
9981
10000
9992
9998
9983
9981
10000
9984
9977
9990
9988
9993
9987
9969
10000
9987
9995
9979
10000
9976
9978
9999
9987
10000
10000
9947
9996
9986
10000
9996
10000
10000
9975
9993
9992
10000
10000
9998
9977
9993
9966
9983
9964
10000
9997
9979
9968
9988
9993
9999
9987
10000
9972
10000
9993
9997
9983
9977
9971
9990
9991
9993
9999
9994
9992
10000
9981
10000
9991
9998
9991
9990
9991
9974
9993
9992
10000
10000
9999
9955
9989
9981
9983
9968
10000
9984
9988
9996
9992
9987
9996
10000
9961
9976
9989
9989
9980
9984
10000
10000
10000
9995
9983
9992
10000
9966
9991
9993
9996
9978
9988
9994
9988
9991
9992
9985
9995
9977
9989
9986
9984
10000
9989
9947
10000
9984
9989
9988
10000
9990
10000
9984
9991
10000
9986
10000
9976
9992
9964
9978
9975
9969
9994
9976
10000
9974
10000
9984
9994
9989
9994
9979
9974
9985
9986
10000
9981
9985
9984
10000
10000
9986
9982
10000
10000
10000
9957
9999
10000
9985
10000
9991
9984
9971
9976
9990
9975
9979
9997
9989
9987
9989
9995
9992
9998
9980
9971
10000
9994
9981
9996
9980
10000
10000
9972
9995
9980
9975
9991
9999
9975
9983
9971
9999
9994
9987
9980
10000
9988
9994
9997
10000
9989
9999
9995
9984
9989
9995
9985
9969
9991
9995
9963
9964
9996
9988
9993
9999
9978
9998
9999
9987
9994
9981
9986
10000
9981
10000
9993
9977
9976
9977
9988
9984
9965
10000
9982
9973
9989
9999
9999
9997
9988
9995
9979
9987
9976
9994
10000
9992
9963
9983
9998
9989
9992
9967
9995
9980
9974
9996
9993
