9993
9970
9967
9960
9990
9989
9978
9981
9996
9996
9983
9983
9996
9999
9996
9995
9974
9988
9988
9998
9999
9992
9982
9997
9995
9996
9971
9996
9985
9990
9994
9994
9983
9990
9997
9985
9990
9984
9989
9990
9993
9986
9995
9990
9996
10000
9985
10000
9953
9990
9983
9986
9988
9988
9987
9989
9989
9990
9996
9981
9986
10000
9997
9975
9966
9980
9988
9997
9979
9972
9975
9959
9979
9986
9987
9991
9996
9965
9971
9992
9973
9994
9975
9963
9990
9992
9982
9992
10000
9999
9991
9980
9992
9994
9982
9992
9979
9987
9974
9992
9992
9995
9990
9991
9992
9987
9998
9984
9967
9980
9985
9995
9964
9982
9999
9995
9989
10000
9992
9990
9997
9996
9995
9983
9992
9989
9995
9993
9993
9980
9993
9989
9994
9965
9994
9990
9991
9992
9986
9967
9982
9988
9989
9986
9991
9978
9976
9991
9986
9972
9995
9995
9991
9989
9989
9966
9975
9993
9982
9995
9995
9996
9984
9976
9989
9989
9994
9984
9981
9989
9991
9986
10000
9992
9969
9998
10000
9997
9983
9984
9988
9972
9991
9997
9976
9976
9993
9994
9988
9977
9988
9980
9968
9977
9981
9987
9990
9998
9974
9984
9981
9986
9989
9986
9984
9992
9997
9982
9981
9983
9987
9989
9972
9987
9988
9983
9993
9990
9986
9995
9966
9990
9989
9992
9982
9994
9984
9990
9980
9969
9989
9975
9983
9983
9989
9980
9992
9993
9996
9990
10000
9986
9990
9983
9982
9984
9996
10000
9971
9979
9987
9996
9976
9994
9994
10000
9974
9995
9970
9995
9990
9988
9973
9995
9971
9968
9995
10000
9993
9991
9983
9990
9995
10000
10000
9985
9983
9993
9985
9983
9977
9997
9989
9974
9980
9990
9982
9990
9993
9990
9986
9992
9978
9995
9998
9981
9992
9965
9998
9991
9977
9980
9984
10000
9989
9985
9998
9993
9982
9990
9964
9992
9993
9984
9999
9987
9988
9996
9980
9983
9991
9991
9995
9986
9985
9982
9981
9977
9981
9983
9979
9985
9971
9989
9992
9998
9989
9973
9993
9972
9996
10000
9992
9968
9987
9976
9973
9983
9985
9996
9995
9982
10000
9991
9979
9966
9986
10000
9982
9991
9988
10000
9990
9993
9982
10000
9986
9977
9981
9973
9988
9982
9983
9987
9994
9989
9986
9989
9984
9981
9994
9991
9988
9990
9996
9991
9983
9982
9970
9980
9992
9979
9987
9993
9991
9988
9995
9984
9985
9988
9999
9985
9995
9969
9974
9997
9951
9991
9980
9987
9983
9991
9990
9997
9973
9997
9998
9987
9976
9998
9990
9988
9979
9980
9986
9987
9975
9995
9993
9968
9986
9997
9973
9978
9991
9960
9981
9985
9991
9987
9979
10000
9993
9996
9990
9980
9995
9987
9988
9988
9988
9998
9986
9996
9992
9996
9987
9975
9982
9994
9992
9985
9987
9994
9982
9981
9988
9987
9990
9992
9990
9978
9985
9986
9992
9982
9988
9985
9996
9989
9984
9994
9986
9991
9987
9992
9997
9988
9993
9991
10000
9993
9994
9990
9984
9963
9977
9995
9990
9991
9993
9992
9987
9994
9996
9993
9994
9989
9990
9989
9994
9968
9991
9997
9985
9963
9999
9982
9979
9990
9983
9975
9997
9967
9992
9977
9994
9994
9979
9988
9996
9961
9988
10000
9968
9995
9987
9986
9978
9990
10000
9988
9982
9984
9993
9989
9974
9989
9979
9989
9989
9959
9988
9974
9993
9988
9963
9984
9975
9989
9984
9990
9980
9989
9993
9983
9971
9984
9991
9989
9974
9987
9972
9982
9996
9956
9987
9988
9978
9986
9979
9984
9989
9995
9991
9984
9995
9982
9986
9990
10000
9982
9988
9982
9983
10000
9989
9990
9989
9988
9981
9974
9988
9986
9993
9982
10000
9989
9995
9978
10000
9973
9991
9986
9992
9976
9995
9992
9981
9987
9972
9990
9973
9991
9987
9977
9998
9987
9990
9986
9995
9979
9995
9995
9995
9993
9966
9980
9994
9980
9975
9997
9978
9975
9994
9987
9987
9978
9984
9991
9976
9975
9995
9982
9983
9985
9970
9984
9969
9991
9970
9986
9974
10000
9968
9961
9988
9989
9996
9981
9990
9986
9983
9988
9973
9987
9992
9975
9992
9998
9993
9985
9987
9987
9988
9991
9988
9988
9974
9989
9985
9998
9993
9979
9968
9993
9997
9972
9992
9971
9993
9989
9983
9978
9983
9979
9986
9997
9990
9995
9972
9967
9964
9982
9999
9995
9991
9993
9989
9982
9998
9964
9997
9990
9982
9991
9986
9992
9984
9977
9985
9996
9998
9991
9998
9990
9990
9970
9969
9987
9977
9980
9983
9988
9991
9988
9994
9986
9985
9990
9980
9989
9986
9990
9996
9979
9992
9981
9991
9986
9986
9999
9991
9983
9977
9992
9995
10000
9984
9984
9970
9994
9994
9997
9956
9993
9997
9983
9989
9988
9974
9972
9991
9990
9979
9984
9975
9993
9980
9985
9977
9987
9980
9978
9990
9995
9999
9980
9988
9997
9989
9989
9974
9991
9963
9995
9979
9962
9998
9979
9978
9997
9986
9984
9985
9991
9988
9981
9990
9990
9995
9990
9992
9972
9981
9996
9970
9974
9987
9976
9982
9995
9983
9986
9979
9980
9995
9996
9984
9982
10000
9977
9983
9982
9960
9990
9987
9991
9995
10000
9987
9985
9980
9967
9975
9985
9977
9986
9997
9989
9993
9983
9966
9982
9986
9994
9989
9982
9978
9985
9967
9989
9990
9994
9976
9969
9972
10000
9978
10000
9986
9976
9996
9998
9999
9997
9989
9991
9999
9988
9994
9973
10000
9987
9996
9997
9983
9992
9991
9992
10000
9985
9986
9998
9988
9982
9987
9987
9989
10000
9982
9980
9980
9999
9962
9992
9984
9984
9990
9997
9992
9991
9980
9985
9983
9991
9970
9977
10000
9987
9968
9972
9980
9981
9989
9993
9998
9988
9980
9982
9988
9998
9985
9987
9989
9975
9985
9989
9997
9986
9962
9983
9986
9986
9968
9980
9981
9992
9994
9966
9993
9991
9990
9997
9990
9996
9984
9972
9984
9982
9982
9984
9983
9997
9995
9994
9957
9998
9973
9998
9985
9993
10000
9987
9999
9979
9979
9992
9974
9995
9992
9983
9994
9998
9983
9976
9986
9987
9997
9969
