9993
9960
9993
9982
9985
9974
9967
9993
9977
9974
9980
10000
9998
9992
9982
9978
9980
9983
9994
9984
9989
9970
9985
9984
9983
9971
9992
9972
9988
9955
9990
9987
9987
9994
9973
9981
9991
9984
9985
9994
9983
9986
9996
9989
9983
9973
9996
9986
9978
9989
9975
9975
9985
9994
9980
9991
9970
9979
9996
9985
9983
9986
9988
9991
9987
9982
9971
9983
9986
9984
9977
9987
9988
9978
9992
9988
9989
9979
9989
9964
9994
9994
9988
9989
9987
9984
9958
9984
9990
9982
9987
9994
9992
9991
9985
9974
9992
9998
9990
9967
9980
10000
9979
9991
9984
9955
9990
9984
9989
9978
9939
9989
9978
9988
9993
9993
9982
9961
9986
9981
9988
9989
9956
9985
9990
9989
9999
9990
9991
9988
9980
9985
9981
9976
9981
9986
9981
9984
9979
9983
9991
9974
9973
9987
9999
9993
9986
9978
9992
9991
9998
9986
9988
9984
9995
9971
9983
9976
9961
9983
9994
9983
9995
9985
9975
9991
9966
9990
9991
9986
9988
9995
9974
9984
9991
9993
9975
9992
9990
9986
9966
9993
9987
9992
9987
9991
9992
9991
9985
9987
9981
9961
9991
9994
9987
9999
9995
9993
9986
9980
9991
9985
9989
9992
9988
9984
9970
9993
9991
9988
9992
9975
9965
9981
9987
9989
9978
9977
9981
9985
9984
9985
9990
9996
9962
9976
9992
9991
9984
9979
9991
9990
9975
9975
9977
9952
9974
9980
9997
9988
9987
9980
9990
9991
9987
9964
10000
9973
9973
9988
9997
9986
9991
9979
9979
9994
9986
9989
9974
9980
9970
9983
9995
9987
9996
9977
9969
9985
9965
9963
9994
9994
9986
9975
9987
9990
9994
9983
9984
9996
9993
9979
9979
9986
9982
9991
9981
9989
9992
9976
9992
9959
9983
9984
9983
9983
9980
9978
9991
9992
9989
9993
9984
9973
9988
9994
9993
9991
9990
9978
9986
9977
9991
9986
9985
9995
9967
9973
9963
9968
9983
9975
9963
9978
9982
9979
9970
9973
9989
9993
9991
9975
9994
9959
9981
9995
9982
9996
9958
9993
9977
9965
9993
9981
9985
9986
9979
9962
9999
9980
9984
9987
9982
9978
9985
9987
9972
9986
9989
9970
9991
9985
9983
9994
9994
9983
9976
9985
9968
9988
9969
9997
9988
9988
9987
9980
9992
9974
9984
9991
9994
9980
9982
9990
9975
9995
9979
9976
9979
9995
9977
9978
9972
9986
9990
9978
9986
9994
9986
9979
9977
9960
9989
9994
9979
9987
9997
9980
9981
9996
9995
9992
9991
9977
9988
9988
9986
9983
9984
9983
9995
9989
9983
9996
9980
9989
9970
9988
9966
9992
9988
9982
9983
9973
9993
9983
9984
9972
9997
9988
9989
9990
9984
9980
9984
9989
9992
9978
9991
9969
9983
9985
9973
9959
9980
9998
9985
9988
9985
9982
9965
9977
9980
9984
9991
9989
9964
9962
9992
9988
9979
9973
9991
9989
9947
9974
9953
9989
9992
9980
9986
9982
9986
9979
9986
9980
9992
9994
9983
9972
9980
9965
9978
9993
9986
9977
9996
9994
9991
9976
9973
9996
9985
9984
9980
9989
9987
9968
9985
9984
9997
9994
9973
9982
9991
9985
9999
9976
9984
9994
9968
9990
9991
9977
9988
9983
9986
9974
9992
9980
9989
9988
9988
9985
9996
9991
9971
9981
9979
9980
9993
9985
9996
9998
9990
9988
9985
9998
9990
9988
9989
9985
9994
9979
9992
9982
9982
9976
9988
9980
9954
9974
9990
9991
9993
9985
9985
9983
9985
9989
9987
9992
9990
9996
9997
9985
9998
9988
9984
9976
9985
9989
9986
9972
9987
9998
9984
9980
9989
9979
9994
9975
9998
9965
9983
9988
9986
9980
9986
9965
9974
9983
9980
9986
9985
9987
9985
9995
9985
9981
9980
9985
9995
9993
9987
9985
9988
9979
9991
9989
9984
9986
9981
9976
9990
9980
9988
9987
9993
9969
9991
9986
9988
9988
9984
9984
9992
9987
9989
9996
9965
9979
9973
9977
9990
9988
9979
9993
9982
9995
9982
9978
9998
9970
9976
9974
9991
9982
9985
9993
9984
9985
9997
9998
9983
9990
9989
9975
9986
9995
9989
9980
9987
9993
9992
9987
9985
9977
9986
9982
9993
9979
9968
9990
9993
9970
9977
9960
9986
9982
9954
9986
9969
9989
9989
9992
9963
9993
9992
9990
9984
9971
9966
9981
9984
9986
9978
9987
9981
9967
9984
9977
9970
9987
9979
9986
9981
9977
9997
9989
9979
9992
9966
9980
9976
9983
9983
9992
9991
9980
9997
9979
9996
9982
9985
9984
9978
9988
9990
9995
9988
9988
9982
9987
9987
9992
9990
9980
9969
9972
9992
9996
9984
9980
9983
9983
9973
9990
9984
9989
9988
9988
9988
9983
9992
9992
9967
9994
9972
9981
9958
9992
9994
9986
9983
9979
9973
9970
9988
9965
9991
9993
9990
9980
9985
9982
9994
9982
9989
9975
9993
9995
9981
9980
9985
9991
9976
9991
9986
9986
9987
9984
9988
9985
9972
9982
9991
9982
9965
9989
9982
9985
9956
9990
9973
9986
9981
9982
9973
9991
9980
9993
9982
9992
9984
9996
9984
9992
9983
9994
9956
9983
9977
9985
9996
9975
9991
9989
9995
9976
9982
9969
9991
9997
9994
9992
9991
9990
9990
9969
9992
9982
9986
9983
9983
9988
9992
9985
9982
9992
9984
9978
9993
9958
9983
9993
9994
9989
9989
9988
9979
9966
9995
9995
9991
9986
9993
9972
9988
9985
9993
9971
9990
9969
9984
9994
9994
9997
9995
9978
9977
9989
9991
9978
9982
9983
9981
9966
9971
9989
9981
9955
9970
9967
9955
9984
9988
9992
9987
9987
9985
9976
9972
9989
9977
9995
9986
9988
9993
9985
9974
9982
9983
9988
9995
9993
9979
9979
9989
9974
9981
9976
9973
9986
9997
9990
9991
9998
9989
9979
9981
9984
9980
9985
9992
9989
9995
9975
9955
9983
9995
9987
9992
9996
9981
9963
9987
9988
9990
9979
9988
9991
9992
9986
9976
9991
9985
9994
9994
9985
9975
9993
9985
9989
9981
9981
9983
9973
9993
9978
9994
9971
9979
9992
9967
9996
9989
9988
9987
9971
9978
9982
9992
9981
9986
9988
9995
9988
9982
9989
