9998
9995
9990
9986
9983
9990
9992
9985
9978
9980
9990
9994
9975
9994
9981
9998
9975
9983
9996
9999
9980
10000
9993
9996
9984
9997
9989
9993
9989
9998
9992
9990
9998
9996
9967
9991
9994
9973
9987
9981
9996
9982
9979
9973
9980
9993
9989
9985
9969
9994
9994
9995
9992
9994
9982
9991
9986
9997
9996
9999
9986
9984
9974
9988
9991
9989
9967
9986
9988
9989
9977
9989
9991
10000
9982
9994
9990
9997
9987
9999
9979
9979
9985
10000
9986
9988
9980
9992
9988
9984
9979
9971
9992
9980
9979
9993
9982
9990
9995
9962
9959
9962
9997
9991
9993
9983
9991
9991
9998
9977
9995
9964
9977
9986
10000
9992
9981
9978
9988
9990
9993
9988
9996
9990
9983
9983
10000
9990
9996
9993
9990
9988
9990
9995
9990
9988
10000
9987
9987
9978
9982
9958
9988
9995
9988
9990
9997
9973
9990
9974
9999
9976
9996
9984
9984
9989
9991
9976
9988
9993
9999
9998
9987
9998
9980
9993
9975
9999
9997
9984
9988
9990
9992
9961
9993
9990
9977
9992
10000
9982
10000
9986
9986
9989
9993
9989
9977
9990
9995
9997
9986
9973
9973
9956
9991
9970
9995
9988
9998
9990
9981
9994
9993
9970
9987
9997
9995
9991
9990
9992
9971
9983
9997
9981
9979
9988
9977
10000
9989
9988
9961
9987
9985
9985
9991
9999
9979
9984
9990
9990
9984
9990
9993
9979
9989
9987
9959
9991
9973
9984
9986
9978
9990
9995
9989
9991
9985
9993
9982
9993
9980
9999
9986
9984
9958
9996
9984
9975
9976
9977
9998
9984
9994
9979
9991
9978
9980
9995
9982
9952
9981
10000
9985
9986
9994
9991
9997
9970
9969
9979
9993
9971
9996
9999
9996
9984
9993
9998
9987
9996
9994
9994
9986
9975
9997
9985
9997
9971
9995
9977
9962
9974
9991
9965
9999
9990
9992
9983
9979
9990
9993
9992
9988
9978
9997
9968
9979
9997
9997
9994
9985
9998
9982
9989
9982
9982
9994
9977
9991
9984
9991
9994
9994
9944
9992
9985
9997
10000
9991
9979
9967
9984
9985
9995
9985
9999
9982
9993
9990
9990
9990
9998
9988
9994
10000
9978
9989
9992
9992
9982
9998
10000
9983
9978
9988
9983
9992
9997
9973
9997
9971
9983
10000
9988
9995
9963
9981
9971
9989
9963
9995
9977
9993
10000
9985
9985
9976
9982
9989
9998
9984
9992
9988
9978
9991
9980
9991
9989
9986
9982
9984
9987
9990
9985
9986
9997
9996
9979
9979
9990
9995
9992
9998
9976
9996
9998
9984
10000
9960
9984
9982
9996
9969
9998
9987
9981
9972
9999
9988
9979
9997
9986
9988
9993
9982
9977
9997
9996
10000
9990
9993
9991
9985
9986
10000
9996
9988
9982
9994
9987
9997
9987
9992
9985
9977
9997
9982
9985
9981
9991
9985
9982
9993
9970
9989
9980
9997
9964
9993
9975
9973
9993
9987
9989
9983
9992
9973
10000
9991
9989
9993
9971
10000
9991
9992
10000
9992
9979
9989
9985
9990
9965
9993
9971
9980
9996
9978
9994
9986
9968
9996
9991
9987
9989
9984
9985
9973
9989
9995
9981
9981
9994
9980
9987
9978
9993
9988
9984
9993
9976
9982
9986
9987
9989
9989
9983
10000
9990
9988
9987
9992
9967
9980
9969
9992
9992
9995
9996
9970
9993
9977
9995
9969
9976
9994
9987
9990
9981
9978
10000
9981
9992
9993
9993
9976
9995
9983
9977
9988
9998
9965
9982
9998
9961
9988
9993
9991
9982
9975
9999
10000
10000
9981
9989
9998
9993
9982
9991
9992
9989
9976
9992
9971
9979
9983
9981
9990
9992
9985
9994
9991
9988
9992
9997
9978
9987
9991
9990
9992
9986
9986
9996
9980
9987
9999
9995
9991
9981
9989
9999
9994
10000
9987
9961
9978
9988
9983
9984
9994
9988
9987
9984
9991
9978
9990
9979
9993
9983
9994
9988
9986
9989
9992
9953
9981
9989
9994
10000
9975
9994
9983
9969
9986
10000
9993
9976
9998
9970
9995
9999
9980
9989
9997
9996
9974
9997
9980
9985
9985
9986
9997
9982
9978
9982
9994
9998
9982
9994
9989
9965
9987
10000
9994
9980
10000
9992
9985
9985
9988
9976
9990
9981
9992
9957
9993
9993
9989
9994
10000
9965
9991
9975
9959
9971
9976
9992
9988
9992
9987
9993
9994
9991
9999
9991
9975
9986
9985
9993
10000
9982
9998
9987
9990
10000
9994
9974
10000
9993
9990
9996
9990
9996
9982
9983
9997
10000
9974
9988
9975
9981
10000
9991
9990
9998
9985
9986
9997
9988
9993
10000
9991
9992
9988
9983
9982
9982
9978
9947
9994
10000
9978
9997
9982
9997
9963
9989
9990
9988
9976
9979
9986
9973
9974
9959
9979
9991
9977
9981
9997
9988
9997
9987
9981
9985
9982
9973
9999
9998
10000
9996
9976
9981
9989
9999
9991
9975
9969
9978
9999
9992
9968
9988
9999
9986
9973
9993
9985
9989
9955
9989
9991
9995
9976
9988
9977
9990
9999
10000
9969
9988
9990
9989
9996
9998
9989
9971
9966
9987
9984
9990
9989
9993
9998
9977
9969
9989
9976
9986
9989
9998
9988
9984
9992
9986
9986
9983
9986
9993
9981
9983
9988
9982
9992
9964
9976
9988
9982
9990
9996
9979
9970
10000
9980
9994
9984
9999
9972
9997
9986
9982
9988
9995
9986
9985
9964
9991
9995
9961
9995
9995
9995
9980
9997
9995
9982
9991
9986
9988
9990
9984
9976
9987
9994
9987
9986
9993
9997
9978
9983
9994
9987
9974
9987
9993
9996
9978
9979
9983
9991
9975
9998
9955
9983
9991
9992
9992
9988
9972
9993
9982
9976
9988
9984
9978
9982
9996
10000
9985
9984
9991
9996
9987
10000
10000
9995
9981
9985
9978
9997
9964
9999
9996
9995
10000
9969
9984
9965
9972
9992
9996
9964
9998
9996
9985
9988
9986
9992
9977
9958
9993
9984
9991
9999
9988
9995
9966
9993
9969
10000
9990
9982
9994
9980
9974
9983
9995
9969
9998
9988
9963
9976
9988
9974
9984
9979
9999
9991
9981
9975
9986
10000
9990
9990
9997
9999
9995
9962
9983
9991
9977
9997
9990
9980
9971
9985
9995
9994
9978
9990
9979
