9988
9987
9973
9969
9992
9988
9971
9985
9995
9989
9993
9986
9982
9968
9984
9986
9989
9974
9987
9986
9995
9994
9962
9993
9981
9991
9971
9981
9987
9992
9992
9965
9993
9986
9972
9994
9989
9981
9993
9992
9975
9998
9981
9982
9969
9986
9994
9961
9983
9995
9992
9984
9985
9983
9978
9984
9973
9977
9990
9990
9964
9994
9987
9988
9998
9989
9987
9983
9974
9979
9986
9987
9972
9967
9973
9977
9993
9984
9996
9988
9971
9974
9990
9977
9988
9991
9984
9984
9984
9989
9987
9993
9993
9989
9989
9991
9999
9986
9977
9999
9979
9984
9977
9996
9972
9996
9989
9981
9974
9996
9982
9977
9991
9989
9985
9990
9981
9987
9993
9981
9982
9970
9993
9977
9978
9989
9985
9992
9981
9978
9987
9990
9995
9990
9958
9992
9985
9964
9990
9982
9998
9991
9982
9987
9991
9994
9985
9981
9989
9991
9975
9997
9994
9990
9971
9987
9996
9996
9984
9995
9989
9992
9990
9991
9983
9984
9981
9982
9980
9953
9990
9990
9994
9970
9988
9986
9990
9956
9988
9977
9989
9976
9980
9988
9982
9996
9978
9985
9988
9997
9984
9985
9980
9993
9992
9982
9993
9995
9994
9991
9982
9981
9983
9972
9991
9979
9988
9987
9987
9990
9986
9985
9993
9992
9982
9986
9992
9992
9964
9995
9995
9988
9989
9967
9986
9980
9992
9972
9981
9984
9986
9987
9990
9990
9981
9978
9986
9995
9972
9997
9993
9974
9974
9981
9982
9976
9986
9983
9988
9977
9979
9994
9951
9978
9988
9990
9981
9994
9993
9997
9996
9995
9993
9971
9984
9969
9991
9998
9990
9988
9978
9972
9992
9973
9993
9984
9986
9990
9968
9969
9982
9980
9997
9980
9999
9957
9978
9989
9961
9986
9988
9985
9993
9982
9991
9980
9987
9975
9987
9989
9937
9993
9974
9974
9988
9965
9974
9975
9978
9993
9977
9979
9976
9989
9989
9984
9967
9994
9991
9969
9981
9990
9980
9990
9993
9984
9982
9978
9981
9995
9981
9975
9948
9987
9982
9983
9990
9981
9983
9985
9982
9992
9998
9978
9988
9995
9978
9986
9985
9992
9983
9980
9978
9972
9958
9977
9988
9989
9993
9989
9984
9987
9988
9968
9985
9989
9980
9991
9973
9989
9980
9984
9983
9991
9985
9985
9977
9992
9973
9988
9995
9987
9988
9978
9993
9994
9978
9996
9994
9988
9989
9972
9985
9982
9988
9985
9993
9991
9996
9991
9987
9991
9972
9983
9990
9951
9974
9981
9995
9976
9996
9979
9983
9974
9990
9998
9986
9986
9990
9978
9993
9983
9982
9980
9994
9993
9989
9971
9987
9983
9974
9987
9989
9980
9987
9982
9992
9984
9954
9982
9981
9991
9976
9988
9992
9973
9989
9988
9980
9993
9992
9994
9981
9989
9994
9974
9978
9988
9984
9980
9986
9991
9980
9992
9999
9982
9992
9989
9990
9984
9986
9981
9981
9973
9992
9992
9993
9984
9982
9980
9983
9977
9974
9996
9975
9992
9988
9974
9970
9976
9995
9972
9997
9991
9995
9985
9992
9997
9982
9983
9982
9987
9974
9990
9984
9997
9987
9984
9999
9981
9984
9989
9966
9985
9947
9971
9979
10000
9993
9996
9986
9993
9989
9999
9991
9987
9992
9992
9990
9987
9984
9974
9994
9989
9982
9989
9993
9988
9997
9991
9978
9984
9991
9981
9985
9973
9966
9991
9978
9991
9993
9982
9993
9979
9975
9992
9995
9982
9985
9983
9982
9990
9989
9985
9984
9978
9976
9996
9997
9978
9989
9967
9976
9983
9993
9989
9977
9999
9985
9990
9983
9999
9991
9996
9962
9994
9987
9988
9988
9996
9980
9979
9984
9989
9982
9967
9979
9990
9998
9985
9983
9988
9985
9955
9983
9996
9985
9978
9978
9991
9986
9991
9990
9990
9978
9981
9990
9996
9988
9946
9983
9976
9981
9994
9986
9985
9985
9984
9989
9985
9988
9991
9969
9994
9989
9974
9983
9991
9983
9990
9985
9980
9970
9969
9975
9987
9981
9979
9967
9991
9986
9976
9975
9995
9996
9988
9986
9999
9996
9982
9958
9970
9994
9973
9996
9986
9983
9980
9960
9977
9995
9994
9987
9972
9978
9979
9996
9985
9993
9981
9998
9979
9980
9983
9985
9979
9994
9978
9986
9992
9988
9980
9976
9984
9979
9988
9979
9973
9959
9976
9981
9969
9988
9990
9976
9983
9987
9977
9991
9969
9984
9989
9973
9991
9984
9990
9985
9984
9984
9991
9990
9985
9973
9981
9961
9985
9987
9981
9988
9972
9970
9983
9992
9978
9972
9992
9998
9997
9994
9985
9996
9981
9991
9970
9981
9996
9987
9987
9980
9984
9996
9995
9989
9982
9991
9995
9993
9982
9974
9987
9998
9994
9972
9985
9980
9973
9995
9989
9994
9980
9986
9992
9942
9976
9991
9993
9976
9995
9986
9975
9981
9979
9983
9962
9974
9984
9978
9976
9994
9990
9977
9961
9991
9986
9984
9992
9972
9985
9984
9989
9991
9981
9991
9957
9989
9987
9988
9983
9968
9967
9978
9972
9991
9984
9999
9979
9975
9996
9987
9979
9995
9988
9988
9993
9976
9989
9995
9990
9977
9984
9966
9989
9973
9974
9983
9964
9991
9988
9987
9973
9997
9980
9996
9997
9997
9983
9990
9948
9991
9998
9994
9978
9992
9959
9962
9999
9979
9972
9991
9978
9995
9972
9968
9976
9987
9981
9971
9981
9993
9978
9981
9988
9989
9970
9977
9994
9988
9986
9946
9976
9984
9974
9981
9989
9984
9982
9945
9999
9989
9985
9949
9993
9971
9994
9987
9991
9990
9962
9979
9994
9975
9992
9982
9994
9989
9991
9983
9994
9986
9992
9965
9987
9991
9991
9979
9983
9990
9981
9981
9995
9993
9984
9982
9991
9990
9994
9974
9975
9986
9981
9962
9994
9991
9988
9985
9990
9981
9968
9986
9985
9969
9983
9997
9979
9980
9990
9996
9986
9996
9975
9979
9989
9988
9974
9997
9961
9991
9992
9980
9960
9984
10000
9986
9975
9992
9967
9982
9980
9987
9998
9959
9975
9989
9984
9971
9988
9991
9989
9985
9989
9984
9978
9984
9995
9991
9986
9993
9989
9979
9983
9992
10000
9987
9991
9983
9989
9994
9994
9982
9969
