10000
10000
9417
9900
10000
10000
9566
10000
9973
9654
9655
10000
10000
9979
10000
9519
9568
10000
9351
10000
10000
10000
10000
9277
10000
9931
10000
10000
10000
10000
9638
9563
10000
9822
10000
10000
10000
10000
9341
10000
10000
9751
10000
10000
9543
10000
10000
9783
10000
10000
10000
10000
10000
10000
9530
9084
9695
10000
10000
10000
10000
10000
9774
10000
9229
10000
10000
10000
9172
10000
10000
9955
9717
9726
9668
9986
9413
9207
10000
10000
9005
9880
9614
10000
10000
10000
10000
8852
10000
10000
8022
10000
9461
9360
10000
9854
10000
10000
10000
9370
9870
10000
9522
10000
10000
10000
10000
9563
10000
9979
9317
10000
10000
10000
10000
8545
10000
10000
10000
8888
10000
10000
10000
9891
10000
8521
9689
9935
9268
10000
8687
10000
10000
10000
10000
10000
9256
9825
10000
9134
10000
10000
10000
10000
9987
8887
10000
9748
10000
8919
9343
9691
10000
10000
9142
9922
10000
9829
10000
9957
10000
10000
8871
10000
10000
9960
10000
9371
9670
9165
9918
10000
10000
10000
10000
10000
10000
9903
10000
10000
10000
8179
10000
9747
9339
10000
10000
10000
10000
10000
10000
10000
9131
10000
8918
10000
8946
10000
10000
10000
10000
9891
9793
10000
10000
10000
10000
9359
10000
8956
10000
10000
9657
9588
10000
9912
10000
9974
10000
10000
10000
9084
10000
10000
9880
9091
9740
10000
10000
8805
9433
10000
10000
9045
10000
10000
8915
9710
10000
10000
8627
10000
10000
9931
10000
10000
10000
9422
9999
10000
10000
9880
10000
10000
10000
10000
10000
10000
10000
10000
10000
10000
10000
10000
10000
9963
9265
10000
9711
9877
10000
9555
9902
10000
9976
9353
10000
10000
10000
10000
10000
10000
10000
9182
10000
9648
10000
9171
10000
9163
10000
10000
9486
9861
10000
9338
10000
9829
10000
10000
9625
9352
10000
9962
10000
9989
9788
9814
10000
10000
9627
9977
10000
10000
9711
9999
10000
9967
10000
9616
10000
9865
10000
9627
10000
10000
10000
9948
9254
10000
9193
9936
10000
10000
10000
10000
10000
10000
9247
9816
10000
9366
10000
9615
10000
10000
10000
10000
10000
9294
10000
9867
10000
9777
10000
9785
10000
9479
9940
10000
10000
10000
10000
9903
10000
9944
10000
9378
10000
10000
10000
9623
9329
10000
10000
10000
9983
10000
10000
10000
10000
10000
10000
10000
10000
9451
9966
10000
10000
9933
10000
10000
9072
9157
10000
9825
9976
10000
9823
9585
9933
8444
9549
10000
9940
9931
10000
8639
9944
10000
9178
10000
9739
9379
10000
10000
10000
9776
9509
10000
9822
9218
9817
10000
10000
10000
10000
10000
10000
10000
10000
10000
10000
10000
9336
9695
10000
9742
10000
10000
9685
10000
10000
10000
10000
10000
10000
9882
10000
8835
9927
8490
9936
9650
10000
10000
9550
10000
10000
10000
8890
10000
10000
10000
10000
10000
9363
9380
10000
9932
10000
9783
10000
10000
8429
10000
10000
9717
10000
10000
10000
10000
9026
9765
10000
9927
10000
10000
7927
10000
9592
9974
10000
10000
9494
9621
10000
10000
9000
10000
8782
9566
10000
10000
10000
10000
10000
9739
10000
10000
9713
10000
10000
10000
9631
10000
10000
9388
8927
10000
10000
10000
8874
9723
10000
10000
10000
10000
10000
10000
10000
10000
9298
9495
10000
9999
10000
10000
9998
10000
9911
9488
9981
9159
10000
9746
10000
10000
8924
10000
10000
10000
10000
9351
9725
9859
10000
10000
8851
10000
10000
9162
10000
10000
10000
10000
10000
9422
10000
10000
10000
9387
10000
9930
10000
10000
10000
10000
9238
9572
9364
10000
10000
9930
9894
10000
10000
10000
10000
9107
10000
10000
10000
10000
10000
10000
9814
10000
10000
10000
9824
10000
10000
9903
10000
10000
10000
9249
10000
10000
10000
10000
10000
10000
10000
8202
10000
10000
10000
9941
9972
9885
10000
9434
9872
10000
9508
10000
10000
10000
10000
10000
10000
10000
9795
9753
9897
10000
9999
10000
9419
10000
10000
9507
9465
10000
10000
10000
9951
9841
9741
10000
10000
10000
10000
10000
10000
10000
10000
10000
10000
10000
10000
10000
10000
9173
8605
10000
9385
8747
10000
9929
9672
10000
10000
9347
10000
10000
10000
9486
10000
9730
10000
9058
9388
10000
9233
10000
10000
9225
9625
9645
10000
10000
10000
10000
10000
10000
9784
10000
10000
10000
9330
9277
8546
10000
10000
10000
8016
9904
9977
10000
10000
9705
10000
10000
10000
10000
10000
10000
10000
10000
10000
10000
10000
9914
10000
10000
10000
10000
9693
10000
9019
9778
10000
10000
9887
10000
9632
10000
8901
9285
10000
10000
10000
10000
8806
10000
10000
10000
9653
10000
10000
10000
9610
10000
10000
10000
10000
10000
10000
9641
10000
10000
9601
10000
9974
10000
10000
9291
10000
10000
9599
10000
8328
9310
10000
9902
10000
9526
10000
10000
10000
9649
9205
8813
9906
9653
9723
10000
10000
9256
9595
10000
10000
10000
9350
10000
10000
10000
9643
9008
10000
10000
10000
9933
9828
10000
10000
10000
9769
10000
10000
9924
10000
10000
9907
10000
10000
10000
10000
9830
10000
9774
10000
10000
10000
9033
10000
9172
10000
10000
10000
10000
9678
10000
9876
10000
10000
10000
10000
9892
10000
9769
9809
8448
10000
10000
10000
10000
9257
10000
9675
9847
10000
10000
10000
10000
10000
9950
10000
9920
8813
10000
10000
10000
10000
10000
10000
9575
10000
10000
10000
9614
10000
10000
10000
9729
10000
10000
10000
9872
10000
10000
9332
10000
9442
9040
9026
9481
10000
10000
10000
10000
10000
10000
10000
10000
9566
10000
10000
10000
9730
10000
9432
9262
10000
10000
10000
10000
10000
10000
10000
10000
10000
10000
10000
10000
9321
10000
9261
9919
9795
10000
9763
10000
10000
10000
10000
10000
10000
10000
10000
10000
10000
10000
10000
10000
9754
9603
10000
8312
9243
10000
9944
9689
10000
10000
9382
9183
10000
10000
10000
10000
10000
10000
10000
10000
10000
10000
10000
10000
10000
9961
9590
10000
9371
9778
10000
10000
10000
10000
8912
10000
10000
10000
10000
10000
9548
8978
10000
9506
10000
9198
10000
9869
10000
10000
9843
10000
10000
9673
9555
9692
9997
9882
10000
9476
9836
10000
