9978
9987
9973
9991
9977
9983
9992
9982
9997
9996
9980
9991
9976
9979
9984
9990
9994
9957
9979
9986
9982
9972
9991
9991
9984
9995
9997
9992
9988
10000
9979
9986
9986
9994
9977
9978
9993
9994
9986
9983
9988
9995
9989
9974
9986
9993
9974
9996
9987
9997
9986
9964
9957
9983
9998
9984
9997
9985
9991
9997
9984
9982
10000
9995
9977
9989
9979
9984
9985
9999
9973
9985
9982
9973
9956
9995
9988
9980
9983
9963
9977
9987
9985
9986
9985
9987
9982
9980
9980
9982
9985
9992
9971
9983
9977
9986
9984
9976
9980
9991
9994
9984
9988
9996
9986
9952
9978
9970
9988
9977
9979
9983
9999
10000
9985
9985
9991
9989
9984
9970
9957
9995
9990
9987
9988
9992
9993
9992
9983
9989
9990
9978
9979
9985
9992
9988
9977
9986
9966
9987
9974
9988
9962
9961
9989
9986
9992
9989
9989
9955
9974
9966
9988
9988
9991
9967
9979
9992
9972
9997
9987
9975
9964
9982
9981
9986
10000
9962
9987
9973
9973
9984
9961
9988
9972
9987
9978
9989
9992
9994
9995
9991
9978
9995
9975
9993
9983
9977
9983
9985
9973
9969
9976
9984
9990
9993
9981
9965
9968
9974
9979
9992
9992
9990
9984
9989
9995
9990
9997
9980
9993
9982
9993
9986
9983
9986
9972
9985
9988
9969
9977
9987
9976
9986
9973
9972
9994
9971
9981
9981
9991
9971
9989
9979
9986
9981
9981
9991
9986
9989
9984
9991
9973
9962
9990
9985
9988
9985
9983
9996
9975
9977
9989
9967
9981
9995
9974
9985
9996
9981
9980
9970
9976
9981
9988
9993
9969
9985
9981
9990
9965
9982
9981
9963
9987
9992
9994
9991
9979
9982
9992
9992
9964
9983
9980
9983
9973
9957
9991
9984
9993
9990
9986
9987
9988
9986
9995
9978
9986
9984
9965
9989
9951
9989
9984
9989
9989
9992
9985
9983
9977
9989
9985
9976
9990
9994
9995
9979
9978
9995
9968
9994
9994
9980
9986
9956
9989
9981
9994
9975
9976
9980
9975
9996
9994
9977
9987
9987
9970
9988
9998
9984
9985
9969
9971
9958
9973
9981
9994
9987
9993
9984
9989
9988
9959
9985
9979
9993
9986
9996
9994
9985
9987
9992
9985
9991
9987
9994
9984
9995
9994
9980
9990
9993
9978
9961
9986
9970
9985
9953
9983
9985
9989
9982
9997
9974
9996
9993
9983
9983
9994
9985
9990
9984
9977
9992
9987
9992
9992
9994
9997
9974
9978
9992
9964
9975
9985
9993
9990
9982
9996
9993
9992
9971
9989
9977
9976
9989
9988
9989
9987
9983
9988
9980
9985
9986
9980
9984
9983
9964
9988
9988
9986
9978
9983
9989
9997
9961
9990
9984
9951
9994
9982
9994
9957
9992
9998
9977
9963
9984
9994
9995
9995
9986
9991
9986
9974
9989
9984
9986
9971
9996
9982
9985
9975
9980
9986
9992
9985
9980
9983
9989
9997
9994
9987
9981
9987
9990
9981
9985
9978
9991
9985
9992
9984
9986
9962
9984
9984
9992
9992
9991
9998
9987
9983
9977
9990
9994
9988
9977
9977
9986
9989
9979
9991
9980
9987
9988
9989
9993
9975
9998
9984
9990
9981
9998
9993
9976
9991
9984
9976
9957
9970
9988
9995
9976
9983
9985
9975
9989
9984
9982
9979
9980
9981
9993
9995
9980
10000
9977
9991
9961
9973
9985
9992
9975
9990
9990
9992
9959
9954
9983
9973
9989
9978
9972
9989
9983
9975
9986
9994
9988
9993
9976
9977
9988
9963
9987
9987
9990
9968
9959
9987
9975
9995
9998
9989
9989
9980
9975
9988
9986
9985
9983
9985
9990
9980
9957
9988
9994
9993
9980
9963
9989
9989
9977
9984
9988
9987
9989
9980
9980
9976
9966
9982
9986
9986
9981
9977
9989
9990
9988
9993
9984
9976
9983
9981
9982
9974
9993
9989
9982
9993
9986
9978
9998
9984
9981
9963
9996
9981
9955
9955
9983
9995
9982
9989
9994
9988
9985
9963
9991
9981
9994
9996
9986
9994
9961
9981
9983
9985
9977
9986
9978
9979
9992
9975
9980
9974
9979
9998
9995
9984
9982
9965
9992
9996
9986
9971
9979
9970
9980
9986
9987
9994
9980
9981
9980
9987
9980
9982
9991
9982
9988
9993
9977
9987
9968
9976
9973
9984
9969
9977
9974
9989
9973
9996
9987
9990
9970
9978
9986
9997
9998
9982
9988
9983
9983
9991
9992
9976
9981
9987
9985
9978
9992
9980
9974
9991
9983
9989
9980
9991
9982
9981
9978
9989
9980
9990
9989
9984
9981
9992
9980
9991
9994
9982
9986
9977
9980
9974
9994
9985
9985
9989
9980
9964
9987
9980
9978
9996
9986
9978
9993
9970
9981
9992
9983
9993
9970
9968
9984
9995
9983
9983
9994
9989
9977
9985
9984
9975
9983
9978
9986
9991
9989
9965
9984
9985
9970
9992
9994
9985
9987
9995
9991
9933
9985
9997
9982
9980
9992
9979
9992
9981
9983
9983
9988
9989
9970
9988
9997
9972
9968
9980
9999
9983
9996
9977
9990
9974
9964
9972
9995
9992
9993
9967
9984
9981
9969
9994
9988
9976
9996
9987
9986
9997
10000
9979
9997
9972
9953
9983
9994
9975
9973
9975
9991
9997
9983
9991
9968
9996
9973
9974
9974
9986
9982
9977
9992
9983
9970
9981
9981
9986
9990
9970
9986
9969
9985
9995
9963
9980
9973
9998
9985
9964
9991
9983
9990
9984
9952
9968
9984
9995
9990
9991
9972
9985
9990
9984
9956
9983
9988
9988
9982
9988
9986
9985
9966
9992
9989
9971
9982
9986
9982
9992
9997
9987
9977
9983
9991
9984
9983
9980
9959
9973
9975
9985
9988
9993
9979
9991
9974
9999
9986
9985
9979
9987
9993
9994
9973
9968
9983
9983
9997
9986
9974
9983
9972
9986
9973
9970
9989
9981
9993
9998
9953
9988
9988
9969
9979
9986
9992
9981
9983
9979
9996
9986
9994
9985
9974
9971
9968
9984
9968
9989
9976
9978
9986
9993
9990
9985
9990
9996
9996
9983
9976
9978
9990
9989
9968
9985
9998
9992
9979
9989
9973
9970
9981
9981
9980
9975
9983
9994
9987
9977
9977
9959
9974
9997
9996
9984
9980
9977
9992
9987
9989
9975
9971
