9989
9986
9995
9985
9989
9998
9986
9992
9985
9960
9993
9973
9960
9981
9971
9992
9989
9991
9979
9978
9988
9984
9984
9999
9996
9987
9998
9976
9998
9987
9992
9986
9987
9990
9997
9994
9981
9988
9982
9978
9993
9973
9994
9984
9978
9994
9967
9973
9977
9969
9992
9977
9992
9960
9978
9966
9993
9987
9999
9989
9979
9988
9978
9982
9997
9980
9988
9962
9991
9982
9969
9982
9985
9993
9995
9983
9988
9981
9990
9989
9993
9988
9983
9987
9973
9987
10000
9981
9992
9985
9982
9984
9995
9969
9992
9980
9978
9981
9981
9994
9990
9989
9981
9994
9988
9986
9993
9971
9967
9997
9974
9979
9979
9983
9988
9995
9988
9991
9972
9984
9989
9966
9986
9993
9980
9967
9994
9995
9973
9979
9954
9996
9982
9992
9990
9978
9979
9973
9979
9994
9979
9984
9962
9997
9993
9983
9983
9963
9992
9972
9990
9993
9997
9981
9984
9982
9984
9978
9981
9995
9992
9974
9993
9992
9983
9992
9976
9988
9992
9986
9995
9992
9981
9986
9991
9998
9991
9999
9991
9983
9981
9994
9984
9984
9971
9978
9983
9984
9976
9979
9991
9980
9991
9993
9986
9986
9983
9986
9986
9996
9965
9991
9990
9982
9987
9979
9995
9998
9987
9997
9978
9994
10000
9988
9953
9998
9982
9986
9975
9969
9990
9996
9989
9964
9976
9988
9986
9996
9990
9990
9989
9985
9991
9974
9982
9985
9989
9986
9988
10000
9980
9983
9984
9984
9986
9974
9989
9992
9976
9997
9994
9991
9976
9982
9986
9989
9982
9989
9952
9974
9978
9990
9993
9982
9990
9982
9984
9989
9986
9986
9980
9985
9965
9969
9990
9991
9984
9976
9992
9971
9992
9995
9999
9975
9992
9982
9985
9970
9986
9993
9984
9992
9986
9995
9992
9993
9997
9993
9991
9993
9983
9972
9977
9986
9989
9987
9974
9986
9990
9972
9983
9977
9982
9991
9997
9989
9995
9983
9992
9985
9978
9998
9994
9976
9982
9976
9989
9988
9988
9996
9998
9981
9976
9971
9982
9982
9990
9998
9981
9965
9982
9984
9978
9975
9983
9987
9984
9963
9976
9992
9942
9994
9992
9986
9992
9973
9981
9976
9991
9993
9987
9971
9993
10000
9967
9983
9970
9993
9986
9974
9980
9985
9992
9989
9972
9967
9991
9967
9966
9992
9993
9984
9992
9989
9990
9946
9975
9983
9992
9985
9992
9986
9986
9984
9979
9998
9992
9997
10000
9978
9983
9984
9981
9990
9983
9991
9989
9988
9989
9986
9978
9982
9969
9996
9987
9973
9984
9967
9979
9987
9968
9991
9967
9994
9983
9986
9974
9982
9990
10000
9985
9995
9975
9992
9998
9992
9984
9988
9981
9979
9969
9977
9978
9992
9972
9976
9984
9984
9979
9988
9969
9979
9987
9997
9986
9987
9992
9995
9993
9982
9992
9990
9977
9962
9964
9999
9970
9988
9980
9989
9988
9973
9978
9982
9991
9982
9977
9997
9978
9978
9987
9989
9988
9993
9986
9995
9983
9991
9985
9991
9993
9989
9985
9969
9987
9983
9990
9995
9988
9977
9982
9985
9985
9983
9961
9988
9968
9997
9984
9974
9986
9966
9992
9976
9981
9991
9981
9980
9987
9978
9986
9983
9988
9975
9972
9990
9957
9986
9987
9993
9991
9983
9996
9986
9991
9972
9978
9962
9993
9985
9986
9984
9982
9986
9974
9996
9995
9989
9993
9989
9969
9967
9992
9984
9990
9995
9990
9993
9982
9973
9980
9994
9986
9976
9978
9984
9989
9971
10000
9972
9992
9979
9985
9985
9987
9998
9963
9977
9993
9975
9965
9990
9978
9992
9987
9994
9984
9961
9986
9997
9989
9986
9985
9987
9949
9988
9989
9974
9987
9993
9990
9984
9994
9976
9982
9994
9994
9973
9989
9986
9997
9983
9992
9993
9990
9987
9974
9986
9988
9976
9983
9980
9982
9978
9957
9987
9992
9992
9971
9990
9973
9982
9981
9977
9989
9953
9995
9989
9990
9980
9962
9999
9988
9986
9981
9981
9987
9991
9990
9955
9986
9975
9975
9967
9994
9989
9978
9992
9990
9989
9993
9983
9982
9978
9986
9983
9999
9990
9988
9956
9981
9991
9984
9980
9993
9983
9983
9982
9988
9981
9994
9977
9973
9985
9969
9987
9971
9985
9983
9986
9987
9984
9995
9973
9987
9983
9986
9985
9993
9988
9992
9986
9973
9987
9991
9972
9990
9980
9983
9977
9976
9988
9978
9985
9995
9983
9958
9979
9989
9991
9991
9992
9979
9990
9973
9995
9983
9995
9987
9981
9985
9975
9979
9987
9992
9990
9993
9986
9975
9978
9962
9977
9984
9986
9983
9983
9997
9972
9995
9970
9992
9987
9993
9986
9986
9989
9972
9993
9986
9995
9994
9977
9996
9993
9982
9979
9977
9984
9986
9989
9982
9994
9987
9990
9985
9983
9991
9981
9997
9979
9996
9993
9988
9991
9979
9992
9961
9992
9961
9966
9968
9979
9989
9996
9976
9996
9968
9999
9986
9984
9983
9998
9985
9987
9984
9976
9986
9990
9987
9993
9980
9988
9964
9974
9985
9982
9998
9998
9996
9992
9978
9985
9959
9996
9979
9977
9975
9999
9976
9968
9990
9985
9992
9981
9996
9986
9987
9963
9993
9987
9976
9973
9991
9993
9992
9959
9989
9977
9967
9949
9959
9984
9973
9994
9986
9985
9980
9989
9990
9979
9991
9988
9986
9992
9993
9976
9974
9990
9981
9958
9954
9987
9988
9982
9993
9996
9958
9992
9975
9991
9996
9973
9987
9977
9983
9986
9977
9999
9980
9980
9988
9977
9964
9987
9965
9970
9984
9991
9979
9976
9992
9989
9983
9981
9987
9998
9990
9990
9982
9986
9972
9993
9986
9978
9982
9981
9980
9987
9991
9993
9987
9986
9984
9980
9974
9992
9990
9967
9980
9990
9974
9979
9990
9979
9958
9989
9995
9982
9990
9994
9986
9981
9981
9975
9977
9992
9986
9995
9979
9989
9983
9974
9998
9982
9979
9979
9988
9982
9988
9995
9984
9978
9987
9995
9987
9978
9993
9995
9996
9986
9988
9985
9988
9979
9984
9996
9990
9989
9983
9978
9986
9988
9993
9994
9988
9967
9986
9982
9980
9971
9988
9996
9979
9986
9978
9989
9979
9991
9988
9984
