9987
9977
9970
9985
9991
9987
9988
9992
9991
9994
9985
9988
9983
9996
9987
9997
9977
9990
9950
9987
9985
9982
9983
9984
9995
9993
9980
9973
9983
9984
9987
9981
9968
9978
9972
9993
9986
9991
9978
9991
9985
9984
9989
9978
9992
9982
9976
9990
9990
9988
9987
9986
9994
9992
9992
9997
9999
9968
9987
9987
9982
9982
9985
9978
9993
9987
9993
9979
9934
9979
10000
9976
9977
9983
9962
9989
9991
9996
9997
9994
9994
9974
9978
9990
9995
9990
9993
9994
9983
9982
9989
9991
9984
9991
9990
9992
9992
9978
9983
9981
9982
9988
9989
9989
9977
9981
9977
9996
9980
9991
9990
9980
9988
9983
9995
9967
9984
9994
9979
9990
9984
9995
9987
9983
9999
9980
9994
9993
9953
9991
9995
9978
9983
9984
9982
9973
9982
9987
9998
9956
9982
9985
9959
9980
9986
9989
9990
9987
9980
9977
9959
9981
9981
9941
9977
9987
9976
9988
9993
9975
9974
9988
9974
9991
9986
9991
9989
9988
9987
9989
9987
9988
9988
9984
9987
9976
9989
9983
9973
9992
9991
9983
9986
9967
9979
9987
9985
9995
9984
9984
9982
9963
9994
9978
9970
9981
9962
9991
9977
9984
9974
9970
9987
9985
9984
9991
9980
9985
9988
9968
9983
9977
9987
9985
9982
9975
9991
9982
9981
9977
9991
9977
9981
9988
9989
9987
9990
9989
9985
9986
10000
9973
9984
9993
9982
9982
9985
9983
9992
9993
9975
9971
9989
9982
9980
9967
9984
9973
9984
9977
9994
9990
9994
9989
9988
9983
9984
9991
9986
9960
9980
9974
9982
9985
9977
9982
9975
9989
9967
9950
9992
9983
9986
9988
9989
9980
9995
9982
9979
9983
9987
9983
9986
9980
9995
9992
9991
9977
9969
9983
9980
9978
9997
9983
9988
9987
9983
9988
9999
9981
9992
9968
9989
9971
9988
9991
9991
9976
9983
9991
9981
9989
9975
9973
9989
9983
9992
9999
9976
9990
9989
9979
9982
9986
9990
9994
9982
9993
9989
9984
9997
9985
9995
9989
9965
9995
9980
9991
9997
9969
9979
9961
9987
9973
9988
9993
9986
9991
9998
9993
9987
9976
9982
9988
9985
9988
9970
9994
9988
9978
9975
9985
10000
9995
9986
9988
9970
9972
9979
9979
9983
9994
9972
9971
9992
9963
9957
9992
9995
9976
9988
9978
9987
9963
9985
9970
9988
9995
9987
9985
9967
9979
9997
9995
9980
9994
9986
9980
9981
9972
9986
9988
9985
9986
9995
9984
9976
9985
9990
9973
9991
9992
9980
9981
9998
9988
9996
9988
9974
9993
9971
9996
9983
9987
9979
9984
9994
9995
9969
9980
9978
9989
9989
9975
9997
9986
9979
9996
9984
9966
9972
9967
9986
9995
9976
9988
9993
9989
9989
9972
9996
9995
9992
9969
9995
9979
9992
9985
9986
9992
9994
9989
9980
9988
9998
9979
9967
9981
9990
9985
9983
9988
9978
9991
9981
9998
9992
9975
9999
9983
9977
9989
9988
9993
9991
9977
9986
9988
9985
9975
9966
9998
9992
9986
9992
9987
9989
9994
9975
9988
9978
9995
9988
9986
9979
9988
9991
9977
9993
9987
9985
9993
9980
9992
9981
9986
9990
9994
9990
9972
10000
9998
9989
9974
9974
9979
9992
9994
9986
9991
9992
9997
9976
9963
9995
9987
9996
9982
9982
9993
9999
9985
9992
9990
9989
9988
9979
9981
9990
9976
9997
9976
9976
9991
9985
9990
9969
9951
9986
9988
9972
9974
9994
9962
9991
9946
9996
9991
9989
9987
9970
9990
9985
9979
10000
9975
9978
9992
9997
9986
9985
9988
9979
9969
9976
9980
9993
9980
9988
9980
9992
9976
9987
9977
9976
9994
9989
9976
9988
9992
9987
9990
9991
9996
9990
9988
9977
9997
9969
9991
9973
9977
9941
9990
9993
9991
9985
9984
9995
9974
9986
9982
9981
9997
9993
9981
9978
9982
9978
9989
9981
9985
9970
9979
9966
9980
9995
9991
9977
9984
9989
9979
9991
9970
9990
9978
9987
9976
9993
9995
9979
9983
9996
9986
9976
9991
9996
9960
9977
9974
9989
9965
9982
9990
9987
9993
9993
9995
9986
9978
9998
9984
9985
9981
9985
9986
9978
9971
9976
9971
9982
9983
9992
9980
9992
9993
9955
9963
9977
9993
9992
9980
9994
9985
9991
9980
9986
9995
9958
9990
9976
9992
9981
9981
9973
9972
9986
9989
9970
9983
9988
9986
9975
9988
9989
9989
9969
9978
9994
9989
9964
9987
9987
9978
9987
9985
9976
9979
9984
9973
9988
9995
9993
9969
9990
9978
9989
9977
9993
9996
9990
9984
9989
9964
9994
9996
9993
9995
9969
9982
9994
9977
9988
9984
9994
9991
9988
9991
9986
9995
9996
9989
9981
9986
9972
9988
9992
9998
9980
9982
9990
9995
9980
9972
9976
9989
9993
9995
9970
9995
9987
9967
9972
9986
9985
9988
9991
9985
9991
9977
9988
9979
9958
9992
9997
10000
9990
9983
9996
9981
9977
9986
9995
9971
9969
9992
9984
9997
9993
9982
9989
9988
9992
9989
9988
9981
9983
9994
9998
9996
9992
9972
9978
10000
9997
9985
9987
9970
9993
9966
9982
9983
9979
9972
9990
9987
9977
9979
9983
9976
9989
9986
9993
9982
9994
9991
9977
9963
9960
9973
9983
9974
9988
9992
9971
9969
9990
9969
9988
9982
9991
9983
9991
9968
9987
9982
9983
9987
9977
9989
9979
9993
9985
9986
9952
9996
9989
9971
9988
9986
9991
9979
9986
9973
9993
9984
9969
9981
9996
9992
9976
9979
9971
9980
9980
9986
9978
9980
9977
9995
9972
9985
9982
9993
9987
9996
9984
9986
9980
9988
9990
9976
9980
9981
9986
9971
9975
9987
9995
9982
9982
9995
9979
9987
9961
9988
9995
9987
9982
9997
9984
9986
9994
9981
9972
9995
9975
9983
9988
9987
9989
9999
9995
9968
9983
9982
9986
9975
9988
9991
9984
9996
9997
9986
9981
9993
9992
9996
9993
9983
9986
9979
9992
9986
9989
9993
9980
9990
9989
9995
9994
9984
9988
9986
9994
9992
9990
9990
10000
9975
9972
9985
9983
9989
9980
9980
9984
9942
9988
9993
9989
9970
9982
9988
9993
9998
9989
9999
9986
9978
