9993
9950
9992
9996
9987
9979
9984
9998
9972
9972
9989
9998
9990
9995
9990
9995
9972
9980
9977
9972
9981
9991
9992
9974
9981
9987
9997
9980
9986
9991
9982
9981
9962
9992
9992
9979
9969
9988
9971
9977
9989
9989
9968
9989
9992
9972
9988
9980
9996
9991
9992
9962
9992
9989
9980
9984
9982
9991
9983
9992
9999
9988
9983
9995
9983
9997
9990
9991
9983
9988
9976
9986
9969
9987
9993
9962
9988
9974
9989
9981
9979
9971
9979
9963
9973
9989
9982
9990
9982
9957
9961
9951
9981
9988
9980
9973
9979
9979
9994
9983
9999
9990
9974
9992
9974
9981
9988
9969
9971
9967
9988
9991
9997
9980
9972
9982
9994
9962
9967
9982
9983
9979
9987
9998
9989
9997
9989
9966
9991
9993
9987
9990
9987
9986
9976
9992
9986
9974
9994
9979
9983
9995
9993
9986
9966
9977
9996
9965
9981
9969
9984
9979
9997
9984
9985
9986
9970
9984
9975
9963
9968
9990
9992
9981
9988
9989
9993
9975
9981
9979
9992
9990
9982
9986
9995
9993
9986
9985
9965
9989
9990
9990
9984
9988
9992
9991
9987
9990
9995
9995
9978
9996
9983
9974
9989
9989
9982
9982
9995
9983
9964
9989
9988
9987
9979
9991
9994
9995
9982
9988
9994
9980
9989
9967
9975
9982
9985
9988
9987
9988
9964
9982
9970
9986
9968
9983
9988
9982
9992
9995
9991
9976
9943
9990
9983
9997
9986
9990
9988
9966
9986
9991
9968
9994
9996
9979
9981
9980
9962
9975
9989
9978
9994
9985
9994
9993
9988
9990
9989
9976
9973
9981
9985
9989
9976
9983
9991
9969
9984
9992
9993
9986
9979
9994
9995
9969
9989
9988
9971
9992
9984
9984
9995
9992
9958
9985
9995
9985
10000
9978
9987
9985
9997
9988
9983
9986
9986
9980
9946
9995
9986
9993
9990
9963
9994
9978
9984
9987
9997
9997
9988
9986
9967
9991
9960
9974
9988
9997
9984
9988
9983
9982
9989
9973
9982
9996
9999
9986
9967
9987
9989
9970
9991
9985
9989
9993
9981
9992
9958
9990
9985
9984
9987
9966
9988
9966
9992
9957
9996
9984
9972
9991
9967
9979
9994
9987
9983
9987
9974
9990
9967
9972
9992
9985
9988
9988
9981
9991
9987
9985
9989
9991
9977
9977
9976
9994
9991
9990
9974
9984
9982
9977
9998
9976
9999
9990
9982
9967
9978
9986
9973
9993
9990
9983
9978
9979
9982
9966
9993
9995
9983
9981
9991
9986
9995
9976
9995
9988
9982
9993
9991
9981
9970
9974
9986
9989
9983
9971
9985
9987
9989
9982
9994
9995
9993
9988
9980
9990
9981
9999
9986
9987
9992
9993
9985
9979
9981
9986
9987
9974
9958
9991
9983
9988
9990
9985
9994
9993
9995
9982
9987
9997
9961
9991
9983
9991
9977
9982
9983
9988
9979
9993
9994
9971
9988
9994
9982
9994
9975
9992
9991
9978
9981
9975
9973
9976
9987
9987
9997
9984
9993
9984
9979
9985
9978
9987
9971
9997
9981
9982
9975
9973
9942
9980
9966
9992
9968
9969
9988
9986
9986
9987
9978
9989
9969
9982
9993
9979
9963
9984
9986
9988
9995
9994
9992
9995
9993
9983
9983
9993
9968
9986
9993
9980
9982
9986
9986
9990
9984
9978
9968
9988
9983
9976
9981
9994
9981
9971
9963
9993
9980
9974
9981
9980
9981
9969
9998
9988
9983
9990
9983
9988
9985
9995
9990
9986
9988
9961
9992
9985
9993
9983
9977
9996
9987
9985
9990
9965
9993
9988
9969
9987
9984
9997
9971
9991
9997
9992
9987
9986
9993
9990
9974
9959
9986
9979
9987
9986
9986
9995
9993
9981
9977
9983
9966
9994
9992
9996
9981
9992
9996
9991
9999
9994
9985
9984
9996
9986
9975
9982
9996
9985
9976
9969
9989
9988
9980
9997
9996
9995
9980
9980
9985
9977
9989
9984
9994
9993
9969
9985
9991
9959
9978
9980
9980
9968
9984
9967
9991
9974
9963
9979
9981
9982
9979
9986
9985
9979
9985
9986
9980
9995
9985
9981
9987
9983
9989
9990
9980
9968
9984
9974
9983
9990
9985
9974
9991
9988
9993
9982
9965
9994
9991
9995
9973
9974
9991
9992
9990
9987
9976
9975
9988
9987
9981
9988
9970
9995
9988
9978
9990
9963
9977
9978
9969
9982
9983
9982
9990
9972
9991
9976
9963
9972
9986
9972
9970
9971
9982
9992
9987
9993
9969
9988
9980
9977
9992
9993
9985
9979
9984
9984
9984
9982
9979
9987
9995
9964
9991
9994
9995
9990
9990
9981
9975
9989
9985
9986
9986
9992
9989
9991
9979
9977
9993
9990
9993
9980
9983
9966
9971
9984
9998
9989
9959
9991
9981
9992
9972
9989
9975
9979
9979
9996
9985
9984
9980
9972
9985
9979
9993
9988
9978
9979
9995
9976
9991
9975
9985
9991
9978
9989
9973
9993
9992
9983
9974
9984
9991
9991
9990
9969
9982
9985
9987
9990
9991
9979
9995
9993
9966
9993
9991
9977
9993
9992
9991
9983
9996
9993
9986
9980
9971
9980
9986
9991
9993
9979
9989
9984
9986
9994
9992
9992
9985
9999
9988
9996
9994
9994
9983
9985
9982
9991
9991
9979
9987
9976
9990
9993
9977
9995
9992
9989
9977
9996
9992
9990
9977
9982
9991
9985
9986
9975
9977
9992
9976
9982
9995
9973
9987
9990
9981
9975
9993
9994
9980
9991
9986
9996
9990
9993
9975
9978
9992
9972
9986
9991
9992
9981
9982
9983
9974
9987
9938
9992
9984
9995
9970
9998
9991
9988
9974
9984
9995
9993
9982
9985
9986
9961
9996
9983
9989
9994
9978
9992
9960
9979
9992
9965
9987
9963
9991
9987
9992
9989
9977
9981
9989
9987
9984
9982
9974
9981
9989
9986
9977
9984
9991
9991
9994
9994
9978
9996
9970
9994
9976
9990
9980
9957
9978
9984
9982
9988
9973
9990
9965
9977
9984
9995
9986
9990
9983
9983
9985
9980
9986
9991
9990
9991
9999
9996
9966
9987
9991
9979
9981
9958
9988
9998
9999
9978
9976
9981
9976
9985
9983
9981
9999
9989
9997
9993
9982
9982
9984
9978
9977
9979
9971
9979
9989
9962
9989
9985
9984
10000
9989
9984
9992
9974
