9983
9972
9990
9986
9993
9982
9983
9949
9993
9988
9991
9996
9982
9989
9985
9989
9966
9994
9990
9990
9991
9980
9992
9978
9992
9989
9985
9976
9978
9975
9990
9991
9994
9995
9977
9987
9991
9986
9976
9985
9988
9989
9994
9990
9984
9978
9978
9982
9987
9992
9977
9988
9990
9967
9968
9985
9978
9999
9991
9989
9983
9975
9988
9991
9984
9992
9984
9996
9982
10000
9980
9995
9981
9989
9992
9975
9974
9983
9995
9984
9992
9982
9991
9989
9990
9992
9982
9992
9987
9989
9976
9984
9981
9974
9977
9990
9974
9974
9991
9979
9991
9982
9995
9980
9991
9986
9984
9958
9995
9983
9986
9947
9986
9991
9983
9986
9988
9993
9994
9967
9989
9994
9999
9989
9965
9982
9980
9987
9981
9987
9992
9997
9989
9986
9990
9999
9991
9981
9989
9992
9972
9992
9984
9989
9990
9983
9979
9991
9977
9992
9992
9992
9981
9975
9985
9963
9993
9996
9996
9997
9969
9993
9995
9981
9993
9972
9976
9979
9983
9995
9994
9991
9991
9973
9996
9991
9986
9994
9970
9983
9983
9987
9985
9988
9984
9975
9977
9991
9988
10000
9981
9985
9961
9985
9996
9981
9984
9993
9994
9991
9988
9969
9999
9990
9977
9981
9987
9983
9989
9976
9982
9977
9971
9992
9979
9988
9982
9972
9992
9979
9978
9991
9983
9986
9992
9979
9973
9992
9971
9987
9964
9992
9987
9992
9973
9996
9989
9992
9988
9988
9963
9987
9978
9976
9994
9984
9976
9988
9975
9998
9999
9986
9981
9991
9990
9981
9968
9994
9990
9995
9994
9978
9982
9989
9985
9994
9967
9986
9987
9990
9994
9991
9988
9987
9969
9964
9980
9972
9979
9986
9997
9990
9989
9993
9983
9982
9993
9995
9967
9996
9986
9983
9997
9981
9978
9987
9996
9980
9986
9974
9969
9960
9974
9968
9991
9993
9984
9982
9988
9986
9984
9989
9967
9979
9979
9962
9980
9982
9992
9993
9984
9991
9986
9985
9958
9987
9966
9991
9977
9979
9992
9992
9986
9985
9993
9980
9995
9984
9979
9988
9987
9956
9991
9995
9991
9976
9980
9990
9988
9969
9990
9963
9992
9975
9994
9984
9973
9981
9982
9978
9991
9979
9982
9995
9977
9982
9988
9961
9984
9996
9999
9983
9973
9990
9988
9999
9995
9982
9992
9988
9988
9970
9985
9978
9987
9988
9990
9987
9985
9996
9978
9986
9976
9986
9972
9980
9988
9995
9984
9971
9979
9986
9988
9985
9993
9994
9978
9976
9983
9989
9985
9982
9976
9998
9980
9990
9985
9992
9985
9990
9982
9991
9984
9984
9960
9982
9987
9986
9993
9975
9986
9966
9981
9972
9977
9994
9992
9989
9981
9973
9947
9985
9978
9968
9992
9983
9987
9989
9991
9984
9981
9973
9995
9988
9986
9990
9980
9967
9973
9977
9981
9979
9986
9976
9981
9988
9995
9981
9994
9992
9981
9990
9978
9983
9991
9982
9985
9985
9990
9987
9983
9992
9981
9986
9991
9996
9995
9989
9977
9989
9995
9973
9984
9981
9997
9990
9991
9972
9981
9989
9978
9986
9984
9980
9994
9969
9981
9984
9978
9987
9965
9995
9982
9981
9985
9965
9995
9989
9957
9989
9977
9984
9991
9973
9969
9982
9990
9986
9978
9994
9986
9988
9988
9985
9985
9981
9989
9957
9992
9998
9977
9983
9992
9957
9998
9995
9982
9982
9961
9987
9989
9992
9982
9990
9988
9962
9982
9986
9978
9983
9984
9995
9992
9982
9982
9989
9995
9970
9996
9977
9992
9985
9990
9998
9983
9985
9980
9990
9968
9993
9986
9988
9960
9990
9984
9981
9994
9987
9984
9982
9995
9992
9987
9981
9996
9981
9970
9985
9990
9984
9985
9996
9980
9982
9982
9980
9989
9983
9982
9985
9981
9984
9976
9968
9984
9989
9991
9989
9984
9983
9989
9993
9990
9983
9972
9977
9982
9987
9990
9989
9990
9979
9968
9981
9980
9990
9987
10000
9992
9972
9990
9963
9973
9977
9981
9993
9991
9993
9969
9976
9993
9974
9997
9991
9995
9988
9983
9989
9984
9976
9990
9975
9977
9992
9983
9978
9977
9993
9988
9985
9999
9979
9992
9999
9983
9965
9987
9971
9990
9990
9958
9984
9982
9988
9998
9980
9978
9998
9984
9988
9964
9991
9982
9984
9979
9980
9971
9983
9986
9996
9988
9993
9984
9984
9992
9984
9985
9997
9975
9990
9984
9956
9957
9979
9962
9994
9976
9985
9969
9989
9992
9986
9993
9992
9995
9986
9980
9984
9991
9968
9987
9975
9991
9982
9995
9979
9975
9981
9972
9988
9984
9985
9966
9967
9989
9998
9986
9997
9994
9977
9993
9986
9982
10000
9993
9974
10000
9996
9990
9986
9986
9986
9984
9979
9985
9963
9996
9982
9991
9984
9993
9984
9986
9977
9988
9969
9979
9989
9984
9978
9981
9990
9986
9984
9986
9988
9982
9987
9981
9977
9969
9980
9979
9983
9991
9980
9986
9985
9992
9996
9982
9992
9980
9992
9981
9993
9964
9997
9995
9974
9988
9974
9995
9980
9980
9989
9974
9990
9979
9987
9964
9994
9965
9998
9993
9980
9984
9988
9996
9969
9985
9982
9986
9961
9982
9987
9981
9995
9975
9995
9981
9987
9981
9991
9985
9986
9984
9994
9985
9981
9991
9982
9982
9976
9978
9993
9988
9978
9983
9990
9994
9996
9995
9991
9988
9989
9992
9989
9991
9994
9976
9990
9986
9997
9999
9970
9991
9997
9992
9973
9990
9994
9998
9966
9989
9983
9997
9993
9962
9947
9989
9982
9983
9925
9990
9953
9978
9989
9981
9990
9986
9994
9995
9988
9992
9995
9982
9989
9970
9989
9981
9991
9989
9992
9996
9988
9982
9980
9983
9988
9988
9982
9979
9999
9960
9977
9979
9974
9985
9994
9986
9995
9978
9994
9992
9984
9977
9987
9996
9974
9978
9997
9977
9981
9983
9956
9987
9986
9991
9971
9986
9972
9980
9989
9989
9992
9990
9980
9987
9969
9985
9974
9984
9983
9984
9982
9993
9964
9986
9983
9989
9986
9986
9984
9993
9966
9985
9969
9984
9990
9987
9990
9985
9958
9985
9979
9986
9989
9977
9984
9991
9998
9994
9969
9980
9979
9971
9962
9990
9983
