9976
9991
9996
9987
9978
9982
9978
9983
9976
9994
9987
9990
9986
9996
9975
9976
9993
9982
9990
9985
9979
9985
9978
9977
9994
9990
9985
9988
9980
9983
9981
9979
9988
9977
9977
9984
9993
9989
9988
9986
9994
9961
9980
9994
9994
9972
9984
9981
9972
9988
9976
9985
9983
9977
9992
9990
9943
9962
9990
9990
9988
9978
9993
9998
9990
9985
9984
9990
9999
9978
9985
9988
9996
9992
9996
9975
9995
9967
9983
9985
9988
9975
9998
9985
9999
9998
9981
9979
9985
9988
9975
9978
9979
9982
9985
9986
9986
9991
9988
9988
9982
9996
9999
9974
9982
9972
9980
9987
9995
9972
9976
9989
9960
9994
9973
9990
9983
9992
9985
9965
9987
9992
9987
9993
9976
9977
9992
9986
9965
9988
9980
9990
9976
9982
9985
9979
9998
9962
9983
9996
9967
9994
9989
9983
9992
9980
9991
9993
9989
9993
9988
9992
9994
9980
9994
9988
9987
9993
9987
9985
9981
10000
9982
9995
9985
9991
9998
9984
9979
9984
9980
9984
9962
9981
9986
9993
9984
9972
9990
9976
9995
9988
9987
9959
9985
9978
9979
9980
9976
9985
9984
9989
9991
9979
9992
9991
9985
9982
9998
9982
9984
9972
9973
9982
9975
9981
9993
9993
9982
9997
9986
9984
9972
9984
9997
9979
9987
9984
9983
9989
9995
9974
9974
9985
9997
9986
9995
9983
9985
9973
9972
9993
9987
10000
9978
9977
9983
9983
9973
9982
9976
9983
9992
9982
9992
9998
9994
9981
9971
9996
9995
9995
9986
9972
9981
9971
9993
9983
9992
9962
9980
9991
9985
9988
9988
9998
9981
9988
9997
9987
9984
9987
9978
9985
9989
9978
9986
9987
9997
9996
9992
9982
9991
9987
9969
9988
9985
9984
9983
9985
9996
9993
9971
9974
9985
9995
9992
9985
9980
9979
9985
9983
9995
9986
9981
9986
9996
9981
9989
9980
9987
9993
9961
9982
9988
9984
9969
9974
9970
9981
9992
9988
9985
9980
9979
9998
9987
9982
9988
9991
9985
9981
9997
9994
9985
9994
9980
9979
9992
9978
9997
9986
9984
9966
9978
9980
9992
9941
9986
9981
9991
9978
9990
9983
9990
9985
9981
9990
9985
9981
9991
9980
9982
9983
9998
9989
9984
9989
9985
9990
9994
9991
9991
9984
9974
9978
9993
9990
9984
9981
9994
9977
9983
9988
9998
9988
9989
9992
9968
9974
9976
9985
9978
9987
9982
9982
9994
9980
9995
9995
9981
9973
9969
9965
9976
9986
9998
9974
9983
9990
9986
9994
9985
9979
9992
9984
9989
9988
9981
9975
9994
9991
9991
9995
9982
9996
9979
9976
9990
9970
9982
9995
9972
9986
9979
9978
9972
9979
9980
9968
9978
9983
9962
9991
9975
9976
9992
9985
9976
9988
9986
9979
9987
9992
9984
9992
9981
9992
9969
10000
9989
9991
9981
9991
9981
9987
9960
9974
9990
9964
9998
9994
9980
9995
9993
9999
9991
9999
9996
9997
9989
9988
9982
9974
9991
9983
9974
9985
9976
9967
9971
9995
9981
9989
9999
9980
9995
9982
9979
9991
9980
9981
9991
9983
9977
9985
9984
9969
9988
9991
9984
9989
9979
9981
9998
9987
9981
9977
9986
9955
9986
9982
9971
9990
9982
9993
9983
9975
9983
9997
9965
9960
9983
9991
9981
9948
9989
9992
9973
9971
9977
9986
9993
9995
9988
9982
9988
9995
9982
9990
9992
9986
9987
9997
9989
9992
9982
9991
9984
9992
9986
9985
9980
9991
9995
9994
9991
9994
9977
9988
9986
9992
9976
9986
9961
9982
9968
9988
9983
9981
9980
9984
9994
9984
9992
9992
9988
9964
9992
9993
9981
9996
9975
9994
9998
9984
9983
9976
9973
9989
9992
9978
9988
9989
9977
9989
9990
9985
9980
9964
9989
9982
9995
9994
9974
9983
9947
9989
9990
9987
9960
9987
9972
9990
9978
9987
9989
9970
9985
9991
9984
9990
9983
9978
9991
9993
9984
9989
9991
9994
9984
9989
9995
9991
9993
9974
9957
9985
9986
9982
9983
9988
9985
9983
9985
9978
9986
9987
9990
9986
9982
9991
9965
9980
9981
9976
9974
9982
9972
9983
9982
9980
9992
9990
9944
9983
9967
9990
9979
9986
9979
9986
9928
9986
9982
9993
9996
9980
9997
9995
9989
9989
9995
9990
9983
9982
9990
9975
9985
9987
9997
9985
9994
9974
9976
9986
9990
9988
9978
9997
9990
9988
9993
9975
9980
9982
9970
9992
9992
9970
9981
9991
9991
9990
9992
9990
9983
9996
9989
9984
9983
9990
9985
9978
9986
9976
9992
9974
9967
9995
9977
9990
9983
9975
9995
9996
9985
9997
9967
9994
9987
9973
9994
9981
9979
9986
9990
9959
9980
9984
9972
9993
9994
9995
9973
9973
9984
9959
9986
9988
9987
9986
9984
9992
9973
9977
9974
9993
9994
9991
9977
9972
10000
9970
9990
9990
9983
9971
9983
9976
9971
9992
9987
9983
9994
9996
9979
9990
9986
9993
9973
9990
9994
9988
9994
9993
9980
9982
9988
9994
9964
9995
9982
9983
9989
9980
9971
9995
9977
9979
9989
9982
9978
9972
9986
9989
9986
9985
9985
9968
9991
9963
9987
9991
9954
9992
9991
9971
9989
9980
9976
9965
9983
9989
9994
9992
9994
9976
9993
9989
9985
9971
9986
9994
9986
9986
9992
9992
9979
9987
9987
9980
9975
9983
9983
9997
9973
9994
9980
9989
9980
9979
9987
9984
9986
9977
9966
9993
9967
9989
9981
9955
9977
9978
9980
9989
9987
9978
9991
9980
9960
9988
9985
9996
9989
9990
9989
9995
9999
9990
9967
9995
9989
9979
9990
9983
9994
9986
9987
9952
9974
9987
9991
9985
9984
9972
9986
9986
9980
9980
9976
9978
9995
9995
9989
9990
9988
9993
9969
9993
9992
9983
9988
9991
9992
9995
9998
9995
9991
9966
9984
9974
9987
9980
9971
9984
9971
9989
9987
9984
9990
9975
9984
9987
9985
9992
9979
9989
9977
9980
9998
9991
9994
9995
9993
9976
9996
9976
9981
9988
9972
9992
9974
9989
9999
9970
9973
9981
9985
9985
9994
9987
9982
9984
9987
9995
9985
9990
9995
9974
9997
9976
9981
9981
9994
9979
9990
9985
9979
9977
