9991
9997
9959
9994
9978
9986
9989
9983
9990
9987
9999
9987
9983
9986
9983
9990
9987
9998
9976
9968
9959
9989
9988
9985
9973
9982
9987
9977
9994
9997
9986
9985
9982
9978
9977
9983
9965
9977
9973
9987
9983
9985
9970
9994
9986
9984
9974
9986
9989
9957
9958
9973
9988
9988
9977
9978
9976
9991
9994
9988
9991
9990
9983
9980
9989
9980
9970
9982
9996
9982
9993
9986
9994
9982
9963
9997
9990
9988
9983
9983
9981
9981
9991
9958
9990
9979
9993
9995
9995
9987
9965
9963
9977
9990
9965
9977
9973
9968
9982
9971
9992
9981
9973
9985
9988
9974
9984
9984
10000
9988
9983
9964
9986
9977
9962
9980
9991
9986
9988
9989
9981
9988
9972
9994
9997
9999
9998
9973
9990
9989
9991
9987
9984
9986
9995
9989
9988
9999
9962
9989
9990
9988
9986
9986
9994
10000
9987
9989
9996
9982
9987
9991
9986
9995
9992
9996
9960
9987
9983
9976
9970
9971
9973
9992
9994
9992
9987
9982
9973
9990
9976
9973
9977
9985
9992
9976
9969
9982
9983
9978
9986
9951
9985
9970
9969
9968
9989
9993
9989
9988
9964
9982
9986
9997
9951
9985
9973
9980
9998
9986
9981
9996
9980
9991
9985
9974
9986
9949
9991
9985
9979
9974
9987
9990
9988
9984
9973
9979
9990
9990
9993
9986
9973
9985
9996
9975
9988
9970
9977
9985
9995
9991
9994
9982
9990
9995
9973
9985
9985
9992
9996
9983
9981
9980
9992
9958
9993
9992
9982
9951
9988
9980
9995
9995
9969
9990
9959
9995
9985
9970
9983
9987
9989
9986
9997
9991
9996
9995
9975
9990
9993
9971
9990
9973
9993
9986
9985
9977
9980
9991
9984
9996
9992
9987
9976
9984
9992
9983
9983
9991
9993
9981
9994
9977
9994
9982
9987
9962
9994
9962
9985
9973
9981
9984
9992
9973
9983
9979
9980
9974
9988
9992
9976
9991
9996
9990
9977
9992
9974
9955
9979
9977
9981
9998
9980
9982
9978
9986
9982
9945
9995
9993
9988
9973
9989
9995
9993
9991
9984
9994
9976
9977
9990
9989
9992
9961
9993
9998
9980
9978
9997
9994
9970
9990
9992
9966
9992
9988
9991
9991
9976
9969
9988
9984
9980
9967
9999
9979
9996
9980
9973
9974
9989
9995
9992
9983
9972
9984
9981
9977
9980
9974
9983
9991
9986
9995
9973
9982
9988
9989
9985
9986
9994
9992
9987
9974
9968
9990
9984
9987
9985
9994
9984
9990
9993
9987
9997
9995
9994
9977
9994
9985
9983
9987
9986
9995
9990
9983
9988
9985
9986
9985
9994
9970
9977
9973
9979
9986
9993
9989
9987
9974
9996
9996
9982
9991
9992
9985
9997
9991
9994
9995
9996
10000
9982
9989
9976
9972
9996
9991
9979
9990
9992
9990
9987
9986
9993
9982
9996
9990
9985
9985
9995
9974
9992
9990
9991
9991
9985
9982
9987
9988
9985
9977
9987
9985
9993
9987
9985
9983
9991
9988
9988
9983
9987
9986
9993
9987
9990
9987
9994
9988
9992
9975
9983
9966
9982
9988
9976
9981
9977
9988
9993
9988
9984
9995
9991
9982
9993
9987
9962
9985
9994
9982
9980
10000
9996
9990
9987
9992
9993
9987
9983
9981
9991
9980
9986
9988
9989
9984
9972
9985
9974
9992
9992
9975
9980
9985
9985
9983
9993
9985
9990
9987
9990
9987
9992
9996
9986
9975
9989
9990
9975
9980
9998
10000
9947
9991
9979
9996
9988
9966
9977
9989
9987
9968
9982
9984
9995
9988
9975
9974
9990
9983
9992
9988
9969
9972
9985
9977
9965
9994
9988
9979
9971
9990
9985
9990
9973
9991
9977
9975
9982
9981
9979
9996
9980
9968
9986
9986
9977
9983
9989
9983
9977
9970
9977
9981
9981
9978
9971
9996
9988
9992
9982
9985
9989
9984
9980
9995
9973
9988
9989
9992
9975
9977
9973
9992
9985
9994
9982
9985
9982
9978
9984
9983
9990
9989
9982
9972
9982
9992
9974
9974
9976
9995
9980
9992
9970
9982
9986
9984
9984
9979
9988
9994
9986
9971
10000
9995
9991
9988
9965
9989
9978
9970
9980
9990
9991
9987
9992
9985
9991
9988
9990
9987
9988
9984
9981
9973
9981
9968
9988
9998
9984
9944
9991
9996
9979
9987
9995
9982
9997
9988
9992
9987
9996
9991
9989
9972
9970
9995
9969
9997
9997
9987
9991
9987
9982
9987
9992
9985
9990
9994
9992
9986
9994
9983
9973
9971
9980
9993
9985
9977
9971
9976
9994
9971
9950
9991
9990
9995
9971
9982
9984
9976
9980
9973
9995
9987
9967
9968
9984
9988
9986
9964
9980
9990
9985
9985
9979
9992
9988
9979
9986
9995
9969
9985
9987
9982
9992
9986
9978
9972
9985
9978
9996
9994
9997
9986
9991
9996
9985
9998
9992
9989
9990
9967
9987
9973
9979
9980
9996
9988
9995
9980
9987
9981
9984
9976
9989
9976
9984
9982
9987
9983
9979
9967
9996
9971
9985
9972
9963
9979
9990
9990
9991
9972
9960
9991
9977
9967
9997
9973
9997
9988
9982
9970
9979
9979
9982
9971
9993
9987
9977
9970
9973
9994
9976
9980
9985
9990
9955
9994
9978
9985
9987
9985
9973
9973
9998
9977
9994
9983
9972
9975
9999
9988
9993
9993
9985
9987
9991
9977
9991
9981
9975
9969
9988
9978
9977
9981
9980
9979
9990
9989
9996
9986
9960
9991
9991
9986
9982
9988
9982
9986
9991
9993
9989
9993
9983
9981
9987
9971
9985
9987
9959
9992
9987
9992
9990
9989
9987
9989
9993
9991
9971
9988
9989
9985
9996
9977
9980
9990
9992
9992
9988
9980
9989
9978
9989
9982
9987
9987
9983
9985
9985
9971
9967
9976
9991
9986
9986
9989
9992
9991
9983
9987
9987
9951
9985
9995
9992
9990
9986
9987
9982
9991
9997
9988
9985
9988
9989
9981
9992
9989
9977
9991
9978
9997
9992
9969
9994
9964
9973
9993
9993
9985
9979
9989
9997
9977
9963
9990
9988
9995
9999
9972
9983
9976
9978
9976
9984
9992
9991
9983
9989
9991
9968
9988
9987
9974
9981
9986
9984
9983
9976
9999
9980
9973
9981
9997
9991
9977
9969
9985
9992
9995
9989
9984
