9973
9983
9991
9991
9977
9987
9985
9992
9980
9980
9995
9994
9978
9987
9992
9992
9983
9972
9978
9966
9975
9973
9995
9991
9985
9979
9993
9997
9966
9984
9999
9958
9982
9993
9978
9978
9990
9974
9993
9974
9960
9962
9987
9997
9973
9986
9991
9987
9981
9986
9984
9985
9993
9994
9998
9974
9981
9982
9987
9987
9990
9986
9993
9965
9983
9990
9976
9992
9979
9992
9977
9984
9978
9989
9983
9997
9984
9963
9987
10000
9990
9988
9996
9987
9974
9996
9999
9990
9993
9980
9988
9959
9987
9977
9970
9982
9982
9966
9988
9980
9977
9976
9991
10000
9992
9986
9965
9992
9983
9990
9991
9977
9968
9995
9966
9990
9996
9975
9976
9966
9989
9986
9967
9966
9976
9989
9992
9987
9990
9995
9981
9988
9981
9977
9997
9995
10000
9975
9993
9985
9993
9993
9986
9980
9989
9996
9979
9978
9971
9975
9994
9978
9974
9995
9982
9990
9975
9964
9996
9970
9983
9992
9984
9981
9986
9963
10000
9984
10000
9991
9987
9990
9952
9992
9999
9978
9999
9993
9999
9964
9972
9993
9982
9978
9997
9988
9994
9968
9974
9987
9990
9989
9989
9969
9985
9985
9991
9991
9983
9962
9992
9998
9973
9995
9971
9984
9978
9984
9986
9983
9989
9996
9989
9995
9963
9981
9997
9997
9986
9988
9994
9977
9991
9985
9980
9968
9988
9998
9990
9986
9982
9974
9978
9984
9983
9993
9967
9984
9997
9998
9977
9972
9999
9988
9989
9999
9983
9994
9996
9992
9984
9991
9981
9984
9988
9994
9988
9985
9976
9992
9973
9991
9982
9975
9973
9994
9986
9988
9994
9958
9958
9992
9983
9972
9972
9994
9994
9985
9980
9992
9991
9979
9992
9994
9968
9993
9971
9992
9976
9990
9967
9979
9979
9986
9981
9982
9990
9984
9994
10000
9976
10000
9977
10000
10000
9990
9998
9955
9984
9979
9989
9981
9973
9982
9993
9983
9997
9992
9980
9994
9978
9980
9992
9999
9986
9967
9996
9956
9981
9991
9978
9994
9978
9975
10000
9994
9974
9987
9967
9990
9992
9980
9994
9993
10000
9972
9986
9982
9981
9976
9978
9985
9986
9979
9982
9990
9987
9987
9974
9980
9988
9995
9990
9995
9962
9996
9994
9987
9988
9988
9994
9972
9978
9986
9990
9975
9983
9973
9973
9970
9967
9984
9983
9973
9993
9983
9997
9980
9973
9983
9992
9981
9996
9994
9972
9977
9986
9979
9983
9982
9985
9990
9988
9980
9974
9990
9983
9979
9982
9982
9987
9986
9964
9993
9975
9976
9980
9972
9986
9989
9988
9974
9997
9991
9983
9998
9985
9986
9985
9979
9984
9977
9987
9988
9987
9992
9990
9988
9990
9991
9974
9988
9989
9975
9989
9989
9992
9986
9969
9981
9994
9999
9997
9997
9976
9984
9990
9988
9992
9993
9992
9980
9979
9991
9975
9992
9992
9987
9992
9991
9992
9979
9936
9984
9993
9994
9973
9988
10000
9997
9991
9988
9974
9994
9982
9981
9980
9968
9977
9984
9988
9991
9988
9976
9991
9979
9996
9992
9990
9978
9986
9983
9998
9988
9981
9968
9969
9992
9984
9990
9972
9985
9993
9995
9994
9967
9985
9993
9992
9994
9994
9994
9995
9986
9990
9976
9994
10000
9981
9992
9986
9960
9997
9989
9984
10000
9998
9983
9980
9967
9974
9997
9995
9980
9995
9989
9989
10000
9981
9952
9991
9996
9991
9996
9990
9983
9994
9986
9978
9998
9990
9984
9990
9986
9972
9982
9981
9994
9980
9985
9993
9987
10000
9982
9990
9991
9989
9988
9986
9985
9988
9996
9991
9964
9984
9990
9994
9991
9995
10000
9991
9983
9979
9989
9996
9989
9972
9997
9999
9995
9985
9991
9972
9989
9983
9974
9996
9982
9971
9976
9989
9977
9980
9983
9997
9998
9984
9986
10000
9987
9991
9990
9948
9991
9999
9980
10000
9989
9978
9976
9982
9969
9991
9983
9977
9994
9992
9986
9964
9989
9989
9977
9963
9999
9979
9984
9960
9988
9989
9992
9985
9987
9990
9965
9993
9989
9978
9967
9997
9986
9986
9983
9991
9977
9991
9985
9990
9978
9986
9993
9982
9988
9984
9998
9967
9988
9988
9978
9982
9985
9995
9994
9988
9982
9992
9991
9961
9997
9991
9994
9977
9980
9997
9989
9958
9973
9989
9996
9992
10000
9993
9978
9973
9993
9993
9994
9986
9972
9974
9976
9982
9992
9957
9974
9992
9960
9987
9979
9991
9994
9989
9980
9982
9991
9982
9999
9985
9992
9982
9979
9992
9977
9963
9987
9985
9979
9975
9985
9985
9986
9982
9994
9996
9987
9985
9995
9996
9982
9982
9986
9979
9984
9985
9985
9971
9985
9976
9999
9996
9990
9978
9993
9965
9993
9975
9987
9977
9987
9988
9978
9982
9976
9997
9970
9974
9969
9989
9989
9984
9998
9995
9985
9990
9970
9994
9986
9982
9986
9994
9970
9987
9975
9974
9990
9995
9992
9980
9987
9990
9998
9968
9984
9977
9993
9977
9988
9978
9992
9987
9977
9985
9984
10000
9989
9993
9975
9994
9972
9989
9988
9988
9992
9982
9992
9987
10000
9999
9995
9964
9992
9974
9967
9995
9979
9976
10000
9976
9972
9959
9981
9993
9986
9986
9993
9973
9990
9982
9950
9994
9999
9995
9992
10000
9982
9998
9988
9991
9994
9991
9987
9982
9982
9983
9979
9987
9971
9979
9978
9982
9973
9986
9983
9994
9968
9983
9957
9996
9989
9973
9991
9983
9985
9979
9980
9961
9984
9981
9996
9996
9996
9991
9984
9996
9994
9988
9983
9973
9997
9999
9988
9992
9984
9975
9986
9970
9982
9983
9980
9982
9984
9995
9981
9993
9990
9974
9967
9985
9971
9993
9990
9994
9984
9975
9977
9980
9990
9981
9980
9976
9973
9996
9990
9988
9976
9985
9990
9987
9991
9986
9988
9991
9988
9987
9980
9973
9991
9983
9972
9980
9994
9981
9983
9999
9978
9942
9994
9999
9983
9990
9992
9992
9994
9991
9982
9990
9957
10000
9974
9996
9993
9991
9991
9987
9992
9977
9988
9983
9985
9998
9986
9986
9991
9981
9991
9973
9968
9976
9976
9983
9984
9990
9960
9983
9980
9967
9990
9978
9982
9974
9995
