9998
9995
9991
9999
10000
10000
10000
9961
9984
9997
9979
9976
10000
9984
9987
9990
9989
9980
10000
10000
9985
9993
9990
9987
9991
9992
9988
9962
9977
9981
9986
9984
9972
9977
9994
9995
9985
10000
10000
9998
9990
10000
9976
9978
9970
9998
9987
9993
9975
9999
10000
10000
9999
10000
9985
9981
10000
9983
9983
10000
9981
9993
9990
10000
9994
9987
9996
9980
10000
9991
9991
10000
9988
9997
9986
10000
9995
9985
9998
10000
9968
9977
9974
10000
9993
9981
9984
9985
9999
9988
9990
9971
10000
10000
10000
9991
10000
9995
9979
9999
9966
9989
10000
9968
9981
9966
9976
9981
9985
9969
9994
9981
9989
9976
9984
10000
9991
9987
9994
9991
9986
9983
9990
9990
9971
9996
9992
9990
9988
9985
9972
10000
9978
9989
9968
9992
9988
9987
9986
9986
10000
10000
9974
9991
9997
9987
10000
9980
9992
9993
10000
9971
9969
9981
9981
9989
9989
9993
9987
10000
9988
9996
9979
9995
9987
9995
9977
9988
10000
9982
9992
9981
9984
9978
9996
9995
9966
9992
9971
9988
9993
9995
10000
9988
9994
9980
9971
9986
9985
9995
9972
9989
9997
9981
9990
9997
10000
9980
9987
9981
9976
9994
9978
9999
9977
10000
9996
9988
9988
9989
9975
9992
9985
9992
9990
9980
9984
9971
9977
9997
9993
9998
9983
9979
10000
10000
9984
9992
9996
9987
9985
9983
9995
9975
9980
9976
9994
9990
9991
9995
9992
9987
10000
9987
9986
9991
9998
9981
9995
9989
9989
9979
9982
9974
9981
9994
9968
9982
9987
10000
9991
9988
10000
9981
9990
9977
9985
9978
9990
9998
9964
10000
9996
9989
9965
9989
10000
9989
9984
9984
10000
9998
10000
9990
9988
9965
9979
9974
10000
9991
9980
9980
10000
9995
9983
9997
9999
9987
9986
9970
9990
10000
9986
9997
10000
9991
9981
9990
10000
10000
9978
9982
9969
10000
9973
9992
9973
9967
10000
9988
9996
9979
9996
9998
10000
9990
9995
9987
10000
9989
9975
9983
9999
9969
10000
9978
9985
9991
9976
9975
9957
10000
9974
9976
9984
9987
9990
9991
10000
10000
9991
9981
9993
9986
9971
9998
9993
9979
9986
10000
9986
9995
10000
10000
9993
9985
9972
9977
10000
9979
9990
9985
9989
9965
9971
9979
10000
9993
10000
10000
9988
9986
9996
9978
9982
9989
9996
9981
9976
9996
9983
9996
10000
9991
9974
9986
9932
9991
9985
10000
9982
9996
9992
9972
9975
9986
9995
9978
9999
9981
9983
9995
9992
9988
9988
10000
9986
10000
10000
9980
9994
9975
9999
9990
9988
9996
9992
9996
9983
9989
9988
9988
9999
9983
10000
9970
9993
10000
9981
10000
9993
9985
9987
9993
9985
9989
9983
9997
9997
9999
9990
9995
9991
9997
9979
9992
9977
9980
9979
9985
10000
9982
10000
9982
9962
10000
9985
9999
9978
9961
9983
9992
9974
9988
9980
9986
9965
9983
9993
9973
9993
9999
9974
9993
9995
9998
9994
9973
9976
9992
9975
9985
9981
9968
9984
9968
9992
9978
10000
9982
10000
9990
9982
9979
10000
9985
9990
9990
9985
10000
9938
10000
9985
9988
9987
9988
9974
9994
9999
9975
9988
10000
9974
9985
10000
9985
9980
9987
9985
10000
9960
9971
10000
9980
9987
9989
9978
9982
9985
9977
9971
10000
9988
9989
10000
9975
9997
9985
9971
9984
9987
9970
9989
9982
10000
10000
9968
10000
9984
9990
10000
9992
9995
9984
10000
9966
9965
9993
9981
9965
9988
9988
9980
9981
9952
9992
9984
9985
9999
9964
9987
9994
10000
9989
9985
9986
9991
9968
9997
9986
9994
9986
10000
9988
9995
9987
9967
9987
9976
10000
9982
9985
9974
10000
9990
9985
10000
9982
9961
10000
9987
9975
9976
9983
9989
10000
9972
9970
10000
9990
9993
9985
10000
10000
9977
10000
9994
10000
10000
9994
9983
9997
9980
9980
9988
9985
9979
9964
10000
9980
9977
9990
9985
10000
9978
9987
9994
9992
9982
9984
9967
9994
9987
10000
10000
9975
9976
10000
9984
9976
9971
9986
9989
10000
9999
9984
9995
9995
9998
9996
9995
9999
9980
9993
9994
9979
9990
9990
9989
9969
10000
9989
9966
9992
9995
9992
9982
9999
9984
9982
9994
9995
9996
9990
9990
9990
9983
9985
10000
9971
9983
9997
9975
9998
9999
9991
9978
9977
9993
9992
9982
9994
9991
9925
9991
10000
10000
9989
9997
9981
9990
9987
10000
9977
9992
10000
9992
9987
9985
9995
9999
10000
9985
9968
9985
9999
9997
9995
9985
9995
9995
9977
9999
9983
9982
9967
9991
9995
9996
9995
9983
9980
9979
9990
9965
10000
9977
9995
9980
9968
9982
10000
9983
9990
9992
9990
10000
9987
10000
9974
9980
9979
9991
9989
9964
9983
9983
9980
9997
9986
9986
9987
9975
9999
9992
9950
9992
9989
9997
9994
9982
9994
9967
10000
9958
9967
10000
9982
10000
9970
9970
9988
9993
9983
9989
9993
10000
9993
10000
10000
9983
9990
9974
9981
9988
9992
9979
9992
9987
9983
9966
9988
9983
9983
9981
10000
9984
9992
10000
9982
9976
9986
9998
9968
9969
9973
9996
9987
9977
9993
9997
9972
9984
9999
9978
9987
9989
9999
9987
9989
9991
10000
9980
9969
9999
9967
10000
9979
10000
9987
9969
10000
10000
9971
9983
9981
9985
9998
9989
9992
9993
9989
9989
9967
9980
10000
9989
9984
10000
9999
9989
9981
9990
9990
9994
9988
9970
9986
9979
9974
9955
9987
10000
9981
9992
9976
10000
9988
9992
9988
9995
9992
9987
10000
9990
9964
9986
9980
9991
9989
9970
9995
9979
9977
9990
9993
9968
9996
9973
9984
9989
9997
10000
9982
9974
10000
9992
9986
9969
9995
9991
9975
9986
9986
10000
9979
9976
9975
9983
9989
10000
9983
9977
9999
9974
9978
9995
9977
9996
9992
9973
9988
9992
9984
10000
9996
9998
9983
9976
9978
9991
9980
9972
9967
9996
9960
9978
9981
9985
9986
9994
9987
9999
9989
9978
10000
9992
9990
9979
9979
9967
9995
10000
9993
9989
9976
10000
9980
9990
9984
9980
9983
9987
9994
9979
9989
9975
10000
9979
10000
