9978
9992
9992
9993
9980
9989
9989
9969
9967
9990
9987
9986
9976
9987
9991
9988
9996
9977
9982
9988
9982
9998
9990
9993
9985
9985
9991
9995
9955
9977
9981
9994
9979
9988
9994
9991
9983
9988
9987
9977
9983
9991
9995
9989
9978
9991
9984
9982
9993
9978
9978
9956
9983
9989
9986
9994
9979
9997
9988
9991
9990
9987
9962
9961
9976
9964
9992
9984
9988
9984
9992
9949
9979
9970
9974
9994
9972
9995
9981
9978
9984
9978
9973
9985
9970
9985
9969
9990
9986
9992
9988
9986
9999
9984
9979
9987
9984
9985
9994
9993
9988
9988
9982
9998
9993
9993
9982
9995
9973
9977
9960
9992
9988
9988
9980
9993
9986
9979
9993
9985
9969
9983
9980
9992
9991
9988
9990
9978
9979
9972
9980
9986
9986
9983
9983
9974
9995
9992
9982
9982
9989
9987
9983
9975
9985
9987
9962
9990
9984
9994
9993
9990
9990
9987
9986
9979
9994
9977
9985
9984
9993
9978
9987
9983
9980
9990
9979
9988
9951
9985
9999
10000
9979
9992
9988
9977
9996
9978
9987
9993
9997
9983
9989
9987
9983
9986
9989
9993
9984
9984
9999
9985
9993
9977
9974
9984
9983
9982
9992
9984
9979
9971
9992
9995
9975
9992
9992
9987
9989
9971
9980
9990
9983
9958
9974
9975
9970
9993
10000
9993
9978
9980
9991
9998
9987
9986
9991
9977
9969
9970
9990
9976
9984
9989
9975
9993
9983
9992
9955
9976
9992
9979
9986
9995
9988
9990
9981
9962
9979
9997
9994
9982
9974
9989
9981
9979
9987
9983
9982
9989
9997
9990
9988
9993
9993
9998
9988
9994
9985
9997
9986
9971
9984
9985
9987
9991
9989
9994
9993
9983
9985
9984
9990
9993
9993
9991
9987
9982
9983
9990
9969
9983
9986
9994
9981
9993
9984
9995
9992
9983
9981
9993
9985
9968
9974
9987
9987
9997
9998
9994
9976
9994
9996
9989
9978
9983
9979
9976
9978
9972
9977
9970
9982
9984
9987
9984
9986
9978
9996
9976
9963
9989
9983
9990
9985
9981
9987
9976
9985
9989
9995
9968
9990
9993
9973
9990
9981
9970
9982
9958
9984
9984
9987
9981
9996
9971
9990
9981
9992
9968
9985
9996
9995
9998
9991
9987
9991
9976
9990
9987
9970
9989
9988
9975
9986
9975
9995
9993
9980
9991
9975
9983
9992
9997
9979
9990
9989
9994
9993
9971
9993
9973
9989
9986
9982
9992
9963
9996
9994
9986
9985
9991
9958
9973
9985
9936
9999
9993
9986
9989
9976
9993
9997
9985
9970
9984
9985
9964
9993
9966
9973
9970
9992
9996
9979
9996
9974
9973
9986
9986
9993
9984
9996
9985
9971
9981
9984
9988
9999
9989
9971
9975
9983
9997
9979
9983
9961
9987
9977
9987
9986
9987
9992
9971
9975
9989
9990
9974
9989
9970
9967
9995
9968
9981
9995
9973
9994
9992
9973
9989
9990
9988
9994
9990
9968
9989
9987
9991
9990
9946
9982
9994
9980
9985
9986
9969
9977
9990
9992
9976
9969
9974
9990
9983
9986
9978
9976
9975
9992
9994
9985
9987
9980
9985
9988
9976
9966
9984
9983
9997
9992
9979
10000
9977
9994
9949
9990
9970
9996
9976
9975
9995
9983
9978
9979
9993
9988
9984
9984
9993
9980
9976
9992
9982
9985
9991
9988
9973
9994
9987
9975
9995
9986
9975
9979
9971
9988
9990
9986
9984
9994
9948
9997
9991
9980
9972
9985
9987
9976
9987
9961
9965
9977
9984
9987
9992
9978
9977
9991
9984
9987
9972
9980
9998
9986
9966
9985
9983
9979
9987
9985
9991
9979
9987
9989
9988
9975
9974
9980
9986
9981
9979
9977
9985
9964
9997
9981
9977
9994
9970
9947
9983
9976
9983
9993
9999
9986
9991
9968
9986
9990
9994
9981
9979
9964
9972
9969
9973
9995
9987
9997
9983
9988
9975
9971
9983
9988
9993
9990
9964
9988
9993
9984
9987
9974
9986
9969
9995
9990
9991
9997
9977
9982
9982
9980
9989
9997
9960
9992
9995
9950
9985
9992
9987
9996
9994
9978
9989
9985
9978
9964
9988
9989
9984
9969
9985
9971
9989
9985
9978
9962
9993
9979
9989
9995
9986
9985
9986
9993
9985
9971
9999
9974
9992
9983
9990
9986
9977
9984
9977
9982
9988
9986
9980
9975
9985
9998
9989
9960
9985
9988
9987
9989
9989
9983
9981
9988
9983
9976
9983
9984
9987
9987
9986
9989
9993
9984
9983
9982
9990
9984
9993
9997
9980
9995
9989
9982
9982
9993
9997
9997
9989
9968
9995
9989
9975
9988
9997
9974
9982
9981
9981
9996
9992
9981
9997
9981
9977
9981
9978
9991
9994
9985
9973
9989
9964
9982
9997
9990
9962
9987
9984
9981
9994
9979
9968
9981
9996
9967
9990
9994
9976
9975
9978
9985
9979
9979
9984
9973
9978
9972
9989
9979
9989
9988
9986
9969
9985
9992
9991
9987
9980
9981
9983
9987
9984
9995
9986
9981
9982
9964
9986
9993
9971
9981
9988
9990
9989
9979
9975
9988
9969
9995
9978
9991
9970
9969
9998
9984
9994
9995
9988
9990
9976
9989
9977
9988
9987
9987
9991
9988
9993
9994
9987
9989
9978
9963
9974
9992
9984
9994
9979
9983
9992
9978
9985
9974
9999
9992
9997
9981
9977
9990
9984
9974
9981
9967
9986
9999
9997
9974
9997
9993
9996
9990
9991
9994
9975
9975
9982
9981
9982
9983
9979
9977
9988
9979
9975
9981
9989
9983
9991
9984
9983
9985
9962
9989
9992
9987
9972
9985
9992
9986
9992
9975
9985
9992
9976
9985
9992
9993
9980
9977
9987
9970
9983
9989
9981
9974
9985
9956
9986
9986
9987
9979
9975
9977
9992
9992
9977
9988
9996
9981
9987
9989
9963
9987
9995
9982
9988
9992
9980
9976
9985
9984
9976
9980
9994
9991
9985
9986
9997
9984
9988
9992
9972
9996
9992
9989
9985
9977
9965
9980
9993
9996
9993
9985
9987
9992
9989
9979
9970
9988
9986
9991
9978
9991
9988
9974
9984
9989
9973
9988
9985
9986
9993
9979
9978
9987
9990
9970
9960
9990
9971
9995
9978
9990
9990
9982
9975
9981
9991
9978
9971
9991
9988
9982
9989
9992
9988
