9994
9967
9993
9981
9981
9992
9983
9997
9990
9958
9967
9999
10000
9979
10000
9989
9959
10000
9973
10000
9977
10000
9960
10000
10000
9999
9998
10000
9983
9981
9983
10000
9982
9990
10000
9985
9978
9982
9999
9986
9985
9990
9996
9995
9989
9982
9958
10000
10000
9985
9988
10000
10000
9982
9975
9986
9976
10000
10000
9996
9977
9997
10000
9979
9994
9996
9989
9972
9985
9971
9949
9989
9972
9984
10000
9991
9997
9987
9979
9994
9977
9996
9968
9989
10000
9995
9990
10000
9985
10000
9969
9999
9976
9974
9986
9987
9985
9985
9996
9990
9989
9997
9976
9992
9974
10000
9993
9990
9975
9994
9990
10000
9992
9985
9985
9976
9993
9994
9993
9979
9981
9991
9954
9989
10000
9972
9996
9987
9991
9982
9994
9994
9983
9995
9986
9981
9987
9973
10000
9981
9991
9989
9992
9989
9989
9984
9966
9985
9995
9982
9983
10000
9987
9991
10000
9981
9990
9970
9972
9994
9980
9987
9980
9992
9992
10000
9987
10000
10000
9989
9999
10000
9997
9996
9977
9989
9989
9999
9990
10000
9988
9993
9980
9985
9980
10000
9979
9995
9989
10000
10000
10000
9987
9984
10000
10000
9967
10000
9994
9987
9993
9980
9997
9980
9990
10000
10000
9991
9966
9985
9988
9987
9985
10000
9988
9997
9993
9999
9994
9997
9996
9990
9995
9976
9991
9995
10000
10000
9997
9974
9981
9998
9971
9990
9979
10000
9966
9999
9987
9999
9996
9970
9990
9993
9983
9986
9981
9988
10000
9983
9988
9991
9978
9948
9998
10000
9997
9981
9996
9998
9992
10000
10000
9979
9983
9988
10000
9981
9991
9998
9993
10000
10000
9990
10000
9985
9984
9972
9991
9992
9998
9980
9990
9987
9962
9988
10000
9990
10000
9987
9981
9988
9994
9987
9991
9983
9998
10000
9997
9987
9971
10000
9999
9990
9988
9980
9967
9987
10000
9993
9987
9993
9983
9967
9999
9996
9983
9974
9992
10000
9996
10000
10000
9999
10000
9996
9981
10000
9986
9983
9973
9985
9989
9973
10000
9986
9983
10000
9982
10000
9972
10000
9983
9974
9970
9974
9982
9990
10000
9965
9997
9970
9995
9974
10000
9977
9983
9961
9988
9978
9991
9984
9988
9985
9977
9989
9984
10000
9989
9998
9991
9993
9965
10000
9961
9977
9981
10000
9983
9990
9988
9996
9986
10000
9995
9979
10000
9992
10000
9995
9981
9988
9982
9988
9986
10000
9992
9976
10000
9977
9992
9975
9988
9973
9988
9989
9985
9980
9974
9981
10000
9992
9980
10000
9976
9999
9979
9975
9978
10000
9975
9981
10000
10000
9972
10000
9982
9999
9991
9995
9983
9966
9997
9993
9974
9975
9976
10000
9988
9977
9975
9984
9986
9978
9974
9991
9996
9983
9986
9957
9990
9982
9991
9985
9991
9975
9991
9964
9988
9984
9997
9981
9984
9984
9994
9979
9976
9990
9991
9989
9996
9995
9988
9998
9983
9983
9988
9974
9997
9985
9989
9999
9987
9984
9988
9989
9987
9974
9990
9984
9992
9987
9989
9991
9995
9993
10000
10000
10000
9986
10000
9991
9992
9998
10000
10000
9980
10000
9997
9983
10000
10000
9991
9997
9979
9975
9985
9997
9991
10000
9997
9997
9991
9986
9983
9981
9990
9992
9986
9995
9989
9984
9988
9989
10000
9977
9981
9994
9997
9975
9990
9989
9978
9986
9995
9991
9987
9990
9980
10000
9983
9999
9983
9987
10000
9979
9992
10000
9995
9999
9962
9993
9987
9972
9973
10000
10000
9978
10000
9977
9991
9991
9972
9977
10000
9993
9994
9991
9985
9980
9963
9986
9986
9986
10000
10000
10000
9989
9988
9977
9986
9982
9989
9987
9976
9980
9971
9987
9956
9991
9991
9999
9981
9991
10000
10000
9987
10000
9978
9986
9981
9980
10000
10000
10000
9993
9993
9998
9997
9991
9986
9981
9963
9989
9983
9980
9960
9984
9988
9992
9994
9979
9983
9975
9991
9983
9998
9994
9973
10000
9997
9964
10000
9982
9975
9963
9981
9988
9997
9984
9975
9991
9997
9987
9989
9991
10000
9957
9999
9978
9993
9983
9974
9993
10000
9993
10000
9993
9985
10000
10000
9960
10000
9986
10000
9985
10000
9993
9984
10000
9992
10000
9981
9982
10000
9987
9989
9972
9969
9972
9990
9971
9992
10000
9994
9993
9979
10000
9992
9988
9978
9995
9984
9990
9985
9980
9990
9999
9990
9984
9977
9990
9975
9993
9979
9985
9976
9985
9995
9964
9987
9986
9996
9999
9981
9977
10000
9979
10000
9989
9992
10000
9992
9988
9986
9987
9982
9968
10000
9986
9993
9988
10000
9991
9978
9985
10000
9992
10000
9991
9989
10000
9987
10000
9980
9992
10000
9987
9989
10000
9989
9994
9996
9988
9980
9996
9985
9985
9989
9996
9989
9991
9983
9991
9974
9959
9973
9977
9996
9986
9986
10000
9935
9998
9987
9987
9982
9983
9981
10000
9987
9982
9991
10000
10000
10000
9980
9992
9996
9990
9979
9992
9997
10000
9986
9977
9978
9987
9993
9991
9990
9993
9980
9998
9995
9986
9974
9992
9988
9984
9962
9972
9992
9986
9980
9988
10000
10000
10000
9978
9983
9973
9989
9983
9979
9987
9995
9985
9977
9954
10000
9969
9975
9992
10000
9981
10000
10000
9977
9984
9974
9984
9997
10000
9980
10000
9983
9982
9989
9993
10000
9992
9992
9988
9990
10000
9997
10000
9979
9975
9991
10000
9998
9995
9993
9982
10000
9989
9973
9984
9999
9988
9986
9995
9997
10000
9973
9999
9996
9995
9982
9975
9965
9992
9996
9999
9989
10000
9985
9969
9988
9979
9969
9997
9963
9970
9996
9982
9983
9999
9971
9997
9986
10000
9998
9988
9981
9991
10000
9949
9988
9989
9997
9986
9994
9979
10000
9988
9977
9983
9991
10000
9987
9982
9999
10000
9994
10000
9996
9993
10000
10000
9981
9971
9991
9964
9979
9980
9975
9991
9979
9996
9988
9976
9972
9988
9981
10000
9999
9997
9965
9977
9984
10000
9998
9977
9980
9983
9996
10000
10000
9994
9991
9974
9974
9982
10000
9982
9982
9988
9988
9965
10000
9987
9983
9981
9999
9989
9982
9992
10000
9978
10000
9989
9996
9981
10000
9981
9972
9982
