10000
9989
9980
9982
10000
9956
9997
9989
9951
9995
9985
9993
9964
9996
9976
9987
9997
10000
9992
9987
9993
9984
10000
10000
9984
9989
9973
9987
9982
9999
9992
9985
9980
9968
9998
9996
9991
9985
9996
9987
9998
9965
9970
9984
10000
9976
9998
9986
9977
9996
10000
9990
9996
9996
9987
9979
9975
9977
9990
10000
9981
9986
9973
9991
9972
10000
9967
10000
9966
9986
9980
9982
9993
9989
9994
9996
9956
9991
9998
9987
9971
10000
9992
10000
9990
9989
9987
9982
9988
9981
9972
10000
9980
9977
9991
9983
9995
10000
9989
9965
10000
10000
9999
9986
9984
9976
9977
9993
9989
9965
9986
10000
9987
9999
9997
9993
10000
9993
9984
9965
9981
9991
9987
9997
9986
9969
9986
9977
9985
9980
10000
9990
9996
9978
10000
9968
9996
9989
9983
10000
9987
9992
9993
9990
9970
9969
9994
9992
9982
9993
9980
9973
9967
9993
10000
9985
10000
9994
10000
9983
9982
9992
9979
9985
9985
9988
10000
10000
9995
9979
9984
9986
9997
9989
9991
9983
9987
9987
9999
9989
9979
9976
9969
9982
10000
9989
9978
9987
10000
9970
9981
10000
9995
9988
9986
9980
9989
10000
9986
9994
9985
9998
9997
9995
9998
9999
9985
9993
9998
9995
9982
9983
10000
9987
9981
9967
10000
9956
9994
9993
9995
9993
10000
9973
9990
9995
9982
9987
9984
9997
10000
9982
9991
9991
9994
9987
9984
10000
9966
9981
9993
10000
9995
10000
9983
10000
9994
9986
9973
9991
9977
9975
9971
9993
9979
9994
9988
9972
10000
9974
9993
10000
10000
9990
9997
10000
9959
9993
9974
9999
9999
10000
10000
9988
9992
9967
9981
9985
9988
10000
9986
9969
9997
9992
9991
10000
9989
9980
9993
9988
9991
9993
9968
9987
9978
10000
9993
9991
10000
9995
9988
9986
9986
9986
10000
9985
10000
9992
9992
9964
9985
9981
9988
9977
9991
10000
9997
9988
9995
9973
10000
9993
9985
9970
9985
9989
9960
9979
9987
9966
9985
9977
9967
9988
9999
9994
10000
9988
9996
9982
9994
9993
10000
10000
9993
10000
10000
9991
9980
9996
9993
9984
9975
9980
9995
9978
9988
9994
10000
9998
9988
9982
9998
9981
9987
9981
9970
10000
9990
9995
9998
9969
9967
9990
9999
9976
9982
9988
9985
9973
9984
9983
9976
9990
9983
9989
9985
10000
9987
9985
9979
9988
9973
9979
9995
9988
9997
9988
9982
9999
9988
9971
9999
9997
9974
9983
9990
9980
9963
9975
10000
9971
9981
9998
9971
9969
10000
9998
9979
9991
9996
9989
10000
9988
9989
9999
10000
9969
9981
9983
9974
9992
9990
9976
9981
9982
9992
10000
9993
9986
9983
9970
9968
9992
9988
9988
9988
9985
9992
9988
9992
9982
9995
9989
9984
9987
9992
9992
10000
9991
9989
10000
10000
9990
9990
9985
9998
9996
10000
9978
9999
9996
9994
9988
10000
9996
9991
10000
9982
9983
9977
9985
9987
10000
9985
9988
9996
9984
10000
10000
9966
9981
9986
10000
9982
9996
9985
9982
9982
9992
10000
9978
9996
9990
9987
9990
9986
10000
9991
9956
9979
9982
9980
9985
9997
9969
10000
9985
9994
9991
9983
9976
9990
9991
9987
9964
9974
10000
10000
9993
9972
9959
9980
9993
9977
9976
9979
9972
9991
9996
9995
9980
9986
9986
9979
9982
10000
9989
9975
9975
9985
9984
9978
10000
9989
10000
10000
10000
10000
9979
9982
10000
9977
9996
10000
10000
9975
9977
10000
9999
9990
9993
9976
10000
9992
9988
9999
10000
9991
9974
9979
9984
9988
9985
9995
9980
10000
9991
9979
9984
9990
9975
9991
9993
9985
9984
9979
9979
9983
9980
9992
9985
10000
10000
9983
9987
9999
9985
9986
9986
9981
9976
10000
9980
9984
10000
9986
9970
9975
9989
9999
9997
9988
10000
10000
9981
9982
10000
9999
9978
9981
10000
9980
9975
9992
9995
9983
9988
9986
9994
9998
9979
9974
9963
9978
10000
9976
9976
9999
9993
9972
9982
9993
9996
9984
9989
9986
9995
9986
9986
10000
9997
9995
9971
9990
10000
10000
9976
9978
9992
9975
10000
9979
9990
9985
9983
9985
9991
9977
10000
9970
9986
9996
9990
9979
9983
9992
9985
10000
9986
9994
9987
9985
9999
10000
9989
9986
9990
9989
9988
9993
9983
9990
9992
9980
9986
9988
9979
9992
9989
9986
9999
9985
9982
9975
9989
9983
10000
9978
9977
9954
9976
9966
9989
9983
10000
9977
9954
9998
9982
9985
9983
9972
10000
9984
9970
9985
9986
9999
9980
9976
9986
9981
9981
9990
9997
9982
9964
10000
9986
9993
9984
9979
10000
9982
9985
9984
9991
9982
10000
10000
9985
9984
10000
9975
10000
9973
9970
10000
9994
9980
9968
9979
9994
9993
9968
9975
9982
9978
9995
10000
9980
9988
9979
9997
9994
9992
9988
9998
9967
9983
9995
9989
9976
9993
9988
9986
9994
10000
9999
9988
9993
9993
9999
9967
9994
9975
9987
9960
9994
9991
9990
9973
9990
9968
9980
9985
9970
9988
9990
9983
9999
9975
9972
9982
10000
10000
9976
9987
9976
9978
9986
10000
9980
9972
9983
10000
9983
9999
9996
9993
9987
9959
10000
9996
10000
9985
9989
9999
9985
9979
9985
9976
10000
9969
9990
9987
10000
9991
9987
9976
9987
9987
9970
9982
9986
9976
9990
9979
9982
9978
9988
9988
9980
9959
9988
9999
9992
9995
9985
10000
9988
9971
9984
10000
10000
9967
9973
9995
9987
9985
9961
10000
10000
10000
9982
9993
9997
10000
9992
9975
9979
9991
9986
9981
10000
9988
10000
9983
9997
9975
9993
10000
9977
9970
9996
9971
9973
9981
9972
9974
9998
9991
10000
9994
9984
9988
9991
9983
9999
9973
9978
9986
9999
10000
9995
9985
9979
9987
9978
9995
9992
9979
9981
9994
10000
9988
9977
9987
9994
9988
9992
9989
9990
9958
9982
9998
9981
9976
9971
9969
9987
9984
9998
9972
9995
9988
9980
9988
9998
9976
9992
10000
9967
10000
9985
9987
9978
9975
9991
9981
9978
9994
9985
9996
9966
10000
10000
10000
9986
9975
9986
9985
10000
9975
10000
9961
9998
10000
10000
