9991
9994
9979
10000
9968
9993
9986
9980
9970
9982
9989
9996
9995
9990
9999
9983
9981
9993
9976
9987
9983
9978
9985
9991
10000
9992
9991
10000
9994
10000
9997
9973
9983
9987
9986
9997
9996
10000
9990
9983
9975
9993
9985
9971
9979
9980
9971
9985
10000
9996
9985
9974
9990
9993
9982
9971
9978
9967
9992
9978
9982
9992
9989
9977
9991
9982
9979
9980
9992
10000
9983
9990
9989
9988
9976
9989
9995
9977
9990
10000
9969
9985
9984
9963
9982
10000
9992
10000
9973
9989
10000
9993
9993
10000
9985
9973
9991
9986
9991
9988
9987
9970
9994
9982
9967
10000
9999
9997
10000
9982
10000
9989
9995
9975
9975
9960
9989
9985
9970
9989
9982
9986
9983
9975
10000
9990
9983
9974
9952
9976
9989
9988
9983
9978
9982
9978
10000
9989
10000
9991
9992
9982
9990
10000
9991
9993
9982
9986
9974
9997
9992
9983
9999
9967
10000
9985
9982
10000
9983
9996
9995
9984
10000
9965
10000
9983
9987
9990
10000
9976
10000
9996
10000
9992
9999
9988
9995
9983
9989
9988
9978
10000
9980
9998
9983
10000
9972
9993
9987
9995
9983
9994
9992
10000
9985
9981
9996
9975
9983
9987
9972
9976
9975
10000
9984
9978
9979
9975
9984
9995
9984
9990
9980
9999
9993
9990
9975
9989
9989
10000
9981
9995
10000
9997
10000
9981
9984
9975
9986
9980
9992
9991
10000
9969
9991
9990
9986
9998
9985
10000
9978
9976
10000
9978
9976
10000
9991
9999
9968
9999
10000
9989
9958
9993
9986
9976
9993
9946
9977
10000
9989
9999
9983
9974
9998
10000
9992
10000
9972
9971
9976
9973
9993
10000
10000
9999
9973
9995
10000
9989
10000
9983
9994
9988
9996
9999
9985
9983
9990
10000
9973
10000
9971
9987
9978
9980
9993
9983
9971
9975
9969
9981
9981
9980
10000
9995
9983
9973
9984
10000
10000
9975
9987
9975
9986
9978
9965
9990
9969
9990
9982
9990
10000
9986
9993
10000
9985
9978
9966
9981
9987
9989
10000
9989
9988
9999
9989
9971
9989
9994
9955
9978
9992
9967
9986
9985
10000
9988
10000
9963
10000
9993
9988
10000
9982
10000
9980
9995
9999
9980
9991
9999
9993
9959
9969
9982
9987
9988
9990
9979
9963
9996
9994
10000
9985
9996
9989
9951
9983
9993
9988
10000
9962
9987
10000
9981
9974
9980
9988
9996
9994
9961
10000
9989
9987
9978
10000
9978
9991
10000
9998
9973
9979
9978
9992
9986
9988
9991
9968
9979
9968
9994
9992
9999
9982
9989
9992
9998
9986
9995
9970
9992
10000
9989
9972
9981
9989
9964
9981
9992
9997
9977
9988
9984
9988
9987
10000
9980
9998
9995
10000
9988
10000
9988
9985
9981
9979
9998
9984
9973
9967
9968
9988
9989
9986
9998
9982
9985
10000
9992
9986
9976
10000
9986
9980
9984
10000
9985
9982
10000
9966
9999
9993
10000
9987
9980
9978
9983
9992
10000
10000
9985
9988
9980
9981
9996
9983
9959
10000
9980
9984
10000
9984
9991
9993
9983
10000
9981
9983
9997
9974
9978
10000
9981
10000
9992
10000
9978
10000
10000
9991
9989
9973
9976
9991
9999
9988
9994
9984
9991
9968
9996
9971
9980
10000
9990
9982
9987
9985
9974
9988
9993
9993
9990
9983
9999
9989
10000
9991
9978
10000
9984
9968
9986
9974
9988
9977
9983
10000
9966
10000
9986
9990
10000
9983
10000
10000
9972
9997
9971
9994
9985
10000
9996
9978
9977
9983
10000
9999
9963
9978
9995
9975
9981
9978
9988
9991
9964
9990
9982
9978
9982
9993
10000
9970
9967
9993
9989
9984
10000
9999
9985
10000
10000
9994
9997
9987
9978
9968
9986
9990
9991
10000
9978
9986
10000
9966
9977
9987
9986
9984
9991
9976
9985
9997
10000
10000
9969
9991
9990
10000
9979
9980
9979
9988
9986
9985
9991
9992
9993
9987
9978
9983
10000
9985
9994
9991
10000
9988
9993
9998
9991
9984
10000
9989
9982
9991
9993
9984
9989
9986
10000
10000
9999
9990
10000
9979
9970
9974
9973
9984
9999
9960
10000
10000
9995
9984
10000
10000
9993
10000
10000
9998
9977
9998
9979
9997
9992
10000
10000
9991
9990
9994
9983
10000
9988
9972
9995
9996
9968
10000
9994
10000
10000
9991
9973
9982
9977
9988
9971
9986
9986
9952
9962
9991
9985
9969
9996
9992
9993
9979
10000
10000
9984
9996
9997
9999
9986
9989
10000
10000
9994
9987
9990
9991
9976
9976
9980
9995
9990
9980
9995
9989
9992
9976
9988
9993
9986
9977
9977
10000
10000
9981
9977
9993
9972
10000
9977
9976
9980
9980
10000
9989
10000
9998
10000
9992
9994
9992
9982
9986
9989
9988
9994
9991
9970
9985
9970
9990
9994
9961
9980
9997
9989
9979
9977
9993
9994
9976
9969
9982
9992
9980
9982
9986
9971
10000
9987
9975
9990
9983
9985
9991
9990
10000
9999
9972
9977
9983
10000
9977
9997
9961
9989
9986
10000
9973
9977
9996
9998
10000
9983
10000
9957
9996
9991
9996
9987
9964
9990
9995
9991
9991
9987
9983
9995
9996
9988
9964
9985
9990
9981
9975
9985
9989
9976
9974
10000
9970
9989
9974
9976
9995
9994
9988
9973
10000
9981
10000
9989
9981
9991
10000
9989
9997
9991
9985
9988
9984
9981
9982
9985
9972
9971
9968
9976
10000
9994
9981
9993
9993
9980
9976
9973
9978
9965
9996
9991
9978
9982
9990
9973
9976
9999
9993
9983
9982
9974
9988
9996
9981
9968
9984
9994
10000
9987
9992
9996
9977
9999
9983
9985
9988
9994
9988
9993
9987
9995
9987
9987
9991
9971
9987
9985
9972
9999
10000
9979
9968
9984
9987
9997
9990
9994
9983
9978
9985
10000
10000
9992
9999
10000
9993
10000
9999
9995
9990
9999
10000
9979
10000
9968
10000
9990
9983
9991
9982
9977
10000
9990
9990
9976
9988
10000
9993
9967
9976
9998
9999
9987
9991
9997
9996
9988
9997
9982
9989
9983
9989
10000
9981
9963
9990
9984
9986
9970
9988
9986
9989
10000
9971
9984
9974
9987
9982
9979
9990
9969
9984
9980
9987
9990
9990
9991
9997
9983
9973
10000
10000
9999
