9992
9981
9984
9999
9976
9985
9982
9993
9983
9962
9952
9983
9970
9973
9982
9985
9992
9974
9969
9967
9987
9987
9989
9992
9982
9984
9983
9983
9972
9962
9989
9973
9982
9991
9999
9981
9986
9977
9985
9995
9979
9994
9980
9988
9982
9975
9998
9960
9993
9978
9995
9978
9989
9983
9988
9983
9987
9981
9972
9987
9979
9990
9994
9989
9954
9957
9982
9990
9971
9981
9987
9980
9979
9983
9991
9984
9988
9996
9985
9981
9984
9997
9988
9993
9967
9995
9982
9982
9976
9992
9991
9980
9972
9962
9971
10000
9990
9960
9950
9986
9991
9995
9983
9991
9994
9975
9979
9968
9994
9986
9977
9987
9987
9987
9984
9992
9972
9979
9987
9994
10000
9992
9987
9994
9983
9996
9974
9978
9993
9971
9988
9993
9993
9991
9982
9984
9984
9983
9974
9994
9990
9988
9990
9979
9966
9986
9990
9993
9988
9990
9994
9992
9984
9962
9977
9968
9987
9979
9972
9983
9975
9993
9987
9983
9989
9990
9982
9989
9983
9990
9971
9985
9992
9990
9986
9992
9982
9992
9994
9977
9995
9994
9972
9993
9988
9988
9972
9989
9988
9995
9981
9994
9979
9976
9993
9982
9974
9992
9989
9986
9983
9987
9981
9984
9979
9975
9958
9981
9979
9991
9972
9997
9978
9978
9995
9975
9976
9990
9973
9957
9989
10000
9987
9976
9990
9973
9987
9992
9979
9987
9997
9974
9988
9991
9983
9982
9995
9989
9967
9978
9986
9993
9976
9991
9985
9983
9959
9986
9990
9997
9995
9986
9977
9966
9973
9991
9998
9988
9990
9966
9978
9987
9987
9984
9983
9978
9975
9986
9955
9981
9993
9991
9999
9961
9988
9983
9982
9988
9987
9989
9975
9954
9974
9997
9984
9983
9980
9983
9989
9993
9987
9989
9994
9993
9988
9977
9994
9989
9971
9995
9994
9994
9993
9993
9989
9990
9985
9989
9989
9986
9987
9976
9970
9984
9985
9976
9985
9976
9980
9989
9995
9991
9991
9998
9977
9991
9975
9987
9988
9993
9988
9990
9987
9995
9975
9989
9984
9989
9987
9984
9984
9980
9990
9986
9979
9995
9989
9988
9986
9988
9978
9977
9985
9984
9990
9982
9996
9980
9983
9984
9981
9978
9988
9990
9995
9975
9989
9992
9974
9958
9987
9996
9988
9987
9986
9986
9957
9979
9975
9986
9998
9969
9976
9987
9979
9991
9977
9994
9978
9991
9999
9989
9994
9990
9989
9991
9993
9985
9994
9989
9992
9991
9987
9990
9987
9979
9994
9993
9993
9997
9986
9987
9993
9967
9979
9988
9987
9994
9991
9994
9983
9974
9982
9996
9988
9956
9987
9984
9991
9953
9992
9955
9971
9988
9981
9960
9997
9994
9975
9996
9983
9990
9987
9991
9945
9994
9988
9971
9976
9982
9991
9994
9987
9976
9977
9992
9989
9976
9975
9985
9985
9984
9994
9992
9998
9994
9991
9980
9991
9965
9991
9989
9984
9967
9987
9986
9971
9996
9988
9994
9968
9991
9972
9984
9978
9981
9993
9999
9969
9979
9989
9980
9969
9992
9986
9982
9993
9988
9984
9976
9988
9989
9982
9983
9977
9932
9997
9984
9997
9987
9989
9985
9975
9996
9989
9996
9997
9964
9988
9993
9984
9966
9988
9986
9992
9990
9984
9984
9989
9967
9990
9986
9989
9996
9991
9994
9991
9992
9990
9977
9966
9995
9974
9987
9987
9995
9997
9970
9994
9970
9982
9974
9976
9976
9993
9999
9978
9993
9981
9985
9955
9981
9994
9975
9997
9960
9981
9987
9969
9990
9991
9991
10000
9984
9971
9996
9997
9967
9961
9993
9986
9989
9989
9985
9992
9988
9959
9995
9983
9986
9992
9987
9991
9963
9991
9992
9990
9983
9966
9996
9993
9991
9974
9990
9989
9989
9976
9976
9986
9986
10000
9972
9975
9973
9998
9989
9980
9976
9995
9992
9989
10000
9981
9977
9998
9990
9988
9994
9980
9994
9996
9990
9984
9993
9996
9986
9994
9986
9991
9997
9969
9989
9990
9982
9977
9990
9975
9973
9982
9987
9983
9978
9993
9983
9988
9985
9979
9983
9994
9953
9984
9992
9971
9989
9981
9992
9989
9986
9976
9988
9986
9987
9972
9974
9983
9989
9983
9973
9990
9984
9975
9983
9986
9989
9992
9985
9984
9987
9995
9989
9986
9973
9988
9984
9980
9983
9984
9990
9992
9981
9977
9997
9974
9989
9991
9979
9984
9979
9985
9996
9992
9997
9991
9996
9972
9972
9980
9973
9985
9987
9986
9988
9985
9994
9971
9997
9993
9992
9992
9977
9987
9973
9969
9988
9989
9993
9988
9993
9985
9991
9991
9996
9976
9994
9987
9991
9976
9988
9998
9988
9978
9976
9990
9982
9991
9976
9992
9968
9983
9986
9980
9991
9977
9967
9991
9983
9994
9945
9956
9987
9985
9989
9991
9990
9978
9990
9993
9986
9990
9996
9990
9980
9973
9972
9974
9996
9992
9986
9981
9993
9976
9986
9980
9992
9979
9987
9961
9983
9976
9994
9989
10000
9994
9984
9994
9987
9978
9978
9997
9983
9989
9976
9979
9996
9996
9991
9984
9986
9995
9994
9994
9985
9982
9979
9982
9982
9991
9992
9999
9993
9996
9998
9983
9991
9986
9977
9989
9974
9980
9986
9995
9984
9966
9989
9987
9976
9983
9989
9991
9971
9966
9991
9971
9985
9985
9987
9953
9990
9983
9997
9989
9987
9986
9970
9972
9991
9992
9977
9978
9991
9995
9987
9985
9991
9988
9987
9994
9976
9985
9991
9984
9977
9990
9970
9994
9989
9965
9981
9990
9978
9986
9990
9998
9991
9969
9982
9980
9987
9978
9976
9983
9980
9994
9974
9967
9977
9994
9990
9993
9992
9985
9985
9987
9978
9998
9987
9999
9983
9986
9992
9987
9939
9979
9977
9992
9981
9977
9988
9991
9976
9999
9973
9994
9993
9982
9983
9998
9995
9997
9991
9971
9990
9988
10000
9984
9973
9981
9974
9967
9984
9986
9969
9985
9994
9980
9983
9983
9990
9993
9976
9981
9987
9983
9990
9990
9990
9974
9987
9972
9983
9974
9991
9980
9966
9985
9998
9970
9993
9993
9979
9970
9993
9985
9988
9985
9991
9983
9982
9988
9995
9994
9986
9971
9993
9997
9988
9993
9976
9995
9990
