9984
10000
9976
9981
9991
9983
9980
9981
9989
9999
9991
9990
9998
9994
9994
9975
9997
9996
9995
9987
9989
9998
9989
9994
9989
9984
9987
9992
9991
9962
9985
9996
9970
9981
9979
9979
9993
9965
9997
9982
9967
9961
9994
9989
9996
9983
9977
9992
9977
9980
9970
9997
9991
9965
9985
9987
9987
9984
9987
9992
9992
9982
9974
9979
9991
9978
9964
9966
9994
9976
10000
9978
9985
9984
9995
9989
9994
9988
9985
9995
9967
9991
9982
9994
9984
9978
9995
9986
9994
9992
9970
9985
9993
9985
9977
9996
9986
9991
9995
9988
9995
9983
9982
9984
9978
9989
9979
9996
9991
9981
9989
9989
9996
9983
9992
9986
9986
9991
9979
9996
9985
9984
9994
9994
9963
9987
9984
9991
9989
9986
9976
9988
9979
9976
9979
9981
9982
9988
9990
9996
9961
9988
9991
9978
9968
9991
9977
9986
9971
9967
9985
9988
9975
9967
9982
9972
9976
9997
9987
9981
9991
9998
9971
9984
9983
9989
9992
9989
9957
9986
9979
9987
9992
9999
9988
9998
9992
9983
9970
9986
9966
9989
9987
9993
9985
9986
9987
9975
9975
9953
9987
9982
9984
9963
9974
9965
9989
9995
9965
9992
9998
9959
9996
9993
9969
9972
9994
9982
9967
9995
9994
9976
9993
9980
9986
9986
9985
10000
9989
9983
9996
9979
9973
9990
9997
9970
9976
9988
9995
9973
9981
9989
9988
9992
9987
9988
9991
9989
9999
9987
9986
9982
9987
9998
9989
9980
9982
9986
9976
9989
9987
9987
9985
9980
9986
9983
9987
9990
9976
9985
9982
9986
9986
9991
9980
9994
9998
9990
9971
9982
9999
9991
9985
9974
9992
9988
9970
9991
9977
9981
9970
9979
9993
9962
9984
9982
9992
9991
9986
9980
10000
9995
9990
9989
9988
9975
9995
9991
9975
9985
9985
9993
9988
9971
9970
9978
9987
9982
9977
9993
9996
9981
9995
9969
9979
9990
9994
9984
9967
9996
9990
9980
9984
9979
9996
9988
9992
9979
9992
9984
9993
9992
9967
9979
9980
9985
9996
9980
9993
9986
9982
9982
9979
9989
9990
9962
9975
9990
9983
9993
9984
9980
9979
9982
9978
9996
9990
9981
9980
9983
9983
9992
9995
9991
9971
9989
9989
9983
9974
9989
9973
9993
9989
9990
9990
9981
9991
9995
9993
9994
9960
9992
9989
9989
9991
9992
9979
9957
9963
9982
9985
9990
9952
9983
9978
9981
9991
9990
9995
9992
9987
9987
9981
9965
9984
9996
9986
9984
9983
9971
9992
9989
9974
9988
9979
9990
9984
9993
9965
9989
9983
9988
9993
9983
9979
9993
9985
9978
9984
9992
9977
9983
9978
9997
9984
9992
9984
9981
9990
9988
9989
9989
9992
9977
9982
9984
9999
9990
9968
9991
9971
9992
9978
9981
9986
9990
9980
9995
9966
9971
9989
9985
9986
9994
9975
9986
9983
9990
9970
9985
9992
9991
9994
9970
9974
9983
9999
9993
9966
9969
9979
9982
9973
9980
9972
9957
9986
9981
9990
9988
9984
9980
9995
9995
9980
9995
9986
9996
9992
9974
9990
9988
9996
9984
9989
9989
9986
9982
9983
9988
9996
9994
9994
9977
9992
9992
9994
9992
9987
9986
9997
9997
9954
9993
9977
9992
9982
9990
9983
9981
9980
9992
9978
9983
9981
9989
9984
9997
9995
9990
9980
9991
9960
9995
9989
9989
9997
9960
9978
9976
9985
9985
9981
9982
9994
9994
9983
9985
9986
9958
9972
9999
9990
9993
9973
9989
9985
9977
9997
9985
9980
9977
9981
9985
9992
9990
9983
9978
9983
9990
9987
9984
9978
9994
9970
9960
9974
9986
9998
9959
9983
9995
9993
9977
9971
9980
9991
9987
9985
9987
9992
9996
9978
9981
9974
9993
9992
9998
9993
9975
9970
9988
9993
9973
9994
9989
9969
9994
9992
9992
9988
9978
9982
9975
9984
9991
9978
9997
9977
9992
9978
9964
9970
9991
9992
9965
9995
9991
9988
9974
9988
9986
9998
9988
9985
9976
9988
9970
9983
9985
10000
9987
9993
9986
9982
9938
9987
9982
9974
9986
9995
9991
9973
9975
9976
9983
9993
9980
9986
9972
9993
9988
9988
9992
9987
9985
9987
9973
9991
9997
9987
9996
9963
9981
9993
9977
9987
9983
9993
9988
9984
9983
9973
9971
9974
9966
9986
9984
9993
9993
9989
9992
9980
9994
9977
9984
9987
9962
9969
9976
9987
9996
9973
9971
9991
9998
9970
9975
9993
9999
9970
9969
9977
9984
9986
9988
9996
9997
9980
9987
9951
9991
9997
9990
9991
9983
9995
9988
9991
9985
9987
9995
9990
9995
9985
9978
9982
9989
9981
9988
9973
9969
9997
9994
9988
9984
9982
9984
9983
9987
9953
9956
9994
9978
9987
9988
9995
9963
9978
9981
9986
9982
9992
9981
9976
9977
9997
9990
9978
9991
9984
9995
9996
9995
9998
9967
9989
9953
9988
9968
9980
9979
9995
9971
9981
9985
9986
9995
9970
9982
9955
9992
9990
9992
9987
9971
9984
9996
9983
9987
9982
9964
9991
9975
9988
9986
9987
9987
9989
9985
9950
9990
9988
9978
9975
9989
9989
9985
9971
9994
9995
9969
9985
9975
9975
9984
9974
9994
9982
9978
9965
9991
9971
9960
9986
9992
9991
9995
9989
9979
9987
9978
9975
9977
9986
9991
9964
9989
9991
9972
9989
9986
9973
9980
9984
9994
9961
9981
9992
9989
9975
9991
9981
9977
9975
9984
9995
9987
9966
9986
10000
9981
9980
9991
9985
9979
9989
9986
9995
9993
9991
9989
9980
9992
9998
10000
9985
9976
9987
9992
9990
9961
9986
9991
9981
9960
9986
9992
9993
9975
9993
9989
9989
9991
9975
9995
9993
9988
9982
9993
9990
9983
9992
9997
9997
9979
9986
9969
9984
9991
9993
9985
9981
9961
9984
9983
9989
9984
9997
9991
9993
9980
9997
9984
9981
9988
9998
9991
9988
9967
9954
9997
9973
9994
9995
9991
9984
9991
9982
9988
9981
9961
9992
9987
9991
9992
9981
9990
9978
9985
9994
9995
9989
9995
9974
9992
9968
9975
9992
9985
9984
9992
9997
9982
9976
9994
9980
9981
9982
9993
9994
9989
9994
9984
9982
9993
9989
9985
9988
9990
