9983
9994
9971
9996
9995
9985
9977
9987
9994
10000
9976
9950
9976
9987
9993
9997
9998
9996
9975
9972
9981
9988
9967
9996
9986
10000
9985
9985
9993
9994
9998
9979
9978
9997
9990
9970
9992
9956
9986
9999
9991
10000
9973
9972
9978
9994
10000
9984
10000
9953
9979
9978
9978
9974
9984
9993
9992
9994
9987
9973
9992
9982
9968
9966
10000
9985
9988
9983
9984
10000
9992
9989
10000
9969
9989
9985
10000
9984
9997
9977
10000
9989
9982
10000
9982
9982
9982
9985
9986
9989
9997
9985
9963
9994
9966
9991
9980
10000
9988
9974
10000
10000
9998
9990
9982
9978
9989
9994
9968
9975
10000
9995
9994
9986
9994
9991
9990
9976
9984
9965
9988
9993
9987
9985
9973
9985
9990
9991
9997
9974
9966
9979
9977
9984
9974
9993
9991
9993
9975
9980
9983
9978
9984
9976
9990
9994
9983
9987
9993
9996
9972
10000
9987
9964
9970
9983
10000
9973
9999
10000
9993
9972
9965
9980
9983
9990
9981
9976
9988
10000
9976
9974
10000
9987
9951
9995
9985
9984
10000
9975
9999
9990
9988
9988
9994
9991
9988
9995
9992
9994
9990
9993
9997
9995
9954
9978
10000
9992
9975
9978
9990
10000
9999
9988
9979
10000
9988
9999
9998
9995
9992
9960
10000
9987
9977
9991
9961
9978
9993
9996
9986
9997
9960
9983
9963
9974
9985
10000
9990
9981
10000
10000
9971
9968
9973
9978
9985
9970
9979
10000
9983
9998
9968
9990
9979
9998
10000
9996
9982
9997
9990
9986
9995
9969
9955
10000
10000
9987
9988
9988
9988
10000
9993
10000
9964
9977
9993
9993
9994
9979
9979
9994
10000
9984
9981
9989
9990
10000
9985
9999
9980
9995
10000
9988
9959
9981
9996
9987
9998
9987
9966
9979
9987
9995
10000
9991
9994
9993
9977
9980
9991
9983
9992
9971
9988
9971
9974
9992
9981
10000
10000
9992
9988
9984
9982
9976
9992
9993
9990
9991
10000
9999
10000
10000
9966
9985
10000
9986
9974
9979
9992
9984
9982
9987
9997
9990
9984
9988
9996
9971
10000
9985
9979
9990
9996
9985
9985
9973
10000
9997
9988
10000
9997
9984
9981
9985
9988
9985
10000
10000
9997
9985
9983
9980
9957
9999
9984
9999
9994
9975
9998
9970
9988
9955
10000
9994
9983
10000
9977
9981
10000
9979
9982
9986
9964
9986
9980
9991
9979
9995
9988
9994
9995
9991
9983
9994
9979
10000
9981
9988
9991
9963
9988
9979
9987
9973
9981
9992
9979
9987
9962
9979
9983
9986
9983
9984
9991
9980
9977
9963
9977
9985
9995
9996
10000
9985
9976
9988
9998
9997
9993
9977
9997
9987
9982
10000
9993
9986
9999
9981
9987
9988
9997
9997
9992
9983
9991
9989
9970
9980
9998
9999
9967
9988
10000
9999
9980
9982
10000
9987
9984
9974
9985
9993
9981
9996
9989
9979
10000
9978
9997
9970
10000
9978
9964
9978
9984
9974
9986
9984
9981
9976
9996
10000
9983
9988
9980
10000
9987
9992
9978
9987
9998
9992
9992
9977
9992
9987
9975
9993
9989
9977
10000
10000
9986
9989
9981
10000
10000
9980
9981
9990
10000
9990
9974
9986
9995
9987
9974
9997
9988
9969
9995
9994
9969
10000
10000
9983
9994
9995
9997
9998
9991
9993
9980
9975
10000
9999
9984
9984
9979
9987
9986
9970
9991
9975
9978
9977
9988
9987
9986
9995
9950
9983
9984
9989
9990
9983
9999
9987
9987
9984
9992
10000
9989
9990
10000
10000
9988
9996
9995
10000
9994
9976
9988
9996
9996
9991
9983
9997
10000
9991
9996
10000
9972
10000
9996
9969
9994
9998
9985
9984
9988
9995
9990
9980
9988
9976
10000
9970
10000
9998
9994
9980
9978
9987
9978
9982
10000
9986
9988
9999
10000
9990
9968
9990
9995
9984
9979
9990
9999
9991
9997
10000
9993
9973
9987
10000
10000
9981
9987
9990
10000
9995
9981
9997
9999
10000
9997
9977
9999
9983
9992
9996
9991
9997
10000
9996
9982
9995
9984
9973
9990
10000
9997
10000
9983
9994
9997
10000
9988
9992
9996
9977
9960
9989
9997
9986
9980
9974
9992
10000
9972
9980
9987
9986
9987
9979
9989
9997
9979
9983
10000
10000
9990
9994
9987
9989
9993
9999
9991
9984
9977
9990
10000
9976
9967
9988
9990
9992
9990
9989
9993
9996
9996
10000
9992
9995
9998
9994
9966
9985
9979
9977
9983
9984
9985
9984
9996
9989
9999
9975
9989
9981
10000
9973
10000
9977
9982
9983
9964
9953
9998
9982
9986
9987
10000
9996
10000
9988
9978
9984
10000
9971
9992
9984
9963
9996
9992
9996
9992
9983
10000
9988
9998
9973
9968
9994
9999
9995
9994
9991
9977
10000
10000
9987
9991
10000
9984
9984
9988
9987
9961
9997
10000
10000
9989
9964
9986
9981
9994
9990
9998
9996
9990
9989
9993
9990
10000
9987
9980
9992
10000
9972
9992
9986
10000
9952
9982
9983
10000
9990
9981
9993
9988
9966
9973
9973
9988
9979
9988
9978
9988
9981
10000
9987
9982
9992
9994
9983
9995
9970
9992
9995
9990
10000
9987
9984
10000
9965
9979
9993
9984
9992
9981
9992
9976
9979
9960
9974
9982
9995
10000
9985
10000
9975
9984
9986
9988
9975
9985
9987
9995
9983
9980
9994
9995
9983
9980
9980
9996
9975
9991
9990
9980
9980
9996
9979
9997
9973
9988
9973
9993
9990
9992
9993
10000
9974
10000
9979
9997
9996
9994
9982
9971
9985
9980
9981
9985
9968
9983
9970
9973
9984
9984
10000
9991
10000
9990
9996
9998
9977
9990
9975
9987
9988
9960
10000
9985
9986
9994
10000
9971
9993
9995
9986
9981
10000
9973
9992
9973
9971
9991
9979
9979
9989
9996
9990
9990
9998
9997
9974
9994
9974
9988
9992
10000
9982
9979
9991
9998
9988
9964
9983
9985
9992
9993
9973
9994
9973
9981
9974
9981
10000
9993
9960
10000
9994
9990
9983
9992
9988
9991
9991
9989
9985
9983
9994
9991
10000
9997
9989
9998
9983
9964
10000
9996
9996
10000
9976
9993
9978
9986
9985
10000
9992
9965
9995
9996
9977
9994
9979
9982
9998
9975
10000
9989
9989
9989
10000
