9975
9995
9986
9993
9999
9971
9984
9986
9983
9992
9986
9991
9970
9981
9976
9981
9964
9980
9965
9993
9966
9996
9988
9989
9993
9985
9983
9990
9989
9976
9997
9970
9991
9988
9995
9992
9980
9994
9988
10000
9999
9983
9977
9994
9967
9984
9993
9976
9994
9978
9987
9989
9988
9990
9991
9991
9977
9995
9992
9984
9978
9968
9979
9994
9986
9996
9992
9986
9993
9969
9970
9987
9976
9989
9994
9992
9989
9987
9962
9985
9989
9997
9979
9981
9976
9984
9986
9982
9969
9995
9974
9991
9994
9998
10000
9985
9995
9977
9976
9993
9986
9988
9979
9986
9988
9975
9980
9978
9970
9982
9967
9991
9995
9991
9980
9973
9984
10000
9992
9982
9999
9987
9986
9984
9987
9999
9988
9988
9990
9977
9979
9979
9974
9979
9996
9975
9985
9994
9986
9988
9987
9981
9990
9976
9994
9967
9989
9976
9973
9989
9993
9968
9978
9994
9974
9975
9995
9972
9986
9984
9967
9987
9978
9987
9976
9990
9986
9991
9969
9985
9998
9986
9978
9993
9972
9995
9988
9995
9993
9987
9987
9986
9986
9982
9985
9979
9984
9985
9982
9988
9993
9978
9992
9989
9986
9982
9997
9965
9965
9983
9985
9983
9991
9980
9980
9969
9992
9992
9966
9989
9982
9990
9969
9983
9989
9943
9980
9978
9991
9982
9982
9981
9994
9986
9994
9998
9994
9976
9980
9991
9987
9994
9984
9987
9982
9982
9977
9984
9989
9995
9982
9982
9971
9990
9985
9990
9979
9972
9971
9986
9972
9990
9997
9985
9964
9979
9977
9995
9988
9987
9973
9979
9977
9989
9976
9987
9984
9976
9963
9967
9986
9985
9986
9963
9994
9983
9992
9987
9979
9963
9994
9993
9984
9993
9991
9987
9971
9974
9984
9992
9977
9980
9978
9989
9993
9978
9995
9995
9977
9991
9995
9984
9986
9997
9992
9986
9992
9992
9986
9987
9964
9992
9983
9995
9967
9990
9977
9990
9988
9986
9992
9991
9976
9992
9992
9980
9986
9962
9985
9994
9975
9977
9995
9990
9994
9994
9982
9988
9996
9985
9975
9980
9987
9991
9971
9988
9998
9995
9991
9987
9972
9975
9983
9977
9973
9986
9983
9987
9993
9982
9995
9961
9981
9982
9974
9990
9998
9986
9999
9954
9995
9997
9984
9977
9973
9984
9976
9992
9982
9981
9979
9981
9989
9981
9977
9993
9991
9990
9982
9997
9990
9984
9961
10000
9980
9982
9980
9990
9977
9980
9987
9978
9968
9973
9990
9992
9990
9984
9996
9971
9989
9996
9958
9987
9985
9986
9989
9990
9988
9987
9992
9976
9977
9995
9969
9996
9981
9983
9986
9993
9980
9982
9997
9981
9993
9976
9983
9989
9997
9993
9990
9984
9984
9991
9974
9983
9963
9986
9986
9988
9985
9995
9985
9993
9993
9992
9988
9998
9999
9996
9987
9977
9995
9990
9987
9992
9992
9986
9967
9989
9994
9967
9975
9992
9972
9980
9995
9990
9991
9989
9996
9988
9985
9958
9999
9978
9990
9981
9989
9973
9984
9997
9983
9993
9985
9979
9986
9987
9993
9971
9981
9966
9978
9983
9992
9996
9983
9985
9991
9984
9978
9981
9987
9986
9988
9992
9994
9984
9972
9983
9961
9990
9997
9978
9973
9985
9992
9985
9987
9983
9981
9990
9972
9994
9990
9981
9971
9976
9996
9998
9967
9977
9979
9965
9976
9991
9985
9990
9972
9990
9978
9998
9990
9994
9994
9987
9988
9972
9952
9991
9995
9990
9988
9982
9986
9997
9980
9977
9987
9984
9991
9996
9990
9992
9990
9993
9990
9985
9970
9989
9993
9998
9987
9967
9984
9965
9973
9994
9988
9976
9975
9983
9981
9990
9979
9993
9993
9988
9983
9992
9972
9977
9986
9971
9974
9922
9989
9967
9980
9981
9991
9962
9969
9996
9994
9970
9983
9977
9976
9996
9995
9982
9986
9993
9980
9992
9990
9962
9991
9978
9994
9990
9996
9914
9989
9989
9989
9984
9992
9981
9994
9973
9993
9985
9984
9988
9979
9966
9974
9986
9989
9994
9946
9971
9967
9968
9984
9965
9999
9981
9994
9988
9984
9971
9984
9955
9988
9996
9961
9994
9990
9971
9965
9955
9973
9981
9970
9993
9998
9980
9992
9992
9973
9995
9989
9979
9992
9993
9991
9986
9990
9978
9990
9978
9972
9963
9982
9996
9990
9975
9984
9968
9994
9991
9985
9980
9976
9988
9975
9982
9951
9985
9986
9958
9986
9977
9986
9981
9992
9985
9981
9983
9990
9990
9989
9993
9968
9986
9984
9993
9969
9975
9983
9968
9982
9968
9992
9976
9993
9984
9985
9974
9990
9979
9983
9982
9988
9986
9978
9979
9992
9988
9993
9991
9985
9983
9993
9997
9993
9992
9985
9957
9990
9975
9986
9990
9981
9990
9993
9978
9957
9972
9976
9983
9984
9989
9995
9976
9982
9992
9946
9986
9978
9990
9968
9997
9976
9985
9997
9985
9990
9964
9983
9976
9993
9997
9985
9970
9996
9987
9994
9956
9991
9979
9988
9989
9985
9975
9995
9994
9989
9958
9963
9991
9982
9988
9992
9993
9966
9980
9985
9975
9968
9997
9990
9981
9993
9986
9999
9989
9983
9994
9992
9994
9998
9982
9988
9980
9989
9991
9995
9990
9983
9984
9999
9987
9983
9975
9961
9978
9987
9981
9984
9986
9970
9976
9984
9970
9999
9991
9978
9992
9985
9973
9993
9987
9988
9992
9998
9992
9967
9989
9982
9995
9982
9993
9986
9984
9992
9987
9998
9992
9990
9983
9992
9990
9981
9976
9993
9987
9986
9962
9978
9992
9986
9989
9971
9980
9967
9978
9980
9980
9988
9976
9984
9990
9996
9989
9979
9986
9983
9988
9975
9994
9994
9982
9992
9988
9980
9992
9989
9992
9978
10000
9977
9987
9989
9970
9981
9977
9997
9976
9970
9965
9994
9987
9992
9985
9972
9986
9984
9986
9989
9981
9990
9961
9982
9992
9989
9988
9991
9973
9988
9988
9985
9987
9968
9975
9993
9995
9979
9989
9980
9976
9970
9991
9986
9979
9994
9964
9986
9992
9968
9979
9978
9974
9989
9990
9992
9960
9975
9984
9981
9988
9982
9983
9982
9971
9988
9989
9996
9987
9974
9991
9969
9988
9963
9957
9993
9977
