9924
9901
9843
9838
9946
9959
9846
9890
9881
9882
9894
9830
9940
9987
9945
9961
9902
9931
9813
9960
9939
9848
9874
9935
9915
9917
9985
9896
9821
9925
9902
9896
9881
9905
9853
9955
9852
9894
9935
9912
9892
9619
9955
9919
9862
9949
9940
9977
9952
9868
9866
9919
9878
9939
9970
9937
9930
9886
9916
9912
9939
9842
9913
9949
9968
9892
9962
9894
9886
9914
9936
9743
9982
9952
9934
9871
9961
9848
9821
9959
9876
9942
9879
9892
9931
9910
9828
9947
9964
9947
9870
9974
9915
9910
9907
9903
9914
9827
9948
9969
9910
9961
9887
9963
9911
9954
9902
9958
9975
9759
9926
9937
9956
9959
9884
9929
9916
9924
9899
9668
9978
9946
9919
9954
9988
9964
9890
9895
9916
9929
9874
9966
9932
9980
9899
9896
9944
9910
9880
9945
9806
9835
9914
9889
9933
9791
9887
9891
9964
9827
9928
9894
9879
9880
9924
9978
9868
9891
9886
9926
9796
9825
9973
9961
9838
9948
9949
9936
9941
9949
9909
9853
9958
9749
9892
9970
9775
9811
9995
9961
9885
9901
9922
9973
9922
9869
9772
9943
9745
9837
9909
9911
9976
9652
9910
9930
9932
9868
9918
9772
9946
9949
9889
9963
9886
9930
9880
9889
9951
9913
9929
9858
9938
9841
9955
9898
9898
9912
9896
9941
9942
9834
9866
9899
9918
9911
9936
9923
9832
9908
9958
9930
9920
9984
9877
9861
9900
9724
9961
9917
9915
9883
9941
9886
9852
9835
9942
9906
9916
9851
9858
9897
9864
9893
9939
9925
9906
9880
9921
9857
9937
9957
9908
9896
9852
9817
9904
9991
9866
9970
9982
9905
9939
9966
9867
9976
9931
9934
9899
9933
9959
9856
9882
9935
9907
9880
9912
9944
9899
9999
9857
9899
9877
9917
9906
9810
9926
9984
9843
9836
9772
9853
9807
9863
9871
9917
9910
9937
9941
9707
9876
9940
9982
9863
9953
9836
9838
9960
9953
9957
9919
9870
9871
9856
9972
9888
9938
9959
9953
9843
9908
9922
9982
9939
9957
9958
9972
9894
9866
9960
9812
9916
9940
9956
9899
9823
9910
9871
9931
9930
9999
9869
9878
9876
9940
9946
9777
9796
9973
9884
9906
9888
9901
9917
9879
9832
9931
9928
9882
9913
9917
9892
9966
9906
9950
9980
9922
9921
9856
9893
9824
9929
9904
9883
9871
9924
9814
9910
9942
9842
9931
9817
9954
9844
9953
9891
9930
9858
9876
9987
9955
9920
9997
9893
9972
9915
9964
9844
9919
9955
9888
9972
9879
9703
9886
9856
9939
9888
9862
9902
9950
9875
9895
9911
9985
9940
9956
9917
9954
9900
9829
9885
9886
9891
9963
9914
9960
9973
9910
9902
9892
9891
9924
9952
9935
9907
9919
9890
9850
9918
10000
9867
9857
9792
9861
9918
9932
9925
9918
9938
9773
9931
9888
9911
9841
9881
9849
9887
9929
9844
9866
9781
9839
9985
9904
9799
9988
9933
9938
9885
9966
9901
9854
9908
9941
9922
9889
9850
9891
9947
9932
9851
9965
9977
9807
9893
9859
9994
9922
9849
9902
9921
9854
9932
9978
9892
9974
9930
9826
9887
9924
9951
9912
9805
9884
9827
9786
9964
9959
9942
9930
9900
9949
9850
10000
9900
9903
9906
9920
9887
9853
9916
9870
9864
9782
9832
9864
9842
9876
9905
9926
9942
9938
9946
9903
9799
9938
9952
9985
9887
9897
9918
9978
9824
9879
9964
9857
9970
9972
9965
9899
9917
9896
9879
9965
9891
9877
9869
9967
9902
9843
9998
9964
9906
9902
9897
9928
9927
9913
9929
9883
9887
9942
9913
9956
9941
9940
9860
9954
9930
9977
9944
9786
9974
9893
9894
9975
9937
9924
9852
9858
9882
9845
9956
10000
9931
9926
9922
9972
9941
9871
9898
9762
9770
9988
9883
9929
9922
9670
9893
9934
9889
9887
9904
9938
9935
9881
9972
9860
9867
9932
9885
9896
9911
9937
9910
9806
9906
9985
9996
9932
9994
9884
9862
9973
9958
9886
9887
9874
9814
9936
9923
9860
9903
9909
9901
9929
9919
9947
9845
9928
9917
9899
9973
9943
9885
9828
9903
9885
9781
9930
9895
9900
9954
9851
9959
9860
9956
9940
9877
9972
9952
9931
9889
9888
9939
9952
9920
9997
9910
9846
9826
9905
9880
9934
9899
9855
9845
9866
9967
9940
9930
9836
9918
9870
9953
9979
9909
9871
9930
9940
9918
9855
9949
9971
9911
9887
9872
9966
9836
9938
9879
9874
9929
9954
9936
9919
9795
9961
9988
9888
9852
9976
9922
9923
9921
9879
9980
9964
10000
9896
9948
9917
9880
9852
9855
9973
9880
9792
9842
9722
9942
9832
9982
9937
9868
9954
9954
9913
9872
9979
9876
9966
9798
9844
9863
9818
9763
9940
9902
9899
9923
9887
9889
9930
9936
9976
9866
9894
9982
9847
9888
9968
9888
9830
9904
9980
9928
9945
9877
9913
9967
9888
9790
9823
9893
9949
9935
9956
9923
9852
9902
9970
9875
9756
9828
9891
9897
9873
9820
9827
9925
9856
9907
9953
9851
9873
9959
9956
9774
9916
9727
9821
9961
9948
9957
9923
9914
9884
9868
9897
9907
9875
9931
9923
9864
9969
9869
9924
9838
9931
9971
9951
9889
9775
9881
9870
9843
9942
9963
9966
9884
9835
9907
9922
9946
9884
9877
9979
9781
9850
9845
9857
9905
9916
9907
9906
9805
9996
9919
9866
9970
9871
9899
9947
9900
9956
9869
9919
9945
9866
9923
9883
9879
9924
9934
9917
9907
9972
9934
9955
9900
9958
9830
9895
9918
9880
9940
9904
9937
9938
9871
9985
9809
9879
9954
9908
9889
9898
9929
9981
9969
9880
9874
9905
9975
9891
9903
9875
9933
9928
9863
9858
9938
9895
9769
9880
9837
9967
9967
9930
9884
9938
9986
9999
9918
9928
9941
9903
9929
9844
9891
9902
9959
9901
9896
9987
9738
9965
9860
9906
9894
9980
9841
9879
9902
9860
9920
9872
9953
9852
9862
9874
9900
9834
9872
9922
9661
9935
9899
9770
9942
9768
9963
9806
9882
9973
9924
9918
9925
9907
9865
9871
9858
9966
9928
9884
9766
9837
9959
9888
9963
9866
9977
9864
9995
9868
9868
9885
9827
