9857
9986
9960
9951
9818
9973
9953
10000
9873
9886
9990
10000
9917
9998
9974
9980
9955
9984
9992
9946
9912
9787
9982
9908
9879
9963
9936
9946
9972
9873
9823
9998
9937
9944
9988
9957
9941
9818
9940
9902
9917
9975
9937
9954
9920
9933
9919
9925
9858
9763
9971
9946
9881
9811
9947
9948
9871
9932
9913
9948
9998
9934
9897
9852
9896
9961
9815
9733
9957
9948
9995
9875
9951
9908
9913
9840
9968
9822
9913
9953
9883
9897
9904
9931
9913
9862
9949
9941
9833
9838
9943
9987
9926
9966
9902
9890
9918
9916
9976
9943
9941
9985
9874
9833
9985
9956
9928
9971
9940
9905
9940
9971
9957
9951
9908
9977
9898
9993
9930
9896
9964
9896
9988
9959
9865
9922
9980
9920
9980
9812
9945
9977
9856
9938
9966
9997
9875
9893
9967
9998
9913
9981
9997
9901
9930
9958
9988
9992
9833
9965
9964
9959
9922
9980
9969
9942
9817
9978
9942
9625
9972
9939
9775
9992
9875
9885
9910
9990
9923
9913
9964
9990
9885
9881
9962
9949
9963
9920
9869
9978
9920
9988
9918
9851
9918
9894
9973
9860
9987
9907
9978
9920
9989
9981
9970
9890
9957
9941
9938
9824
9983
10000
9898
9964
9968
9981
9964
9847
9916
9984
9981
9723
9975
9988
9849
9938
9854
9944
9908
9842
9973
9881
9961
9957
9883
9959
9935
9922
9933
9967
9937
9916
9985
9892
9862
9847
9933
9947
9971
9963
9942
9935
9863
9995
9951
9910
9929
9938
9775
9836
9820
9894
9993
9901
9915
9947
9904
9927
9910
9877
9956
9972
9945
9882
9954
9975
9976
9938
9884
9880
9908
9921
9860
9987
9990
9873
9949
9838
9974
9846
9705
9949
9787
9940
9865
9977
9983
9970
9950
9896
9990
9973
9987
10000
9837
9864
9966
9969
9886
9838
9877
9922
9860
9963
9989
9983
9833
9863
9899
9879
9897
9939
9952
9947
9855
9944
9852
9947
9943
9989
9976
9984
9891
9841
9959
9988
9949
9881
9922
9902
9903
9840
9817
9964
9919
9886
9853
9967
9961
9955
9980
9941
9950
9908
9847
9894
9840
9845
9900
9961
9941
9910
9926
9806
9857
9885
9937
9901
9912
9854
9903
9991
9920
9927
9949
9978
9939
9821
9953
9899
9884
9899
9986
9891
9852
9919
9877
9976
9881
9881
9904
9840
9890
9870
9929
9812
9892
9958
9982
9985
9906
9968
9936
9876
9854
9695
9922
9823
9843
9915
9735
9995
9867
9882
9923
9947
9826
9942
9960
9836
9853
9928
9941
9896
9935
9969
9839
9908
9725
9944
9978
9851
9976
9858
9986
9952
9925
9947
9974
9794
9969
9910
9881
9884
9915
9961
9947
9917
9906
9980
9977
9882
9955
9860
9988
9890
9992
9954
9799
9965
9923
9864
9976
9915
9844
9933
9933
9994
9904
9766
9842
9933
9923
9877
9864
9856
9926
9984
9950
9955
9945
9921
9848
9864
9896
9936
9878
9837
9948
9953
9916
9855
9894
9991
9978
9985
9931
9970
9881
9995
9908
9849
9997
9924
9903
9934
9888
9948
9923
9940
9871
9749
9974
9863
9982
9873
9769
9880
9997
9966
9973
9981
9964
9885
9999
9800
9846
9937
9894
9922
9973
9922
9893
9955
9976
9923
9978
9972
9965
9911
9945
9948
9939
9977
9964
9911
9888
9953
9806
9980
9963
9979
9919
9991
9953
9809
9842
9937
9889
9951
9930
9978
9996
9922
9939
9925
9887
9903
9888
9894
9796
9920
9994
9927
9843
9936
9968
9832
9829
9909
9896
9892
9997
9937
9933
9855
9919
9901
9846
9881
9940
9940
9807
9897
9895
9987
9998
9856
9974
9958
9996
9873
9903
9959
9950
9816
9831
9871
10000
9706
9922
9986
9846
9904
9903
9930
9839
9946
9903
9933
9965
9999
9944
9899
9930
9839
9887
9921
9819
9964
9923
9791
9998
9843
9945
9828
9982
9946
9831
9904
9859
9986
9955
9948
9951
9906
9964
9996
9773
9898
9877
9848
9841
9971
9953
9902
9854
9981
9941
9877
9996
9939
9728
9998
9974
9870
9951
9920
9956
9998
9804
9919
9887
9936
9992
9923
9873
9959
9884
9918
9916
9961
9994
9948
9939
9877
9954
9872
9901
9984
9994
9962
9916
9962
9855
9913
9912
9939
9999
9876
9945
9959
9844
9856
9956
9986
9867
9934
9867
9893
9870
9972
9914
9923
9929
9840
9929
9870
9899
9870
9912
9837
9955
9911
9904
9877
9934
9894
9991
9897
9922
9894
9987
9975
9978
9913
9990
9992
9991
9916
9861
9875
9906
9921
9868
9929
9938
9862
9887
9911
9910
9758
9926
9938
9918
9926
9974
9927
9946
9930
9973
9933
9985
9855
9831
9966
9927
9820
9954
9993
9903
9944
9987
9869
9909
9994
9958
9901
9835
9944
10000
9982
9841
9911
9987
9957
9893
9919
9970
9902
9712
9883
9962
9915
9912
9958
9890
9957
9969
9997
9938
9935
9838
9904
9972
9899
9877
9912
9926
9813
9973
9964
9883
9951
9946
9871
9946
9890
9883
9928
9959
9903
9957
9968
9951
9873
9911
9886
9979
9859
9914
9944
9935
9875
9894
9881
9997
9911
9942
9932
9960
9880
9976
9954
9912
9799
9942
9808
9991
9941
9988
9888
9913
9961
9961
9892
9918
9916
9998
9935
9911
9895
9937
9941
9692
9842
9969
9955
9957
9888
9868
9980
9964
9883
9898
9885
9953
9933
9924
9925
9937
9923
9921
9946
9860
9920
9880
9880
9879
9916
9992
9880
9930
9867
9903
9918
9925
9887
9985
9935
9932
9909
9785
9887
9996
9956
9876
9947
9841
9886
9944
9947
9916
9972
9957
9919
9986
9846
9925
9931
9872
9942
10000
9816
9962
9958
9927
9978
9910
9814
9848
9929
9962
9954
9900
9894
9911
9885
9873
9877
9935
9937
9945
9920
9890
10000
9819
9851
9873
9999
10000
9746
9836
9892
9906
9888
9954
9973
9981
9848
9944
9848
9873
9865
10000
9940
9905
9949
9904
9885
9871
9921
9923
9950
9906
9972
9932
9985
9970
9877
9867
9963
9861
9962
9927
9935
9875
10000
9916
9890
9869
9962
9977
9935
9917
9916
9945
9945
9819
9862
9832
9933
9907
9870
9989
9920
9898
9767
9948
9914
