9960
9936
9994
9843
9985
9962
9941
9790
9972
9837
9945
9990
9985
9918
9954
9824
9999
9943
9975
9911
9997
9938
9839
9942
9844
9940
9962
9992
9982
9977
9956
9991
9899
9988
9979
9963
9957
9994
9930
9854
9988
9885
9989
9995
9979
9977
9986
9962
9990
9904
9909
9857
9988
9882
9957
9975
9921
9872
9788
9967
9989
9906
9873
9875
9968
9991
9889
9967
9908
9998
9949
9962
9978
9982
9994
9936
9852
9939
9804
9983
9814
9946
9962
9996
9951
9934
9907
9908
9955
9910
9907
9982
9912
9996
9943
9975
9907
9977
9926
9952
9999
9869
9950
9935
9942
9926
9953
9974
9814
9909
9846
9954
9856
9988
9931
9886
9925
9905
9974
9866
9914
9992
9908
9905
9829
9853
9949
9952
9926
9998
9864
9940
9901
9869
9948
9949
9945
9981
9916
9948
9986
9859
9924
9942
9987
9961
9926
9996
9952
9904
9975
9887
9995
9930
9977
9959
9999
9999
9916
9949
9909
9982
9912
9970
9979
9952
9996
9858
9965
9810
9956
9997
9971
9948
9984
9912
9936
9957
9921
9873
9907
9861
9902
9902
9830
9942
9974
9900
9749
9966
9974
9957
9981
9929
9984
9874
9939
9926
9930
9992
9953
9918
9999
9930
9977
9916
10000
9974
9955
9947
9883
9998
9948
9976
9829
9874
9886
9902
9993
9907
9970
9999
9833
9964
9915
9980
9917
9947
9968
9835
9875
9923
9823
9967
9991
9974
9849
9889
9973
9901
9815
9923
9932
9998
9943
9993
9933
9921
9937
9939
9987
9985
9990
9954
9950
9846
9843
9996
9919
9998
9967
9909
9822
9998
9914
9980
9971
9895
9992
9933
9943
9960
9949
9927
9986
10000
9922
9957
9975
9946
9982
9876
9912
9885
9983
9948
9992
9887
9991
9977
9947
9990
9975
9951
9982
9985
9993
9992
9970
9841
9922
9941
9876
9940
9991
9960
9875
9953
9974
9899
9999
9954
9967
9976
9924
9997
9837
9885
9831
9951
9860
9957
9793
9975
9906
9806
9980
9921
10000
9998
9912
9933
9977
9938
9953
9944
9932
9912
9936
9982
10000
9962
9971
9920
9928
9999
9934
9943
9969
9939
9924
10000
9996
9887
9933
9992
9998
9851
9970
9999
9895
9937
9944
9983
9900
9963
9894
9938
9946
9931
9933
9908
9938
9969
9928
9834
9966
9984
9943
9986
9964
9987
9888
9962
9937
9913
9988
9989
9986
9810
9889
9965
9991
9889
9999
9971
9866
10000
9991
9905
9901
9950
9981
9996
9995
9966
9789
9963
9943
9908
9839
9949
9814
9993
9887
10000
9980
9992
9931
9922
9997
9967
9900
9996
9906
9943
9957
9923
9878
9791
9929
9991
9945
9895
9974
9792
9993
9992
9964
9985
9890
9832
9967
9976
9818
9989
9823
9995
9877
9959
9970
9917
9919
9917
9908
9895
9919
9947
9917
10000
9894
9910
9956
9998
9970
9978
9997
9921
9921
9877
9973
9880
9910
9979
9935
9953
9765
9888
9906
9878
9909
9910
9999
9961
9888
9901
9956
9921
9958
9978
9919
9931
9965
9976
10000
9987
9876
9909
9998
9983
9885
9974
9948
9935
9905
9946
9937
9948
9736
9992
9908
10000
9912
9965
9934
9969
9916
9990
9980
9960
9837
9999
9930
9997
9938
9941
9987
9932
9961
9815
9979
9939
10000
9891
9895
9922
9988
9909
9918
9916
9966
9967
9911
9904
9970
9989
9990
9846
9993
9927
9849
9977
9909
9904
9929
9873
9992
9958
9884
9828
9989
9961
9951
9964
9960
9985
9922
9992
9924
9964
9918
9865
9935
9955
10000
9959
9979
9975
9983
9991
10000
9955
9808
9997
9971
9965
9934
9991
9979
9980
9926
9879
9869
9966
9853
9847
9957
9949
9902
9912
9795
9957
9995
9992
9885
9944
9947
9964
9968
9929
9993
9970
9837
9908
9983
9970
9948
9971
9804
9930
9996
9991
9904
9985
9996
9930
9917
9983
9932
9994
10000
9848
9955
10000
9906
9998
9901
9990
9983
9970
9981
9931
9963
9930
9770
9995
9811
9980
9821
9931
9810
9905
9941
9890
9967
9931
9967
9927
9951
9860
9963
9985
9909
9947
9970
9980
9940
9931
9973
9984
9990
9921
9997
9837
9953
9952
9978
9975
9991
9853
9999
9958
9987
9996
9956
9979
9912
9941
9796
9773
9891
9882
9986
9919
9993
9985
9945
9988
9975
9999
9989
9990
9886
9944
9950
9811
9913
9911
9992
9875
9935
9933
9965
9977
9984
9881
9929
9940
9929
9878
9980
9920
9995
9964
9953
9949
9902
9935
9995
9964
9903
9912
9982
9873
9927
9890
9957
9875
9930
9931
9915
9951
9989
9941
9932
9937
9897
9948
9981
9925
9886
9939
9933
9908
9959
9933
9954
9963
9938
9982
9989
9960
9969
9988
9972
9997
9973
9876
9976
9837
9965
9975
9965
9970
9886
9993
9901
9908
9950
9980
9925
9994
9931
9996
9906
9925
9912
9963
9948
9986
9828
9916
9840
10000
9950
9992
9927
9992
9929
9922
9961
9986
9928
9887
9944
9941
9965
9965
9967
9824
9972
9889
9974
9986
9836
9997
9815
9950
9943
9945
9955
9857
9992
10000
9974
9985
9954
9998
9994
9877
9928
9966
9993
9917
9934
9995
9852
9984
9946
9978
9871
9956
9990
9962
9910
9863
9997
9984
9948
9960
9867
9840
9971
9940
9955
9977
9976
9908
10000
9994
9962
9863
9923
9860
9969
9965
9941
9934
9965
9970
9960
9953
9959
9995
9990
9964
9960
9980
9973
9999
9925
9958
9894
9887
9995
9895
9944
9866
9854
9959
9926
9884
9936
9997
9992
9993
9994
9939
9928
9997
9952
9873
9907
9987
9954
9996
9943
9943
9878
9904
9981
9878
9985
9970
9959
9925
9963
9972
9842
9971
9947
9981
9921
9979
9997
10000
9928
9935
9986
9942
9983
9965
9992
9997
9924
9976
9915
9992
9852
9884
9999
9985
9890
9867
10000
9945
9933
9847
9852
9968
9977
9919
9996
9992
9960
9914
9896
9851
9939
9915
9841
9969
9962
9899
9967
9950
9978
9988
9939
9990
9903
10000
9982
9991
9996
9939
9967
9984
9887
9997
9952
9832
9992
9890
9958
9977
9943
9934
9977
9960
9921
9978
9912
9996
9971
9955
9925
9934
9967
9950
