9955
9943
9959
9831
9969
9943
9997
9930
9973
9978
9974
9910
9938
9932
9941
9991
9942
9981
9992
9984
9980
9945
9938
9990
9999
10000
9955
9971
9919
9836
9998
9904
9985
9968
9996
9975
9994
9970
9995
9993
9981
9986
9978
9942
10000
9998
9934
9898
9999
9998
9998
9964
9998
9996
9922
9904
9927
9999
10000
9968
9925
9995
9956
9982
9973
9965
9928
9977
10000
9931
9906
9945
9943
9764
9965
9950
9942
9993
9983
9938
9998
9949
9998
9958
9968
9932
9977
9971
9978
9983
9949
9959
9982
9967
9984
9955
9977
9952
9902
9952
9909
9983
9948
9976
9946
9919
9852
9951
9994
9927
9899
9994
9959
9999
9961
9922
9965
9993
9953
9973
9959
9997
9924
9959
9992
9996
9954
9967
9989
9995
9954
9918
9985
9879
9991
9942
9969
9949
9781
9854
9940
9999
9981
9981
9995
9983
9916
9912
9946
9986
9923
9972
9989
9985
9968
9968
9872
9909
9999
9996
9997
9976
9945
9990
9991
10000
9939
9976
9998
9956
9986
9991
10000
9930
10000
9999
9959
9956
9942
10000
9975
10000
9929
9936
9979
9850
9898
9942
10000
10000
9990
9987
9972
9905
9874
9947
10000
9911
9990
9949
9969
9995
9963
9914
9981
9917
9975
9978
9993
9987
9981
9974
9999
9969
9792
9995
9973
9995
9953
9954
9891
9936
9929
9988
9930
9958
9992
9986
9999
9960
9841
9998
9985
9970
9947
9961
9940
9878
9992
9996
9985
9982
9937
9999
9977
9996
9993
9994
9873
9964
10000
9998
9922
9912
9900
9995
10000
9972
9998
9966
9987
9986
9904
9926
9929
9947
9970
9924
9918
9946
9939
9982
9891
9979
9985
9942
9994
9989
9977
9990
9967
9969
9988
9976
9954
9993
9966
9997
9952
9956
9996
9860
9989
9987
9904
9849
10000
9948
9943
10000
9799
9990
9992
9954
9954
9999
9997
9883
9986
9934
9944
9993
9919
9992
9978
9929
9981
9993
9980
9982
9944
10000
9990
9955
9962
9950
9904
9948
9994
9936
9927
9928
9981
9994
9956
9890
9928
9979
9869
10000
9962
9976
9950
9994
9952
9981
9752
9892
9891
9999
9974
9935
9963
9992
10000
9982
9987
9954
9974
9961
9999
9887
9894
9995
9915
9912
9996
9980
9947
10000
9974
9999
9927
9984
9888
9998
9999
9983
9995
9907
10000
9989
9958
9993
9960
9941
9853
9911
9991
9930
9983
9975
9999
9999
9984
9999
9997
9947
10000
9828
9978
9898
9990
9939
9874
9916
9962
9950
9994
9897
9991
9928
9995
9980
9944
9936
9939
9998
9997
9970
9992
9930
9998
9972
10000
9983
9989
9913
9991
9940
9970
9966
9974
9974
9973
9961
9929
9902
9853
9984
9938
9973
9995
9902
9992
9935
10000
10000
9966
9863
9976
9869
9940
9961
9998
9987
9965
9894
9885
9965
9935
9939
9988
9835
9986
9940
9971
9995
9999
9933
9970
9969
9970
9995
9889
9945
9923
9984
9969
9959
9813
9936
9984
9969
9975
9994
9934
9867
9975
9999
9946
9981
9940
9992
9908
9992
9985
9999
9981
9916
9992
9861
10000
9925
9980
9994
9932
9990
9952
9912
9944
9970
9973
9987
9970
9933
9917
9996
9924
9894
9931
9991
9934
9944
9931
9976
9984
9941
9996
9946
10000
9980
9996
9979
9835
9930
9914
9999
9989
9947
9929
9963
9983
9968
9919
9960
9966
9968
9989
9999
9895
9976
9970
9994
9971
9995
9991
9910
9896
9967
9963
9997
9950
10000
9973
9779
9998
9893
9991
9979
9917
9967
9998
9944
9973
9837
9999
9976
9970
9955
9960
9957
9926
9971
9984
9963
9922
9979
9954
9987
9945
9953
9951
9861
9903
9960
9940
9947
9907
9940
9981
9995
9996
9955
9937
9979
10000
9999
9983
9946
9998
9950
9967
9972
9957
9936
9996
9958
9940
9954
9967
9956
9948
9929
9997
9972
9988
9876
9996
9920
9968
9943
9955
9951
9788
9993
9998
9975
9941
9971
9984
9929
9977
9999
9950
9982
9945
9999
9993
9965
9943
9960
9984
9982
9973
9986
9989
9962
10000
9983
9976
9911
9988
9887
9967
9965
9994
9929
9980
9997
9967
9987
9963
9938
9992
9967
9912
9957
9906
9999
9982
9997
9908
9973
9913
9994
10000
9953
9977
9993
9889
9882
9966
9996
9980
9999
9999
9985
9968
9942
9991
9956
9912
9934
9986
9949
9997
9861
10000
9889
9998
9940
9975
9971
9936
9982
9993
9971
9961
9968
9974
9924
9985
9964
9959
9934
9963
9989
9855
9936
9983
9978
9998
9947
9981
9974
9987
9853
9996
9921
9946
9949
9999
9999
9990
9960
9950
9964
9976
9911
9932
9906
9939
9983
9957
9989
9996
9959
9881
9987
9968
9971
9985
9922
9881
9980
9995
9974
9902
9995
9992
9961
9965
9984
10000
9986
9924
9954
9977
9988
9954
9984
9978
9983
9996
9962
10000
9974
9993
9946
9880
9973
9985
9976
9967
9933
9960
9871
10000
9960
9987
10000
9939
9975
9981
9984
9912
9960
9938
9996
9940
9996
9924
9937
9913
9999
9996
9952
9943
9912
9924
9961
9975
9941
9915
9935
9871
9963
9788
9993
9945
9961
9967
9982
9962
9967
9984
9990
9862
9997
9968
9998
9997
9890
9942
9949
9986
9962
9941
9951
9966
9953
9918
9969
9997
10000
9999
10000
9922
9972
9995
9995
9968
9998
9992
9868
9997
9970
9944
9994
9938
9896
9943
9992
9832
9958
9964
9995
9960
9928
9878
9969
9986
9966
9949
9957
9914
9986
9943
9979
9944
9965
9947
9999
9937
9962
9998
9916
10000
9990
9976
9973
9920
9961
9999
9981
9958
9904
9980
9996
9985
9879
9985
9859
9919
9981
9947
9998
9953
9829
9924
9983
9921
9993
9966
9883
9976
9888
9915
9932
9950
9962
9994
9999
9994
9975
9991
9984
9968
9970
9997
9974
9974
9979
9972
9996
9983
9981
10000
9987
10000
9918
9882
9999
9932
9957
9925
9872
9918
9952
9948
9871
9999
9991
9949
9993
9997
9991
9993
9983
9962
9935
9992
9920
9980
9978
9992
9967
9990
9964
9997
9997
9947
9968
9992
9852
9975
9913
9970
9942
9952
10000
9973
9999
9970
9909
9986
9992
9998
9987
