9739
9971
9888
9952
9972
9876
9916
9969
9932
9951
9981
9829
9846
9941
9836
9862
9876
9938
9913
9926
9945
9786
9880
9914
9879
9883
9855
9917
9853
9888
9943
9998
9962
9895
9974
9908
9965
9899
9889
9927
9986
9971
9947
9922
9929
9921
9826
9986
9873
9837
9951
9908
9964
9970
9799
9976
9889
9983
9971
9916
9923
9925
9932
9973
9861
9894
9879
9917
9885
9758
9965
9989
9960
9958
9935
9906
9951
9935
9904
9941
9908
9878
9895
9906
9912
9875
9939
9978
9984
9860
9958
9909
9937
9892
9878
9875
9883
9964
9888
9936
9894
9939
9901
9925
9908
9918
9889
9983
9870
9972
9903
9983
9890
9903
9940
9966
9933
9911
9953
9937
9838
9936
9957
9953
9805
9950
9883
9929
9922
9856
9917
9971
9946
9997
9982
9908
9991
9907
9895
9932
9940
9943
9919
9853
9863
9878
9931
9868
9961
9945
9958
9934
9885
9844
9948
9889
9826
9852
9821
9916
9827
9826
10000
9941
9912
9881
9918
9792
9924
9904
9846
9957
9965
9890
9927
9976
9823
9825
9991
9904
9946
9848
9888
9916
9925
9871
9931
9973
9882
9947
9867
9907
9915
9999
9915
9808
9989
9954
9903
9997
9990
9939
9935
9969
9964
9846
9973
9806
9957
9902
9838
9821
9968
9901
9910
9906
9805
9895
9902
9969
9942
9950
9915
9852
9903
9917
9977
9954
9965
9753
9914
9900
9836
9923
9961
9872
9861
9882
9932
9973
9963
9856
9955
9879
9989
9835
9954
9904
9950
9899
9925
9915
9945
9951
9887
9968
9960
9955
9915
9990
10000
9911
9855
9918
9984
9923
9949
9887
9866
9812
9964
9853
9938
9976
9918
9904
9903
9928
9907
9841
9974
9932
9941
9860
9964
9777
9822
9989
9849
9910
9983
9950
9986
9894
9908
9819
9888
9947
9928
9936
9864
9954
9856
9903
9926
9878
9870
9898
9928
9854
9916
9914
9838
9977
9877
9893
9915
9928
9847
9991
9917
9954
9701
9921
9963
9937
9933
9957
9961
9876
9976
9827
9974
9957
9919
9895
9932
9936
9909
9966
9880
9906
9967
9883
9968
9965
9958
9818
9862
9848
9940
9879
9958
9998
9947
9923
9722
9985
9945
9868
9935
9835
9960
9909
9926
9670
9951
9905
9930
9828
9889
9927
9942
9994
9930
9913
9900
9916
9966
9887
9963
9930
9999
9860
9821
9975
9920
9916
9848
9881
9855
9870
9919
9913
9912
9919
9797
9958
9996
9952
9918
9903
9973
9880
9883
9957
9967
9910
9885
9919
9999
9934
9946
9994
9959
9817
9865
9889
9923
9871
9922
9992
9892
9863
9926
9944
9809
9756
9923
9943
9885
9944
9942
9918
9884
9892
9899
9969
9873
9803
9934
9923
9971
9918
9920
9926
9967
9915
9948
9968
9869
9995
9990
9876
9967
9702
9933
9975
9907
9905
9907
9869
9863
9924
9875
9902
9854
9909
9791
9922
9919
9990
9917
9880
9921
9920
9825
9794
9828
9872
9937
9973
9936
9944
9966
9807
9777
9875
9850
9902
9842
9844
9917
9934
9989
9748
9934
9930
9952
9894
9825
9831
9911
9936
9954
9842
9873
9810
9978
9949
10000
9998
9919
9856
9932
9995
9958
9848
9917
9858
9826
9851
9948
9910
9982
9808
9884
9976
9951
9929
9927
9976
9921
9765
9863
9896
9940
9976
9900
9907
9910
9929
9918
9864
9882
9861
9950
9902
9882
9744
9991
9959
9930
9824
9923
9872
9866
9938
9946
9968
9966
9915
9859
9861
9985
9967
9936
9903
9859
9906
9833
9880
9986
9973
9901
9931
9819
9908
9902
9924
9997
9828
9944
9965
9875
9927
9835
9816
9781
9930
9924
9816
9720
9907
9776
9831
9953
9859
9930
9901
9950
9829
9985
9955
9836
9965
9952
9988
9942
9973
9956
9928
9939
9754
9954
9926
9985
9926
9973
9795
9876
9893
9885
9898
9831
9793
9969
9990
9939
9853
9864
9950
9999
9926
9948
9885
9942
9865
9810
9882
9954
9908
9981
9913
9923
9945
9854
9952
9939
9919
9930
9909
9910
9837
9959
9732
9778
9930
9965
9890
9918
9847
9784
9872
9916
9859
9891
9978
9931
9930
9873
9953
9972
9835
9977
9874
9976
9912
9874
9922
9888
9833
9882
9889
9912
9884
9936
9978
9990
9892
9895
9943
9843
9980
9920
9964
9948
9962
9819
9917
9924
9872
9874
9784
9976
9930
9990
9866
9800
9931
9941
9885
9821
9913
9981
9955
9946
9924
9912
9994
9902
9954
9884
9893
9893
9888
9942
9956
9822
9916
9904
9917
9923
9865
9866
9821
9933
9971
9907
9887
9897
9851
9914
9854
9858
9939
9800
9857
9960
9932
9901
9890
9937
9918
9804
9896
9909
9999
9815
9938
9825
9893
9882
9918
9836
9872
9929
9959
9982
9935
9868
9947
9906
9991
9997
9952
9913
9976
9790
9924
9918
9982
9956
9994
9991
9855
9967
9977
9958
9707
9925
9884
9927
9831
9915
9938
9925
9877
9870
9898
9805
9920
9916
9840
9836
9899
9973
9919
9803
9868
9924
10000
9918
9859
9852
9893
9944
9927
9954
9813
9934
9918
9986
9913
9766
9897
9902
9913
9849
9924
9990
9980
9821
9901
9964
9880
9996
9917
9899
9749
9835
9953
9787
9669
9930
9982
9957
9844
9948
9936
9873
9932
9550
9931
9883
9793
9979
9786
9948
9899
9992
9946
9832
9880
9950
9955
9963
9941
9852
9919
9924
9950
9904
9994
9883
9862
9926
9826
9935
9925
9867
9920
9899
9885
9882
9946
9882
9886
9916
9955
9801
9946
9842
9895
9916
9864
9978
9868
9986
9995
9809
9937
9928
9922
9893
9974
9887
9858
9934
9867
9859
9858
9784
9995
9919
9895
9938
9927
9911
9913
9896
9928
9952
9907
9957
9944
9841
9984
9898
9933
9918
9922
9827
9913
9934
9866
9925
9861
9963
9934
9971
9896
9946
9924
9875
9881
9968
9894
9866
9849
9885
9941
9951
9816
9963
9929
9826
9930
9952
9911
9887
9840
9904
9913
9895
9956
9987
9876
9918
9885
9931
9916
9911
9974
9886
9875
9893
9896
9781
9839
9804
9929
9927
9992
9968
9930
9779
9949
9948
9934
9839
9945
9942
9905
9900
9934
9968
9950
9976
9889
