9978
9949
9896
9825
9808
9924
9878
9892
9842
9960
9901
9905
9809
9923
9815
9957
9931
9948
9898
9853
9937
9837
9876
9810
9882
9931
9911
9906
9910
9978
9905
9869
9889
9891
9983
9982
9903
9846
9871
9911
9927
9963
9859
9820
9982
9918
9970
9771
9789
9851
9960
9961
9898
9917
9959
9922
9810
9977
9943
9921
9955
9992
9841
9857
9954
9776
9950
9918
9895
9787
9953
9945
9910
9950
9973
9902
9912
9913
9945
9975
9941
9855
9982
9990
9983
9849
9823
9955
9939
9826
9825
9976
9948
9939
9983
9900
9835
9852
9945
9944
9913
9857
9866
9890
9845
9852
9836
9931
9845
9981
9793
9861
9920
9902
9860
9955
9928
9964
9894
9904
9870
9922
9993
9979
9898
9950
9818
9971
9814
9825
9916
9806
9985
9972
9903
9971
9871
9977
9950
9916
9902
9976
9923
9921
9901
9828
9898
9892
9973
9985
9970
9965
9955
9948
9944
9978
9929
9853
9904
9866
9896
9903
9920
9963
9903
9948
9921
9883
9925
9921
9907
9922
9935
9941
9939
9930
9905
9942
9932
9900
9959
9867
9931
9814
9938
9797
9809
9735
9872
9596
9931
9896
9979
9683
9915
9934
9711
9890
9949
9899
9880
9899
9986
9805
9907
9880
9872
9997
9814
9914
9985
9894
9814
9939
9967
9873
9851
9885
9960
9868
9874
9851
9885
9962
9949
9869
9891
9959
9922
9881
9861
9895
9946
9888
9891
9940
9853
9946
9990
9901
9968
9913
9933
9884
9923
9856
9949
9876
9904
9876
9919
9896
9830
9969
9730
9899
9880
9912
9965
9957
9940
9985
9806
9914
9937
9795
9975
9924
9890
9866
9935
9940
9912
9937
9876
9962
9908
9903
9997
9959
9995
9941
9837
9753
9914
9843
9918
9933
9918
9902
9892
9941
9932
9906
9973
9810
9925
9869
9933
9949
9909
9988
9883
9926
9948
9905
9914
9931
9967
9947
9988
9808
9800
9986
9874
9963
9923
9957
9933
9897
9962
9879
9815
9901
9861
9752
9960
9984
9832
9964
9935
9911
9922
9872
9883
9919
9843
9875
9960
9947
9794
9839
9949
9997
9910
9948
9934
9988
9886
9878
9868
9828
9958
9891
9999
9926
9816
9960
9926
9905
9848
9891
9905
9964
9856
9914
9976
9932
9915
9852
9943
9942
9979
9883
9976
9912
9949
9890
9976
9920
9907
9867
9941
9897
9830
9900
10000
9966
9865
9856
9931
9977
9942
9888
9826
9885
9881
9742
9954
9866
9953
9959
9995
9778
9852
9902
9671
9922
9939
9973
9975
9888
9796
9920
9960
9845
9905
9911
9985
9796
9931
9918
9841
9913
9903
9760
9949
9880
9915
9894
9970
9837
9894
9892
9954
9926
9953
9943
9922
9914
9719
9987
9737
9950
9918
9901
9961
9818
9955
9869
9773
9934
9783
9913
9800
9873
9936
9893
9903
9896
9967
9913
9936
9952
9748
9986
9864
9949
9964
9865
9970
9921
9960
9917
9875
9973
9921
9999
9918
9829
9923
9924
9817
9880
9954
9906
9927
9876
9803
9810
9836
9831
9847
9895
9876
9933
9939
9908
9894
9840
10000
9932
9913
9895
9920
9929
9951
9977
9932
9930
9891
9894
9888
9870
9847
9854
9908
9984
9969
9913
9819
9831
9924
9959
9741
9940
9888
9941
9882
9876
9809
9857
9895
9944
9763
9971
9777
9763
9878
9954
9901
9902
9870
9951
9874
9908
9946
9864
9849
9822
9859
9995
9941
9905
9924
9851
9923
9935
9848
9950
9877
9933
9978
9898
9910
9887
9835
9893
9933
9922
9965
9845
9982
9895
9864
9940
9946
9862
9887
9887
9816
9889
9955
9915
9936
9894
9973
9769
9851
9915
9960
9896
9891
9937
9929
9947
9992
9919
9987
9913
9867
9830
9924
9989
9909
9972
9948
9942
9879
9935
9845
9816
9785
9877
9966
9960
9986
9982
9906
9995
9905
9938
9923
9872
9801
9877
9946
9795
9962
9904
9910
9598
9870
9836
9948
9930
9975
9896
9891
9890
9933
9679
9870
9938
9972
9903
9835
9926
9791
9871
9719
9947
9989
9947
9869
9904
9952
9947
9945
9940
9893
9877
9967
9939
9920
9934
9951
9924
9891
9933
9924
9942
9938
9756
9883
9886
9958
9896
9867
9913
9852
9852
9889
9834
9811
9925
9932
9893
9939
9912
9961
9956
9854
9904
9923
9899
9945
9907
9949
9807
9980
9904
9901
9954
9919
9858
9903
9916
9882
9932
9875
9867
9826
9831
9977
9886
9836
9918
9823
9892
9894
9813
9928
9978
9867
9869
9994
9959
9945
9917
9942
9936
9876
9926
9890
9897
9952
9928
9907
9906
9897
9872
9935
9819
9874
9893
9945
9966
9841
9976
9756
9933
9929
9938
9900
9841
9956
9804
9953
9948
9814
9932
9803
10000
9782
9859
9862
9931
9945
9951
9962
9925
9918
9919
9895
9976
9807
9894
9906
9939
9803
9897
9938
9859
9948
9903
9995
9879
9953
9949
9923
9907
9893
9816
9828
9934
9886
9914
9916
9920
9990
9887
9806
9928
9940
9909
9961
9889
9938
9880
9935
10000
9956
9901
9881
9961
9919
9830
9833
9808
9922
9915
9780
9930
9871
9981
9957
9927
9873
9850
9963
9979
9910
9982
9924
9975
9944
9906
9916
9951
9925
9868
9818
9892
9910
9883
9923
9786
9916
9934
9836
9968
9974
9914
9944
9891
9959
9958
9939
9987
9889
9904
9910
9740
9958
9807
9813
9928
9907
9892
9906
9794
9890
9836
9950
9966
9955
9966
9783
9833
9952
9732
9970
9983
9861
9888
9926
9898
9764
9943
9889
9969
9785
9892
9951
9802
9747
9923
9903
9943
9867
9933
9958
9985
9862
9805
9943
9944
9800
9954
9950
9941
9932
9869
9881
9940
9912
9949
9958
9903
9854
9834
9956
9783
9897
9924
9891
9922
9993
9853
9865
9893
9922
9855
9894
9935
9995
9918
9906
9899
9866
9788
9849
9981
9942
9934
9971
9914
9823
9967
9944
9932
9891
9960
9967
9901
9841
9897
9790
9818
9891
9892
9822
9839
9837
9834
9917
9959
9906
9918
9914
9963
9954
9914
9954
9875
9786
9924
9913
9941
9954
9887
9980
9944
9876
9849
9758
9806
9935
9907
9927
9948
9995
9932
9905
9963
9847
9869
9919
9904
