9793
9847
9948
9791
9951
9961
9877
9865
9878
9863
9983
9792
9850
9845
9895
9954
9905
9902
9889
9938
9943
9817
9877
9939
9953
9981
9989
9855
9941
9898
9938
9906
9879
9971
9982
9942
9925
9862
9898
9930
9973
9952
9894
9934
9841
9852
9864
9892
9880
9971
9933
9971
9920
9837
9977
9897
9933
9870
9878
9946
9863
9838
9947
9873
9955
9955
9999
9953
9931
9939
9931
9902
9932
9987
9965
9927
9867
9851
9918
9950
9879
9824
9852
9824
9958
9927
9913
9905
9870
9862
9989
9945
9920
9940
9983
9977
9999
9967
9924
9840
9931
9970
9920
9959
9834
9830
9931
9882
9976
9905
9959
9873
9937
9928
9957
9949
9885
9911
9973
9874
9945
9942
9907
9930
9955
9901
9919
9918
9824
9914
9801
9867
9899
9927
9967
9954
9908
9885
9863
9928
9785
9813
10000
9899
9956
9940
9966
9960
9968
9954
9908
9935
9828
9922
9871
9950
9823
9753
9986
9909
9812
9880
9878
9848
9891
9909
9942
9849
9921
9988
9923
9857
9914
9924
9956
9869
9949
9935
9816
9922
9876
9938
9796
9887
9911
9946
9841
9927
9920
9965
9943
9985
9990
9887
9961
9908
9805
9925
9937
9857
9899
9923
9911
10000
9831
9915
9966
9959
9984
9955
9973
9964
9933
9889
9894
9916
9930
9913
9909
9906
9847
9890
9899
9935
9992
9849
9946
9983
9874
9926
9916
9947
9921
9942
9855
9972
9924
9945
9951
9862
9868
9988
9939
9811
9948
9952
9924
9897
9938
9885
9950
9884
9914
9908
9918
9935
9938
9983
9895
9970
9922
9896
9959
9825
9941
9866
9945
9859
9830
9963
9957
9983
9848
9908
9948
9902
9946
9932
9930
9950
9835
9814
9946
9824
9816
9919
9849
9876
9952
9924
9931
9910
9868
9957
9873
9895
9843
9914
9941
9892
9951
9974
9885
9916
9932
9953
9878
9924
9930
9911
9880
9828
9886
9995
9948
9935
9955
9958
9947
9979
9931
9879
9744
9983
9843
9936
9772
9897
9702
9826
9951
9980
9865
9954
9858
9903
9880
9925
9804
9895
9858
9947
9903
9838
9950
9903
9952
9939
9970
9834
9862
9949
9863
9897
9987
9935
9943
9919
9917
9992
9954
9853
9928
9908
9768
9896
9810
9834
9835
9879
9903
9939
9897
9964
9944
9961
9939
9966
9910
9859
9968
9955
9866
9771
9811
9946
9970
9940
9970
9789
9941
9852
9935
9912
9993
9878
9914
9857
9915
9933
9967
9930
9924
9896
9840
9859
9940
9908
9953
9954
9947
9940
9951
9885
9975
9871
9946
9926
9918
9919
9829
9852
9972
9849
9799
9949
9917
9984
9888
9856
9960
9870
9822
9738
9965
9969
9955
9894
9973
9891
9896
9796
9918
9944
9733
9889
9996
9907
9893
9943
9769
9950
9764
9855
9844
9884
9996
9912
9845
9894
9880
9846
9912
9920
9909
9948
9903
9954
9924
9917
9976
9940
9825
9967
9925
9826
9865
9808
9882
9940
9738
9893
9913
9927
9856
9900
9962
9818
9858
9964
9942
9924
9933
9906
9988
9855
9877
9951
9822
9890
9830
9930
9959
9801
9796
9878
9840
9904
9808
9920
9867
9882
9947
9999
9854
9903
9892
9974
9951
9962
9925
9901
9887
9712
9932
10000
9926
9931
9982
9867
9959
9984
9874
9890
9956
9886
9985
9940
9929
9657
9887
9795
9878
9838
9984
9862
9923
9948
9948
9768
9851
9951
9904
9946
9959
9935
9947
9929
9884
9876
9928
9952
9923
9916
9875
9858
9904
9982
9882
9944
9980
9912
9928
9686
9991
9990
9947
9829
9856
9958
9886
9974
9992
9939
9945
9863
9789
9822
9823
9885
9877
9902
9893
9847
9850
9851
9902
9901
9834
9947
9969
9863
9895
9935
9994
9827
9876
9994
9881
9952
9923
9917
9805
9828
9828
9961
9819
9999
9775
9857
9983
9908
9957
9841
9838
9841
9899
9978
9920
9955
9900
9971
9835
9895
9963
9839
9794
9951
9922
9971
9928
9907
9898
9882
9958
9923
9864
9756
9944
9842
9948
9949
9937
9950
9913
9854
9996
9830
9911
9885
9957
9912
9876
9901
9982
9927
9904
9933
9969
9956
9862
9915
9951
9891
9887
9924
9919
9878
9941
9850
9907
9941
9979
9950
9924
9899
9906
9877
9843
9934
9902
9910
9853
9876
9706
9948
9929
9912
9840
9921
9992
9924
9972
9964
9994
9959
9765
9893
9871
9881
9879
9916
9934
9860
9899
9916
9959
9929
9947
9853
9995
9939
9798
9998
9832
9836
9967
9885
9870
9850
9984
9902
9884
9987
9936
9982
9899
9937
9947
9891
9917
9900
9898
9914
9929
9972
9943
9931
10000
9873
9913
9930
9851
9956
9846
9795
9932
9955
9878
9951
9936
9813
9937
9941
9665
9922
9923
9955
9928
9942
9916
9949
9925
9842
9974
9958
9924
9929
9877
9959
9892
9903
9878
9948
9943
9910
9936
9902
9873
9914
9823
9935
9919
9832
9933
9967
9946
9916
9914
9914
9923
9876
9922
9862
9942
9866
9936
9938
9786
9933
9879
9932
9835
9908
9904
9885
9839
9929
9891
9766
9947
9841
9999
9916
9935
9910
9970
9939
9974
9946
9869
9937
9930
9928
9845
9919
9929
9945
10000
9936
9866
9906
9828
9906
9878
9875
9917
9900
9954
9894
9872
9939
9902
9915
9830
9894
9969
9929
9906
9851
9965
9910
9805
9939
9972
9834
9936
9933
9893
9871
9919
9874
9831
9727
9922
9941
9977
9911
9780
9929
9850
9939
9941
9929
9892
9939
9985
10000
9934
9951
9867
9838
9900
9891
9911
9953
9813
9899
9836
9945
9876
9906
9884
9867
9985
9992
9900
9925
9868
9997
9837
9950
9953
9927
9894
9781
9861
9914
9659
9905
9946
9848
9818
9904
9825
9935
9995
9914
9810
9904
9948
9889
9808
9862
9939
9885
9896
9969
9867
9897
9788
9895
9961
9872
9963
9914
9885
9853
9986
9851
9962
9993
9941
9978
9973
9880
9917
9923
9939
9672
9865
9947
9938
9986
9926
9918
9973
9868
9950
9840
9960
9889
9900
9914
9865
9939
9900
9967
9926
9844
9896
9894
9985
9927
9932
9946
9998
9995
9937
9940
9890
9887
9949
9886
9892
9802
9905
9809
9812
9877
