9868
9852
9919
9979
9770
9914
9908
9767
9965
9927
9820
9887
9893
9952
9827
9826
9820
9808
9988
9929
9942
9805
9936
9854
9932
9945
9824
9819
9837
9795
9989
9955
9918
9864
9901
9968
9875
9896
9996
9896
9980
9942
9934
9923
9882
9945
9726
9989
9841
9887
9886
9931
9954
9924
9768
9871
9987
9926
9898
9857
9919
9923
9925
9912
9971
9957
9963
9951
9868
9952
9924
9816
9951
9875
9877
9876
9870
9912
9895
9879
9961
9847
9931
9871
9790
9894
9831
9979
9874
9933
9804
9882
9971
9907
9916
9911
9863
9889
9886
9997
9942
9898
9821
9967
9902
9909
9958
9919
9786
9985
9945
9978
9811
9930
9950
9946
9966
9959
9879
9887
9889
9904
9896
9919
9862
9880
9776
9934
9751
9892
9947
9930
9871
9874
9899
9954
9903
9961
9959
9837
9945
9869
9935
9872
9964
9891
9787
9745
9958
9930
9953
9919
9971
9992
9930
9951
9922
9952
9951
9911
9964
9988
9876
9839
9839
9908
9888
9916
9856
9905
9971
9933
9970
9934
9918
9883
9914
9926
9813
9881
9915
9887
9929
9927
9945
9994
9925
9911
9904
9792
9853
9788
9999
9978
9984
9744
9854
9896
9845
9925
9964
9810
9911
9954
9919
9919
9869
9943
9952
9812
9899
9875
9966
9951
9950
9949
9942
9964
9931
9930
9880
9956
9947
9978
9932
9976
9877
9898
9957
9943
9943
9987
9953
9925
9863
9960
9967
9853
9911
9915
9809
9931
9787
9918
9957
9974
9917
9943
9916
9857
9806
9940
9838
9876
9914
9955
9882
9893
9902
9832
9890
9914
9931
9829
9956
9882
9886
9925
9944
9938
9736
9917
9907
9872
9856
9928
9943
9935
9864
9867
9914
9911
9870
9911
9899
9915
9997
9917
9962
9926
9918
9956
9815
9889
9959
9953
9902
9956
9908
9943
9941
9888
9861
9919
9942
9953
9972
9855
9824
9955
9941
9932
9945
9836
9945
9890
9935
9891
9990
9985
9940
9815
9934
10000
9867
9895
9913
9863
9924
9873
9853
9915
9849
9933
9924
9861
9906
9868
9951
9960
9907
9799
9947
9888
9941
9812
9913
9948
9926
9863
9862
9938
9860
9861
9955
9977
9962
9912
9952
9928
9779
9964
9971
9821
9874
9989
9746
9899
9893
9894
9864
9927
9749
9912
9894
9978
9913
9841
9845
9946
9976
9890
9886
9945
9881
9951
9922
9935
9990
9849
9933
9916
9942
9911
9934
9902
9919
9978
9875
9886
9888
9974
9878
9907
9949
9877
9883
9868
9793
9854
9927
9881
9809
9978
9922
9783
9918
9966
9856
9844
9998
9907
9878
9901
9900
9993
9961
9917
9949
9958
9911
9973
9854
9818
9826
9892
9952
9908
9866
9931
9872
9893
9934
9854
9644
9828
9930
9944
9910
9829
9895
9974
9909
9881
9670
9891
9955
9777
9909
9870
9762
9936
9927
9692
9958
9966
9908
9924
9950
9707
9985
9832
9911
9937
9930
9917
9744
9856
9975
9989
9861
9798
9930
9958
9836
9975
9854
9889
9827
9900
9979
9858
9953
9897
9865
9929
9867
9962
9883
9871
9902
9902
9979
9834
9928
9910
9870
9922
9836
9859
9857
9861
9991
9937
9891
9924
9940
9893
9874
9916
9949
9933
9857
9699
9911
9925
10000
9939
9888
9911
9923
9922
9970
9869
9983
9912
9906
9917
9969
9914
9943
9841
9958
9865
9909
9948
9863
9822
9896
9953
9952
9884
9986
9835
9930
9932
9928
9974
9875
9803
9966
9899
9925
9851
9844
9933
9921
9768
9890
9983
9863
9955
9930
9864
9884
9856
9793
9836
9954
9880
9967
9945
9923
9857
9991
9891
9926
9925
9973
9973
9948
9944
9930
9928
9980
9868
9912
9969
9948
9903
9929
9956
9861
9979
9905
9887
9861
9961
9931
9916
9954
9963
9968
9858
9946
9949
9935
9860
9946
9927
9836
9894
9926
9958
9954
9776
9960
9892
9846
9894
9934
9941
9914
9969
9832
9827
9921
9924
9929
9831
9974
9844
9885
9928
9944
9894
9953
9825
9924
9909
9854
9912
9879
9934
9976
9921
9980
9834
9938
9845
9958
9802
9750
9861
9993
9829
9986
9835
9962
9944
9831
9937
9879
9964
9920
9981
9891
9932
9876
9895
9896
9831
9875
9948
9898
9925
9860
9925
9964
9914
9808
9839
9747
9933
9935
9991
9838
9910
9868
9987
9780
9731
9777
9958
9977
9889
9933
9886
9876
9880
9870
9986
9921
9920
9772
9935
9855
9930
9791
9910
9930
9881
9929
9886
9881
9948
9984
9946
9931
10000
9955
9924
9937
9925
9842
9999
9993
9859
9824
9993
9942
9819
9867
9921
9987
9886
9889
9951
9926
9832
9910
9959
9953
9796
9902
9944
9886
9927
9879
9929
9961
9907
9928
9840
9847
9888
9848
9951
9975
9837
9930
9976
9893
9978
9865
9956
9705
9925
9868
9909
9957
9921
9851
9966
9945
9916
9969
9901
9948
9903
9850
9868
9909
9897
9905
9953
9972
9886
9885
9920
9935
9930
9892
9895
9788
9902
9876
9879
9899
9877
9917
9834
9928
9862
9862
9873
9951
9921
9913
9858
9874
9892
9868
9962
9829
9878
9894
9914
9932
9908
9951
9841
9920
9987
9992
9965
9849
9920
9963
9937
9873
9910
9925
9992
9896
9862
9877
9877
9905
9818
9922
9756
9939
9903
9914
9932
9923
9863
9916
9870
9975
9893
9850
9934
9896
9925
9955
9946
9947
9917
9931
9954
9950
9808
9910
9883
9899
9859
9951
9940
9935
9909
9876
9948
9879
9937
9932
9916
9852
9915
9926
9884
9878
9905
9906
9921
9868
9924
10000
9975
9889
9827
9811
9941
10000
9839
9934
9869
9920
9867
9897
9933
9851
9889
9892
9975
9896
9859
9855
9948
9858
9868
9956
9912
9947
9809
9973
9875
9960
9859
9898
9979
9950
9915
9966
9853
9946
9932
9915
9898
9899
9837
9910
9821
9862
9850
9972
9967
9821
9921
9798
9965
9932
9952
9883
9939
9846
9935
9925
9977
9952
9967
9838
9950
9951
9897
9888
9931
9848
9786
9938
9865
9975
9922
9979
9893
9870
9962
9940
9958
9858
9980
9798
9858
9831
9759
9985
9890
9911
9907
9992
9941
9879
9872
9824
9848
9953
9775
9872
9905
