9946
9938
9853
9944
9933
9946
9905
9933
9864
9911
9883
9829
9913
9933
9908
9928
9942
9962
9866
9980
9940
9871
9908
9920
9908
9959
9935
9894
9925
9974
9961
9853
9835
9861
9826
9860
9911
9919
9862
9888
9937
9936
9923
9837
9882
9959
9881
9749
9881
9846
9936
9869
9904
9915
9774
9877
9912
9771
9940
9945
9885
9886
9914
9827
9910
9925
9974
9881
9989
9973
9760
9890
9838
9923
9847
9900
9822
9824
9878
9803
9936
9876
9922
9889
9811
9807
9866
9825
9908
9883
9961
9977
9923
9930
9919
9711
9741
9974
9937
9949
9917
9847
9979
9896
9905
9910
9931
9962
9884
9995
9997
9946
9965
9844
9901
9931
9813
9921
9919
9913
9764
9942
9831
9914
9883
9987
9894
9947
9868
9799
9950
9897
9895
9870
9955
9852
9905
9878
9905
9910
9792
9955
9761
9875
9880
9887
9959
9853
9816
9954
9958
9912
9896
9968
9955
9883
9978
9800
9858
9983
9943
9897
9857
9861
9917
9995
9915
9946
9862
9824
9894
9906
9887
9872
9929
9868
9826
9922
9940
9912
9897
9894
9930
9882
9949
9892
9860
9990
9957
9905
9864
9933
9958
9876
9897
9820
9957
9984
9811
9923
9937
9894
9857
9857
9919
9812
9925
9923
9896
9941
9852
9962
9843
9924
9862
9920
9900
9806
9991
9902
9907
9939
9880
9833
9958
9858
9908
9901
9968
9972
9964
9870
9873
9959
9877
9914
9914
9787
9993
9873
9946
9905
9922
9991
9923
9873
9955
9574
9959
9925
9941
9875
9895
9781
9811
9911
9793
9931
9881
9881
9923
9951
9923
9874
9917
9855
9983
9917
9911
9882
9985
9879
9980
9962
9912
9869
9975
9897
9883
9888
9906
9882
9927
9925
9903
9916
9962
9903
9954
9853
9866
9924
9827
9934
9901
9876
9875
9929
9857
9955
9889
9900
9881
9967
9912
9881
9895
9994
10000
9934
9933
9879
9928
9838
9875
10000
9962
9949
9943
9872
9906
9978
9865
9941
9991
9919
9880
9975
9920
9792
9876
9894
9921
9959
9816
9834
9930
9924
9886
9799
9882
9973
9930
9894
9879
9965
9984
9922
9941
9825
9876
9919
9899
9895
9961
9938
9897
9952
9931
9950
9925
9999
9955
9923
9881
9940
9913
9989
9940
9940
9935
9804
9915
9790
9914
9912
9900
9887
9932
9896
9987
9917
9907
9940
9953
9718
9980
9906
9995
9883
9959
9908
9909
9857
9927
9891
9894
9943
9901
9923
9934
9963
9943
9868
9891
9973
9871
9948
9873
9978
9914
9884
9934
9909
9916
9915
9899
9974
9939
9824
9888
9902
9946
9875
9908
9865
9940
9824
9977
9930
9875
9920
9849
9968
9872
9953
9976
9912
9931
9953
9875
9888
9744
9814
9831
9830
9986
9969
9776
9967
9839
9980
9835
9873
9918
9894
9930
9936
9835
9885
9820
9710
9913
9990
9860
9876
9794
9933
9917
9846
9965
9887
9949
9960
9944
9973
9928
9793
9933
9948
9989
9921
9981
9957
9968
9825
9922
9918
9982
9925
9850
9971
9863
9986
9965
9891
9912
9937
9926
9925
9932
9953
9970
9842
9815
9904
9900
9889
9942
9947
9850
9912
9875
9836
9915
9787
9780
9991
9874
9931
9968
9926
9930
9947
9999
9922
9783
9957
9966
9910
9893
9921
9879
9918
9812
9889
9948
9849
9863
9930
9914
9962
9861
9782
9907
9832
9936
9930
9901
9810
9781
9777
9924
9933
9900
9855
9903
9887
9868
9953
9979
9961
9878
9846
9903
9882
9930
9878
9987
9918
9948
9912
9945
9921
9831
9807
9994
9860
9957
9821
9915
9924
9868
9956
9936
9950
9841
9853
9906
9970
9980
9772
9951
9933
9953
9849
9954
9880
9954
9890
9941
9968
9944
9955
9991
9954
9906
9938
9880
9935
9927
9887
9915
9913
9872
9895
9770
9926
9854
9890
9911
9963
9922
9973
9939
9845
9820
9900
9928
9847
9985
9888
9905
9920
9919
9969
9948
9896
9874
9795
9891
9922
9931
9871
9899
9979
9889
9972
9851
9962
9879
9949
9893
9935
9921
9958
9953
9910
9824
9828
9895
9819
9702
9810
9897
9992
9898
9940
9842
9816
9849
9894
9962
9908
9996
9903
9881
9920
9876
9945
9806
9976
9910
9965
9869
9855
9903
9927
9960
9859
9675
9916
9889
9971
9910
9992
9821
9960
9902
9910
9944
9879
9917
9939
9921
9965
9897
9807
9928
9791
9903
9877
9955
9915
9845
9864
9951
9937
9912
9920
9897
9888
9860
9892
9850
9948
9971
9893
9991
9956
9934
9994
9893
9869
9837
9828
9888
9926
9918
9839
9815
9957
9996
9988
9972
9966
9843
9897
9833
9929
9909
9960
9789
9915
9922
9859
9968
9854
9943
9880
9876
9913
9894
9877
9947
9986
9949
9874
9668
9882
9951
9946
9913
9953
9884
9851
9864
9981
9840
9902
9954
9941
9885
9778
9902
9785
9890
9880
9855
9918
9858
9810
9893
9946
9779
9886
9923
9994
9950
9973
9944
9864
9654
9914
9873
9916
9966
9925
9935
9867
9869
9874
9920
9918
9918
9919
9973
9859
9933
9924
9948
9949
9915
9884
9919
9942
9866
9958
9959
9944
9977
9947
9868
9937
9890
9875
9887
9879
9725
9875
9833
9774
9846
9962
9990
9853
9906
9946
9972
9913
9921
9934
9790
9867
9834
9859
9862
9887
9944
9935
9813
9897
9961
9872
9897
9944
9824
9925
9866
9899
9823
9876
9949
9911
9936
9902
9959
9959
9914
9870
9898
9906
9883
9971
9966
9896
9968
9957
9903
9938
9978
9979
9911
9985
9912
9929
9891
9860
9880
9833
9853
9942
9824
9946
9812
9831
9780
9896
9939
9908
9949
9846
9954
9846
9997
9919
9924
9856
9950
9899
9914
9965
9921
9864
9978
9920
9919
9913
9922
9834
9995
9904
9931
9940
9854
9969
9880
9990
9966
9881
9957
9907
9883
9911
9894
9895
9946
9783
9853
9825
9900
9910
9831
9933
9918
9945
9887
9973
9832
9935
9889
9891
9910
9909
9887
9844
9841
9941
9920
9834
9878
9965
9924
9951
9936
10000
9931
9956
9916
9834
9904
9872
9898
9980
9902
9955
9992
9856
9937
9853
9875
9803
9940
9770
9807
9911
9792
9844
9908
9895
