9894
9939
9867
9861
9918
9959
9886
9929
9968
9891
9890
9882
9876
9853
9932
9989
9870
9916
9958
9962
9874
9896
9896
9946
9988
9953
9846
9915
9951
9954
9881
9947
9952
9957
10000
9876
9717
9932
9932
9910
9952
9949
9922
9956
9899
9955
9828
9796
9859
9898
9952
9861
9915
9947
9971
9959
9999
9684
9881
9829
9925
9894
9943
9845
9966
9991
9887
9975
9978
9897
9925
9908
9931
9813
9875
9971
9768
9948
9870
9733
9869
9906
9737
9951
9925
9959
9832
9928
9988
9831
9927
9963
9911
9954
9907
9960
9919
9899
9826
9787
9782
9931
9850
9858
9925
9949
9933
9953
9901
9938
9857
9920
9913
9885
9959
9906
9948
9915
9904
9968
9848
9878
9925
9825
9961
9936
9873
9973
9889
9955
9801
9986
9948
9853
9923
9956
9939
9799
9964
9864
9917
9936
9996
9836
9955
9873
9964
9969
9813
9908
9998
9880
9918
9946
9971
9885
9957
9821
9830
9966
9828
9894
9972
9893
9911
9919
9966
9928
9955
9858
9990
9906
9836
9973
9854
9970
9889
9930
9975
9928
9889
9949
9928
9865
9934
9851
9958
9779
9964
9835
9971
9853
9973
9862
9950
9972
9956
9881
9964
9797
9966
9977
9890
9965
9954
9926
9990
9866
9852
9929
9850
9879
9924
9961
9932
9959
9892
9941
9929
9917
9877
9990
9906
9840
9979
9918
9927
9881
9776
9950
9953
9896
9950
9851
9970
9848
9908
9874
9875
9914
9919
9912
9934
9982
9924
9950
9815
9983
9965
9952
9945
9902
9907
9915
9920
9666
9887
9855
9869
9835
9777
9852
9985
9846
9933
9872
9875
9813
9837
9911
9821
9949
9920
9867
9950
9931
9876
9907
9910
9958
9822
9866
9985
9899
9873
9845
9975
9913
9854
9882
9923
9964
9855
9827
9894
9945
9903
9810
9863
9897
9898
9993
9970
9903
9912
9938
9895
9882
9924
9833
9936
9886
9948
9829
9911
9916
9852
9978
9700
9740
9912
9961
9866
9996
9997
9984
9916
9947
9805
9971
9952
9944
9935
9939
9826
9936
9960
9760
9917
10000
9827
9947
9877
9935
9939
9940
9961
9918
9980
9937
9916
9967
9920
9870
9930
9955
9936
9909
9949
9952
9885
9885
9926
9865
9941
9874
9908
9853
9982
9808
9976
9901
9858
9813
9868
9927
9949
9842
9921
9976
9881
9910
9935
9912
9884
9933
9928
9800
9666
9911
9998
9822
9919
9956
9967
9838
9945
9932
9825
9960
9965
9939
9975
9944
9881
9915
9930
9986
9817
9834
9943
9893
9910
9918
9917
9929
9885
9903
9958
9954
9969
9870
9933
9947
9866
9855
9906
9939
9928
9950
9960
9917
9747
9997
9871
9879
9980
9885
9635
9939
9874
9866
9887
9983
9837
9817
9954
9858
9914
9883
9928
9887
9899
9925
9834
9913
9905
9982
9937
9898
9980
9869
9946
9985
9929
9893
9927
9917
9994
9936
9954
9963
9890
9948
9993
9968
9915
9947
9969
9982
9947
9930
9932
9958
9875
9912
9942
9929
9944
9809
9914
9967
9971
9898
9954
9908
9736
9713
9980
9922
9871
9942
9878
9919
9875
9937
9844
9836
9992
9943
9693
9944
9871
9958
9940
9869
9856
9894
9923
9868
9905
9877
9952
9890
9906
9974
9892
9949
9905
9840
9915
9917
9958
9925
9875
9878
9929
9933
9856
9910
9898
9923
9891
9893
9903
9887
9939
9901
9890
9790
9809
9914
9957
9997
9982
9953
9761
9867
9899
9844
9909
9871
9889
9878
9933
9870
9825
9915
9847
9877
9956
9951
9892
9964
9878
9967
9876
9889
9771
9946
9914
9897
9928
9863
9986
9869
9876
9929
9960
10000
9925
9963
9912
9907
9898
9942
9923
9911
9886
9788
9929
9960
9961
9915
9912
9896
9964
9900
9952
9966
9915
9913
9893
9841
9958
9894
9856
9913
9924
9959
9876
9932
9925
9866
9864
9821
9959
9695
9925
9901
9939
9847
9858
9879
9987
9901
9952
9873
9878
9892
9883
9917
9982
9854
9884
9880
9967
9920
9901
9765
9928
9891
9980
9855
9883
9958
9871
9963
9897
9968
9954
9918
9859
9724
9871
9984
9910
9812
9957
9913
9965
9958
9903
9988
9922
9866
9939
9921
9880
9837
9682
9890
9893
9914
9943
9925
9939
9852
9886
9941
9907
9910
9875
9919
10000
9963
9936
9933
9868
9932
9974
9917
9864
9865
9955
9948
9891
9935
9998
9932
9907
9752
9922
9972
9931
9940
9896
9912
9917
9916
9872
9877
9930
9871
9893
9909
9849
9953
9935
9915
9950
9949
9857
9912
9928
9957
9794
9898
9909
9796
9839
9878
9872
9955
9935
9881
9962
9926
9867
9820
9923
9976
9882
9958
9933
9916
9914
9967
9913
9937
9912
9827
9858
9842
9920
9899
9942
9990
9898
9938
9913
9947
9809
9893
9915
9872
9928
9979
9932
9883
9867
9952
9837
9839
9918
9993
9923
9878
9883
9648
9901
9868
9933
9847
9949
9986
9868
9854
9732
9910
9926
9965
9951
9957
9856
9912
9922
9862
9902
9962
9946
9935
9831
9950
9961
9981
9861
9870
9945
9826
9844
9970
9992
9920
9927
9959
9911
9928
9909
9888
9960
9876
9881
9937
9935
9887
9902
9866
9905
9949
9810
9919
9959
9919
9907
9935
9812
9956
9925
9945
9925
9897
9910
9889
9979
9890
9963
9963
9969
9820
9903
9896
9926
9866
9959
9937
9921
9859
9863
9930
9888
9900
9968
9947
9976
9924
9940
9920
9874
9955
9974
9859
9873
9904
9834
9918
9861
9946
9938
9902
9839
9789
9866
9856
9822
9926
9946
9914
9859
9830
9909
9880
9930
9880
9860
9927
9899
9906
9831
9960
9941
9968
9960
9937
9938
9937
9863
9907
9941
9926
9862
9788
9860
9912
9803
9848
9899
9920
9903
9841
9949
9927
9909
9941
9823
9898
9962
9805
9932
9875
9849
9894
9884
9938
9898
9869
9845
9914
9875
9914
9937
9929
9898
9911
9824
9992
9966
9942
9827
9852
9818
9800
9939
9904
9869
9877
9943
9953
9904
9929
9959
9955
9967
9963
9994
9962
9935
9952
9979
9963
9925
9996
9973
9939
9928
9887
9844
9979
9838
9934
9907
9888
9908
9915
9953
9919
9884
9890
9877
9898
