9937
9946
9942
9856
9959
9940
9950
9847
9990
9933
9878
9714
9968
9917
9897
9952
9895
9914
9942
9928
9976
9875
9907
9835
9965
9899
9856
9935
9899
9921
9900
9937
9906
9823
9962
9795
9917
9831
9788
9990
9871
9988
9828
9963
9824
9899
9895
9929
9977
9936
9874
9940
9768
9931
9899
9989
9867
9873
9956
9934
9954
9869
9867
9974
9975
9904
9988
9878
9819
9927
9985
9968
9990
9918
9910
9824
9761
9887
9888
9914
9954
9717
9886
9950
9948
9880
9798
9905
9838
9938
9899
9861
9935
9985
9892
9926
9795
9937
9804
9899
9942
9940
9828
9896
9939
9923
9932
9969
9904
9898
9903
9872
9863
9781
9872
9862
9946
9951
9804
9938
9909
9951
9809
9934
9971
9900
9922
9805
9906
9758
9924
9867
9862
9948
9829
9890
9915
9872
9913
9882
9834
9952
9868
9966
9865
9943
9881
9868
9924
9937
9861
9851
9865
9924
9874
9960
9905
9890
9991
9906
9920
9992
9904
9882
9796
9944
9874
9903
9934
9955
9831
9861
9936
9818
9886
9783
9696
9954
9932
9981
9879
9835
9896
9932
9787
9892
9856
9866
9782
9982
9889
9856
9894
9855
9988
9879
9853
9917
9932
9951
9858
9977
9900
9780
9931
9894
9926
9877
9945
9794
9881
9904
9933
9941
9855
9878
9878
9941
9930
9965
9921
9937
9984
9926
9945
9882
9844
9863
9816
9989
9889
9931
9864
9819
9929
9922
9882
9931
9888
9939
9863
9822
9894
9826
9903
9999
9886
9883
9944
9965
9943
9880
9939
9954
9903
9857
9874
9878
9838
9862
9923
9931
9963
9979
9936
9986
9964
9874
9915
9962
9910
9942
9858
9915
9859
9888
9900
9882
9882
9979
9914
9883
9938
9880
9857
9937
9883
9887
9761
9952
9851
9870
9918
9977
9944
9884
9841
9855
9833
9966
9644
9862
9983
9963
9864
9839
9751
9811
9900
9791
9821
9892
9970
9791
9862
9851
9870
9849
9802
9977
9897
9948
9953
9891
9891
9902
9822
9938
9989
9853
9924
9833
9986
9776
9964
9807
9940
9995
9875
9912
9847
9913
9947
9825
9874
9842
9996
9937
9993
9895
9933
9821
9914
9922
9933
9813
9922
9908
9990
9743
9961
9948
9947
9923
9847
10000
9986
9958
9897
9949
9949
9825
9966
9806
9927
9906
9936
9821
9964
9930
9883
9816
9926
9897
9954
9927
9917
9928
9835
9986
9843
9894
9964
9963
9871
9817
9971
9920
9876
9972
9943
9903
9875
9961
9952
9853
9816
9904
9967
9915
9909
9955
9874
9864
9966
9987
9989
9946
9915
9885
9858
9822
9937
9866
9891
9876
9857
9872
9944
9958
9907
9821
9935
9914
9959
9983
9950
9933
9909
9949
9812
9932
9889
9928
9904
9973
9946
9920
9865
9940
9900
9939
9840
9959
9931
9836
9905
9914
9898
9857
9827
9927
9834
9901
9792
9939
9910
9914
9889
9923
9804
9869
9931
9832
9954
9826
9914
9849
9976
9960
9847
9927
9912
9816
9905
9934
9819
9946
9971
9827
9868
9846
9924
9875
9917
9835
9870
9866
9905
9858
9885
9949
9977
9970
9922
9872
9938
9819
9913
9922
9880
9890
9860
9990
9959
9931
9926
9938
9908
9881
9927
9910
9920
9973
9819
9963
9863
9927
9895
9916
9927
9972
9813
9987
9907
9909
9866
9883
9904
9957
9900
9822
9900
9854
9802
9891
9717
9943
9816
9945
9909
9951
9967
9910
9917
9933
9874
9846
9954
9949
9880
9960
9910
9852
9857
9862
9935
9999
9955
9900
9912
9890
9817
9907
9927
9957
9937
9930
9868
9943
9930
9929
9981
9957
9812
9868
9994
9969
9729
9932
9988
9896
9941
9868
9921
9975
9945
9912
9966
9980
9902
9947
9867
9885
9947
9906
9914
9889
9926
9878
9966
9932
9859
9868
9901
9943
9794
9914
9802
9932
9920
9922
9971
9861
9859
9938
9931
9815
9934
9841
9966
9859
9945
9927
9924
9950
9896
9869
9912
9943
9821
9936
9913
9895
9897
9967
9996
9889
9836
9908
9915
9968
9975
9759
9872
9827
9888
9872
9930
9925
9821
9925
9992
9952
9967
9928
9898
9922
9915
9926
9948
9924
9873
9912
9840
9949
9893
9911
9916
9950
9822
9905
9847
9912
9841
9917
9901
9790
9927
9955
9933
9857
9940
9853
9972
9974
9974
9869
9894
9929
9914
9796
9851
9896
9869
9947
9946
9877
9902
9938
9845
9950
9976
9870
9845
9819
9845
9958
9963
9886
9903
9848
9951
9944
9904
9824
9955
9941
9898
9840
9844
9938
9912
9878
9951
9932
9843
9730
9978
9996
9942
9916
9960
9970
9859
9926
9827
9990
9900
9891
9916
9977
9925
9883
9750
9911
9926
9732
9907
9759
9931
9849
9992
9875
9915
9907
9888
9905
9885
9916
9914
9925
9916
9945
9633
9841
9821
9887
9904
9916
9967
9966
9888
9909
9973
9893
9936
9966
9921
9895
9942
9927
9975
9934
9867
9933
9891
9989
9925
9890
9759
9972
9965
9879
9858
9918
9879
9918
9867
9931
9999
9965
9712
9945
9756
9921
9873
9916
9902
9938
9926
9855
9949
9849
9989
9981
9972
9937
9939
9877
9917
9972
9896
9834
9871
9931
9934
9850
9876
9842
9962
9937
9902
9851
9897
9848
9947
9841
9936
9881
9891
9937
9936
9964
9930
9886
9951
9868
9911
9880
9888
9986
9835
9987
9901
9900
9940
9938
9951
9985
9895
9963
9992
9889
9850
9841
9967
9904
9787
9993
9905
9913
9937
9941
9917
9889
9859
9975
9916
9854
9750
9924
9783
9888
9935
9931
9870
9912
9907
9942
9935
9912
9866
9988
9952
9861
9884
9867
9874
9819
9875
9939
9842
9885
9903
9897
9933
9977
9894
9820
9963
9950
9821
9806
9920
9934
9827
9989
9928
9850
9855
9952
9861
9923
9861
9845
9826
9873
9949
9813
9927
9798
9830
9910
9958
9818
9921
9850
9951
9946
9891
9918
9997
9699
10000
9933
9908
9946
9866
9870
9986
9850
9908
9912
9869
9834
9981
9866
9767
9920
9830
9960
9886
9905
9957
9856
9934
9832
9893
9965
9882
9848
9893
9949
9918
9833
9761
9915
10000
9900
9938
9866
9906
9966
9928
9941
9944
9939
9949
9917
