9847
9862
9928
9956
9750
9943
9930
9834
9799
9910
9920
9893
9870
9991
9952
9928
9878
9887
9919
9920
9994
9923
9955
9992
9898
9953
9889
9887
9906
9895
9901
9882
9830
9945
9905
9942
9960
9961
9960
9988
9855
9924
9910
9896
9735
9785
9906
9836
9973
9942
9838
9932
9915
9980
9940
9918
9919
9954
9984
9976
9746
9945
9935
9936
9933
9756
9939
9894
9928
9956
9890
9942
9718
9943
9878
9988
9896
9911
9988
9882
9924
9907
9870
9900
9955
9925
9899
9859
9975
9919
9909
9961
9970
9875
9880
9905
9909
9838
9864
9937
9945
9966
9908
9865
9917
9910
9772
9904
9948
9845
9971
9952
9900
9968
9863
9923
9908
9920
9938
9950
9918
9969
9994
9945
9825
9820
9922
9859
9945
9953
9756
9853
9918
9850
9855
9967
9954
9894
9835
9967
9954
9899
9885
9855
9857
9893
9967
9999
9809
9905
9962
9936
9933
9951
9822
9981
9938
9990
9922
9922
9892
9805
9861
9956
9922
9866
9989
9834
9939
9952
9821
9862
9839
9833
9945
9972
9833
9909
9921
9941
9919
9840
9962
9984
9981
9921
9992
9967
9772
9829
9900
9959
9855
9960
9979
9815
9904
9929
9986
9963
9926
9851
9954
9944
9964
9891
9884
9925
9785
9907
9905
9769
9987
9952
9968
9926
9875
9923
9885
9889
9916
9890
9910
9927
9886
9867
9902
9868
9728
9949
9776
9883
9878
9981
9933
9915
9895
9919
9932
9815
9870
9872
9839
9820
9917
9782
9996
9855
9877
9941
9914
9851
9816
9855
9913
9878
9964
9825
9954
9911
9978
9778
9995
9982
9936
9905
9778
9934
9902
9925
9956
9891
9909
9858
9908
9960
9873
9860
9854
9891
9914
9965
9941
9757
9914
9918
9883
9965
9967
9960
9844
9913
9913
9845
9951
9942
9983
9860
9913
9925
9967
9756
9944
9929
9941
9990
9903
9866
9820
9959
9897
9921
9755
9897
9957
9943
9942
9905
9910
9825
9941
9976
9892
9921
9841
9908
9883
9991
9901
9897
9927
9923
9894
9963
9885
9951
9877
9997
9987
9908
9831
9865
9904
9865
9836
9882
9910
9998
9974
9845
9933
9885
9856
9915
9967
9937
9708
9925
9931
9901
9879
9930
9818
9928
9952
9881
9899
9888
9911
9909
9824
9774
9929
9885
9808
9939
9863
9943
9879
9844
9883
9937
9960
9856
9884
9946
9945
9915
9951
9936
9822
9828
9927
9846
9800
9938
9935
9870
9863
9968
9865
9990
9905
9913
9832
9953
9954
9951
9929
9961
9929
9883
9958
9968
9896
9928
9932
9917
9904
9869
9928
9878
9934
9936
9875
9810
9867
9938
9806
9831
9919
9943
9893
9905
9915
9936
9954
9921
9908
9974
9839
9850
9942
9904
9897
9853
9959
9854
9888
9832
9939
9849
9957
9906
9867
9786
9871
9899
9932
9837
9990
9843
9889
9913
9959
9898
9992
9995
9915
9941
9847
9943
9948
9855
9953
9946
9933
9928
9893
9886
9940
9863
9957
9964
9868
9903
9971
9859
9966
9927
9966
9955
9946
9913
9916
9928
9897
9839
9886
9856
9902
9943
9932
9904
9819
9929
9934
9957
9988
9936
9948
9807
9901
9902
9874
9987
9868
9870
9962
9859
9962
9971
9896
9836
9890
9907
9879
9853
9853
9979
9849
9889
9886
9863
9916
9882
9821
9859
9878
9874
9913
9951
9962
9920
9848
9835
9921
9944
9970
9912
9982
9953
9792
9969
9941
9748
9842
9929
9957
9781
9697
9930
9933
9935
9883
9953
9920
9906
9883
9869
9993
9818
9852
9801
9811
9876
9926
9982
9998
9825
9770
9912
9916
9906
9838
9935
9988
9957
9925
9858
9827
9853
9897
9895
9878
9931
9868
9832
9975
9974
10000
9823
9877
9875
9874
9960
9889
9849
9915
9911
9945
9920
9882
9907
9882
9862
9919
9930
9796
9999
9787
9955
9969
9898
9846
9859
9912
9883
9983
9917
9962
9889
9977
9926
9973
9907
9844
9960
9919
9885
9869
9902
9913
9791
9852
9866
9988
9825
9863
9882
9804
9784
9900
9972
9906
9886
9945
9935
9964
9839
9962
9814
9911
9906
9784
9974
9829
9896
9731
9938
9949
9879
9726
9877
9890
9987
9898
9898
9894
9910
9925
9907
9913
9944
9885
9934
9838
9850
9818
9924
9928
9923
9924
9942
9885
9847
9927
9881
9906
9914
9866
9905
9914
9895
9888
9956
9951
9884
9931
9866
9905
9873
9939
9989
9975
9929
9778
9911
9982
9963
9992
9735
9950
9943
9937
9922
9869
9930
9893
9823
9914
9897
9716
9933
9985
9880
9849
9856
9844
9912
9965
9901
9795
9924
9967
9932
9912
9842
9936
9811
9925
9981
9942
9936
9928
9779
9905
9938
9863
9913
9998
9848
9958
9933
9942
9812
9808
9861
9895
9841
9756
9961
9951
9953
9904
9900
9923
9938
9935
9932
9922
9928
9856
9866
9971
9954
9929
9883
9890
9956
9911
9839
9977
9906
9975
9900
9892
9943
9926
9919
9963
9946
9962
9942
9822
9953
9914
9934
9848
9933
9954
9942
9930
9844
9816
9956
9919
9881
9931
9954
9860
9850
9926
9915
9988
9875
9862
9826
9996
9835
9892
9882
9933
9756
9929
9964
9924
9962
9962
9868
9933
9888
9839
9957
9899
9976
9885
9935
9818
9895
9817
9925
9963
9824
9839
9855
9841
9932
9917
9971
9913
9822
9918
9873
9961
9919
9961
9901
9947
9959
9883
9886
9931
9797
9948
9868
9838
9899
9953
9871
9954
9832
9854
9951
9985
9937
9850
9925
9810
9978
9922
9864
9857
9912
9796
9967
9884
9963
9961
9824
9921
9948
9887
9969
9880
9996
9946
9893
9894
9933
9945
9876
9969
9931
9944
9818
9894
9995
9955
9902
9942
9977
9909
9892
9913
9870
9882
9870
9768
9944
9760
9984
9833
9962
9938
9893
9952
9900
9938
9881
9916
9951
9900
9770
9968
9931
9913
9910
9950
9880
9848
9931
9773
9897
9997
9925
9899
9870
9966
9934
9946
9780
9906
9937
9906
9891
9963
9986
9947
9915
9838
9922
9927
9916
9926
9954
9937
9865
9916
9961
9807
9842
9927
9909
9950
9899
9972
9890
9898
9941
9921
9930
9899
9844
9911
9886
9954
9805
9884
9944
