9922
9927
9732
9924
9965
9911
9952
9971
9908
9867
9913
9926
9963
9884
9964
9839
9827
9754
9907
9929
9840
9931
9670
9994
9911
9882
9845
9948
9895
9801
9953
9865
9855
9912
9886
9850
9910
9896
9958
9940
9941
9873
9892
9957
9952
9896
9848
9887
9938
9813
9901
9939
9914
9939
9865
9932
9914
9882
9994
9916
9907
9912
9896
9979
9975
9875
9842
9976
9914
9919
9908
9889
9825
9890
9890
9973
9850
9998
9944
9807
9907
9816
9903
9909
9976
9900
9888
9940
9950
9965
9858
9860
9786
9944
9882
9928
9948
9944
9894
9937
9954
9910
9933
9881
9910
9999
9913
9876
9834
9897
9893
9895
9959
9768
9908
9924
9941
9937
9822
9917
9929
9953
9951
9945
9792
9905
9945
9949
9973
9877
9897
9870
9969
9889
9932
9819
9935
9905
9916
9971
9883
9930
9872
9934
9800
9871
9891
9907
9877
9951
9904
9927
9928
9950
9932
9933
9965
9889
9969
9933
9853
9747
9723
9974
9867
9891
9807
9843
9931
9862
9891
9948
9880
9856
9901
9916
9889
9897
9834
9973
9963
9942
9777
9947
9858
9805
9816
9748
9857
9918
9830
9826
9933
9974
9921
9997
9873
9798
9964
9876
9965
9820
9980
9954
9896
9961
9905
9878
9853
9881
9914
9888
9820
9919
9759
9977
9863
9961
9955
9850
9924
9911
9965
9954
9909
9980
9903
9894
9942
9931
9785
9956
9952
9960
9955
9943
9889
9855
9904
9930
9953
9761
9712
9853
9963
9993
9878
9918
9873
9933
9849
10000
9884
9848
9955
9949
9895
9848
9888
9906
9911
9936
9790
9933
9944
9948
9992
9911
9873
9901
9941
9789
9939
9985
9810
9873
9912
9955
9919
9924
9938
9936
9935
9926
9936
9950
9936
9910
9879
9769
9818
9918
9789
9957
9876
9888
9894
9874
9898
9875
9883
9881
9953
9818
9825
9827
9900
9896
9979
9976
9966
9927
9937
9777
9980
9926
9938
9874
9864
9919
9704
9932
9913
9914
9892
9873
9919
9962
9831
9935
9924
9953
9936
9877
9929
9923
9860
9931
9826
9967
9835
9830
9800
9988
9926
9996
9943
9954
9884
9951
9966
9880
9915
9930
9930
9932
9846
9952
9843
9993
9863
9892
9983
9853
9962
9960
9913
9889
9912
9924
9958
9964
9794
9850
9848
9769
9874
9976
9913
9943
9936
9947
9917
9925
9955
9885
9879
9837
9873
9944
9914
9822
9963
9957
9999
9912
9945
9869
9987
9911
9974
9913
9951
9811
9949
9916
9879
9950
9796
9898
9824
9944
9914
9844
9958
9940
9933
9894
9984
9966
9975
9886
9867
9830
9929
9923
9780
9976
9911
9869
9802
9874
9929
9696
9966
9996
9906
9936
9820
9943
9959
9969
9847
9924
9839
9936
9908
9954
9961
9875
9943
9954
9949
9859
9963
10000
9777
9871
9889
9910
9925
9889
9917
9949
9868
9992
9815
9849
9852
9920
9824
9880
9884
9738
9958
9793
9759
9802
9937
9715
9930
9982
9826
9931
9905
9922
9932
9941
9812
9909
9899
9849
9856
9924
9960
9938
9833
9921
9942
9941
9912
9967
9854
9940
9909
9913
9909
9966
9943
9927
9937
9909
9983
9897
9927
9845
9776
9789
9957
9869
9951
9886
9992
9894
9942
9901
9933
9978
9971
9912
9681
9919
9930
9911
9925
9891
9726
9973
9883
9935
9946
9919
9942
9887
9911
9894
9825
9929
9887
9724
9944
9984
9842
9954
9964
9937
9901
9824
9949
9824
9780
9887
9934
9898
9896
9842
9960
9873
9861
9904
9909
9919
9910
9808
9781
9866
9931
9932
9880
9817
9844
9863
9925
9916
9839
9927
9941
9942
9809
9805
9933
9891
9954
9886
10000
9887
9713
9852
9870
9945
9967
9913
9920
9920
9726
9894
9946
10000
9938
9953
9814
9755
9967
9947
9819
9895
9914
9962
9879
9919
9901
9862
9871
9897
9920
9908
9840
9826
9880
9994
9917
9929
9841
9966
9906
9831
9938
9918
9976
9942
9919
9903
9850
9864
9985
9843
9877
9829
9825
9923
9945
9959
9960
9935
9965
9914
9899
9821
9784
9927
9992
9954
9901
9959
9989
9987
9927
9930
9910
9978
9878
9853
9887
9866
9889
9972
9922
9904
9934
9916
9946
9853
9739
9868
9974
9906
9811
9950
9860
9880
9860
9912
9789
9846
9934
9969
9933
9784
10000
9923
9801
9936
9899
9949
9834
9858
9845
9894
9905
9813
9970
9928
9854
9954
9816
9746
9940
9953
9828
9925
9854
9946
9920
9945
9932
9908
9690
9913
9969
9954
9976
9887
9990
9907
9861
9969
9958
9873
9945
9942
9870
9911
9956
9876
9912
9786
9965
9890
9871
9958
9947
9949
9951
9817
9852
9958
9859
9849
9820
9943
9888
9839
9965
9843
9912
9981
9994
9975
9878
9990
9930
9958
9943
9941
9901
9812
9931
9925
9894
9936
9844
9884
9866
9890
9987
9930
9830
9767
9900
9961
9943
9958
9966
9853
9852
9903
9907
9890
9859
9841
9967
9935
9915
9974
9960
9857
9922
9926
9860
9890
9908
9947
9957
9956
9980
9908
9976
9797
9925
9908
9939
9885
9929
9929
9826
9997
9979
9872
9944
9912
9907
9900
9938
9792
9966
9946
10000
9910
9943
9902
9922
9836
9894
9745
9978
9801
9887
9848
9878
9926
9869
9947
9977
9990
9894
9945
9956
9879
9970
9922
9860
9818
9946
9858
9945
9884
9864
9952
9957
9863
9898
9938
9829
9955
9948
9935
9967
9862
9883
9858
9937
9847
9887
9955
9902
9839
9927
9865
9896
9883
9853
9939
9883
9875
9951
9819
9964
9918
9968
9864
9904
9946
9886
9909
9922
9931
9938
9847
9894
9780
9849
9899
9848
9913
9939
9882
9918
9870
9932
9908
9894
9878
9938
9884
9923
9954
9974
9975
9932
9924
9864
9896
9925
9935
9907
9824
9884
9930
9914
9910
9851
9913
9932
9880
9867
9956
9921
9813
9758
9954
9941
9742
9946
9954
9972
9863
9793
9887
10000
9864
9886
9870
9927
9932
9956
9906
9928
9846
9876
9916
9832
9949
9922
9774
9932
9941
9843
9944
9885
9927
9744
9917
9989
9939
9927
9934
9960
9974
9817
9963
9927
9864
9940
9859
9934
9953
9929
9917
9871
9987
