9902
9885
9760
9777
9907
9899
9899
9918
9825
9993
9894
9921
9943
9960
9999
9917
9969
9901
9907
9968
9899
9904
9920
9878
9962
9726
9951
9945
9913
9757
9809
9908
9977
9949
9842
9925
9927
9823
9923
9891
9936
9961
9873
9853
9963
9918
9984
9794
9889
9763
9868
9793
9824
9908
9915
9911
9895
9916
9880
9911
9966
9871
9920
9901
9883
9872
9993
9920
9792
9859
9951
9927
9858
9936
9900
9910
9915
9919
9765
9786
9945
9795
9896
9908
9834
9983
9955
9896
9925
9766
9962
9944
9968
9958
9771
9840
9839
9863
9985
9849
9970
9934
9903
9902
9824
9956
9924
9856
9913
9963
9935
9875
9934
9791
9965
9871
9988
9911
9910
9963
9785
9941
9881
9942
9890
9946
9920
9920
9935
9925
9986
9919
9931
9950
9872
9965
9931
9944
9803
9941
9879
9952
9987
9968
9941
9949
9882
9862
9837
9956
9910
9977
9847
9909
9830
9981
9890
9961
9945
9961
9911
9877
9843
9945
9908
9762
9967
9833
9893
9876
9918
9931
9900
9881
9935
9900
9941
9869
9928
9956
9781
9890
9991
9918
9892
9996
9953
9777
9898
9960
9949
9924
9981
9877
9898
9921
9908
9947
9885
9957
9945
9874
9854
9804
9874
9956
9793
9974
9939
9927
9970
9916
9936
9945
9982
9898
9889
9880
9941
9913
9825
9802
9869
9929
9968
9859
9936
9925
9887
9921
9939
9869
9936
9911
9833
9826
9864
9866
9872
9884
9927
9935
9881
9928
9975
9954
9888
9879
9947
9960
9828
9858
9930
9875
9939
9995
9945
9925
9926
9902
9854
9942
9827
9932
9826
9942
9892
9878
9938
9987
9964
9991
9950
9912
9898
9902
9933
9903
9934
9884
9992
9885
9909
9926
9878
9675
9924
9925
9843
9838
9980
10000
9837
9902
9867
9857
9852
9973
9913
9886
9936
9938
9866
9860
9860
9896
9982
9950
9928
9960
9808
9946
9984
9926
9964
9951
9923
9933
9896
9897
9994
9985
9801
9979
9919
9915
9784
9813
9932
9898
9980
9838
9879
9908
9918
9861
9938
9953
9876
9914
9871
9729
9915
9836
9936
9955
9875
9944
9966
9848
9968
9843
9915
9986
9945
9913
9868
9881
9907
9867
9884
9766
9890
9876
9973
9814
9902
9919
9999
9909
9891
9870
9910
9947
9977
9880
9909
9918
9901
9856
9884
9854
9880
9940
9943
9986
9870
9948
9871
9910
9799
9915
9895
9887
9788
9976
9882
9917
9892
9786
9824
9846
9949
9880
9878
9765
9823
9816
9874
9927
9852
9939
9876
9901
9771
9840
9950
9738
9882
9803
9992
9915
9866
9876
9926
9842
9974
9981
9932
9957
9940
9802
9979
9947
9963
9844
9884
9819
9861
9878
9908
9976
9853
9812
9853
9885
9888
9883
9898
9921
9957
9891
9822
9859
9858
9936
9898
9960
9891
9890
9833
9950
9883
9698
9906
9921
9877
9820
9916
9957
9953
9982
9873
9934
9888
9902
9896
9790
9940
9987
9926
9827
9949
9935
9933
9930
9863
9931
9916
9995
9955
9899
9993
9937
9953
9953
9899
9974
9986
9932
9944
9945
9942
9999
9955
9946
9816
9907
9814
9793
9972
9969
9898
9966
9977
10000
9934
9908
9839
9908
9896
9776
9861
9906
9895
9862
9842
9899
9935
9920
9941
9824
9920
9887
9902
9791
9894
9864
9860
9983
9896
9883
9879
9947
9870
9916
9891
9917
9978
9959
9964
9840
9941
9821
9882
9923
9846
9934
9991
9946
9943
9960
9766
9901
9915
9930
9917
9854
9897
9911
9916
9952
9959
9899
9888
9892
9920
9828
9918
9894
9957
9803
9890
9938
9908
9951
9936
9929
9843
9900
10000
9931
9954
9960
9926
9922
9976
9908
9924
9838
9852
9763
9913
9971
9948
9890
9910
9895
9854
9898
9873
9886
9942
9773
9885
9846
9900
9959
9913
9876
9892
9914
9761
9894
9929
9937
9909
9879
9886
9896
9942
9911
9989
9917
9965
9949
9935
9859
9920
9934
9891
9985
9851
9804
9937
9962
9917
9910
9941
9827
9899
9805
9941
9941
9853
9935
9798
9949
9833
9828
9834
9866
9809
9850
9874
9822
9919
9711
9981
9889
9919
9789
9960
9969
9901
9964
9839
9764
9972
9907
9904
9894
9897
9847
9944
9866
9941
9850
9828
9954
9911
9991
9927
9858
9904
9902
9934
9872
9803
9909
9961
9937
9856
9910
9926
9915
9930
9912
9942
9898
9904
9944
9954
9709
9902
9967
9896
9687
9966
9884
9970
9776
9932
9938
9905
9843
9957
9914
9953
9956
9989
9852
9871
9893
9937
9871
9989
9960
9832
9961
9875
9918
9858
9967
9838
9886
9903
9871
9990
9912
9929
9819
9940
9931
9890
9924
9972
9920
9810
9894
9928
9853
9994
9995
9925
9821
9847
9907
9928
9925
9907
9906
9957
9942
9932
9791
9810
9894
9959
9791
9933
9985
9911
9885
9835
9845
9814
9900
9902
9941
9967
9933
9826
9875
9915
9976
9917
9966
9893
9904
9950
9924
9908
9902
9893
9947
9898
9881
9915
9934
9907
9929
9956
9817
9905
9902
9846
9839
9902
9908
9913
9890
9966
9880
9901
9940
9925
9892
9981
9918
9800
9851
9944
9873
9866
9672
9989
9859
9888
9889
9950
9806
9922
9905
9843
9884
9944
9917
9986
9869
9918
9915
9920
9822
9743
9890
9889
9931
9944
9947
9852
9870
9991
9987
9975
9967
9887
9893
9920
9895
9881
9909
9925
9825
9976
9962
9932
9913
9894
9902
9721
9869
9816
9903
9922
9914
9933
9720
9971
9977
9880
9813
9932
9780
9922
9920
9828
9948
9845
9869
9995
9885
9921
9963
9931
9910
9865
9912
9951
9951
9806
9950
9885
9811
9867
9972
9901
9924
9916
9900
9933
9885
9926
9988
9766
9871
9896
9943
9940
9879
9887
9893
9951
9837
9857
9875
9929
9936
9855
9956
9961
9788
9978
9909
9919
9964
9902
9956
9921
9953
9847
9936
9874
9893
9908
9867
9951
9886
9851
9964
9898
9941
9927
9772
9928
9907
9877
9823
9969
9877
9933
10000
9881
9861
9903
9912
9848
9941
9932
9957
9792
9886
9911
10000
9909
9808
9931
9943
9914
9897
9890
9953
9782
9870
9933
9927
9959
9807
9881
9912
