10000
9978
9999
9993
10000
9993
10000
9930
10000
10000
9784
9966
10000
9985
9972
9999
9998
9994
9913
10000
10000
9999
10000
9990
10000
9997
10000
10000
9972
10000
10000
9949
9985
10000
10000
9964
10000
10000
9999
10000
9954
10000
9965
9959
9922
9998
9943
9997
10000
9898
10000
10000
9994
9969
9999
9929
9955
10000
10000
9926
9998
9855
9936
9917
9997
10000
10000
10000
9980
9973
9940
9994
9955
9999
10000
9996
10000
9998
9986
9865
10000
9997
9991
10000
10000
9998
9999
9996
9999
10000
10000
9998
9969
10000
10000
9974
9917
9996
9998
9993
10000
9999
9998
10000
10000
9997
10000
10000
10000
9981
9986
9945
10000
9951
10000
9992
9997
10000
9998
9885
9983
10000
9991
10000
9999
10000
9989
10000
10000
10000
9993
9976
9975
10000
9890
9976
9992
9988
10000
9995
9920
10000
9997
10000
9999
9999
9997
10000
10000
9999
9987
10000
9977
10000
10000
10000
9882
9997
10000
10000
9999
9999
10000
9989
9985
9992
10000
10000
10000
9988
9956
10000
9996
9933
10000
10000
9980
9913
9982
9996
10000
9984
10000
9975
9999
10000
10000
9975
9998
9990
9997
9870
10000
9986
9898
9997
9994
10000
9921
10000
9896
9999
10000
9976
9999
10000
9998
9997
9976
10000
10000
9854
9972
10000
10000
10000
9999
9995
9982
10000
10000
10000
9935
9999
9999
10000
9934
9830
9997
10000
9891
9996
10000
10000
10000
10000
9999
10000
10000
9949
9999
9960
10000
9993
9981
10000
9982
9998
10000
9995
9980
9927
9995
9996
9999
9992
9973
9999
9956
9963
9997
10000
9951
10000
9999
9618
10000
9998
9986
10000
9903
9915
9970
9999
10000
10000
9993
10000
9997
9999
9961
9844
9998
9998
9996
10000
10000
9966
10000
10000
10000
9998
9996
10000
9992
10000
9997
10000
9992
10000
9991
9913
9979
9998
10000
9993
10000
10000
10000
9994
9976
9993
10000
10000
10000
10000
10000
10000
9997
10000
9990
9980
9990
9980
9985
10000
9966
9998
9959
10000
9999
9970
9991
9947
10000
10000
10000
9999
9992
10000
9998
9998
9909
9998
10000
9992
9998
9994
9999
9999
9996
10000
9997
9836
10000
10000
10000
10000
9974
9982
10000
9883
9999
9954
10000
10000
9999
10000
9883
10000
9999
9900
9909
10000
10000
9890
9996
10000
9972
9996
9942
10000
9915
10000
9932
9999
9997
9996
10000
10000
9998
9980
9990
10000
9960
10000
10000
10000
9980
9999
10000
9994
9999
9975
9998
9952
9968
9985
9988
10000
10000
9920
9936
9997
9880
9999
10000
10000
9875
9978
9996
9821
9969
10000
10000
10000
9917
10000
9999
9984
9941
9992
10000
10000
9920
9999
9994
9999
9999
10000
9999
10000
9999
9997
9969
9998
10000
9999
9963
9929
9935
10000
9979
10000
9912
10000
9914
9996
10000
10000
9929
10000
9999
9993
9997
10000
9809
9959
9845
10000
9952
9934
9959
10000
10000
10000
9902
10000
10000
9988
9987
9997
9996
10000
10000
10000
9956
9993
10000
10000
9960
9995
10000
9999
9997
9980
9995
10000
10000
9918
10000
10000
10000
9914
10000
10000
9999
9992
10000
10000
10000
9981
9928
9994
9972
10000
9978
9956
10000
10000
9916
10000
9999
9920
9977
9968
10000
9996
9960
9987
9995
9996
9999
9998
9972
10000
10000
9999
10000
9954
9954
9993
10000
10000
10000
9999
9969
9987
9977
9997
9959
9975
10000
10000
10000
10000
10000
10000
10000
9999
10000
9995
9999
10000
9587
9995
9999
10000
9970
9973
9858
9991
9992
10000
9993
10000
9976
10000
10000
9999
9973
9992
9989
10000
10000
9998
10000
10000
10000
9858
9797
9985
9982
9999
10000
9995
10000
9999
10000
10000
10000
10000
10000
10000
9999
9938
10000
10000
9857
10000
10000
9999
9989
9997
9948
10000
9978
9998
10000
9969
9999
10000
10000
9975
9999
9884
9971
9997
9950
10000
10000
9998
9991
10000
9966
9868
9915
10000
10000
9998
10000
9929
9981
10000
9999
9879
9998
9995
10000
9979
9978
9999
9998
9926
9999
9997
10000
10000
10000
9903
10000
10000
9988
9987
9994
9992
10000
9999
9989
10000
9983
10000
9999
10000
10000
10000
10000
9993
9998
10000
9902
9991
9993
10000
9999
10000
9881
9999
9991
10000
10000
9993
9992
9991
9998
10000
9960
9989
10000
9876
10000
10000
9968
10000
10000
9994
9995
10000
10000
9997
9955
10000
9884
9968
10000
9955
10000
9976
10000
10000
9995
10000
9944
9993
9998
9997
9985
10000
9997
9995
9996
10000
10000
9936
9995
9966
9993
9901
9892
9864
10000
9999
10000
9959
9999
9816
9998
10000
10000
10000
10000
10000
10000
9824
9997
10000
9999
10000
9812
9997
10000
10000
9978
9943
9990
10000
10000
10000
10000
9999
10000
10000
10000
10000
9999
9900
9995
9942
9997
10000
9993
9970
9872
10000
10000
9895
10000
9971
9988
9995
9895
10000
10000
9987
10000
10000
9912
10000
10000
9998
10000
9820
9812
9995
9986
9951
9938
10000
10000
9997
9958
9999
10000
9973
10000
9973
9999
9861
9998
9989
9998
10000
10000
9947
9997
9841
10000
10000
9996
10000
10000
10000
9875
9859
9949
9992
9999
9993
9914
10000
10000
10000
10000
10000
10000
10000
9995
9928
9998
9880
9875
9999
10000
10000
10000
9996
10000
10000
10000
10000
10000
9872
9966
9999
9984
9993
9878
10000
9998
9998
9977
9978
10000
10000
9991
9950
9995
9999
10000
9950
10000
9999
9992
9855
10000
9991
9988
9928
9993
9971
10000
9999
9954
10000
9956
9999
9979
9999
10000
10000
9980
9993
10000
9869
9993
9998
10000
9999
9969
9991
9999
9984
9959
9963
9980
9999
9975
10000
9999
10000
10000
10000
9999
10000
9986
9993
10000
9941
9998
10000
9936
10000
9999
10000
10000
9995
9992
9986
9942
9999
9998
10000
9996
10000
9999
9994
9904
10000
9995
9961
9983
10000
9999
9984
10000
9983
9947
9954
9993
9901
9999
10000
10000
9991
10000
9938
9967
9984
9988
10000
10000
9977
9997
10000
9999
9950
9988
10000
9948
10000
9998
9999
9889
10000
10000
10000
10000
10000
9998
9991
9998
9962
9973
9941
10000
10000
9954
9994
9979
10000
