9931
9969
9950
9848
9950
9917
9780
9934
9982
9798
9876
9983
9959
9942
9869
9862
9937
9901
9829
9886
9947
9932
9889
9895
9763
9889
9789
9902
9922
9980
9974
9890
9961
9883
9826
9765
9907
9946
9847
9961
9860
9907
9974
9904
9947
9864
9941
9906
9961
9975
9930
9811
9990
9850
9953
9774
9963
9941
9950
9871
9925
9834
9921
9707
9924
9898
9859
9915
9931
9877
9869
9921
9850
9871
9833
9931
9982
9787
9927
9902
9900
9906
9983
9976
9890
9892
9906
9947
9943
9887
9855
9933
9908
9998
9989
9924
9838
9907
9955
9937
9883
9879
9904
9908
9915
9906
9930
9867
9946
9916
9806
9776
9927
9859
9959
9899
9944
9829
9942
9810
9953
9917
9849
9919
9950
9885
9951
9933
9887
9882
9874
9854
9949
9809
9941
9886
9935
9908
9682
9978
9928
9849
9879
9796
9899
9950
9954
9916
9900
9896
9865
9899
9755
9954
9960
9970
9952
9860
9793
9972
9918
9957
9908
9861
9893
9846
9985
9904
9911
9850
9929
9909
9892
9758
9947
9951
9866
9898
9910
9937
9879
9921
9937
9919
9990
9881
9952
9895
9884
9947
9937
9930
9927
9970
9917
9938
9877
9891
9993
9901
9847
9915
9997
9901
9916
9836
9917
9840
9950
9873
9858
9826
9930
9947
9865
9931
9918
9932
9882
9935
9930
9996
9903
9861
9918
9854
9844
9913
9945
9815
9884
9871
9806
9929
9838
9779
9883
9941
9865
9807
9852
9967
9878
9825
9877
9859
9913
9941
9996
9914
9911
9849
9804
9869
9783
9967
9961
9878
9864
9940
9772
9994
9790
9874
9873
9831
9972
9965
9844
9889
9925
9941
9936
9897
9952
9938
9850
9925
9917
9747
9955
9943
9982
9981
9870
9931
9710
9856
9918
9905
9914
9965
9892
9813
9842
9962
9922
9907
9957
9945
9899
9981
9959
9979
9884
9935
9904
9811
9913
9880
9894
9974
9927
9911
9861
9884
9932
9945
9887
9895
9742
9932
9904
9913
9925
9890
9899
9926
9933
9954
9850
9916
9936
9795
9942
9860
9939
9904
9899
9957
9809
9862
9907
9902
9927
9926
9936
9876
9943
9932
9971
9924
9815
9846
9904
9899
9841
9912
9899
9806
9864
9884
9890
9923
9877
9898
9891
9994
9931
9951
9866
9946
9927
9800
9973
9731
9883
9968
9918
9869
9911
9860
9943
9918
9931
9900
9743
9931
9856
9958
9900
9897
9877
9937
9877
9961
9847
9905
9918
9854
9977
9836
9790
9933
9946
9888
9951
9976
9929
9856
9851
9878
9865
9863
9904
9893
9922
9778
9947
9854
9928
9953
9991
9861
9912
9965
9892
9936
9929
9951
9820
9886
9975
9843
9839
9887
9881
9843
9950
9898
9952
9884
9761
9840
9926
9964
9912
9969
9940
9928
9979
9952
9937
9950
9908
9884
9774
9945
9906
9911
9852
9882
9861
9945
9938
9934
9888
9885
9944
9772
9931
9951
9793
9908
9888
9875
9921
9816
9912
9846
9840
9943
9951
9912
9968
9812
9861
9876
9941
9855
9835
9857
9852
9939
9953
9955
9865
9807
9918
9837
9881
9900
9902
9859
9993
9899
9875
9829
9893
9827
9857
9987
9943
9961
9917
9957
9985
9883
9897
9832
9915
9894
9931
9848
9895
9849
9857
9897
9929
9907
9931
9950
9986
9822
9956
9910
9868
9854
9856
9874
9820
9903
9694
9918
9863
9854
9896
9949
9875
9938
9887
9896
9975
9906
9915
9843
9926
9963
9930
9935
9969
9860
9906
9941
9946
9676
9892
9937
9931
9876
9938
9896
9910
9911
9978
9939
9901
9891
9935
9948
9917
9968
9947
9922
9962
9908
9929
9938
9905
9941
9904
9869
9989
9866
9897
9929
9887
9899
9950
9829
9932
9923
9905
9869
9886
9940
9934
9856
9885
9991
9888
9896
9919
9895
9804
9830
9974
9965
9815
9924
9978
9710
9846
9812
9947
9929
9884
9942
9973
9917
9949
9926
9878
9889
9898
9898
9887
9929
9876
9927
9895
9890
9877
9929
9906
9906
9869
9934
9802
9965
9893
9867
9835
9780
9893
9953
9931
9829
9907
9964
9948
9944
9780
9924
9934
9953
9864
9844
9908
9930
9928
9917
9965
9904
9906
9954
9918
9830
9858
9951
9853
9896
9886
9897
9860
9906
9957
9869
9918
9832
9876
9950
9937
9835
9961
9874
9905
9819
9942
9908
9934
9959
9891
9884
9853
9895
9897
9981
9810
9905
9908
9982
9804
9812
9887
9908
9839
9855
9936
9989
9929
9955
9861
9909
9888
9903
9855
9901
9945
9934
9900
9973
9925
9926
9947
9860
9945
9904
9767
9860
9963
9808
9948
9804
9880
9883
9862
9873
9930
9941
9995
9849
9828
9954
9877
9902
9855
9809
9944
9870
9894
9970
9838
9835
9885
9936
9891
9927
9905
9920
9962
9903
9862
9964
9943
9912
9917
9864
9986
9786
9921
9800
9831
9914
9916
9945
9866
9925
9913
9900
9816
9919
9823
9912
9900
9920
9891
9876
9864
9750
9913
9885
9807
9975
9862
9952
9953
9947
9972
9967
9952
9847
9904
9781
9882
9822
9825
9932
9797
9938
9896
9959
9922
9991
9845
9776
9895
9875
9907
9949
9850
9934
9916
9890
9954
9981
9834
9861
9754
9909
9805
9975
9887
9878
9916
9790
9891
9899
9928
9877
9866
9979
9914
9975
9825
9871
9896
9855
9910
9873
9921
9910
9968
9894
9898
9893
9935
9861
9938
9937
9945
9925
10000
9897
9852
9993
9934
9943
9940
9881
9795
9849
9751
9981
9832
9827
9830
9935
9828
9915
9889
9920
9890
9944
9839
9936
9923
9901
9916
9925
9916
9933
9950
9823
9888
9900
9867
9946
9826
9973
9972
9780
9927
9928
9873
9993
9963
9886
9937
9971
9920
9916
9968
9913
9932
9975
9950
9948
9811
9915
9841
9921
9916
9935
9868
9838
9868
9890
9921
9968
9913
9840
9872
9860
9973
9883
9584
9923
9944
9880
9840
9873
9870
9911
9910
9974
9944
9884
9790
9962
9945
9901
9935
9956
9775
9916
9924
9914
9793
9929
9909
9947
9910
9854
9934
9862
9902
9955
9956
9961
9830
9902
9910
9980
9910
9956
9898
9914
9811
9879
9815
9848
9903
9913
9940
9916
9907
9981
9797
9946
