9987
9927
9953
9998
9941
9882
9992
9993
9991
9992
9996
9887
9992
9940
9922
9988
9960
9919
9820
9839
9976
9996
9987
9916
9979
9961
9980
9889
9930
9879
9880
9997
9894
9953
9953
9983
9983
9962
9982
9974
9898
9979
9924
9983
9958
9899
9994
9993
9999
9910
9977
9904
9990
9752
9952
9996
10000
9979
9912
9871
9986
10000
9992
9993
9978
9882
9955
9955
9902
9963
9998
9997
9945
9944
9925
9994
9909
9967
9993
9931
9932
10000
9984
9934
9888
9953
9997
9931
9985
9990
9944
9994
10000
9995
9940
10000
9937
9880
9964
9931
9999
10000
9933
9912
9884
9886
9953
9963
9989
9945
9852
9958
9976
9913
9997
9906
9996
9954
9998
10000
9900
9943
9936
9993
9995
9995
9952
9920
9992
9898
9997
9869
9988
9996
9892
9867
9999
9895
9927
9911
9979
9943
9997
9900
9943
9976
9996
9965
9900
9896
9977
9986
9999
9776
9956
9984
9938
9972
9910
9901
9960
9880
9975
9981
9897
9990
9956
9988
9952
9988
9996
9923
9953
9966
9997
9963
9990
9961
9986
9976
9953
9952
9876
9907
9996
9998
9861
9968
9911
9910
9917
9912
10000
9957
9992
9919
9963
9994
9966
9931
9826
9986
9943
9838
9891
9942
10000
9909
9985
9973
9888
9987
9936
9881
9976
9938
9926
9947
9786
9967
9959
9911
9904
9925
9968
9967
9992
9888
9998
9987
9902
9926
9851
9957
9849
9826
9853
9977
9998
9942
9997
9972
9976
9993
9993
9994
9978
9999
9896
9956
9854
9784
9967
9970
9972
10000
9948
9858
9902
9997
9865
9978
9996
10000
9896
9955
9990
9979
9922
9999
9999
9938
9885
9909
9939
9903
9982
9989
9921
9909
9932
9999
9947
9997
9992
9991
9975
9927
9935
9854
9932
9947
9926
9946
9996
9977
9984
9903
9965
9965
9998
9883
9974
9937
9994
9948
9949
9938
9999
9968
9930
9923
9974
9992
9985
9937
9992
9971
9997
9830
9999
9960
9970
9992
9992
9882
9984
9988
9957
9998
9970
9929
9895
9987
9990
9883
10000
9935
9911
9871
9927
9987
9972
9997
9943
9994
9956
9931
10000
9992
9973
9999
9989
9904
9991
9999
9966
9909
9926
9979
9985
9939
9924
9906
9945
9993
9946
9955
10000
9941
9967
9853
9928
9962
9963
9991
9885
9973
9998
9958
9966
9930
9989
9958
9971
9983
9995
9873
9918
9911
9974
9904
9999
9983
9957
9864
9877
9945
9940
9932
9853
9891
9972
9997
9996
9994
9986
9845
9999
9987
9981
9857
9993
9987
9924
9908
9955
9991
9982
9997
9899
9984
9962
9989
10000
9997
9791
9970
9986
9938
9995
9990
9999
9903
9895
9921
9928
9942
9956
9895
9985
9850
9904
10000
9987
9819
9960
9975
9977
9957
9996
9997
9938
9974
9846
9984
9958
9984
9979
9997
9890
9935
9977
9973
9907
9899
9989
9994
9907
9949
9965
9961
9979
9738
9990
10000
9927
9990
9993
9880
9835
9858
9858
9884
9974
9980
10000
9976
9965
9815
9960
9866
9863
9832
9882
9994
9991
9931
9904
10000
9821
9989
9990
9994
9988
9973
10000
9932
9974
9994
9897
9863
10000
9982
9965
9825
9801
9957
9927
9984
9957
9932
9919
9999
9999
9991
9965
9983
9934
9941
9923
9984
9962
10000
9958
9862
10000
9938
9990
9920
9944
9986
9988
9834
9948
9987
9983
9999
9978
9960
9930
9981
9900
9887
9921
9991
9962
9962
9898
9995
9935
9945
9922
9990
9992
9967
9940
9993
9903
9980
9950
9868
9949
9997
9952
9900
9955
9901
9937
9879
9951
9999
9917
9862
9993
9995
9990
9997
9944
9895
9908
9999
9985
9978
9918
9992
9978
9924
9991
9984
9971
9937
9962
9924
9932
9993
9996
9919
9990
9958
9872
9998
9977
9980
9945
9998
9884
9930
9915
9949
9980
9961
10000
9964
9921
9951
9990
9992
9995
9986
9995
9887
9976
9981
9994
9988
9999
9994
9877
9866
9989
9988
9997
9985
9975
9995
9945
10000
9950
9952
9972
9935
9993
9804
9958
9884
9963
9952
9996
9993
9993
9857
9928
9825
9968
9907
9960
9868
9990
9999
9982
9932
9979
9967
9880
9878
9908
9917
9971
9952
9875
9975
9984
9788
9983
9996
9962
9991
9950
9987
9830
9951
9872
9999
9930
9884
9945
9969
9987
10000
9979
9965
9934
9980
9963
9948
9905
9942
9964
9865
9940
9995
9926
9999
9998
9978
9998
9957
9883
9973
9874
9964
9967
9823
9976
9884
9935
9989
9902
9989
9932
9946
9999
9933
9997
9976
10000
9948
9972
9785
9933
9932
9996
9888
9815
9996
9930
9759
9990
9997
9965
9932
9956
9946
10000
9976
9990
9961
9986
9975
9953
9973
9953
9962
9956
9994
9916
9984
9958
10000
9902
9998
9904
9983
9999
9986
9984
10000
9984
9945
9980
9922
9921
9999
9980
9953
10000
9819
9937
9928
9997
9911
9969
9973
9812
9940
10000
9885
9932
9941
9899
9980
9958
10000
9990
9883
9944
9965
9985
9931
9994
9964
9961
9870
9989
9952
9968
9898
9989
9998
9960
9959
9932
9981
9976
9989
9991
9910
9980
9851
9981
9992
9993
9864
9974
9957
9996
9980
9986
9998
9922
9938
9948
9967
9997
9855
9948
9996
9989
9919
9973
9991
9896
9972
9936
9973
9965
9958
9889
9999
9985
9908
9981
9911
9999
9960
9990
9976
9969
9981
9931
9895
9998
9999
9934
9976
9886
9987
9937
9969
9981
9971
9974
9990
9931
9995
9980
9996
9998
9998
9998
9865
9979
10000
9990
9977
9987
9991
9945
9995
9935
9950
9873
9933
9994
9920
9823
9949
9889
9962
9997
9879
9955
9919
9842
9959
9882
9997
9999
10000
9960
9964
9931
9977
9910
9899
9999
9990
9959
9988
9991
9907
9885
9981
9955
9984
9979
9994
9993
9971
9985
9979
9900
9714
9951
9961
9962
9963
9866
10000
9961
9978
9991
9998
9912
9971
9987
9892
9940
9902
9996
9999
9949
9976
10000
9878
9985
9997
9996
9803
10000
9876
9999
9995
9840
9993
9961
9839
9989
9988
9975
9931
9936
9998
10000
9848
9995
9855
9953
9921
9978
9967
9975
9995
9985
9967
9898
9991
9893
9996
