9833
9881
9928
9894
9892
9773
9828
9841
9911
9930
9946
9876
9867
9945
9962
9883
9974
9937
9992
9886
9895
9965
9939
9955
9818
9895
9962
9878
9883
9954
9817
9903
9911
9947
9950
9914
9865
9981
9943
9799
9957
9940
9936
9875
9980
9939
9865
9908
9953
9916
9926
9849
9877
9926
9899
9929
9867
9862
9939
9808
9945
9805
9907
9927
9803
9839
9914
9924
9851
9880
9953
9920
9960
9902
9981
9905
9867
9821
9910
9873
9904
9887
9794
9928
9997
9720
9893
9984
9834
9836
9859
9863
9916
9912
9880
9866
9922
9877
9906
9867
9912
9946
9823
9962
9764
9931
9849
9971
9912
9939
9919
9860
9941
9895
9941
9954
9912
9954
9970
9923
9886
9904
9761
9766
9962
9855
9932
9850
9871
9866
9972
9896
9925
9920
9813
9899
9972
9968
9819
9859
9968
9999
9977
9778
9874
9854
9986
9918
9923
9951
9849
9942
9888
9992
9945
9927
9775
9899
9940
9769
9898
9913
9886
9959
9948
9890
9977
9942
9860
9948
9983
9948
9889
9878
9901
9961
9933
9929
9937
9857
9801
9994
9843
9743
9906
9895
9906
9932
9985
9953
9980
9902
9897
9872
9823
9998
9938
9925
9877
9970
9953
9967
9943
9981
9910
9865
9982
9794
9902
9964
9850
9951
9937
9950
9935
9767
9942
9962
9950
9911
9962
9844
9864
9898
9999
9931
9990
9785
9802
9873
9930
9905
9824
9953
9966
9974
9944
9980
9904
9917
9922
9889
9917
9929
9929
9864
9837
9860
9924
9935
9932
9976
9907
9883
9797
9854
9946
9809
9880
9936
9856
9913
9930
9918
9905
9886
9906
9881
9897
9864
9841
9933
9860
9794
9895
9932
9798
9974
9995
9953
9841
9933
9879
9908
9950
9871
9901
9802
9932
9926
9757
9937
9886
9841
9881
9855
9906
9784
9870
9885
9913
9870
9962
9918
9977
9942
9932
9920
9945
9930
9902
9886
9940
9884
9928
9979
9951
9868
9984
9950
9962
9896
9968
9900
9842
9895
9945
9904
9936
9779
9863
9886
9756
9953
9805
9961
9902
9619
9886
9924
9957
9838
9960
9936
9916
9957
9926
9914
9880
9942
9930
9858
9815
9954
9965
9947
9940
9840
9943
9919
9881
9914
9792
9857
9917
9910
9953
9959
9806
9890
9933
9907
9903
9875
9886
9841
9954
9881
9893
9894
9959
9944
9936
9917
9816
9863
9956
9967
9934
9913
9931
9860
9794
9931
9938
10000
9878
9857
9950
9826
9963
9940
9909
9874
9885
9858
9891
9823
9848
9937
9816
9932
9885
9865
9922
9816
9947
9913
9910
9935
9902
9893
9931
9961
9953
9907
9766
9877
9754
9936
9900
9829
10000
9948
9907
9936
9878
9912
9948
9847
9934
9877
9868
9900
9931
9976
9965
9952
9910
9949
9782
9859
9954
9912
9876
9928
9980
9962
9882
9816
9843
9834
9958
9921
9960
9883
9789
9887
9985
9951
9891
9995
9866
9921
9908
9969
9890
9857
9852
9901
9896
9958
9998
9907
9769
9951
9876
9910
9948
9951
9901
9800
9888
9886
9952
9927
9925
9906
9962
9995
9833
9948
9956
9893
9984
9878
9887
9933
9748
9917
9913
9746
9816
9923
9871
9959
9912
9869
9915
9804
9891
9915
9979
9938
9863
9922
9909
9861
9917
9945
9867
9948
9803
9867
9847
9904
9869
9915
9803
9926
9824
9821
9929
9948
9969
9909
9844
9858
9886
9982
9966
9895
9973
9959
9959
9744
9946
9906
9934
9892
9939
9929
9956
9872
9887
9932
9973
9842
9835
9963
9975
9914
9894
9938
9859
9982
9958
9947
9898
9906
9978
9888
9929
9851
9960
9927
9814
9974
9937
9897
9926
9896
9914
9953
9916
9971
9892
9926
9915
9874
9916
9793
9959
9881
9847
9867
9866
9837
9883
9823
9960
9812
9830
9804
9877
9889
9834
9961
9949
9828
9938
9949
9908
9916
9940
9935
9855
9864
9918
9905
9902
9958
9997
9940
9980
9896
9831
9909
9932
9913
9922
9858
9916
9873
9883
9922
9664
9916
9896
9889
9987
9906
9937
9923
9957
9875
9875
9945
9835
9957
9931
9912
9930
9941
9948
9861
9973
9873
9928
9819
9880
9962
9919
9902
9985
9839
9871
9938
9757
9871
9935
9840
9846
9858
9956
9948
9909
9844
9918
9787
9965
9914
9923
9960
9931
9992
9975
10000
9806
9885
9880
9864
9922
9929
9864
9954
9940
9877
9730
9956
9978
9950
9829
9880
9931
9946
9915
9793
9837
9873
9884
9900
9844
9889
9894
9802
9913
9961
9922
9864
9905
9959
9943
9980
9973
9825
9887
9963
9893
9897
9985
9857
9782
9751
9954
9904
9844
9999
9879
9871
9916
9969
9949
9903
9920
9870
9826
9929
9872
9750
9904
9889
9947
9902
9882
9970
9923
9943
9944
9974
9876
9857
9834
9886
9864
9939
9986
9902
9859
9959
9907
9962
9913
9886
9877
9986
9850
9944
9860
9967
9901
9844
9917
9883
9989
9938
9865
9936
9927
9906
9914
9904
9894
9894
9873
9858
9804
9938
9916
9918
9906
9911
9981
9899
9589
9940
9933
9908
9897
9928
9859
9761
9877
9895
9895
9857
9870
9914
9924
9977
9979
9876
9877
9898
9874
9843
9853
9948
9860
9717
9874
9939
9818
9964
9992
9937
9925
9910
9914
9889
9848
9887
9946
9981
9824
9892
9922
9886
9954
9993
9916
9832
9922
9958
9838
9891
9936
9924
9887
9860
9909
9934
9891
9959
9930
9910
9944
9977
9865
9915
9951
9857
9952
9907
9915
9908
9970
9934
9828
9889
9856
9818
9950
9964
9860
9906
9961
9908
9994
9924
9934
9890
9844
9782
9906
10000
9964
9896
9788
9943
9796
9877
9841
9959
9910
9941
9858
9892
9950
9650
9863
9876
9906
9914
9921
9792
9943
9956
9889
9845
9913
9952
9931
9916
9874
9873
9911
9857
9818
9809
9904
9787
9857
9915
9961
9942
9884
9812
9908
9918
9957
9961
9914
9811
9826
9892
9959
9968
9787
9916
9939
9946
9912
9937
9940
9948
9982
9864
9866
9846
9917
9865
9829
9955
9933
9847
9944
9947
9908
9865
9903
9846
9920
9918
9944
9910
9865
9949
9912
9960
9956
9948
9833
9948
9784
9945
9918
9820
9857
9857
