9921
9919
9958
9870
9879
9950
9789
9922
9908
9923
9879
9858
9870
9925
9909
9881
9830
9899
9899
9863
9846
9847
9864
9955
9897
9798
9897
9941
9927
9937
9916
9880
9922
9847
9711
9934
9962
9995
9927
9867
9886
9912
9896
9825
9924
9956
9727
9976
9949
9867
9950
9932
9915
9825
9802
9948
9994
9894
9880
9934
9909
9886
9931
9953
9921
9897
9932
9957
9941
9989
9819
9949
9894
9921
9949
9894
9914
9919
9983
9847
9962
9933
9912
9936
9870
9949
9938
9913
9861
9999
9961
9879
9886
9925
10000
9913
9943
9904
9918
9943
9886
9915
9847
9922
9871
9859
9907
9790
9929
9943
9887
9874
9830
9838
9756
9979
9884
9893
9968
9860
9912
9958
9902
9904
9827
9892
9915
9962
9844
9928
9969
9898
9915
9886
9916
9952
9969
9822
9958
9941
9940
9848
9774
9971
9955
9897
9985
9951
9900
9966
9702
9853
9892
10000
9917
9843
9838
9936
9917
9813
9978
9827
9907
9766
9752
9858
9969
9926
9805
9700
9907
9885
9734
9894
9903
9899
9941
9942
9794
9889
9908
9857
9916
9832
9926
9930
9937
9952
9998
9831
9931
9854
9962
9829
9806
9982
9850
9842
9975
9883
9893
9895
9914
9936
9955
9891
9868
9951
9909
9760
9916
9915
9923
9871
9863
9860
9829
9908
9895
9964
9933
9774
9803
9800
9993
9933
9890
9919
9819
9944
9877
9966
9918
9990
9874
9891
9833
9839
9927
9954
9997
9969
9932
9818
9842
9894
9928
9938
9872
9905
9930
9902
9988
9789
9924
9982
9824
9950
9808
9811
9921
9927
9803
9839
9847
9948
9816
9927
9933
9872
9711
9929
9897
9776
9888
9814
9801
9936
9873
9946
9827
9848
9890
9915
9945
9858
9929
9964
9947
9961
9932
9911
9868
9870
9916
9940
9870
9917
9902
9982
9912
9993
9857
9930
9828
9855
9906
9972
9921
9870
9786
9948
9868
9910
9934
9923
9877
9897
9948
9856
9956
9829
9947
9847
9893
9836
9917
9968
9900
9897
9933
9961
9975
9905
9882
9941
9950
9943
9972
9862
9969
9923
9997
9882
9963
9867
9815
9974
9914
9937
9878
9978
9977
9998
9914
9903
9885
9841
9867
9985
9883
9857
9904
9906
9958
9932
9950
9952
9978
9869
9881
9960
9815
9903
9886
9952
9887
9877
9911
9923
9919
9927
9945
9892
9903
9913
9847
9873
9906
9922
9867
9866
9889
9919
9883
9905
9956
9926
10000
9924
9879
9980
9843
9906
9742
9975
9971
9936
9944
9868
9949
9955
9918
9815
9934
9920
9933
9967
9954
9922
9873
9954
9915
9925
9822
9879
9943
9920
9796
9873
9950
9895
9928
9890
9905
9895
9996
9930
9901
9960
9911
9871
9915
9810
9951
9807
9812
9900
9835
9889
9921
9971
9892
9745
9828
9972
9973
9875
9914
9855
9953
9970
9991
9925
9809
9928
9937
9946
9900
9932
9898
9823
9909
9940
9935
9829
9976
9916
9827
9799
9867
9900
9888
9805
9944
9923
9896
9905
9983
9871
9931
9910
9997
9928
9870
9946
9948
9819
9879
9921
9869
9844
9855
9934
9840
9951
9890
9834
9952
9847
9951
9951
9957
9924
9897
9944
9915
9993
9901
9866
9826
9990
9881
9906
9996
9818
9918
9997
9855
9939
9824
9933
9911
9918
9863
9827
9988
9850
9891
9893
9888
9907
9870
9930
9988
9912
9897
9846
9973
9893
9907
9947
9961
9902
9901
9940
9931
9917
9844
9958
9904
9951
9917
9893
9931
9877
9949
9933
9957
9911
9800
9822
9938
9808
9809
9912
9906
9991
9978
9861
9953
9937
9944
9806
9970
9791
9906
9917
9807
9956
9942
9904
9921
9838
9979
9910
9891
9895
9957
9889
9871
9980
9890
9916
9841
9915
9889
9846
9827
9897
9933
9936
9935
9911
9937
9930
9772
9858
9950
9938
9860
9922
9926
9927
9771
9808
9883
9959
9919
9886
9949
9933
9937
9912
9894
9806
9924
9739
9941
9894
9977
9932
9848
9966
9854
9851
9912
9967
9994
9950
9901
9953
9790
9948
9958
9875
9914
9913
9770
9947
9965
9960
9947
9959
9943
9897
9820
9960
9941
9778
9845
9900
9958
9772
9832
9936
9834
9942
9919
9961
9974
9927
9809
9931
9749
9958
9973
9939
9904
9883
9875
9928
9823
9889
9950
9824
9976
9959
9822
9917
9894
9868
9885
9898
9893
9896
9920
9951
9870
9922
9835
9870
9821
9906
9971
9917
9911
9943
9944
9862
9813
9822
9834
9926
9759
9940
9889
9808
9968
9859
9854
9898
9917
9958
9907
9942
9897
9939
9736
9787
9902
9884
9917
9909
9925
9880
9889
9954
9960
9957
9853
9940
9921
9887
9942
9915
9864
9932
9924
9972
9996
9844
9848
9881
9998
9926
9765
9911
9924
9946
9908
9886
9940
9871
9947
9934
9891
9857
9840
9946
9675
9917
9926
9874
9953
9915
9879
9935
9696
9904
9959
9953
9888
9949
9909
9848
9945
9883
9797
9891
9944
9929
9974
9939
9923
9977
9906
9956
9944
9935
9927
9918
9875
9978
9954
9932
9953
9821
9945
9837
9943
9929
9910
9807
9842
9925
9869
9987
9938
9945
9691
9928
9923
9942
9913
9832
9942
9856
9932
9959
9876
9841
9964
9895
9963
9886
9991
9818
9964
9940
9928
9783
9802
9851
9965
9988
9916
9885
9896
9901
9950
9931
9946
9923
9847
9606
9941
9965
9929
9866
9914
9945
9975
9988
9892
9898
9900
9849
9822
9931
9909
9895
9898
9927
9960
9946
9907
9859
9942
9916
9832
9831
9768
9827
9916
9849
9786
9955
9913
9904
9934
9867
9961
9882
9917
9899
9902
9939
9849
9920
9953
9921
9937
9921
9941
9883
9958
9927
9960
9758
9843
9890
9941
9893
9806
9914
9934
9864
9856
9966
9813
9861
9941
9966
9962
9904
9818
9957
9971
9988
9879
9913
9850
9884
9939
9804
9921
9877
9794
9952
9933
9945
9897
9877
9865
9947
9920
9868
9909
9944
9970
9957
9915
9989
9957
9847
9925
9914
9953
9907
9735
9872
9956
9833
9918
9933
9929
9910
9847
9907
9904
9987
9914
9927
9889
9930
9990
9952
9787
9881
9927
9923
9901
9779
9921
9869
9841
9879
9864
9980
