9957
9971
9924
9991
9779
9860
9959
9924
9941
9926
9951
9963
9980
9861
9960
9981
9946
10000
9999
9870
9881
9919
9941
9915
9927
9983
9887
9871
9992
9970
9870
9930
9891
10000
9969
9899
9976
9910
9903
9991
9941
9917
9990
9988
9925
9964
9990
9927
9901
9977
9937
9932
10000
9955
9863
9898
9891
9827
9920
9990
9818
9824
9953
9900
9839
9956
9954
9926
9968
9929
9991
9999
9968
9835
9998
9919
9828
9947
9842
9944
9875
9922
9908
9977
9947
9992
9864
9997
9981
9890
9998
9994
9985
9862
9982
9954
9976
9952
9722
9982
9968
9942
9880
9983
9957
9913
9973
9962
9947
9944
9965
9909
9915
9932
9947
9923
9804
9909
9926
9958
9989
9912
9990
9983
9998
9986
9840
9928
9890
9970
9999
9936
9938
9854
9765
9994
10000
9940
9977
9919
9987
9992
9976
9937
9985
9947
9991
9956
9933
9957
9908
9905
9876
9842
9892
9903
9891
9828
9941
9811
9923
9866
9904
9879
9931
9922
9881
9911
9946
9953
9732
9829
9982
9959
9954
9955
9912
9793
9881
9991
9939
9853
9967
9974
9808
9878
9773
9883
9986
9895
9751
9947
9997
9935
9931
9998
9940
9872
9890
9712
9902
9987
9939
9882
9945
9938
9961
9956
9955
9948
9976
9996
9846
9992
9920
9834
9866
9878
9882
9999
9928
9806
9867
9892
9829
9919
9940
9932
9939
9984
9989
10000
9939
10000
9861
9919
9891
9989
9928
9882
9996
9995
9887
9910
9907
9998
9935
10000
9906
9986
9920
9771
9878
9997
9999
9959
9816
9911
9759
9880
9956
9848
9942
9879
9858
9856
9904
10000
9956
9943
9972
9874
9983
9917
9905
9937
9957
9928
9998
9958
9835
9843
9829
9974
9890
9996
9865
9903
9948
9948
9971
9997
9938
9828
9747
9946
9891
9931
9990
9970
9998
9943
9937
9965
9874
9969
9997
9873
9969
9935
9954
9901
9977
9838
9963
9996
9906
9841
9968
9993
9862
9931
9977
9984
9944
9924
9963
9937
9947
9827
9972
9866
9859
9985
9986
9912
9835
9994
9979
9986
9949
9956
9852
10000
9773
9926
9851
9921
9928
9922
9931
9831
9970
9893
9894
9867
9995
9928
9898
9922
9932
9963
9943
9903
9937
9917
9939
9828
9856
9955
9834
9993
9990
9941
9982
9891
9965
9998
9939
9929
9920
9938
9954
9941
9995
9948
9882
9994
9857
9957
9964
10000
9900
9987
9964
9974
9931
9915
9992
9910
9959
9978
9957
9871
9921
9853
9832
9885
9943
9946
9948
9936
9999
9941
9997
10000
9971
9976
9950
9929
9756
9872
9963
9998
9977
9918
9893
9977
9970
9947
9941
9955
9944
9921
9869
9969
9883
9890
9949
9895
9955
9831
9973
9958
9972
9868
9926
9891
9851
9926
9981
9939
9966
9920
9839
9931
9970
9966
9826
9981
9857
9873
9963
9962
9882
9944
10000
9980
9927
9922
9954
9943
9928
9942
9878
9858
9959
9896
9948
9855
9999
9996
9853
9920
9997
9968
9974
9989
9873
9862
9791
9965
9823
9976
9793
9977
9989
9986
9939
9999
9976
9915
9875
9880
9974
9749
9958
9989
9840
9914
9967
9936
9875
9927
9826
9887
9844
9886
9987
9942
9976
9978
9983
9865
9878
9944
9742
9816
9974
9939
9992
9922
9915
9916
9995
9971
9587
9891
9927
9925
9788
9968
9999
9930
9889
9923
9930
9944
9862
9910
9911
9997
9940
9907
9913
9936
9895
9874
9994
9758
9918
9848
9987
9980
9831
9841
9949
9992
9960
9855
9884
9985
9796
9994
9938
9882
10000
9810
9909
9921
9883
9952
9892
9901
9930
9841
9954
9971
9946
9874
10000
9950
9988
9935
9908
9963
9906
9984
9922
9898
9932
9964
9877
9735
9821
9953
9876
9804
9948
9999
9806
9930
9999
9867
9887
9812
9870
9906
9910
9968
9905
9908
9979
9904
9955
9977
9932
9860
9913
9921
9990
9803
9973
9996
9953
9998
9890
9864
9794
9882
9949
9950
9810
9982
9926
9995
9983
9988
9945
9998
9918
9871
9988
9999
9973
9903
9942
9778
9900
9955
9933
9993
9921
9995
9962
9987
9987
9730
9890
9992
9911
9919
9917
9915
9940
9988
9966
9807
9933
9899
9828
9963
9759
9920
9922
9993
9936
9967
9997
9899
9928
9949
9937
9974
9959
9912
9917
9948
9990
9999
9911
9912
9991
9868
9936
9934
9890
9876
9998
9919
9945
9931
9859
9932
9932
9899
9989
9943
9894
9934
9881
9996
9975
9999
9981
9875
9972
9933
9914
9993
9975
9990
9998
9990
9930
9907
9888
9952
9977
9892
9942
9886
9906
9906
10000
9947
9892
9884
9968
9982
9843
9932
9925
9879
9882
9884
9887
9950
9857
9890
9944
9672
9946
9978
9935
9833
10000
9895
9974
9955
9960
9728
9938
9996
9871
9893
9953
9992
9961
9813
9992
9948
9789
9927
9907
9981
9989
9917
9994
9879
9965
9945
9973
9890
9954
9918
9969
9828
9820
9945
9827
9965
9939
9977
9869
9994
9840
9917
9954
9982
9847
9999
9996
9927
9816
9846
9971
9941
9910
9865
9916
9898
9932
9894
9916
9860
9947
9895
9929
9963
9906
9956
9937
9977
9917
9866
9857
9934
9928
9939
9908
9938
9920
9967
9871
9999
9976
9989
9898
9823
9995
9940
9926
9959
9821
9960
9936
9967
9772
9709
9983
9990
9991
9914
9913
9906
9947
9986
9873
9957
9941
9889
10000
9874
9911
9936
9951
9927
9997
9783
9797
9836
9868
9913
9932
9975
9860
9980
9854
9941
9915
9920
9969
9938
9811
9946
9892
9999
9754
9936
9977
9910
9867
9927
9838
9906
9861
9991
9985
9914
9977
9996
9979
9851
9939
9866
9854
9842
9941
9932
9890
9880
9900
9931
9956
9951
9927
9943
9907
9878
9889
9901
9912
9990
9860
9979
9874
9895
9927
9918
10000
9999
9986
9903
9897
9956
9819
9865
9828
9986
9935
9957
9892
9776
9979
9910
9987
9981
9999
9930
9870
9916
9922
9938
9843
9976
9984
9919
9944
9991
9966
9995
9937
9781
9945
9896
9842
9769
9981
9907
9848
9964
9956
9932
9963
9958
9959
9927
9843
9996
9914
9965
9899
9891
9948
9878
9911
9931
9987
9912
