9956
9873
9878
9911
9772
9924
9876
9947
9972
9915
9840
9922
9972
9895
9886
9843
9916
9812
9971
9804
9930
9888
9795
9914
9886
9938
9962
9845
9856
9933
9919
9934
9997
9836
9861
9861
9849
9923
9931
9962
9848
9828
9939
9931
9910
9930
9942
9999
9911
9904
9839
9829
9906
9963
9970
9927
9917
9929
9895
9894
9924
9853
9980
9941
9883
9885
9917
9869
9976
9924
9944
9906
9935
9930
9952
9873
9795
9945
9934
9930
9990
9893
9973
9847
9851
9788
9851
9893
9886
9849
9929
9971
9997
9961
9900
9924
9889
9882
9889
9894
9905
9963
9926
9896
9919
9902
9907
9889
9901
9950
9811
9945
9842
9964
9893
9732
9965
9762
9961
9966
9903
9904
9975
9840
9960
9993
9886
9949
9886
9958
9856
9972
9948
9876
9958
9932
9874
9875
9891
9939
9942
9954
9897
9880
9864
9822
9986
9810
9961
9831
9764
9798
9913
9962
9911
9909
9880
9899
9966
9900
9923
9850
9930
9923
9875
9915
9915
9926
9913
9979
9905
9882
9863
9968
9860
9871
9879
9952
9900
9926
9947
9918
9981
9950
9930
9950
9830
9741
9878
9976
9838
9968
9906
9916
9895
9946
9953
9950
9875
9930
9925
9920
9882
9964
9872
9850
10000
9902
9924
9941
9945
9953
9952
9818
9932
9939
9844
9938
9792
9772
9852
9888
9864
9786
9960
9806
9884
9750
9923
9985
9947
9915
9828
9917
9949
10000
9985
9943
9944
9942
9870
9907
9842
9978
9875
9942
9856
9971
9895
9886
9996
9957
9932
9959
10000
9944
9950
9860
9922
9893
9840
9937
9965
9952
9897
9925
9981
9870
9945
9896
9890
9918
9920
9899
9953
9989
9869
9907
9912
9965
9883
9921
9916
9873
9997
9948
9973
9896
9955
9942
9866
9949
9803
9881
9969
9964
9982
9907
9916
9906
9926
9863
9927
9905
9913
9908
9951
9794
9962
9902
9893
9915
9812
9948
9916
9875
9939
9944
9960
9944
9845
9953
9917
9937
9902
9858
9915
9894
9904
9791
9951
9876
9913
9882
9938
9954
9916
9934
9904
9815
9807
9893
9852
9842
9948
9950
9856
9943
9952
9874
9861
9969
9881
9885
9916
9932
9817
9812
9858
9875
9951
9842
9918
9900
9946
9903
9967
9915
9967
9852
9877
9899
9831
9833
9794
9943
9811
9885
9858
9885
9833
9740
9986
9895
9953
9848
9890
9902
9943
9920
9905
9946
9967
9985
9923
9964
9740
9999
9903
9794
9883
9908
9905
9983
9867
9842
9928
9789
9943
9925
9870
9904
9925
9936
9921
9955
9929
9873
9922
9879
9831
9905
9731
9888
9965
9860
9895
9976
9909
9996
9833
9780
9694
9830
9887
9935
9924
9969
9952
9843
9908
9952
9894
9977
9952
9965
9910
9988
9871
9886
9866
9939
9942
9891
9750
9852
9891
9875
9877
9927
9963
9908
9933
9753
9984
9890
9855
9968
9991
9973
9951
9930
9970
9956
9915
9995
9882
9893
9879
9878
9832
9844
9848
9887
9875
9895
9956
9943
9846
9922
9984
9802
9955
9824
9937
9935
9920
9803
9916
9818
9831
9797
9883
9905
9930
9893
9937
9921
9941
9892
9919
9878
9919
9851
9941
9921
9927
9908
9876
9865
9901
9903
9908
9995
9777
9931
9929
9832
9971
9876
9958
9946
9938
9880
9912
9961
9953
9973
9966
9885
9870
9820
9823
9945
9929
9894
9909
9859
9979
9970
9873
9868
9886
9951
9854
9915
9876
9928
9878
9941
9906
9947
9919
9918
9878
9802
9877
9874
9865
9959
9930
9889
9933
9904
9952
9952
9923
9902
9915
9969
9892
9801
9902
9948
9895
9900
9956
9842
9952
9886
9931
9832
9869
9908
9873
9912
9776
9948
9914
9790
9846
9881
9897
9850
9902
9826
9938
9855
9954
9955
9961
9965
9959
9901
9968
9922
9950
9918
9935
9963
9925
9927
9970
9917
9966
9960
9952
9901
9983
9938
9855
9925
9982
9945
9884
9898
9899
9882
9855
9987
9931
9966
9825
9888
9894
9965
9949
9878
9995
9913
9972
9966
9966
9957
9912
9709
9893
9824
9956
9985
9895
9925
9961
9914
9911
9873
9875
9915
9913
9860
9903
9910
9890
9838
9954
9967
9848
9939
9937
9933
9858
9861
9880
9901
9888
9908
9984
9883
9858
9900
9898
9910
9855
9841
9937
9825
9910
9907
9931
9922
9963
9895
9690
9934
9934
9799
9856
9916
9938
9956
9983
9817
9934
9937
9892
9902
9915
9897
9902
9942
9921
9904
9935
9848
9872
9951
9956
9913
9892
9946
9962
9814
9967
9934
9921
9839
9952
9965
9951
9968
9860
9953
9692
9946
9922
9832
9958
9788
9859
9924
9943
9973
9938
9922
9936
9906
9915
9931
9845
9831
9924
9974
9932
9929
9915
9944
9874
9919
9949
9901
9931
9967
9898
9968
9927
9858
9904
9993
9870
9785
9897
9993
9915
9855
9918
9898
9844
9951
9759
9999
9861
9997
9957
9749
9923
9932
9830
9917
9924
9881
9818
9963
9863
9940
9869
9905
9891
9983
9776
9925
9956
9866
9966
9870
9893
9915
9875
9853
9953
9851
9911
9787
9994
9915
9880
9905
9872
9841
9754
9917
9914
9996
9872
9931
9885
9922
9835
9816
9928
9918
9896
9955
9908
9936
9910
9934
9947
9909
9957
9832
9866
9837
9852
9880
9834
9959
9958
9939
9837
9858
9956
9930
9752
9804
9974
9896
9877
9855
9947
9876
9723
9885
9887
9868
9804
9915
9875
9899
9860
9889
9873
9862
9923
9827
9935
9923
9944
9915
9967
9868
9905
9872
9895
9898
9871
9966
9972
9924
9969
9922
9838
9877
9895
9936
9928
9896
9951
9810
9820
9875
9904
9944
9917
9839
9795
9883
9924
9810
9936
9913
9977
9890
9860
9848
9794
9954
9895
9951
9925
9895
9917
9912
9956
9985
9945
9914
9922
9917
9932
9877
9847
9977
9974
9899
9920
9990
9976
9948
9842
9855
9847
9816
9952
9879
9792
9976
9872
9895
9944
9808
9978
9873
9966
9884
9844
9796
9993
9914
9895
9862
9988
9899
9934
9901
9888
9902
9864
9946
9961
9913
9946
9736
9830
9967
9964
9862
9919
9874
10000
9928
9975
9913
9894
9888
9828
9892
9992
9968
9953
9995
