9898
9932
9972
9938
9875
9985
9813
9832
9983
9760
9881
9924
9963
9886
9947
9805
9916
9955
9832
9850
9885
9894
9942
9902
9912
9927
9912
9900
9994
9901
9968
9917
9864
9716
9962
9953
9912
9881
9807
9938
9978
9865
9944
9952
9944
9994
9959
9935
9966
9906
9929
9883
9957
9861
9925
9852
9737
9950
9859
9771
9973
9861
9875
9941
9937
9929
9849
9841
9986
9939
9896
9882
9833
9848
9941
9828
9879
9929
9855
9821
9997
9937
9880
9975
9915
9890
9946
9951
9918
9796
9936
9902
9931
9982
9931
9977
9921
9828
9929
9849
9945
9903
9854
9955
9967
9967
9799
9967
9900
9925
9918
9963
9783
9919
9932
9850
9879
9859
9833
9791
9905
9975
9959
9966
9972
9934
9863
9894
9916
9923
9846
9879
9960
9802
9750
9993
9942
9893
9533
9854
9852
9882
9884
9935
9873
9932
9868
9969
9958
9931
9964
9947
9925
9937
9817
9990
10000
9881
9907
9764
9905
9821
9909
9897
9884
9972
9917
9990
9954
9880
9875
9949
9865
9912
9832
9814
9957
9990
9792
9879
9731
9939
9971
9956
9845
9933
9907
9916
9994
9961
9835
9918
9928
9813
9817
9880
9936
9998
9899
9956
9869
9997
9900
9986
9738
9897
9930
9974
9750
9858
9872
9918
9786
9860
9899
9917
9983
9966
9912
9916
9928
9811
9913
9940
9843
9929
9974
9919
9985
9954
9888
9735
9975
9974
9858
9902
9964
9891
9946
9924
9979
9946
9909
9980
9948
9940
9883
9961
9937
9888
9851
9765
9923
9977
9961
9828
9907
9897
9851
9898
9912
9876
9955
9860
9941
9825
9892
9937
9952
9869
9968
9897
9880
9830
9931
9889
9816
9783
9915
9946
9814
9965
9919
9929
9831
9855
9793
9871
9940
9926
9827
9748
9896
9780
9806
9930
9958
9894
9907
9933
9963
9894
9966
9947
9848
9851
9844
9883
9917
9846
9936
9867
9886
9889
9923
9912
9876
9953
9896
9975
9876
9935
9800
9893
9769
9859
9989
9995
9965
9936
9956
9962
9946
9997
9893
9918
9988
9811
9956
10000
9941
9992
9834
9905
9923
9855
9728
9948
9888
9919
9943
9867
9887
9798
9947
9917
9918
9824
9926
9929
9799
9885
9952
9817
9898
9843
9839
9891
9938
9904
9965
9817
9928
9849
9966
9853
9815
9950
9876
9877
9911
9869
9959
9933
9873
9879
9959
9859
9994
9896
9947
9881
9969
9928
9912
9926
9916
9941
9947
9833
9972
9876
9859
9955
9781
9747
9892
9944
9907
9857
9919
9906
9884
9820
9963
9893
9916
9903
9869
9877
9840
9873
9860
9815
9977
9978
9868
9977
9937
9981
9875
9931
9850
9821
9860
9932
9951
9919
9908
9932
9932
9872
9940
9796
9885
9955
9930
9887
9973
9900
9982
9879
9957
9979
9851
9951
9923
9917
9884
9847
9929
9895
9915
9887
9926
9944
9872
9917
9938
9822
9921
9830
9947
9880
9937
9898
9953
9945
9876
9980
9828
9920
9880
9925
9828
9909
9909
9825
9790
9913
9843
9971
9758
9959
9911
9997
9782
9942
9829
9941
9944
9838
9793
9840
9841
9945
9952
9793
9747
9822
9870
9992
9862
9871
9908
9925
9902
9934
9869
9915
9965
9976
9928
9800
9963
9882
9900
9899
9888
9965
9758
9972
9857
9780
9825
9866
9889
9910
9931
9943
9973
9810
9918
9831
9886
9894
9962
9910
9868
9891
9965
9873
9940
9940
9824
9891
9938
9863
9861
9969
9812
9803
9895
9802
9930
9860
9953
9905
9844
9907
9862
9898
9924
9946
9940
9946
9858
9956
9922
9894
9918
9915
9677
9898
9896
9912
9911
9871
9858
9863
9857
9913
9970
9886
9891
9903
9833
9886
9912
9849
9847
9856
9993
9924
9915
9923
9931
9970
9901
9932
9754
9931
9886
9849
9951
9998
9905
9915
9921
9964
9960
9877
9858
9954
9942
9839
9959
9972
9896
9918
9955
9912
9889
9978
9942
9852
9911
9973
9977
9938
9841
9866
9876
9953
9911
9997
9956
9857
9842
9829
9913
9908
9881
9870
9964
10000
9905
9941
9813
9979
9939
9866
9851
9950
9883
9955
9831
9910
9909
9885
9881
9928
9982
9829
9889
9729
9916
9866
9866
9887
9891
9911
9987
10000
9953
9789
9944
9857
9905
9976
9905
9831
9757
9990
9891
9918
9962
9923
9926
9917
9924
9951
9944
9893
9928
9938
9892
9945
9969
9928
9895
9964
9923
9806
9990
9948
9726
9921
9772
9895
9804
9968
9882
9926
9926
9850
9940
9917
9839
9881
9915
9956
9868
9892
9869
9876
9881
9928
9932
9918
9928
9921
9829
9911
9929
9898
9903
9858
9981
9866
9960
9930
9893
9985
9935
9930
9743
9797
9856
9921
9880
9990
9919
9879
9981
9900
9935
9800
9996
9895
9937
9937
9908
9909
9907
9962
9797
9921
9973
9854
9961
9900
9873
9948
9976
9919
9856
9925
9866
9902
9924
9989
9927
9916
9984
9805
9891
9906
9890
9926
9890
9926
9878
9829
9903
9936
9971
9846
9909
9954
9982
9845
9817
9914
9834
9827
9957
9820
9775
9920
9826
9932
9987
9952
9854
9968
9895
9955
9845
9917
9896
9876
9919
9912
9976
9900
9885
9828
9880
9957
9938
9908
9888
9928
9934
9988
9875
9880
9892
9801
9896
9886
9927
9864
9954
9926
9961
9931
9944
9921
9803
9885
9862
9998
9872
9937
9915
9939
9801
9988
9863
9845
9888
9886
9871
9944
9830
9921
9876
10000
9929
9843
9945
9931
9937
9886
9907
9817
9901
9876
9902
9927
9883
9979
9894
9926
9901
9888
9959
9980
9947
9923
9972
9867
9897
9966
9958
9954
9931
9949
9956
9970
9917
9921
10000
9980
9950
9980
9920
9913
9885
9933
9804
9919
9923
9909
9879
9912
9884
9890
9850
9955
9866
9944
9978
9923
9956
9850
9741
9963
9830
9954
9951
9858
9817
9784
9864
9884
9923
9837
9952
9960
9991
9940
9852
9935
9900
9958
9857
9893
9911
9930
9898
9935
9985
9918
9997
9980
9803
9788
9870
9937
9932
9912
9864
9915
9812
9925
9989
9916
9786
9887
9940
9948
9722
9949
9971
9770
9904
9912
9828
9918
9889
9882
9942
9929
9833
9897
9859
9863
