9955
9920
9942
9911
9924
9925
9926
9897
9952
9921
9904
9945
9925
9966
9998
9934
9884
9882
9927
9784
9885
9943
9985
9917
9908
9895
9847
9928
9892
9941
9827
9928
9883
9880
9938
9915
9838
9923
9914
9928
9974
9807
9899
9894
9876
9979
9818
9953
9924
9773
9902
9867
9914
9825
9739
9646
9985
9928
9922
9875
9820
9931
9972
9740
9939
9961
9918
9893
9930
9916
9875
9855
9903
9859
9842
9902
9826
9977
9880
9880
9937
9914
9901
9845
9834
9945
9888
9914
9976
9922
9817
9893
9800
9923
9847
9945
9931
9877
9807
9858
9898
9862
9980
9940
9953
9836
9965
9942
9942
9955
9973
9703
9963
9919
9993
9844
9919
9939
9858
9802
9934
9862
9890
9984
9934
9830
9914
9984
9893
9770
9924
9950
9974
9996
9930
9857
9950
9873
9938
9889
9859
9900
9916
9947
9897
9877
9745
9926
9950
9874
9894
9881
9841
9874
9859
9916
9871
9916
9967
9868
9887
9939
9933
9911
9952
9912
9944
9922
9881
9911
9916
9863
9958
9966
9911
9980
9886
9870
9949
9943
9920
9939
9869
9908
9969
9870
9799
9950
9978
9963
9881
9954
9892
9905
9889
9884
9932
9917
9790
9969
9962
9923
9918
9928
9876
9942
9918
9949
9958
9966
9924
9905
9854
9867
9943
9887
9894
9963
9841
9903
9826
9674
9919
9822
9879
9841
9935
9976
9802
9865
9916
9939
9909
9897
9939
9914
9958
9962
9908
9955
9912
9840
9902
9824
9912
9964
9874
9922
9881
9988
9977
9910
9844
9951
9901
9899
9816
9899
9944
9905
9911
9944
9920
9923
9946
9867
9894
9892
9885
9808
9881
9880
9926
9906
9823
9890
9995
9877
9986
9932
9979
9897
9943
9999
9833
9750
9929
9829
9963
9955
9948
9809
9937
9873
9883
9911
9932
9933
9926
9873
9898
9672
9936
9967
9946
9980
9869
9933
9878
9719
9914
9948
9849
9971
9982
9851
9814
9940
9972
9976
9933
9771
9936
9930
9798
9933
9935
9953
9880
9772
9970
9925
9878
9923
9869
9907
9896
9874
9929
9899
9841
9857
9889
9913
9901
9951
9942
9828
9942
9866
9931
9841
9796
9913
9860
9915
9986
9859
9928
9954
9956
9757
9846
9940
9926
9898
9853
9857
9947
9854
9927
9961
9888
9751
9887
9916
9945
9902
9888
9946
9955
9983
9862
9911
9965
9959
9838
9782
9991
9932
9869
9966
9936
9936
9954
9751
9848
9905
9964
9896
9760
9859
9944
9933
9838
9954
9898
9880
9965
9833
9913
9874
9901
9980
9825
9897
9883
9943
9861
9855
9873
9916
9836
9815
9926
9883
9923
9992
9876
9902
9884
9963
9792
9848
9906
9851
9914
9964
9883
9847
9908
9957
9892
9967
9938
9983
9901
9904
9859
9929
9901
9926
9922
9901
9946
9859
9946
9809
9899
9958
9961
9869
9991
9875
9889
9833
9767
9943
9926
9989
9862
9943
9918
9933
9985
9882
9954
9968
9901
9845
9880
9919
9709
9799
9856
9929
9869
9920
9895
9859
9947
9808
9935
9969
9941
9961
9850
9941
9872
9801
9747
9823
9790
9972
9947
9886
9777
9856
9901
9958
9923
9945
9924
9967
9961
9833
9920
9924
9912
9925
9944
9969
9863
9995
9902
9861
9998
9891
9885
9945
9962
9887
9917
9990
9913
9737
9764
9750
9903
9913
9867
9940
9968
9927
9763
9851
9945
9894
9939
9937
9890
9999
9842
9975
9934
9941
9831
9899
9896
9857
9991
9959
9837
9923
9945
9888
9881
9958
9885
9983
9986
9854
9852
9849
9936
9961
9822
9917
9714
9951
9959
9946
9970
9890
9868
9961
9924
9973
9907
9933
9873
9869
9965
9894
9936
9905
9847
9884
9925
9947
9825
9776
9800
9921
9912
9885
9868
9860
9859
9918
9815
9926
9995
9951
9918
9927
9849
9968
9948
9851
9801
9901
9782
9873
9949
9861
9785
9946
9804
9788
9951
9889
9843
9909
9985
9924
9961
9882
9931
9875
9880
9911
9939
9952
9944
9913
9851
9945
9740
9859
9911
9984
9883
9932
9915
9849
9881
9772
9878
9925
9997
9874
9913
9988
9847
9841
9851
9863
9983
9915
9960
9962
9883
9997
9986
9941
9890
9952
9874
9938
9969
9787
9889
9896
9833
9988
9977
9945
9907
9906
9881
9887
9856
9856
9903
9930
9875
9954
9950
9783
9921
9877
9908
10000
9902
9869
9942
9856
9807
9941
9987
9945
9930
9953
9945
9920
9959
9967
9893
9952
9807
9909
9950
9837
9995
9934
9883
9911
9920
9835
9940
9746
9909
9754
9892
9928
9908
9983
9881
9886
9791
9889
9923
9864
9825
9781
9887
9924
9948
9827
9980
9919
9916
9933
9912
9873
9924
9877
9850
9973
9983
9971
9885
9842
9961
9834
9894
9911
9969
9887
9941
9906
9832
9859
9915
9938
9915
9951
9889
9914
9932
9842
9939
9895
9896
9911
9935
9990
9985
9975
9968
9878
9875
9912
9859
9844
9891
9866
9844
9910
9885
9932
9902
9807
9962
9960
9882
9988
9903
9920
9918
9853
9949
9905
9953
9916
9902
9932
9763
9943
9951
9901
9953
9925
9870
9884
9996
9884
9936
9761
9910
9877
9926
9942
9976
9837
9955
9891
9961
9917
9965
9918
9928
9878
9903
9835
9887
9882
9904
9867
9960
9815
9954
9983
9862
9961
9928
9893
9794
9846
9834
9793
9933
9926
9883
9873
9850
9980
9873
9926
9787
9890
9916
9984
9982
9955
9863
9920
9928
9946
9886
9937
9888
9950
9923
9901
9886
9712
9876
9925
9868
9949
9945
9816
9803
9970
9942
9864
9929
9876
9892
9879
9973
9945
9877
9929
9922
9918
9838
9869
9807
9911
9909
9872
9791
9909
9908
9874
9884
9877
9794
9872
9951
9843
9963
9770
9867
9882
9941
9891
9904
9787
9740
9866
9949
10000
9879
9892
9933
9914
9963
9990
9967
9931
9966
9971
9910
9977
9830
9841
9941
9936
9913
9907
9904
9967
9897
9925
9879
9914
9913
9896
9836
9861
9965
9958
9920
9985
9968
9828
9936
9808
9870
9797
9972
9966
9957
9938
9863
9979
9888
9920
9858
9877
9878
9962
9937
9925
9925
9886
9930
9921
9898
9925
9955
9927
9926
9856
9920
9935
