9868
9944
9903
9918
9920
10000
9935
9882
9981
9966
9825
9895
9936
9993
9928
9996
9884
10000
9994
10000
9986
9933
9951
9836
9904
9818
9827
9990
9985
9819
9853
9822
9955
9836
9929
9929
9947
9948
9896
9915
9830
9946
9908
9995
9968
9997
9814
9976
9932
9913
9919
9972
9983
9959
9941
9910
9839
9941
9925
9847
9953
9859
9929
10000
9808
9925
9995
9909
9894
9963
9803
9949
9907
9993
9946
9999
9982
9957
9856
9976
9983
9998
9919
10000
9841
9894
9916
9973
9930
9957
9962
9953
9958
9992
9856
9972
9836
9773
9962
9872
9943
9889
9888
9998
9973
10000
9924
9961
9918
10000
9983
9990
9954
10000
9879
9955
9889
9894
9989
9821
10000
9917
9923
9924
9905
9955
9907
9993
9872
9966
10000
9889
9948
9892
9843
9887
9887
9895
9993
9887
9936
9989
9968
9987
9909
9997
9906
9993
9915
9915
9970
9953
9951
9925
9925
9934
9800
9879
9927
10000
9977
9982
9880
9967
9964
9997
9949
9966
9895
9985
9908
9930
9972
9912
9984
10000
9958
10000
9938
9860
9890
9971
9998
9877
9998
9855
9878
9954
10000
9940
9999
9996
9885
9827
9993
9940
9981
9995
9960
9930
9913
10000
9966
9950
9952
9991
9959
9963
9971
9956
9841
9950
9906
9995
9988
9885
9973
9881
9918
9997
9956
9897
9867
9981
9999
9957
9886
9806
9887
9937
9930
9841
9992
9947
9796
9960
9701
10000
9981
10000
9999
9843
9933
10000
9935
10000
9981
9869
9956
9962
9995
9976
9970
9872
9895
9999
9889
9972
9960
9999
9946
9944
9979
9916
10000
9977
9934
9955
9919
9933
9889
9949
9873
9906
9968
9861
9933
9999
9991
9998
9987
9965
9893
9968
9871
10000
9942
9862
9888
9901
9850
9897
9922
10000
9932
9998
9829
9992
9894
10000
9921
9995
9730
9973
9996
9927
9852
9826
9872
9945
9814
9834
9902
9999
9958
9938
9871
9792
9999
9955
9874
9916
9903
9967
9998
9945
9949
9967
9956
9897
9960
9823
9984
9949
9931
9883
9938
9978
9947
9939
9969
9955
9948
9766
9888
9915
9984
9891
9999
9941
9994
9992
9960
9977
10000
9869
9949
9954
9958
9976
9945
9892
9882
9993
9996
9910
9993
9995
9926
10000
9940
9950
9927
9947
9993
9952
9864
9940
9973
9998
9903
9989
9877
9916
9880
9962
9939
9950
9940
9882
9883
9931
9903
9921
9962
9886
9983
9896
9967
9805
9985
9882
9997
9945
9998
9935
9998
9831
9872
9907
9997
9842
9993
9998
9843
9999
9922
9915
9953
9912
9950
9823
9947
10000
9899
9939
10000
9964
9887
9940
9894
9980
9935
10000
10000
9928
9973
9999
9991
10000
9999
9912
9999
9968
9892
10000
9988
10000
9904
10000
9948
9983
10000
9918
9852
9890
9911
9950
9947
9851
9875
9914
9966
9945
9965
9849
9996
9884
9992
9910
9889
9964
9800
9984
10000
9956
9926
9876
9937
9896
9858
9832
9926
9925
9625
9974
9912
9904
10000
9844
9854
9994
9996
9991
9948
9987
9959
9847
9995
9912
9970
9888
10000
9996
9786
9967
9847
9993
9998
9997
10000
9929
9900
9969
9923
9979
9993
9985
9934
9912
9986
9928
9969
9891
9980
10000
9960
9902
9945
9930
9900
9947
9850
9981
9852
9922
10000
10000
9963
9933
9911
9829
9933
10000
10000
9923
9934
9969
9986
9881
9850
9969
9994
9999
9929
9928
9917
9937
9888
9872
9957
9856
9887
9856
9994
10000
9878
9913
9865
9990
9965
9891
9984
9834
9961
9897
9999
9904
10000
9803
9901
10000
9980
9965
9977
9880
9943
9879
9914
9908
9984
9930
9868
9996
9978
9982
9935
9969
9965
10000
9773
9852
9939
9994
9995
9877
9872
9937
9895
9942
9909
9891
9884
9977
9861
9882
9933
9910
10000
9999
9901
9888
9891
9991
10000
9998
9987
9995
9981
9850
9890
9930
9926
9997
9795
9800
9843
9934
9964
9955
9883
9974
9987
9816
9976
9842
9835
9908
9872
9811
9949
9996
9875
10000
9925
9977
9968
9995
9976
10000
10000
9916
9996
9990
9912
9899
9977
9907
9988
9907
9974
9977
9907
9930
9921
9938
9919
9941
10000
9929
9907
9958
9994
9999
10000
9819
9952
9995
9934
9929
9940
9892
9943
9804
9980
9947
9916
9999
9907
9848
9961
9968
9873
9958
9916
9895
9978
9941
9909
9913
10000
9940
10000
9997
9861
9943
9905
9960
9906
9911
9884
9858
9992
9935
9948
9984
10000
9961
9981
9912
9953
9875
9874
9931
10000
9991
10000
9993
9989
9907
9819
9934
9975
10000
9938
9994
9949
9972
10000
9975
9965
9911
9990
9953
9992
9985
9836
9990
9944
9962
9933
10000
9977
9988
9968
9998
9989
9942
9904
9933
10000
9999
10000
9942
9871
9993
9975
9826
9964
9994
9966
9967
9984
9713
9986
9936
9849
9977
9959
9908
9940
10000
9960
9908
9920
9915
9947
9988
10000
9997
9966
9897
9981
9995
9934
9957
9980
9983
10000
9904
9983
9986
9908
9987
9869
9993
9994
9996
9991
9950
9995
9981
9958
9991
9959
10000
9897
9913
10000
9999
9963
9886
9912
9908
9932
9971
9932
9949
9982
9915
10000
9988
9930
9884
9888
9965
9901
9842
9994
9912
9911
9936
9970
10000
9923
9977
9996
9953
9949
9984
9871
9947
9926
9828
9921
9917
9964
9998
9928
9991
9974
9896
9732
9994
9999
9948
9999
9962
10000
9924
9957
9967
9864
9928
9953
9833
9755
9848
9998
9910
9876
9923
9918
9973
9856
9960
9991
9886
9987
9952
9909
9870
10000
9933
9867
10000
9960
9961
9888
9834
9815
9748
9889
9931
9867
9994
9948
9940
9931
9985
9926
9947
9809
9846
9991
9979
9949
9973
9998
10000
9953
9897
9893
9973
9966
9976
9832
9958
9929
10000
10000
9957
9880
9982
9968
10000
9909
9990
9952
9935
9908
9920
9901
9999
9969
10000
9933
9984
9995
9925
9869
9978
9840
9943
9993
9929
9955
9886
9879
10000
9869
9998
9872
9964
9877
9929
9969
9990
10000
10000
9943
9930
9883
9880
9911
9958
9882
9989
9904
9910
10000
9958
9945
9720
9932
9859
9914
9969
9998
9839
