9842
9970
9834
9999
9930
9884
9970
9993
9864
9934
9950
9938
9864
9940
9944
9826
9896
9997
9824
9999
9976
9928
9937
9989
9805
9886
9906
9907
9915
9984
9991
9975
9981
9997
9920
9906
9874
9934
9988
9968
9998
9911
9945
9881
9952
9977
9923
10000
9993
9968
9931
9974
9914
9922
9889
9925
10000
9956
9943
9918
9915
9973
9946
9908
9973
9950
9925
9898
9954
9943
10000
9877
9929
9898
9871
9908
9998
9988
9865
9987
9997
9978
9947
9996
9973
9761
9954
9932
9953
9952
9971
9888
9935
9994
9979
9990
9991
9961
9893
10000
9898
9983
9920
9963
9915
9846
9994
9884
9995
9979
9937
10000
9997
9996
9998
9872
9991
9913
9929
9951
9929
9907
9900
9842
9993
9959
9987
9906
9916
9974
9954
9934
9848
9977
9918
9938
9894
9891
9952
9969
9986
9909
9935
9975
9933
9910
9994
9983
9962
9998
9994
9999
9921
10000
9954
9975
9775
9874
9997
9999
9970
9895
9949
9950
9754
10000
9838
9999
10000
9988
9994
9981
10000
9936
9885
9999
9986
9936
9898
9901
9780
10000
9934
9974
9958
9964
9997
9977
9955
9950
9995
9986
10000
9980
9984
10000
9921
9762
9884
9713
9868
9877
9922
9876
9897
9860
9752
9960
9956
9889
9917
9991
9963
9950
9997
9981
10000
9823
9998
9885
9782
9951
9944
9922
9837
9741
9845
9944
9848
9969
9940
9878
9939
10000
9970
10000
10000
9921
10000
9873
9735
9894
9899
9938
9996
9941
9917
9857
9707
9964
9920
9908
9954
9937
9973
9854
9818
9940
9998
9970
9872
9867
9979
9988
9727
9931
9999
9973
9832
9905
9946
9912
9802
9930
10000
9976
9727
9890
9946
9806
10000
9979
10000
9996
9904
9913
9990
9965
9941
9936
9999
9815
10000
9945
9973
9930
9971
9939
10000
9913
9982
9911
9925
9976
9987
9978
9865
10000
9987
9886
9968
9903
9904
9957
9943
9948
9944
9913
9920
9953
9953
10000
9964
9869
9925
9909
9952
9943
9990
9869
9948
9931
9893
9926
9863
9918
9850
9964
9999
9960
10000
9963
10000
9900
9926
9948
9990
9953
9924
9999
9983
9929
9916
9941
9926
9895
9910
9973
9934
9983
9982
9904
9863
9872
9916
10000
9953
10000
9874
10000
9810
10000
9950
9883
9989
9797
9927
9990
9882
9997
9843
9910
9986
9864
9914
9675
9965
9871
9971
9990
9989
10000
10000
9881
9870
9897
9989
9999
9999
9937
9916
9883
9871
9998
9935
9953
9863
9942
9997
9998
9982
9991
9965
9946
9967
9870
10000
9998
9753
9892
9898
9919
9850
9884
9844
9956
10000
9835
9869
9995
9995
9939
9914
9894
9865
9891
9925
9999
9900
9907
9993
9980
9799
10000
9995
10000
9978
9956
9928
9910
9988
9930
9931
9932
9993
9919
9963
9912
9995
9995
9993
9985
9946
9985
9968
9917
9964
9992
9941
9999
9867
10000
9849
9784
9899
9906
9978
9871
9965
9873
9996
9996
10000
9892
9999
9914
9906
9810
9905
9906
9966
9999
9941
10000
9866
9852
9867
9958
9945
9998
9994
9865
9964
9878
9956
9991
9830
9959
9994
9995
9973
9996
9998
9994
9866
9925
9997
9970
9865
9925
9887
9942
9878
9986
9944
9952
9835
9922
9998
9979
9998
10000
9963
9836
9953
9998
9994
9827
9790
10000
9993
9885
9878
9998
9928
9914
10000
9925
9943
9999
9925
9827
9987
9943
9997
9994
9943
9944
9851
9994
10000
9947
9985
9969
10000
9897
9930
9993
9965
9981
9889
9907
9958
9875
9938
9886
9979
10000
9924
9898
9936
9999
10000
9998
9948
9907
9850
9979
9864
9897
9908
9871
9980
9871
9901
9946
9970
9988
9868
9932
9881
9998
9903
9959
9892
9967
9953
9914
10000
9997
9966
9944
9852
9899
9947
10000
9957
9904
9958
9966
9839
10000
9997
9877
9944
10000
9950
9962
9825
9964
9969
9806
9936
9971
9972
9970
9890
9929
9905
9882
9949
9987
9974
9950
9914
9905
9948
9884
9955
9856
9967
9988
9999
9999
10000
10000
9979
9793
9956
9874
9912
9927
9882
9883
9993
9996
9934
9903
9993
9964
10000
9993
9934
9887
9890
9799
9903
9998
9938
9937
9992
9949
9953
9940
9984
9969
9916
9912
9915
9895
9802
9967
9899
9934
10000
9913
9987
9941
9986
9993
9878
9832
9987
9909
9987
9932
9880
9923
10000
9951
9994
9996
9840
9945
9905
9870
9916
9991
9925
9927
9873
10000
10000
9931
9985
10000
9987
9996
9938
9793
9993
9927
9912
10000
9893
9948
9999
9837
9980
9954
10000
9917
9921
10000
9966
9901
9948
9858
9969
9897
9933
9855
9977
9882
9847
9984
9999
9999
9981
9981
9903
10000
9999
9916
9857
9970
9915
10000
9884
9848
9841
9998
9937
9853
9996
9933
9832
9803
9999
9961
9855
9905
9908
9996
10000
9921
9915
10000
9999
9923
9892
9948
10000
9855
9962
9991
9953
9943
9922
9829
9955
9998
9895
9999
9967
9883
9990
9894
9815
9985
9997
9897
9997
9926
9966
9944
9939
9957
9820
9982
9890
9999
9932
9975
9983
10000
9899
9960
9983
9965
9965
9996
9984
9913
9848
9997
9946
9833
9837
9876
9983
9952
9878
9899
9999
9992
9912
9854
9975
9952
9948
9902
9868
9937
10000
9984
10000
9998
9982
9889
9876
9889
9973
9902
9916
9840
9959
9825
9986
9882
9986
9952
9909
9985
9981
9875
9938
9904
9999
9830
9959
9830
10000
9866
9979
9859
9913
9959
9935
10000
9998
9962
9896
9924
9917
9887
9943
9782
9991
9931
9972
9942
9993
9885
10000
9887
9933
9932
10000
10000
9975
9885
9935
9995
9912
9984
9991
9892
9967
9983
9962
9913
9830
9849
9929
9997
9845
9901
9796
9855
9983
9854
9810
9999
9989
9897
9760
9984
9823
9937
9999
9989
9954
9959
9866
9907
9944
9914
9999
10000
9933
9988
9841
9891
9874
9961
9896
9997
9975
9969
9956
9888
9992
9952
9929
9995
9988
9980
9993
9880
9932
9972
10000
9960
9946
9999
9844
9919
9956
9891
9889
9973
9970
10000
9904
9850
9998
9898
9992
10000
10000
9991
9972
9996
9992
9949
9896
9922
9883
9904
