9947
9981
9883
9822
9867
9942
9866
9931
9847
9873
9847
9871
9934
9855
9986
9948
9950
9936
9958
9863
9927
9975
9936
9914
9898
9781
9906
9986
9850
9901
9929
9885
9941
9893
9962
9987
9903
9857
9888
9834
9930
9866
9922
9915
9920
9878
9878
9940
9927
9933
9889
9888
9832
9915
9970
9937
9912
9949
9934
9892
9948
9891
9928
9872
9932
9907
9882
9856
9881
9981
9963
9879
9986
9899
9943
9984
9903
9908
9878
9994
9887
9996
9905
9920
9862
9865
9873
9834
9946
9996
9872
9910
9919
9946
9930
9805
9900
9921
9753
9849
9896
9884
9914
9790
9898
9898
9886
9696
9898
9899
9761
9933
9885
9864
9980
9886
9925
9975
9962
9789
9987
9934
9935
9878
9859
9847
9783
9948
9983
9907
9801
9928
9786
9796
10000
9928
9885
9922
9879
9946
9763
9943
9870
9997
9929
9934
9958
9959
9894
9931
9853
9918
9876
9924
9972
9930
9901
9896
9981
9803
9900
9912
9959
9698
9940
9895
9838
9913
9873
9927
9939
9952
9882
9920
9930
9891
9914
9895
9944
9840
9922
9949
9885
9956
9942
9978
9858
9978
9838
9922
9917
9927
9993
9855
9893
9967
9847
9849
9921
9889
9843
9933
9944
9903
9871
9898
9955
9873
9931
9902
9887
9943
9897
9867
9885
9831
9936
9937
9993
9978
9855
9718
9909
9930
9992
9885
9981
9834
9855
9949
9909
9914
9965
9940
9859
9869
9896
9920
9969
9940
9931
9858
9879
9836
9917
9858
9863
9993
9822
9936
9922
9892
9944
9860
9968
9888
9980
9961
9882
9925
9937
9886
9838
9961
9815
9919
9862
9896
9878
9886
9893
9991
9793
9966
9839
9963
9956
9929
9959
9863
9877
9764
9916
9776
9854
9959
9853
9775
9878
9929
9956
9966
9849
9895
9918
9744
9838
9904
9897
9893
9864
9905
9807
9915
9950
9947
9914
9832
9726
9873
9758
9943
9850
9902
9872
9906
9821
9894
9786
9875
9955
9950
9984
9890
9881
9907
9942
9880
9870
9809
9821
9943
9861
9907
9949
9991
9943
9914
9910
9879
9901
9967
9843
9831
9882
9928
9960
9928
9971
9845
9898
9919
9916
9891
9720
9898
9777
9883
9886
9935
9960
9936
9997
9966
9920
9885
9963
9878
9882
9932
9891
9923
9779
9926
9899
9947
9876
9921
9966
9950
9787
9729
9861
9935
9930
9938
9844
9915
9895
9822
9872
9908
9955
9927
9953
9984
9691
9908
9954
9901
9779
9944
9822
9734
9931
9959
9730
9858
9833
9978
9887
9903
9869
9841
9867
9867
9959
9954
9729
9785
9946
9851
9841
9855
9854
9981
9940
9894
9901
9927
9951
9949
9848
9904
9974
9890
9885
9932
9940
9964
9818
9800
9893
9900
9860
9975
9916
9895
9954
9929
9970
9821
9801
9850
9886
10000
9883
9851
9880
9907
9851
9986
9933
9950
9810
9939
9923
9922
9840
9908
9909
9840
9848
9919
9903
9974
9979
9970
9874
9945
9778
9973
9781
9852
9965
9919
9828
9943
9832
9966
9935
9901
9937
9857
9883
9994
9983
9836
9890
9947
9917
9964
9876
9802
9924
9919
9892
9935
9953
9903
9757
9980
9984
9959
9946
9974
9858
9905
9885
9908
9938
9820
9944
9865
9884
9892
9964
9874
9838
9901
9948
9859
9846
9962
9959
9922
9893
9820
9885
9896
9825
9883
9896
9975
9991
9857
9942
9920
9905
9879
9941
9863
9886
9985
9917
9910
9896
9870
9945
9916
9905
9907
9881
9950
9971
9874
9960
9904
9915
9922
9920
9913
9983
9983
9921
9979
9944
9725
9917
9960
9921
9869
9861
9899
9929
9937
9971
9956
9954
9937
9874
9942
9957
9950
9886
9918
9965
9897
9911
9716
9944
9881
9928
9899
9864
9930
9947
9898
9929
9852
9841
9940
9907
9875
9929
9998
9969
9903
9875
9938
9998
9804
9772
9911
9995
9926
9897
9812
9966
9844
9883
9851
9969
9928
9949
9936
9939
9910
9940
9900
9599
9929
9859
9888
9927
9945
9876
9941
9885
9977
9881
9920
9887
9803
9942
9972
9986
9860
9875
9822
9898
9887
9874
9943
9922
9888
9916
9992
9756
9980
9814
9843
9900
9893
9930
9915
9921
9901
9840
9942
9817
9894
9841
9919
9902
9980
9904
9895
9900
9929
9823
9954
9967
9969
9871
9982
9954
9912
9891
9902
9954
9900
9921
9952
9948
9828
9946
10000
9862
9836
9912
9986
9959
9844
9961
9972
9820
9925
9906
9843
9940
9974
9963
9887
9901
9924
9912
9836
9840
9883
9931
9869
9920
9948
9880
9801
9968
9668
9709
9914
9934
9879
9936
9886
9879
9911
9903
9980
9908
9922
9964
9890
9904
9854
9922
9942
9922
9923
9862
9788
9958
9910
9813
9931
9950
9934
9828
9878
9864
9985
9930
9918
9932
9910
9861
9962
9892
9788
9885
9848
9896
9929
9866
9951
9936
9882
9951
9955
9920
9922
9820
9802
9994
9972
9920
9991
9984
9866
9943
9988
9947
9880
9885
9816
9853
9774
9949
9936
9886
9913
10000
9814
9968
9864
9915
9903
9914
9908
9868
9848
9966
9947
9916
9918
9963
9901
9946
9888
9900
9885
9899
9901
9792
9906
9829
9855
9923
9752
9965
9985
9915
9943
9820
9915
9871
9952
9895
9968
9809
9891
9739
9803
9843
9888
9785
9829
9869
9963
9934
9914
9915
9823
9956
9964
9983
9914
9960
9881
9795
9855
9969
9947
9901
9983
9908
9874
9864
9899
9819
9884
9862
9905
9867
9861
9823
9915
9941
9961
9813
9854
9923
9845
9931
9919
9730
9929
9975
9942
9895
9885
9875
9918
9956
9855
9949
9898
9977
9814
9901
9763
9857
9961
9872
9951
9878
9873
9941
9985
9986
9918
9892
9898
9962
9827
9873
9948
9886
9976
9886
9964
9803
9879
9950
9771
9854
9958
9944
9933
9886
9904
9897
9877
9854
9828
9887
9907
9952
9988
9945
9814
9917
9900
9911
9926
9983
9921
9812
9933
9908
9910
9790
9945
9970
9930
9871
9824
9859
9960
9869
9958
9865
9905
9910
9936
9975
9948
9919
9849
9902
9727
9882
9907
9913
9943
9983
9937
9901
9942
9971
9939
9836
9857
9846
9918
9918
9864
9849
9996
9801
9868
