9901
9900
9933
9917
9902
9902
9917
9849
9931
9800
9874
9963
9891
9920
9899
9902
9984
9749
9887
9940
9897
9778
9949
9946
9854
9967
9911
9895
9919
9908
9830
9940
9963
9900
9881
9909
9837
9853
9883
9975
9875
9998
9935
9931
9981
9893
9917
9979
9870
9816
9945
9853
9919
9929
9910
9861
9966
9922
9988
9871
9926
9952
9983
9852
9839
9853
9904
9972
9793
9869
9886
9871
9977
9933
9929
9911
9876
9912
9873
9981
9948
9954
9866
9893
9916
9976
9928
9948
9895
9629
9950
9955
9868
9941
9902
9902
9997
9918
9930
9892
9934
9867
9891
9815
9923
9888
9994
9939
9913
9828
9825
9916
9934
9933
9951
9916
9910
9910
9952
9936
9952
9924
9864
9963
9792
9911
9875
9822
9932
9863
9933
9987
9924
9851
9912
9932
9932
9985
9825
9911
9978
9957
9864
9866
9969
9990
9938
9962
9906
9910
9929
9953
9885
9884
9940
9917
9859
9841
9952
9879
9940
9927
9983
9864
9944
9947
9763
9903
9923
9748
9829
9927
9958
9970
9921
9636
9865
9959
9959
9816
9896
9962
9899
9896
9932
9876
9916
9950
9979
9973
9881
9776
9973
9820
9925
9967
9924
9908
9986
9956
9947
9892
9763
9979
9887
9825
9852
9857
9850
9892
9905
9881
9963
9969
9956
9931
9911
9919
9850
9923
9799
9960
9963
9826
9940
9892
9991
9897
9935
9944
9959
9913
9949
9952
9963
9918
9934
9798
9828
9954
9958
9891
9923
9868
9914
9845
9942
9954
9898
9882
9922
9926
9907
9908
9959
9894
9801
9814
10000
9865
9810
9965
9864
9956
9900
9850
9886
9907
9907
9886
9820
9910
9876
9728
9931
9913
9910
9949
9900
9991
9952
9998
9872
9885
9830
9978
9848
9904
9909
9961
9924
9866
9959
9972
9921
9969
9948
9879
9898
9908
9809
9917
9862
9998
9958
9874
9988
9926
9957
9831
9930
9900
9918
9864
9933
9987
9903
9946
9834
9930
9957
9867
9841
9946
9957
9915
9913
9924
9997
9915
9797
9989
9947
9917
9935
9898
9907
9947
9985
9999
9847
9788
9971
9886
9990
9891
9823
9853
9956
9736
9920
10000
9863
9916
9875
9957
9978
9882
9984
9898
9839
9911
9948
9952
9924
9851
9886
9929
9968
9893
9846
9946
9856
9906
9968
9974
9937
9940
9772
9934
9908
9913
9919
9893
9906
9949
9881
9942
9983
9884
9884
9959
9937
9951
9896
9939
9960
9977
9856
9914
9875
9942
9998
9927
9909
9871
9893
9890
9871
9902
9809
9877
9890
9779
9901
9868
9875
9922
9905
9936
9944
9881
9893
9837
9928
9902
9912
9912
9924
9929
9947
9969
9954
9913
9934
9833
9958
9925
9887
9969
9932
9881
9908
9845
9928
9826
9980
9939
9870
9841
9946
9938
9932
9924
9830
9981
9913
9864
9905
9907
9910
9877
9860
9929
9976
9948
9874
9942
9948
9949
9935
9950
9948
9825
9881
9953
9904
9927
9893
9890
9935
9933
9847
9945
9950
9845
9959
9817
10000
9989
9863
9959
9825
9944
9827
9960
9885
9991
9909
9948
9917
9793
9938
9905
9992
9840
9880
9857
9966
9822
9899
9741
9971
9843
9903
9869
9878
9835
9829
9847
9946
9848
9850
9869
9713
9893
9801
9919
9878
9852
9918
9903
9978
9984
9815
9825
9935
9899
9990
9974
9892
9907
9810
9915
9800
9899
9876
9930
9943
9947
9956
9999
9967
9931
9913
9956
9924
9939
9663
9899
9926
9940
9800
9964
9933
9894
9989
9978
9847
9922
9873
9889
9906
9898
9900
9932
9929
9951
9917
9963
9877
9958
9914
9943
9875
9945
9948
9939
9870
9907
9888
9869
9988
9905
9842
10000
9940
9924
9822
9876
9927
9834
9934
9963
9897
9850
9971
9847
9917
9971
9891
9908
9923
9767
9884
9927
9962
9894
9897
9914
9911
9759
9936
9969
9786
9992
9964
9925
9907
9851
9914
9941
9868
9915
9929
9811
9957
9923
9814
9835
9920
9910
9953
9889
9870
9906
9899
9878
9820
9923
9933
9946
9992
9941
9876
9717
9924
9823
9833
9957
9931
9844
9864
9970
9961
9979
9893
9889
9942
9916
9971
9834
9936
10000
9888
9888
9895
9927
9917
9887
9857
9936
9892
9930
9765
9849
9932
9846
9895
9939
9884
9919
9901
9893
9919
9902
9897
9955
9877
9969
9996
9912
9874
9871
9987
9963
9929
9932
9963
9902
9990
9799
9901
9931
9869
9778
9912
9962
9942
9918
9929
9871
9902
9947
9825
9970
9953
9944
9880
9848
9852
9879
9999
9883
9862
9875
9980
9909
9926
9858
9929
9988
9870
9850
9993
9762
9869
9884
9928
9888
9892
9956
9826
9840
9848
9857
9917
9849
9973
9963
9918
9864
9963
9904
9920
9982
9703
9934
9902
9891
9930
9890
9975
9924
9993
10000
9903
9959
9873
9987
9934
9937
9908
9913
9932
9902
9895
9907
9994
9901
9949
9951
9930
9883
9865
9928
9841
9875
9914
9760
9824
9839
9968
9871
9943
9858
9857
9834
9889
9961
9855
9922
9886
9887
9906
9864
9839
9931
9990
9848
9808
9940
9935
9996
9946
9680
9930
9881
9949
9934
9961
9927
9930
9765
9932
9901
9795
9865
9886
9955
9986
9961
9928
9886
9949
9889
9924
9951
9969
9926
9969
9874
9815
9876
9921
9953
9930
9989
9962
9925
9933
9979
9803
9952
9904
9958
9904
9958
9834
9903
9896
9952
9885
9871
9821
9972
9954
9999
9939
9900
9853
9807
9888
9857
9948
9927
9917
9872
9928
9955
9859
9875
9786
9834
9965
9992
9916
9949
9923
9946
9959
9920
9975
9854
9997
10000
9961
9843
9893
9959
9938
9963
9980
9895
9889
9991
9895
9786
9719
9989
9978
9933
9919
9884
9913
9943
9899
9912
9911
9873
9821
9910
9981
9900
9929
9933
9941
9857
9922
9909
9830
9920
9978
9899
9792
9883
9849
9906
9959
9916
9886
9955
9851
9813
9989
9863
9906
9950
9812
9859
9934
9927
9929
9935
9839
9905
9930
9893
9859
9870
9979
9837
9901
9873
9879
9935
9944
9883
9883
9966
9945
9918
9911
9886
9957
9868
9867
9990
9842
9948
9938
9973
9909
9873
9914
9990
9909
9920
9832
9872
