9921
9874
9933
9925
9894
9877
9816
9986
9902
9974
9978
9951
9973
9923
9950
9875
9835
9862
9947
9999
9818
9964
9888
9955
9998
9927
9818
9927
9900
9968
9838
9952
9926
9904
9871
9890
9832
9896
9975
9956
9874
9924
9824
9829
9914
9953
9739
9859
9948
9932
9835
9795
9955
9900
9931
9937
9925
9796
9891
9841
9979
9890
9899
9804
9900
9864
9892
9916
9886
9881
9946
9899
9899
9900
9919
9836
9917
9907
9833
9897
9864
9905
9887
9794
9883
9965
9912
9947
9935
9891
9926
9842
9938
9825
9903
9958
9925
9865
9929
9908
9906
9942
9939
9901
9933
9921
9856
9951
9971
9801
9977
9891
9915
9957
9856
9886
9852
9924
9908
9943
9824
10000
9887
9869
9883
9944
9843
9844
9837
9873
9858
9893
9896
9828
9917
9987
9777
9970
9934
9932
9965
9856
9898
9912
9771
9935
9934
9869
9881
9825
9819
9940
9908
9891
9916
9921
9833
9881
9924
9898
9939
9804
9774
9900
9924
9839
9874
9785
9808
9873
9872
9782
9844
9934
9959
9902
9953
9924
9924
9918
9855
9896
9841
9930
9960
9902
9845
9845
9834
9846
9897
9917
9733
9951
9973
9830
9935
9936
9942
9713
9823
9861
9921
9951
9840
9938
9914
9863
9936
9878
9944
9910
9771
9931
9889
9871
9920
9867
9816
9772
9978
9986
9823
9925
9807
9907
9885
9956
9924
9889
9724
9962
9989
9859
9960
9786
9864
9890
9924
9919
9770
9881
9914
9930
9963
9896
9909
9965
9917
9853
9958
9948
9825
9853
9954
9952
9875
9932
9909
9929
9904
9967
9925
9913
9881
9927
9908
9920
9877
9874
9995
9890
9850
9879
9954
9908
9899
9916
9931
9914
9953
9930
9948
9970
9933
9886
9944
9886
9862
9907
9794
9888
9929
9926
9866
9966
9907
9923
9970
9990
9916
9968
9918
9877
9951
9892
9836
9992
9955
9958
9886
9809
9865
9932
9872
9921
9869
9678
9908
9921
9880
9943
9923
9958
9923
9537
9960
9931
9900
9957
9939
9915
9856
9724
9881
9851
9974
9873
9920
9845
9915
9977
9934
9911
9999
9876
9907
9808
9883
9840
9916
9929
9867
9825
9929
9950
9896
9945
9911
9903
9898
9947
9898
9909
9932
9910
9807
9916
9967
9852
9885
9823
9890
9958
9935
9936
9836
9872
9898
9903
9878
9947
9954
9922
9958
9892
9888
9877
9896
9950
9908
9903
9865
9888
9855
9865
9804
9927
9936
9910
9847
9868
9857
9757
9948
9850
9909
9648
9916
9877
9947
9909
9879
9959
9947
9940
9913
9936
9764
9915
9870
9937
9946
9871
9956
9954
9904
9915
9984
9990
9936
9935
9964
9894
9843
9942
9808
9935
9854
9993
9796
9875
9930
9953
9902
9908
9904
9880
9886
9869
9914
9850
9861
9717
9888
9881
9951
9916
9912
9982
9972
9957
9894
9915
9831
9888
9820
9997
9757
9897
9944
9936
9777
9829
9871
9893
9872
9945
9867
9934
9888
9845
9943
9878
9881
9933
9798
9985
9997
9913
9964
9932
9958
9973
9886
9948
9916
9912
9811
9907
9830
9961
9913
9919
9897
9920
9869
9941
9910
9948
9926
9913
9959
9887
9997
9847
9864
9828
9885
9953
9874
9890
9932
9874
9900
9885
9881
9932
9994
9815
9903
9984
9881
9970
9956
9936
9887
9977
9859
9846
9890
9982
9857
9835
9955
9927
9884
9897
9947
9872
9855
9970
9946
9846
9958
9880
9857
9941
9936
9954
9873
9924
9920
9928
9813
9980
9908
9879
9966
9881
9887
9867
9989
9838
9932
9951
9849
9932
9903
9902
9887
9906
9943
9917
9970
9958
9894
9819
9836
9975
9830
9810
9922
9947
9908
9916
9911
9903
9896
9925
9891
9931
9920
9905
9949
9873
9867
9934
9911
9839
9790
9939
9948
9923
9946
9838
9945
9904
9931
9883
9885
9883
9851
9903
9999
9923
9857
9994
9975
9880
9858
9950
9915
9897
9966
9842
9813
9950
9870
9949
9922
9916
9896
9851
9852
9929
9864
9909
9932
9921
9926
9889
9963
9905
9854
9938
9920
9974
9796
9906
9959
9943
9912
9885
9921
9957
9983
9892
9956
9821
9934
9954
9896
9867
9911
9900
9995
9892
9954
9943
9815
9956
9904
9934
9859
9935
9887
9842
9997
9704
9973
9913
9874
9952
9905
9867
9862
9895
9899
9831
9947
9908
9888
9951
9898
9943
9895
9959
9895
9767
9892
9954
9876
9989
9956
9959
9973
9891
9985
9902
9882
9810
9855
9948
9937
9842
9963
9941
9818
9883
9872
9953
9918
9873
9903
9973
10000
9924
9836
9889
9865
9832
9916
9854
9934
9900
9846
9960
9906
9928
9879
9961
9910
9907
9971
9880
9885
9892
9928
9879
9833
9953
9922
9948
9931
9782
9811
9885
9818
9914
9924
9810
9911
9908
9857
9963
9885
9820
9877
9837
9787
9882
9891
9903
9966
9791
9938
9942
9706
9871
9929
9937
9928
9982
9878
9836
9917
9909
9910
9938
9885
9927
9937
9926
9956
9922
9960
9896
9875
9933
9825
9727
9833
9890
9814
9879
9946
9924
9996
9942
9951
9870
9864
9910
9841
9829
9920
9916
9880
9991
9934
9949
9803
9951
9944
9876
9786
9972
9923
9941
10000
9991
9919
9897
9888
9792
9856
9816
9815
9929
9967
9942
9898
9996
9917
9934
9905
9894
9973
9877
9840
9804
9947
9890
9825
9868
9917
9739
9881
9834
9873
9869
9943
9815
10000
9919
9984
9951
9897
9924
9917
9895
9962
9954
9889
9926
9912
9898
9875
9877
9906
9844
9885
9984
9900
9965
9878
9933
9935
9914
9926
9927
9789
9935
9946
9844
9948
9937
9999
9986
9976
9973
9863
9810
9771
9858
9903
9888
9967
9944
9882
9796
9933
9917
9882
9951
9862
9968
9908
9827
9930
9868
9890
9817
9938
9900
9916
9778
9923
9955
9816
9902
9915
9908
9957
9884
9776
9923
9795
9956
9992
9872
9929
9997
9762
9858
9963
9885
9875
9997
9846
9819
9937
9914
9926
9936
9948
9880
9926
9856
9898
9982
9920
9897
9833
9923
9976
9937
9961
9944
9896
9890
9836
9938
9942
9839
9937
9931
9846
9986
9880
9907
9932
9912
9920
9781
9938
9973
9933
9877
