9886
9851
10000
9990
9999
9935
9994
9944
9865
9816
9990
9896
9993
9841
9895
9937
9917
9891
9892
9936
9849
9814
9952
9989
10000
9959
9915
9778
10000
9998
9920
9993
9966
9997
9986
9994
9997
9985
9773
9900
9942
9995
9969
9971
9927
10000
10000
9952
10000
9983
9859
9875
9936
9885
9938
9928
9951
9957
9761
9988
9910
9968
9956
9887
9849
9889
9999
9964
9844
9921
9991
9993
9891
9942
9864
9968
9976
9932
9824
9973
9912
9925
9998
9970
9997
9776
9942
9932
9998
9969
9983
10000
9880
9905
9869
10000
9926
9957
9964
9770
9886
9847
9882
9957
9989
10000
10000
9933
9945
9946
9970
9867
9994
9909
9924
9910
9984
9954
10000
9949
9972
9893
9843
9965
9999
9942
9985
9961
9923
9830
9895
9884
9993
9911
9998
9852
9919
9905
10000
9979
9752
9952
9998
9923
9781
9944
9959
9891
9885
9985
9861
10000
9914
9903
9999
9935
9989
9958
9998
10000
10000
9848
9977
9874
9978
9980
9989
9999
9894
9996
9804
9880
9993
10000
9945
9914
9998
9958
9928
9985
9940
9880
9999
9987
9996
9930
9946
9849
9946
9860
9994
9904
9995
9856
9997
9834
9987
9972
9928
9971
9898
9922
9994
9882
9893
9968
9971
9866
9969
10000
10000
9923
9955
10000
9992
9925
9974
10000
9965
9988
9918
9909
9985
9949
9961
9939
9935
9894
9916
10000
9938
9887
9864
10000
9907
10000
10000
9999
9967
9905
10000
9998
10000
9989
9852
9859
9859
9893
9957
9867
9996
9939
9968
9922
9940
9987
10000
9959
9999
9771
9884
9961
9976
9955
9965
9785
9881
9800
9993
9980
9830
9865
9944
10000
9985
9991
9996
9949
9997
9934
9868
9995
9994
9939
9949
9959
9993
9909
10000
9930
9993
9980
9962
9935
9977
9767
9997
9847
9987
9967
10000
9986
9923
9949
9904
9922
9932
9922
9968
10000
10000
9980
9999
9995
9965
9964
9988
9886
9997
9968
9977
10000
9965
10000
10000
9990
10000
9999
9965
9981
10000
9926
9925
10000
10000
9999
9918
9904
9857
9995
9914
9999
9996
9990
9864
9993
9983
9965
9999
9981
9955
10000
9881
9915
9896
10000
9999
9998
9926
9944
9983
9806
10000
9840
9903
9878
9996
9887
10000
9964
9913
9999
9997
9915
9813
9887
9992
9985
9974
10000
9888
9711
9998
9861
9904
9694
9896
10000
9822
10000
9944
9966
9943
9961
9940
9991
9919
10000
9747
9812
9990
9901
9968
9962
9999
9809
9920
9963
9975
9977
9893
9930
9916
9999
9914
9987
9982
9932
9830
9882
9997
9950
9913
9984
9912
9944
9926
10000
9927
9995
9750
9933
9926
9860
9984
9998
9929
9897
9955
10000
9998
9955
9988
9998
9917
9932
9994
9832
9943
10000
9897
9916
9968
9880
9993
9900
10000
9934
9990
10000
9922
9943
9999
9889
9989
10000
9999
9999
9987
9986
10000
9775
9955
9992
10000
9999
9920
9916
9903
9934
9999
9989
10000
9970
9998
9993
9955
9927
9986
9861
9916
9980
9891
9983
9952
9992
9866
9911
9946
9954
9999
10000
9901
9877
9967
10000
9989
9733
9901
9886
9833
9927
9968
10000
9845
9999
9961
9858
9979
9998
9940
10000
9946
9966
9990
9934
9994
9859
9997
9917
9933
9791
9919
9997
10000
9930
9999
9881
10000
10000
9994
9834
9904
9929
9961
9894
9924
9914
10000
9893
9952
9999
9936
9777
9936
9980
9998
9992
9939
9996
10000
9941
9957
9985
9812
9931
9844
9943
9920
9936
9932
9985
9974
9976
10000
9967
9995
9994
9806
9907
9999
9984
9911
9992
9996
10000
9807
9924
9998
9825
9974
9999
9997
9952
9858
9999
9973
9867
9942
9981
9988
9987
9999
9994
9796
9899
9923
9942
9968
9939
9935
9986
9969
10000
9956
9928
9834
9864
9979
9923
9935
9989
9966
9895
9946
9928
9961
9976
9837
9986
9845
10000
9994
10000
9966
9995
9878
9923
9874
9964
10000
9931
9962
9994
9973
9948
9996
9973
9956
9997
9989
10000
9917
9996
9781
9960
9921
9998
9804
9980
9963
9985
9922
9966
9900
9845
9993
9868
10000
9996
9907
9933
9994
9926
9918
9972
9858
9926
10000
10000
9851
9939
9922
9981
9833
9980
9995
9964
9919
9962
9859
9919
9982
10000
9991
9999
9970
9885
9966
9939
10000
9931
10000
9920
9808
9995
9810
10000
9999
9901
9943
9965
9930
9998
9980
9909
9934
10000
10000
9993
9961
9926
9995
9999
9903
9924
9991
9813
9991
9980
9952
9991
9714
9929
9879
10000
9904
10000
9844
9874
9967
9817
9904
9875
9967
9989
10000
10000
9924
9949
10000
10000
9957
9966
9805
9984
9890
9991
9876
9937
9997
10000
9970
9945
10000
9998
9870
9933
9863
9993
9926
10000
9955
9931
9818
9875
9896
9947
10000
9998
9979
9999
9992
9962
10000
9870
9979
9989
9958
9843
9909
9994
9906
9921
9994
9981
9925
9971
9953
9827
9933
9998
9913
9999
9828
9970
9995
10000
9959
9912
9978
9809
9997
9914
9965
9939
9598
9766
9999
9999
9884
9998
9921
10000
10000
9967
9976
9997
9908
9892
9994
10000
9999
9898
9962
9995
9963
9992
9939
9994
9993
9991
9991
9996
9999
9996
9982
10000
9888
9924
9950
10000
9907
9946
9827
9932
9939
9996
9979
9998
9927
9997
9897
9983
9986
9978
9957
9909
9850
9943
9887
9928
9966
9990
9977
9949
9872
9964
10000
9889
9990
9883
9997
9896
9907
9988
9964
9995
9999
9809
9957
9999
9993
9959
9832
9911
9985
9984
9980
10000
9946
9891
9988
9868
9817
9752
9841
9999
9900
10000
9923
9834
9996
9960
9920
9925
9968
9929
10000
9972
9927
9936
9999
9993
9978
9949
10000
9836
9953
9865
9904
9977
9925
9999
9865
9997
9880
9925
9906
9990
9999
9917
9876
9853
9969
9982
10000
9830
9881
10000
9973
9893
10000
9768
9896
9959
9869
9929
9971
9955
10000
9994
10000
9986
9999
9914
9902
9865
9995
10000
9930
9999
9993
9924
9914
10000
9997
9873
10000
9914
9908
9839
9994
10000
9987
9833
9922
9960
9987
9938
9869
9903
9972
9903
9944
9970
10000
9995
9964
9767
