9994
9920
9915
9997
9920
9982
10000
10000
9952
10000
9856
10000
9992
9992
9930
9926
9952
9944
9918
9984
9996
9993
9983
9933
9846
9997
10000
9953
9987
9945
9968
10000
9996
9966
9955
10000
9772
9991
9961
9920
9928
9861
9755
9933
9906
9942
9990
9833
9897
9999
9951
9996
9952
9919
9995
9996
9916
9959
9921
9837
10000
9702
9952
9975
10000
9960
9957
9919
9868
9939
9885
9957
9927
10000
9999
9918
9984
9980
9913
9911
9987
9997
9989
9924
9948
9994
9892
9948
9982
10000
9823
9933
9957
9979
10000
9846
9897
9909
10000
9909
9998
9971
10000
9915
9992
9933
9916
9992
9980
9857
9917
10000
10000
9929
9982
9998
9943
9995
9960
9941
9989
9965
9944
9963
9861
9829
9900
9967
9894
10000
9998
9953
9938
9881
9978
9943
9844
9896
9966
9811
9996
9978
9921
9920
9986
9985
9975
10000
9913
9829
9853
9998
9928
9994
9950
9990
9849
9904
9909
9883
9998
9958
10000
9938
9967
9896
9828
9908
9881
9952
9906
9851
9977
9820
9867
9873
9950
9959
9910
9986
9940
9983
9996
9814
9980
10000
9982
10000
10000
9890
9923
9933
9890
9999
9971
9998
9758
9845
9962
9906
9907
9835
9954
9976
9999
9987
9851
9954
10000
9967
9911
9933
9924
9951
9994
9998
9992
10000
9986
9949
10000
9993
9863
9917
9958
10000
9857
9934
10000
9995
9976
9994
9839
9898
9925
9920
9905
10000
9912
9903
9918
9760
9933
9882
9904
9928
9977
9945
9928
9879
9945
9903
9936
9998
9988
9956
10000
9872
9996
9977
9987
9948
9901
10000
9984
9891
9946
9996
9847
9944
9999
9959
9887
9895
9992
9999
9928
9999
10000
9909
9923
9995
9992
9959
9998
10000
9931
9999
9890
9998
9934
9889
10000
9909
9942
9951
9907
9908
9955
9998
9882
9903
10000
9997
9962
9798
9961
9885
9999
9983
9975
9891
9967
9973
10000
9838
9991
9919
9950
9989
9860
9845
9857
10000
10000
9990
9857
10000
9908
9999
9984
9999
9995
9956
9868
9999
9933
9984
9902
9997
9939
9930
9930
9970
9993
9987
9997
9981
9931
9989
9922
9964
9937
9926
9844
9972
9807
9999
9940
9783
9815
9943
9914
9996
9854
9981
9830
9914
9945
9872
9873
9900
9911
9982
9937
10000
9974
9992
9902
9998
9966
9999
9928
9972
9971
9886
9998
9910
9839
9863
9993
9961
9961
9928
9992
10000
10000
9933
9904
9842
9950
9909
9998
9907
9873
9961
9890
9933
9979
9903
9948
10000
9869
10000
9930
9925
9996
9992
9963
9982
9991
9992
9892
9984
9949
9854
9999
9850
9997
10000
9893
9982
9996
10000
9961
9716
9894
9933
9798
10000
9962
9989
10000
9866
9920
9813
9908
9995
9882
9970
9973
9966
9855
9978
9989
9876
9946
9910
9947
9994
9937
9878
9889
9986
9917
9921
9994
9815
9993
9859
10000
9946
10000
9913
9961
9932
9969
9963
9963
9939
9888
9851
9971
9928
9940
9955
9930
9993
9889
9804
9951
9846
9849
9901
9900
9922
9941
9841
9999
9926
9810
9963
9899
9958
9916
9999
9976
9989
9930
9967
9987
9877
9996
9875
9869
9883
9956
9894
9934
9882
9934
9834
9999
9876
9913
9863
9999
9941
9993
9748
9996
9706
9741
9984
9919
10000
9904
9904
9997
9900
9895
9911
10000
9974
9911
9913
9841
9932
9864
10000
9978
9976
9850
9971
9949
9944
9976
10000
9998
10000
9996
10000
9865
9991
9800
9950
9908
9997
9948
9962
9982
9890
9999
9986
9812
9958
10000
10000
9905
9991
9939
10000
9935
9997
9868
9908
9997
10000
9866
10000
9967
9991
9935
9995
9949
9895
10000
9925
9991
9968
9984
9784
9940
9939
9978
9855
10000
9907
9996
9933
9902
9983
9994
9950
9828
9900
9997
9878
9863
9936
9803
9920
9843
9993
9994
9927
9896
9962
9970
9998
9874
9793
10000
9964
9997
9893
9758
9816
9838
9868
9992
9969
9955
9957
9945
9912
10000
9901
9813
9855
9974
10000
9894
10000
9952
9975
9817
9946
9990
9947
9999
9995
9935
9998
9947
9909
9785
9995
9969
10000
9979
9931
9992
9906
9934
9852
9879
9986
9986
9962
9932
9881
9922
9895
9825
9918
9993
9933
9910
9974
9972
9865
9868
9912
9947
9998
9985
9737
9910
9965
10000
9911
9848
9783
9976
9946
9768
9946
9970
9998
9991
9964
9843
9834
9762
9969
9936
9884
9922
9965
9926
9943
9976
9884
9966
9944
10000
9980
9993
9999
9938
9998
9855
9778
9992
9999
9869
9953
9936
9885
9891
9997
9970
9998
9989
9900
9981
9893
10000
9912
10000
9936
9905
10000
9921
9958
9990
9944
9986
9914
9908
9887
9946
9911
10000
9992
9976
9894
9923
9998
9878
9942
9922
9992
9791
9996
10000
9999
9818
9913
9993
9782
9997
9895
9978
9877
9998
9997
10000
9947
9889
9983
10000
9816
10000
9965
9868
9829
9943
9765
9968
9920
9930
9784
9919
9940
9985
9910
10000
9997
9974
9931
9962
9996
9850
9970
9994
9957
9995
9863
9954
9908
9789
9945
9895
9939
9918
9931
9915
9989
9933
9864
9873
9913
9770
9998
9878
9797
9994
9979
9827
9964
10000
10000
9664
9973
9994
9935
9998
9973
9949
9908
9951
9994
9935
9935
9846
9973
9967
9967
9853
9900
9859
9918
9957
9956
9996
9959
9875
9997
9937
9952
9920
9981
9779
9913
9767
9932
9952
9997
9953
9999
9920
9922
10000
9930
9999
9979
9855
9854
9960
9871
9984
9953
9842
9956
9942
9882
9901
9883
9996
9997
9989
9989
9930
9923
9991
9843
10000
9873
9985
10000
9997
9925
9879
9957
9864
9969
9999
9853
9949
9994
10000
9995
9970
9971
9824
9941
9942
9999
9924
9919
9885
9937
9952
9954
9962
9960
9907
9978
9987
9987
9994
9941
10000
9895
9966
9944
9973
9945
9873
9968
9867
9767
9963
10000
9994
9989
9999
9943
9971
9934
9861
9936
9879
9990
9874
9816
9997
9957
9846
9957
9938
10000
9895
9930
9951
9995
9854
9862
9962
9979
9933
9976
9990
9909
9999
9957
9895
9945
9883
9824
10000
9994
9891
9868
10000
9928
9889
9972
