9998
9980
9999
9979
9990
9910
9924
9987
9999
9891
10000
9933
9775
9996
9998
9975
9966
9954
9998
10000
10000
9995
9969
9958
9974
9980
9769
9996
9972
9912
9823
9974
9993
10000
9940
9896
9998
9926
9809
9998
9938
9942
9920
9997
9981
9882
9899
10000
9998
9969
9998
9953
9986
9945
9995
9962
9959
9980
9999
9922
9963
9984
9974
10000
9997
9991
9996
9997
9942
9914
9908
9879
9928
9997
9858
9930
9968
9999
9987
9992
9997
9968
10000
9988
9925
10000
9951
9995
9984
9893
9941
9995
9997
9997
9920
9999
9851
9943
9965
9876
9780
9999
9926
10000
9999
9995
9905
9946
9981
10000
9907
9967
9928
9987
10000
9954
9955
9986
9946
10000
9988
9895
9989
9984
9888
9942
9959
10000
9993
9817
9967
9999
9940
9997
9953
9980
9968
9993
10000
9984
9999
9926
9999
9933
10000
9970
9866
9903
9997
10000
9973
9992
9936
9940
9889
9965
9908
10000
9973
9944
9976
9905
9912
9990
10000
9760
9979
10000
10000
10000
9913
9859
9993
9977
9905
9937
10000
9968
9999
9990
9848
9929
9998
9905
9997
9945
9969
9880
10000
9896
10000
9972
9997
9982
9987
9999
9875
9963
10000
9869
10000
9979
9999
9958
9993
9982
9896
9926
9951
9999
9827
9873
9972
10000
9990
9910
9986
9887
9956
9867
9947
10000
9951
9841
9890
9986
9924
10000
9996
9898
9945
9992
9983
10000
9860
9987
9990
9930
10000
9989
9887
9999
9950
10000
9983
9919
9987
10000
9917
9928
9847
9900
9960
9820
9995
9865
9987
9997
9999
9997
9965
10000
9954
10000
10000
10000
9966
9902
9967
10000
9883
9995
9996
9976
9973
9877
9851
9906
9982
10000
9956
9913
9914
9968
10000
9999
9964
10000
9955
9999
9915
9986
9998
9982
9995
9881
9913
9952
9973
9903
9846
9934
9970
9976
9993
9952
9954
9990
9979
9969
9997
9999
9985
9945
9977
9985
10000
9935
9864
9998
9879
9997
9928
10000
9970
9803
9938
9914
9846
9918
9918
9945
9899
9900
9929
9937
10000
10000
9832
9984
9909
9988
9984
9882
9912
9958
9932
9941
9995
9991
9977
9991
9840
9999
9977
10000
9930
9997
9962
9967
9976
10000
9980
9970
9890
9893
9917
9957
9999
9999
9996
9853
9933
9997
10000
9913
9959
9998
9899
9977
9999
9940
10000
10000
9955
9981
9956
10000
9985
10000
9995
10000
9998
10000
9879
9996
9958
9980
9871
9923
9999
9942
9873
9976
9999
9984
9955
9896
9874
9991
9990
9907
9963
9957
9913
9932
10000
9893
9999
9826
9881
9864
10000
9979
9888
10000
9955
9954
9986
10000
10000
10000
10000
9968
9891
10000
9852
9961
9903
9865
10000
10000
10000
9904
9845
9997
9843
9959
9942
9882
9947
9879
9958
9889
9934
9959
9860
9993
9851
9942
9947
9999
9914
9914
9973
9996
9977
9986
10000
9980
9995
9923
9972
10000
9941
9866
9974
9906
9935
9987
10000
9936
9891
9827
9959
10000
10000
9959
9834
9994
10000
9980
9991
10000
9915
9860
9845
9999
9918
9955
9858
10000
9851
9936
9997
9966
10000
9997
9879
9991
9993
9999
9954
9918
9984
9958
9960
9969
9999
9893
9954
9974
10000
9972
9971
9927
9995
9944
9862
9905
9831
9924
10000
9993
9994
9937
9985
10000
9999
9969
9985
9977
9911
9898
9965
10000
10000
9867
9940
9750
9879
10000
9966
9913
9987
9998
9911
9882
10000
9931
9934
9999
9981
9980
9887
9997
9951
10000
9994
9952
9889
9952
9872
9973
9939
9941
9994
9902
9908
10000
9897
9922
9784
9902
10000
9966
9998
9997
9844
9999
9873
10000
9807
9943
9982
9991
9993
9825
9998
9988
10000
9988
9910
9993
9890
9855
9923
9969
9976
9999
9854
9998
9978
9999
9928
9993
9968
9856
10000
9840
9948
9992
9938
9998
9926
9936
9825
9984
9996
9868
9897
10000
9891
9806
9908
10000
9993
9880
9987
9921
9838
9905
9919
9919
9894
9876
9969
9997
9983
10000
9998
9982
9998
9912
9998
9991
9980
9979
9880
9967
9969
9996
9981
9876
9913
9983
9911
9932
9880
9976
9999
9999
9961
9982
9963
9940
9934
9953
10000
10000
9967
9997
9997
9999
9999
9996
9978
9888
9828
9993
10000
9952
9882
9974
9940
9955
9999
10000
9998
9837
9990
9978
9998
9920
9857
10000
10000
9885
9985
9926
9987
9997
9929
9998
9989
10000
9925
10000
9955
9851
9790
9989
9918
9972
9959
9966
9983
9857
9993
9999
9730
10000
9905
9864
9965
9947
10000
9936
9956
9988
9922
9968
9971
9976
9897
9986
9999
9963
9943
9993
9895
9911
9977
9925
10000
9897
10000
9914
9928
10000
9999
9968
10000
9994
10000
9839
9907
9987
9990
9963
9926
9955
10000
9750
9993
9908
9860
9848
10000
9871
9976
9905
9925
9963
9987
10000
9995
9944
10000
9921
9954
9990
9960
9822
9780
10000
9991
9990
9901
10000
9882
9890
9958
9999
9920
9865
9953
9996
9999
10000
9972
9999
9999
9953
9907
9997
9961
9907
9845
9818
9929
9939
9962
9894
9881
9993
9918
9893
9990
9994
9923
9987
9842
10000
9993
9998
9909
9986
10000
9999
9833
9888
9912
9970
9999
9945
10000
10000
9987
9973
9937
9993
9956
9937
9989
9928
9961
9861
9996
9959
9906
9993
9979
9993
9980
9994
9956
9956
9935
9999
9968
9997
10000
9913
9790
9958
9915
9940
9907
9987
9969
9930
9998
10000
10000
9914
9868
9995
9953
9983
9971
9932
9833
9954
10000
10000
9981
9968
9907
9995
9999
10000
9984
10000
9862
9997
9991
9993
9855
9929
9988
9971
9943
9932
9894
9980
9879
9979
9999
9852
9991
9999
9913
10000
9939
10000
9871
9965
9869
9990
10000
9996
9911
10000
9921
9930
9922
9995
9945
9988
10000
10000
9841
9930
9973
9957
9995
10000
9952
9998
9862
9960
9986
9814
10000
10000
9945
10000
9872
9859
9988
9999
10000
9968
9946
9993
9881
9999
9995
9951
9997
9991
9986
9901
10000
9818
9917
9957
9930
9872
9947
9973
9956
9892
9831
9970
9984
9970
9852
9877
10000
9866
9994
9984
9858
9995
9940
9893
9787
9961
