9999
9981
9896
9895
10000
10000
9990
9949
10000
9965
10000
10000
9914
9998
9918
9999
9994
9974
9992
9892
9994
9987
9971
9997
9932
10000
9994
9884
9928
9966
9897
9999
9828
9989
9897
9998
9907
9999
9949
9991
9947
9837
9933
9881
9927
10000
9977
9911
9999
9982
9999
10000
9999
9994
9970
10000
9995
10000
9951
9988
10000
9914
9950
10000
9961
9967
9870
9887
9978
9900
9948
9979
9994
9998
9998
9932
9996
9995
9990
10000
9959
9994
9994
9995
9983
9999
9966
9945
9972
9928
9943
10000
9997
10000
9998
9975
9980
9955
9974
10000
9881
9923
9997
10000
9962
10000
9997
9976
9991
9959
10000
9997
10000
9991
9859
9945
9937
9966
9880
9949
9998
9999
9954
9996
9995
9997
9856
9999
9910
10000
9957
9971
10000
9980
10000
9863
9999
9967
9928
9880
9859
9819
9992
10000
9948
10000
10000
10000
9999
9997
9945
9926
9824
10000
9912
9982
9999
9959
9999
9872
9928
10000
9989
10000
9962
9988
9987
9915
9991
10000
9972
9880
9992
9887
9998
9931
9987
9951
10000
9949
9702
9855
10000
10000
9997
9911
10000
9906
9980
9987
9982
10000
9910
9931
9980
9918
9904
9995
9998
9936
9994
9969
10000
10000
10000
9998
9967
9762
9983
9899
9981
9909
9973
9877
9963
9929
9983
10000
9938
10000
9945
9994
9999
9981
9844
9992
9982
9972
9928
9833
9979
9998
10000
9821
9994
9937
9889
9996
9808
10000
9947
9999
9876
9988
10000
9830
9983
9933
9997
9994
9969
9916
9929
10000
9999
9999
10000
9987
9998
9994
9996
9903
9980
10000
9999
9979
9933
10000
9996
9969
9976
9999
9910
10000
9967
9903
9984
9943
10000
10000
9986
9967
9976
9973
9999
10000
9912
10000
9953
9986
9867
9932
9998
9995
9849
9998
9960
9984
9998
9967
9999
9998
9944
9998
9817
9950
9997
9996
9984
9959
9992
9998
10000
9990
9998
9858
9944
9954
9960
9990
9991
9938
9994
9943
10000
9996
10000
9964
10000
9895
9998
9995
9977
9845
9924
9998
9999
9999
9987
9963
9972
9891
10000
9997
9941
9999
9880
9996
9990
9949
9908
9943
10000
10000
9995
9945
9983
9999
9957
9974
9982
9927
9830
9830
10000
9822
9956
9911
9981
9927
9996
9997
9982
9997
9919
10000
9918
9997
9971
9899
9903
10000
9890
9917
9933
9921
9978
9998
9840
9950
10000
10000
9986
9987
9992
9865
9935
9994
9916
10000
9936
9996
9994
9878
9991
9979
9947
9922
9992
9949
9954
10000
10000
9999
9984
9998
9895
9936
9986
9986
9983
9884
9965
9825
10000
9815
9921
9936
9909
9985
9959
9897
9985
10000
9955
9902
9958
9937
9990
9933
9945
9977
9989
9932
9951
9997
9995
9875
9984
9809
9909
9867
9849
9979
9970
10000
9979
10000
9926
10000
9945
9999
9995
9932
9960
10000
9977
9936
9925
10000
9996
9880
9991
9990
9998
9956
9996
9999
9900
10000
9957
9997
9937
9997
10000
9844
9997
9956
9952
9987
9997
9964
9909
9957
9999
9947
9994
9996
9986
9794
10000
10000
9868
9935
9888
9943
9956
9987
9999
9957
9931
9917
9972
9990
9895
10000
9883
9999
10000
9974
9986
10000
9849
9998
9999
9996
9999
9998
9999
9959
9950
9999
10000
9913
9989
9933
9987
9886
9950
9999
9991
9963
9988
9999
9952
9923
9997
9971
9998
9977
9993
9991
10000
9994
10000
10000
9992
9999
9752
9877
10000
9999
9963
9993
9940
9963
9940
9999
10000
9975
9998
9976
9926
10000
10000
9991
9960
9967
9977
9994
10000
9998
9893
9952
9973
9928
9977
9963
9961
10000
9981
9795
9998
9991
9992
9994
9879
9940
9998
9900
10000
9937
9862
9957
9988
10000
9824
10000
9987
9999
9968
9971
10000
9997
9976
9921
9912
9929
9933
9999
9998
9977
9999
9976
9988
9939
9979
9987
9831
9769
9999
9906
9870
9995
10000
9964
9965
9779
9995
9998
9950
10000
9969
9981
10000
9937
9994
10000
10000
10000
9930
9975
9999
9962
9999
9996
9980
9943
9906
9946
9999
10000
9982
9978
9932
9863
9999
9917
9979
9978
10000
9990
9990
9993
9971
9982
9941
10000
9995
10000
9862
10000
10000
9989
9929
9944
9988
9949
9936
9976
10000
9953
9996
9999
9962
9958
9999
9930
9989
9974
9994
9841
9936
10000
9904
9957
9980
9999
10000
9974
9989
9998
9994
9970
9999
9996
9933
9999
10000
9998
9991
9988
9957
9996
9998
9976
9874
9996
9989
9883
9989
10000
9992
9998
9935
9898
9928
9952
9953
10000
9999
9996
10000
9969
10000
9994
10000
9892
9892
9957
9890
9999
9971
9894
9919
9998
9963
9898
9977
9907
9965
9993
9995
10000
9996
9966
9985
9990
10000
9950
9900
9943
9978
9961
9989
9998
10000
9946
9990
9996
9997
9997
9996
9920
9944
9946
9945
9944
9995
9956
10000
9996
10000
10000
9976
10000
10000
9998
9883
9997
9964
10000
9945
9964
9996
10000
9995
9917
10000
9890
10000
10000
9885
9999
9995
10000
9876
9970
9992
9914
9949
9876
9876
9999
9967
9805
9937
9988
9970
9987
9997
9952
9940
9953
9988
9999
9943
9998
9971
9923
9964
9954
10000
10000
9971
10000
9951
9991
9996
9999
9996
9982
9960
9996
9997
9999
9883
9997
9987
9987
9998
9999
9998
10000
10000
10000
9977
10000
9999
9994
10000
9999
9976
9929
10000
9998
9990
9968
9958
9974
9979
9893
9939
9963
9997
10000
9960
9935
9996
9999
10000
9999
9996
9986
9972
10000
9995
9934
9986
10000
9941
9904
10000
9860
9998
9999
9973
9995
9996
9933
9965
9992
10000
9960
9882
9768
9998
9972
9987
9994
9992
9994
9956
9847
9993
9996
9971
10000
9958
9993
9991
9995
9999
9996
10000
9971
9999
9999
9976
9906
9986
9994
9986
9931
9999
9991
10000
9919
9954
9956
9966
9989
9997
9889
10000
9990
10000
9961
9982
9973
9994
9995
9994
9957
9967
9980
9983
9999
9908
10000
9982
9916
9853
9967
9994
10000
10000
9917
10000
9957
9960
9995
9985
10000
9869
9997
10000
9985
9883
9964
9998
9844
9974
10000
9964
9999
9995
9997
9988
9999
