9874
9846
9896
9941
9906
9954
9945
9705
9938
9887
9889
9992
9865
9903
9905
9923
9958
9969
9819
9978
9915
9942
9976
9823
9756
9900
9949
9832
9914
9875
9897
9901
9958
9904
9943
9866
9925
9882
9973
9846
9887
9986
9898
9882
9843
9927
9926
9887
9886
9857
9862
9892
9886
9938
9946
9921
9898
9901
9965
9901
9849
9908
9938
9929
9807
9944
9960
9967
9861
9784
9926
9885
9910
9932
9954
9931
9864
9952
9878
9958
9887
9872
9906
9938
9879
9864
9911
9895
9905
9853
9837
9911
9906
9902
9944
9913
9941
9795
9812
9913
9921
9756
9880
9881
9876
9892
9982
9738
9908
9983
9940
9874
9890
9934
9874
9989
9902
9968
9951
9900
9876
9954
9754
9877
9955
9956
9789
9938
9974
9930
9955
9770
9960
9880
9939
9914
9937
9889
9789
9863
9902
9975
9989
9920
9870
9864
9909
9847
9942
9990
9978
9865
9845
9794
9827
9918
9868
9960
9868
9892
9988
9874
9956
9951
9870
9888
9755
9931
9946
9873
9938
9893
9884
9952
9850
9859
9930
9936
9897
9872
9925
9911
9966
9941
9949
9889
9889
9855
9890
9943
9894
9973
9940
9883
9859
9910
9939
9901
9986
9898
9878
9817
9895
9848
9891
9898
9944
9904
9921
9864
9860
9850
9970
9945
9889
9879
9783
9924
9849
9981
9895
9962
9981
9933
9902
9884
9919
9867
9880
9923
9847
9869
9889
9995
9852
9962
9902
9960
9830
9949
9963
9783
9888
9932
9880
9913
9890
9786
9850
9691
9957
9923
9931
9886
9866
9966
9960
9936
9786
9886
9895
9902
9910
9726
9831
9814
9820
9959
9936
9978
9961
9966
9924
9985
10000
9958
9858
9966
9914
9987
9865
9960
9866
9916
9922
9958
9972
9792
9954
9927
9889
9951
9893
9918
9850
9878
9975
9943
9922
9972
9946
9827
9927
9922
9970
9909
9891
9869
9920
9879
9836
9881
9933
9981
9963
9914
9944
9822
9934
9942
9884
9911
9859
9948
9896
9914
9954
9947
9884
9900
9854
9817
9949
9866
9925
9929
9880
9936
9990
9972
9854
9838
9836
9877
9911
9941
9908
9925
9893
9901
9871
9911
9833
9939
9922
9951
9924
9766
9929
9914
9955
9944
9941
9943
9945
9844
9941
9818
9869
9873
9931
9794
9906
9890
9868
9900
9927
9768
9995
9820
9916
9934
9800
9950
9911
9900
9942
9897
9972
9836
9899
9923
9929
9928
9968
9921
9963
9970
9965
9919
9909
9861
9929
9960
9946
9977
9916
9951
9871
9917
9904
9986
9841
9948
9938
9922
9960
9911
9903
9740
9904
9971
9995
9917
9978
9875
9803
9894
9950
9864
9908
9836
9878
9896
9819
9885
9935
9905
9825
9887
9916
9951
9920
9854
9932
9881
9980
9965
9874
9913
9968
9907
9853
9903
9934
9795
9869
9937
9925
9943
9866
9939
9897
9870
9912
9940
9837
9831
9936
9862
9929
9919
9884
9825
9939
9927
9957
9876
9868
9776
9933
9938
9854
9799
9825
9948
9824
9913
9875
9913
9852
9789
9938
9889
9902
9829
9869
9914
9960
9889
9859
9958
9889
9961
9757
9976
9892
9885
9926
9963
9864
9917
9928
9974
9944
9897
9897
9839
9858
9956
9994
9822
9937
9922
9967
9944
9935
9888
9907
9988
9863
9886
9858
9973
9905
9951
9889
9962
9898
9938
9941
9930
9974
9892
9913
9912
9851
9874
9905
9821
9869
9908
9919
9910
9908
9823
9865
9940
9955
9942
9904
9948
9982
9945
9891
9981
9927
9836
9957
9939
9868
9861
9799
9974
9902
9897
9903
9874
9877
9904
9969
9890
9950
9908
9947
9946
9818
9920
9875
9940
9971
9945
9934
9924
9960
10000
9896
9930
9909
9940
9929
9923
9815
9930
9966
9856
9901
9811
9869
9820
9850
9946
9910
9926
9909
9822
9768
9707
9980
9943
9793
9824
9848
9886
9832
9947
9932
9916
9884
9943
9905
9950
9922
9918
9854
9856
9945
9800
9844
9874
9891
9811
9927
9814
9872
9954
9916
9946
9897
9892
9959
9890
9959
9905
9831
9916
9782
9845
9883
9903
9845
9952
9841
9793
9947
9976
9723
9945
9953
9851
9850
9942
9883
9939
9877
9872
9928
9858
9958
9872
9926
9869
9882
9832
9770
9965
9918
9841
9825
9882
9907
9796
9794
9944
9968
9820
9971
9984
9895
9931
9907
9935
9911
9794
9891
9949
9914
9914
9924
9940
9987
9862
9871
9934
9918
9903
9876
9775
9845
9885
9897
9933
9972
9873
9985
9997
9871
9890
9911
9941
9959
9874
9931
9948
9942
9924
10000
9884
9874
9907
9938
9947
9908
9990
9980
9883
9903
9976
9965
9844
9967
9956
9931
9867
9963
9948
9868
9974
9851
9861
9951
9918
9903
9851
9680
9821
9863
9866
9879
9901
9901
9830
9955
9898
9918
9871
9860
9954
9824
9859
9801
9982
9883
9909
9910
9854
9953
9925
9909
9795
9975
9948
9988
9911
9906
9962
9843
9994
9929
9958
9960
9922
9749
9830
9827
9922
9912
9850
9903
9878
9911
9906
9917
9910
9985
9897
9737
9940
9870
9781
9883
9851
9913
9864
9954
9912
9858
9800
9917
9856
9844
9899
9970
9942
9743
9913
9829
9803
9921
9870
9966
9942
9958
9837
9923
9953
9905
9820
9922
9886
9945
9763
9880
9874
9912
9969
9959
9947
9725
9985
9894
9804
9966
9898
9927
9883
9972
9826
9898
9828
9909
9891
9893
9982
9829
9934
9887
9943
9916
9921
9952
9869
9816
9778
9924
9933
9948
9907
9990
9913
9891
9923
9970
9919
9887
9871
9776
9914
9963
9884
9953
9908
9916
9917
9866
9942
9879
9866
9832
9902
9903
9905
9852
9991
9785
9827
9957
9934
9782
9974
9969
9821
9819
9964
9979
9933
9928
9943
9933
9822
9943
9982
9892
9870
9851
9910
9895
9910
9801
9887
9928
9993
9955
9914
9912
9825
9930
9869
9982
9991
9900
9819
9839
9971
9848
9901
9950
9968
9854
9961
9945
9872
9930
9858
9918
9937
9937
9868
9911
9863
9890
9894
9976
9956
9880
9955
9966
9953
9884
9957
9977
9651
9905
9842
9941
9946
9958
9851
9912
9918
9943
9922
9902
9901
9901
9836
9769
9978
9955
9937
