10000
9999
10000
9905
10000
10000
9999
10000
10000
10000
10000
9988
10000
10000
9998
9936
10000
10000
9936
10000
9999
10000
10000
10000
10000
9993
10000
9998
10000
10000
10000
9986
9880
10000
9997
10000
9961
9993
9997
10000
10000
10000
9904
9996
10000
10000
10000
10000
10000
10000
10000
10000
10000
9998
10000
9915
9967
10000
9996
10000
10000
9859
9997
9867
10000
10000
9998
9995
9996
9978
10000
9988
10000
10000
10000
9995
10000
10000
10000
9997
9999
10000
10000
10000
10000
9996
9969
10000
10000
10000
10000
9999
9954
10000
10000
10000
9996
10000
9986
9903
10000
10000
9976
9997
10000
9996
9800
10000
9846
9946
10000
10000
10000
10000
9993
9993
9965
9967
9995
9884
10000
9960
10000
10000
10000
9926
9999
9835
9960
10000
10000
9999
10000
9998
9999
9884
10000
10000
10000
10000
10000
10000
9999
9999
9999
10000
9998
9980
10000
9997
10000
9999
9990
9996
10000
9924
10000
9989
10000
9877
9956
10000
9999
9987
9953
10000
9993
9996
10000
9930
9968
10000
9971
10000
10000
9998
10000
10000
10000
10000
10000
10000
9877
9997
10000
9999
10000
9983
10000
10000
10000
9999
10000
10000
9992
9989
9994
10000
10000
10000
9998
10000
10000
10000
10000
9998
9978
10000
9995
9993
10000
9994
10000
10000
10000
10000
9992
9999
10000
9999
10000
10000
9997
9990
10000
10000
9995
9955
9917
9998
9902
10000
10000
10000
9946
9974
10000
9903
10000
9983
10000
10000
9977
10000
9919
10000
10000
9998
10000
9967
9866
10000
10000
10000
10000
9999
9998
10000
9953
9797
9998
9893
10000
10000
10000
9962
9998
10000
9934
9983
9996
10000
10000
10000
9997
10000
9999
10000
10000
9978
10000
10000
9976
9999
10000
10000
9824
10000
9758
9967
9859
10000
9900
10000
10000
9999
10000
10000
10000
9940
9999
10000
10000
9993
9999
10000
10000
10000
10000
9985
9989
10000
10000
9940
9995
10000
10000
9934
10000
9984
10000
10000
9924
9982
10000
10000
10000
9989
9971
10000
10000
9998
10000
10000
10000
10000
9998
10000
10000
10000
9997
10000
10000
9953
10000
9970
10000
9999
10000
9999
10000
10000
9999
10000
10000
9872
10000
10000
10000
9979
9880
9991
10000
10000
10000
10000
10000
9998
9998
10000
9898
10000
10000
10000
10000
10000
9995
9989
10000
9919
9941
10000
9996
9970
9980
10000
9936
9991
9993
9975
9985
9998
9996
9999
9758
10000
9998
10000
9998
9951
10000
10000
10000
9948
10000
9738
10000
10000
10000
10000
9925
10000
9974
9949
9998
9992
10000
10000
10000
10000
9997
9900
10000
10000
10000
10000
9997
10000
10000
9984
9912
9893
10000
10000
10000
10000
10000
9999
10000
9938
10000
9960
10000
9907
9999
9996
10000
10000
10000
10000
9981
9998
9898
10000
10000
9958
10000
10000
10000
10000
9978
9927
10000
10000
9994
9928
9988
10000
9986
10000
9996
10000
9999
10000
10000
10000
10000
9882
10000
9999
10000
10000
10000
9977
10000
9941
10000
10000
9949
10000
10000
10000
9993
9958
9999
9991
10000
9999
10000
9999
9966
9999
10000
10000
9969
9904
10000
9999
9999
10000
9892
10000
10000
10000
9981
9995
10000
9999
10000
9978
9999
10000
10000
10000
10000
10000
10000
10000
10000
10000
10000
10000
10000
9999
10000
9953
9935
9976
10000
10000
10000
10000
10000
10000
9957
10000
10000
10000
9997
9992
10000
10000
9931
9901
9995
10000
10000
9995
10000
10000
10000
10000
9998
10000
10000
10000
9801
10000
9984
10000
9927
9996
10000
10000
10000
9997
10000
10000
9996
9996
9924
10000
9964
9998
10000
9997
10000
9990
9890
9993
9965
10000
9991
10000
10000
9985
10000
9962
10000
9962
9901
10000
9946
10000
9975
9999
9997
10000
9969
10000
9966
10000
10000
9986
9984
10000
10000
9967
9997
10000
10000
10000
9990
9994
10000
9962
9991
10000
10000
9994
10000
10000
10000
9999
10000
9996
10000
9999
10000
10000
10000
9999
9974
10000
10000
10000
10000
10000
10000
9990
10000
10000
10000
10000
9998
9986
10000
10000
10000
9997
9908
9998
10000
10000
10000
10000
10000
10000
10000
9999
9800
10000
9974
9860
10000
9999
10000
9997
9999
9999
9989
9999
10000
10000
10000
10000
10000
9987
10000
9927
10000
10000
10000
9956
10000
10000
10000
10000
10000
9992
10000
10000
10000
10000
10000
9994
10000
9994
10000
10000
10000
10000
9998
9993
10000
9958
10000
9996
9978
10000
9993
10000
10000
10000
9919
10000
9977
10000
10000
9834
9976
10000
9991
9927
9899
9997
9989
9910
9997
9998
10000
10000
10000
9972
9999
9988
10000
10000
9995
9995
10000
10000
10000
10000
10000
10000
9939
9913
10000
10000
10000
10000
10000
9997
9895
10000
10000
10000
10000
10000
10000
10000
9916
9999
9970
10000
9979
9862
10000
9837
9980
10000
10000
10000
9971
10000
10000
9999
10000
9998
10000
10000
9989
10000
9999
10000
9992
9999
9995
9908
9999
9988
9955
10000
10000
10000
10000
10000
9918
10000
10000
9981
10000
10000
9985
10000
9998
9992
9968
10000
9960
10000
10000
10000
9997
9962
9956
9997
9999
9997
10000
10000
10000
10000
9935
9818
10000
10000
9998
10000
9924
10000
9998
9943
10000
9999
9999
9996
10000
10000
10000
9991
9894
10000
10000
10000
10000
9993
9996
10000
10000
10000
10000
9885
9993
9996
10000
9999
9956
10000
9999
9940
10000
9985
10000
9998
10000
9999
9998
9996
9974
10000
10000
10000
9999
10000
10000
10000
9988
9998
10000
10000
10000
9968
9993
10000
9995
10000
10000
9974
9997
10000
10000
10000
10000
9952
9999
10000
9995
9999
9999
10000
9991
9929
9998
10000
10000
10000
10000
9981
10000
10000
10000
9999
9959
10000
9938
9937
10000
9998
10000
10000
10000
10000
9884
10000
10000
10000
10000
10000
9925
9986
9979
9999
9963
10000
10000
10000
10000
10000
10000
9985
10000
9970
10000
9998
9937
9997
10000
10000
9999
10000
9976
10000
9927
10000
9999
10000
10000
9998
10000
10000
10000
9975
10000
9836
10000
9985
10000
9997
10000
9992
10000
10000
9995
10000
9972
10000
9994
9963
9999
9829
10000
9995
10000
9996
10000
9996
10000
10000
