9872
9819
9847
9938
9982
9906
9818
9986
10000
9866
9994
9937
10000
10000
9762
9935
9893
9996
10000
10000
9900
9952
9990
9884
9828
9944
9999
9969
9997
9905
9928
9986
9999
10000
9844
9954
9916
9906
9987
9998
9995
9976
9995
9816
9995
9962
9859
9997
9998
9820
10000
9996
9991
9948
10000
10000
9970
9988
10000
9999
9963
9941
9911
9955
9878
9993
9978
9986
9865
9971
9823
9754
9851
9917
10000
9903
9999
9906
9858
9999
9974
9929
10000
9998
9961
9887
10000
9996
9948
9936
9994
9835
10000
9947
10000
10000
9917
9923
9981
9945
9908
9854
9938
9973
9945
9899
9944
9993
9952
9857
9915
9999
9977
9996
9997
9997
9780
9911
9850
9928
9966
9987
9933
9938
9901
9977
10000
9995
9941
9876
9934
9883
9921
10000
9999
9905
9865
9966
9930
9971
10000
9944
9943
9947
9999
9996
9913
9972
9882
9835
9913
9919
9906
9927
9990
9802
9947
9965
9818
9971
9999
9932
9942
9882
10000
10000
9995
9969
9842
10000
9913
9979
9999
9963
9934
9848
9856
9905
9998
9725
9927
9920
9978
9864
9955
9875
9961
9988
9848
9791
9995
9955
9810
10000
9986
9927
9906
9927
9926
9934
9945
9938
9885
9897
9978
9957
9934
9874
9968
10000
9871
9863
9881
9956
9962
10000
9989
9853
10000
9944
9957
9998
9859
9914
9943
9915
10000
9967
9794
9845
9930
10000
9933
9995
9870
9954
9845
9897
9977
10000
9834
9991
9908
9961
9849
9943
9997
9983
9921
9989
9936
9970
9997
9982
9918
9853
9925
9974
9679
10000
9999
9968
9847
9986
9996
10000
9807
10000
9942
9976
9938
9989
9999
9954
9997
9999
10000
10000
9842
9974
9984
9848
9998
9997
9795
9878
9874
9995
9940
9735
9958
9937
10000
9983
9976
9838
9984
9905
9990
9999
9934
9897
9959
9975
9911
9836
9754
9952
10000
10000
9990
9940
9994
9991
9930
9970
9919
9977
9722
10000
9875
9990
9937
9842
9942
9964
9903
9954
9899
9998
9998
9916
9942
9994
9999
9914
9991
9928
9915
9940
9992
9976
9861
9989
9903
9997
9957
9992
9931
9863
9989
9921
9757
9922
9761
9935
9971
9998
9930
9973
9877
9978
9935
9999
9996
9871
9922
9997
9808
9847
9905
9924
9919
9812
9865
9971
9999
9831
9967
9923
9867
9997
9969
9981
9924
9989
9978
10000
9999
9966
9963
9998
9994
9959
10000
9908
9999
9977
9882
9975
9880
9905
9907
9992
9873
9897
9991
9935
9848
9865
9973
9966
9934
9997
10000
9983
9917
9996
9809
9974
9967
9965
9900
9907
9843
9946
9945
9980
9905
9992
9954
9905
9859
10000
9931
9731
9984
10000
9996
9985
9803
9939
9972
9983
9999
9758
9900
9980
10000
9883
10000
9975
10000
9887
9986
9906
9854
9969
9920
9980
9830
9986
9999
10000
9951
9810
9995
9961
9981
9989
9999
9993
9959
9996
9980
9934
9923
9907
9785
9868
10000
9976
9987
9926
9994
9935
9859
9981
9999
9995
9991
9898
9837
9978
9881
10000
9926
9946
9999
9896
9892
9940
9958
9910
9999
9922
9954
9999
9975
9946
9962
9995
9997
9937
9889
9927
9965
10000
9784
9977
9932
9985
9886
9995
9928
9995
9988
9979
9925
9899
9977
9967
9926
9954
9859
9915
9867
9925
9867
9882
9970
9968
9852
9877
9729
9990
9852
9942
9875
9959
9937
9936
9936
10000
9970
9990
9960
9961
9928
9723
10000
9982
9880
9819
9997
9994
9883
9961
9926
9736
9998
9820
9998
9984
9900
10000
9893
9996
9970
9809
9999
9911
9928
9996
9799
9967
10000
9962
9996
9812
9886
9990
9905
9902
9980
9958
9817
9977
9994
9953
9911
9905
9937
9904
10000
9997
9984
9991
9940
9837
9990
9958
9940
9882
9999
9991
9980
9840
9828
9978
9929
9945
9838
9979
9987
9885
9998
9973
9993
10000
9974
9863
9965
9937
9900
9972
9997
9885
9807
9905
9887
9993
9997
9995
9993
9999
9938
9916
9978
9820
10000
9983
9932
10000
9943
9840
9976
9941
9840
9999
9859
9999
9971
9854
10000
9992
9942
9920
9939
9935
9997
9872
9911
9927
9961
9950
9877
9992
9759
10000
9989
9890
9998
9975
9952
9931
9964
9997
10000
9999
10000
9981
9916
9759
9933
9934
10000
9990
9897
9998
9958
9951
9948
9997
9905
9885
9876
10000
9967
9921
9930
9895
9943
9881
10000
9952
9977
9922
9991
9998
9992
9994
9981
9993
9965
9931
9878
9996
9944
9935
9743
9933
9954
9854
9877
9946
9991
9957
9879
9940
9992
9985
9812
9887
9926
9921
9995
9962
9951
9896
9832
9961
9985
9990
9929
9991
9979
9989
9913
9890
9990
9991
9973
9988
9952
9992
9957
10000
10000
9896
9972
9997
9998
9901
9864
9979
9938
9984
9988
9998
9961
9932
9933
9806
9958
9988
9885
9994
9872
9982
9981
9979
9918
9986
9991
9983
9989
9885
9939
9979
9929
10000
9885
9993
9945
9989
9998
9986
9914
9911
9912
9997
9898
9878
10000
9999
9894
9976
9993
9890
9815
9928
9957
9971
9981
9908
9915
9900
9877
9836
10000
9920
10000
9776
9989
9976
10000
9940
9965
9920
9983
9980
9977
9982
10000
9832
9893
9860
9977
9997
9983
9955
10000
9988
9999
9981
9915
9898
10000
9885
9949
9960
9963
9999
9995
9959
9935
9944
9790
9916
9961
10000
9923
9899
9998
9999
9947
9978
9867
9842
9994
9956
10000
10000
9891
9891
9835
9984
10000
9937
9959
9996
9997
9973
9998
9955
9853
9985
9920
9999
9953
9843
9920
9894
9995
9949
9867
9934
9887
9988
9987
9910
9859
9903
9759
9869
9873
9816
9971
9832
9921
9879
9997
9848
9834
9953
9994
9926
9961
9808
9981
9878
10000
9939
9998
10000
9938
9936
9907
9881
9908
9987
9998
9715
9848
9919
9848
9993
9942
9989
9925
9855
10000
9998
9996
9893
9897
9894
9903
9997
9915
9968
9998
9960
9971
9935
9927
9806
9855
9988
9996
9983
9989
9962
9995
10000
9998
9999
9951
9992
9992
9991
9992
9995
9998
9996
9941
9991
9905
9997
9913
9891
9999
9999
9820
10000
9992
9923
9995
9961
