9857
9947
9877
9872
9872
9935
9865
9962
9903
9903
9937
9883
9996
9887
9801
9878
9854
9917
9830
9905
9953
9939
9887
9905
9944
9800
9906
9984
9912
9818
9995
9928
9832
9921
9866
9887
9885
9889
9880
9888
9868
9934
9756
9913
9904
9958
9958
9986
9928
9851
9951
9936
9773
9959
9982
9917
9820
9878
9902
9978
9828
9975
9931
9984
9985
9848
9933
9892
9963
9794
9931
9859
9939
9931
9976
9998
9831
9998
9942
9973
9939
9882
9962
9918
9961
9986
9866
9873
9797
9872
9834
9999
9902
9817
9955
9973
9916
9903
9914
9962
9980
9922
9789
9962
9932
9952
9963
9980
9952
9935
9925
9993
9789
9958
9776
9981
9833
9973
9917
9862
9894
9886
9929
9910
9893
9885
9904
9919
9928
9934
9925
9895
9916
9879
9804
9841
9862
9895
9874
9972
9837
9869
9883
9892
9962
9850
9841
9910
9901
9965
9943
9904
9907
9978
9898
9885
9848
9852
9838
9941
9922
9936
9895
9964
9897
9887
9974
9961
9944
9868
9819
9955
9885
9756
9945
9946
9835
9959
9868
9912
9920
9992
9978
9965
9879
9929
9947
9882
9943
9996
9917
9874
9957
9829
9825
9990
9933
9824
9730
9948
9879
9911
9914
9941
9930
9884
9933
9931
9830
9926
9880
9940
9949
9892
9950
9823
9765
9917
9838
9928
9826
9784
9955
9996
9911
9802
9864
9924
9868
9822
9912
9874
9883
9979
9733
9896
9848
9930
9928
9940
9775
9895
9909
9907
9944
9894
9760
9804
9853
9883
9922
9863
9897
9846
9847
9998
9996
9942
9930
9922
9858
9983
9891
9888
9881
9888
9991
9909
9925
9948
9981
9911
9965
9878
9978
9922
9868
9913
9901
9898
9943
9932
9924
9946
9937
9906
9911
9949
9972
9877
9911
9937
9947
9921
9906
9819
9937
9922
9885
9941
9886
9902
9907
9892
9831
9874
9870
9891
9688
9962
9964
9925
9877
9904
9902
9920
9922
9958
9890
9866
9817
9957
9928
9946
9930
9908
9894
9940
9890
9878
9979
9924
9952
9949
9882
9973
9947
9997
9928
9929
9897
9981
9985
9963
9892
9958
9843
9926
9829
9871
9901
9947
9929
9845
9806
9912
9919
9903
9868
9932
9880
9937
9864
9912
9945
9805
9979
9884
9809
9944
9710
9939
9910
9917
9853
9786
9918
9945
9961
9932
9956
9953
9830
9830
9920
9945
9868
9892
9704
9920
9936
9845
9852
9977
9945
9858
9961
9967
9809
9887
9905
9756
9942
9926
9902
9933
9745
9847
9853
9974
9931
9869
9966
9918
9934
9957
9947
9927
9874
9781
9879
9938
9862
9939
9848
9905
9948
9853
9777
9819
9654
9922
9800
9992
9854
9880
9892
9785
9933
9883
9996
9982
9851
9887
9875
9968
9877
9938
9833
9880
9919
9858
9804
9948
10000
9910
9932
9760
10000
9944
9861
9974
9949
9790
9965
9866
9897
9926
9904
9883
9853
9895
9857
9975
9806
9978
9968
9928
9928
9802
9969
9929
9886
9886
9950
9925
9964
9905
9929
9918
9922
9924
9931
9837
9929
9924
9930
9912
9958
9995
9891
9918
9925
9958
9995
9948
9929
9908
9964
9923
9975
9879
9863
9913
9915
9869
9873
9927
9854
9843
9820
9773
9899
9914
9972
9980
9861
9840
9913
9957
9922
9903
9807
9963
9847
9886
9859
9925
9880
9822
9863
9938
9895
9927
9903
9956
9907
9959
9970
9873
9895
9922
9976
9810
9902
9916
9826
9774
9896
9855
9939
9985
9942
9878
9867
9918
9933
9936
9995
9854
9852
9859
9884
9971
9925
9927
9968
9830
9959
9914
9901
9711
9937
9867
9952
9853
9918
9984
9933
9956
9853
9853
9945
9833
9917
9956
9932
9925
9886
9865
9881
9888
9858
9904
9889
9833
9889
9915
9911
9937
9912
9949
9940
9885
9824
9941
9880
9860
9967
9968
9887
9906
9918
9854
9943
9954
9845
9835
9950
9817
9970
9813
9926
9877
9920
9983
9875
9592
9946
9937
9869
9903
9946
9952
9950
9937
9870
9959
9867
9921
9958
9845
9959
9998
9949
9796
9900
9830
9970
9900
9919
9792
9927
9863
9789
9922
9923
9942
9960
9872
9958
9806
9916
9874
9881
9936
9608
9991
9815
9965
9993
9783
9942
9979
9875
9984
9858
9901
9938
9871
9917
9979
9723
9869
9953
9890
9926
9905
9890
9805
9965
9824
9888
9937
9787
9893
9864
9921
9829
9923
9977
9976
9958
9857
9850
9914
9893
9902
9973
9951
9899
9892
9882
9960
9932
9954
9894
10000
9951
9878
9951
9814
9934
9851
9891
9844
9870
9892
9846
9941
9850
9983
9945
9900
9901
9895
9920
9975
9932
9955
9859
9773
9944
9847
9881
9921
9969
9892
9718
9832
9829
9926
9925
9941
9939
9906
9921
9849
9983
9906
9795
9920
9899
9897
9953
9905
9892
9906
9935
9914
9849
9829
9954
9927
9928
9959
9896
9834
9898
9809
9861
9657
9835
9960
9934
9858
9892
9775
9956
9764
9943
9893
9948
9913
9907
9970
9891
9928
9856
9946
9810
9881
9928
9942
9997
9957
9866
9908
9868
9948
9779
9834
9919
9868
9957
9925
9926
9901
9926
9944
9990
9887
9747
9766
9931
9956
9855
9919
9925
9866
9946
9972
9886
9879
9883
9832
9852
9731
9934
9900
9896
9919
9900
9822
9858
9890
9866
9836
9935
9949
9962
9982
9926
9928
9880
9943
9862
9918
9942
9930
9993
9978
9990
9919
9947
9912
9791
9796
9931
9947
9922
9922
9944
9967
9952
9919
9939
9865
9910
9907
9925
9837
9956
9997
9978
9856
9937
9854
9842
9972
9891
9941
9973
9921
9898
9916
9930
9943
9890
9952
9868
9914
9831
9802
9870
9896
9795
9957
9888
9891
9939
9786
9984
9868
9934
9933
9928
9816
9997
9963
9950
9936
9948
9933
9872
9839
9938
9792
9880
9941
9956
9887
9959
9966
9940
9903
9945
9926
9903
9871
9897
9915
9817
9893
9801
9848
9926
9851
9886
9900
9924
9961
9826
9939
9923
9941
9928
9968
9906
9940
9862
9899
9934
9822
9843
9907
9985
9937
9951
9905
9951
9968
9973
9957
9856
9840
9949
9879
9867
9958
9938
9897
9910
9956
9867
9948
9995
9999
9992
9883
