9998
9983
9953
9928
9888
9952
9948
9927
9905
9932
9969
9901
9823
9881
9945
9918
9888
9911
9872
9970
9930
9905
9943
9852
9907
9955
9945
9893
9889
9865
9851
9981
9934
9998
9944
9982
9893
9894
9926
9923
9995
9885
9884
9979
9879
9905
9805
9870
9894
9901
9951
9950
9780
9924
9941
9996
9928
9905
9971
9841
9903
9928
9897
9852
9924
9965
9944
9972
9951
9890
9903
9838
9929
9934
9896
9894
9881
9886
9842
9795
9938
9969
9907
9887
9732
9960
9861
9947
9819
9936
9771
9907
9905
9774
9951
9907
9936
9897
9917
9882
9881
9967
9966
9807
9972
9881
9875
9905
9873
9894
9930
9999
9974
9945
9853
9781
9936
9741
9889
9893
9899
9798
9925
9916
9935
9881
9865
9912
9854
9908
9932
9890
9846
9944
9801
9902
9952
9864
9947
9878
9996
9922
9985
9905
9931
9976
9874
9941
9899
9944
9952
9930
9893
9837
9916
9796
9894
9857
9871
9893
9924
9901
9804
9940
9903
9898
9870
9937
9923
9860
9910
9854
9931
9758
9971
9840
9991
9904
9928
9868
9839
9952
9848
9916
9958
9845
9845
9910
9895
9870
9913
9948
9990
9842
9910
9894
9855
9960
9941
9944
9915
9955
9956
9944
9871
9961
9856
9975
9854
9931
9875
9874
9904
9947
9868
9930
9871
9835
9860
9862
9841
9943
9895
9906
9901
9823
9957
9892
9974
9997
9709
9942
9947
9966
9810
9869
9862
9957
9871
9943
9954
9900
9966
9905
9877
9906
9899
9969
9898
9880
9938
9934
9868
9948
9952
9943
9999
9951
9926
9908
9806
9971
9854
9972
9882
9848
9938
9850
9833
9982
9968
9865
9893
9783
9872
9957
9879
9772
9932
9961
9902
9889
9873
9904
9879
9796
9923
9881
9948
9873
9904
9678
9963
9861
9946
9905
9850
9939
9889
9928
9936
9885
9893
9829
9881
9930
9772
9776
9886
9919
9927
9974
9817
9899
9913
9837
9958
9854
9842
9787
9920
9953
9944
9932
9893
9957
9880
9931
9932
9855
9867
9932
9976
9890
9842
9948
9923
9814
9919
9967
9777
9899
9934
9941
9803
9789
9788
9963
9956
9923
9919
9943
9915
9937
9971
9895
9936
9883
9624
9940
9965
9907
9878
9938
9844
9957
9910
9795
9908
9908
9917
9897
9832
9855
9866
9967
9975
9928
9953
9951
9951
9931
9974
9946
9884
9939
9926
9954
9696
9917
9933
9908
9925
9948
9993
9894
9971
9876
9853
9852
9905
9886
9898
9905
9961
9838
9953
9868
9924
9961
9903
9927
9958
9920
9906
9852
9974
9931
9906
9823
9892
9953
9881
9932
9967
9997
9812
9880
9915
9906
9904
9907
9870
9854
9762
9970
9832
9925
9965
9934
9901
9921
9904
9896
9913
9891
9899
9925
9900
9890
9972
9895
9971
9893
9910
9889
9944
9887
9892
9919
9946
9817
9784
9893
9833
9977
9941
9886
9912
9940
9860
9851
9990
9873
9885
9885
9965
9833
9992
9828
9926
9937
9844
9846
9919
9926
9909
9891
9840
9865
9965
9873
9854
9858
9893
9905
9880
9903
9960
9962
9934
9903
9929
9947
9899
9947
9883
9857
9781
9857
9871
9957
9842
9954
9937
9918
9832
9827
9916
9904
9890
9933
9952
9784
9917
9928
9945
9901
9907
9927
9922
9975
9868
9853
9964
9924
9970
9936
9811
9971
9911
9831
9990
9831
9857
9909
9909
9895
9852
9973
9934
9987
9899
9870
9899
9799
9909
9931
9867
9868
9929
9911
9891
9998
9786
9964
9854
9983
9768
9997
9940
9825
9939
9979
9978
9872
9890
9783
9862
9983
9960
9746
9900
9876
9975
9903
9895
9977
9913
9855
9922
9939
9901
9848
9925
9885
9880
9931
9847
9974
9969
9786
9994
9811
9925
9896
9947
9833
9864
9934
9911
9869
9911
9934
9959
9884
9955
9818
9964
9929
9933
9850
9907
9946
9870
9873
9804
9875
9929
9914
9920
9968
9966
9836
9879
9878
9978
9839
9953
9932
9986
9913
9857
9794
9867
9921
9971
9839
9905
9904
9914
9894
9783
9927
9925
9869
9955
9895
9872
9970
9899
9967
9937
9898
9984
9734
9981
9860
9926
9892
9928
9955
9783
9872
9974
9908
9878
9929
9884
9898
9889
9908
9993
9964
9903
9861
9926
9885
9946
9895
9878
9900
9940
9960
9884
9893
9992
9939
9913
9900
9947
9958
9955
9945
9902
9908
9890
9926
9979
9839
9886
9934
9965
9890
9882
9880
9868
9867
9799
9870
9901
9921
9901
9830
9857
9820
9919
9816
9900
9871
9897
9927
9837
9892
9924
9961
9935
9843
9905
9856
9895
9915
9907
9909
9877
9900
9986
9945
9859
9890
9961
9879
9922
9883
9879
9887
9827
9946
9951
9921
9868
9942
9820
9941
9987
9952
9927
9902
9968
10000
9940
9877
9890
9855
9908
9940
9893
9916
9940
9978
9691
9863
9953
9873
9889
9941
9813
9836
9909
9926
9891
9882
9851
9927
9917
9911
9963
9910
9890
9925
9730
9883
9943
9882
9839
9998
9877
9938
9862
9854
9985
9898
9812
9930
9945
9946
9855
9778
9927
9900
9918
9902
9824
9884
9778
9740
9962
9944
9832
9901
9800
9839
9963
9920
9876
9919
9901
9878
9887
9836
9893
9908
9885
9835
9952
9906
9914
9963
9938
9945
9916
9859
9997
9848
9870
9884
9960
9890
9698
9875
9834
9945
9862
9921
9939
9807
9855
9919
9844
9957
9966
9758
9902
9889
9934
9957
9936
9919
9888
9958
9980
9912
9763
9933
9809
9982
9882
9983
9961
9858
9948
9922
9880
9865
9996
9891
9878
9794
9898
9946
9908
9948
9857
9827
9942
9932
9952
9857
9899
9917
9951
9890
9866
9969
9930
9978
9789
9951
9799
9926
9919
9917
9924
9949
9972
9950
9893
9873
9875
9864
9807
9974
9924
9877
9808
9805
9952
9862
9905
9834
9924
9815
9928
9818
9841
9918
9813
9960
9805
9851
9912
9835
9969
9851
9864
9974
9991
9895
9955
9933
9921
9915
9872
9951
9988
9958
9906
9949
9946
9973
9908
9853
9901
9826
9911
9951
9925
9936
9852
9954
9861
9827
9880
9803
9881
9955
9855
9972
9967
9857
9893
9827
9861
9965
9919
9850
9819
9856
9965
9943
