9914
9845
9900
9957
9998
9945
9950
9968
9989
9991
9953
9969
10000
9906
9996
9965
9980
9894
9974
10000
9998
9939
9922
9871
9937
9991
9987
9999
9964
9976
10000
9969
10000
10000
9971
9974
9995
9999
9894
10000
9990
10000
9931
9935
9983
9946
9899
9990
9999
9996
9955
9985
9958
9898
9862
9999
10000
10000
9810
10000
10000
9997
9928
9994
10000
9947
9895
9818
9986
9985
9972
9989
9992
9994
9998
10000
9981
10000
9998
9983
9998
9890
9995
9894
9955
9858
9899
9909
10000
10000
9891
9924
10000
9994
9964
9992
9988
9880
9992
9898
9997
9977
9968
9986
10000
9989
9987
10000
9998
10000
9844
9992
9956
9993
9979
10000
9863
9935
9960
9959
9913
9950
9962
9990
9998
9840
10000
9902
9930
10000
10000
9981
9983
9996
9953
9965
9971
9993
9999
9795
9831
9988
9887
9999
9970
9928
9996
9995
10000
10000
10000
9991
9991
9834
10000
9968
9989
9998
10000
9836
9980
9774
9924
9895
9984
10000
9999
9995
9991
9887
9995
9999
10000
9991
9998
9897
9847
9905
9921
9955
10000
10000
9858
9998
9997
9812
9904
9960
9919
10000
10000
9940
9999
10000
9989
9999
9950
9994
9956
9984
9999
9811
9903
9948
9958
9935
9992
9937
9998
9855
9902
9905
9987
9978
9914
10000
9894
9971
9896
9998
9901
9928
9980
9982
9996
9894
9992
9874
9907
9991
9975
9933
9985
9824
9954
9888
9990
9867
9969
10000
9998
10000
10000
9967
9981
9926
9951
9995
9996
9998
9996
9953
9876
9903
10000
10000
10000
10000
9840
9968
9998
9903
10000
9996
9966
9995
9999
9999
9997
9991
9993
9761
10000
10000
10000
9920
9972
9967
9900
9973
9966
9964
9979
9988
9882
9997
9996
9973
9974
9983
9987
9954
10000
9961
9948
9996
9986
9999
9999
10000
9941
9998
9991
10000
9996
9969
9796
9957
9995
10000
9975
9944
9917
9999
9922
9826
9994
9975
9877
9927
9994
9911
9898
9999
9827
9939
10000
9869
10000
9980
9983
9967
10000
9982
9921
9998
9623
9954
9999
9993
9991
9947
9999
9881
10000
10000
9989
10000
10000
9929
9921
10000
10000
9887
10000
9988
9941
9998
9998
9917
10000
9998
9906
9863
9931
10000
9926
9993
9999
10000
9941
9947
10000
10000
10000
10000
9869
9970
9998
9846
9900
10000
9866
9928
9999
10000
10000
9995
9955
10000
9927
9922
9983
10000
9997
9990
9999
9999
10000
9999
9965
9853
9995
9833
9915
10000
10000
9877
9943
9875
10000
9999
9996
9870
9964
9997
10000
9998
9998
9995
9955
9999
9980
10000
9977
10000
9941
9900
10000
10000
9862
9998
9995
9998
9999
9905
9979
9971
9998
10000
9984
9936
9998
9996
9935
9970
9970
9933
9992
9987
10000
10000
9886
10000
10000
9998
9987
9990
9921
10000
9874
9958
10000
9963
9968
9906
9994
9829
9991
10000
10000
9949
9955
9997
9853
9988
9987
9991
10000
9956
9998
9970
9833
10000
9982
9952
9868
9915
9804
9943
9961
10000
10000
9951
9960
9973
10000
10000
9994
9998
9998
9997
9953
9997
9999
9998
9980
9815
9760
9939
9987
9876
9994
10000
10000
9998
9938
9924
10000
9986
9970
9993
9999
9997
9998
10000
9996
9905
10000
9995
9952
9947
9871
10000
9960
9938
9942
10000
9886
9991
9886
9975
9992
9993
9985
9975
10000
9962
9997
9976
9957
9958
10000
9990
9945
10000
9998
9868
9948
9921
9972
10000
9999
9999
9864
9934
9994
9892
9765
10000
9936
9933
9999
9851
9965
10000
9997
9987
9999
9994
9955
9997
9911
9996
9947
10000
9872
9896
9868
9979
9902
9977
9993
9979
9990
9996
9897
9782
9996
9861
10000
9888
9901
9814
9991
9872
10000
9976
10000
10000
9966
9944
9985
9968
9998
9993
10000
9996
9996
9979
9979
10000
9981
10000
9999
9896
9946
9991
10000
10000
9964
9990
9964
9920
9998
9898
9957
9912
9997
9913
9933
10000
9939
9979
9955
9756
10000
9999
9997
9861
9937
9965
9985
10000
10000
9867
9999
9866
10000
10000
9999
9992
9999
9977
9986
10000
9953
10000
9996
9884
9978
9989
9948
9849
9893
9863
9998
9891
9939
9896
9852
9999
9897
9900
9999
9995
9993
9985
9992
9996
10000
9948
9880
9935
9731
10000
9934
9952
9899
9972
9885
10000
10000
9999
9979
9869
10000
9991
9949
9972
9992
10000
9988
10000
9980
9891
9999
9988
9991
9998
9924
10000
10000
9987
9998
9988
9908
10000
10000
9870
9968
9931
9858
9857
9957
9961
9948
9984
9919
10000
9969
10000
9867
9989
9993
9924
9993
9971
9946
9857
9932
9931
9949
10000
10000
10000
9969
9914
9999
9884
9959
9999
9978
9998
9966
9954
9947
9919
9994
10000
9999
9999
10000
9798
9834
9999
9972
9953
9943
9993
10000
10000
10000
9885
9902
9873
9917
9990
9990
9998
10000
9976
9931
9992
9998
9979
9828
9993
10000
9996
9945
9999
9988
9894
10000
9982
9924
9914
9999
10000
9997
9857
10000
10000
9849
9997
9854
9973
10000
10000
9955
9984
10000
9935
9993
9858
10000
9930
9917
9981
9936
9989
9782
9998
10000
9841
10000
9866
9936
9873
9915
10000
9987
9928
9907
9997
9913
10000
9897
10000
10000
9999
9994
9939
9989
9982
9993
10000
9872
9997
9997
9892
9930
10000
9999
9904
9930
10000
10000
9982
9926
10000
9999
9981
9891
9931
9988
9999
9999
9905
9988
9871
9991
9915
9998
10000
9866
10000
9912
10000
9987
9972
9984
10000
9920
9884
9916
9830
9869
9977
10000
9945
10000
9961
9902
9974
9963
9982
9861
9999
9973
10000
10000
9963
9853
9941
9997
9969
9991
9984
9979
9997
9999
9977
9984
9883
9917
10000
9915
9905
9971
9811
9991
9978
9968
9940
9894
9997
10000
9934
9874
10000
9973
10000
9960
9908
10000
9983
9998
9992
9994
9988
9948
9997
9978
9996
10000
9984
10000
10000
9986
10000
9880
9892
9802
9879
9988
9997
9908
9998
9934
9990
9988
9978
10000
9980
10000
9990
9872
9889
9895
9998
9966
9973
10000
10000
9977
9948
9989
9997
9997
10000
9981
9985
9856
9909
9997
9919
10000
9972
