10000
9892
9999
9994
9999
9972
9978
9950
9995
9999
9997
9999
9955
9796
9944
9968
9934
9997
9974
9999
9998
9985
9982
9995
9971
9992
9995
9992
9995
9992
9980
10000
10000
9985
10000
9999
9912
10000
9935
9995
10000
10000
9927
9941
9997
9987
10000
9997
10000
9997
9998
9993
10000
10000
9895
9988
9881
10000
9953
9907
9999
9894
9912
9779
9916
10000
9952
9907
9974
9969
9921
9904
9974
9973
9979
9997
10000
9999
9996
9985
9929
9946
9999
9999
10000
9995
9950
9889
10000
9991
9909
9982
9982
9999
9785
9986
9938
9997
10000
9947
9999
9959
9985
9934
9994
9955
9941
9971
9873
9974
9993
9904
9985
9780
10000
10000
10000
9972
9781
9997
9939
9985
9987
9976
9983
10000
9984
9993
9995
9993
10000
9857
10000
9924
9806
9998
9990
9958
9998
9989
9980
9971
9995
9910
9941
9824
9987
9945
9998
9996
9949
10000
10000
9991
9998
9997
9974
9997
9990
9905
9955
9903
9991
9971
10000
9979
10000
10000
9938
9932
9970
10000
9995
9995
10000
10000
10000
9995
9904
10000
10000
9803
9978
9989
9882
9999
9998
9992
9988
9970
9996
9997
10000
9963
9967
10000
9969
9999
10000
9939
9813
9997
10000
9907
9933
9896
9975
9942
9999
9899
9995
9989
9914
9980
9846
9998
9999
9908
9984
9998
9999
10000
9995
10000
9998
9853
10000
9985
9995
9985
10000
9994
10000
9993
9987
9996
9984
9934
9973
9891
9874
9964
9993
10000
9984
9979
9963
9996
9916
9958
9995
9965
10000
9998
9946
9928
9976
9997
10000
10000
9953
9953
9940
9973
9996
10000
9947
9983
9974
9956
9922
9920
9995
9989
10000
9969
9994
10000
9858
9926
9976
9999
9843
9975
9975
9997
9987
9929
9783
9969
9932
10000
9848
9981
9973
9935
10000
9995
9950
9999
10000
9937
9955
10000
9917
9876
9995
10000
9991
9871
9997
9945
9994
10000
9966
9897
9921
9976
9889
9992
9936
10000
9990
9975
9850
9967
9904
9999
9990
10000
9977
9957
9976
9988
10000
9978
9999
10000
9999
10000
9996
9993
9991
9908
9907
9904
10000
10000
9766
9947
9987
10000
9974
9955
9930
9992
9998
9999
9986
9999
10000
9998
9989
9924
9998
10000
9802
10000
9951
10000
9828
10000
10000
9999
9919
9977
9981
9924
9974
10000
9893
9908
9987
9915
10000
9999
9948
9962
9946
9991
9987
9934
9853
9842
9995
9990
9962
10000
9999
9917
10000
9999
10000
9970
9999
10000
9919
9975
9996
9869
9896
9985
10000
9967
10000
10000
9962
9999
9999
9968
9985
9968
9993
9956
9988
10000
9949
9995
9932
10000
9979
9981
9977
9994
9999
9990
9946
10000
10000
9990
9890
10000
9999
9997
9927
9999
9913
9975
9933
9999
9959
9926
10000
9990
9999
9954
9999
9982
9751
10000
9915
9978
10000
9955
9998
9981
10000
9956
10000
9950
9928
9930
9860
9995
9992
10000
9995
9998
9927
10000
10000
9998
9986
9983
9987
9955
9910
9994
9900
9976
10000
9971
9982
9998
10000
10000
9965
9992
9924
10000
9929
10000
9995
9999
10000
10000
9992
9945
9993
9931
9947
10000
9993
9966
10000
9970
9973
9960
10000
9828
9959
9987
9981
10000
9912
10000
9792
10000
9998
9934
9923
9996
9862
9998
9980
9979
9911
9982
10000
9928
9950
9931
9871
9925
9998
9969
9954
9815
10000
9998
9983
9855
10000
9779
9985
10000
9970
9998
9927
9997
9999
10000
10000
9926
10000
9971
9999
9980
9999
10000
9987
9936
9994
9993
9981
9929
9999
10000
9914
10000
9920
9992
9985
9971
9966
10000
10000
9837
9993
10000
10000
9899
9990
10000
9924
9914
9886
9999
9903
9985
9925
9996
9981
9998
10000
10000
9970
9964
9938
9990
9996
9978
9969
9994
9998
9885
10000
9976
10000
9993
9976
9842
10000
9945
9986
9981
9988
9931
9928
9762
9933
9997
9854
9893
9999
9941
9931
9992
9991
9991
9980
10000
9932
9997
9986
9991
9976
9987
9999
9998
9917
10000
10000
10000
9995
9925
9997
9923
9933
9935
9984
9999
9919
9993
9885
9999
9990
9905
9996
9999
9881
9958
9908
9998
9999
9969
9992
10000
10000
9742
9993
9969
9999
9975
9965
9990
9859
10000
9975
9978
9977
10000
10000
9999
9989
9959
9861
10000
9988
9973
9973
10000
10000
10000
9964
9873
9998
9989
10000
9998
9976
9906
9996
9969
9999
10000
9946
9878
9999
9925
9716
10000
9978
9871
9957
10000
9746
10000
9999
9997
9975
9934
9979
9997
9999
9915
10000
9871
9951
10000
9944
9930
9991
10000
9897
9900
9955
9932
9997
9996
10000
10000
9977
9991
9992
9965
9976
9945
9912
9917
9999
9997
9992
9992
10000
10000
9964
9979
9847
9983
10000
9870
9995
9890
9944
10000
9994
9999
9999
9980
9995
9987
9969
10000
9999
9905
9956
9932
9955
9995
9988
9996
9945
9991
9885
9930
9886
9999
9999
9994
10000
9886
9953
10000
9999
9892
9895
10000
9957
9997
9993
9997
9983
9974
9979
10000
10000
9998
9950
9985
9996
9884
9962
10000
9985
9951
9870
9941
9998
9995
9956
9982
9841
9989
9825
9948
9999
9929
9897
9955
9997
9981
9994
9943
9998
10000
9955
9889
9962
9970
9999
9994
9938
9991
10000
9974
9998
9991
10000
9982
9930
9988
9990
10000
9996
9973
10000
9780
9957
9896
9942
10000
9970
9969
10000
9892
9951
9951
9956
9994
9967
9979
9997
9993
9999
9998
10000
9988
9985
9924
9998
9997
9999
9946
9924
9927
10000
9965
10000
9985
9968
9999
9965
9929
9990
10000
9988
10000
10000
9886
9835
9964
9978
10000
9982
10000
9997
9996
9854
9987
9997
9872
9972
9935
9991
10000
9999
9990
9998
9921
9961
9965
9986
9974
9993
9994
9997
9889
9947
9964
10000
9948
10000
9943
9866
9999
9921
9992
9932
10000
9983
10000
10000
9999
9942
9950
9995
9987
9912
9911
9949
10000
9921
9841
10000
9967
10000
9984
10000
9994
9996
9998
9951
9895
10000
9950
9991
9988
10000
9946
9996
10000
9993
9972
10000
9990
9993
10000
9982
9972
9961
9994
10000
9918
10000
9943
9996
9884
9918
10000
