9975
9995
10000
9863
9995
9935
9999
9968
9959
9863
9930
9983
10000
10000
9996
10000
9999
9886
9952
9899
9921
10000
10000
9927
10000
10000
9985
9932
9996
10000
10000
9992
10000
9835
9958
10000
9830
9900
9945
10000
9998
9856
10000
9985
9994
9995
10000
9844
9992
9978
9981
9920
9920
10000
9998
10000
10000
9997
10000
9999
10000
9997
9910
9922
9944
10000
9954
9962
9881
10000
10000
9851
9952
9999
10000
9883
9961
9957
9884
9929
9944
9924
9793
9990
10000
9989
9989
9872
9975
10000
10000
10000
10000
9999
9977
9941
9859
10000
9969
9966
9996
10000
9910
9999
10000
9771
9998
9998
10000
9978
9995
9997
9839
9988
9903
9874
9998
9934
9990
9971
9911
9995
9885
9800
9909
9964
9978
9993
9993
9998
9973
9943
9883
10000
9957
9978
9923
9919
9901
10000
10000
9988
9833
10000
10000
9904
9933
10000
9952
10000
9968
9989
9951
9860
10000
9891
9943
9938
9985
9952
9993
10000
9997
9969
10000
9992
9991
9995
9955
9999
10000
9907
9999
9929
10000
9948
9925
9994
10000
9942
9999
9967
9958
9943
9896
10000
9934
9943
9933
9948
9959
9999
9999
9996
9997
9949
9767
9934
9998
9854
9997
9997
9714
9957
10000
9971
9977
9995
10000
9999
9859
9921
10000
9957
10000
9873
9970
9999
10000
9989
10000
9978
9904
9946
9993
9763
9970
9991
9888
9996
9989
9898
9973
9895
10000
9980
10000
9976
9972
9941
9997
9986
9858
10000
9874
9975
10000
9894
9942
9998
9958
9983
10000
10000
9991
9751
10000
9983
10000
10000
9825
9915
9848
9985
9997
9861
9991
9835
9999
10000
9999
9999
9919
9968
9959
9854
9963
9985
9999
9999
9963
9907
9900
9968
9989
9999
9936
9919
9974
9991
10000
9850
10000
9884
10000
9938
9890
9933
9992
9984
9976
9997
9978
9976
9997
9935
9915
9950
9813
9902
9999
9999
9818
9992
9945
9828
9906
9892
9920
10000
10000
10000
9995
10000
9990
9922
9969
9981
9842
10000
9945
10000
9999
9935
10000
9949
9952
9857
9891
10000
9830
9959
9963
9870
9998
10000
10000
9932
9870
9999
9972
9964
9997
9881
9913
10000
9816
9946
9996
9823
9977
9849
9986
9974
9911
9893
9983
10000
9971
9994
9901
9972
10000
9971
9838
9964
9995
9998
9937
9990
9868
9971
9988
9998
9824
9947
9958
9977
9947
9949
9990
9976
10000
9916
9963
9986
9996
9976
10000
9898
9995
10000
9885
9950
9999
9943
9999
10000
9935
9987
9999
9999
10000
10000
9996
9912
9877
9971
10000
9980
9980
9890
9994
10000
10000
9991
9997
9986
9993
10000
9877
10000
9907
9798
9996
9999
10000
9912
9995
9990
9966
9999
9925
9949
10000
9997
10000
9981
9948
9881
9951
9962
9942
9935
9986
10000
9997
9999
9952
9884
9994
9981
9881
10000
9885
10000
10000
9902
9944
10000
9917
9990
9896
9843
9995
10000
9986
9916
9940
9975
9984
9972
9849
10000
9998
9960
9969
9974
9984
10000
9902
9999
9894
10000
10000
10000
9795
9940
9874
9995
9843
9894
9958
9835
9998
9997
9928
9986
10000
9988
9778
10000
9934
9933
10000
9947
9816
10000
9980
9924
9943
9907
10000
9892
9964
9786
9881
10000
10000
9999
10000
9998
9971
10000
9992
9999
9966
9956
9909
9957
9812
10000
9969
9902
10000
9970
9994
9839
9919
9995
10000
9897
9926
9961
9917
10000
9942
9866
9881
9957
9996
9990
10000
9970
9941
10000
9984
9946
9999
10000
9939
10000
10000
9980
10000
10000
9834
9999
9998
9996
9990
10000
9940
9997
9979
9981
9977
9976
10000
9938
9994
9845
9991
9969
9990
9929
10000
10000
9999
9892
9969
10000
9971
9871
9952
10000
9966
10000
9976
9971
9902
9950
10000
10000
9792
9982
9904
9990
9991
9999
9994
9947
9968
9998
9962
9999
10000
9982
9948
9999
10000
9999
10000
9970
9997
10000
9951
9910
10000
9890
10000
9995
9970
9977
9974
9963
9930
9992
10000
9997
9948
9897
9979
10000
9995
9929
9975
9984
9969
9999
10000
9946
9981
9986
9832
9938
9993
9994
9977
9980
9955
9916
10000
9994
9988
9912
10000
10000
9982
9993
10000
9961
10000
9882
10000
9963
9999
10000
9885
9990
9906
9974
9998
9991
9956
9762
10000
9968
9922
9998
9981
10000
10000
9871
9974
9989
10000
9882
9902
9932
9993
9996
9901
9973
10000
9834
9999
9969
9955
10000
9971
9996
9968
9892
9898
9919
9991
9999
9779
9927
9911
9924
9973
9904
10000
9923
9995
9924
9991
9822
9999
9946
9995
9987
9879
9970
9931
9981
10000
9992
9884
9986
9945
10000
9999
9974
10000
9999
9983
9968
9880
10000
9997
10000
9891
9994
10000
9992
9916
9992
9843
9881
9989
9999
10000
9990
9932
9992
9999
10000
10000
9888
9960
9949
9983
9998
10000
9878
9702
9997
9858
9990
9998
9999
9998
9992
9996
9725
9912
10000
9940
9999
10000
9983
9995
10000
9999
9958
9903
9997
9816
9891
9994
9957
9910
9979
9848
9920
9999
9836
9925
9884
9932
10000
10000
9924
10000
9871
9998
9997
9914
9999
9997
9823
9999
9991
9996
9949
9989
9983
9959
9998
9749
9993
10000
9845
9984
9991
9968
9939
9995
9952
9880
9980
9997
10000
9994
9908
9995
9997
10000
9981
9998
9958
9939
9990
10000
9956
9907
9915
9933
9918
9934
9996
9874
9998
10000
10000
9989
9942
9994
9992
9993
10000
9900
9735
9932
9999
9975
9925
9959
9846
10000
9986
9934
9967
10000
9939
9991
10000
9849
9926
9951
9884
9984
9896
10000
9977
9996
9998
10000
9973
9956
9997
10000
9954
9955
9972
9948
9960
9948
10000
9855
9860
10000
9965
9949
10000
9876
9958
9984
9999
9949
9771
9994
10000
9921
10000
9965
10000
10000
9783
9840
9994
9887
9953
9808
9995
9970
9944
9988
9981
9996
9972
9949
10000
9970
10000
9904
9975
9957
9897
9983
10000
9951
9982
9956
9995
9965
9992
10000
9937
9960
9898
9876
9910
9991
9999
9861
9999
10000
9999
9887
9999
9828
9920
9895
9979
10000
9961
9908
9918
9901
9941
9997
10000
9999
10000
9865
9973
