9847
9995
9922
9988
9917
9978
9867
9813
9858
9904
9921
9940
9916
9898
9933
9890
9937
9919
9838
9905
9814
9859
9927
9935
9913
9980
9801
9920
9868
9828
9863
9821
9915
9961
9952
9782
9910
9944
9918
9975
9821
9878
9905
9940
9933
9957
9958
9718
9845
9964
9952
9962
9891
9913
9871
9935
9944
9893
9900
9873
9948
9804
9965
9871
9859
9932
9908
9899
9921
9900
9931
9865
9961
9943
9857
9869
9922
9886
9954
9930
9770
9920
9926
9946
9865
9889
9867
9870
9925
9910
9886
9842
9954
9868
9936
9931
9890
9909
9853
9970
9820
9875
9895
9914
9945
9964
9873
9906
9898
9835
9916
9837
9893
9885
9979
9919
9820
9890
9916
9964
9965
9932
9931
9834
9932
9830
9972
9889
9955
9976
9961
9879
9929
9916
9913
9875
9862
9938
9928
9921
9905
9927
9926
9927
9930
9875
9837
9943
9937
9852
9943
9833
9898
9907
9924
9789
9953
9899
9906
9799
9858
9792
9935
9919
9918
9830
9956
9926
9961
9922
9957
9953
9945
9931
9872
9922
9958
9957
9897
9888
9939
9933
9832
9981
9927
9950
9849
9880
9970
9834
9976
9935
9791
9953
9973
9877
9882
9956
9858
9836
9959
9794
9897
9920
9967
9807
9931
9924
9949
9976
9913
9898
9913
9828
9863
9865
9927
9812
9872
9850
9965
9905
9937
9940
9973
9889
9918
9853
9880
9934
9802
9988
9853
9945
9951
9865
9846
9806
9909
9911
9903
9871
9794
9943
9984
9936
9996
9738
9920
9931
9728
9910
9956
9747
9959
9898
9869
9968
9954
9993
9880
9941
9967
9919
9892
9862
9992
9890
9961
9967
9875
9759
9939
9891
9905
9934
9846
9945
9906
9957
9885
9880
9936
9988
9815
9931
9885
9938
9977
9927
9924
9952
9859
9938
9904
9914
9876
9951
9863
9935
9941
9916
9922
9909
9897
9872
9950
9893
9885
9875
9880
9763
9909
9940
9947
9987
9908
9893
9810
9875
9847
9949
9913
9831
9890
9940
9928
9991
9937
9949
9952
9910
9902
9984
9912
9856
9999
9973
9932
9929
9976
9806
9944
9991
9866
9718
9850
9763
9891
9872
9957
9915
9933
9823
9885
9862
9955
9938
9953
9824
9955
9885
9944
9853
9954
9944
9789
9903
9916
9976
9893
9824
9933
9846
9900
9836
9893
9856
9879
9975
9878
9973
9880
9939
9936
9928
9944
9971
9901
9948
9843
9929
9945
9962
9906
9982
9812
9921
9857
9825
9937
9812
9825
9964
9925
9905
9931
9976
9950
9874
10000
9948
9961
9887
9925
9868
9859
9782
9961
9726
9911
9931
9841
9866
9812
9816
10000
9877
9955
9938
9867
9894
9866
9923
9918
9963
9839
9846
9858
9850
9887
9952
9971
9931
9846
9823
9956
9876
9904
9882
9919
9922
9928
9965
9950
9922
9815
9673
9980
9945
9705
9863
9934
9924
9818
9898
9908
9938
9971
9865
9797
9871
9939
9899
9817
9893
9972
9879
9944
9958
9787
9979
9809
9958
9891
9902
9911
9917
9923
9839
9835
9878
9864
9951
9893
9984
9852
9903
9887
9957
9973
9932
9921
9745
9922
9914
9838
9927
9902
9779
9902
9973
9875
9920
9802
9827
9962
9926
9856
9909
9955
9919
9898
9901
9884
9906
9862
9904
9932
9988
9958
9973
9917
9959
9863
9844
9885
9902
9921
9979
9936
9954
9952
9802
9836
9963
9999
9889
9924
9988
9914
9934
9893
9885
9811
9934
9807
9848
9840
9776
9835
9911
9839
9907
9913
9960
9878
9797
9967
9934
9958
9834
9936
9912
9954
9925
9958
9952
9834
9876
9942
9846
9762
9726
9981
9938
9860
9904
9939
9910
9897
9930
9937
9849
9997
9938
9948
9948
9971
9876
9870
9955
9852
9874
9803
9879
9879
9876
9853
9967
9977
9957
9799
9836
9941
9940
9972
9927
9915
9942
9986
9811
9944
9932
9810
9951
9941
9862
9965
9890
9959
9813
9972
9953
9915
9939
9850
9819
9858
9886
9976
9895
9825
9792
9949
9813
9888
9906
9848
9898
9955
9956
9895
9840
9983
9897
9932
9937
9873
9874
9964
9881
9905
9855
9932
9915
9831
9871
9899
9946
9854
9863
9830
9878
9876
9827
9872
9996
9932
9888
9845
9927
9896
9879
9966
9907
9975
9802
9921
9868
9920
9778
9910
9994
9993
9965
9939
9924
9905
9897
9963
9849
9973
9861
9834
9876
9873
9879
9940
9922
9857
9914
9874
9895
9895
9923
9966
9860
9878
9853
9791
9903
9850
9872
9930
9913
9955
9872
9923
9813
9936
9971
9765
9961
9911
9903
9891
9969
9897
9969
9929
9924
9877
9986
9862
9842
9958
9981
9947
9980
9873
9918
9989
9871
9793
9861
9941
9987
9966
9940
9830
9862
9943
9943
9949
9875
9743
9961
9920
9867
9961
9992
9791
9831
9929
9967
9937
9833
9948
9921
9918
9920
9968
9944
9904
9870
9933
9871
9963
9952
9912
9927
9889
9867
9823
9839
9809
9977
9868
9949
9852
9898
9742
9783
9902
9862
9977
9995
9905
9835
9943
9698
9900
9965
9898
9968
9924
9914
9908
9956
9900
9988
9985
9815
9950
9880
9982
9996
9897
9915
9978
9928
9915
9959
9941
9941
9903
9990
9926
9933
9935
9977
9963
9930
9967
9997
9918
9873
9921
9880
9958
9955
9943
9937
9936
9839
9946
9844
9894
9965
9894
9888
9909
9960
9999
9881
9978
9896
9934
9912
9911
9878
9929
9894
9981
9934
9990
9785
9930
9906
9816
9926
9878
9935
9890
9906
9778
9932
9895
9972
9893
9905
9988
9898
9898
9920
9880
9939
9963
9880
9945
9970
9955
9931
9867
9887
9945
9921
9828
9903
9902
9918
9914
9896
9967
9923
9938
9965
9899
9901
9956
9941
9773
9907
9949
9924
9914
9855
9946
9921
9907
9932
9931
9923
9839
9850
9942
9827
9922
9945
9941
9981
9848
9807
9901
9908
9868
9933
9866
9981
9967
9912
9890
9908
9845
9917
9892
9868
9839
9979
9946
9909
9927
9911
9866
9925
9901
9944
9998
9854
9915
9941
9953
9916
9927
10000
9908
9862
9907
9949
9976
9939
9979
9859
9809
9898
9904
9850
9951
9874
9885
9914
9842
9854
9905
9934
9956
9933
9788
9889
