9935
9885
9995
9969
9996
9997
9952
9995
9938
9819
10000
9858
9998
9858
9998
9992
9897
9980
9972
9996
9942
9932
9868
9903
9995
9954
9993
9912
9981
9842
9893
9941
9908
9906
9751
9999
9973
9899
9855
9999
9984
9885
9938
9946
10000
9988
9999
9994
9999
9971
9990
9953
9951
9979
9964
9997
9999
9888
9995
9937
9736
9996
9955
9913
9891
9987
10000
9838
9731
9996
9977
9910
9932
9987
9866
9976
9959
9943
9936
9866
9884
9991
9955
9927
9935
9897
9936
9991
9900
10000
9777
9828
9870
9920
9950
9728
9974
9940
9866
9908
9974
9881
9992
9976
9902
9965
9992
9971
9923
9962
9997
9724
9957
9986
10000
9999
9929
9915
9852
9956
10000
9990
9747
9962
10000
9870
9999
9870
9990
10000
9961
9961
9996
9913
9987
9928
9904
9963
9997
9993
9931
9678
9788
9899
9933
10000
9979
9969
10000
9978
9890
9921
9957
10000
9999
9993
9977
9972
9993
9996
9923
9998
9985
9990
9993
9942
9856
9852
9938
9997
9926
9961
10000
9996
9985
9888
9975
9996
9735
9995
9899
9993
9910
9896
9999
9826
9889
10000
9955
9929
9919
10000
9941
9935
10000
9858
9945
9998
9989
9991
10000
9998
9988
9999
9996
9995
9998
10000
9941
10000
9991
9952
9795
9998
9998
10000
9974
9899
9964
9924
9992
9913
9962
9888
9947
9964
9946
9892
10000
9997
9958
9977
9888
9936
9952
9942
9943
10000
9986
9861
9984
9919
10000
9892
9965
9941
9942
9990
9768
9952
9994
9901
10000
9979
10000
10000
9928
9915
9867
10000
9956
9854
9933
9889
9807
9922
9926
9947
10000
9878
9991
9934
9949
9874
9935
9991
9990
9965
9932
9896
9998
9974
9879
9936
9914
9998
9956
9991
9982
10000
9955
9906
9907
9948
9982
9999
9961
9967
9946
9997
9888
9935
9875
9951
9914
10000
9974
9888
9847
10000
10000
9954
9998
9893
9956
9919
9999
9912
9895
9927
10000
9998
10000
9844
9998
9952
9921
9943
9867
9999
10000
9966
9999
9879
9988
9978
10000
9949
9994
9999
9960
9998
9949
10000
9908
9836
9961
9970
9842
9966
10000
9958
9999
9956
9933
9905
9998
9976
9944
10000
9931
9748
9874
9893
9983
9857
9914
9961
9955
9896
9944
9996
9996
9909
9881
9822
9918
9968
9967
9821
9990
9915
9927
9984
9938
9859
10000
10000
9936
9889
9921
9953
10000
9962
10000
9844
9814
9986
9901
9946
9930
9956
9892
9920
9996
9921
9879
9896
9958
9961
9986
9972
9995
10000
9985
9996
9988
9996
9981
9942
9969
9965
10000
9979
9912
10000
9895
9924
9945
10000
9795
9940
9908
9991
9886
9999
9949
9826
9893
10000
9935
9997
9997
10000
9948
9879
9953
9997
9903
9926
9890
10000
9906
9998
9984
9986
9988
9892
9974
9988
9995
9992
9918
9881
10000
9996
9991
10000
9943
9889
9928
9998
10000
10000
9992
9958
9973
9895
9892
9999
9825
9931
9986
9962
9999
9999
9895
9791
9987
9978
9923
9995
9846
9958
9794
9991
9908
10000
9951
9950
9967
9917
9858
9981
9826
9931
9874
9916
9913
9937
10000
10000
9949
9998
9948
9994
9988
9860
9948
9775
9760
9847
9770
9909
9952
9994
9999
9799
9904
9906
9857
9847
9943
9994
9852
10000
9935
9945
9997
9901
9990
9999
9875
9955
9769
9829
9991
9853
9942
9997
9996
9963
9904
9870
9913
9813
9924
9884
9914
9911
9941
9960
9983
9933
10000
9940
9982
9936
9942
9940
9903
9998
9994
9954
9890
9992
9998
9983
9956
10000
9708
9791
9910
9880
9922
9895
9777
9990
9996
9998
9998
9917
9996
10000
9858
9952
9909
9897
9983
9992
10000
9999
9995
9887
9999
9810
9966
9888
9919
9861
9959
9925
10000
9738
9983
9997
9985
9986
9881
9941
9937
9974
9969
9961
9873
9994
9994
9940
9944
9887
9922
10000
9962
9997
9946
9914
9968
9970
9924
9834
9998
10000
9954
9969
10000
9912
9981
9973
9998
9807
9992
9953
9949
9931
9955
10000
9927
9949
9906
9798
10000
9986
10000
9752
9977
9993
9976
9993
9883
9983
9979
9910
9902
9999
9976
9877
10000
9948
9959
9940
10000
9977
9889
9745
9992
9999
9991
9809
9817
9943
9992
9961
9943
9986
9899
9909
9855
9844
9963
9991
9995
9916
9937
9917
9891
9859
10000
9881
9855
10000
9938
9999
9959
9841
9877
9806
9880
9969
9940
9853
9997
9970
9882
9923
9967
9944
9924
9997
9959
9916
9914
9944
9936
9899
9949
9932
9941
9930
9802
9981
9869
9965
9903
10000
9956
9965
9965
9982
9991
9954
9894
9973
9867
9996
10000
10000
9943
10000
9992
9934
9914
9999
9997
9940
9973
9999
9996
9852
9872
9980
10000
9994
9993
9818
9928
9936
9874
9799
10000
9830
9929
9954
9861
9947
9905
9969
9997
9977
9955
9997
9963
9985
9976
9877
9874
9956
9827
9976
9840
9999
9927
9903
9993
9982
9945
9970
9932
9970
9974
9824
9983
9978
9973
9915
10000
9893
9998
9944
9907
9844
10000
9820
9887
9993
9922
9916
9945
9988
9991
9915
9874
9806
9847
9948
9756
9988
9971
9950
9978
9970
9826
9898
9939
9922
9977
9963
9995
10000
9824
9942
9999
9994
9959
9939
9929
9839
9894
9977
9963
9992
9931
9969
9868
9973
9998
10000
9709
9969
9962
9937
9911
9990
9997
9999
9978
9997
9999
9937
10000
9975
9965
9999
9955
10000
9975
10000
9982
9992
9907
9814
9923
9974
9980
9910
9988
9960
9857
9952
9998
10000
9876
9798
9989
9998
9941
9999
9990
9841
9997
9965
9978
9999
9856
9971
10000
10000
9892
9847
9978
9896
9895
9950
9904
9988
9952
9784
9874
9999
9991
9845
9891
10000
9961
9914
10000
9864
9880
9872
9755
10000
9998
9954
10000
9997
9886
10000
9874
9940
10000
9875
9998
9924
9999
9916
9914
9805
9961
9841
9940
9944
9911
9870
9873
9900
9753
9935
9973
9945
10000
9835
9933
9979
9936
10000
9885
9903
9965
9999
9999
9988
9963
9999
9882
9796
9948
9991
9997
9984
10000
9921
9997
10000
10000
9988
9876
9877
9999
9918
9984
9953
