9846
9842
9921
9965
9936
9917
9978
9892
9891
9996
9946
9886
9982
9892
9914
9925
9955
9937
9933
9898
9988
9868
9800
9962
9889
9992
9947
9913
9897
9834
9952
9929
9827
9876
9915
9946
9985
9930
9868
9958
9967
9930
9906
9910
9871
9913
9933
9879
9902
9860
9848
9946
9940
10000
9937
9946
9853
9979
9785
9936
9947
9830
9937
9969
9856
9822
9981
9802
9811
9934
9996
9882
9903
9996
9908
9928
9952
9908
9847
9855
9864
9857
9908
9919
9750
9917
9918
9879
9891
9917
9858
9908
9761
9914
9883
9923
9941
9810
9946
9937
9721
9936
9911
9886
9893
9898
9669
9943
9941
9906
9808
9897
9877
9968
9897
9979
9968
9857
9992
9867
9962
9843
9970
9955
9906
9911
9869
9945
9945
9752
9680
9970
9964
9894
9923
9848
9946
9865
9923
9779
9948
9591
9890
9945
9848
9919
9871
10000
9877
9960
9872
9686
9949
9919
9936
9790
9945
9928
9956
9876
9842
9898
9874
9937
9900
9872
9958
9930
9857
9842
9757
9869
9920
9958
9963
9892
9942
9901
9892
9921
9974
9907
9913
9976
9870
9894
9925
9874
9982
9981
9898
9938
9861
9946
9719
9869
9892
9838
9951
9893
9901
9895
9978
9935
9875
9814
9878
9949
9929
9955
9990
9952
9970
9858
9898
9907
9932
9880
9847
9952
9952
9930
9894
9951
9933
9831
9894
9837
9898
9962
9933
9899
9906
9935
9954
9869
9977
10000
9804
9962
9965
9873
9946
9934
9901
9888
9826
9932
9894
9878
9890
9883
9902
9858
9975
9991
9833
9801
9746
9951
9804
9888
9873
9894
9773
9908
9961
9886
9930
9920
9786
9971
9970
9789
9895
9827
9882
9869
9890
9947
9887
9981
9804
9886
9911
9898
9899
9799
9943
9863
9955
9886
9947
9968
9834
9898
9980
9829
9892
9861
9907
9904
9997
9870
9918
9949
9900
9976
9876
9876
9949
9825
9954
9925
9842
9911
9996
9930
9944
9912
9947
9983
9868
9806
9957
9664
9902
9841
9816
9953
9840
9971
9793
9805
9903
9852
9994
9948
9889
9935
9963
9810
9704
9896
9884
9961
9932
9846
9909
9894
9946
9919
9942
9887
9967
9857
9972
9892
9971
9925
9954
9988
9873
9891
9991
9864
9985
9864
9908
9953
9893
9976
9941
9867
9936
9833
9904
9909
9931
9972
9888
9952
9891
9874
9901
9919
9880
9913
9910
9976
9891
9944
9949
9892
9859
9970
9868
9961
9903
9971
9942
9846
9923
9821
9920
9924
9893
9957
9938
9744
9911
9971
9844
9942
9868
9966
9822
9876
9932
9856
9936
9807
9887
9898
9843
9859
9983
9942
9940
9865
9855
9844
9824
9953
9856
9878
9953
9964
9972
9920
9929
9876
9913
9855
9855
9988
9974
9977
9923
9819
9932
9853
9941
9844
9884
9857
9789
9861
9952
9940
9923
9873
9960
9893
9982
9951
9903
9908
9824
9905
9957
9971
9788
9902
9942
9779
9901
9839
9941
9945
9998
9940
9889
9891
9955
9798
9901
9876
9925
9936
9925
9931
10000
9890
9905
9937
9955
9821
9712
9879
9941
9726
9940
9923
9914
9866
9972
9979
9924
9864
9944
9773
9968
9932
9970
9881
9991
9931
9988
9887
9894
9935
9978
9886
9923
9932
9884
9957
9830
9911
9914
9837
9883
9916
9933
9884
9536
9906
9965
9877
9870
9956
9943
10000
9907
9860
9954
9870
9880
9933
9998
9945
9900
9914
9921
9912
9913
9909
9863
9936
9942
9727
9915
9974
9975
9716
9964
9816
9945
9845
9913
9966
9889
9932
9965
9878
9894
9955
9872
9976
9924
9898
9944
9799
9925
9900
9753
9878
9994
9867
9749
9913
9838
9832
9885
9937
9952
9924
9999
9814
9915
9878
9965
9965
9893
9845
9953
9958
9847
9884
9810
9891
9919
9903
9887
9763
9985
9872
9911
9910
9870
9943
9938
9912
9940
9954
9940
9954
9862
9868
9937
9958
9945
9922
9897
9940
9830
9909
9866
9946
9921
9959
9835
9866
9856
9826
9761
9920
9913
9883
9916
9901
9966
9852
9842
9870
9789
9904
9917
9839
9784
9834
9943
9889
9905
9955
9874
9886
9914
9890
9917
9941
9861
9880
9840
9864
9900
9932
9905
9740
9939
9984
9900
9888
9903
9932
9871
9963
9861
9854
9911
9766
9879
9944
9823
9865
9907
9863
9902
9761
9901
9962
9954
9870
9976
9969
9966
9860
9910
9942
9958
9965
9791
9981
9994
9906
9876
9969
9945
9961
9926
9927
9817
9917
9786
9986
9962
9903
9939
9935
9950
9941
9945
9881
9975
9910
9900
9859
9889
9841
9969
9945
9883
9932
9831
9910
9909
9919
9897
9915
9770
9872
9871
9953
9818
10000
9920
9968
9873
9928
9891
9916
9911
9906
9881
9876
9904
9861
9938
9961
9914
9905
9935
9931
9917
9965
9971
9868
9937
9947
9943
9846
9950
9982
9915
9921
9978
9894
9893
9936
9878
9962
9893
9898
9883
9797
9789
9808
9903
9911
9895
10000
9814
9918
9843
9840
9880
9724
9879
9911
9967
9920
9893
9895
9915
9970
9849
9849
9829
9894
9802
9884
9949
9961
9898
9949
9915
9848
9956
9826
9910
9938
9887
9806
9784
9919
9892
9903
9871
9973
9880
9828
9846
9942
9921
9837
9891
9862
9864
9942
9936
9915
9868
9999
9778
9791
9994
9992
9932
9894
9903
9962
9984
10000
9979
9720
9870
9893
9881
9845
9990
9778
9896
9960
9867
9906
9851
9893
9925
9979
9871
9853
9879
9969
9907
9897
9955
9976
9758
9794
9878
9916
9874
9774
9887
9910
9830
9941
9898
9952
9820
9742
9931
9894
9888
9875
9772
9906
9864
9942
9752
9967
9803
9846
9887
9856
9941
9758
9996
9902
9972
9897
9922
9945
9876
9950
9823
9936
9952
9933
9921
9840
9926
9904
9807
9874
9862
9930
9992
9878
9806
9907
9944
9949
9889
9913
9924
9860
9880
9868
9903
9975
9852
9977
9966
9904
9837
9887
9887
9868
9939
9882
9825
9857
9940
9940
9936
9901
9885
9971
9866
9897
9979
9814
9922
9985
9898
9839
9993
9891
9976
9854
9880
9919
9880
9951
9706
9936
9830
9815
9982
9919
9866
9761
9811
9760
9862
9924
9913
9890
