9992
10000
9888
9997
9866
9890
9999
9927
9874
9860
9998
10000
9911
9931
9925
9906
9998
9775
9925
9909
9930
9941
9958
9747
9889
10000
9893
10000
9862
9818
10000
10000
9981
9908
10000
9957
9989
9957
9796
10000
9993
10000
10000
9950
9949
9903
9952
9945
9855
9826
9762
9855
9793
9930
9775
9995
9994
10000
9899
9961
9856
9891
9858
10000
9915
9995
10000
9992
10000
9940
9939
9998
9954
9783
9858
9971
10000
9904
9884
10000
9899
10000
9846
10000
10000
9938
9980
9987
9885
9892
9922
9926
9783
10000
9979
9972
9944
9911
10000
9985
9915
9852
9885
9931
9991
9952
9979
9901
9920
9995
9984
10000
9961
9891
9998
10000
9868
9927
9786
10000
9912
9914
9843
9871
9992
9909
10000
9995
9999
9850
10000
9947
10000
9999
9937
9998
9979
9943
10000
9951
10000
9873
9847
9917
9999
9958
9992
10000
9935
9919
10000
9980
9773
9968
9960
9999
9863
10000
9790
9992
9929
9848
9888
9934
9964
9778
9941
10000
9940
9899
9893
9779
9863
9953
9779
9998
9928
9900
10000
9966
9987
9991
9818
10000
9807
9850
9923
9951
9998
9999
9999
10000
9656
9845
9889
10000
10000
9880
10000
9992
9939
9937
9891
9946
9929
9956
9854
9998
9861
9913
9980
9915
9869
9945
9877
10000
9997
9902
9984
9936
9833
9978
9902
10000
9971
9960
9876
9871
10000
9765
9866
9893
10000
9784
9781
9926
9854
9829
9897
9956
9997
9932
9943
10000
9960
9999
9857
9913
9930
9881
10000
9960
9985
9893
9957
9998
9945
9881
9885
9789
10000
10000
9874
10000
9911
9896
9789
9951
9832
9992
9959
9930
9979
9889
9838
9919
9914
9888
9832
9925
10000
10000
9860
10000
9922
9955
9977
9922
9731
10000
9974
10000
9983
9859
9790
9834
9993
9996
9873
10000
10000
10000
10000
9999
9903
9906
9929
9904
10000
9907
9960
9992
9902
9984
9875
9806
9941
9924
9907
9943
9852
9967
9893
10000
9892
10000
9881
9904
9963
9986
9918
9802
9997
9957
9916
9981
9948
9988
9910
9929
9837
9949
9880
9999
10000
9946
9903
9986
9920
10000
9883
9974
9835
9904
9999
10000
9932
9994
9884
9952
9744
9916
9925
9971
9900
9783
9848
9877
9891
9864
9812
9992
9814
9888
9971
9967
9954
9914
10000
10000
9980
9879
10000
9944
9979
9912
9979
9935
9850
9886
9865
9980
9831
9895
9992
9935
9932
10000
9804
9911
9998
9908
9999
10000
9997
9906
9927
9888
9852
10000
9977
9997
9875
10000
9883
9859
9997
9882
9968
9908
9920
10000
9971
9814
9996
9951
9889
9802
9947
9894
10000
9997
9900
9920
9999
10000
9998
9956
10000
9856
9891
9999
9874
10000
9924
9990
9992
9963
10000
9968
9889
9957
9994
9925
10000
9980
9840
10000
9932
9993
9951
10000
10000
9850
9801
10000
9858
9865
9992
9912
9872
9842
9992
10000
9868
10000
9921
9908
9837
10000
9964
10000
9928
10000
9872
9908
9887
9841
10000
9963
9934
9911
10000
10000
10000
9954
9831
9906
9904
9919
9841
10000
10000
9960
9841
10000
9890
9960
9988
9953
9862
10000
9934
9938
9954
10000
9995
9883
9733
9814
9955
9974
9873
9827
9922
9878
9858
9934
9996
9795
9923
9823
9998
9868
10000
9999
9990
9948
9951
10000
10000
9984
9957
9998
9864
9840
9955
9843
9996
9894
9749
10000
9832
10000
9998
10000
9906
9881
9999
10000
9983
9869
9825
9814
9950
9924
9989
9950
10000
10000
10000
9978
9995
9820
10000
9822
9860
9929
9874
9959
9937
9805
9939
9938
9883
10000
9894
9870
9903
9940
9916
9985
9920
9910
10000
9938
9835
10000
9914
9932
9945
9900
9835
9831
9985
9928
9880
9913
9933
10000
10000
9877
9889
9930
9918
9813
9954
9999
10000
9949
10000
10000
9883
9997
9891
9981
9995
9914
9968
9880
10000
10000
10000
9823
10000
9986
9938
9894
9808
9995
9888
9941
9925
9853
9880
9874
10000
9919
10000
9845
10000
9942
9973
9999
9918
9860
10000
9883
9962
9935
9815
9845
9933
9972
9972
10000
9834
10000
9996
9969
9851
9763
9814
10000
9920
10000
9955
9919
10000
9997
10000
10000
9929
9998
9930
10000
10000
9824
9833
10000
10000
9916
9998
9981
9914
9899
9872
9995
9961
9836
9932
9912
9932
9913
9990
10000
10000
9992
9938
9999
9944
9938
10000
9958
10000
9900
9892
10000
9790
9794
9893
9882
9878
9984
9861
9911
10000
9877
9847
9841
9939
9994
9926
9892
9884
9877
10000
9999
9960
9808
9927
9883
9986
9967
10000
9946
9854
9862
9976
9799
9842
9842
9878
9979
10000
9937
9903
9920
9946
9999
9850
10000
9919
9854
9912
9882
9899
9835
9939
9864
9766
9951
9892
9999
9889
9944
10000
9950
10000
10000
9843
10000
10000
10000
9889
9870
9969
9941
9903
9914
9966
9913
9942
9892
10000
9894
9807
9893
9923
9899
10000
9888
9974
9872
9930
9942
9970
9950
9957
9994
9740
9954
9914
9950
9851
9838
9928
9964
9883
10000
9929
9943
10000
10000
9999
9856
9760
9938
9825
10000
10000
9903
10000
9996
10000
9944
9904
9983
10000
9999
9998
9953
9983
9944
9869
9812
9993
10000
9969
9907
9885
9986
10000
10000
9914
9838
9905
9998
9931
9963
9778
10000
9880
9924
9834
9878
9926
9997
9908
9950
10000
9873
9893
9913
9866
9759
9976
9974
9875
9946
9926
9895
10000
9951
9959
9900
9994
9895
9898
9999
9968
9822
9999
9958
9919
9956
10000
9925
9950
9998
9896
9997
9999
9882
9995
9900
9917
10000
10000
10000
9835
9818
10000
9879
9995
9994
9941
9998
9955
9974
9873
9856
9917
9965
9938
9987
9893
9878
9894
9899
9964
9987
9913
9955
9919
9894
10000
9710
9988
9999
9893
9928
9947
10000
9864
9983
9790
9885
9936
9941
9925
10000
9858
9901
9937
9998
9998
9861
9999
9796
9905
10000
9923
10000
9999
9917
9990
9797
9950
9925
9993
9927
9867
9771
9837
10000
9997
9916
9948
9919
9926
9825
10000
9850
10000
9998
9971
9909
10000
10000
9980
9924
9824
9919
9858
9822
9950
9999
9934
10000
