9979
9912
9939
9999
9977
9957
9893
9880
9911
9990
9924
9948
9828
9927
9996
10000
9906
9922
9904
9907
9945
9979
9945
9973
9934
9876
9932
9999
9921
9952
9825
9939
9930
9999
9857
9895
9882
9892
9989
9943
9823
9891
9968
9883
9834
9842
9952
9949
9999
9979
9992
9991
9920
9944
9896
9866
9998
9935
9853
9863
9970
9857
9902
9978
10000
9930
9995
9926
9849
9969
9916
9888
9916
9899
9906
9964
9996
9946
9947
9963
9643
9942
9881
9925
9947
9832
9988
9999
9913
9905
9884
9818
9864
9999
9997
9910
9995
9999
9999
9988
9971
9980
9919
9956
10000
9970
9950
9926
9992
9998
9935
10000
9796
9967
9927
9894
9938
9958
9956
9787
9878
9928
9798
9929
9820
9865
9999
9980
10000
9961
9928
9982
9818
9945
9912
9964
9989
9991
9889
9995
9910
10000
9907
9957
9739
9894
10000
9991
9919
9980
9952
9881
9928
10000
9856
10000
9981
9876
9961
9995
9877
9950
9887
9934
9967
9907
9904
9855
9939
9931
9956
9897
9896
9980
9948
9909
9882
9850
9856
9993
9999
9951
9997
9999
9928
9868
10000
9968
10000
9985
9852
9976
9880
9880
9990
9924
9975
9935
9975
9838
9893
9938
9928
9999
9973
9944
9909
9901
9883
9939
9972
9873
9947
9996
10000
9848
9917
9903
9929
9909
9948
9949
9945
9998
9868
9997
9901
9924
9915
9996
9943
9947
9968
9993
9953
9946
9968
9779
9922
9904
9880
9879
9907
9858
9942
9996
9933
9967
10000
9986
9920
9984
9944
9847
9867
9959
10000
9915
9869
9871
9892
9990
9993
9889
9866
9870
9896
9877
9944
9872
9914
9945
9914
9994
9889
9993
9959
9918
10000
9998
9999
9733
9922
9860
9893
9999
9956
9993
9973
9904
9855
9968
9860
9882
9935
9978
9891
9998
9914
9877
9903
9991
9968
9969
9999
9916
9867
9949
9998
9991
9912
9888
9987
9975
9994
9798
9915
9932
9966
9996
10000
9815
9876
9839
9987
9870
9905
9945
10000
9886
9888
9996
9906
10000
9959
9965
9974
9780
9913
9997
9875
9943
9994
9999
9856
9933
9932
9842
9824
9973
9982
9924
9891
9872
9993
9930
9844
9861
9913
9854
9936
10000
9932
10000
9847
9979
10000
9913
9939
9797
9971
9819
9999
9910
9913
9819
9913
9928
10000
9982
9989
9910
9862
10000
9900
9946
9959
9936
9999
9815
9928
9836
9850
9946
9918
9909
9952
9998
9800
9986
9956
9769
9866
9897
9996
9911
10000
9858
9883
9857
9983
9910
9964
9662
9867
9878
9828
9920
9943
9995
9932
9896
9999
9916
9881
9932
9927
9997
9944
9807
9899
9912
9997
9903
9968
9956
9999
9782
9847
9995
9887
9985
9897
9894
9866
9885
9995
9932
9767
9770
9893
9817
9920
9808
9998
9998
9999
9999
9965
9998
9916
9923
9932
9987
9944
9896
9871
9796
9699
9995
9888
9870
9915
9915
9979
9885
9947
9998
9882
9990
9921
9973
9934
10000
10000
9872
9985
9907
9831
9976
9889
9953
9918
10000
9861
9980
9880
9955
9989
9958
9949
9871
9902
9875
9864
9907
9896
9997
9955
9960
10000
9862
9949
9908
9920
9891
9881
9910
9896
9999
9997
9951
9875
10000
9936
9982
9942
9845
9896
10000
9946
9880
9904
9944
9738
9919
9980
9941
9912
9975
9965
9852
9915
9952
9909
9937
10000
10000
9919
9835
9996
9955
9863
9858
9780
9926
9995
9888
9960
9935
9993
9996
9969
9924
9824
9916
9882
9892
9893
9954
9934
10000
9841
9975
9862
9874
9968
9991
9862
9748
9909
9871
9893
9961
9992
9924
9869
9971
9898
9906
9941
9964
9896
9940
9770
9872
9913
10000
9904
9995
9877
9996
9867
9914
9962
10000
9993
9932
9912
9872
9989
9935
9836
9764
9940
10000
9864
9927
9990
9928
9851
9899
9866
9822
10000
9817
9926
9957
9995
9975
9988
9882
9913
9911
9821
9858
9942
9907
9936
9927
9829
9842
9905
9793
9907
9896
9963
9935
9919
9955
9785
9963
9828
9898
9993
9897
10000
9970
9902
9999
9841
9869
9882
9889
9877
9828
9971
9827
9892
9963
9971
9875
9954
9925
9926
9913
9999
9878
9901
9904
9930
9839
9884
9933
9951
9915
9948
9906
9834
9859
9911
9769
9925
9938
9965
9999
9905
9977
9900
9871
9904
9887
9861
9920
9824
9895
9976
9836
10000
9996
9919
9919
9993
10000
9891
9996
9996
9978
9922
9903
9964
9897
10000
9822
9999
9909
9929
9988
9866
9829
9922
9965
9843
9951
9919
9895
9953
9999
9906
9853
9877
9837
9901
9876
9788
9925
9908
9746
9993
9965
10000
9851
9897
9992
9999
9993
9812
9861
9834
9896
9891
9909
9937
9966
9913
9802
9945
9896
9998
9923
9910
9830
9965
9905
9934
9919
9986
9978
9957
9997
9930
9979
9928
9806
9947
9849
9881
9982
9856
9929
9969
10000
9910
9988
10000
9958
9925
10000
9997
9932
9936
9851
9999
9924
10000
10000
9966
9941
9998
9911
9921
9898
9921
9843
9992
9965
9998
9965
9883
9897
9890
10000
9948
9962
9867
9927
9987
9971
9975
9922
9947
9966
9999
9984
9910
9991
9849
9982
9973
9963
9797
9922
9847
9870
9797
9877
9996
9970
9915
9901
9990
9961
9913
9920
9933
9966
9987
9862
10000
9896
9885
9979
9999
9829
9898
9686
9870
9989
9979
9993
9911
9917
10000
9977
9879
9852
9932
9937
10000
9854
9973
9949
9998
9892
9981
9913
9966
9825
9881
9903
9977
10000
9882
9977
9971
9926
9974
10000
9995
9895
10000
9945
9825
9944
9999
9934
9837
9966
9852
9943
9816
9873
9915
10000
9999
10000
9964
9960
9945
9993
10000
9944
9883
9853
9935
9955
9881
9945
9999
9932
9914
10000
9990
9895
9923
9916
9957
9996
10000
9750
9915
9998
10000
9994
9958
9873
9803
9892
9943
9941
10000
9900
9834
9997
9944
9810
9878
9991
9930
9845
9908
9964
9782
9962
9990
9928
9839
10000
9787
9863
9915
9891
9995
9849
9915
9994
9962
9943
9885
9955
9893
9932
9954
9998
9705
9943
9966
9849
9998
9827
9949
9927
9926
9917
9961
9983
9996
9987
9860
9830
