9838
9917
9934
9909
9837
9982
9881
9861
9819
9965
9950
9910
9874
9926
9995
9874
9853
9763
10000
9935
9977
9959
9938
9910
9853
9845
9927
9946
9911
9905
9957
9826
9978
9858
9861
9822
9891
9836
9973
10000
9952
9796
9997
9879
9911
9956
9950
9823
9886
9934
9958
9956
9971
9883
9933
9931
9934
9960
9941
9993
9977
9994
9922
9943
9994
9950
9964
9869
9980
9854
10000
9852
9891
9867
9970
9813
9953
9967
9827
9860
9922
9864
9946
9912
9556
9939
9910
9910
9968
9883
9856
9846
9931
9870
9976
9995
9985
9925
9982
9836
9936
9903
10000
9931
9908
9833
9927
9858
9925
9890
9873
9930
9929
9914
9839
9893
9923
9823
9933
9995
9955
9944
9883
9817
9963
9908
9923
9916
9966
9996
9956
9767
9880
9871
9806
9957
9991
9997
9995
9967
9846
9921
9895
9972
9997
9813
9963
9893
9752
9938
9968
9991
9953
9939
9943
9954
10000
9921
9973
9936
9988
9907
9885
9886
9986
9965
9949
9808
9937
9909
9892
9947
9909
9972
9962
9934
9954
9807
9991
9986
9992
9969
9814
9984
9993
9819
9994
9870
9954
9975
9875
9895
9993
9880
9877
9928
9900
9993
9840
9856
9935
9935
9916
9969
9978
9980
9990
9978
9940
9932
9880
9961
9997
9882
9867
9836
9898
9993
9933
9926
9839
9886
9857
9947
9952
9935
9890
9943
9921
9953
9979
9878
9912
9939
9927
9934
9938
9981
9948
9975
9972
9911
9995
9855
9877
9975
10000
9848
9874
9907
9913
10000
9985
9892
9848
9912
9915
9874
10000
9906
9944
9990
9776
9987
9959
9983
9906
9945
9979
9944
9851
9982
9980
9984
9989
9947
9705
9913
9852
9888
9937
9993
9995
9934
9928
9934
9953
9922
9996
9907
9905
9915
9799
9969
9935
9911
9888
9882
9967
9927
9917
9959
9875
9967
9910
9955
9812
9921
9652
9971
9866
9992
9747
9942
9821
9983
9889
9867
9842
9917
9984
9910
9962
9863
9939
9786
9985
9929
9934
9822
9943
9848
9796
9988
9967
9788
9922
9945
9984
9836
9839
9908
9956
9857
9936
9943
9968
9913
9916
9997
9914
9921
9887
9950
9949
9774
9924
9969
9922
9915
9942
9923
9964
9879
9970
9998
9926
9859
9940
9907
9899
9793
9842
9911
9897
9941
9973
9960
9907
9993
9910
9956
9932
9964
9963
9880
10000
9938
9928
9883
9931
9875
9903
9964
9966
9978
9819
9780
9916
9889
9900
9976
9967
9799
9937
9963
9906
9867
9866
9991
9905
9935
9913
9915
9825
9973
9791
9907
9910
9934
9947
9939
9800
9897
9884
9992
9972
9844
9924
9876
9975
9960
9917
9997
9751
9917
9931
9880
9887
9946
9890
9988
9887
9891
9904
9825
9998
9900
9882
9972
9831
9936
9843
9901
9993
9983
9879
9877
9933
9836
9855
9974
9866
9909
9897
9879
9949
9895
9896
9960
9990
9908
9903
9790
9866
9967
9930
9998
9979
9900
9928
9988
9944
9886
9950
9873
9890
9999
9998
9896
9765
9890
9870
9887
9907
9988
9932
9798
9883
9960
9891
9926
9922
9893
9926
9902
9984
9958
9957
9999
9896
9856
9905
9924
9929
9904
9935
9923
9886
9941
9909
9857
9945
9983
9887
9965
9960
9921
9995
9852
9826
9920
9981
9928
9996
9998
9918
9910
9969
9884
9961
9932
9983
9941
9831
9960
9921
9929
9915
9787
9955
9900
9928
9811
9996
9962
9991
9994
9879
9887
9974
9887
9957
9893
9901
9956
9899
9991
9895
9869
9921
9916
9916
9953
9926
9970
9940
10000
9885
9991
9894
9989
9960
9941
9876
9908
9943
9909
9960
9926
9994
9964
9911
9940
9979
9966
9968
9941
9960
9873
9923
9935
9907
9919
9936
9909
9981
9902
9925
9830
9879
9920
9915
9963
9841
9804
9879
9973
9859
9921
9897
9888
9932
9942
9839
9918
9843
9869
9929
9984
9911
9899
9969
9830
9898
9946
9954
9938
9812
9965
9898
9956
9822
9932
9897
9918
9891
9964
9979
9843
9907
9908
9946
9943
9849
9921
9968
9919
9782
10000
9979
9872
9994
9914
9810
9905
9941
9918
9926
9949
9993
9866
9815
9986
9947
9947
9875
9916
9981
9923
9959
9979
9928
9963
9953
9956
9921
9861
9995
9906
9945
9870
9994
9998
9956
9899
9857
9908
9871
10000
9671
9988
9990
9980
9924
9963
9896
9947
9822
9980
9884
9906
9908
9777
9994
9966
9823
9845
9790
9831
9997
9796
9966
9863
9898
9881
9969
9959
9929
9950
9903
9954
9967
9988
9994
9947
9994
9779
9902
9929
9902
9801
9997
9990
9961
9894
9954
9910
9771
9836
9928
9924
9933
9770
9988
9930
9866
9847
9902
9825
9886
10000
9873
9992
9888
9925
9862
9901
9897
9868
9951
9932
9910
9925
9901
10000
9952
9930
9919
9792
9965
9901
9894
10000
9911
9912
9955
9934
9967
9825
9934
9852
9967
9872
9977
9856
9882
9924
9947
9892
9852
9990
9936
9951
9993
9838
9923
9862
9903
9937
9947
9843
9931
9861
9953
9935
9803
9944
9901
9856
9993
9908
9988
9884
9844
9796
9996
9921
9801
9922
9894
9922
9959
9975
9811
10000
9920
9955
9970
9918
9820
9951
9979
9983
9854
9978
9904
9885
9933
9920
9950
9782
9876
9937
9932
9870
9999
9864
9857
9910
9883
9853
9960
9952
9857
9991
9966
9897
9927
9829
9889
9883
9943
9919
9869
9924
9915
9962
9864
9938
10000
9969
9911
9865
9871
9980
9998
9910
9967
9945
9915
9959
9932
9859
9984
9901
9965
9821
9954
9942
9995
9820
9856
9959
10000
9947
9950
9928
9971
9869
9908
10000
9953
9967
9924
9816
9979
9946
9960
9944
9865
9967
9913
9789
9874
9987
9920
9924
9949
9946
9907
9990
10000
9935
9695
9988
9910
9912
9894
9941
9858
9855
9695
9937
9955
9976
9903
9946
9894
9905
9888
9956
9957
9955
9880
9989
9936
9796
9858
9995
9924
9978
9902
9920
9928
9910
9973
9986
9999
9969
9903
9882
9991
9917
9776
9895
9954
9910
9877
9971
9999
9986
9885
9933
9846
9883
9917
9934
9965
9832
9873
9949
9938
9913
9918
9974
9853
9999
9923
9960
