10000
9979
9981
9919
9975
9782
9814
9945
9994
9856
9996
9899
9976
9970
9989
9974
9758
9961
9840
9981
9930
9999
9985
9857
9968
9954
9998
9865
9999
9999
9983
9926
9999
9975
10000
9989
9992
9973
9906
9909
9946
9926
9998
9991
9955
9973
9963
9995
9957
9975
9973
9991
9987
9920
9989
9995
9979
9995
9937
9993
9979
9997
9960
9983
9958
9988
10000
9948
9997
9968
9981
9978
10000
9986
9963
10000
9859
9999
9981
9972
9981
9986
9984
9993
9986
9996
9931
9943
9997
9991
9997
9954
9978
9991
9985
9995
9928
9998
9997
9977
9826
9990
9980
9999
9918
9920
9917
9967
9952
9980
9977
9983
9936
9942
9989
9987
9975
9873
9996
10000
9986
9940
10000
9998
9998
9974
9967
9923
9958
9998
9993
9986
9958
9988
9969
9929
9975
9999
9881
9852
9934
9964
9932
9988
9968
9951
9972
9903
9994
9939
9867
9981
9980
9993
9993
9948
9946
9915
9922
9936
10000
9973
9997
9983
9925
9931
9947
9931
9968
9993
9950
9978
9890
9960
9996
9996
9991
9999
9991
9999
9984
9998
9906
9910
9875
9963
9892
9781
9949
9913
9965
9995
10000
9964
9999
9906
10000
9989
9956
10000
9904
9990
9970
9929
9914
9987
9961
9906
9999
9997
9993
9967
9986
9945
10000
9929
9999
9941
9916
9933
9864
9973
9981
9963
10000
9971
9985
9962
9991
9999
9976
9991
9893
9969
9991
9996
9880
9941
9986
9866
9962
9917
10000
10000
9981
9997
9992
9991
9978
10000
9823
9878
9878
9998
9982
9898
10000
9982
9982
9979
9871
9959
9992
9963
10000
9936
9984
9947
9938
9763
9984
9956
9972
9994
9893
9808
9954
9951
9999
10000
9871
9970
9902
9994
9938
9955
9961
9986
9961
9998
9731
9988
9837
9932
9998
10000
9991
9993
9957
10000
9975
9998
10000
9948
9864
9946
9997
9954
10000
9850
9988
9958
10000
10000
10000
9966
9940
10000
9915
9990
9999
9753
9999
9992
9957
9834
9917
9992
9908
9999
9982
9976
9981
9913
9957
9973
9988
9976
9891
9923
9999
9953
9914
9996
9897
9979
9954
9970
9999
9911
9914
10000
9913
9987
9934
9978
10000
9967
9913
9937
9960
9955
10000
9967
9980
9926
10000
9991
9998
9953
9902
9998
9982
10000
9994
9992
9868
9949
9977
9951
9868
9992
9988
9998
9998
9933
9943
9921
9947
9972
10000
9988
9989
9999
10000
9942
9935
9939
9999
9982
9948
9986
9992
9996
9996
9892
9988
9965
9904
9999
9953
9992
9957
9998
9997
10000
9979
9981
9996
9999
9928
9987
9956
9951
9848
9967
9971
9999
9829
9901
9986
9981
9930
9932
9971
9910
9991
9989
9974
9992
9983
10000
9952
9944
9988
9972
9980
9991
9997
10000
9881
10000
9895
9998
9863
9954
9899
9917
9984
9961
9995
9968
10000
9970
9967
9977
10000
9952
9989
9983
9944
9963
9921
9978
9972
9832
9875
9985
9905
9974
9942
10000
9927
9954
9999
9883
9993
9976
10000
9999
9966
9918
9956
9926
9995
9990
9986
9950
9973
9966
9939
9997
10000
9994
9971
9993
9912
9970
9997
9996
9999
9936
9942
9992
9960
9999
9872
9909
9973
9968
9971
9925
9991
9957
9985
10000
9991
9997
9953
9983
9936
9945
9925
9998
9905
9967
9972
9975
9934
9992
9963
10000
10000
9954
9969
9917
9993
9984
9996
9815
9980
9934
9964
9982
9934
9938
9976
9903
9968
9998
9882
9959
9992
9912
9970
9929
9971
9941
9995
9990
9997
9933
9927
9917
9983
9966
10000
9923
9916
9960
9986
9978
9999
9996
9975
9991
9845
9910
10000
9999
9971
9988
9905
10000
9991
9928
9882
10000
9901
9928
9920
9905
9976
10000
9985
9948
9987
9890
9998
9944
9976
9990
9996
9996
9960
9996
9997
9933
9997
9988
9891
9976
9942
9843
9969
9932
9972
9918
9994
9971
9969
9932
9983
9968
9993
9969
9992
9966
9972
9948
9995
9977
9885
9980
9990
9995
10000
9977
9995
9982
9975
10000
9832
9942
10000
9967
9904
9862
9987
9915
9986
10000
9999
9893
10000
9987
9879
9871
9994
9844
9997
9989
10000
9939
9997
9909
9994
9909
9977
9992
9958
9987
9945
10000
9979
9999
9937
9919
9924
9962
9978
9912
9949
9850
9892
9986
9922
9994
9995
9851
10000
9948
9997
9924
9994
9912
9871
10000
9963
9980
9905
9965
9954
9986
9997
9992
9994
9881
9935
9947
9996
10000
9861
9911
9928
9908
9937
9996
10000
9985
9981
9968
9935
9991
9996
9998
9934
9997
9933
9980
9898
10000
9986
10000
9884
9987
9994
10000
9975
10000
9944
9995
9980
9976
9995
9889
9996
10000
9965
9969
9982
9955
10000
9969
9935
9877
9997
9941
9899
9952
10000
9993
9998
9977
9991
9934
9963
9995
9952
9965
9970
9998
9899
9935
9994
9958
9967
9917
9999
9940
9994
9991
9895
9960
9832
9959
9980
9997
9962
9959
9993
9999
9984
9878
9997
9922
9899
9811
9989
9938
9999
9979
9949
10000
9988
9998
9991
9961
9936
9948
9987
10000
9983
9933
9984
10000
9950
10000
10000
9984
9985
9910
9996
9977
9899
9985
9979
9992
9903
9980
9943
9997
9963
9999
9930
9982
9882
9960
9998
9996
9984
9966
9962
9928
9923
9946
10000
9995
9904
9964
10000
9799
9952
9960
9905
9968
9833
9999
9999
9951
9823
9905
9923
9936
9995
9946
9966
9929
9951
9998
9986
9988
9988
9988
9948
9990
9976
9988
9989
9984
9966
9930
10000
9999
9935
9995
9984
9943
9968
9954
9991
10000
9994
9971
9998
9999
9844
9909
10000
9891
10000
9999
9987
9976
9930
9927
9875
9992
9966
9925
9954
9966
9891
10000
9938
9961
9898
9919
9953
9914
9918
9890
9951
10000
9891
9845
9934
9994
9988
9975
9974
9999
9807
9996
9972
9990
9885
9982
9930
9952
9910
9981
10000
9979
9980
9965
9887
9874
9926
10000
9998
9976
10000
9984
9959
9985
9992
9898
10000
9997
9985
9973
9910
9893
9796
9905
9930
9976
9801
9930
9997
9991
9995
9935
9971
9942
9940
10000
9983
9981
9997
9933
9979
9940
9965
9986
9997
9943
9959
9940
