9967
9876
9804
9625
9981
9943
9947
9943
9999
9850
9921
9934
9924
10000
9943
9904
9929
9941
10000
9865
9818
10000
9986
9907
9969
9782
9983
9920
10000
9874
9991
9890
9885
9888
9927
9996
9954
9928
9831
9801
9958
9999
9844
9928
9926
9983
9954
9979
9995
9942
9831
9948
9999
9964
9998
9824
9983
9875
9981
10000
9997
9784
9909
10000
9955
9952
9952
9895
9879
9981
9893
9889
9846
9866
9938
9981
9934
9965
9897
9879
9978
9951
9904
9837
9936
9757
9857
9854
9936
10000
9965
9999
10000
9983
9973
9946
9861
9968
9924
9999
9904
9829
9991
9942
9918
9842
9811
9914
9929
10000
9914
9980
9984
9642
10000
9870
9929
9841
9936
9902
9665
9960
9925
9935
9917
9724
9950
9963
9940
9904
9980
9951
9853
9894
9931
9930
9890
9927
9905
9988
9916
9978
9868
9962
9790
9945
9948
9889
9990
9911
9802
9823
9998
9971
9931
9876
10000
9899
9809
9960
9899
9926
9949
9999
9884
9997
9894
9944
9976
9882
9945
9946
9999
9818
9946
9935
9678
9918
9996
9943
9939
9966
9915
9828
9848
9987
9952
9993
9769
9751
9998
9749
9887
9957
9940
9997
9935
10000
9854
9924
9811
9954
9915
9911
9998
9890
9999
9858
9914
9904
9993
9924
9979
9903
9996
9987
9937
9877
9816
9946
9946
9795
9961
9934
9999
9830
10000
9974
9730
9884
10000
9888
9904
9802
9975
9998
9800
9888
10000
9934
9972
9921
9998
9844
10000
9998
9909
9858
9842
9981
9917
9914
9702
9875
9866
9842
9850
9947
9907
9983
9964
9919
9916
9972
9975
9914
9892
9843
9927
9944
9964
9932
9913
9915
9759
9926
9847
9916
9813
9920
9949
10000
10000
9898
9991
9873
9976
9812
9985
9873
9865
9906
10000
9962
9936
9839
9917
9879
9917
10000
9845
10000
9898
9959
9949
9946
9998
9951
10000
9946
9850
9969
9962
9988
9995
9952
9979
9925
9863
9958
9820
9989
9930
9854
9990
9933
10000
9873
9934
9899
9999
9964
10000
9943
9924
9979
9883
9913
9947
9996
9917
9847
9887
9959
9907
9926
9995
9850
9843
9957
9990
9852
9890
9953
9946
9934
9896
9964
9926
9954
9868
10000
9916
9858
10000
9877
9830
9837
10000
9901
9997
9825
9840
9917
9929
9989
10000
9964
9828
9921
9995
9890
9693
9900
9988
9928
9998
9971
9891
9846
9895
10000
9991
9831
9998
9960
10000
9917
9884
9818
9980
9895
9949
9920
9972
9985
9923
10000
10000
10000
9918
9909
9997
10000
9912
9940
9994
9858
9989
9929
9933
10000
9920
9995
9948
9912
9968
9941
9853
9991
9994
9906
9995
9955
9933
9955
9890
9941
9853
9701
9907
9999
9843
9927
9911
10000
9915
9958
9942
9826
9914
9880
9966
9938
9813
9787
9799
9895
9923
9910
9846
9984
9984
9963
9996
9798
9940
9895
9981
9998
9986
9868
10000
9958
9972
9927
9957
9895
9866
9997
9880
9942
9856
9924
9960
9977
9915
9906
9919
9867
9868
9858
9868
9845
9832
9851
9922
9894
10000
9901
9997
9908
9843
9925
9840
9878
9951
10000
9893
9943
9907
9957
9772
9998
10000
9763
9840
9902
9999
9885
9987
9998
9997
10000
9944
9982
9859
9990
9991
9921
9929
9992
9954
9991
9901
10000
9796
9929
9997
9618
9913
9997
9917
9879
9941
9979
9827
9932
9966
9878
9833
10000
9959
9952
9953
9875
10000
9914
9847
9903
9951
9962
9924
9954
9932
9960
9882
9999
9928
9964
9920
9926
9947
9935
9924
9881
10000
9822
9890
9939
9961
9901
9822
9953
9944
9830
9998
9997
9860
10000
9952
9943
9881
9840
9894
9842
9995
9997
9996
9811
9959
9933
9864
9998
9892
10000
9812
9904
9956
9943
9917
9898
9904
9967
9932
9746
9973
10000
9997
9874
9875
9998
9991
9885
10000
9951
9893
10000
9982
9953
9931
9978
9868
9997
9940
9904
9997
9851
9932
9905
9937
9947
9886
9955
9874
9920
9859
9996
9815
9865
10000
9948
9949
9907
9948
9904
10000
9875
9988
9938
9868
9875
9849
9940
9988
9924
9990
9926
9913
9958
9951
9988
9784
9913
9830
9755
9765
9975
9832
9963
10000
9921
9928
9941
9943
9950
9872
9992
9929
9988
9888
9887
9999
9890
9894
9863
9971
9898
9912
9873
9834
9997
10000
9923
9949
9997
9959
10000
9873
10000
9964
9915
9892
9951
9909
9993
9925
9903
9928
9925
9941
9911
9831
9921
10000
9935
9923
9960
9939
9959
9999
9792
9997
9932
9833
9918
10000
9986
9951
9969
9977
9995
10000
9925
9988
9940
9975
9928
9873
9902
9923
9917
9928
9923
9939
10000
9987
9986
9920
9966
9830
9890
9911
9947
9885
9899
9925
9959
10000
9685
9876
9987
9954
9968
9947
10000
9966
9893
9987
9892
9995
9996
9885
10000
9828
10000
10000
9998
9996
9917
9938
9836
9966
9938
9905
9913
9822
9979
9778
9947
9888
9855
9991
9911
9974
9917
9905
9943
9946
9919
9998
9977
10000
9917
9894
9919
9885
9909
9903
9894
9976
9948
9891
9996
9877
9836
9866
9839
9975
9882
9874
9910
9999
9783
9992
9997
9868
9856
10000
10000
9985
9937
9911
9970
9954
9872
10000
9959
10000
9897
9910
9991
9993
9963
9986
9885
10000
9979
10000
10000
9827
9896
9828
9844
9984
9948
9950
9993
9851
9930
9887
9898
9882
9964
9816
9986
9934
9965
9927
9830
10000
9961
9985
9933
9888
9932
9999
9823
9984
9999
9877
9884
9954
9995
9989
9992
9994
9902
9938
9805
10000
9999
9976
9996
9823
9893
9846
9846
9998
9969
9926
9923
9972
9904
9969
9934
9995
10000
9957
9910
9999
9924
9930
9945
9900
9947
9955
9969
9943
10000
9956
9893
9939
9950
9863
9995
9939
9884
9988
9814
9928
9949
9896
9944
9833
9966
9926
9935
9941
9936
9786
9988
9962
9839
9825
9917
9947
9760
9961
9995
9969
9941
9845
9927
9785
9999
10000
9911
10000
9885
9919
9895
9956
9966
9917
9997
9993
9905
9856
9891
9867
9931
9841
9856
9992
9942
9968
9902
9948
9853
9880
9992
9996
9946
9986
9959
9870
9900
9999
9876
