9837
9916
9830
9918
9863
9910
9966
9880
9955
9965
9944
9929
9947
9845
9850
9906
9922
9949
9945
9874
9915
9885
9896
9891
9816
9889
9925
9925
9956
9877
9907
9970
9948
9925
9977
9937
9853
9874
9881
9993
9899
9940
9889
9922
9884
9804
9976
9954
9854
9825
9930
9917
9868
9947
9908
9914
9839
9913
9824
9889
9995
9827
9826
9976
9896
9796
9874
9973
9909
9991
9886
9991
9946
9808
9977
9900
9960
9879
9832
9986
9912
9986
9806
9924
9884
9839
9906
9910
9949
9917
9951
9895
9903
9914
9933
9954
9845
9970
9888
9972
9835
9758
9959
9943
9954
9979
9835
9899
9941
9982
9931
9986
9833
9841
9957
9923
9904
9866
9955
9990
9910
9919
9822
9933
9903
9915
9998
9971
9927
9965
9960
9867
9933
9947
9899
9871
9982
9953
9959
9845
9878
9940
9923
9967
9969
9928
9929
9922
9955
9867
9885
9900
9933
9816
9780
9911
9951
9895
9928
9986
9885
9959
9871
9908
9887
9969
9993
9819
9846
9871
9914
9893
9920
9866
9942
9913
9872
9890
9839
9783
9893
9948
9882
9940
9882
9807
9935
9903
9909
9880
9902
9941
9769
9962
9898
9901
9871
9884
9835
9892
9999
9807
9893
9897
9955
9825
9710
9878
9941
9901
9902
9903
9924
9878
9902
9888
9986
9860
9940
9841
9913
9842
9962
9836
9942
9823
9834
9893
9859
9952
9952
9916
9941
9976
9848
9963
9887
9934
9924
9891
9916
9906
9962
9943
9850
9944
9984
9933
9959
9887
9705
9912
9942
9891
9972
9895
9976
9987
9850
9950
9876
9879
9906
9896
9941
9900
9874
9867
9902
9927
9949
9897
9860
9995
9889
9840
9957
9854
9837
9915
9931
9837
9922
9969
9783
9909
9965
9993
9944
9874
9880
9868
9928
9996
9913
9918
9889
9940
9793
9934
9941
9905
9936
9976
9960
9809
9879
9799
9880
9906
9801
9857
9841
9878
9800
9821
9945
9892
9934
9900
9844
9999
9863
9801
9875
9843
9981
9902
9965
9941
9897
9844
9925
9965
9909
9874
9898
9934
9977
9941
9880
9959
9937
9954
9808
9729
9866
9862
9915
9897
9932
9979
9924
9864
9678
9786
9900
9899
9840
9881
9945
9903
9605
9662
9870
9921
9934
9998
9931
9958
9979
9991
9859
9893
9946
9849
9886
9932
9941
9932
9874
9861
9881
9914
9960
9887
9908
9958
9895
9915
9991
9859
9892
9826
9918
9996
9916
9957
9937
9935
9910
9908
9906
9887
9891
9925
9888
9937
9878
9911
9953
9928
9965
9901
9853
9964
9888
9960
9948
9788
9915
9895
9792
9949
9948
9917
9912
9950
9928
9949
9924
9826
9920
9833
9851
9948
9883
9984
9922
9856
9916
9877
9999
9794
9830
9862
9948
9873
9922
9867
9983
9858
9854
9958
9931
9993
9978
9930
9852
9929
9908
9967
9947
9946
9952
9824
9911
9895
9693
9884
9836
9993
9937
9977
9927
9955
9957
9943
9878
9935
9929
9910
9967
9840
9887
9798
9934
9961
9952
9961
9992
9890
9939
9938
9838
9925
9821
9957
9903
10000
9983
9878
9891
9897
9864
9842
9818
9913
9866
9828
9944
9747
9771
9903
9891
9852
9698
9988
9972
9893
9916
9922
9956
9856
9972
9876
9942
9916
9968
9952
9984
9928
9912
9937
9903
9946
9876
9992
9892
9768
9922
9996
9905
9917
9864
9917
9828
9902
9964
9817
9978
9828
9951
9900
9889
9916
9802
9896
9833
9946
9949
9903
9917
9932
9880
9870
9837
9946
9906
9999
9947
9926
9909
9911
9810
9906
9858
9848
9951
9994
9850
9992
9884
9785
9891
9901
9992
9832
9960
9861
9901
9874
9852
9910
9883
9870
9834
9927
9910
9986
9990
9844
9888
9852
9899
9929
9878
9941
9945
9924
9705
9905
9900
9972
9941
9907
9994
9847
9926
9926
9936
9687
9890
9862
9858
9914
9875
9969
9924
9939
9920
9859
9924
9823
9894
9965
9760
9921
9871
9886
9897
9918
9748
9936
9831
9954
9914
9996
9890
9924
9785
9864
9876
9908
9838
9927
9952
9888
9993
9905
9836
9892
9945
9592
9977
9958
9908
9975
9959
9922
9927
9888
9907
9886
9782
9881
9847
9906
9948
9910
9944
9935
9883
9802
9961
9907
9885
10000
9822
9836
9928
9966
9925
9921
9946
9761
9928
9915
9685
9944
9901
9836
9897
9867
9917
9895
9870
9928
9899
9913
9906
9945
9923
9899
9927
9895
9877
9763
9968
9952
9878
9908
9942
9956
9911
9709
9987
9852
9951
9850
9960
9915
9893
9892
9960
9975
9851
9678
9895
9797
9969
9941
9854
9919
9948
9859
9860
9972
9774
9992
9901
10000
9734
9959
9965
9904
9955
9764
9868
9933
9864
9859
9889
9912
9961
9956
9928
9943
9965
9948
9842
9796
9868
9815
9942
9887
9939
9841
9929
9896
9930
9905
9950
9924
9917
9954
9891
9898
9943
9929
9878
9877
9955
9721
9944
9894
9834
9894
9962
9933
9905
9734
9871
9896
9903
9926
9940
9994
9910
9960
9914
9941
9953
9969
9904
9942
9717
9936
9921
9919
9935
9958
9924
9878
9920
9973
9926
9930
9979
9942
9922
9999
9939
9912
9948
9941
9941
9922
9826
9876
9982
9898
9921
9863
9826
9878
9949
9904
9810
9796
9972
9926
9800
9983
9973
9859
9905
9926
9878
9878
9926
9988
9925
9921
9913
9952
9893
9954
9819
9928
9936
9913
9911
9949
9771
9874
9907
9854
9920
9893
9931
9914
9901
9996
9849
9922
9936
9884
9878
9804
9978
9900
9952
9937
9942
9796
9931
9923
9966
9889
9860
9888
9883
9794
9847
9973
9919
9937
9850
9968
9831
9891
9789
9927
9974
9883
9907
9877
9925
9882
9907
9871
9818
9813
9938
9937
9876
9811
9878
9913
9884
9972
9874
9961
9999
9918
9906
9922
9846
9995
9826
9814
9911
9876
9920
9883
9872
9927
9819
9876
9813
9847
9984
9928
9801
9898
9934
9932
9985
9944
9952
9943
9901
9817
9829
9903
9940
9859
9948
9763
9936
9854
9851
9886
9784
9850
9944
9862
9896
9851
9908
9946
9902
9934
9888
9976
9922
9884
9953
9877
9847
9898
9956
9747
9994
9882
9988
9914
9892
9941
