9910
9869
9903
9889
9800
9916
9901
9938
9840
9884
9962
9890
9963
9919
9931
9889
9931
9903
9929
9943
9861
9951
9866
9831
9854
9947
9929
9930
9950
9883
9896
9929
9942
10000
9914
9941
9911
9949
9939
9877
9958
9942
9919
9955
9943
9948
9933
9877
9800
9922
9779
9885
9895
9975
9919
9913
9961
9869
9893
9902
9922
9962
9907
9768
9909
9912
9893
9785
9947
9984
9912
9877
9941
9796
9924
9937
9947
9845
9890
9938
9826
9827
9945
9916
9947
9906
9868
9877
9838
9961
9701
9852
9918
9875
9886
9946
9925
9840
9846
9847
9891
9932
9919
9844
9931
9880
9845
9822
9924
9980
9938
9957
9958
9854
9877
9935
9832
9870
9792
9921
9935
9973
9999
9889
9930
9855
9858
9864
9943
9855
9988
9965
9907
9930
9930
9959
9932
9898
9986
9860
9955
9947
9890
9916
9909
9895
9915
9717
9915
9874
9958
9963
9900
9964
9946
9950
9935
9900
9961
9919
9955
9925
9810
9842
9793
9972
9868
9822
9975
9829
9902
9823
9848
9930
9865
9909
9987
9800
9884
9937
9828
9933
9866
9878
9858
9880
9895
9897
9927
9959
9924
9914
9905
9995
9903
9953
9896
9915
9973
9908
9991
9949
9962
9899
9932
9958
9862
9930
9865
9926
9942
9931
9977
9983
9942
9970
9802
9883
9881
9982
9883
9953
9954
9898
9817
9907
9875
9946
9925
9889
9884
9920
9884
9955
9825
9978
9887
9918
9930
9919
9886
9867
9926
9810
9907
9969
9955
9888
9897
9948
9885
9761
9925
9951
9936
9924
9760
9900
9838
9856
9953
9863
9950
9879
9936
9906
9980
9859
9914
9961
9894
9897
9813
9839
9914
9964
9898
9978
9868
9908
9994
9870
9996
9845
9939
9969
9932
9908
9889
9759
9974
9945
9836
9963
9914
9827
9867
9896
9957
9919
9906
9882
9842
9940
9874
9892
9782
9964
9797
9872
9904
9683
9755
9846
9964
9917
9914
9920
9955
9852
9840
9901
9943
9867
9967
9918
9882
9934
9945
9969
9943
9904
9956
9940
9917
9887
9914
9730
9892
9876
9880
9906
9941
9965
9814
9871
9872
9899
9945
9896
9977
9868
9934
9862
9960
9917
9876
9882
9940
9980
9938
9900
9804
9890
9982
9924
9918
9803
9938
9956
9893
9858
9976
9943
9932
9957
9955
9818
9889
9662
9943
9887
9968
9846
9989
9919
9827
9827
9941
9903
9929
9902
9912
9962
9856
9851
9915
9905
9930
9929
9972
9870
9933
9882
9953
9788
9838
9922
9921
9956
9872
9912
9936
9927
9874
9964
9889
9962
9866
9929
9861
9960
9884
9899
9960
9825
9995
9894
9944
9884
9846
9957
9958
9902
9843
9937
9744
9902
9845
9813
9940
9868
9919
9945
9990
9953
9948
9872
9995
9936
9900
9792
9906
9931
9852
9884
9896
9887
9959
9919
9854
9854
9961
9856
9732
9891
9960
9835
9918
9928
9803
9897
9825
9796
9858
9978
9977
9907
9921
9930
9906
9923
9939
9944
9975
9983
9861
9915
9983
9944
9802
9788
9920
9945
9905
9896
9978
9867
9952
9964
9939
9928
9880
9892
9789
9904
9899
9856
9867
9982
9904
9953
9877
9952
9908
9930
9906
9980
9965
9944
9861
9937
9854
9881
9906
9967
9926
9884
9967
9966
9948
9948
9984
9783
9961
9935
9879
9754
9964
9868
9894
9796
9884
9815
9879
9868
9889
9820
9928
9906
9944
9988
9936
9827
9960
9896
9864
9882
9859
9960
9877
9909
9760
9860
9938
9849
9849
9855
9934
9933
9899
9958
9914
9786
9900
9973
9929
9889
9946
9797
9933
9943
9917
9873
9877
9850
9753
9920
9815
9911
9876
9845
9932
9868
9955
9901
9963
9893
9793
9899
9935
9889
9840
9972
9882
9924
9929
9911
9844
9867
9927
9958
9907
9869
9873
9755
9922
9896
9922
9939
9925
9950
9902
9913
9855
9929
9976
9779
9909
9919
9913
9897
9997
9878
9916
9887
9877
9927
9892
9901
9997
9895
9895
9941
9975
9894
9974
9894
9935
9879
9952
9895
9909
9898
9934
9923
9969
9811
9932
9926
9871
9924
9900
9872
9941
9862
9819
9944
9852
9841
9902
9938
9940
9929
9931
9914
9944
9915
9858
9958
9932
9879
9882
9946
9908
9934
9960
9785
9998
9895
9907
9919
9884
9918
9918
9942
9898
9827
9804
9875
9786
9972
9889
9943
9906
9871
9938
9897
9748
9946
9819
9901
9992
9994
9929
9881
9888
9958
9949
9970
9908
9822
9998
9984
9873
9920
9921
9911
9943
9925
9913
9847
9877
9952
9983
9819
9919
9956
9928
9923
9929
9985
9943
9939
9716
9888
9995
9938
9786
9861
9752
9886
9748
9890
9921
9870
9990
9892
9840
9882
9946
9827
9893
9899
9931
9854
9855
9814
9820
9908
9897
9998
9938
9667
9932
9954
9901
9903
9882
9901
9927
9940
9863
9790
9934
9865
9896
9907
9940
9955
9942
9890
9886
9913
9892
9902
9936
9899
9924
9972
9951
9930
9961
9930
9970
9959
9919
9937
9916
9930
9932
9930
9831
9827
9905
9988
9878
9906
9820
9923
9757
9933
9905
9956
9955
9844
9847
9849
9936
9875
9938
9903
9897
9908
9931
9948
9834
9979
9940
9953
9893
9933
9848
9885
9906
9885
9888
9747
9975
9934
9868
9915
9943
9934
9871
9942
9893
9891
9906
9964
9955
9986
9899
9924
9966
9800
9865
9861
9928
9968
9893
9898
9861
9848
9893
9917
9906
9945
9976
9912
9887
9900
9901
9828
9961
9961
9892
9952
9860
9937
9903
9904
9938
9833
9894
9984
9939
9947
9870
9985
9945
9966
9837
9921
9955
9904
9915
9979
9911
9842
9822
9962
9925
9913
9993
9946
9979
9908
9879
9951
9908
9890
9956
9940
9946
9771
9937
9940
9898
9911
9882
9764
9765
9921
9908
9928
9994
9971
9926
9930
9986
9959
9966
9884
9886
9927
9933
9925
9837
9806
9892
9915
9924
9940
9886
9925
9915
9827
9961
9935
9956
9930
9880
9899
9922
9948
9931
9806
9973
9883
9821
9941
9909
9863
9934
9938
9789
9858
9822
9909
9794
9840
9812
9965
9873
9922
9916
9959
9887
9907
9933
9899
9943
9968
9888
9933
9927
9860
9943
9824
