9916
9947
9799
9936
9883
9897
9861
9889
9981
9914
9953
9938
9856
9908
9929
9901
9839
9883
9920
9919
9902
9973
9988
9814
9763
9911
9851
9943
9894
9909
9866
9937
9901
9934
9916
9893
9979
9943
9942
9961
9842
10000
9933
9946
9974
9944
9959
9883
9958
9862
9902
9839
9984
9953
9898
9820
9911
9894
9960
9991
9810
9965
9936
9897
9858
9976
9914
9834
9817
9960
9940
9919
9939
9916
9900
9931
9802
9944
9823
9889
9928
9903
9946
9911
9942
9912
9919
9836
9838
9800
9835
9967
9924
9891
9779
9847
9939
9946
9926
9890
9957
9821
9926
9941
9979
9952
9858
9933
9920
9774
9850
9974
9874
9901
9865
9930
9919
9930
9927
9886
9757
9926
9919
9906
9852
9944
9923
9895
9839
9935
9885
9825
9871
9757
9882
9890
9891
9835
9956
9879
9891
10000
9874
9998
9824
9848
9978
9864
9994
9906
9983
9785
9814
9893
9961
9900
9766
9882
9856
9911
9720
9940
9846
9937
9958
9777
9939
9961
9936
9894
9963
9906
9889
9884
9787
9976
9871
9959
9995
9802
9889
9880
9896
9957
9900
9911
9932
9809
9935
9867
9970
9870
9918
9934
9990
9908
9895
9859
9936
9973
9780
9872
9934
9786
9865
9963
9874
9889
9827
9891
9858
9874
9970
9878
9916
9989
9900
9950
9998
9856
9931
9884
9920
9944
9908
9932
9859
9963
9889
9950
9847
9871
9980
9853
9884
9983
9954
9817
9950
9969
9929
9910
9937
9907
9883
9893
9881
9950
9834
9851
9847
9955
9856
9902
9968
9833
9995
9946
9901
9946
9905
9957
9911
9849
9848
9816
9964
9901
9935
9906
9958
9943
9853
9896
9906
9936
9892
9987
9884
9950
9830
9969
9897
9924
9907
9954
9843
9815
9755
9800
9932
9884
9897
9875
9997
9891
9974
9971
9881
9781
9881
9883
9829
9857
9992
9878
9766
9923
9952
9958
9924
9931
9950
9946
9878
9861
9938
9870
9985
9809
9896
9934
9933
9888
9967
9908
9916
9899
9914
9832
9841
9884
9972
9862
9975
9956
9998
9969
9865
9802
9914
9971
9933
9972
9890
9895
9991
9992
9939
9930
9820
9933
9919
9968
9907
9912
9878
9849
9937
9911
9800
9902
9877
9902
9897
9901
9976
9818
9771
9950
9954
9900
9895
9970
9913
9921
9921
9911
9986
9955
9858
9885
9956
9908
9908
9963
9855
9931
9922
9806
9921
9901
9921
9948
9796
9898
9889
9900
9963
9950
9939
9905
9876
9965
9983
9938
9942
9928
9952
9861
9864
9963
9971
9921
9869
9881
9917
9845
9921
9917
9953
9841
9854
9949
9776
9800
9898
9932
9955
9879
9916
9858
9903
9948
9908
9905
9940
9900
9939
9948
9909
9849
9950
9908
9943
10000
9929
9896
9863
9906
9856
9795
9846
9953
9934
9894
9907
9931
9962
9949
9742
9954
9801
9830
9921
9882
9900
9895
9895
9913
9912
9887
9941
9831
9940
9889
9869
9888
9924
9983
9948
9947
9967
9878
9882
9785
9932
9937
9818
9915
9930
9932
9907
9914
9983
9877
9930
9824
9936
9771
9965
9910
9953
9936
9953
9960
9937
9948
9929
9902
9921
9935
9940
9877
9907
9932
9939
9873
9892
9930
9920
9807
9974
9985
9955
9979
9950
9869
9883
9914
9946
9925
9959
9954
9917
9966
9930
9881
9976
9942
9778
9881
9926
9957
9807
9950
9883
9967
9884
9863
9937
9873
9904
9932
9994
9889
9888
9944
9927
9858
9812
9881
9872
9907
9976
9895
9947
9891
9887
9931
9926
9941
9839
9852
9831
9917
9869
9949
9942
9950
9854
9891
9828
9958
9977
9900
9951
9720
9918
9749
9872
9894
9910
9954
9901
9929
9949
10000
9838
9834
9830
9946
9942
9892
9924
9943
9931
9933
9955
9915
9936
9930
9964
9891
9884
9888
9977
9952
9922
9899
9970
9936
9878
9890
9910
9979
9854
9859
9779
9940
9985
9853
9842
9917
9829
9816
9895
9962
9945
9949
9879
9921
9989
9925
9931
9906
9788
9874
9841
9794
9906
9940
9995
9910
9747
9900
9898
9784
9929
9974
9960
9962
9963
9902
9934
9844
9766
9979
9939
9881
9951
9922
9871
9943
9948
9878
9875
9938
9926
9922
9895
9916
9932
9930
9911
9940
9749
9817
9852
9988
9923
9853
9921
9887
9961
9957
9878
9821
9988
9844
9907
9946
9948
9979
9895
9931
9886
9936
9987
9827
9919
9846
9914
9882
9949
9993
9789
9958
9833
9933
9840
9902
9974
9975
9876
9971
9899
9888
9810
9985
9947
9891
9900
9834
9961
9849
9903
9748
9897
9757
9828
9908
9840
9908
9918
9962
9939
9951
9970
9714
9883
9893
9915
9884
9871
9976
9786
9956
9947
9972
9879
9881
9882
9920
9875
9945
9982
9843
9889
9859
9935
9889
9961
9892
9885
9923
9848
9763
9887
9933
9945
9890
9881
9970
9961
9893
9968
9901
9901
9965
9923
9847
9923
9930
9887
9948
9905
9899
9935
9920
9893
9995
9979
9983
9986
9915
9794
9939
9848
9912
9986
9942
9902
9828
9890
9903
9934
9863
9911
9943
9896
9927
9972
9980
9962
9909
9998
9929
9912
9896
9905
9942
9932
9970
9951
9901
9934
9902
9931
9972
9898
9925
9909
9873
9871
9912
9946
9944
9962
9901
9989
9864
9944
9939
9958
9920
9929
9955
9959
9835
9897
9855
9937
9929
9885
9938
9877
9867
9991
9975
9922
9909
9861
9983
9860
9966
9832
9902
9887
9919
9938
9892
9885
9937
9904
9962
9976
9947
9928
9902
9978
9839
9911
9968
9931
9907
9934
9974
9847
9955
9927
9969
9953
9980
9873
9905
9960
9852
9947
9881
9935
9922
9959
9974
9953
9894
9986
9911
9950
9925
9940
9926
9986
9952
9845
9830
9931
9901
9948
9884
9980
9802
10000
9941
9861
9813
9850
9952
9959
9936
9962
9905
9949
9930
9951
9893
9966
9906
9929
9914
9866
9905
9736
9865
9989
9824
9861
9960
9851
9961
9944
9971
9892
9913
9943
9943
9814
9973
9906
9866
9929
9987
9906
9947
9940
9882
9947
9960
9848
9973
9943
9905
9866
9891
9885
9911
9909
9927
9836
9893
9919
9959
9960
9910
9893
9879
9866
9971
9946
9838
