9933
9962
9905
9781
9846
9854
9968
9860
9795
9829
9998
9898
9961
9856
9875
9976
9898
9793
9936
9875
9968
9886
9922
9897
9839
9947
9897
9819
9908
9766
9627
9902
9898
9886
9776
9917
9943
9817
9891
9947
9936
9964
9969
9909
9747
9872
9888
9944
9912
9850
9990
9937
9931
9924
9864
9962
9898
9979
9948
9948
9861
9850
9894
9924
9943
9913
9909
9876
9903
9881
9957
9957
9873
9947
9907
9853
9917
9906
9880
9799
9864
9947
9820
9982
9815
9924
9928
9920
9959
9961
9888
9935
9911
9869
9961
9955
9958
9890
9936
9933
9791
9902
9904
9795
9985
9880
9952
9794
9826
9899
9821
9974
9796
9961
9855
9976
9858
9958
9902
9959
9898
9903
9858
9944
9902
9937
9816
9867
9946
9937
9983
9647
9792
9928
9888
9819
9819
9783
9951
9745
9881
9882
9920
9922
9829
9924
9883
9972
9880
9840
9925
9939
9974
9835
9885
9965
9926
9926
9900
9925
9889
9863
9887
9856
9926
9915
9983
9942
9817
9923
9935
9867
9898
9961
9868
9939
9846
9654
9956
9907
9913
9817
9902
9936
9927
9898
9953
9927
9937
9871
9860
9896
9768
9941
9892
9959
9940
9973
9844
9931
9837
9897
9909
9851
9921
9875
9877
9878
9933
9834
9844
9823
9903
9972
9891
9999
9968
9981
9959
9875
9964
9879
9974
9967
9880
9896
9950
9926
9855
9828
9925
9965
9886
9738
9892
9979
9949
9876
9869
9901
9918
9922
9764
9953
9939
9970
9919
9893
9833
9962
9982
9983
9981
9975
9956
9891
9900
9970
9911
9918
9967
9983
9869
9898
9904
9914
9862
9874
9820
9915
9807
9954
9862
9856
9929
9871
9922
9947
9954
9847
9883
9871
9886
9948
9911
9935
9995
9840
9890
9856
9929
9891
9801
9922
9902
9919
9965
9906
9890
9915
9872
9918
9834
9862
9859
9892
9875
9785
9893
9955
9845
9888
9910
9928
9844
9958
9919
9865
9938
9954
9879
9984
9925
9905
9787
9929
9953
9985
9875
9911
9837
9864
9799
9842
9915
9970
9934
9977
9872
9835
9847
9945
9880
9914
9991
9842
9767
9849
9967
9917
9955
9911
9803
9953
9934
9896
9871
9994
9931
9857
9911
9874
9929
9851
9848
9958
9866
9976
9765
9970
9876
9956
9858
10000
9955
9923
9900
9873
9793
9856
9980
9928
9938
9752
9931
9723
9917
9870
9888
9977
9858
9968
9817
9955
9957
9946
9928
9882
9917
9996
9856
9848
9856
9991
9907
9801
9888
9792
9908
9941
9845
9973
9833
9890
9905
9878
9860
9914
9828
9943
9867
9843
9981
9887
9838
9934
9845
9828
9864
9839
9957
9965
9909
9953
9948
9967
9848
9867
9847
9920
9916
9956
9979
9880
9916
9946
9912
9894
9972
9977
9949
9938
9748
9843
9943
10000
9962
9867
9977
9944
9908
9954
9836
9948
9882
9886
9899
9914
9987
9814
9916
9927
9881
9974
9943
9912
9960
9871
9815
9909
9898
9970
9919
9848
9955
9934
9939
9949
9980
9930
9925
9910
9824
9860
9807
9825
9943
9846
9946
9935
9858
9891
9966
9886
9847
9942
9890
9928
9939
9917
9819
9920
9906
9944
9962
9962
9880
9952
9902
9969
9863
9913
9892
9903
9799
9988
9901
9861
9910
9955
9730
9946
9855
9878
9895
9888
9951
9815
9928
9901
9912
9888
9932
9853
9935
9904
9897
9877
9912
9794
9964
9897
9877
9898
9930
9982
9928
9833
9908
9903
9847
9908
9902
9885
9992
9955
9741
9960
9927
9845
9939
9945
9986
9825
9920
9943
9860
9894
9978
9894
9840
9856
9927
9920
9930
9954
9899
9912
9994
9861
9923
9956
9964
9977
9900
9919
9903
9913
9902
9966
9862
9823
9863
9842
9862
9944
9914
9961
9962
9811
9935
9951
9940
9986
9828
9933
9963
9965
9830
9871
9915
9889
9938
9996
9960
9900
9883
9912
9928
9906
9833
9906
9958
9885
9919
9944
9947
9810
9947
9912
9978
9844
9912
9928
9922
9902
9932
9890
9867
9845
9915
9894
9966
9949
9887
9974
9914
9840
9881
9953
9925
9906
9998
9928
9868
9902
9886
9932
9905
9945
9936
9887
9967
9816
9890
9938
9823
9933
9894
9830
9944
9771
9924
9886
9845
9867
9978
9916
9931
9910
9862
9826
9914
9952
9949
9979
9884
9992
9883
9819
9904
9950
9942
9859
9901
9970
9885
9822
9875
9860
9938
9930
9908
9908
9926
9917
9931
9882
9887
9844
9864
9891
9796
9897
9879
9917
9956
9949
9895
9890
9947
9835
9886
9915
9862
9934
9912
9923
9998
9884
9818
9987
9883
9945
9962
9926
9903
9869
9879
9904
9937
9926
9914
9884
9920
9821
9841
9930
9883
9855
9937
9894
9877
9939
9985
9949
9977
9999
9854
9937
9967
9780
9773
9865
9922
9896
9903
9889
9874
9951
9920
9879
9957
9934
9915
9913
9787
9889
9885
9882
9946
9920
9960
9915
9876
9858
9973
9862
9981
9986
9963
9790
9882
9942
9947
9972
9923
9881
9990
9817
9843
9932
9876
9949
9855
9902
9885
9866
9908
9843
9909
9966
9969
9969
9969
9895
9907
9958
9928
9900
9945
9948
9999
9831
9780
9695
9912
9943
9834
9953
9871
9818
9847
9932
9908
9962
9814
9783
9971
9937
9950
9914
9957
9931
9981
9950
9997
9920
9856
9860
9797
9951
9853
9947
9879
9849
9886
9962
9951
9949
9932
9946
9919
9874
9895
9929
9999
9981
9855
9976
9967
9925
9910
9874
9920
9912
9871
9933
9951
9830
9941
9981
9913
9945
9784
9893
9959
9901
9878
9927
9989
9851
9921
9880
9913
9902
9898
9808
9909
9877
9943
9895
9793
9911
9912
9943
9938
9911
9938
9943
9837
9816
9853
9920
9862
9934
9863
9922
9966
9820
9895
9918
9982
9898
9947
9951
9967
9846
9968
9963
9945
9891
9796
9922
9930
9960
9867
9988
9838
10000
9939
9854
9975
9820
9859
9832
9912
9939
9906
9896
9958
9916
9896
9865
9910
9714
9975
9785
9947
9816
9892
9927
9935
9956
9929
9906
9974
9947
9983
9833
9860
9999
9931
9921
9943
9877
9977
9966
9950
9878
9862
9968
9904
9958
9938
9958
9893
9940
9917
9905
