9962
9949
9972
9924
9821
9859
10000
9899
9826
10000
9907
9994
9945
9851
9873
9794
9874
9953
9972
9892
9929
9974
9909
9920
9893
9967
9969
9931
9966
9913
9844
9843
9873
9897
9977
9870
9933
9947
9920
9696
9867
9958
9929
9954
9985
9899
9853
9961
10000
9959
9832
9932
9936
9805
9902
9952
9954
9967
9908
9971
9956
9952
9989
10000
9793
9884
9994
10000
9849
9998
9970
9939
9975
9878
9907
9964
9942
9756
9770
9943
9871
9937
9862
9971
9962
9918
9984
9851
9873
9907
9817
9944
9887
9941
9910
10000
9957
9907
9991
9911
9989
9847
9903
9887
9896
9926
9914
9906
9937
9893
9946
9956
10000
9900
9916
10000
9950
9948
9863
9966
9915
9897
9760
9938
9984
9943
10000
9885
9871
9880
9681
9974
9962
9973
9813
9811
9862
9904
9867
9979
9968
9863
9907
9887
9916
9968
9988
9953
9922
9976
9965
9972
9956
9780
9920
9912
9929
9891
9888
9871
10000
9794
9898
9914
9859
9925
9944
9828
9937
9942
9999
9741
10000
9943
9999
9885
9811
9844
9912
9916
9905
9854
10000
9884
9871
10000
9882
9777
9935
10000
9958
9962
9954
9911
9797
9845
9824
9827
9915
9873
9767
9938
9891
9893
9997
9901
9908
10000
9943
9861
9924
9912
9927
10000
9981
9914
9822
10000
9898
9881
9877
9976
9818
9990
9976
10000
9939
9911
9848
9942
9937
9887
9879
9896
9906
9950
9862
9780
9948
10000
9861
9848
9973
9860
10000
9949
9904
10000
9902
9730
9959
10000
9919
9985
9976
9905
9884
9998
9935
9883
9796
9856
9917
9827
9746
10000
9860
9924
9805
9994
9974
9877
9895
9908
9924
9939
9910
9958
9906
9892
9957
9936
9924
9866
9901
9901
9924
9861
9953
9927
9953
10000
9956
9948
9976
10000
9873
10000
9913
9980
9998
9911
9899
9772
9835
9910
9998
9930
10000
9993
9875
9879
9930
9895
9995
9999
9916
9923
10000
9966
9749
9825
9933
9807
9764
9737
9863
9971
9929
9930
9748
9839
10000
9865
9985
9965
10000
9972
9960
9948
9786
9938
9896
9814
9888
9887
9880
10000
9955
9838
10000
9913
9910
9875
9930
9875
9912
9867
9819
9997
9945
9978
9990
9957
9823
9773
9977
10000
9999
9985
9920
9755
9964
9893
9936
9852
9796
9756
9996
9894
9939
9902
9904
9816
9902
9953
10000
9967
9882
9944
9958
9952
9942
9971
9920
10000
9965
9876
9930
9907
9885
9894
9877
9907
10000
9961
9859
9897
9893
9883
9953
9961
9895
9923
9923
9981
10000
9912
9829
9878
9975
9962
9855
9990
9949
9925
9858
9868
9810
9923
9875
9951
9878
9865
9933
9902
9931
9913
9775
9912
9787
9923
9880
9984
9989
9873
9816
9794
9890
10000
9802
10000
9970
9924
9924
9939
10000
9715
9981
9924
9897
9999
9914
9899
9888
9957
9819
9881
10000
9909
9905
10000
10000
9845
9900
9844
9934
10000
9962
9909
9999
9908
9977
9826
9938
9944
9891
10000
9996
9839
9966
9924
9915
9934
9924
9981
9921
10000
9893
9927
9910
9822
9928
9933
9955
9876
9876
10000
9881
9991
9948
9955
9991
9969
9907
9933
9848
9935
9912
9991
10000
9980
9880
9890
9927
9782
9908
9936
9987
9897
10000
9956
9909
9919
10000
9825
9787
9930
9845
9762
9916
9900
9831
9961
10000
9830
9951
9841
9978
9878
9872
9928
9864
9906
9769
9901
9877
10000
9912
9914
9832
9978
9879
9992
9875
9923
9868
9888
9918
9889
9863
9776
9973
9926
9885
9896
10000
10000
9802
9855
10000
9930
9917
9974
9968
9904
9902
9996
9740
9904
9999
9753
9914
9901
9953
9956
9832
9834
9991
9909
9883
10000
9840
9931
9955
9922
9885
9885
9917
9933
9908
9943
9847
9860
9836
9912
9951
9946
9937
9947
9899
10000
9931
9918
9929
9946
9945
9851
9894
9876
9872
10000
9888
9975
10000
9791
9908
9971
9961
9816
9959
9782
9974
9965
9867
9882
9960
9913
9848
9909
9931
9924
9995
9921
9947
9970
9993
9957
9929
9935
10000
9923
9951
9918
9807
9922
9926
9871
9975
9867
9896
9905
9851
10000
9920
9948
9838
9923
9939
9940
9821
9799
9938
9901
10000
9840
9938
9940
9960
9964
9896
9876
9982
9976
9866
9960
9948
9967
9828
9899
9754
9959
9947
9945
9992
9957
9861
9929
9935
9891
9861
9947
9984
9987
9984
9992
9877
9883
9977
9943
9951
9980
9893
9898
9981
9909
9802
9918
9852
9864
9882
9999
9924
9976
9938
9963
9983
9859
9904
10000
9882
10000
9708
9795
9900
9895
9916
9885
10000
9963
9880
9998
9918
9938
9946
9895
9906
9918
9841
9956
10000
9949
9926
9956
9869
9826
9915
9892
10000
9741
10000
9962
9922
9892
9891
10000
9804
9775
9763
9979
10000
9929
9914
9881
9924
9971
9865
9825
9906
9946
10000
9912
9952
9828
9925
9960
9976
9967
9933
9976
10000
9948
9950
9917
9966
10000
9875
9928
9959
9825
9908
9870
9978
9789
9941
9780
9817
9992
9958
9816
9944
9933
9998
9984
10000
9901
9942
9898
10000
9925
9909
9961
9993
9944
9945
9918
9953
9833
9915
9811
9960
9920
9945
9974
9912
9835
9882
9911
9918
9918
9928
9897
9749
9940
9900
9875
9919
9919
9997
9909
9909
9966
9859
9918
9931
9985
9935
9884
9864
9907
9775
9946
9927
9884
9830
9975
9832
9901
10000
9891
9999
9781
9894
9916
9957
9950
9999
9995
9929
9999
9967
9914
9923
9955
10000
9812
10000
9933
9890
9901
10000
9949
9945
9834
9920
9945
9908
9855
9940
9936
9987
10000
9918
9961
9997
9907
9865
10000
9989
9856
9903
9879
9874
9945
9859
10000
9906
9791
9830
9881
10000
9892
9939
9975
9933
9949
9877
9860
9951
9881
10000
9993
9953
9951
9970
9934
10000
9919
10000
9918
9874
9890
9927
9916
9800
9909
9976
9989
9950
9901
9994
9793
9894
9696
10000
9997
9830
9976
9915
9936
9944
9860
9833
9912
9870
9934
9866
9914
9858
9840
10000
9996
9878
9930
9999
9985
9897
9914
10000
9989
9953
9862
9984
9860
9999
9977
9903
9861
9906
9842
