9855
9878
9892
9966
9886
9907
9881
9939
9928
9920
9950
9930
9902
9966
9889
9900
9889
9939
9977
9898
9892
9842
9984
9873
9933
9884
9962
9883
9902
9905
9916
9900
9890
9920
9895
9925
9817
9908
9897
9884
9766
9831
9744
9908
9970
9860
9817
9973
9943
9959
9966
9966
9978
9903
9983
9905
9822
9865
9702
9964
9941
9881
9980
9924
9933
9847
9767
10000
9923
9972
9872
9940
9891
9913
9926
9957
9922
9878
9847
9870
9820
9849
9929
9909
9941
9875
9924
9882
9763
9923
9949
9925
9937
9934
9886
9931
9923
9783
9933
9845
9899
9892
9964
9923
9926
9940
9909
9975
9908
9887
9833
9939
9915
9872
9916
9923
9873
9923
9916
9912
9680
9890
9873
9828
9942
9886
9959
9735
10000
9905
9896
9959
9973
9924
9961
9887
9899
9898
9953
9892
9883
9952
9889
9923
9986
9742
9923
9958
9928
9899
9835
9909
9971
9977
9841
9981
9913
9904
9923
9907
9875
9863
9905
9880
9919
9935
9910
9875
9972
9785
9918
9908
9883
9923
9884
9716
9814
9889
9961
9934
9884
9861
9909
9857
9911
9861
9935
9847
9939
9938
9898
9882
9910
9942
9878
9867
9890
9862
9824
9888
9873
9924
9790
9891
9916
9953
9826
9976
9933
9895
9963
9936
9850
9916
9882
9828
9921
9834
9911
9942
9980
9948
9945
9880
9925
9908
9853
9871
9977
9901
9783
9879
9886
9927
9978
9900
9854
9901
9980
9902
9860
9906
9911
9908
9909
9990
9863
9893
9964
9962
9994
9919
9747
9918
9909
9837
9920
9919
9929
9817
9825
9919
9801
9955
9946
9977
9939
9930
9700
9995
9947
9902
9953
9966
9816
9874
9898
9846
9866
9961
9907
9889
9946
9950
9948
9993
9952
9899
9916
9831
9938
9853
9928
9770
9965
9824
9959
9971
9942
9879
9853
9955
9846
9952
9993
9970
9877
9827
9947
9873
9932
9917
9926
9943
9824
9955
9789
9954
9978
9940
9727
9901
9996
9945
9852
9948
9954
9937
9900
9941
9838
9825
9952
9882
9902
9824
9940
9926
9992
9882
9972
9885
9892
9926
9943
9807
9868
9792
9881
9865
9842
9759
9841
9913
9916
9980
9943
9965
9835
9892
9869
9976
9900
9892
9911
9886
9931
9818
9887
9832
9900
9858
9986
9948
9932
9897
9950
9811
9926
9875
9801
9874
9777
9836
9933
9885
9948
9955
9949
9899
9816
9965
9847
9811
9935
9878
9994
9910
9865
9964
9868
9914
9989
9989
9942
9815
9883
9910
9863
9898
9812
9900
9941
9953
9886
9901
9933
9855
9861
9956
9862
9921
9857
9889
9957
9967
9996
9955
9952
9904
9907
9978
9945
9977
9940
9812
9827
9710
9922
9889
9944
9901
9963
9903
9887
9906
9882
9977
9824
9828
9968
9939
9958
9890
9941
9879
9966
9935
9917
9908
9820
9848
9950
9831
9973
9882
9925
9821
9953
9849
9879
9951
9870
9954
9842
9982
9979
9945
9862
9900
9985
9932
9956
9968
9956
9876
9921
9969
9873
9980
9827
9900
9930
9901
9948
9973
9957
9967
9930
9944
9939
9930
9855
9859
9928
9973
9837
9856
9928
9929
9874
9930
9946
9924
9892
9859
9961
9870
9897
9975
9936
9934
9880
9851
9876
9964
9837
9842
9947
9883
9942
9909
9921
9925
9907
9899
9945
9837
9927
9870
9853
9912
9838
9988
9864
9904
9807
9890
9887
9948
9944
9941
9877
9893
9959
9919
9809
9916
9867
9929
9963
9835
9821
9967
9851
9998
9894
9818
9881
9954
9935
10000
9919
9846
9779
9812
9885
9951
9751
9972
9933
9867
9907
9909
9893
9899
9935
9926
9928
9911
9826
9735
9929
9923
9780
9831
9908
9839
9864
9843
9934
9939
9996
9766
9924
9921
9987
9954
9941
9927
9962
9859
9987
9964
9944
9917
9866
9839
9962
9899
9940
9966
9886
9781
9979
9844
9932
9897
9921
9911
9899
9856
9897
9848
9894
9921
9954
9887
9857
9840
9853
9862
9883
9878
9867
9998
9770
9861
9904
9901
9990
9892
9884
9818
9834
9920
9914
9953
9892
9819
9877
9930
9941
9986
9869
9941
9868
9910
9908
9958
9992
9949
9918
9725
9825
9929
9950
9850
9915
9822
9955
9946
9988
9940
9859
9927
9939
9919
9965
9925
9909
9938
9904
9843
9997
9935
9883
9996
9906
9840
9891
9901
9940
9764
9962
9894
9973
9991
9930
9914
9882
9844
9944
9999
9932
9911
9943
9970
9914
9911
9894
9944
9736
9784
9877
9916
9975
9930
9907
9884
9905
9812
9947
9940
9740
9898
9916
9911
9881
9853
9947
9937
9966
9926
9962
9929
9951
9815
9947
9853
9929
9812
9927
9966
9986
9924
9935
9898
9889
9989
9703
9953
9902
9935
9865
9940
9905
9900
9955
9901
9885
9944
9875
9831
9963
10000
9917
9920
9876
9922
9849
9912
9993
9840
9824
9902
9777
9834
9887
10000
9887
9873
9881
9951
9947
9964
9920
9925
9995
9894
9899
9707
9980
9937
9898
9971
9916
9920
9954
9885
9812
9951
9907
9895
9942
9913
9965
9821
9866
9960
9918
9822
9938
9971
9964
9914
9977
9914
9812
9980
9821
9793
9923
9802
9879
9892
9804
9942
9914
9825
9940
9834
9956
9874
9820
9877
9954
9926
9876
9864
9824
9974
9888
9882
9991
9906
9977
9900
9903
9955
9941
9934
9892
9928
9942
9913
9888
9940
9903
9997
9933
9833
9957
9909
9830
9911
9949
9913
9890
9935
9940
9953
9858
9878
9978
9959
9968
9927
9935
9919
9919
9843
9780
9927
9956
9914
9899
9796
9936
9965
9902
9982
9935
9985
9836
9946
9826
9898
9950
9902
9895
9884
9899
9967
9910
9934
9727
9918
9966
9847
9976
9871
9977
9882
9929
9904
9877
9941
9860
9907
9912
9876
9950
9933
9915
9944
9985
9895
9944
9868
9949
9887
9986
9889
9865
9871
9932
9940
9900
9963
9875
9953
9953
9921
9908
9950
9936
9889
9945
9865
9889
9940
9849
9899
9902
9883
9808
9880
9753
9966
9869
9953
9939
9835
9942
9926
9798
9932
9905
9831
9896
9945
9921
9834
9889
9948
9850
9773
9900
9947
9990
9762
9938
9922
9895
9920
9971
9929
9896
9924
