9993
9945
9892
9885
9960
9713
9946
9955
9821
9930
9957
9787
9986
9833
9928
9961
9835
9860
9993
9999
9889
9893
9981
9908
9969
9868
9941
9892
9968
9740
9873
9991
9721
9947
9940
9859
9923
9958
9930
9898
9936
9918
9894
9919
9872
9914
9980
9962
9918
9932
9796
9869
9942
9956
9917
9875
9890
9959
9945
9806
9834
9926
9859
9972
9926
9940
9899
9914
9920
9996
9897
9823
9891
9958
9950
9838
9941
9898
9917
9915
9766
9943
9958
9954
9968
9788
9827
9993
9943
9917
9845
9888
9897
9920
9987
9941
9937
9847
9919
9999
9928
9708
9945
9975
9837
9879
9953
9953
9852
9991
9919
9982
9868
9955
9883
9843
9997
9942
9899
9971
9967
9960
9841
9893
9872
9946
9888
9941
9918
9888
9914
9922
9943
9977
9893
9963
9956
9959
9943
9951
9841
9903
9858
9973
9857
9716
9946
9985
9905
9831
9983
9892
9954
9885
9754
9972
9815
9805
9980
9846
9862
9880
9963
9922
9921
9972
9942
9827
9980
9859
9929
9949
9896
9916
9813
9959
9954
9917
9862
9951
9996
9852
9972
9929
9952
9936
9810
9946
9956
9900
9883
9989
9930
9831
9852
9892
9980
9884
9956
9793
9918
9947
9874
9886
9964
9836
9874
9862
9857
9828
9849
9866
9957
9889
9784
9862
9772
9767
9985
9934
9818
9996
9956
9809
9890
9930
9938
9914
9897
9974
9820
9955
9950
9973
9951
9874
9792
9839
9823
9953
9947
9985
9936
9983
9864
9957
9847
9875
9846
9944
9925
9897
9924
9941
9937
9967
9913
9952
9990
9955
9944
9914
9910
9822
9957
9922
9833
9784
9877
9953
9882
9909
9933
9776
9857
9951
9865
9867
9960
9993
9873
9889
9900
9925
9933
9888
9823
9966
9897
9962
9846
9888
9899
9974
9915
9895
9836
9835
9803
9779
9716
9935
9894
9943
9870
9893
9967
9947
9949
9871
9898
9867
9957
9820
9921
9888
9877
9956
9963
9947
9961
9827
9902
9886
9907
9897
9961
9901
9826
9998
9883
9911
9904
9967
9815
9975
9931
9842
9909
9991
9980
9901
9974
9935
9813
9944
9925
9902
9782
9862
9963
9934
9995
9888
9950
9986
9915
9855
9920
9960
9942
9975
9936
9925
9926
9924
9829
9942
9920
9887
9903
9956
9918
9897
9936
9846
9894
9858
9914
9760
9853
9835
9946
9955
9918
9880
9908
9816
9866
9873
9899
9950
9787
9922
9898
9925
9894
9945
9919
9839
9903
9932
9859
9785
9903
9869
9911
9865
9940
9929
9802
9840
9891
9947
9888
9935
9902
9903
9892
9950
9957
9982
9972
9989
9956
9881
9969
9843
9954
9910
9949
9928
9954
9869
9862
9856
9920
9970
9959
9889
9888
9856
9897
9884
9913
9932
9981
9910
9908
9894
9862
9772
9931
9913
9920
9801
9857
9965
9825
9917
9871
9936
9874
9955
9910
9905
9846
9926
9865
9989
9926
9960
9978
9911
9868
9770
9966
9807
9986
9882
9881
9898
9836
9805
9901
9796
9888
9899
9972
9963
9998
9799
9895
9882
9921
9899
9894
9891
9794
9883
9911
9935
9934
9958
9846
9896
9962
9919
9909
9979
9921
9965
9883
9859
9922
9903
9799
9967
9815
9960
9851
9928
9976
9925
9824
9957
9903
9940
9922
9873
9947
9958
9963
9956
9874
9863
9864
9696
9968
9974
9791
9935
9905
9806
9872
9835
9848
9937
9910
9893
9974
9976
9833
9950
9978
9934
9901
9997
9876
9815
9980
9895
9886
9929
9842
9884
9821
9906
9913
9860
9966
9970
9779
9916
9969
9821
9934
9909
9859
9944
9871
9937
9920
9877
9772
9931
9931
9881
9959
9890
9938
9943
9893
9997
9943
9923
9893
9788
9992
9836
9936
9932
9999
9929
9963
9887
9922
9828
9868
9929
9853
9967
9820
9862
9936
9893
9928
9926
9875
9834
9857
9907
9868
9953
9812
9909
9944
9865
9964
9803
9997
9846
9959
9947
9817
9862
9746
9990
9859
9910
9973
9963
9882
9813
9843
9998
9824
9914
9969
9913
9913
9775
9957
9948
9920
9906
9897
9831
9882
9951
9939
9810
9862
9902
9974
9824
9939
9917
9931
9755
9789
9898
9834
9861
9943
9945
9908
9898
9907
9909
9878
9993
9999
9845
9936
9847
9982
9913
9848
9908
9970
9905
9866
9923
9905
9998
9684
9949
9854
9863
9826
9921
9993
9946
9817
9820
9842
9934
9967
9962
9963
9831
9976
9858
9959
9874
9880
9932
9946
9873
9893
9912
9957
9884
9949
9912
9552
9901
9843
9847
9991
9968
9837
9869
9839
9948
9889
9975
9924
9915
9843
9978
9721
9922
9920
9930
9955
9917
9982
9926
9882
9821
9969
9864
9893
9960
9760
9883
9978
9749
9942
9856
9744
9894
9902
9893
9951
9855
9851
9920
9893
9893
9964
9749
9824
9841
9979
9952
9971
9980
9842
9837
9879
9995
9989
9922
9944
9940
9853
9871
9992
9892
9902
9875
9959
9931
9984
9935
9747
9918
9820
9939
9908
9893
9835
9836
9915
9920
9883
9863
9981
9952
9927
9948
9872
9863
9933
9836
9822
9873
9905
9959
9848
9892
9902
9945
9890
9942
9904
9941
9915
9926
9940
9809
9898
9894
9925
9938
9916
9897
9930
9862
9978
9806
9756
9869
9978
9934
9866
9869
9890
9925
9820
9902
9919
9885
9944
9973
9909
9935
9983
9924
9743
9812
9844
9892
9919
9907
9942
9848
9880
10000
9867
9915
9897
9883
9860
9933
9938
9953
9923
9939
9930
9851
9965
9881
9917
9925
9902
9913
9821
9938
9951
9949
9908
9859
9934
9930
9882
9854
9952
9948
9914
9968
9791
9982
9985
9957
9876
9855
9920
9911
9871
9910
9937
9833
9867
9907
9976
9821
9860
9954
9953
9911
9939
9770
9900
9892
9850
9918
9771
9968
9941
9942
9893
9909
9963
9901
9972
9930
9911
9958
9766
9985
9810
9827
9905
9940
9973
9837
9812
9953
9898
9782
9762
9797
9923
9927
9900
9868
9931
9958
9947
9827
9839
9898
9921
9816
9817
9819
9840
9948
9926
9974
9943
9938
9775
9820
9952
9896
9817
9708
9864
9871
9897
9913
9865
9871
9907
9902
9878
9899
9949
9715
9855
9706
9934
9987
9977
9779
