9942
9911
9828
9995
9999
9916
9915
9941
9992
9911
9999
9936
9977
9843
10000
9991
9923
9965
10000
9984
9955
9932
9891
9994
9958
9998
10000
10000
9977
10000
9935
9942
9986
9914
9898
9917
9949
9963
9901
10000
9943
9937
9936
9961
9875
9958
9887
9996
9943
9961
9978
9918
9897
9996
9879
9993
9976
9981
9977
9881
9998
9930
9978
9968
9905
10000
9979
9977
9974
9954
9958
9871
9957
9955
9954
9937
9968
9998
9873
9969
9972
10000
9871
10000
9900
9919
9894
9967
10000
10000
9982
9958
9999
9847
9999
9958
10000
9866
10000
10000
9942
10000
9993
9929
9926
9941
9970
9993
9960
9913
10000
9977
9977
9999
9960
9991
9938
9948
9979
9957
9992
9966
9951
9936
9994
9970
9975
9939
9989
10000
9936
9996
9977
9929
9961
9970
9838
9866
9853
9997
10000
9950
9994
10000
9844
9889
9910
9822
9965
9953
9883
9999
9893
9971
10000
9999
9988
9785
9916
10000
9998
9956
9966
9982
9961
9934
9990
9979
9961
9966
9927
9983
9992
9852
9912
9973
9904
9999
9932
9999
9997
9966
10000
9972
9985
9934
9955
9955
10000
9992
9809
9924
9989
9899
9882
10000
9895
9924
9906
9938
9865
9957
9927
9998
9921
9844
9960
9900
9856
9834
9928
9971
9934
9940
10000
10000
9978
9997
9889
9929
9985
9843
9947
9964
10000
9975
9979
9950
9975
10000
9967
9995
9974
9900
9785
10000
9910
9984
9834
9935
9862
9952
9952
9870
9860
9893
10000
9879
9926
9887
9978
9877
9992
9918
9962
9985
9978
9912
9886
9915
9951
10000
9933
10000
9989
9989
9982
9977
9900
10000
10000
10000
10000
9966
9905
10000
9996
9957
9935
9984
9987
9951
9928
9983
9997
9930
9944
9970
9913
9960
9870
9953
9994
9938
9903
9832
9984
9956
10000
9976
9963
10000
9898
9882
9932
9784
9902
9866
9983
9872
10000
9815
9880
9947
9954
9981
9997
9883
9961
9841
9996
9943
9949
9999
9963
9974
9899
9988
9967
9900
9982
9909
9888
9965
9950
9828
10000
10000
9951
9966
9986
9966
10000
9824
9941
10000
9973
9946
9982
9969
9966
9946
9854
9927
9971
10000
10000
9834
9996
9998
9853
9966
9862
9995
10000
9985
9976
9950
9987
9917
9952
9877
9947
9998
9856
9966
9987
9999
9922
9929
9908
9871
9900
9958
9949
9986
10000
9976
9957
9923
9932
9933
9941
9905
9898
9936
9970
9932
9924
9999
10000
10000
9881
10000
9850
9995
9986
10000
9871
9956
9857
9977
9888
9953
9931
9957
9953
9992
9887
10000
9896
9878
9915
9895
10000
9905
9903
9997
9989
9963
9997
9950
9956
10000
9907
9950
10000
9883
9980
10000
9854
9824
9895
9910
9965
9983
10000
10000
9856
9978
9945
9880
9887
9988
9900
9872
9897
9983
10000
9989
9991
9977
10000
10000
9909
10000
10000
9983
9989
9979
9954
10000
9990
9935
9855
9994
9990
10000
9990
9967
9998
9995
9979
10000
9880
9931
9818
10000
9994
10000
10000
9905
9810
9999
9987
9979
9955
9922
9918
9975
9961
9870
10000
9937
9997
9962
9986
9842
9874
9903
9996
9983
9999
9865
9985
9959
9994
9920
9924
10000
9940
9925
9981
9935
9928
9975
9954
9971
9923
9852
9967
9987
9965
9825
10000
9892
9870
9935
9953
9911
9972
9904
9988
9962
9988
9968
9991
9977
9909
9946
9851
9899
9966
10000
9907
10000
9994
9938
9978
9831
9918
10000
9974
10000
9995
9970
10000
9986
9985
9912
9918
9852
10000
9997
9985
9946
9940
10000
9807
9922
9988
9960
10000
10000
9977
9891
9918
9985
9992
9945
10000
9999
9849
9960
9985
9897
9893
9929
9979
9859
9959
9940
9974
9936
9945
10000
9925
9953
9825
9957
9998
9997
9917
9944
10000
9968
9938
9958
9992
9930
9992
9917
9983
9959
9921
9969
10000
9947
10000
9957
9999
9944
9960
9956
9987
9856
10000
10000
9990
9998
9925
9854
9996
9907
9983
9965
9964
9906
10000
9952
9935
9942
9991
9998
9959
9932
9937
9939
9951
9869
9973
9999
10000
9898
9994
9899
9907
9987
9985
10000
9999
10000
9971
9960
9999
9956
10000
9961
9995
9991
9945
9909
9979
9935
9969
9973
9993
9885
9999
9945
9975
10000
10000
10000
10000
9918
10000
9927
9981
10000
9929
9944
9917
9935
10000
9999
9785
9943
9906
9948
9926
10000
9970
9860
9843
9948
10000
9968
9998
9951
9998
9994
9979
9986
9918
9895
10000
9975
9900
9974
10000
9925
9936
9895
9933
9977
9985
10000
9847
9999
9993
9997
9845
9983
9994
9999
9989
10000
9962
9951
9934
9996
9929
10000
10000
9984
10000
9998
9937
9918
10000
10000
9864
9971
9914
9994
9861
9999
9988
9883
9874
9981
9915
9940
9976
9973
9999
9971
9959
9995
9928
9993
9975
9981
9986
9979
9943
9994
9971
9935
10000
9879
9941
9992
9954
9983
9896
9990
9962
9773
9939
9922
9938
10000
9999
9965
9992
9929
9861
9987
9999
9963
9900
9959
9886
9950
9857
9962
9954
9932
9988
9996
9925
9969
9946
9911
9960
9854
10000
9930
10000
9939
9922
9926
9906
9902
9796
9977
9996
10000
9982
9970
9975
9951
9995
9953
9932
10000
9943
9760
9928
9750
9999
9970
9958
9931
9916
10000
9942
9941
9942
9976
9907
9907
9970
9838
9981
10000
10000
9918
9926
9961
10000
9996
9968
9969
10000
9968
9973
10000
10000
9854
9997
9952
9982
9994
9912
9942
9909
9995
9980
9978
9922
9950
9987
9996
9993
9984
9996
9925
9972
9948
9984
9998
9995
10000
9989
9919
9969
9979
9957
9967
9937
9881
9916
10000
9997
9993
9962
9930
10000
9855
10000
9890
9961
9788
9887
9999
9907
9996
9925
9974
9972
9992
9964
9991
10000
9965
9926
9915
9978
9948
9902
9966
9844
9869
9972
10000
9892
9827
9948
9973
9982
9909
10000
10000
9996
9984
9957
9907
9878
9993
9957
9905
9925
9975
9883
9929
9896
9899
9971
10000
9884
10000
9924
9997
9975
9948
9870
9906
9928
9989
9897
10000
9941
9912
9999
9966
9849
9997
10000
10000
9913
9988
10000
9922
9996
9937
10000
10000
