9623
9902
9938
9885
9877
9879
9948
9935
9830
9901
9790
9929
9845
9967
9782
9896
9864
9938
9949
9830
9768
9877
9915
9845
10000
9767
9932
9912
9556
9936
9812
9969
9953
9834
9687
9729
9908
9939
9968
9946
9919
10000
9902
9948
9921
9593
9891
9817
9675
9951
9828
9997
9943
9908
9901
9926
9987
9960
9814
9757
9832
9939
9869
9821
9964
9742
9890
9865
9965
9733
9821
9974
9994
9903
9641
9945
9857
9961
9701
9843
9913
9907
9961
9921
9789
10000
9854
9701
9882
9750
9972
9702
9894
9936
9940
9703
9766
9670
9898
9922
9957
9885
10000
9851
9923
9843
9884
9853
9890
9841
9889
9888
9921
9762
9894
9981
9828
9715
9551
9944
9884
9947
9852
9818
9837
9820
9932
9883
9929
9497
10000
9914
9880
9849
9877
9991
9753
9934
9607
9702
9910
9901
9919
9799
9945
9860
9862
9891
9918
9957
9933
9897
9669
9863
9856
9892
9892
9804
9805
9733
9922
9901
9947
9909
9904
9854
9749
9801
9858
9720
9971
9948
9949
9889
9789
9933
10000
9919
9963
9950
9902
9856
9709
9724
9838
9941
9715
9850
9900
9873
9907
9817
9815
9789
9731
9865
9896
9891
9782
9507
9812
10000
9732
9809
9893
10000
10000
9882
9922
9851
9856
9905
10000
9782
9983
9926
9762
9877
9963
9802
9744
9795
9786
9687
9928
9784
9881
9907
9926
9948
9968
9747
9873
9891
9821
9885
9815
9902
9749
9950
9990
10000
9856
9819
9957
9850
9902
9637
9851
9901
9780
9978
9800
9879
9928
10000
9975
9733
10000
10000
9939
9819
9784
9786
9942
9831
9775
9832
9885
9873
9574
9927
9683
9940
9907
9918
9923
9883
9969
9931
9828
9881
9635
9974
9371
9865
9747
9820
9860
9946
9758
10000
9939
9805
9862
9873
9835
9941
9594
9685
9894
9571
9893
9857
9802
9887
9863
9921
9878
9840
9453
9837
9814
9873
9874
9906
9938
9889
9942
9670
9894
9754
9994
9748
9894
9761
9955
9925
9819
9767
9950
9871
9919
9915
9854
9530
9913
9870
9844
9577
9926
9954
9857
9927
9940
9896
9910
9981
9638
9810
9344
9988
9784
9953
10000
9878
10000
9858
9906
10000
9928
9673
9879
9889
9685
9803
9823
9830
10000
9905
9990
9849
9911
9983
9694
9899
9811
9559
9838
9790
9795
9913
9772
9919
10000
9823
9920
9523
9890
9867
9819
9832
9835
9886
9737
9828
9903
9888
9838
10000
9830
9810
9811
9945
9905
9778
9950
9949
9824
9821
9868
9956
9990
9862
9435
9815
9902
9987
9543
9888
9848
9747
9845
9786
9957
9948
9807
9891
9903
9978
9908
9966
9982
9865
9934
9789
9868
9852
9959
9899
9972
9924
9917
9841
9960
9921
9909
9592
9917
10000
9946
9921
9916
9885
9564
9558
9960
9972
9758
10000
10000
9906
9992
10000
9913
9851
9885
9886
9956
9960
9709
9903
9698
9528
9893
9432
9598
9903
9942
9906
9564
9890
9922
10000
9640
9970
9917
9932
9703
9833
9799
9911
9911
9882
9884
9849
9885
9912
9903
9949
9974
9963
9921
9963
9959
9780
9872
9981
9850
9798
9828
9748
9938
9861
9923
9935
9908
10000
9904
9905
9874
9522
9856
9911
9944
9908
9818
9837
9860
9634
9996
9913
9817
9847
9917
9890
9920
9948
9859
9844
9720
9925
9892
10000
9905
9761
10000
9840
9921
9910
10000
9890
9878
9912
9874
9921
9742
9962
9655
9829
9956
9752
10000
9891
9903
9937
9890
9998
9713
9784
9708
9852
9933
9950
9905
9713
9832
9842
9906
9415
9825
9804
9916
9932
9842
9761
9744
9873
9732
10000
9958
9880
9763
9927
9755
9810
9769
9976
9979
9828
9769
9968
9721
9956
9892
9874
9802
9919
9820
9964
9941
9838
9872
9863
9939
9830
9948
9914
9807
9882
9810
9878
9939
9944
9789
9608
9911
9853
9955
9922
9867
9910
9930
9901
9859
9668
9880
9875
9965
9939
9658
9951
9631
9877
9718
9791
10000
9856
9897
9906
9978
10000
9909
9844
9738
9799
10000
9946
9808
9992
9815
9946
9890
9892
9921
9892
9918
9670
9852
9813
9719
9901
9622
9832
9538
9889
9870
9823
9929
9894
9650
9779
9814
9837
9881
9940
9799
9969
9735
9850
9813
9913
9750
9933
9801
9916
10000
9928
9773
9750
9590
9904
9852
9875
9896
9902
9758
9862
9885
9924
9869
9480
9604
9919
9498
9853
9959
9931
9769
9754
9811
9692
9917
9972
9601
9977
9883
9946
9967
9992
9553
9915
9503
9943
9922
9951
9961
9977
9871
9971
9904
9830
9880
9961
9846
9851
9972
9934
9793
9895
9962
9832
9828
9732
9617
9922
9777
9921
9844
9873
9808
9596
9686
9972
9957
9987
9909
9702
9860
9888
9942
9871
9871
9824
9900
9872
9963
9754
9821
9728
9941
9974
9671
9744
9826
9800
9773
9778
9850
9883
9976
9891
9805
9870
9936
9903
9808
9806
9810
9936
9926
9980
9928
9918
9921
9841
9910
9915
9858
9944
9808
9888
9909
9830
9842
9924
9987
9519
9794
9918
9840
9934
9961
9972
9937
9863
9894
9957
10000
10000
9819
9849
9828
9839
9792
9869
9717
9917
9680
9807
9847
9844
9732
9990
9941
9866
9978
9975
9772
9832
9816
9851
9678
9806
9989
9861
9889
9944
9940
9970
9911
9686
10000
9907
9944
9814
9784
9637
9500
9755
10000
9684
9859
9997
9761
9955
9858
9889
9948
9895
9804
9937
9815
9350
9741
9850
9834
9856
9627
9964
9917
9905
9859
9824
9890
9840
9864
9835
9936
9935
9956
9562
9788
9810
10000
9810
9814
9886
9927
9833
9860
9740
9928
9992
9865
9586
9885
9947
9925
9960
9816
9840
9945
9844
9853
9898
9937
9831
9949
9913
9863
9869
9949
9853
9838
9995
9753
9937
9919
9981
9920
9846
10000
9817
9846
9752
9915
9963
9935
9771
9879
9964
9791
10000
9990
9625
9833
9857
9945
9924
9898
9875
9872
9724
9898
9863
9990
9923
9986
9816
9785
9814
9810
9618
9897
9899
9993
9709
9831
9769
9347
9936
9774
9888
9778
9826
9930
9768
9919
9702
9901
9884
9864
9945
9986
9919
9892
9817
9772
9919
