9941
9911
9829
9905
9846
9916
9859
9936
9960
9914
9858
9978
9882
9941
9896
9818
9884
9967
9895
9865
9809
9896
9903
9857
9613
9850
9888
9889
9939
9913
9887
9956
9877
9818
9954
9922
9903
9880
9846
9861
9855
9842
9913
9889
9851
9876
9854
9969
9936
9936
9912
9868
9897
9876
9914
9945
9940
9931
9943
9916
9908
9893
9943
9874
9876
9857
9965
9844
9961
9889
9905
9880
9966
9905
9942
9881
9799
9887
9955
9920
9947
9828
9907
9851
9950
9930
9803
9912
9800
9912
9889
9952
9871
9955
9886
9958
9920
9928
9836
9878
9952
9873
9910
9924
9775
9890
9852
9972
9982
9903
9944
9814
9905
9866
9997
9912
9940
9929
9951
9928
9902
9900
9962
9894
9879
9840
9837
9896
9921
9936
9861
9881
9920
9949
9868
9930
9917
9880
9887
9911
9951
9917
9943
9676
9905
9882
9941
9996
9917
9881
9903
9940
9865
9923
9904
9946
9928
9905
9784
9923
9879
9744
9923
9903
9920
9926
9933
9892
9830
9959
9947
9863
9876
9915
9837
9929
9857
9949
9948
9882
9803
9876
9947
9979
9913
9907
9865
9964
9902
9976
9867
9956
9930
9875
9963
9920
9970
9883
9839
9803
9922
9932
9860
9883
9951
9998
9915
9852
9918
9950
9852
9908
9885
9856
9865
9920
9965
9849
9958
9831
9928
9910
9936
9855
9905
9824
9939
9871
9934
9919
9937
9883
9861
9848
9923
9907
9934
9999
9900
9960
9819
9976
9933
9867
9952
9928
9926
9949
9973
9888
9746
9887
9859
9894
9910
9950
9849
9859
9945
9939
9830
9921
9936
9925
9944
9887
9895
9898
9897
9889
9897
9953
9921
9849
9940
9907
9859
9941
9920
9891
9888
9951
9865
9807
9901
9761
9954
9856
9917
9919
9764
9881
9671
9839
9924
9935
9937
9940
9927
9863
9889
9881
9920
9892
9925
9956
9923
9975
9690
9946
9831
9848
9899
9845
9995
9943
9968
9883
9767
9930
9926
9892
9939
9905
9909
9928
9812
9934
9931
9929
9926
9865
9943
9848
9988
9944
9812
9942
9929
9939
9855
9905
9963
9879
9921
9919
9932
9833
9934
9881
9934
9975
9844
9931
9822
9945
9977
9956
9930
9731
9750
9902
9709
9966
9900
9974
9781
9908
9957
9915
9960
9857
9894
9950
9935
9883
9881
9908
9930
9917
9962
9855
9885
9926
9870
9788
9923
9914
9782
9929
9881
9805
9961
9919
9937
9945
9780
9852
9881
9924
9882
9902
9952
9865
9913
9837
9951
9941
9882
9891
9861
9904
9888
9903
9961
9854
9957
9863
9892
9991
9916
9787
9925
9906
9859
9890
9900
9949
9962
9962
9817
9886
9920
9933
9864
9992
9893
9872
9923
9831
9888
9882
9880
9901
9796
9925
9827
9914
9983
9926
9860
9850
9900
9958
9833
9852
9956
9925
9870
9978
9889
9935
9904
9851
9922
9943
9968
9981
9835
9778
9879
9808
9906
9797
9930
9910
9926
9972
9903
9843
9997
9967
9960
9906
9859
9919
9929
9870
9961
9951
9887
9932
9930
9889
9955
9919
9889
9926
9804
9954
9918
9830
9923
9960
9986
9910
9875
9974
9923
9894
9869
9851
9890
9934
9835
9895
9882
9895
9973
9904
9908
9937
9923
9894
9963
9987
9932
9880
9856
9967
9844
9991
9963
9843
9879
9792
9928
9735
9934
9875
9967
9999
9944
9879
9950
9891
9889
9869
9901
9956
9716
9899
9863
10000
9920
9925
9805
9936
9938
9863
9915
9972
9962
9906
9927
9875
9963
9763
9817
9917
9924
9951
9872
9916
9961
9919
9933
9975
9863
9830
9944
9906
9860
9942
9915
9798
9953
9967
9931
9952
9836
9887
9882
9924
9932
9953
9957
9843
9984
9971
9917
9984
9787
9944
9977
9873
9876
9906
9899
9883
9996
9906
9936
9881
9791
9983
9879
9791
9855
9884
9962
9865
9790
9952
9837
9853
9819
9943
9995
9943
9928
9893
9881
9792
9976
9906
9903
9909
9947
9798
9861
9872
9920
9892
9996
9942
9974
9961
9954
9740
9870
9818
9984
9857
9913
9891
9835
9960
9942
9734
9928
9971
9815
9946
9879
9860
9976
9906
9749
9939
9918
9919
9981
9820
9917
9910
9884
9905
9870
9955
9827
9954
9870
9704
9995
9780
9912
9891
9893
9959
9896
9920
9878
9928
9894
9935
9909
9905
9840
9931
9690
9906
9983
9939
9815
9920
9975
9931
9992
9852
9805
9946
9897
9863
9930
9932
9863
9829
9884
9952
9900
9941
9812
9944
9954
9796
9878
9899
9972
9907
9878
9955
9943
9931
9918
9844
9949
9871
9942
9850
9853
9916
9897
9925
9876
9798
9932
9892
9971
9878
9931
9930
9910
9908
9949
9938
9921
9916
9968
9955
9818
9763
9888
9900
9901
9978
9924
9926
9988
9954
9978
9949
9950
9965
9916
9946
9957
9887
9859
9780
9953
9908
9925
9953
9893
9865
9969
9918
9862
9864
9894
9987
9952
9732
9885
9907
9844
9878
9854
9990
9908
9946
9908
9949
9900
9983
9925
9991
9883
9854
9999
9939
9941
9939
9951
9865
9844
9999
9929
9976
9982
9928
9895
9902
9838
9721
9929
9954
9833
9973
9972
9944
9881
9987
9982
9964
9917
9993
9983
9865
9935
9927
9964
9949
9941
9983
9900
9833
9960
9861
9997
9832
9962
9961
9889
9969
9884
9925
9906
9890
9862
9790
9948
9952
9962
9928
9866
9899
9962
9924
9889
9970
9935
9890
9939
9817
9916
9924
9909
9953
9861
9938
9906
9902
9851
9889
9937
9918
9887
9872
9850
9933
9943
9894
9942
9845
9951
9988
9940
9917
9879
9928
9907
9851
9967
9852
9901
9832
9968
9928
9951
9956
9940
9818
9857
9959
9841
9870
9938
9860
9934
9900
9950
9896
9918
9957
9884
9939
9917
9882
9939
9934
9963
9764
9810
9868
9942
9906
9935
9902
9895
9951
9962
9960
9923
9776
9951
9796
9838
9871
9943
9941
9916
9937
9868
9821
9896
9859
9846
9912
9919
9946
9991
9952
9979
9972
9943
9778
9940
9971
9937
9938
9946
9949
9854
9930
9974
9996
9881
9907
9850
9935
9926
9837
9867
9855
9969
9927
9915
9860
9889
9936
9891
9939
9785
9947
9908
9905
9855
9893
