9897
9972
9888
9913
9919
9819
9881
9901
9907
9956
9815
9817
9999
9871
9964
9910
9884
9888
9865
9895
9909
9939
9958
9804
9920
9958
9848
9901
9884
9978
9993
9855
9914
9990
9919
9848
9998
9908
9942
9931
9950
9999
9914
9952
9938
9926
9907
9974
9906
9969
9898
9910
9958
9952
9940
9898
9907
9971
9964
9911
9886
9821
9907
9912
9923
9915
9954
9944
9954
9954
9934
9960
9996
9959
9832
9897
9870
9847
9937
9842
9800
9990
9910
9979
9905
9976
9864
9871
9855
9905
9934
9906
9911
9850
9837
9886
9882
9990
9927
9978
9882
9965
9936
9916
9953
9958
9873
9886
9917
9943
9801
9973
9920
9814
9955
9966
9901
9947
9915
9934
9937
9889
9972
9791
9912
9840
9940
9881
9980
9888
9891
9883
9929
9957
9827
9776
9824
9893
9863
9978
9911
9931
9791
9890
9918
9914
9969
9830
9933
9942
9902
9882
9972
9913
9939
9903
9850
9798
9941
9959
9947
9944
9909
9905
9906
9987
9977
9985
9961
9898
9923
9930
9912
9941
9896
9883
9851
9941
9913
9806
9888
9908
9942
9967
9909
9985
9811
9873
9928
9886
9839
9952
9909
9931
10000
9878
9970
9853
9964
9925
9917
9977
9998
9935
9917
9948
9926
9842
9897
9952
9896
9895
9886
9901
9827
9821
9937
9856
9901
9987
9877
10000
9945
9929
9990
9885
9938
9920
9917
9893
9883
9857
9974
9959
9885
9934
9960
9836
9873
9960
9922
9808
9832
9936
9927
9957
9844
9866
9926
9858
9810
9948
9806
9914
9893
9933
9843
9942
9894
9937
9978
9975
9890
9962
9948
9937
9947
9921
9981
9843
9935
9969
9889
9834
9954
9952
9944
9919
9930
9973
9919
9854
9879
9851
9874
9793
9864
9994
9784
9981
9931
9852
9931
9904
9880
9814
9965
9858
9853
9859
9962
9885
9918
9931
9963
9785
9899
9895
9932
9908
10000
9915
9943
9830
9821
9902
9937
9854
9984
9921
9894
9897
9922
9935
9893
9961
9963
9898
9699
9921
9921
9896
9958
9959
9902
9961
9869
9851
9833
9930
9900
9924
9900
9965
9947
9866
9960
9911
9954
9920
9916
9933
9930
9815
9853
9890
9922
9951
9946
9737
9917
9744
9909
9925
9946
9922
9986
9963
9951
9879
9921
9862
9879
9830
9830
9839
9876
9908
9956
9993
9811
9931
9909
9902
9954
9896
9844
9931
9846
9862
9805
9914
9925
9924
9901
9890
9886
9916
9944
9903
9835
9952
10000
9901
9863
9821
9859
9934
9839
9877
9865
9917
9894
9834
9945
9973
9845
9848
9962
9882
9821
9807
9976
9851
9895
9782
9877
9921
9987
9878
9896
9906
9946
9767
9988
9873
9944
9906
9759
9870
9964
9952
9898
9861
9939
9902
9943
9938
9922
9904
9936
9932
9963
9880
9950
9921
9907
9927
9906
9902
9990
9953
9815
9934
9863
9931
9897
9976
9951
9947
9969
9757
9832
9876
9948
9862
9885
9814
9828
9879
9887
9897
9962
9858
9949
9894
9955
9848
9980
9926
9979
9924
9972
9943
9947
10000
9927
9944
9957
9785
9969
9956
9854
9810
9903
9840
9762
9893
9923
9801
9950
9864
9934
9988
9952
9928
9825
9858
9907
9927
9763
9872
9908
9965
9985
9916
9978
9835
9895
9888
9966
9942
9970
9915
9935
9959
9852
9990
9954
9905
9984
9860
9903
9941
9978
9905
9894
9833
9887
9895
9892
9886
9856
9872
9944
9879
9934
9808
9780
9987
9928
9919
9998
9665
9930
9966
9919
9811
9912
9953
9966
9917
9910
9948
9890
9755
9894
9984
9910
9959
9918
9948
9942
9898
9942
9952
9919
9923
9914
9899
9902
9874
9960
9850
9886
9829
9989
9943
9914
9710
9898
9904
9870
9998
9896
9915
9888
9824
9918
9755
9934
9857
9835
9942
9883
9836
9919
9884
9976
9994
9880
9891
9893
9936
9919
9900
9839
9795
9886
9973
9947
9962
9960
9859
9958
9850
9909
9900
9927
9813
9919
9920
9793
9898
9982
9900
9855
9785
9986
9919
9934
9948
9900
9890
9860
9935
9866
9775
9952
9837
9870
9862
9843
9902
9977
9920
9946
9827
9938
9842
9946
9941
9912
9860
9698
9945
9960
9922
9844
9924
9807
9918
9994
9870
9923
9908
9959
9943
9863
9974
9955
9953
9897
9939
9908
9937
9924
9930
9816
9830
9918
9965
9989
9863
9977
9887
9915
9926
9899
9993
9973
10000
9947
9960
9964
9862
9792
9953
9900
9928
9901
9894
9961
9841
9863
9892
9917
9905
9916
9929
9879
9911
9756
9792
9814
9928
9919
9918
9914
9939
9916
9838
9940
9989
9916
9879
9931
9959
9894
9945
9954
9711
9789
9922
9904
9882
9874
9869
9837
9965
9800
9840
9872
9739
9898
9941
9952
9947
9954
9905
9970
9880
9893
9871
9893
9814
9863
9881
9785
9871
9919
9976
9835
9777
9905
9924
9972
9985
9950
9853
9882
9901
9907
9876
9929
9896
9914
9900
9771
9900
9971
9778
9951
9918
9972
9769
9955
9928
9830
9893
9905
9888
9748
9810
9916
9901
9973
9957
9885
9772
9867
9943
9764
9842
9689
9943
9871
9934
9939
9896
9862
9956
9880
9972
9844
9940
9885
9928
9922
9825
9895
9862
9917
9888
9982
9908
9928
9863
9904
9914
9833
9927
9880
9997
9929
9909
9870
9843
9879
9938
9772
9897
9905
9932
9921
9908
9976
9881
9958
9784
9838
9959
9889
9950
9907
9898
9927
9972
9926
9988
9922
9934
9896
9820
9956
9928
9927
9852
9944
9909
9980
9881
9926
9886
9654
9837
9893
9911
9926
9952
9713
9851
9920
9972
9949
9856
9930
9843
9901
9906
9911
9964
9955
9856
9909
9882
9913
9845
9889
9934
9932
9856
9929
9895
9907
9877
9933
9810
9868
9923
9855
9844
9861
9971
9920
9939
9954
9848
9837
9820
9958
9924
9989
9874
9884
9903
9881
9905
9929
9878
9981
9798
9788
9935
9853
9952
9930
9804
9774
9971
9996
9772
9849
9862
9996
9934
9989
9897
9969
9962
9882
9940
9918
9936
9795
9866
9969
9781
9743
9927
10000
9827
9920
9901
9965
9921
9685
9975
9842
9978
9837
9995
9936
9773
9874
9838
9742
9942
9817
9747
