9793
9906
9803
9944
9877
9999
10000
9919
9865
9968
9918
9999
9775
9982
10000
9897
9972
9892
9934
9936
9998
9682
9891
9903
9942
9834
9982
9940
9950
9886
9989
9999
9921
9948
10000
9960
9999
9953
9891
9999
9952
9931
9975
9960
9922
9891
9953
10000
9880
9926
10000
9886
9930
9837
10000
9900
9996
9825
9974
9991
9907
9965
9864
9930
9979
9979
9931
9915
9868
9940
9929
9972
9913
9813
9959
9922
10000
9893
9997
9984
9960
9933
9925
9783
9875
9984
9890
9939
9924
9879
9970
9989
9874
9931
9916
9911
9953
9937
9944
10000
9900
10000
9971
9883
9843
9882
9921
9902
9899
9902
10000
9915
10000
9973
9986
9977
9870
9958
9989
9829
10000
9968
9873
9941
9922
9941
9882
10000
9862
10000
9889
9831
10000
9985
9855
9933
9929
9893
9876
9998
9939
10000
9995
9925
10000
9902
9933
9775
9975
10000
10000
9998
10000
9978
9865
9975
9855
9849
10000
9908
9911
9914
9956
9900
10000
9985
9880
9900
9908
9904
9968
9888
9996
9890
9902
9904
9984
9855
9996
9977
9962
9996
9997
9999
9890
10000
9963
9937
9832
9800
9764
10000
9950
9966
9894
9951
10000
10000
10000
9913
10000
9980
9978
9852
9970
9939
9804
9955
9977
9990
9966
9991
9885
9892
9996
9947
9996
9931
10000
9912
10000
9980
9927
10000
9879
9916
9914
9892
9998
9883
9886
9940
9923
9861
9885
9948
9878
9836
9960
9906
9935
9827
9920
9935
9985
9984
9932
9932
9939
9939
9968
9957
9928
10000
10000
9906
9941
9994
9939
9860
9941
9830
9937
10000
9960
9979
9986
9967
9876
9847
9923
9864
9999
9904
9894
9865
9911
10000
9940
9913
9941
9976
9949
9955
9956
9989
9968
9933
9952
9898
9889
10000
9893
9976
9824
9906
10000
9999
9918
9920
9914
9881
9977
9896
9999
9856
9992
9897
9976
9922
9914
9891
9842
9942
9800
9877
9943
9823
9959
9879
9993
9962
9951
9949
9878
9963
9887
9994
9969
9955
9938
10000
9870
9955
9941
9987
9875
9850
9938
9998
9987
9997
9961
9972
9999
9866
9899
9949
9923
10000
10000
9895
9879
9896
9897
9894
9970
9990
9879
10000
10000
9966
9969
9950
9975
9917
9927
9961
9996
9929
9961
9991
9986
9902
9991
9972
9991
9920
10000
9829
9982
9890
9986
10000
9988
9986
9995
10000
9981
9985
9891
9995
9903
9916
9868
9753
9874
9978
9890
9929
9951
9924
9865
9848
9929
9976
9957
9980
9924
9975
9953
9915
9933
9978
9999
9789
9972
9975
9916
9993
9914
10000
9933
9820
9932
9966
9889
10000
9879
9998
9883
9983
9982
9978
9998
9955
9990
9975
10000
9937
9914
10000
9891
9926
9999
10000
9999
9964
9954
9961
9881
9996
10000
9908
9992
9963
9848
9878
9940
9925
10000
9862
9983
9907
9945
9972
10000
9945
9914
9890
9879
9996
9989
9950
9977
9997
9908
9990
10000
9955
9948
10000
10000
10000
9933
9902
9837
9907
9977
9880
10000
9999
9884
9980
10000
10000
9982
9891
9894
10000
9870
9903
9896
10000
9951
10000
9899
9949
9994
9995
9899
9896
9859
9930
9920
9909
9873
9968
9835
9895
9966
9913
9985
10000
9951
9924
9918
9856
9927
9913
9996
9997
9936
9993
9884
9978
9901
9903
9848
9987
9961
9990
9957
9880
9942
9945
9868
9916
9996
9974
9994
9992
9955
9980
9903
9866
9983
9894
9929
10000
10000
9899
9983
9792
9802
9862
9941
9849
9927
9957
9872
9940
9987
9987
9942
9957
10000
9994
9901
9999
10000
9896
9999
9935
9946
9978
9882
9891
9980
9959
9778
9941
9967
9976
9994
9877
9916
9930
9997
10000
10000
9874
10000
9935
9990
9911
9882
9999
9990
9940
9900
10000
9996
9940
9814
9962
9878
10000
10000
9911
9884
9928
9939
9950
9943
9894
9905
9999
9980
9880
9803
9993
9952
9975
9885
9919
9953
9999
9932
9873
9982
9970
9958
9972
10000
9930
9753
9951
9899
9837
9982
9996
9975
9931
9965
9998
9815
10000
9998
9868
9971
10000
9984
9813
9922
9872
9946
9934
9878
9939
10000
9916
9883
9907
9985
9996
9921
9952
9944
9984
9976
9935
9930
9841
9946
9935
9986
9981
9961
9991
9924
10000
9904
9983
9914
9908
9940
9870
9855
9812
9911
9967
9828
9957
9940
9976
9910
9985
9894
9934
9998
9902
9950
9990
9902
9870
9947
9914
10000
9894
9965
9998
9967
9966
10000
9822
9986
9858
9938
9953
9888
9995
10000
9934
10000
9929
9922
9933
9906
9925
9903
9929
9953
9981
9927
9906
10000
9857
9881
9969
9919
9994
10000
9997
9936
9999
9905
9906
9892
9849
9894
9942
9949
10000
9820
9914
9938
9955
10000
9975
9991
9988
9808
9908
9920
9849
9950
9998
9980
9782
9955
9862
10000
9977
9849
9980
9998
9866
9999
9936
9922
9970
10000
10000
9786
9976
9852
9882
9953
9984
9976
10000
9984
9849
9810
9949
9991
9933
9992
9938
9874
9999
9959
9927
9840
9954
9901
10000
9954
9973
9952
9932
9971
9794
10000
9879
9805
9981
9731
9957
9847
9942
9970
9955
9958
9966
9899
9999
9863
9930
10000
9999
10000
9896
9854
10000
9987
10000
9997
9983
9916
9940
9821
9901
9974
10000
9949
9824
9927
10000
9998
10000
9990
9906
10000
10000
9942
9919
9916
9855
9775
9931
9857
9892
9909
10000
9858
9815
9898
9968
9985
9952
9942
9960
9880
9824
9917
9939
10000
9968
9950
10000
9908
9977
9824
9902
9894
9873
9847
9969
10000
9915
9988
9948
9878
10000
10000
9915
9970
9962
9825
9970
9752
9850
10000
9962
9968
9928
9987
9935
9876
9970
9909
9958
9985
9988
9885
9859
9794
10000
9920
9693
9963
10000
9930
9968
9986
9958
9962
10000
9837
9995
9979
9995
9916
9992
9966
9915
10000
9989
9851
9908
9906
9973
9886
9909
10000
9932
9961
9856
10000
9908
9936
9890
9838
9954
9940
9952
10000
10000
9787
9977
10000
9620
10000
10000
9944
9946
9918
9983
10000
9931
9835
10000
10000
9965
9979
9919
9951
9847
9932
9905
9953
10000
9981
9859
9943
9969
9852
9771
