9906
9791
9986
9856
9803
9945
9962
9889
9921
9996
9910
9854
9884
9913
9884
9927
9933
9942
9962
9946
9875
9975
10000
9763
9878
9919
9976
9607
9862
9956
10000
9907
9953
9829
9835
9974
9991
9918
9797
9883
9866
10000
9994
9876
9868
9944
10000
9937
9942
9864
9721
9866
9945
9867
9716
9977
9896
9849
9795
9953
9917
9825
10000
9841
9949
9907
9824
9854
9900
10000
9949
9960
10000
9924
9923
9958
10000
9909
9920
9948
9996
9931
10000
9928
9953
9907
9835
9951
9868
9925
9870
9931
10000
9997
10000
9924
9962
9937
9928
9951
9947
9856
9964
9910
9925
9917
9792
9838
9928
9876
10000
9967
9822
9907
9894
9913
9902
10000
9826
9965
9871
9939
9883
9908
9896
9929
9907
9931
9877
9901
9862
9959
9997
9894
9852
9993
9929
9874
9926
9895
9933
9972
9896
9882
9953
9920
9954
9865
9864
9904
9907
9917
9924
9932
9914
9847
9805
9816
9876
9919
9976
9910
10000
9842
9716
9990
9812
9862
9967
9815
9947
9915
9879
9935
9995
9924
9895
9874
9990
9927
10000
10000
9936
9953
9951
9889
9886
9883
9806
9907
9835
9960
9999
9921
9905
9920
9994
9946
9975
9997
9795
9765
9916
9907
9939
9768
9977
9927
10000
9801
9938
9849
9917
9840
9898
9905
9888
10000
9905
9963
9996
9985
9927
9913
9997
10000
10000
9933
9920
9953
9894
9907
9855
9951
9899
9956
9961
9956
9831
9901
9902
9891
10000
9877
10000
9926
9900
9885
9754
9952
9919
9916
9914
9954
10000
9889
9928
9987
9833
9994
9888
9989
9999
9881
9807
9892
9971
9794
9823
9942
9852
10000
9995
10000
9919
9954
9884
9935
9869
10000
9969
9852
9966
9963
9825
9952
9923
9830
9948
9924
9858
9848
10000
9870
9861
9916
9894
9848
10000
9794
9996
9787
9986
9863
10000
9854
9854
9863
9800
9926
9853
9925
9934
9830
10000
9959
9920
9912
9911
9964
9934
9918
9897
9910
9945
9968
9961
9937
9986
9883
9974
9893
9852
9943
9941
10000
10000
9952
9834
9935
9940
9983
9846
9934
9847
9949
9884
9867
10000
9981
9867
9939
9934
9920
9979
9925
9992
10000
10000
9991
9840
9911
9955
9919
9998
9976
9812
9958
9814
9903
9909
10000
9938
9910
10000
9901
9825
9761
9869
9922
9909
9865
9941
9899
9866
9901
9928
9912
9914
9941
9960
10000
9809
9894
9855
9912
9936
9941
9878
9891
9776
9860
9923
9841
9876
10000
9913
9961
9918
9923
9952
9761
9947
9908
9898
9806
9944
9921
9998
9882
9788
10000
10000
10000
9935
9921
9957
9906
10000
9853
9946
9973
9930
9945
9983
9854
9950
9835
9913
9974
9910
9888
9971
9984
9941
9975
9915
9908
9855
9912
9908
9971
9985
9865
9901
9837
9895
10000
9946
9964
9874
9965
9985
9890
9883
9905
9834
10000
9952
9761
9886
9893
9856
9936
9924
9884
9936
9975
9999
9878
9945
9766
9957
9954
9881
9838
9887
9893
9974
9958
9913
9924
9966
9865
9897
9886
9941
9917
9898
9853
9832
10000
9912
9939
9962
9923
9962
9944
9852
10000
9981
10000
9915
9927
9924
9758
9913
9828
9960
9821
9914
9939
9936
9833
9901
9919
10000
9868
9939
10000
9817
9893
9876
9884
9910
9897
9869
9876
9942
10000
9871
9815
9958
9932
9872
9968
9920
9954
9896
9896
9949
9945
9907
9948
9932
9969
9924
10000
9948
9929
9904
9964
9905
10000
9996
9852
9911
9945
9804
10000
9936
9964
9883
9992
9902
9994
9823
9934
9963
9954
9897
9978
9880
9931
10000
9930
9890
9755
9934
9945
9993
9928
9875
10000
9901
9994
9939
9979
9987
9940
9918
9895
9873
9894
9874
9996
9926
9939
9842
10000
9988
9968
9996
9923
9947
9900
9886
9816
10000
9966
9836
9998
9836
9960
10000
9960
9929
9942
10000
9948
9914
9902
9893
9969
9999
9903
9899
9730
9853
9843
9934
9898
9897
9909
9865
10000
9861
9956
9940
9880
9929
9828
9882
9873
9771
9926
9910
9954
9837
9818
9999
9914
9906
9923
9886
9959
9812
9784
9927
9840
9815
9964
9900
10000
10000
9843
9841
9996
9818
10000
9906
9911
9809
9904
9826
10000
9964
9814
9884
9835
9889
9945
10000
9992
9962
9978
9897
9951
9990
9885
9954
9897
9853
10000
9900
9920
9888
9925
9945
10000
10000
9801
9904
9867
9867
9980
9819
9908
10000
9951
9912
10000
9889
9923
9896
9922
9910
9999
9937
9888
9917
9954
9966
9943
9813
9964
9924
9839
9917
9906
9863
9991
9859
9898
9950
9855
9743
9952
9998
9896
9900
9931
9973
9862
9989
9890
9935
9979
9980
9884
9806
9982
9867
9938
10000
9877
9856
9827
9903
9850
9870
9917
9973
9810
9971
9897
9927
9847
9837
9856
9923
10000
9912
9914
9892
9936
9994
10000
9957
10000
9947
10000
9914
9921
9876
9912
9947
9904
9912
9853
9932
10000
9941
9854
9902
9893
9886
9948
9981
10000
9885
9923
9899
9929
9932
10000
9973
9899
9948
9849
9965
9953
9946
9858
9861
9895
9855
9958
9999
9873
9889
9950
9917
9994
9957
9987
9888
9867
9720
9927
9852
9815
9890
9924
9842
9861
10000
9850
9914
9816
9729
9926
9868
9931
9953
9937
9934
9858
9938
9899
9808
10000
10000
9890
9889
9881
9963
9808
9934
9872
9942
9784
9898
9987
9890
9936
9959
9918
9912
9884
9908
9897
9911
9921
10000
9821
9950
9854
9998
9963
9812
9899
9999
9957
9922
10000
9776
9918
9912
9890
9905
9896
9837
9966
9875
9922
9919
9729
9898
9944
9981
9939
9883
9756
9930
9866
9856
9910
9864
9854
9973
9881
9936
9878
9950
9668
9952
9921
10000
9955
9878
10000
9913
9912
9863
9945
9927
9910
9921
9964
9944
9987
9900
10000
9867
9938
9898
9989
9993
9992
9851
9820
9943
9976
9916
10000
9817
10000
9940
9973
9909
9887
9921
9801
9818
9849
9954
10000
9984
9934
9928
9854
9904
9920
9864
9941
9926
9950
9882
10000
9931
10000
9944
9931
9899
9917
9979
9847
9923
10000
9843
9884
9897
9849
10000
9900
9903
9834
9879
9842
