10000
10000
9976
9998
9999
10000
9997
10000
9998
9997
9998
10000
10000
9999
10000
10000
10000
10000
10000
10000
10000
10000
9999
10000
9999
10000
9999
9994
10000
9998
9999
9999
10000
9997
9999
9997
9999
10000
10000
10000
9995
10000
10000
10000
10000
10000
9983
10000
9998
9994
10000
9997
9999
9999
10000
10000
10000
10000
10000
10000
10000
10000
10000
10000
10000
9992
9996
10000
10000
9999
9999
9999
9999
9998
10000
10000
10000
9980
10000
10000
10000
10000
9998
9998
9996
10000
10000
10000
9998
10000
10000
10000
9998
10000
10000
9999
10000
10000
9995
10000
10000
10000
10000
9930
9999
10000
10000
9906
10000
9987
10000
9999
10000
10000
10000
10000
10000
9998
9998
10000
10000
9999
9997
10000
10000
10000
10000
10000
10000
10000
10000
9999
9998
9996
10000
9999
10000
10000
10000
9996
10000
9998
9999
9998
10000
9999
10000
10000
9993
10000
10000
10000
10000
9991
9999
9999
10000
9999
10000
10000
10000
10000
10000
10000
9998
10000
9997
9999
9993
10000
10000
10000
10000
10000
9999
10000
9997
10000
10000
9999
10000
10000
9999
10000
10000
10000
10000
10000
10000
10000
9997
10000
10000
10000
10000
9999
9999
10000
10000
9998
10000
10000
9998
9999
9947
10000
10000
10000
9999
9997
10000
9997
10000
10000
10000
9999
10000
9997
9999
9999
10000
10000
10000
9955
10000
10000
9998
10000
10000
10000
9994
10000
10000
9999
9998
10000
10000
10000
9998
10000
9999
9998
10000
10000
9997
10000
10000
10000
10000
10000
10000
10000
9999
10000
10000
9998
10000
9997
10000
9999
9999
9982
9999
10000
10000
10000
10000
9999
10000
10000
9973
9998
9999
9996
9999
10000
10000
10000
10000
10000
9997
9999
10000
9999
9998
10000
10000
9994
10000
10000
9999
9999
10000
9999
10000
10000
10000
10000
9999
9999
10000
10000
9922
9996
10000
10000
10000
10000
10000
9991
9999
10000
10000
10000
10000
9999
10000
10000
10000
10000
10000
9999
9999
10000
10000
9999
10000
10000
9999
10000
9992
9997
9991
10000
10000
10000
9985
9999
10000
9999
9999
10000
9999
10000
10000
10000
9997
10000
10000
10000
9996
10000
10000
10000
10000
9996
9996
9997
9999
10000
10000
9989
10000
10000
10000
9999
9999
10000
10000
10000
10000
9999
9992
9999
9997
10000
9998
10000
10000
10000
10000
10000
10000
10000
10000
9999
10000
10000
10000
10000
10000
10000
10000
10000
10000
9998
10000
10000
10000
10000
9999
10000
10000
9999
9999
9999
9993
9998
10000
9998
10000
10000
9910
9986
10000
9998
10000
9999
9999
10000
9996
10000
10000
10000
10000
10000
10000
10000
10000
9998
10000
10000
10000
9999
10000
10000
10000
10000
9999
10000
9998
10000
10000
10000
10000
9985
10000
9985
10000
10000
10000
9998
9894
10000
10000
10000
10000
9999
10000
10000
10000
9999
10000
10000
10000
10000
9990
10000
9999
9996
10000
10000
9999
10000
10000
10000
9998
10000
10000
9996
10000
10000
9999
10000
10000
10000
10000
10000
10000
9999
10000
9971
10000
10000
10000
9998
10000
9998
10000
9988
10000
10000
10000
10000
10000
9995
10000
10000
9994
10000
10000
10000
10000
9999
10000
10000
10000
10000
9999
10000
10000
10000
9998
9999
9999
10000
10000
10000
9995
10000
10000
9998
10000
9998
9997
10000
10000
10000
10000
10000
10000
9997
10000
9998
9989
10000
10000
9998
10000
10000
9999
10000
10000
10000
10000
10000
10000
9985
9999
9993
9998
9998
10000
9999
9994
9998
10000
10000
9997
10000
10000
10000
10000
10000
10000
10000
10000
10000
10000
10000
10000
10000
10000
10000
9994
10000
10000
9996
9999
9997
10000
9999
9999
9999
10000
9994
10000
10000
9999
9994
10000
10000
9992
10000
9999
9996
10000
9994
10000
9995
10000
10000
9996
10000
9998
9997
9999
10000
10000
10000
10000
10000
10000
10000
9999
10000
10000
10000
10000
9999
10000
9997
10000
9998
9997
10000
9997
10000
10000
10000
10000
10000
10000
10000
10000
10000
10000
10000
10000
10000
9998
9999
10000
10000
10000
10000
10000
9998
9998
10000
10000
10000
10000
9998
10000
9996
10000
10000
10000
9992
9995
10000
9998
9999
10000
9999
10000
10000
10000
10000
10000
9999
10000
9983
10000
10000
10000
9984
9990
9992
10000
10000
9998
10000
10000
9994
9999
10000
9999
10000
10000
10000
10000
10000
9999
10000
10000
9999
9999
10000
9999
10000
9999
10000
10000
9990
10000
10000
9999
10000
10000
10000
10000
10000
10000
10000
10000
10000
10000
10000
10000
9999
10000
10000
9999
10000
10000
10000
10000
9999
10000
10000
10000
10000
10000
9994
10000
10000
9999
10000
10000
10000
10000
10000
9998
10000
10000
9999
9992
10000
9999
10000
10000
10000
10000
9999
10000
9996
10000
10000
10000
10000
10000
9988
10000
10000
10000
9998
10000
10000
10000
10000
10000
10000
9999
10000
10000
10000
9998
10000
10000
9993
9998
10000
10000
10000
10000
9999
10000
10000
10000
9999
10000
10000
10000
9992
10000
9998
10000
10000
9998
10000
10000
9997
10000
10000
10000
10000
9998
10000
10000
10000
10000
10000
10000
10000
9998
10000
9998
9998
10000
9978
10000
10000
10000
10000
10000
10000
9997
10000
10000
10000
10000
10000
9999
10000
10000
9999
10000
9997
10000
10000
10000
10000
10000
9998
9995
10000
9999
10000
9999
9999
10000
10000
10000
9998
10000
10000
10000
10000
10000
10000
10000
9999
10000
10000
9992
10000
10000
9999
10000
9999
10000
10000
10000
10000
9999
10000
10000
10000
9997
10000
10000
10000
9987
10000
10000
10000
10000
10000
10000
9999
9996
9976
9999
10000
10000
10000
10000
10000
10000
9999
9996
9996
10000
10000
10000
9999
10000
10000
9982
10000
10000
10000
10000
10000
10000
9999
10000
10000
9998
9999
9999
9982
10000
10000
10000
9999
10000
10000
10000
9998
10000
10000
9991
10000
10000
10000
9999
10000
10000
10000
10000
10000
10000
10000
10000
10000
10000
10000
9972
10000
9999
10000
9997
10000
10000
9999
10000
9999
10000
10000
9998
10000
10000
9999
10000
10000
10000
10000
9999
10000
10000
10000
10000
10000
10000
9997
10000
9999
10000
9999
9999
10000
10000
9998
9999
10000
9999
10000
