9915
9809
9932
9730
9992
9906
9917
9978
9955
9965
9864
9885
9926
9976
9897
9907
9938
9975
9810
9884
9940
9878
9948
9908
9932
9765
9942
9986
9866
9935
9830
9720
9701
9911
9874
9893
9923
9885
9818
9886
9924
9857
9927
9971
9922
9943
9901
9917
9969
9972
9937
9888
9830
9874
9963
9896
9744
9906
9919
9861
9877
9866
9897
9959
9932
9928
9902
9947
9883
9884
9817
9953
9902
9858
9932
9930
9947
9963
9923
9845
9919
9933
9919
9805
9950
9960
9915
9951
9763
9915
9856
9929
9949
9836
9947
9847
9762
9917
9927
9863
9986
9925
9904
9909
9915
9960
9993
9921
9908
9891
9913
9971
9975
9899
9925
9856
9848
9954
9873
9874
9865
9854
9843
9944
9942
9921
9910
9913
9929
9860
9888
9944
9881
9858
9707
9934
9868
9942
9866
9991
9839
9950
9945
9983
9893
9934
9847
9934
9936
9992
9909
9927
9965
9806
9741
9893
9843
9978
9943
9952
9958
9816
9846
9875
9835
9849
9906
9897
9974
9945
9928
9986
9909
9922
9915
9928
9953
9985
9969
9870
9898
9965
9909
9998
9959
9814
9957
9886
9917
9552
9951
9841
9839
9905
9938
9904
9922
9960
9934
9849
9957
9935
9886
9943
9900
9914
9860
9908
9845
9929
9903
9957
9922
9979
9926
9930
9953
9920
9919
9859
9944
9887
9962
9996
9826
9940
9909
9908
9931
9862
9747
9922
9932
9895
9950
9928
9932
9921
9864
9899
9947
9949
9998
9873
9814
9952
9913
9965
9856
9917
9884
9822
9949
9946
9953
9897
9887
9758
9903
9869
9955
9907
9929
9910
9806
9925
9873
9988
9969
9834
9945
9889
9846
9904
9911
9760
9907
9941
9979
9846
9994
9893
9866
9928
9962
9918
9935
9872
9835
9922
9868
9845
9845
9992
9934
9924
9893
9888
9888
9872
9850
9944
9945
9940
9970
9937
9885
9734
9925
9891
9953
9929
9960
9893
9916
9942
9836
9981
9898
9930
9849
9932
9848
9866
9908
9841
9928
9881
9927
9986
9883
9878
9863
9869
9934
9924
9904
9913
9869
9940
9957
9899
9905
9815
9927
9956
9906
9796
9896
9847
9901
9841
9933
10000
9906
9914
9967
9903
9891
9917
9922
9953
9874
9924
9989
9921
9888
9974
9859
9925
9980
9955
9932
9928
9977
9933
9927
9782
9943
9885
9928
9906
9935
9783
9992
9916
9789
9949
9889
9991
9840
9949
9935
9939
9922
9968
9930
9919
9970
9921
9934
9823
9762
9900
9884
9984
9929
9963
9840
9948
9903
9981
9912
9878
9796
9986
9874
9951
9879
9841
9963
9853
9937
9901
9892
9930
9971
9940
9846
9907
9940
9932
9902
9978
9920
9973
9992
9895
9925
9881
9868
9972
9915
9926
9909
9923
9888
9905
9996
9956
9973
9878
9890
9949
9924
9946
9926
9960
9955
9899
9827
9885
9892
9854
9935
9904
9911
9857
9936
9937
9888
9970
9953
9883
9902
9966
9921
9941
9883
9969
9906
9861
9923
9892
9937
9921
9819
9842
9854
9929
9872
9927
9976
9944
9965
9859
9932
9817
9769
9954
9912
9955
9962
9907
9949
9812
9977
9843
9659
9985
9752
9781
9922
9979
9932
9943
9904
10000
9899
9943
9958
9901
9910
9958
9847
9736
9784
9962
9957
9985
9912
9891
9996
9935
9920
9851
9924
9914
9892
9802
9964
9929
9785
9872
9860
9898
9952
9966
9941
9953
9844
9862
9970
9941
9935
9925
9853
9891
9826
9880
9935
9863
9879
9987
9946
9942
9974
9767
9969
9950
9956
9966
9754
9974
9937
9869
9874
9926
9945
9910
9935
9885
9917
9910
9908
9816
9840
9944
9966
9918
9935
9867
9938
9992
9891
9905
9951
9889
9903
9970
9986
9983
9860
9934
9904
9894
9907
9918
9925
9920
9934
9889
9810
9930
9900
9883
9920
9967
9885
9890
9930
9924
9937
9915
9892
9839
9906
9880
9769
9870
9832
9898
9948
9945
9976
9824
9851
9898
9884
9921
9923
9916
9789
9952
9840
9831
9857
9937
9845
9998
9944
9962
9932
9885
9864
9833
9941
9973
9858
9917
9956
9933
9982
9968
9885
9872
9945
9910
9948
9786
9903
9952
9955
9948
9893
9854
9819
9945
9892
9902
9873
9944
9915
9831
9900
9944
9957
9881
9942
9943
9860
9915
9773
9949
9910
9854
9948
9916
9841
9919
9929
9954
9957
9914
10000
9878
9918
9937
9901
9939
9908
9757
9912
9968
9911
9978
9959
9895
9934
9893
9787
9947
9989
9992
9971
9978
9943
9956
9849
9874
9934
9866
9893
9950
9879
9909
9829
9899
9830
9919
9978
9956
9890
9967
9835
9835
9932
9901
9864
9947
9885
9878
9913
9914
9827
9833
9957
9859
9914
9904
9769
9940
9902
9891
9951
9815
9860
9983
9936
9869
9967
9918
9900
9907
9904
9906
9969
9802
9931
9922
9922
9926
9914
9949
9978
9987
9968
9937
9709
9985
9790
9987
9995
9820
9910
9865
9948
9858
9887
9991
9999
9870
9899
9973
9953
9869
9845
9979
9975
9935
9965
9818
9977
9883
9849
9979
9944
9736
9906
9919
9953
9815
9913
9986
9923
9920
9945
9945
9892
9898
9974
9949
9952
9951
9887
9902
9742
9885
9933
9963
9885
9970
9953
9902
9912
9910
9969
9800
9948
9876
9930
9846
9904
9820
9856
9855
9915
9854
9961
9943
9918
9902
9918
9874
9988
9844
9866
9895
9909
9938
9922
9868
9865
9959
9847
9787
9937
9917
9933
9900
9881
9808
9913
9866
9906
9985
9874
9928
9933
9879
9954
9828
9924
9949
9851
9903
9946
9908
9971
9768
9935
9909
9834
9871
9976
9925
9971
9855
9939
9918
9935
9772
9902
9849
9801
9883
9965
9995
9940
9925
9845
9956
9932
9886
9917
9973
9990
9907
9938
9909
9875
9952
9923
9863
9921
9932
9844
9951
9911
9899
9790
9830
9866
9887
9911
9897
9958
9909
9952
9955
9961
9904
9838
9925
9917
9873
9955
9840
9850
9903
9922
9851
9971
9664
9926
9902
9890
9901
9892
9967
9979
9917
9873
9988
9927
9938
9967
9907
9907
9884
9920
9957
9943
9949
9862
9896
9982
9902
9835
9974
9948
9961
9916
9887
9920
9963
9893
9814
9915
9886
