9889
9898
9938
9946
9833
9923
9915
9891
9838
9959
9858
9880
9879
9933
9937
9904
9843
9885
9900
9795
9950
9973
9964
9782
9866
9857
9899
9904
9880
9855
9893
9861
9919
9863
9891
9823
9803
9836
9829
9980
9930
9891
9849
9960
9971
9981
9914
9924
9869
9962
9979
9856
9809
9817
9960
9856
9996
9827
9924
9928
9968
9889
9984
9927
9876
9915
9894
9856
9999
9881
9866
9918
9895
9869
9995
9996
9947
9816
9986
9933
9884
9907
9973
9952
9766
9930
9993
9840
9899
9873
9905
9924
9988
9963
9856
9866
9781
9936
9845
9921
9910
9895
9994
9969
9883
9949
9825
9995
9903
9884
9963
9940
9850
9844
9939
9845
9976
9893
9801
9858
9957
9819
9873
9990
9906
9928
9821
9944
9907
9905
9907
9913
9761
9900
9876
9903
9901
9890
9899
9882
9930
9930
9906
9790
9936
9925
9878
9933
9812
9906
9920
9990
9861
9888
9908
9876
9947
9920
9951
9861
9825
9947
9894
9920
9977
9967
9898
9987
9905
9965
9934
9912
9958
9928
9861
9951
9956
9920
9791
9719
9862
9935
9992
9948
9958
9763
9892
9889
9858
9893
9954
9931
9937
9827
9849
9916
9915
9932
9879
9841
9902
9911
9853
9906
9924
9906
9862
9935
9932
10000
9921
9830
9901
9935
9940
9832
9878
9925
9893
9948
9907
9921
9780
9818
9915
9975
9868
9919
9863
9883
9876
9838
9948
9981
9992
9920
9961
9909
9904
9878
9887
9873
9954
9937
9892
9813
9913
9953
9853
9911
9894
9915
9943
9907
9844
9790
9794
9949
9934
9893
9997
9836
9947
9929
9949
9888
9897
9898
9925
9856
9796
9942
9941
9642
9881
9961
9773
9883
9908
9910
9964
9929
9957
9938
9736
9942
9907
9966
9948
9891
9799
9898
9820
9983
9952
9938
9875
9901
9986
9986
9876
9993
9715
9937
9838
9976
9889
9997
9917
9889
9941
9855
9947
9968
9966
9991
9983
9878
9805
9904
9888
9910
9905
9710
9947
9966
9932
9824
9859
9942
9931
9974
9881
9920
9998
9905
9924
9896
9954
9760
9893
9920
9974
9912
9920
9890
9885
9861
9913
9952
9881
9854
9936
9946
9923
9885
9869
9941
9774
9990
9959
9976
9870
9988
9893
9967
9948
9949
9922
9880
9940
9865
9938
9935
9850
9886
9907
9891
9905
9893
9925
9995
9914
9995
9833
9870
9925
9949
9888
9995
9957
9958
9936
9945
9897
9881
9905
9930
9930
9818
9836
9894
9784
9936
9823
9872
9957
9927
9856
9945
9947
9876
9913
9884
9932
9904
9837
9792
9820
9919
9901
9884
9952
9912
9897
9984
9850
9896
9746
9732
9974
9868
9932
9888
9921
9912
9944
9939
9958
9963
9820
9874
9747
9836
9812
9853
9834
9947
9866
9890
9756
9994
9814
9939
9904
9943
9889
9785
9939
9934
9860
9899
9933
9874
9773
9853
9981
9907
9806
9959
9946
9909
9893
9964
9960
9887
9965
9881
9868
9911
9787
9934
9998
9925
9844
9755
9863
9955
9829
9946
9895
9971
9898
9915
9907
9914
9890
9847
9927
9865
9831
9920
9893
9949
9996
9749
9924
9980
9858
9967
9839
9919
9917
9899
9795
9873
9937
9955
9872
9907
9993
9918
9902
9942
9864
9919
9890
9954
9903
9891
9953
9921
9913
9934
9910
9932
9875
9884
9934
9813
9864
9939
9804
9902
9934
9889
9806
9875
9856
9900
9849
9980
9878
9887
9852
9842
9924
9972
9979
9906
9893
9897
9867
9930
9951
9853
9914
9946
9954
9878
9917
9946
9928
9928
9848
9826
9942
9870
9879
9958
9851
9834
9936
9911
9886
9942
9823
9950
9931
9940
9961
9877
9938
9920
9849
9883
9931
9879
10000
9938
9940
9859
9729
9971
9931
10000
9971
9913
9926
9912
9918
9949
9955
9929
9892
9888
9960
9879
9987
9954
9899
9853
9866
9920
9843
9939
9933
9774
9948
9930
9943
9936
9895
9883
9890
9823
9903
9969
9896
9942
9839
9947
9875
9892
9894
9947
9993
9862
9823
9900
9925
9906
9904
9911
9941
9866
9912
9945
9973
9933
9940
9914
9838
9985
9950
9858
9972
9959
9930
9905
9988
9960
9935
9944
9890
9875
9938
9931
9806
9822
9805
9943
9903
9942
9946
9893
9952
9901
9841
9948
9915
9859
9873
9806
9922
9907
9934
9942
9840
9952
9851
9917
9846
9915
9887
9962
9881
9865
9883
9891
9883
9903
9911
9954
9971
9886
9988
9940
9904
9908
9905
9889
9901
9960
9986
9911
9833
9975
9948
9985
9877
9929
9893
9966
9796
9890
9942
9845
9962
9865
9874
9888
9964
9938
9930
9842
9893
9936
9865
9886
9896
9670
9768
9934
9888
9940
9881
9919
9890
9930
9920
9791
9819
9914
9921
9885
9837
9897
9937
9996
9896
9764
9868
9907
9973
9977
9892
9891
9884
10000
9983
9993
9909
9933
9902
9834
9919
9975
9977
9878
9885
9871
9982
9981
9784
9788
9840
9923
9937
9974
9866
9875
9807
9965
9961
9999
9918
9835
9825
9933
9760
9908
9888
9915
9789
9945
9925
9803
9917
9833
9813
9834
9846
9969
9922
9838
9926
9890
9901
9888
9934
9856
9913
9898
9917
9927
9902
9852
9922
9870
9652
9930
9966
9908
9931
9971
9944
9833
9924
9976
9908
9906
9809
9949
9923
9953
9834
9914
9941
9942
9799
9835
9871
9935
9833
9971
9953
9899
9934
9876
9999
9865
9926
9893
9897
9968
9915
9909
9860
9950
9874
9989
9862
9903
9871
9862
9889
9885
9953
9961
9941
9921
9826
9965
9959
9830
9980
9914
9926
9992
9887
9992
9890
9905
9948
9937
9857
9818
9924
9943
9886
9943
9907
9949
9917
9939
9920
9955
9885
9908
9883
9800
9883
9908
9975
9852
9930
9901
9911
9870
9846
9738
9873
9761
9929
9925
9954
9964
9754
9853
9966
9933
9883
9986
9895
9744
9944
9997
9891
9963
9854
9933
9841
9878
9879
9919
9901
9896
9850
9858
9933
9910
9991
9882
9913
9799
9932
9996
9899
9911
9891
9936
9973
9805
9910
9936
9908
9832
9926
9905
9858
9958
9887
9855
9914
9890
9970
9869
9939
9932
9935
9737
9961
9734
9955
9974
9941
9968
9936
9942
