9910
9999
9969
9979
10000
9776
9823
9881
9874
9911
9997
9930
9738
9835
9917
10000
9909
9921
9884
10000
9999
9955
9801
9888
9935
9957
9842
9942
9884
9895
9900
9792
10000
10000
9878
10000
9887
9996
9855
9996
9775
9908
9942
9958
9901
10000
9829
9866
9917
9980
10000
9950
9869
9843
9988
9930
10000
9928
9973
9932
9984
9849
9945
9992
10000
9896
9920
9868
10000
9911
9933
9980
9922
10000
9880
10000
9886
9962
9782
10000
10000
9979
9928
10000
9925
10000
9937
10000
9999
9979
10000
9854
9972
9996
9950
9998
10000
9915
9853
9920
9949
9967
10000
9832
9913
9943
9782
9942
10000
9845
9906
9955
9797
9724
9890
9900
9950
9992
9841
9915
10000
9966
9887
9946
10000
9852
9893
9986
10000
9993
9853
9939
9958
9910
10000
9895
9980
9988
9758
9878
10000
10000
9993
9877
9814
9967
9994
9872
10000
10000
9919
9882
9987
9914
9919
9989
9973
9997
9936
9943
9838
9859
9926
9981
9870
9955
9910
9873
9988
10000
9937
9914
9919
9858
9996
9875
9888
10000
9946
9955
9892
9944
10000
9942
9891
9988
9971
9840
9902
9915
9933
9870
9875
9895
9971
9961
9977
9818
9839
9857
9793
9965
9960
9932
9996
9946
10000
9845
9879
9879
9959
9943
9937
10000
9817
9850
9931
10000
9999
9999
9984
9995
9992
9969
9914
10000
9866
9993
9821
9786
9850
9991
10000
9857
9999
9830
9974
9897
9908
9913
9962
9920
9964
9994
9933
9948
9901
9876
9907
9909
9996
9721
9941
9959
10000
10000
9965
9998
9964
9936
9910
9845
9895
9658
10000
9988
9740
9970
9978
10000
9916
9857
9894
9930
9948
9887
9829
9919
9969
9975
9874
9928
10000
10000
9930
9982
9912
9980
9893
9975
9942
9971
9997
9948
9831
10000
9902
9864
9852
9842
9810
9998
9953
9944
9873
9846
10000
9928
9929
9933
9984
9864
9905
9929
9939
9835
9917
9908
10000
9987
9853
9933
9951
9979
9860
9940
9887
9984
9843
9995
9941
9924
9996
10000
9682
9940
9941
9899
9965
9999
9684
9855
9976
10000
9929
9960
10000
9988
9878
9916
9850
9855
9927
9955
9884
10000
9950
9880
9895
9903
10000
9819
9934
10000
9866
9998
9993
9941
9996
9978
9954
9893
9911
9951
9871
9917
9881
9987
9912
10000
9919
9980
9895
9868
9929
10000
9991
9997
9874
9927
9952
9925
9959
9997
9901
9977
9844
9857
10000
9916
9897
9936
9995
9977
9964
10000
9866
9930
9985
9861
9866
9902
9999
9998
9867
9940
9873
9889
10000
9903
9847
9913
9918
9976
9979
9894
9953
9963
9999
10000
9952
10000
10000
9967
9993
10000
9921
9884
9917
9971
9909
10000
9882
9834
9939
10000
9995
10000
9854
9941
9931
9850
9856
9923
9906
9945
10000
10000
9994
9954
9889
10000
9854
9952
9990
10000
9873
9887
9999
9970
9996
9999
9989
10000
9851
9998
9892
9809
9811
10000
9863
9938
9964
9925
10000
9948
9924
10000
9870
9950
10000
9957
9887
9916
9929
9968
9953
9956
9864
9916
10000
10000
9968
10000
9856
9986
9822
9929
9886
9898
9937
9869
9824
9783
9956
10000
9944
9995
9888
9880
10000
9906
9998
10000
9975
9944
9959
9942
9992
9939
9944
9994
9875
10000
9939
9817
9960
9848
9925
10000
9744
10000
9999
9999
9887
9901
10000
9891
9995
9966
9918
9845
9866
9999
9837
9901
10000
9995
9975
9926
10000
9940
9890
9985
9817
9977
9932
9992
9973
10000
9797
9774
9926
9843
9979
9790
9773
9996
9989
10000
9905
9816
9945
10000
9949
9908
9996
10000
9820
9890
9883
9943
9891
9966
10000
9942
9885
9969
9999
9876
9875
9924
9819
10000
9868
9694
10000
9991
9732
9987
9732
9905
9949
9966
10000
9768
9888
10000
9919
9912
9938
10000
9995
9966
9782
9861
9917
9981
10000
10000
9938
9971
9947
9920
9881
9922
9852
9812
10000
9933
9902
9919
9892
9938
9953
9985
10000
9906
9894
9787
9975
9905
9901
9998
9970
9942
10000
9999
9999
9978
9981
9920
9949
10000
10000
9921
9850
9914
9907
9874
9924
9993
9856
9940
9976
9887
9792
9950
9866
9978
9933
9999
9905
9989
9857
9932
9921
9920
9832
9948
9923
10000
9894
9939
9902
9828
9930
9897
9847
9843
10000
9951
9903
9961
9889
9935
9874
10000
9821
9881
9998
10000
9981
9998
9981
9972
9968
9964
9955
9906
9993
10000
9948
10000
9927
9935
9904
9886
9854
9953
9931
9827
9992
9860
9955
9999
10000
9966
9978
9776
10000
9897
9957
9997
9966
10000
9921
10000
9897
10000
9871
9984
9870
9978
9902
9998
9948
10000
10000
9824
9974
9875
9999
9937
9966
9924
9921
10000
10000
9952
9852
9927
10000
9936
9910
9913
9959
9928
9943
9990
9996
9951
10000
9976
9959
10000
9939
9969
9868
9864
9925
10000
10000
9985
9959
9853
9945
10000
9933
9958
9885
9877
9918
9934
9964
9885
9890
9984
10000
9875
9927
9912
9896
9965
10000
9949
9990
10000
9982
10000
9882
9970
10000
9948
9982
9918
9887
9937
10000
9962
9824
9937
9851
9917
9974
9998
9882
9997
9946
9814
9951
9980
9956
9949
9930
9920
10000
9939
10000
9855
9992
9847
9933
9968
9899
10000
9889
9893
10000
9917
9955
9807
9967
9924
9905
9926
9910
10000
9995
9957
9997
9949
10000
9796
9964
9868
9813
9925
9927
9837
9999
9878
9913
9983
9914
9937
9971
9890
10000
9871
9998
10000
9848
9918
10000
9860
9916
9876
9918
9998
9826
9976
9976
9947
9877
9937
9967
9961
9942
9908
9743
9953
9994
9907
9893
9947
9888
9993
9998
9939
9987
9983
9971
10000
9934
9821
9958
9881
9903
9932
9859
10000
10000
9923
9962
9828
9916
9843
9933
9948
9984
9895
9999
9915
9985
9949
9996
9891
9828
9893
9854
9944
9730
9948
10000
9864
9913
10000
9968
9999
9893
10000
9939
9984
10000
9961
9865
10000
9820
9977
9870
9904
10000
9975
9960
9974
9887
9959
9997
9858
9834
9905
9999
10000
9995
10000
9829
9995
9997
9996
9906
9940
9999
9998
9960
9884
9801
9992
10000
9918
