9912
9932
9885
9922
9935
10000
9863
9892
10000
9997
9744
10000
9965
9869
9987
9885
9886
10000
9902
9929
9871
9899
9938
10000
9990
9709
9934
9999
9980
9874
9999
9822
9929
9926
9831
9837
10000
9934
9970
9911
9926
9912
9967
9999
9914
9900
9996
9936
9990
9997
9887
9988
9957
9933
9763
9970
9943
9765
9860
9853
9962
9912
9965
10000
9955
9903
9943
9867
9938
9943
9998
10000
9954
9915
9960
9827
9876
9904
9999
9998
10000
9809
9940
10000
10000
9857
9991
10000
9762
9856
9878
9739
10000
10000
9939
9914
9994
9936
9973
9720
9923
9863
9985
9997
9795
9900
9925
9969
9787
9930
9998
9970
9794
10000
9834
9936
9869
10000
9999
9931
9873
10000
9874
9966
9974
9999
9955
9863
9997
9996
9891
9903
9694
9893
9906
9998
9931
9919
9855
9902
9937
9960
9939
9879
9999
9886
9911
9931
9769
9999
9938
9892
9923
9992
9828
9864
9796
9984
9944
9927
9960
10000
9999
9891
9855
9964
9986
9992
9893
9985
9996
9999
9979
9939
10000
9940
9991
9816
9854
9998
9993
9955
9943
9822
9908
9901
9801
9955
9777
9935
10000
9942
9885
9934
9853
9957
9937
10000
9922
9862
9986
10000
9973
10000
9882
9989
9767
9870
9963
9877
9877
10000
10000
10000
9919
9960
9996
10000
9928
9938
10000
9817
9903
10000
9906
9998
10000
9960
9954
10000
9929
9865
10000
9888
9964
9820
9835
9970
9994
9959
9999
10000
10000
10000
9948
9902
9905
9978
9996
9805
9927
9932
9814
10000
9927
9976
9963
9996
9956
9968
9945
9965
9999
9999
9996
10000
9814
9817
9988
9905
9987
9922
9810
9965
9856
9813
9963
9850
9902
9937
9870
10000
10000
9874
9960
9857
9838
9813
9955
9910
9989
9848
9999
9773
9997
9870
9972
9820
9898
9885
10000
10000
10000
9892
10000
9873
9979
9999
9846
9968
10000
9898
9987
9919
9933
9963
9949
9886
9888
9841
9868
9836
9970
9845
9841
9971
10000
9972
9904
10000
9887
9930
9860
9870
9970
9984
9913
10000
9885
9897
9911
9955
9998
9977
9849
9732
9892
10000
9967
9997
9928
10000
9894
9997
9960
9989
9839
9997
9938
9863
10000
9869
9966
9954
9894
9956
9974
9879
9957
9927
9851
9861
9959
9999
9950
9936
9999
9964
9922
9862
9986
9893
9859
9858
9889
9973
9957
9842
9823
9994
9887
9946
9989
9988
9994
9910
9941
9694
9986
9951
10000
9888
9961
9924
10000
9964
10000
10000
9761
9931
10000
10000
9820
10000
9866
10000
9882
9924
9931
9992
9844
9976
9991
9953
9809
9937
9999
9969
9936
9857
9991
9752
9966
9920
10000
9868
9831
9977
9890
9999
9916
9842
9978
9872
9737
9947
9681
10000
9968
9969
9905
9829
9967
9775
9811
9893
9997
9889
9916
9953
9942
9908
9915
9928
9868
9937
9954
9894
9811
9956
10000
9879
10000
9854
10000
9998
9900
9913
9868
9918
9994
9991
9801
9934
9988
9910
9745
9874
9989
9915
9951
10000
9931
9961
10000
9932
9982
9920
9984
9886
9929
9930
9958
9963
9921
9986
9814
10000
9897
9889
9965
9851
9852
9744
9955
10000
10000
9890
9922
9903
9707
9980
9999
9721
9957
9973
9903
9987
9991
9996
9870
9944
9932
10000
9964
9955
10000
9997
10000
9923
9897
9859
10000
9971
9971
9925
9860
9944
10000
9902
9893
9848
9896
9892
9921
9996
9871
9942
9938
9975
9990
9956
9977
9914
9861
9828
9795
9843
9915
9910
9884
9850
9934
9886
9964
9906
10000
10000
9937
10000
9999
9968
9999
9873
9938
9831
9943
10000
9921
9896
9946
9993
9807
9884
9892
9925
9913
9861
9960
10000
9888
9949
9866
9969
9922
9838
9928
9903
9859
10000
9913
9941
9992
9919
9906
9917
9875
9908
9945
9806
9906
9995
10000
10000
9903
9894
9999
9919
9941
9949
9990
9910
9909
9968
9854
9891
9888
10000
9960
9954
9945
9942
9999
9926
10000
9828
9853
9949
9936
9927
9869
9952
9998
9942
9767
9862
10000
9997
9884
9996
9878
10000
9898
9907
10000
9954
9985
9931
10000
9892
9892
9944
9937
9952
9858
9940
9910
9904
9948
9880
9959
9897
10000
9897
9919
10000
9923
9902
9961
9855
9980
9891
9910
9799
9918
9917
9925
9803
10000
9875
10000
9848
9950
10000
10000
9934
9984
9944
9933
9978
9938
9999
9918
9872
9897
10000
10000
10000
9872
9928
9943
9860
9919
9898
9845
10000
9882
9888
9965
9995
9968
9978
9992
9882
9955
9875
9962
9990
9858
9999
9835
9942
10000
9950
10000
10000
9980
9838
9984
9876
10000
9843
10000
9844
9939
9883
9939
9942
9858
9942
9926
9911
9975
9900
9914
9889
9808
9871
9825
9986
10000
9973
9726
9890
10000
9918
9992
9960
10000
9934
9793
9994
10000
9804
9949
9996
9866
9822
9918
9973
9984
9999
9980
9714
9853
9973
9894
9944
10000
10000
9911
9859
10000
9887
9813
9977
9995
10000
9936
9998
9781
9845
9826
9958
9956
9930
9882
9904
10000
9914
9853
9899
9829
10000
9958
9987
9901
9829
9938
9980
9925
9969
9865
9988
9959
9755
9960
9885
10000
9996
9950
9928
9853
9861
9877
9982
9891
9923
9988
9870
9925
9919
9957
9965
9931
9776
9962
9998
9919
9998
9979
9914
9902
9997
10000
9985
9966
9837
10000
9989
9911
9948
10000
9997
9998
9900
10000
9972
9973
9951
9942
9863
10000
9825
9946
9997
9996
10000
9947
9982
9915
9921
9876
9955
9877
10000
9792
10000
9970
9979
9964
9947
10000
9987
9878
9860
9984
9847
9888
9897
9998
9893
9840
9859
9971
9940
9918
9905
9903
10000
10000
9879
9933
10000
10000
9756
9935
9846
9975
9995
9900
9867
9989
9976
9927
9929
9877
10000
9912
9755
9990
9899
10000
9923
9920
9972
9998
9922
9999
9999
9981
10000
9938
9954
9848
9891
9873
10000
9908
9820
9922
9861
9989
9864
9917
9818
9989
9883
9884
9942
9975
9832
9765
10000
9963
9991
9848
9933
10000
9964
9829
9997
9867
9995
9839
9807
9896
10000
9947
9923
9951
9933
9923
9942
10000
10000
9924
9929
9875
10000
