9967
9939
9907
9957
9913
9891
9984
9993
9965
9937
9902
9903
9825
9917
9847
9999
10000
9860
10000
9853
10000
10000
9820
9963
9748
9906
10000
9775
9912
10000
9844
9900
9972
9905
9939
9919
9960
9975
9768
9911
9998
9904
9951
10000
9953
9906
10000
9999
9884
9836
9903
9984
9912
9850
9910
9938
9904
9967
10000
9936
9884
10000
9801
9865
9932
9942
9899
9847
9937
9824
9836
9937
9859
9964
9908
9926
9984
9855
9828
9846
9998
9963
9922
9948
9928
9902
9827
9940
9940
9955
9958
10000
9910
9859
10000
9907
9900
9886
9900
9841
9802
9996
9975
9946
9903
9946
9948
9921
9848
9964
9941
9989
10000
9827
9850
9878
9907
9844
9808
9994
9722
9909
9913
9995
9879
9907
9827
9766
9839
9953
10000
9909
9793
9892
9989
9953
9973
9893
9979
9961
10000
9926
9903
9901
9796
9917
9971
9913
9818
9666
9875
10000
9960
9762
9920
9960
9889
9794
9923
9921
9835
9851
9998
9930
9927
9901
9950
9916
9871
9906
10000
9968
9843
9859
9974
10000
9892
9920
9888
9966
9944
9959
9886
9960
9883
9903
9891
9967
9921
9845
9980
9833
9936
9955
9909
9841
9869
9786
9972
9903
9959
9916
9876
9912
9884
9935
9916
9934
9977
9912
9958
9912
9998
10000
9985
9944
9912
9946
9826
9901
9858
9986
9888
9932
9907
9906
10000
9899
9996
9905
9885
9880
9949
9834
9921
9922
9995
9916
9997
9901
9891
9938
9800
9940
9880
9969
9941
9843
9986
9954
9872
9899
9883
10000
9861
9947
10000
9969
9774
9969
9941
9920
9958
9943
9972
9888
9807
9804
9929
9866
9939
10000
9898
9932
9806
9999
9780
9890
9840
9878
9899
9970
9893
9865
9951
9891
9998
9956
9960
9977
9998
9849
9912
9764
9900
9944
9982
9963
9861
9850
9719
10000
9913
9964
9995
9989
10000
10000
9864
10000
9977
9978
9924
9924
9860
9875
10000
9943
9914
10000
9924
9747
9965
9876
9888
9978
10000
9909
9910
9831
9931
9871
9970
9931
9936
9822
9865
9966
9895
9882
9919
9938
9864
9811
9948
9956
9961
9930
9929
9885
9928
10000
9887
9931
9874
9979
9941
9939
9861
9992
9880
9866
9933
9895
9946
9974
9901
9882
9876
9860
9901
10000
9907
10000
10000
10000
9964
9890
9893
9766
9866
9959
9886
9953
9828
9781
9914
9943
9878
9850
9886
9813
9952
9888
9925
9925
10000
9998
9876
9975
9893
9813
9856
9896
9942
9885
9966
9973
9837
10000
10000
9893
9876
9961
9923
9965
9844
10000
9982
9862
9901
9945
9857
9953
9864
9956
9972
9883
9967
9938
9887
9953
10000
9915
9839
9918
10000
9991
9995
9908
9879
9978
10000
9914
9969
10000
9957
9953
9942
9882
9957
9891
9863
10000
9968
9816
9931
9968
9930
9895
9952
10000
10000
9895
9940
9999
9921
9911
9802
9787
9909
10000
9969
9859
9947
10000
9787
9921
9890
9996
9897
9961
9926
9778
9931
9921
10000
9890
9920
9889
9940
9915
9916
9988
9892
9958
9962
9932
9924
9818
9825
9900
9950
9839
9972
9944
10000
9903
9944
9902
9915
9733
9862
9874
9915
9906
9826
9897
9924
9822
9971
9925
9930
9845
9897
9923
9875
9975
9914
9875
9920
9942
9935
9890
9912
9753
9854
9870
9928
9871
9948
9965
9908
10000
9961
9936
10000
9901
9915
10000
9952
9961
9945
9910
9900
10000
9991
9955
9929
9847
9940
9828
9999
9890
10000
9709
9989
9820
9929
10000
9839
9915
9889
9895
9907
9910
9896
9941
9846
10000
9831
9945
9916
9965
9970
10000
9837
9931
9899
9856
9955
9925
10000
9916
9855
9995
9917
10000
9948
9995
9878
9888
9926
9642
9856
9876
9949
9893
9841
9891
10000
9944
9963
9871
9883
9991
9930
9855
9827
9979
9913
9869
10000
9985
9797
10000
9926
9890
9876
9993
9948
10000
9760
9962
9856
10000
10000
9897
9931
9755
9894
9928
9933
9796
9933
9862
9914
9835
10000
9793
9935
10000
10000
9795
9860
9908
9935
9941
9947
9982
10000
9931
9921
9985
9867
9907
9952
9902
9860
9980
9918
9834
9805
9889
9892
9828
9818
9871
9933
9919
9924
9933
9905
9848
9930
9992
9906
9887
9887
9957
9928
9972
9925
9946
9854
10000
9874
9944
9945
9937
9967
9958
9963
9852
9890
9891
9967
9965
9827
9989
9768
9982
10000
9914
9962
9940
9933
9923
9880
9916
9781
9963
9989
9989
9990
9806
10000
10000
9944
10000
9937
9929
10000
9992
9942
10000
9922
9854
9929
10000
9906
9803
10000
9866
9725
9898
9942
9817
9847
9940
9809
9631
9951
9912
9979
10000
9989
9880
9933
9947
9848
9832
9963
9999
9991
9997
9804
9854
9858
9853
9982
9999
9918
9896
9910
9939
9871
9933
9999
9975
9943
9876
10000
9871
9935
9865
9876
9862
10000
9879
9983
9922
9915
9948
9817
9999
9934
9892
9891
9917
10000
9901
9852
9903
9858
9977
10000
9887
9925
9862
9960
9913
9995
9986
9958
9765
9995
9913
9881
9798
9925
9855
9902
9946
9984
10000
9900
9864
9996
9822
9927
9900
9947
9949
9943
9907
9899
9928
9981
9984
9969
9855
9894
9866
9911
9972
9931
9999
9813
9962
9976
9953
9990
9891
9999
9932
9930
9899
9944
9928
10000
10000
10000
9905
9877
9922
9914
9885
9875
9916
9861
9936
9922
9929
9878
10000
9813
10000
9900
9958
9868
9899
9850
9672
9980
9934
9988
9762
9935
9941
10000
9908
9950
9996
9820
9885
9940
9933
10000
9910
9915
9897
9973
10000
9895
9965
10000
9826
9801
9991
9998
9816
9957
9898
9995
9973
9837
9929
9995
9872
9927
9928
9840
9781
9896
9909
9979
9893
10000
9841
9923
9838
9998
10000
9917
9926
9858
10000
9963
10000
10000
9865
9849
9763
10000
9863
9949
9972
9991
9999
9891
10000
9905
9898
9997
9938
9832
9921
10000
9908
9920
9892
9997
9877
9979
9871
9906
9972
9994
9865
9935
9846
9898
9986
9928
9958
9848
9871
9942
9777
9939
10000
9857
9938
9869
9999
9928
9921
9881
9877
9928
9911
9792
9895
9919
9793
9990
9948
9881
9925
