10000
9993
9858
9996
9893
9946
9935
10000
9854
10000
10000
9795
10000
9891
9855
9862
9993
9790
10000
9891
9983
10000
10000
10000
9998
10000
9906
10000
9997
9986
10000
9997
9993
10000
9823
9834
9892
9991
10000
9873
9992
9995
10000
9968
10000
9998
10000
9813
10000
9962
9881
9935
9998
10000
9839
9913
10000
10000
10000
9963
10000
10000
9956
10000
10000
10000
9994
9942
10000
9999
10000
10000
9999
9895
10000
9914
9901
10000
9978
10000
10000
10000
9999
9991
9999
9852
9873
10000
10000
9802
9957
10000
10000
9938
10000
9919
9999
9819
9998
9828
9952
9842
10000
9982
9726
9960
9939
9991
9948
9876
9931
9792
9944
9968
9858
9908
9915
9805
9979
10000
10000
9843
10000
9903
10000
9870
9776
10000
9923
9913
9919
9812
9883
10000
9786
9940
9995
10000
9997
9869
9978
9940
10000
9958
9910
9915
9889
10000
9999
9856
9999
10000
10000
10000
10000
9955
10000
10000
10000
9961
9951
10000
10000
9919
9895
10000
9998
9954
9759
9936
10000
10000
10000
9997
9986
9904
9993
9966
10000
10000
9863
9909
10000
10000
9982
9779
10000
10000
9887
9824
10000
9965
9979
9943
9957
9871
9855
10000
10000
9973
9996
10000
10000
10000
10000
9943
9999
10000
9843
9817
9902
9982
10000
10000
9886
9965
9997
10000
9829
10000
9997
9961
9993
10000
10000
9927
10000
9931
10000
9852
10000
10000
10000
9859
10000
10000
10000
9807
10000
9895
9911
9947
10000
10000
9915
10000
9994
9891
10000
10000
10000
10000
9762
9964
10000
9890
10000
10000
9968
9980
10000
9976
10000
9975
9978
10000
9961
9994
9986
10000
9988
9939
9940
9984
9918
9760
9956
9943
9989
9923
9909
9996
9990
10000
9945
9927
9963
9887
9950
10000
9915
10000
9965
9824
10000
10000
10000
9743
9800
9812
10000
9958
9952
9953
9906
10000
9940
9960
9934
10000
10000
9936
10000
9910
10000
9992
10000
10000
9853
10000
9940
10000
9987
9879
9859
9867
10000
10000
9900
9924
10000
9998
10000
9961
10000
9943
9911
9963
9994
9861
9990
9999
9991
10000
9850
9917
10000
9751
9968
10000
9897
9862
10000
10000
10000
9905
10000
9997
10000
9861
9979
10000
9948
10000
9886
9903
9976
10000
9956
10000
9940
9999
9956
9999
9955
10000
9876
9964
9877
9923
10000
9915
10000
9888
10000
10000
10000
9985
9901
9827
9981
9999
9837
9955
9973
9998
9839
9897
9987
9998
10000
9822
9996
9709
10000
9992
9993
9926
9996
9926
9956
9889
9872
9796
10000
9994
10000
9901
9913
9988
9926
9911
9988
9998
9961
10000
9999
9998
9970
9790
10000
9967
10000
10000
10000
9928
9979
10000
10000
9989
9972
9890
9995
9990
9975
9957
9958
9968
9876
10000
9990
10000
9999
9892
9890
9877
9987
9912
10000
9998
10000
10000
9962
10000
9916
9885
10000
9943
9942
9994
10000
9981
9757
10000
9874
9900
9997
9999
10000
10000
10000
9873
10000
10000
10000
9919
9996
10000
10000
10000
9809
9888
9939
9998
9999
9989
9937
9880
10000
9834
10000
9989
9933
9770
10000
10000
9868
9999
9998
10000
9949
9996
9868
10000
9870
10000
9966
9942
9968
10000
10000
10000
9921
10000
10000
9885
9964
10000
9992
9967
9909
9871
10000
9916
10000
9946
10000
9878
9902
9921
9940
10000
9926
9917
9907
9982
10000
10000
9950
9816
9892
9930
10000
9842
10000
9992
9924
9980
10000
9955
10000
9975
9938
9770
10000
9880
10000
9987
9958
9862
9998
10000
9897
9874
9956
9992
10000
10000
9955
9988
9984
10000
9901
10000
10000
9971
9753
9949
9927
10000
10000
10000
9905
9862
9925
9920
9972
10000
9878
10000
9887
9961
9885
9872
9962
9910
9902
9933
10000
9970
10000
9946
9954
9980
9995
9939
10000
10000
10000
10000
9948
10000
10000
9999
9922
9870
9962
10000
9987
9890
9976
9934
9895
9930
9888
10000
9911
9998
10000
10000
9765
9899
9944
10000
9991
9930
10000
9980
10000
9909
9868
9999
9867
10000
10000
9885
9852
10000
10000
9770
9972
9988
10000
10000
9862
9987
10000
9903
9823
10000
9912
9991
10000
9904
9990
9915
10000
9997
9998
10000
10000
10000
9974
9929
9944
10000
9989
9954
9910
9882
9999
9962
10000
9984
9997
9919
9996
9922
10000
10000
10000
9919
9868
9996
9968
9950
9962
9857
9994
9908
9858
9809
9862
9903
9991
9996
9884
9996
9874
10000
10000
10000
9894
9993
9931
10000
10000
9930
9872
9984
10000
9994
9994
9933
9897
9927
9958
9855
9996
9935
9860
10000
9893
9814
10000
9810
9906
10000
9734
9888
9846
9950
9943
10000
9921
10000
9999
10000
10000
10000
9995
9935
10000
9907
9893
9998
10000
9980
10000
10000
10000
10000
9872
9938
10000
9910
10000
9912
9993
9999
9991
10000
10000
9910
9860
9872
10000
9861
9896
10000
9972
9953
9987
9981
9958
9984
9974
9962
9843
9936
9785
10000
10000
9986
9997
9965
9867
9890
9997
10000
9899
9971
10000
9935
10000
9975
9928
9876
10000
10000
10000
9974
9892
10000
10000
9916
9885
9887
9901
9960
10000
9893
10000
9944
9866
10000
9913
10000
10000
10000
9994
10000
9862
9880
9979
10000
10000
9874
10000
9999
9921
9846
9918
9830
9876
9919
9871
9822
10000
10000
10000
9993
9999
9998
9972
9993
9833
9953
10000
10000
9916
10000
10000
9953
10000
10000
10000
9852
9920
10000
9806
10000
9944
10000
9888
9963
9839
9870
9948
9912
9976
9964
9906
10000
9853
9879
9999
9978
10000
10000
10000
9798
10000
9998
9994
9891
10000
10000
9971
10000
9869
10000
9912
9953
9864
9849
10000
10000
10000
10000
9941
10000
9916
9917
9944
9933
9992
9919
10000
10000
10000
9901
9917
10000
9857
9904
9993
10000
9946
10000
9998
10000
10000
10000
10000
10000
10000
10000
10000
10000
10000
9942
9896
10000
9998
9985
9849
9929
9879
9884
9942
9983
9998
10000
9908
9882
9999
9893
9853
10000
9903
9999
10000
9855
9904
10000
9951
9852
9749
10000
10000
9839
10000
9994
9965
10000
10000
10000
9976
9996
10000
9823
10000
9986
9999
9724
9927
9916
9997
9998
