9964
9909
9936
9900
9907
9957
9762
9890
9944
9893
9934
9821
9961
9893
9833
9735
10000
9892
9915
9993
9925
9977
9892
9896
9899
9869
9905
9900
9922
9888
9842
9910
9931
9998
9887
9906
9936
9971
9959
9877
9896
9963
9918
9912
9919
9971
9892
9982
9952
9958
9962
9905
9970
9914
9932
9912
9935
9959
9998
9988
9837
9693
9955
9975
9950
9966
9836
9875
9988
9836
9912
9887
9905
9900
9944
9800
9982
9954
9826
9918
9956
9923
9844
9946
9884
9882
9938
9852
9908
9932
9921
9915
9921
9882
9890
9910
9900
9818
9817
9957
9903
9942
9903
9798
9975
9914
9933
9888
9924
9905
9927
10000
9933
9906
9883
9813
9900
9980
9826
9917
9871
9904
9911
9872
9980
9938
9906
9706
9943
9970
9841
9954
9837
9753
9950
9941
9850
9896
9922
9934
9903
9957
9986
9880
9986
9893
9924
9768
9885
9932
9945
9828
9949
9920
9966
9944
9944
9915
9897
9980
9853
9869
9897
9906
9982
9880
9876
9994
9948
9866
9840
9869
9877
9874
9986
9828
9963
9871
9825
9875
9955
9951
9849
9892
9910
9975
9869
9885
9924
9967
9925
9818
9864
9891
9911
9989
9917
9873
9906
9769
9912
9838
9877
9860
9884
9957
9972
9894
9978
9854
9900
9941
9958
9934
9869
9867
9951
9820
9991
9873
9837
9806
9901
9895
9817
9998
9926
9963
9910
9849
9944
9961
9864
9831
9961
9875
9905
9951
9972
9879
9923
9962
9955
9941
9924
9771
9697
9878
9894
9987
9945
9906
9922
9879
9961
9963
9938
9832
9907
9925
9887
9796
9914
9989
9862
9890
9979
9876
9739
9867
9850
9931
9938
9795
9878
9912
9988
9993
9848
9959
9905
9936
9976
9876
9976
9936
9817
9914
9802
9879
9848
9857
9933
9894
9965
9902
9862
9831
9730
9908
9827
9898
9890
9924
9898
9875
9962
9886
9871
9843
9806
9963
9852
9716
9911
9841
9943
10000
9960
9919
9932
9935
9917
9842
9983
9983
9869
9803
9949
9978
9973
9860
9867
9913
9927
9808
9912
9924
9946
9882
9852
9819
9809
9717
9922
9946
9828
9924
9920
9906
9864
9916
9812
9963
9862
9963
9940
9921
9825
9983
9919
9949
9979
9989
9892
9826
9875
9941
9923
9955
9935
9930
9864
9923
9981
9854
9954
9990
9882
9932
9955
9974
9814
9821
9781
9744
9774
9906
9841
9888
9912
9930
9888
9871
9917
9973
9794
9923
9858
9939
9892
9871
9938
9856
9927
9940
9915
9857
9892
9976
9920
9931
9886
9899
9951
9924
9960
9938
9839
9881
9867
9764
9890
9950
9888
9912
9884
9975
9960
9851
9848
9880
9789
9929
9875
9908
9909
9951
9882
9907
9886
9952
9945
9881
9855
9908
9852
9882
9962
9877
9971
9887
9937
9905
9878
9962
9957
9797
9965
9895
9991
9851
9975
9989
9906
9911
9846
9891
9931
9830
9927
9937
9906
9990
9975
9951
9936
9951
9877
9903
9872
9753
9983
9980
9946
9864
9850
9927
9921
9782
9916
9972
9862
9973
9965
9882
9953
9940
9905
9943
9881
9869
9898
9866
9892
9904
9950
9944
9727
9912
9884
9969
9812
9966
9948
9863
9939
9809
9894
9991
9939
9954
9931
9908
9881
9935
9957
9962
9923
9889
9915
9893
9921
9858
9943
9827
9899
9844
9905
9888
9811
9873
9869
9853
9993
9919
9967
9905
9947
9895
9923
9908
9889
9916
9989
9906
9884
9939
9965
9953
9918
9929
9892
9902
9780
9997
9823
9591
9923
9877
9959
9921
9948
9948
9822
9955
9807
9895
9898
9906
9841
9709
9899
9960
9976
9939
9892
9991
9914
9959
9971
9957
9815
9880
9881
9862
9856
9905
9913
9877
9899
9932
9894
9893
9935
9908
9938
9792
9964
9975
9890
9900
9822
9784
9937
9958
9946
9857
9956
9872
9856
9850
9900
9966
9941
10000
9952
9926
9920
9790
9958
9990
9987
9963
9955
9833
9922
9984
9905
9942
9958
9805
9944
9926
9909
9918
9893
9876
9938
9942
9928
9828
9886
9949
9981
9870
9901
9965
9992
9779
9884
9983
9953
9984
9912
9801
9892
9879
9947
9989
9912
9946
9795
9965
9888
9927
9852
9929
9900
9876
9906
9801
9866
9886
9905
9965
9926
9988
9922
9930
9854
9909
9912
9933
9902
9726
9984
9945
9943
9943
9972
9943
9832
9887
9960
9844
9919
9904
9908
9907
9762
9793
9909
9998
9949
9913
9963
9764
9949
9934
9868
9944
9932
9761
9887
9921
9910
9871
9952
9938
9861
9961
9921
9910
9892
9945
9840
9961
9960
9932
9877
9991
9896
9893
9763
9983
9941
9833
9983
9892
9961
9961
9844
9946
9870
9915
9915
9858
9892
9927
9866
9893
9878
9922
9854
9914
9870
9943
9831
9842
9932
9938
9894
9851
9874
9932
9942
9923
9968
9942
9929
9814
9813
9883
9865
9887
9904
9938
9855
9928
9911
9894
9954
9945
9949
9927
9893
9928
9932
9935
9825
9872
9920
9847
9913
9868
9947
9938
9995
9913
9937
9953
9948
9896
9918
9937
9916
9936
9948
9965
9871
9907
9975
9908
9936
9930
9877
9878
9861
9960
9957
9818
9771
9954
9942
9872
9890
9989
9888
9871
9822
9916
9760
9878
9855
9961
9948
9883
9913
9925
9879
9942
9922
9911
9897
9870
9795
9990
9886
9770
9911
9928
9906
9782
9944
9917
9944
9769
9924
9963
9929
9941
9940
9956
9982
9947
9859
9981
9926
9821
9865
9935
9998
9879
9947
9968
9907
9901
9844
9825
9860
9959
9918
9806
9937
9877
9906
9922
9909
9976
9890
9930
9900
9943
9821
9965
9873
9922
9890
9925
9919
9932
9948
9803
9848
9945
9932
9938
9902
9832
9916
9963
9958
9988
9906
9745
9884
9927
9958
9860
9858
9949
9922
9922
9908
9960
9969
9825
9941
9899
9925
9985
9939
9869
9916
9978
9917
9845
9914
9808
9918
9950
9837
9724
10000
9941
9974
9906
9983
9976
9953
9899
9939
9991
9915
9922
9904
9845
9810
9998
9884
9906
9913
9926
9878
9926
9893
9922
9884
9858
9890
9826
9943
9891
9974
9835
9857
9900
9862
9883
9892
9838
9955
9899
9824
9925
9855
9933
9909
9827
