9916
9890
10000
10000
10000
9871
9890
10000
10000
9890
10000
9956
9948
10000
9996
10000
9956
9923
9971
9920
10000
10000
9873
9879
9921
10000
9909
10000
9945
9946
9860
9837
10000
9949
10000
9957
9926
9934
10000
10000
9953
9999
9891
10000
9931
10000
9932
9726
10000
9839
10000
10000
9885
9998
10000
9821
10000
10000
9997
9917
10000
9925
10000
9857
10000
9953
9915
9997
10000
9909
9944
9907
9862
9900
10000
9860
9988
10000
10000
9966
9916
10000
9779
9801
9839
9885
10000
10000
9831
9910
9932
9974
10000
9863
10000
9843
10000
9922
9847
9951
9950
9851
10000
9864
9955
9963
9991
9854
9979
9928
10000
9807
9946
9997
9990
9924
10000
10000
10000
9928
9961
9964
9771
9923
9789
9909
9849
9894
10000
10000
9903
10000
9911
10000
9786
10000
10000
9974
9920
9756
9849
10000
10000
9882
10000
9948
9957
9913
9850
10000
9993
9919
10000
9884
10000
10000
9878
9876
9895
9726
9901
10000
9947
9903
9898
9839
9843
9763
9887
10000
10000
9999
10000
9867
9903
10000
9919
9876
9996
10000
9925
9882
10000
10000
10000
9903
10000
9970
9920
10000
9975
9938
9979
9982
10000
10000
10000
10000
9933
10000
9888
10000
10000
10000
10000
10000
9913
10000
9940
9860
9917
9871
9779
10000
9890
9999
10000
10000
9924
9845
9991
9904
10000
10000
10000
9960
9850
9985
9958
9937
9937
9827
9907
9903
9902
9957
9844
10000
9783
10000
9882
9900
9811
9851
9988
10000
9999
9800
9848
9927
9892
9930
9987
10000
9970
9945
10000
9809
10000
9884
9844
9869
9928
10000
9926
10000
9933
9877
9870
9988
9995
10000
9898
9934
9999
9901
9892
9857
9943
9891
10000
9997
10000
10000
9870
9927
9765
10000
9962
9922
10000
10000
9972
10000
9969
9904
10000
9973
9872
10000
9997
9933
9883
10000
10000
10000
9935
9959
10000
9909
9992
10000
9847
9852
10000
10000
9995
9998
9968
9978
9893
10000
10000
9999
9922
10000
9934
9893
9895
9927
9882
9890
9845
9914
9928
9884
10000
10000
9919
9840
9875
10000
9979
10000
10000
9924
9865
9864
10000
9852
9949
9965
10000
9847
9847
9831
9938
9915
10000
9926
10000
9927
9958
10000
9854
10000
9914
9954
9979
9977
9974
9934
9921
9917
9859
9922
10000
10000
9959
9895
9904
10000
10000
9980
9932
9995
10000
9995
10000
10000
9741
9807
9995
9895
10000
9935
9905
10000
10000
10000
10000
10000
9952
10000
10000
9830
9937
9877
10000
9831
9942
10000
9931
9834
9821
10000
10000
10000
9919
9998
10000
9919
10000
9788
10000
9944
10000
9885
9958
9917
9933
9926
9910
10000
10000
9794
10000
10000
9910
10000
9851
9828
9870
9904
9961
10000
10000
9921
9875
9947
9925
10000
9835
9975
9999
10000
9936
10000
9940
9898
9888
9933
9940
10000
10000
10000
9928
9970
9998
9834
9817
9743
9930
9912
9903
10000
9986
9940
9963
10000
9752
9936
9981
10000
9998
10000
10000
9849
9705
10000
9960
9920
9897
9997
9815
9873
9905
10000
10000
9922
9942
10000
10000
9987
10000
9884
10000
9977
9960
9957
9997
9850
9876
9887
9792
9919
10000
9929
10000
9918
9928
9954
10000
9883
9898
9872
9867
9987
9919
9823
9881
9862
9922
10000
9881
10000
10000
9932
10000
9822
9907
9804
9930
10000
10000
9985
9961
9960
9925
10000
9972
10000
9954
10000
9929
9987
9847
9842
9841
10000
10000
9930
10000
9891
9954
10000
9852
10000
9963
9961
10000
9956
9896
10000
9818
9919
9733
9999
9963
9952
9841
10000
10000
10000
9949
9853
9918
10000
9987
9993
9947
10000
9971
10000
10000
9902
9786
9827
10000
9929
10000
9930
9992
9934
9954
9959
9994
10000
9902
9938
9949
9927
9776
9848
9822
9843
9925
10000
9939
9925
9849
9992
10000
9950
10000
9880
10000
9870
10000
9998
10000
9956
10000
9997
10000
9875
9839
10000
10000
9727
10000
9990
9916
9949
9999
9938
9949
9821
10000
9975
9897
9911
10000
9916
9898
9819
9866
9920
9947
10000
9856
10000
9962
9765
9928
9926
9917
9919
10000
9938
10000
9894
10000
9958
9984
10000
9904
9916
9940
9994
10000
10000
9925
10000
9991
9673
9829
10000
10000
9941
9929
9969
9877
9821
9839
10000
9928
9887
9974
9884
9933
9898
10000
10000
9902
9940
9922
9968
9880
9936
9988
9834
9804
9922
9859
10000
9926
9996
10000
10000
9934
10000
9974
9996
9931
9897
10000
9987
10000
9933
10000
9997
9869
9874
9880
9957
10000
9929
10000
10000
10000
9999
10000
9947
9994
10000
9997
9919
9852
9962
9847
10000
9894
9960
9899
9942
9892
9959
10000
10000
9898
9890
9972
9941
9961
9928
10000
9889
10000
10000
9934
9992
10000
10000
9986
10000
9819
10000
10000
9905
9977
10000
10000
9997
9994
9858
9999
10000
9949
9991
9939
9924
9902
9880
9904
10000
9902
9864
10000
10000
9877
10000
10000
9898
9937
9938
9888
9919
9966
9884
9955
9930
9867
9924
9913
9869
10000
10000
9978
9940
9715
9901
9961
9920
9939
10000
9841
9924
10000
9891
10000
9922
9955
9878
9955
10000
9928
9802
10000
10000
10000
9941
9950
10000
9875
9969
9883
9975
9875
9948
9997
9937
9949
9925
10000
9768
9844
9860
9883
9913
10000
10000
9917
9874
10000
10000
10000
9883
10000
9998
9827
10000
9999
9837
9987
10000
9879
9918
10000
9913
9908
9904
9909
9927
9845
9953
10000
10000
10000
10000
9998
9958
9980
9885
9932
9887
9946
9993
9937
10000
9919
9913
9860
9999
10000
9928
9936
9994
10000
9827
10000
9885
10000
9973
9943
9835
10000
9982
10000
9961
9847
9929
9859
9927
9727
9956
9946
10000
9914
10000
9931
10000
10000
9936
9912
10000
10000
9819
9995
9960
9978
10000
9964
9973
10000
9911
9845
10000
10000
10000
9948
9934
9924
9999
9944
10000
9882
10000
9950
9842
9922
10000
10000
9839
9933
9958
9963
9935
10000
9977
10000
9933
9936
10000
9982
9970
9866
9904
10000
9956
9887
9895
9893
9784
9889
9924
9999
9967
9996
9957
10000
9980
10000
9938
10000
9921
9999
9829
9954
10000
