9916
10000
10000
9918
10000
9791
9917
9849
9791
9889
9883
10000
10000
9958
10000
10000
10000
10000
10000
9880
9890
9835
10000
10000
9982
10000
9930
10000
9924
9817
10000
10000
9810
10000
9881
9999
9941
10000
9855
9999
10000
9898
9953
10000
10000
10000
9857
10000
9897
9880
10000
10000
9909
10000
10000
9960
9846
9817
9953
10000
9839
9929
10000
9918
9891
9982
10000
10000
9867
9996
10000
10000
9921
9915
10000
10000
10000
9854
10000
9882
9891
9942
10000
10000
10000
9997
10000
10000
9829
10000
9919
10000
9808
10000
10000
10000
10000
10000
10000
9930
9915
9954
9821
9843
10000
10000
9921
9864
10000
9993
10000
9868
9914
9855
9906
10000
10000
10000
9938
9911
10000
9996
9987
10000
9926
10000
10000
10000
9874
9935
10000
9959
10000
10000
10000
9878
9997
9921
9896
10000
9990
10000
10000
10000
9961
10000
10000
10000
9843
9922
9941
10000
9991
9862
10000
10000
9942
9923
9913
10000
10000
9999
10000
10000
10000
9914
10000
10000
9959
9940
10000
9928
9898
9901
9961
9919
10000
10000
9925
9993
9933
9939
10000
10000
9926
9924
10000
9963
9996
10000
9775
10000
9888
10000
9864
10000
10000
10000
9910
9998
9860
9994
10000
9868
9996
10000
10000
9934
9995
9867
9867
9953
9963
9999
10000
9875
9879
10000
10000
10000
9891
10000
9870
9832
10000
10000
9968
9874
10000
10000
10000
10000
9925
9908
9934
9997
10000
9847
10000
9959
9882
9860
10000
10000
9995
9913
9996
9987
10000
9915
10000
9928
9925
10000
10000
9899
9873
10000
9990
10000
9998
9877
9997
9820
10000
9788
10000
10000
9774
10000
10000
10000
9967
9996
10000
10000
10000
10000
10000
9917
10000
10000
9913
10000
9998
9999
10000
9985
9980
10000
10000
9967
9930
10000
10000
10000
9811
9976
10000
9942
9980
9918
9878
10000
10000
10000
9861
9911
9902
9874
10000
10000
9810
10000
10000
9925
9920
10000
10000
10000
10000
10000
10000
9893
10000
9978
10000
9954
9967
10000
9916
9904
9934
10000
9846
10000
9921
9925
10000
9927
9995
10000
9991
9942
9985
9929
9922
9889
9871
9840
10000
9833
9924
10000
9871
9852
10000
10000
10000
9859
10000
10000
9936
9932
9999
9937
10000
10000
9912
9995
10000
10000
10000
10000
10000
9873
9909
9891
10000
10000
10000
10000
9965
10000
9855
9860
10000
9841
10000
9916
10000
10000
10000
10000
10000
10000
10000
10000
9938
10000
9987
10000
9998
10000
9992
10000
9939
10000
10000
9968
10000
10000
9837
9904
10000
10000
9833
10000
10000
9868
10000
10000
9932
10000
9961
10000
10000
10000
9809
10000
9881
10000
9923
10000
10000
10000
9995
9906
9893
9935
9965
10000
9933
9864
9937
10000
10000
9998
10000
10000
9931
10000
10000
10000
10000
9907
9947
9988
9921
10000
10000
10000
10000
9918
9954
9704
10000
10000
9999
10000
10000
10000
9995
10000
9915
9925
9956
9743
10000
9753
10000
10000
9973
9888
9843
9859
10000
10000
9988
10000
10000
10000
10000
10000
9999
9912
10000
10000
9996
9953
9946
10000
10000
10000
9828
9939
10000
9963
10000
9933
9889
9863
10000
9946
10000
10000
9943
10000
9942
10000
10000
9772
10000
10000
10000
10000
9978
9939
10000
9923
9774
9865
9883
10000
9838
9903
9933
10000
10000
10000
10000
10000
9999
10000
10000
9907
10000
9877
9983
9834
9901
9928
9716
9836
9965
9998
10000
9835
9775
9999
10000
10000
9848
9934
9959
9848
10000
9905
9999
9880
9858
10000
9877
10000
9962
10000
9995
9897
9969
10000
9932
9910
10000
9999
9837
10000
9847
10000
9973
9884
9999
9992
10000
9996
10000
10000
9887
10000
10000
10000
10000
10000
9897
9895
9868
10000
10000
9875
9918
10000
9845
9952
10000
9923
10000
9946
10000
10000
9974
10000
10000
10000
10000
9937
9904
10000
9900
9938
10000
10000
9948
9857
10000
10000
10000
10000
10000
10000
10000
9985
9832
9987
10000
9910
10000
10000
10000
9999
10000
9992
10000
9745
9958
9862
9918
10000
9902
10000
9981
10000
9889
9911
9906
10000
10000
10000
10000
9999
9996
9879
10000
9886
10000
9908
10000
10000
10000
9917
10000
10000
10000
10000
9869
9875
9916
9963
9874
9911
9919
10000
9967
9895
9971
10000
9889
10000
9971
9849
10000
10000
10000
9950
10000
10000
10000
9928
9933
9768
10000
9871
10000
10000
9890
9808
9894
10000
10000
9871
10000
10000
10000
9863
9955
10000
9999
10000
9919
10000
10000
9810
10000
10000
10000
10000
9947
10000
9983
10000
10000
9983
10000
9903
10000
9950
9858
9951
10000
9974
9973
10000
10000
9997
10000
9993
9995
9928
10000
10000
10000
9935
10000
9958
9999
9903
9999
9921
9843
9848
9950
10000
9779
9831
9906
9860
10000
9896
10000
10000
9866
9875
9959
9838
9879
10000
10000
10000
10000
10000
10000
10000
10000
10000
10000
10000
9762
10000
10000
9999
9968
10000
9954
10000
10000
9807
10000
9905
10000
10000
9852
9824
10000
9917
10000
10000
9949
10000
10000
10000
10000
9974
9966
9988
9763
9998
10000
10000
10000
10000
10000
10000
9966
10000
9872
9885
9965
10000
9919
9852
10000
9999
9940
9987
10000
9756
10000
9999
9931
10000
9986
9856
9905
10000
9987
10000
9995
9997
9996
9981
9828
9995
10000
9989
10000
9904
10000
10000
9998
9913
10000
9785
10000
10000
10000
9999
10000
10000
9924
10000
9782
10000
9896
10000
10000
9770
10000
10000
9864
9937
10000
10000
9885
9987
10000
10000
9839
10000
10000
9717
10000
9998
9957
10000
10000
9847
9918
9945
9884
9910
10000
10000
10000
9882
10000
10000
10000
9807
10000
9970
10000
9957
9947
10000
10000
10000
9780
10000
10000
10000
9994
9988
10000
10000
9930
9995
10000
10000
10000
9998
9995
10000
10000
10000
10000
9992
9856
9917
9914
10000
9956
9827
10000
9924
9918
9853
10000
9896
9875
10000
9849
10000
10000
10000
10000
10000
10000
10000
10000
10000
10000
10000
10000
10000
9888
10000
10000
10000
10000
10000
10000
10000
9809
10000
10000
10000
9961
10000
10000
9998
10000
9942
10000
10000
9814
10000
10000
9951
9904
9911
9999
10000
