9940
9958
9927
9935
9915
9900
9915
9900
9874
9938
9969
9897
9871
9887
9924
9866
9900
9955
9940
9944
9676
9949
9966
9895
10000
9896
9849
9850
9993
9880
9826
9905
9897
9891
9882
9958
9826
9876
9876
9958
9871
9833
9931
9954
9913
9889
9922
9997
9915
9853
9907
9999
9860
9879
9875
9996
9894
9938
9920
9897
9811
9837
9906
9967
9978
9837
9953
9951
9889
9903
9853
9961
9880
9903
9852
9904
9928
9919
9820
9903
9878
9912
9921
9970
9890
9833
9938
9793
9849
9916
9851
9892
9911
9894
9916
9901
9865
9936
9955
9925
9894
9952
9928
9930
9936
9893
9892
9942
9844
9708
9887
9981
9873
9919
9872
9851
9955
9902
9916
9895
9898
9790
9940
9910
9959
9823
9949
9950
9905
9995
9908
9851
9906
9924
9853
9978
9830
9944
9957
9918
9968
9900
9982
9866
9886
9907
9930
9892
9946
9914
9909
9911
9892
9901
9956
9742
9968
9893
9863
9848
9919
9916
9922
9925
9839
9917
9906
9938
9909
9946
9921
9943
9881
9934
9928
9844
9997
9915
9928
9950
9880
9930
9912
9902
9997
9909
9920
9903
9973
9909
9852
9966
9881
9950
9965
9821
9949
9972
9948
9899
9833
9850
9912
9948
9959
9895
9887
9760
9958
9892
9978
9949
9984
9860
9904
9944
9887
9932
9957
9936
9839
9880
9952
9932
9936
9773
9822
9957
9918
9949
9966
9934
9773
9918
9849
9890
9900
9910
9871
9845
9985
9931
9870
9863
9975
9941
9893
9869
9902
9911
9932
9977
9946
9916
9831
9924
9965
9930
9956
9866
9881
9903
9887
9914
9965
9900
9917
9923
9940
9960
9875
9929
9868
9976
9877
9849
9949
9927
9861
9940
9835
9918
9787
9952
9887
9945
9878
9873
9910
9910
9973
9986
9880
9845
9976
9955
9967
9941
9899
9879
9865
9905
9940
9883
9873
9926
9944
9915
9908
9898
9909
9830
9943
9862
9912
9951
9910
9867
9874
9977
9869
9845
9901
9913
9919
9943
9893
9962
9913
9945
9982
9906
9877
9858
9913
9940
9908
9855
9931
9959
9888
9903
9940
9883
9941
9902
9952
9714
9891
9848
9874
9917
9883
9924
9943
9900
9978
9871
9947
9846
9926
9965
9885
9959
9895
10000
9894
9927
9996
9756
9933
9931
9942
9946
10000
9952
9971
9920
9956
9827
9966
9812
9918
9876
9914
9950
9937
9998
9961
9870
9944
9909
9863
9944
9645
9883
9845
9903
9832
9967
9969
9887
9841
9974
9933
9940
9990
9849
9890
9831
9819
9924
9898
9946
9941
9968
9933
9846
9934
9929
9998
9805
9936
9971
9846
9892
9906
9858
9948
9986
9890
9959
9858
9949
9842
9938
9790
9930
9856
9876
9913
9856
9950
9907
9954
9907
9954
9822
9870
9863
9818
9843
9878
9952
9889
9953
9953
9826
9908
9922
9910
9854
9919
9881
9973
9832
9845
9776
9829
9882
9901
9974
9810
9894
9893
9912
9817
9935
9885
9864
9726
9908
9885
9789
9861
9957
9901
9957
9862
9954
9946
9877
9933
9899
9937
9925
9890
9925
9965
9932
9945
9971
9839
9947
9953
9894
9856
9764
9940
9966
9882
9910
9866
9904
9901
9974
9957
9855
9960
9930
9856
9844
9984
9851
9931
9825
9948
9956
9876
9929
9971
9855
9941
9919
9963
9950
9950
9955
9887
9861
9923
9931
9955
9901
9920
9910
9901
9977
9906
9911
9974
9930
9938
9988
9896
9946
9960
9872
9912
9871
9918
9863
9971
9856
9934
9964
9968
9956
9965
9818
9864
9783
9933
9952
9856
9849
9859
9937
9796
9937
9909
9989
9932
9885
9899
9967
9861
9873
9838
9742
9828
9783
9883
9788
9940
9952
9785
9908
9896
9925
9867
9873
9969
9846
9918
9944
9963
9899
9889
9929
9913
9956
9842
9810
9937
9859
9724
9942
9936
9863
9988
9970
9792
9824
9899
9914
9887
9924
9812
9989
9651
9888
9856
9920
9877
9916
9952
9901
9961
9961
9969
9954
9800
9934
9780
9933
9809
9882
9889
9892
9927
9866
9907
9887
9873
9888
9842
9915
9940
9911
9922
9867
9883
9933
9841
9917
9979
9828
9874
9962
9961
9953
9891
9841
9814
9958
9768
9883
9937
9951
9908
9870
9887
9948
9847
9927
9832
9948
9938
9996
9929
9855
9888
9779
9978
9832
9928
9982
9975
9881
9956
9875
9942
9906
9928
9930
9920
9755
9901
9929
9885
9866
9939
9952
9946
9811
9938
9922
9939
9882
9946
9910
9932
9795
9921
9944
9907
9891
9932
9700
9865
9870
9979
9944
9915
9940
9786
9911
9950
10000
9883
9860
9774
9892
9924
9904
9865
9907
9763
9948
9950
9947
9974
9791
9831
9894
9954
9935
9922
9859
9895
9867
9796
9990
9930
9902
9957
9972
9951
9907
9954
9929
9928
9898
9940
9905
9920
9964
9955
9934
9909
9964
9916
9967
9850
9939
9841
9960
9904
9793
9905
9931
9935
9917
9938
9915
9800
9938
9884
9965
9950
9858
9753
9935
9881
9932
9897
9949
9912
9853
9899
9902
9940
9971
9938
9949
9983
9958
9911
9975
9933
9912
9950
9906
9824
9774
9908
9903
9948
9910
9757
9793
9962
9973
9899
9967
9967
9764
9851
9871
9920
9918
9892
9899
9931
9821
9870
9912
9856
9951
9889
10000
9903
9960
9885
9946
9897
9892
9919
9900
9906
9921
9861
9915
9896
9893
9820
9961
9953
9938
9895
9845
9934
9952
9905
9947
9865
9870
9594
9939
9906
9913
9884
9940
9961
9964
9915
9795
9914
9865
9909
9767
9876
9858
9928
9964
9898
9951
9862
9906
9898
9932
9922
9880
9916
9777
9898
9967
9887
9878
9837
9898
9799
9827
9921
9940
9924
9947
9988
9923
9902
9911
9907
9963
9867
9913
9929
9922
9970
9934
9861
9905
9907
9869
9946
9929
9812
9874
9929
9972
9955
9815
9911
9923
9968
9942
9920
9834
9906
9904
9917
9942
9845
9943
9893
9787
9874
9942
9853
9902
9944
9754
9935
9990
9919
9860
9898
9799
9832
9932
9836
9856
9969
9865
9954
9972
9859
9979
9763
9956
9884
9854
9901
9828
9901
9831
9872
9866
9963
9897
9900
9879
9903
9880
9901
9877
9868
9903
9905
9963
