9714
9952
9950
9920
9999
10000
9922
9922
10000
9895
9964
10000
9880
10000
9933
9955
9954
9862
10000
9902
9961
10000
10000
10000
9793
9988
10000
9979
9922
10000
10000
9921
9979
10000
10000
9954
9850
9934
9871
9898
10000
10000
9876
10000
9928
9940
9855
10000
10000
9992
9933
9898
10000
9970
10000
9701
10000
10000
9936
9995
9941
9984
9999
9942
10000
9911
9939
10000
10000
9926
10000
10000
10000
10000
10000
9894
9885
10000
10000
10000
10000
10000
10000
10000
10000
10000
10000
9868
9828
9986
9931
9984
9999
9933
9967
10000
10000
9953
9939
10000
10000
9877
9848
9845
9858
10000
9868
9979
10000
9820
10000
9868
9999
9882
9998
9952
9847
10000
10000
9988
9958
9980
9983
10000
9811
9921
9925
9824
9966
9846
9958
10000
9990
10000
9956
9956
10000
9895
9911
9906
9917
10000
9987
9922
9917
9926
10000
9952
9936
9942
9928
9978
9875
9867
9808
10000
9746
10000
9771
10000
9892
9742
10000
10000
9958
9915
10000
10000
9940
9825
10000
10000
9934
10000
10000
9984
9971
10000
10000
9899
9928
9818
10000
10000
9968
9915
9907
9971
9934
9871
10000
10000
9893
10000
9999
9900
9928
9982
10000
9988
10000
9912
9902
9943
9993
10000
10000
9993
9999
9945
9975
9819
9964
9965
10000
9976
9977
9886
9865
9948
9949
9910
9937
9908
9861
9972
9941
9887
9841
10000
10000
9905
10000
9896
9822
10000
9890
10000
9898
10000
9999
10000
9987
9927
10000
9946
9902
10000
9857
9986
10000
10000
9834
9900
10000
9984
9934
9897
9929
10000
9977
10000
9786
9873
10000
10000
10000
9996
10000
9782
10000
9972
9956
10000
10000
9772
9988
9952
10000
9959
10000
10000
9582
10000
10000
9863
10000
9844
9998
10000
9900
10000
9991
10000
9952
10000
10000
10000
10000
9917
9999
9953
9904
9941
9960
9903
9971
9747
9969
9963
10000
9822
10000
9959
10000
9881
9926
9959
9899
9925
9915
10000
9852
9803
9877
9855
9913
9892
9933
10000
9967
10000
10000
9997
10000
10000
9865
10000
9975
9947
10000
9952
9776
9897
9998
9747
9835
9892
9996
9939
9953
9938
9998
10000
10000
9871
9844
10000
9948
9913
10000
9862
10000
9999
9947
9921
10000
9681
9993
9922
10000
9920
9914
9937
9760
9984
9991
10000
10000
9758
10000
9975
9923
10000
9998
10000
10000
10000
9875
9800
9853
10000
10000
9880
9953
10000
9888
9965
9991
9998
9927
10000
9942
9980
10000
9987
9979
9881
10000
9902
9966
9934
9914
9997
9951
9871
9935
9866
10000
10000
10000
9773
9970
9953
10000
10000
10000
9792
9946
9886
9859
9954
9889
10000
9862
9948
10000
9882
9963
9909
9894
9949
9974
9949
9973
9983
9868
9883
9980
9908
9937
9943
9870
9898
10000
10000
9969
10000
9948
9997
10000
9906
9988
10000
10000
9938
9998
10000
9953
9896
9928
9967
9847
10000
10000
9913
9975
9955
9996
9694
9862
9865
9921
9887
9912
9950
9905
10000
9911
9955
10000
10000
9945
10000
10000
9906
10000
10000
10000
9922
10000
9976
9928
9910
9932
9921
10000
9989
9878
10000
10000
9931
10000
9968
9840
10000
10000
10000
10000
9809
9999
9896
10000
9878
9932
9937
9939
9956
9980
10000
9962
9877
10000
10000
9833
9891
9943
9950
10000
9921
9922
10000
9921
9904
9850
10000
10000
9938
9929
9932
9871
9883
9943
10000
9874
9952
10000
9934
9855
9956
9998
9977
10000
9949
9954
9952
9888
10000
10000
10000
9949
9878
10000
9898
9914
10000
9828
10000
10000
9992
10000
10000
10000
10000
9909
10000
9881
9998
10000
9851
9916
9949
10000
9966
9919
10000
9974
10000
9951
9951
9924
9875
9922
9973
9900
10000
9838
9930
9958
9873
9933
9941
9974
9934
9832
10000
10000
10000
9970
9908
9971
9908
9811
9903
9913
9932
9908
10000
10000
9976
10000
9885
10000
9928
9992
10000
10000
9943
9973
9998
9945
10000
9909
10000
9794
10000
9833
9761
9997
10000
10000
10000
9991
10000
9863
9918
9957
10000
9924
9856
9942
9963
9940
9980
10000
9777
10000
9929
10000
10000
9909
10000
10000
10000
9874
9856
9838
9862
9999
10000
10000
10000
9881
9841
10000
9921
9939
9948
10000
9723
9900
9999
9901
10000
10000
10000
9959
9920
10000
10000
10000
9954
9982
9976
9875
10000
9963
9986
9896
10000
9958
9873
9857
9817
10000
10000
10000
9971
10000
9999
9854
9770
9938
10000
9791
10000
9954
9917
9829
9989
9909
9925
10000
9919
9940
9999
10000
10000
10000
9903
10000
9990
10000
10000
9986
9990
10000
9959
9998
9903
9941
9972
9999
10000
9859
9917
9995
10000
10000
9899
10000
9903
9900
9951
9988
9972
10000
9942
10000
9962
9803
9840
10000
9984
10000
10000
10000
9892
9846
10000
10000
9884
10000
9868
10000
10000
10000
10000
9939
9961
9937
9823
10000
9999
9944
10000
9941
9997
9832
9937
9963
9999
9739
9879
10000
9925
10000
10000
10000
10000
9987
10000
10000
9865
9873
9884
10000
9989
9878
9956
10000
10000
9929
10000
10000
10000
9832
10000
9856
10000
9833
10000
9999
10000
9962
9913
10000
9931
9922
10000
9954
9901
9934
10000
10000
9816
10000
10000
10000
9752
10000
10000
9863
9918
10000
9919
9994
9871
9846
9855
10000
9972
9986
9956
9776
10000
10000
9940
9936
10000
9957
9961
9883
9999
10000
9952
9974
10000
10000
10000
9955
10000
9903
9935
10000
10000
10000
9931
10000
9984
10000
10000
9857
10000
9846
9789
9837
9976
10000
9991
9896
10000
9881
9933
9925
9965
9986
10000
9996
10000
10000
10000
10000
10000
10000
9833
9919
9991
9959
9984
9875
9938
9839
9885
10000
9992
9900
9964
9897
9842
10000
9916
9895
9873
9901
9889
10000
9991
9879
9858
9963
9911
9817
9992
10000
9975
9944
10000
9999
9906
9998
9955
10000
9918
10000
9949
9937
10000
10000
9899
9885
9933
10000
9999
10000
10000
9931
10000
9875
10000
10000
9975
9979
10000
10000
10000
9863
10000
9923
9973
9934
9960
10000
10000
10000
9803
9893
10000
10000
9997
9920
10000
10000
9918
9970
9952
9806
9865
10000
9984
