10000
10000
10000
10000
10000
9908
9981
9897
9993
10000
9923
10000
10000
10000
9827
9997
9882
9904
10000
9933
10000
9912
9976
9870
9893
9924
9889
9845
9963
9723
10000
10000
9677
9777
9994
10000
9998
9939
9865
9932
9935
9884
10000
10000
9814
9905
10000
10000
9999
9996
9933
9821
9825
10000
10000
9906
9878
9793
10000
9979
9884
9945
9912
10000
9860
10000
9995
9991
9932
9830
10000
9990
9999
9987
9788
9870
9813
9867
9937
9974
10000
9930
9878
9983
9879
9929
10000
9964
10000
9851
10000
9896
9873
9865
9830
9902
9838
9934
9998
10000
9997
9865
9951
9869
9891
10000
9932
10000
9985
10000
10000
9750
10000
9914
9970
9948
9840
10000
9995
9986
9839
9998
9949
9879
9970
10000
10000
9862
9996
9773
9915
10000
9899
9885
9822
9997
9825
9867
9867
9864
9903
9901
9878
10000
9993
10000
9983
9987
9847
9909
9989
10000
9951
10000
10000
9973
9923
10000
9895
9984
10000
9979
10000
9926
9954
9959
9914
10000
9992
9962
9969
10000
9940
9952
9909
9999
9877
9979
10000
9932
9934
10000
10000
10000
9949
10000
10000
10000
10000
9984
9912
10000
9862
10000
9928
9964
9867
9852
9993
10000
9829
10000
9844
9901
9963
9931
10000
9872
9918
9892
9897
9989
9844
10000
9801
9827
9959
9998
10000
10000
9982
9941
9891
9909
10000
9916
9821
9985
9999
9761
9988
9992
9942
9744
9820
9923
10000
10000
9996
9994
9689
9904
9923
10000
10000
10000
10000
9922
9937
10000
9871
10000
9793
10000
9865
10000
9942
9756
10000
9920
10000
9990
10000
10000
9838
9881
9923
9996
9952
10000
9846
10000
9955
10000
9863
10000
9908
9849
9897
10000
9704
9953
9911
9863
9924
9908
9914
9994
9910
9904
10000
9996
9862
10000
9862
9894
9970
10000
9916
9886
9916
10000
9759
9940
9905
10000
9874
9904
9897
9904
9983
9953
9871
10000
9869
9953
9984
9985
9800
9906
10000
9886
10000
10000
9927
10000
10000
9868
9914
10000
9855
9939
9861
9943
10000
9819
9927
9903
9890
9971
9998
9956
10000
10000
9992
9880
10000
10000
10000
9894
9934
10000
9972
9860
9820
10000
10000
9995
10000
9998
9991
9941
9832
9984
10000
9879
9926
10000
10000
9754
10000
9655
9999
10000
9945
9934
9889
9848
9809
10000
9951
10000
9888
9838
9889
9867
9992
9847
9900
9798
9931
9954
9919
9949
9950
9900
9919
9718
9994
9891
9896
9884
9887
9907
10000
9986
10000
10000
10000
9918
10000
9793
9959
10000
9927
10000
9908
9964
10000
10000
9951
10000
9998
9865
9999
9937
9743
9937
9934
9991
9902
9875
10000
9939
9936
9904
9968
9909
9900
10000
9913
9958
9832
10000
9909
9999
9951
9996
9951
10000
9945
9838
10000
9848
9995
10000
9981
9995
10000
9947
9911
10000
9948
9854
9991
9890
9998
9980
9832
9969
10000
9960
9914
9995
9999
10000
9930
9873
9943
9979
9917
9805
9786
9998
9908
9878
9986
10000
9921
9933
9873
9971
9936
10000
10000
9924
9865
9951
9836
9990
9923
9954
9928
10000
9954
9922
10000
10000
10000
10000
9892
9926
9962
9923
9998
9884
9878
9948
9878
9987
9944
9994
9886
10000
10000
9871
10000
9948
9888
9898
9867
10000
9909
9922
10000
9999
9882
9848
9871
9955
9929
9960
10000
9986
10000
10000
9911
9954
9976
9946
10000
9937
9864
10000
9833
9928
9883
9914
9868
9970
9970
9829
9937
9996
10000
9961
10000
10000
9995
9889
9686
9899
9894
10000
9923
9905
9840
9912
9841
10000
9894
10000
9861
9951
9881
9777
9873
10000
10000
9954
9905
10000
10000
9734
9939
9892
9884
10000
9965
10000
9830
9951
10000
9849
10000
9989
9957
9961
9877
9916
9880
9896
9985
9887
9824
9906
9981
9925
9850
10000
9870
9974
9934
10000
10000
9804
9936
10000
10000
9996
9969
9931
9981
9955
10000
9928
10000
10000
9946
10000
9955
9961
9937
9805
10000
9972
9876
9887
9971
9913
10000
9773
9965
10000
9882
10000
10000
10000
9949
9943
9894
9894
10000
9981
9713
9979
10000
10000
9746
9993
9958
9905
10000
9787
9937
9898
9953
9968
9894
9851
9869
10000
10000
9996
9888
9981
10000
10000
10000
9995
9891
10000
10000
9846
9998
9971
9884
9864
10000
10000
9951
9812
9925
10000
9942
10000
9904
9871
10000
9866
9812
9971
9993
10000
9856
9997
9987
9976
9903
9975
9808
9900
10000
9926
9983
9920
10000
10000
9927
9922
10000
9931
9896
10000
10000
9951
9974
9824
9872
9923
9999
9897
10000
9995
9917
9950
9795
9926
9901
10000
10000
9914
9809
9982
9736
10000
9854
9992
9814
9806
9910
10000
9968
9999
9908
10000
9895
9998
9852
9998
9926
10000
10000
9910
9884
10000
9924
9943
9935
10000
9922
9973
10000
9858
10000
9848
9914
9859
9944
9915
9927
9959
9905
10000
9923
10000
9974
10000
9934
9841
9863
9982
9781
9986
9926
9964
9946
10000
9882
10000
9924
10000
9840
9890
9830
9960
9881
10000
9816
9943
9999
9865
9891
10000
10000
9866
9975
9940
9932
10000
9865
10000
9998
9710
9847
10000
9921
9898
9892
9907
9869
9939
9925
9999
9860
9986
10000
9954
9819
10000
10000
9961
9933
9998
9949
10000
10000
9925
9900
9980
10000
10000
9945
10000
9963
9965
9919
9956
9754
9911
9935
9819
9980
9846
9850
10000
10000
9772
9883
9847
9943
9957
10000
9939
9878
10000
9877
9967
9944
9856
9980
9804
9959
9859
9870
10000
10000
10000
10000
10000
9918
9962
9896
10000
9914
10000
10000
9932
10000
10000
9928
9999
9786
9939
9864
10000
9974
9914
10000
9976
9926
9939
9998
9976
9995
9925
9745
10000
9848
9943
9998
10000
9862
9938
9963
9873
10000
9753
9882
9999
10000
10000
9955
9849
9994
9922
9911
9999
9722
9956
9858
10000
9929
9939
9986
10000
9773
9925
9990
9961
10000
9982
9890
10000
9910
10000
9900
10000
9752
10000
9865
10000
9891
9943
10000
9893
10000
9875
9963
9847
9957
9955
9848
9883
10000
9926
9883
9934
9872
9835
9873
9886
10000
9832
9916
9847
10000
9827
10000
9780
