9953
9817
9948
9970
9905
9968
9919
9860
9965
9938
9858
9772
9921
9838
9955
9919
9994
9893
9940
9968
9953
9848
9893
9876
9868
9829
9945
9907
9909
9902
9872
9905
9969
9863
9869
9955
9949
9665
9773
9930
9994
9867
9704
9914
9903
9998
9836
9951
9919
9921
9975
9774
9954
9935
9753
9883
9995
9975
9836
9967
9760
9984
9969
9903
9902
9843
9888
9861
9930
9871
9926
9955
9887
9832
9896
9882
9942
9913
9913
9949
9858
9908
9994
9865
9888
9943
9903
9908
9960
9915
9905
9878
9923
9869
9898
9822
9781
9758
9742
10000
9912
9940
9867
9840
9838
9947
9937
9958
9906
9892
9953
9891
9914
9886
9912
9958
9939
9939
9900
9913
9928
9927
9976
9927
9889
9862
9956
9902
9906
9794
9984
9914
9932
9902
9958
9929
9826
9875
9975
9906
9889
9877
9966
9914
9959
9887
9930
9947
9904
9900
9876
9986
9967
9884
9965
9907
9949
9991
9958
9954
9893
9964
9930
9776
9915
9952
9930
9969
9949
9902
9870
9946
9828
9904
9946
9792
9813
10000
9876
9926
9896
9947
9995
9923
9895
9933
9930
9824
9714
9902
9823
9891
9951
9875
9893
9994
9863
9992
9873
9893
9682
9803
9823
9981
9741
9911
9966
9934
9962
9910
9988
9970
9927
9914
9903
9917
9903
9872
9928
9953
9879
9956
9954
9735
9946
9916
9952
9971
9907
9954
9704
9837
9871
9923
9945
9920
9857
9923
9871
9949
9951
9860
9947
9930
9908
9884
9890
9843
9975
9858
9930
9949
9965
9892
9834
9867
9891
9876
9882
9920
9976
9962
9973
9903
9823
9994
9941
9870
9862
9874
9832
9985
9930
9803
9867
9954
9940
9851
9900
9872
9842
9935
9813
9884
9908
9950
9915
9904
9879
9981
9947
9889
9902
9900
9882
9852
9978
9905
9836
9954
9792
9832
9978
9857
9879
9925
9836
9921
9898
9903
9966
9971
9963
9943
9888
9937
9905
9906
9954
9943
9967
9952
9947
9945
9922
9873
9943
9997
9903
9868
10000
9958
9793
9950
9817
9956
9891
9969
9937
9916
9839
9690
9952
9846
9921
9924
9903
9886
9914
9960
9907
9844
9906
9854
9898
9919
9962
9871
9932
9902
9896
9808
9832
9915
9947
9985
9705
9946
9837
9965
9893
9960
9958
9745
9774
9955
9895
9922
9946
9825
9833
9852
9898
9966
9940
9848
9898
9927
9896
9964
10000
9929
9936
9955
9834
9919
9885
9916
9961
9860
9972
9968
9940
9966
9924
9902
9906
9887
9923
9942
9923
9896
9964
9780
9925
9827
9939
9887
9925
9941
9944
9919
9973
9947
9971
9940
9973
9948
9918
9849
9908
9900
9995
9873
9957
9969
9897
9849
9813
9940
9839
9869
9816
9848
9978
9815
9894
9926
9969
9906
9880
9993
9854
9906
9907
9909
9908
9958
9919
9914
9954
9997
9901
9903
9909
9848
9889
9930
9973
9901
9918
9951
9911
9911
9842
9929
9776
9815
9887
9886
9906
9946
9941
9810
9781
9872
9871
9822
9976
10000
9973
9861
9935
9871
9949
9864
9875
9908
9897
9890
9949
9920
9820
9913
9959
9928
9906
9854
9916
9953
9854
9950
9914
9883
9909
9855
9945
9955
9911
9968
9962
9929
9936
9775
9797
9962
9861
9861
9780
9868
9889
9901
9918
9942
9971
9890
9901
9888
9906
9975
9940
9938
9948
9884
9893
9953
9842
9949
9934
9808
9970
9949
9874
9923
9973
9904
9910
9767
9827
9888
9898
9844
9940
9932
9915
9914
9800
9911
9919
9933
9762
9894
9786
9747
9912
9906
9918
9993
9855
9889
9917
9967
9937
9932
9940
9921
9910
9816
9898
9919
9885
9823
9993
9831
9987
9981
9908
9920
9904
9959
9965
9917
9939
9889
9982
9817
9936
9902
9868
9913
9864
9862
9967
9882
9934
9920
9888
9899
9917
9854
9795
9830
9833
9996
9883
9895
9971
9988
9875
9868
9942
9944
9958
9962
9813
9928
9803
9718
9903
9950
9967
9944
9958
9931
9909
9917
9860
9974
9964
9992
9886
9933
9969
9852
9862
9969
9885
9912
9832
9774
9926
9859
9906
9889
9852
9945
9904
9906
9841
9950
9903
9954
9940
9816
9941
9887
9798
9909
9946
9939
9873
9920
9891
9936
9861
9910
9861
9889
9936
9891
9914
9820
9963
9802
9918
9988
9867
9922
9988
9900
9866
9928
9942
9944
9966
9893
9934
9912
9916
9930
9906
9851
9987
9858
9968
9940
9974
9816
9874
9948
9955
9909
9916
9867
9850
9842
9888
9961
9930
9996
9961
9836
9968
9959
9866
9947
9718
9801
9886
9897
9952
9896
9985
9867
9958
9931
9876
9961
9945
9936
9934
9883
9951
9963
9919
9868
9727
9803
9837
9926
9903
9986
9879
9932
9986
9808
9945
9950
9918
9973
9940
9851
9935
9791
9945
9856
9995
9991
9817
9845
9782
9936
9889
9976
9744
9855
9938
9903
9819
9931
9865
9935
9927
9862
9851
9902
9903
9938
9920
9934
9845
9939
9875
9823
9891
9890
9924
9733
9858
9953
9891
9926
9873
9768
9993
9869
9930
9842
9893
9778
9870
9900
9874
9902
9864
9788
9826
9923
10000
9876
9942
9966
9950
9975
9868
9912
9883
9881
9921
9909
9901
9887
9824
9974
9857
9854
9876
9921
9921
9943
9884
9843
9795
9941
9933
9968
9874
9960
9986
9877
9835
9966
9934
9905
9923
9932
9893
9868
9902
9854
9921
9984
9831
9974
9882
9988
9848
9899
9807
9932
9859
9904
9847
9925
9883
9998
9938
9899
9952
9858
9967
9865
9960
9857
9794
9923
9941
9978
9936
9944
9941
9920
9897
9945
9949
9947
9923
9999
9955
9862
9915
9860
9893
9964
9923
9769
9876
9953
9862
9984
9969
9907
9606
9869
9918
9979
9918
9937
9937
9857
9984
9876
9933
9919
9841
9823
9854
9960
9953
9883
9914
9921
9931
9934
9861
9953
9921
9880
9949
9826
9989
9908
9912
9959
9964
9898
9863
9843
9969
9890
9904
9987
9862
9853
9945
9910
9996
9900
9922
9881
9932
9831
9909
9865
9848
9857
9899
9932
9888
9908
9912
9877
9960
9899
9936
9898
9904
9962
9884
9941
9887
9826
9996
9925
9819
9945
9794
9920
9862
9917
