10000
9999
9954
9916
9960
9900
9898
9805
9896
9850
9970
9943
9928
10000
9859
9897
9873
9905
9991
9964
9948
9911
9924
10000
9925
10000
9937
10000
9943
9944
9887
10000
9931
9852
9817
9889
9791
10000
9919
10000
9938
9854
10000
10000
9866
10000
9772
9931
9899
9868
9960
9835
9860
9963
9882
9936
9726
10000
9943
9896
10000
9911
10000
9988
10000
9994
9789
9955
9954
9939
9850
9903
9923
9842
9968
9730
9948
9963
9903
9910
10000
10000
9930
10000
10000
9928
9892
10000
9866
9925
10000
9871
9927
9977
10000
9962
10000
9998
9804
9860
10000
9951
9848
9900
10000
9741
9989
9914
9908
10000
9887
9898
9736
9855
9995
9845
9896
9957
9856
9963
10000
9971
10000
9868
9863
9911
10000
9883
9997
9808
10000
10000
9857
9999
9966
9982
10000
9917
10000
9902
9923
9940
9788
9942
9941
9798
9803
10000
9903
9898
10000
9998
9995
9888
9913
9832
9950
9875
9913
10000
9914
9936
10000
9911
9996
9974
10000
9892
9841
9998
10000
9915
10000
9908
10000
10000
9938
9961
10000
9896
9937
10000
9896
9889
9750
9999
9891
10000
9886
9960
10000
9939
9900
9999
10000
10000
9879
9833
9996
9786
9914
9999
9955
9958
9945
9895
9998
10000
10000
9911
9877
10000
9916
9903
9886
9990
9919
10000
10000
9906
9918
9786
9868
10000
9867
9943
10000
9979
10000
9915
9861
9813
10000
9889
9739
9935
9893
9860
9925
9906
9844
10000
9825
9964
9889
9881
9991
9850
9915
9840
9808
9998
9924
10000
10000
9881
10000
9883
9850
9891
10000
10000
9895
9862
9976
9845
10000
9879
10000
9774
9892
9938
9817
9931
9918
9987
9862
9853
9784
9787
9831
10000
9824
9887
9931
9832
9949
10000
10000
9889
10000
10000
10000
10000
9995
10000
10000
10000
9936
10000
10000
10000
9933
10000
9949
9862
9972
10000
9852
9954
9901
9992
10000
9935
9849
9789
9977
9890
9998
9909
9960
9918
9802
10000
9951
9933
9826
9854
9873
9737
9940
9926
9938
9919
10000
9913
10000
10000
10000
9949
9878
9934
9956
10000
10000
9930
9917
9919
9961
10000
9989
9916
9931
10000
9939
9945
9801
9920
10000
10000
9897
9999
10000
9998
9999
9916
9932
9974
9974
10000
10000
10000
9965
9970
9964
10000
9748
9995
9887
9947
9954
9899
9935
9822
10000
9961
9908
10000
10000
9917
10000
10000
10000
10000
9992
10000
9988
10000
9999
9962
9950
9925
10000
9827
9996
10000
9927
9836
9950
10000
10000
9910
10000
9955
9828
9927
10000
9921
9999
9892
10000
9899
10000
10000
9851
9814
9895
9907
9919
10000
9835
9907
9936
9971
9948
9901
9832
9875
9966
10000
9951
9759
9852
10000
9914
9984
9889
9980
9933
10000
10000
10000
10000
9954
9972
10000
9917
9975
9879
9881
9691
10000
9921
10000
9930
10000
9891
10000
9876
9977
10000
9905
10000
9847
10000
9955
9888
9914
10000
10000
9948
9819
9888
10000
9799
10000
9892
9927
9934
9945
9947
9801
9852
9904
9909
9921
9998
9951
9764
9901
9916
10000
9921
9891
9914
10000
9912
9873
10000
9854
9790
9961
9773
10000
9881
9907
10000
9999
9993
9909
9898
9859
9965
9911
9839
9897
9982
10000
9961
9954
9937
9857
9882
10000
9890
9847
9903
9794
9848
10000
9850
9945
10000
10000
9777
9912
9999
10000
9874
10000
9920
10000
9996
9876
9818
10000
9740
9840
9918
10000
9935
9990
9991
10000
10000
9904
10000
10000
9786
9999
9900
9839
9905
9945
10000
9859
9938
9899
9854
9955
9952
10000
10000
9838
9923
9946
9940
10000
10000
10000
9999
9946
9951
9914
9976
10000
10000
9926
9854
10000
10000
9716
9936
10000
9928
10000
10000
9979
9772
9905
9942
9873
9996
9909
9989
10000
9912
9914
9914
9949
9999
9821
10000
9864
9951
9826
10000
9932
9795
10000
10000
9849
9826
10000
9961
9952
9973
9972
10000
9816
9755
9914
9974
10000
9980
9802
10000
10000
9713
9977
9994
10000
9831
9877
10000
10000
10000
9939
10000
10000
9900
9965
9996
9859
9965
10000
9801
10000
10000
9824
9884
9945
10000
9960
9848
9934
10000
9901
9927
10000
9982
10000
9964
10000
10000
9986
9922
9956
9904
9823
9948
9940
10000
10000
9915
10000
9953
10000
9946
9745
9979
10000
10000
9829
9872
10000
10000
10000
9872
9915
9929
9862
9910
9776
10000
9885
10000
9910
10000
10000
9977
9997
10000
9887
10000
10000
9997
10000
9873
10000
9908
10000
10000
10000
9928
9795
9853
10000
10000
9927
10000
10000
9913
9862
9931
9957
9999
10000
10000
9817
10000
9804
10000
9943
10000
10000
9968
9914
9925
9798
10000
10000
9949
9971
9890
9914
9929
10000
9890
10000
10000
9925
9863
9897
9949
9964
9864
9934
10000
9946
9917
9896
9892
9819
10000
10000
10000
9949
10000
10000
9909
9976
9999
10000
9969
9845
9855
9905
9869
9943
10000
9897
10000
9870
10000
10000
9861
9954
9923
10000
9864
10000
9823
10000
9958
10000
9948
10000
10000
9941
9899
9912
9975
9922
9845
10000
10000
10000
9868
10000
9987
9999
9851
10000
10000
9871
10000
10000
9897
9984
9836
10000
10000
9916
9981
9935
10000
10000
10000
9995
9864
9917
9826
10000
9915
9830
9906
9925
9831
9936
9833
10000
10000
10000
9979
9888
9873
10000
9869
9969
9731
9746
10000
9947
9956
9884
9954
10000
10000
9916
9879
9826
10000
9868
9900
10000
10000
9972
10000
9888
9866
9862
9924
10000
10000
9933
9900
9907
10000
9778
9953
10000
10000
9928
9850
9877
9954
10000
9876
9774
10000
9944
9995
9904
9866
9925
10000
9847
10000
10000
9938
9982
10000
9931
10000
10000
9732
9997
9910
9937
9950
10000
10000
9852
9999
9837
10000
9803
9954
10000
9956
10000
9826
9908
9933
10000
9904
9883
9874
10000
10000
10000
9887
9875
9999
9967
10000
10000
9947
10000
9863
9893
9850
9966
10000
9794
9942
9906
10000
10000
9789
9964
9845
9841
9961
10000
9977
9969
9942
9945
10000
9848
9867
9909
9915
9933
10000
9822
9895
10000
9926
9848
9900
10000
10000
9835
10000
9912
10000
9946
