9962
9885
9913
9872
9996
9947
9923
9904
9897
9930
9868
9980
9808
9998
9876
9871
9852
9902
9896
9929
9869
9896
9894
9981
9873
9846
9997
9837
9894
9931
9967
9882
9880
9951
9944
9998
9952
9924
9976
9878
9891
9784
9922
9895
9732
9897
9983
9921
9851
9944
9958
9966
9767
9927
9964
9998
9913
9901
9921
9982
9955
9945
9895
9917
9886
9859
9918
9876
9956
9888
9851
9977
9898
9931
9967
9924
9811
9909
9903
9883
9944
9940
9941
9890
9904
9900
9912
9917
9959
9934
9943
9810
9932
9895
9956
9969
9829
9875
9898
9865
9969
9878
9941
9942
9936
9943
9893
9900
9787
9788
9946
9900
9960
9916
9841
9910
9931
9931
9913
9897
9871
9894
9895
9936
9887
9967
9895
9882
9942
9959
9921
9933
9941
9929
9893
9956
9839
9962
9941
9819
9988
9923
9975
9908
9909
9876
9856
9932
9698
9859
9682
9969
9810
9930
9896
9968
9710
9811
9789
9908
9970
9961
9985
9971
9937
9911
9798
9848
9938
9910
9850
9862
9963
9951
9941
9842
9899
9944
9792
9894
9969
9886
9896
9887
9956
9895
9860
9929
9890
9992
9913
9909
9913
9819
9891
9864
9948
9850
9894
9873
9943
9836
9950
9948
9862
9764
9932
9995
9925
9894
9877
9940
9882
9926
9997
9928
9909
9972
9927
9862
9964
9848
9820
9884
9957
9934
9892
9934
9905
9949
9894
9921
9968
9892
9997
9960
9871
9941
9908
9843
9901
9938
9954
9889
9803
9931
9876
9915
9968
9892
9950
9859
9820
9966
9953
9899
9876
9922
9930
9874
9958
9869
9839
9950
9906
9908
9835
9943
9970
9979
9920
9764
9839
9941
9905
9957
9849
9932
9950
9827
9941
9890
9924
9958
9838
9890
9968
9888
9964
9963
9826
9961
9850
9994
9814
9940
9869
9808
9995
9910
9816
9878
9910
9973
9943
9718
10000
9901
9889
9905
9913
9914
9862
9958
9971
9876
9949
9875
9881
9895
9951
9855
9899
9966
9875
9826
9970
9907
9972
9888
9892
9902
9917
9937
9942
9934
9893
9908
9873
9903
9928
9897
9850
9907
9969
9950
9903
9851
9864
9874
9938
9900
9988
9942
9882
9949
9995
9936
9899
9861
9935
9804
9908
9978
9898
9920
9948
9889
9968
9885
9960
9944
9933
9804
9913
9892
9865
9968
9930
9823
9909
9898
9745
9857
9964
9981
9803
9950
9620
9926
9760
9728
9899
9905
9943
9927
9866
9909
9928
9921
9898
9940
9977
9812
9826
9864
9952
9917
9906
9937
9883
9965
9874
9843
9952
9923
9995
9899
9917
9924
9978
9900
9844
9906
9943
9957
9951
9857
9897
9992
9850
9916
9908
9951
9880
9735
9922
9873
9956
9974
9960
9915
9892
9886
9904
9833
9899
9903
9947
9940
9999
9963
9912
9994
9977
9928
9934
9866
9842
9917
9910
9850
9791
9934
9917
9924
9971
9885
9961
9959
9858
9941
9876
9920
9841
9885
9888
9909
9949
9927
9841
9897
9908
9852
9976
9772
9884
9884
9812
9833
9677
9891
9941
9916
9891
9957
9901
9823
9738
9959
9931
9874
9897
9889
9907
9850
9865
9907
9895
9878
9904
9846
9920
9928
9876
9816
9887
9887
9962
9877
9865
9980
9932
9909
9891
9891
9857
9989
9786
9878
9938
9925
9846
9895
9801
9907
9906
9896
9877
9866
9884
9936
9968
9900
9882
9891
9931
9922
9926
9856
9848
9966
9877
9965
9937
9880
9751
9880
9924
9977
9944
9882
9907
9862
9882
9908
9880
9941
9757
9911
9936
9886
9949
9814
9878
9928
9930
9901
9941
9856
9887
9926
9888
9921
9820
9844
9911
9909
9925
9821
9904
9898
9854
9870
9907
9825
9931
9843
9836
9904
9913
9932
9877
9857
9954
9950
9902
9819
9941
9830
9976
9911
9870
9932
9916
9948
9896
9977
9816
9961
9949
9926
9981
9924
9918
9886
9961
9801
9927
9929
9903
9905
9897
9862
9826
9862
9938
9960
9914
9914
9898
9939
9929
9810
9835
9870
9956
9961
9870
9954
9949
9983
9931
9928
9941
9920
9987
9889
9893
9860
9848
9906
9862
9815
9857
9942
9939
9849
9945
9995
9896
9860
9902
9908
9969
9901
9947
9907
9935
9932
9916
9940
9812
9945
9959
9798
9878
9862
9899
9829
9921
9868
9906
9941
9957
9950
9853
9877
9876
10000
9999
9850
9895
9905
9933
9907
9774
9913
9974
9903
9908
9991
9984
9842
9853
9921
9865
9895
9969
9977
9913
9924
9895
9960
9904
9988
9905
9981
9950
10000
9904
9951
9863
9956
9849
9860
10000
9895
9918
9910
9940
9951
9923
9890
9999
9930
9809
9965
9971
9930
9925
9915
9963
9954
9945
9870
9910
9918
9945
9826
9722
9994
9867
9910
9921
9924
9936
9948
9929
9923
9869
9889
9883
9925
9945
9881
9870
9903
9789
9901
9908
9905
9831
9963
9874
9905
9874
9884
9936
9891
9914
9895
9963
9940
9903
9908
9901
9976
9863
9787
9862
9913
9985
9876
9872
9845
9947
9844
9910
9976
9953
9943
9868
9929
9920
9838
9894
9956
9947
9840
9963
9915
9936
9967
9906
9967
9987
9951
9803
9850
9956
9933
9871
9833
9838
9892
9919
9946
9959
9905
9833
9931
9960
9917
9914
9822
9906
9864
9931
9929
9898
9865
9786
9819
9935
9931
9974
9944
9899
9918
9902
9933
9900
9873
9920
9821
9919
9831
9918
9949
9857
9907
9984
9874
9881
9950
9884
9925
9952
9843
9933
9853
9930
9938
9898
9869
9930
9920
9883
9922
9884
9899
9877
9957
9857
9871
9960
9889
9941
9900
9855
9950
9898
9854
9952
9939
9967
9946
9848
9976
9902
9888
9884
9955
9917
9995
9785
9844
9922
9894
9838
9973
9872
9950
9885
9928
9989
9905
9895
9838
9745
9875
9836
9897
9944
9782
9981
9948
9876
9840
9816
9900
9873
9885
9820
9980
9930
9887
9816
9920
9888
9970
9862
9793
9934
9922
9948
9927
9948
9900
9866
9938
9896
9901
9904
9931
9931
10000
9907
9951
9644
9918
9932
9881
9901
9987
9792
9891
9825
9915
9975
9884
9929
9914
9916
9958
9911
9899
9978
9927
9922
9921
9815
9886
9800
9956
9923
9952
9885
9881
