10000
9985
9970
9919
9969
9956
9925
9973
10000
10000
9931
10000
10000
9804
9890
9886
9901
9904
9857
9894
10000
9923
10000
9847
9889
9962
10000
9851
9989
9837
9906
9936
9964
9858
9917
9905
10000
9962
9829
9917
9950
9810
10000
9791
9903
10000
9990
10000
10000
9941
9867
9739
10000
9916
9893
9825
9918
9881
10000
9915
9919
9870
9928
10000
9941
9972
10000
9866
9901
10000
10000
10000
9982
9994
9946
9851
9969
9758
9936
9980
9987
9996
9882
9785
9890
9901
9899
9919
9929
9968
9916
10000
9926
9874
10000
10000
9922
9889
10000
9862
9970
9928
9903
9929
9955
9805
9885
9820
10000
9915
9929
10000
9875
10000
10000
9922
10000
9999
9917
10000
10000
10000
9882
9883
9890
9868
10000
9946
9838
9908
10000
9867
10000
9838
9826
9809
9944
9908
9836
9999
9999
9933
10000
9956
9917
9934
10000
9876
9919
9865
9894
9953
9929
10000
9917
9911
9796
9889
10000
9973
9968
9798
10000
9893
10000
10000
9851
9806
9973
9925
10000
9991
9963
9718
9897
9821
9948
9953
9938
10000
10000
9932
9949
9927
9948
9997
9909
9973
10000
10000
10000
10000
10000
9982
9806
9872
10000
10000
9945
9973
9936
10000
10000
10000
9916
9933
9952
10000
9935
9841
9875
9939
9962
9988
10000
10000
10000
9865
9991
9832
10000
9991
9997
10000
10000
9940
10000
10000
9894
9869
9874
9939
9910
9922
9955
9837
9919
10000
9981
9885
9916
10000
9964
9975
9826
9873
9966
9876
9906
10000
10000
10000
9927
9899
9932
9918
9914
9877
9869
9890
10000
10000
10000
10000
9794
10000
9957
9897
9975
9929
9876
9926
10000
9836
9999
9870
9928
10000
9895
10000
9937
9974
9917
10000
10000
10000
10000
10000
10000
9872
10000
10000
10000
9931
9874
9982
9902
9914
9912
9873
9998
9981
9954
9871
9804
9915
9920
9864
9899
9899
10000
10000
9921
9793
9870
9997
9988
9958
9825
9918
9960
9984
9871
10000
9901
9856
10000
9949
9901
9881
9778
9863
9954
9896
9905
9946
10000
9859
9818
9872
9873
9904
9796
10000
9933
9953
9930
9889
9983
9906
9963
9925
9920
10000
10000
9884
9775
9931
9918
9803
9886
9892
9821
9946
9908
10000
9862
9812
9867
9926
9828
9942
10000
9866
9972
9906
10000
9927
9843
9966
9846
9879
9882
10000
9845
10000
9875
9836
9727
10000
10000
10000
9813
9792
9958
10000
9929
9881
9877
9938
9997
9848
9891
10000
10000
9805
10000
9869
9985
9914
9716
9905
10000
9910
9869
9957
10000
9925
10000
10000
9920
9841
9968
9881
10000
10000
10000
10000
10000
10000
10000
10000
9947
9926
9891
9937
9899
9905
9762
9964
9888
10000
9930
10000
9982
9780
10000
9976
9893
9895
9881
9990
9889
10000
10000
9944
10000
9880
9925
9938
9938
9919
9981
9931
9879
9863
9924
10000
9900
9859
10000
9878
10000
9943
10000
9812
10000
9936
9922
9914
10000
9861
9941
10000
10000
9993
9715
9959
10000
9999
10000
10000
9821
9985
9964
9992
9909
9929
10000
9987
9945
9999
9911
10000
9942
10000
9933
9811
9851
9996
9898
10000
9928
9955
9932
9995
9875
10000
9981
10000
9997
10000
9886
10000
9858
9823
9905
9887
9939
9998
9895
9863
9828
10000
9936
9979
9978
9877
9910
9889
9815
9971
10000
9825
9979
10000
9860
9946
9976
9856
9885
9887
9948
10000
9975
9979
9898
9871
10000
10000
9917
9949
9825
10000
9865
9885
9904
9792
10000
9811
10000
10000
9831
10000
9972
9975
10000
9998
9914
9894
10000
10000
9779
9888
9985
10000
9852
9777
9991
9981
9999
9857
9958
10000
10000
9800
9844
10000
9935
9903
9895
9932
9999
9835
9837
10000
9932
9803
9890
9952
9870
9765
9899
9946
10000
9784
9864
10000
9968
10000
9997
10000
9994
9825
9893
9850
10000
10000
9981
9992
9965
10000
10000
9963
9825
9979
9912
9909
9998
10000
10000
9992
9941
10000
10000
10000
9916
10000
9825
10000
10000
10000
9966
9850
9889
9867
9856
9990
9939
9972
9892
9999
10000
10000
9830
9965
9891
9881
9973
9857
10000
9840
9878
9955
9944
10000
10000
10000
9950
9756
10000
9896
9974
9974
9833
9943
9883
9860
9931
9998
9826
9921
10000
9895
9866
9796
9798
9992
9982
10000
9813
9973
10000
9882
9851
10000
9808
10000
10000
9924
9864
9828
9968
9801
9865
9950
9996
9962
10000
9983
10000
9923
9926
10000
10000
10000
9831
10000
9984
10000
9924
10000
9997
9857
10000
9950
10000
9976
9848
10000
9979
10000
9927
10000
9919
9919
9854
9880
9884
9955
10000
9953
10000
9996
9997
9756
9911
9874
9922
10000
9993
10000
10000
9918
10000
9991
9809
10000
9834
9936
10000
9902
9889
9877
10000
10000
10000
9799
9943
10000
10000
9878
9971
9939
10000
9904
9929
9952
9822
9846
9904
9836
9947
9940
9931
9836
10000
10000
9999
10000
9954
10000
10000
9969
9951
9957
9919
9908
9997
9929
9922
9964
9890
9931
9884
9897
9896
10000
9983
9821
9898
9929
9908
9953
10000
9929
9898
9849
9971
9896
10000
9956
10000
9916
10000
9921
9964
10000
9796
9950
9922
10000
9887
9963
9931
9855
9948
10000
9943
10000
9989
9905
10000
10000
10000
9818
9914
10000
9918
10000
9984
9999
9924
9810
9977
9932
10000
10000
10000
9984
9925
9937
9963
9999
9916
9904
9962
9954
10000
10000
10000
9919
10000
10000
9867
9865
9912
10000
9825
10000
10000
9989
10000
9927
10000
10000
9731
9963
9959
10000
9834
10000
10000
9772
10000
9892
9929
9956
9892
9855
9998
10000
9936
9877
10000
9984
10000
9855
9815
10000
9917
10000
9904
10000
9881
9803
9931
9920
10000
9966
10000
9852
10000
9994
9935
9988
9920
9891
10000
9973
9980
10000
9895
9979
9908
9924
9997
9908
9994
9931
10000
9894
10000
9791
10000
9875
9898
10000
10000
9844
9973
10000
10000
9963
9935
9945
9862
10000
9955
10000
9804
9999
9846
10000
9863
10000
10000
9991
9998
9972
10000
9884
9619
9972
10000
10000
9879
10000
9886
10000
9877
10000
9975
10000
9997
9945
9882
9927
9910
9845
