9945
9889
9922
9774
9905
9855
9899
9953
9821
9926
9849
9935
9874
10000
9859
9934
9894
9754
9961
9961
9767
9937
9923
9809
9975
9866
9871
9992
9941
9906
9923
9984
9904
9855
9900
9774
9913
9890
9859
9920
9908
9947
9941
9915
9939
9915
9904
9848
9802
9973
9893
9958
9896
9970
9947
9842
9909
9841
9930
9849
9951
9896
9889
9912
9903
9977
9907
9915
9902
9820
9822
9951
9919
9906
9955
9843
9864
9919
9883
9990
9946
9926
9739
9963
9800
9820
9976
9941
9865
9928
9934
9884
9861
9745
9776
9802
9837
9942
9840
9973
9943
9897
9895
9842
9925
9925
9964
9903
9905
9949
9997
9819
9879
9902
9907
9833
9924
9807
9939
9922
9940
9893
9852
9950
9904
9972
9915
9872
9956
9930
9846
9820
9927
9882
9995
9881
9919
9901
9938
9858
9907
9891
9912
9893
9825
9923
9847
9984
9975
9702
9983
9942
9998
9929
9908
9950
9833
9881
9939
9930
9967
9954
9832
9826
9914
9900
9902
9878
9940
9942
9950
9979
9931
9930
9815
9886
9850
9772
9930
9820
9834
10000
9887
9944
9970
9907
9857
9839
9767
9945
9926
9820
9896
9965
9907
9910
9878
9953
9980
9998
9852
9921
9868
9985
9862
9924
9953
9894
9835
9843
9914
9947
9848
9874
9997
9931
9850
9974
9850
9977
9935
9855
9863
9889
9863
9859
9972
9834
9942
9861
9924
9863
9897
9899
9936
9913
9933
9969
9918
9919
9839
9989
9922
9920
9940
9997
9923
9831
9948
9941
9935
9775
9981
9912
9876
9883
9945
9898
9968
9822
9709
9983
9919
9895
9920
9867
9892
9917
9875
9909
9898
9976
9931
9983
9857
9950
9933
9829
9964
9880
9910
9919
9969
9895
9970
9964
9844
9921
9943
9725
9880
9838
9689
9879
9806
9930
9909
9823
9866
9870
9864
9920
9919
9762
9938
9835
9881
9911
9835
9929
9827
9921
9831
9915
9927
9756
9889
9892
9798
9935
9865
9940
9884
9874
9977
9936
9943
9906
9946
9932
9923
9873
9929
9726
9928
9911
9878
9923
9894
9901
9898
9891
9945
9935
9962
9990
9904
9949
9858
9837
9975
9881
9925
9923
9884
9878
9856
9816
9923
9771
9891
9967
9918
9919
9939
9918
9807
9920
9996
9914
9880
9837
9864
9825
9938
9871
9956
9933
9839
9844
10000
9856
9901
9908
9906
9798
9902
9970
9865
9949
9988
9928
9805
9774
9819
9998
9916
9854
9948
9895
9952
9952
9978
9925
9941
9914
9888
9859
9889
9923
9865
9833
9923
9927
9827
9994
9920
9979
9921
9919
9818
9804
9866
9930
9874
9928
9909
9942
9954
9958
9912
9847
9889
9888
9753
9920
9827
9858
9816
9935
9911
9927
9905
9836
9821
9971
9975
9944
9820
9934
9928
9837
9910
9801
9870
9949
9969
9948
9812
9853
9886
9808
9983
9932
9995
9899
9886
9985
9856
9933
9939
9884
9919
9818
9946
9974
9861
9829
9853
9960
9910
9881
9972
9861
9953
9918
9837
9937
9925
9849
9835
9774
9899
9822
9923
9885
9945
9935
9965
9960
9910
9911
9795
9708
9993
9812
9915
9994
9889
9978
9900
9858
9992
9930
9924
9909
9926
9961
9941
9927
9964
9902
9918
9842
9926
9936
9902
9941
9860
9930
9934
9876
9967
9927
9895
9949
9971
9971
9921
9915
9893
9951
9935
9913
9874
9949
9784
9913
9955
9927
9887
9874
9869
9938
9901
9763
9940
9842
9909
9948
9929
9875
9940
9972
9955
9836
9701
9962
9948
9931
9904
9932
9900
9859
9780
9872
9856
9960
9959
9754
9925
9856
9879
9947
9918
9980
9879
9990
9864
9831
9904
9968
9900
9945
9916
9831
9785
9966
9840
9940
9975
9862
9949
9885
9981
9907
9902
9868
9963
9947
9920
9897
9916
9932
9926
9903
9841
9912
9925
9882
9883
9927
9737
9882
9835
9950
9888
9953
9987
9881
9774
9952
9898
9921
9908
9849
9833
9998
9938
9910
9911
9895
9942
9921
9885
9912
9926
9914
9960
9791
9958
9970
9870
9971
9886
9993
9961
9950
9866
9998
9901
9970
9735
9924
9936
9957
9932
9878
9921
9942
9981
9966
9832
9905
9918
9883
9871
9954
9750
9854
9807
9987
9834
9957
9992
9884
9989
9947
9932
9936
9881
9912
9856
9999
9898
9890
9921
9959
9841
9954
9939
9847
9938
9946
9933
9920
9859
9789
9925
9856
9888
9865
9984
9899
9953
9958
9893
9982
9893
9914
9867
9906
9897
9959
9869
9795
9774
9959
9881
9914
9918
9999
9821
9883
9910
9936
9918
9797
9908
9922
9818
9982
9896
9956
9911
9923
9839
9965
9968
9927
9915
9993
9885
9936
9940
9882
9913
9950
9800
9851
9946
9904
9950
9996
9869
9968
9851
9852
9976
9837
9965
9827
9850
9833
9849
9765
9906
9961
9886
9938
9871
9833
9854
9831
9889
9763
9848
9940
9937
9875
9895
9908
9944
9858
9895
9953
9963
9957
9924
9945
9901
9854
9930
9957
9902
9889
9872
9862
9898
9867
9907
9919
9893
9864
9961
9737
9878
9944
9721
9921
9861
9909
9951
9893
9890
9840
9957
9817
9891
9934
9928
9918
9849
9918
9919
9807
9954
9871
9949
9881
9911
9909
9876
9944
9907
9866
9948
9962
9957
9961
9980
9880
9825
9856
9879
9861
9923
9950
9940
9887
9781
10000
9911
9848
9927
9978
9891
9927
9927
9820
9797
9944
9896
9958
9871
9857
9938
9962
9872
9958
9937
9897
9913
9856
9937
9931
9926
9798
9925
9860
9926
9920
9864
9886
9915
9875
9928
9886
9929
9970
9874
9938
9910
9922
9933
9816
9869
9895
9870
9901
9871
9935
9957
9881
9918
9977
9866
9774
9895
9908
9902
9857
9851
9924
9894
9849
9900
9929
9934
9933
9816
9873
9860
9937
9924
9841
9896
9923
9842
9899
9828
9974
9895
9929
9839
9907
9951
9832
9904
9826
9951
9860
9896
9924
9829
9928
9983
9954
9775
9909
9882
9847
9772
9831
9972
9952
9967
9941
9866
9885
9950
9901
9894
9958
9910
9875
9932
9902
9943
9920
9987
9860
9885
9963
9826
9849
9889
9929
9899
9866
9902
9868
9719
9823
9720
9920
9831
9907
9852
9910
