10000
9996
9856
10000
9840
9975
9940
9860
10000
9790
9766
9899
9825
9812
9915
9955
10000
9945
9946
10000
9764
9843
10000
10000
9728
9826
9976
9840
9904
9983
9947
10000
10000
9907
9841
9887
9939
10000
10000
9863
9881
9959
9893
9968
9754
10000
9990
10000
9873
9803
9918
9885
9868
10000
9874
9868
9969
10000
9888
10000
9958
10000
10000
9827
10000
9972
9905
9900
9922
9941
9922
9839
9899
9782
9853
9885
9997
9904
9730
9921
9991
9816
9939
10000
9992
9907
9905
10000
9992
10000
9900
9921
10000
9913
9766
9891
9851
9999
9906
9767
9993
10000
10000
9776
9855
9942
10000
9909
9971
9999
10000
9889
9939
9871
9890
10000
9910
9932
9894
10000
9838
9915
9966
9930
9919
10000
9911
9973
9831
10000
10000
9922
9919
9949
9877
10000
9956
10000
10000
9820
10000
9985
9920
10000
9942
9946
9947
10000
10000
9989
10000
9825
9922
10000
10000
9948
9927
9855
9890
9932
10000
9916
9934
9827
9994
10000
9906
9966
9894
9956
10000
9956
9997
9860
9934
9912
9947
9930
10000
9975
9902
9883
10000
9784
10000
9942
9965
10000
10000
9973
9994
9924
9945
9957
10000
10000
9877
9997
10000
10000
9960
10000
9929
9931
9928
9870
9957
10000
9808
9859
9986
10000
9904
9905
9933
10000
9896
10000
10000
9957
9999
9836
9966
9926
9839
10000
10000
10000
9788
10000
9858
10000
9987
9957
10000
10000
10000
10000
10000
10000
9901
10000
10000
9875
9890
10000
9845
9992
10000
9763
9967
9916
10000
9855
9955
9962
9999
9947
9867
10000
9948
9839
9987
10000
9975
10000
9640
10000
9843
9843
9857
10000
10000
9925
9816
9922
9863
9944
9898
9899
9939
9771
9837
9903
9875
10000
9977
9910
9909
10000
9837
10000
9870
9885
10000
9934
10000
10000
9952
9915
9998
9962
10000
10000
9993
9921
9889
9900
9805
9883
9992
9874
9886
9896
10000
9963
10000
9999
9944
9923
9912
9922
10000
9971
10000
9953
10000
10000
10000
9809
9906
9870
10000
9962
9817
9945
10000
10000
9999
9948
9835
9978
10000
9841
9917
9986
9924
9921
9856
9922
9962
9996
9882
9906
9841
9834
9823
10000
9838
10000
10000
9949
10000
10000
9933
10000
9852
9840
9893
9858
10000
9751
9958
10000
9982
9899
10000
9985
9977
9990
9902
9987
9911
9926
9999
9996
9969
9950
9877
9897
10000
9791
9995
9833
9817
9885
9987
9903
9830
10000
9995
9940
9685
9987
10000
10000
9774
10000
10000
9829
10000
10000
9967
9996
9935
9848
10000
9905
9966
9894
9817
9782
10000
10000
9903
10000
9943
9919
9996
9865
9888
10000
9907
9823
10000
9964
10000
9879
9916
9905
10000
10000
9930
9884
9910
9825
9927
9997
9988
10000
10000
9914
9909
9964
10000
9896
9867
9902
9886
9907
9895
10000
9774
10000
9935
9982
9730
9996
9913
10000
9998
9801
9916
9882
9984
10000
9900
9992
9931
10000
10000
9877
9973
9897
10000
9906
10000
9959
9941
9989
9865
9960
10000
9793
9957
9891
9892
9959
10000
10000
9880
10000
10000
10000
9892
10000
10000
9892
9900
9851
9973
9866
9790
10000
9958
9851
9934
9889
10000
10000
9982
9942
10000
9825
10000
10000
10000
9794
9994
9930
10000
9998
9970
10000
10000
10000
10000
9969
9915
9952
9949
10000
9951
9943
10000
10000
10000
9929
9992
9899
9988
10000
9909
9940
9882
9858
9832
9848
9907
10000
10000
10000
9773
9973
10000
9935
9921
9997
9942
9912
9901
10000
10000
10000
10000
10000
9989
9763
9825
9873
9987
9851
9825
9900
10000
9883
9860
10000
9936
10000
9985
9903
9799
10000
10000
10000
9909
9957
9999
9925
9999
9872
9944
10000
9978
9731
10000
9933
9793
9889
10000
9887
9954
9892
9851
9971
10000
10000
10000
9926
10000
10000
10000
9867
9988
9895
9996
9906
10000
9877
9890
9951
10000
9854
9949
9872
10000
9765
10000
9952
9937
9985
9747
9923
9963
9833
9999
9974
9959
9773
9955
10000
10000
10000
10000
10000
9855
9883
9943
9947
9932
9952
9844
9829
9890
9883
9982
10000
10000
9891
9901
9787
9890
10000
10000
9756
9811
10000
9933
9887
9998
9889
10000
10000
9862
10000
9902
10000
9962
10000
10000
9946
9961
9934
10000
9840
10000
10000
9904
9931
9977
9979
9779
9781
9891
9957
9930
9921
9898
9950
10000
10000
9879
9928
10000
9802
9999
9992
9944
9836
9997
9999
10000
9814
9885
9856
10000
9886
10000
9927
9981
10000
9901
9930
10000
9829
9839
9889
9919
10000
10000
9948
9954
9910
9962
10000
9995
10000
10000
9869
9918
9889
9854
10000
9892
10000
9902
9829
10000
9935
10000
9913
9844
9953
10000
9968
9931
9925
10000
9903
9922
9963
10000
9898
9814
9991
9886
10000
9932
9999
10000
9859
10000
9955
9884
9957
10000
9937
9883
9903
9893
9960
10000
9948
9903
9890
10000
10000
9996
9812
9882
9926
9858
9903
9959
9692
10000
10000
9931
9884
9889
10000
9912
9900
10000
9999
9912
10000
9983
9818
9838
10000
9900
9963
9928
9939
10000
9849
10000
9999
9879
9840
9985
9889
9974
9875
9720
9970
10000
10000
9874
9926
9925
9939
9878
10000
9932
9913
10000
9907
9934
10000
10000
9834
9737
9843
10000
9929
9956
9876
10000
9829
9869
9985
9887
10000
9947
9934
10000
9894
9742
9927
9786
10000
9888
9885
10000
10000
9854
9950
10000
10000
9935
9995
10000
10000
9930
10000
9973
9849
9845
9880
9936
10000
10000
9882
9957
9938
10000
9949
9925
9882
9951
10000
10000
10000
9912
9950
10000
9813
9929
9991
10000
10000
9945
9856
10000
9899
10000
9878
9923
9873
10000
10000
9984
10000
9942
9999
9961
9894
9700
9927
10000
9787
9919
10000
9909
9865
9967
10000
10000
9883
9909
9893
9646
10000
10000
10000
9947
9895
9812
9910
9787
9916
9839
10000
9807
10000
9871
9933
10000
9624
10000
9873
9866
9969
9914
10000
9961
9906
10000
9936
9763
9935
9897
9819
10000
9995
9999
9925
9944
9864
10000
9758
9812
9941
9898
9862
10000
9797
10000
9927
9910
9790
9862
10000
9854
9773
9826
9953
