9829
9937
9874
9933
9968
9907
9976
9877
9922
9914
9878
9981
10000
9804
9901
9963
9934
9931
9929
9973
9940
9994
9827
9890
9793
9945
9944
9913
9827
9908
9922
9784
9937
9839
9854
9933
9881
9886
9889
9929
9850
9864
9930
9877
9999
9944
9859
9960
9938
9872
9927
9794
9819
9960
9845
9956
9957
9941
9908
9880
9943
9883
9885
9853
9908
9964
9852
9898
9941
9957
9937
9895
9903
9955
9958
9899
9936
9880
9946
9746
9895
9937
9906
9857
9823
9841
9932
9781
9888
9968
9814
9947
9853
9984
9936
9948
9904
9979
9979
9820
9874
9996
9834
9933
9959
9898
9899
9949
9940
9838
9922
9877
9908
9964
9953
9867
9938
9915
9895
9834
9907
9933
9936
9893
9714
9958
9909
9921
9886
9943
9876
9930
9925
9966
9912
9851
9912
9889
9897
10000
9895
9830
9873
9884
9937
9895
9943
9830
9831
9885
9951
9832
9980
9781
9859
9933
9984
9949
9819
9894
9910
9990
9937
9907
9940
9864
9928
9954
9892
9912
9959
9956
9957
9909
9949
9926
9951
9860
9903
9804
9838
9928
9837
9950
9871
9852
9986
9944
10000
9826
9948
9888
9941
9812
9983
9950
9855
9926
9892
9909
9953
9716
9818
9924
9882
9768
9844
9895
9968
9884
9854
9894
9867
9949
9967
9924
9926
9945
9712
9930
9935
9908
9886
9963
9945
9995
9952
9954
9990
9897
9970
9939
9873
9884
9887
9925
9843
9948
9891
9889
9844
9881
9887
9811
9990
9896
9831
9865
9926
9872
9961
9949
9964
9961
9955
9899
9925
9903
9940
9961
9795
9845
9914
9852
9903
9946
9953
9812
9851
9909
9978
9971
9979
9793
9969
9830
9957
9923
9875
9879
9963
9929
9915
9946
9979
9874
9828
9918
9878
9876
9902
9909
9891
9894
9839
9912
9946
9880
9939
9926
9872
9983
9922
9969
9860
9863
9874
9873
9938
9984
9927
9932
9917
9936
9976
9894
9935
9955
9912
9964
9898
9945
9893
9979
9992
9828
9953
9926
9915
9819
9952
9748
9904
9949
9890
9814
9948
9879
9676
9861
9958
9860
9938
9891
9921
9921
9917
9823
9953
9965
9882
9923
9767
9940
9915
9910
9874
9931
9866
9924
9943
9907
9944
9947
9924
9980
9916
9985
9738
9847
9938
9888
9774
9924
9873
9918
9881
9875
9988
9943
9935
9938
9862
9850
9950
9875
9936
9947
9966
9966
9835
9852
9933
9880
9918
9907
9900
9847
9979
9874
9985
9946
9817
9942
9897
9941
9841
9823
9836
9861
9941
9876
9984
9980
9950
9886
9982
9938
9906
9993
9980
9923
9927
9865
9887
9862
9869
9763
9964
9843
9911
9889
9959
9885
9933
9834
9842
9847
9857
9920
9928
9956
9953
9899
9969
9802
9792
9815
9825
9906
9761
9916
9906
9903
9942
9972
9952
9875
9929
9872
9932
9924
9944
9958
9902
9901
9887
9933
9830
9892
9818
9948
9936
9909
9850
9997
9932
9934
9974
9878
9947
9889
9730
9928
9930
9889
9907
9972
9921
9933
9926
9921
9872
9889
9941
9840
10000
9909
9984
9902
9924
9703
9942
9877
9805
9896
9997
9863
9936
9946
9949
9911
9797
9978
9907
9861
9905
9912
9892
9948
9793
9868
9901
9928
9858
9944
9907
9916
9980
9806
9874
9818
9944
9953
9935
9855
9829
9891
9914
9956
9865
9944
9902
9841
9953
9874
9967
9972
9894
9963
9910
9970
9867
9912
9919
9854
9939
9915
9976
9975
9897
9933
9943
9857
9916
9916
9976
9937
9932
9913
9928
9856
9880
9981
9963
9963
9901
9904
9913
9895
9843
9914
9931
9963
9932
9800
9789
9950
9892
9911
9918
9966
9867
9944
9946
9945
9933
9911
9961
9872
9986
9978
9931
9978
9893
9882
9932
9878
9865
9838
9830
9926
9967
9938
9904
9970
9947
9904
9973
9969
9934
9897
9793
9891
9949
9913
9976
9899
9916
9911
9920
9873
9972
9895
9979
9874
9838
9845
9874
9988
9842
9924
9815
9951
9859
9886
9933
9811
9917
9973
9959
9952
9916
9925
9835
9814
9823
9824
9899
9865
9950
9901
9924
9835
9952
9863
9864
9776
9836
9838
9794
9983
9955
9952
9952
9945
9940
9798
9901
9836
9908
9917
9935
9996
9953
9952
9877
9879
9877
9920
9866
9942
9875
9841
9968
9887
9884
9660
9892
9754
9837
9870
9924
9854
9950
9828
9905
9887
9858
9936
9885
9933
9937
9927
9930
9906
9945
9926
9844
9940
9840
9955
9819
9874
9971
9848
9902
9962
9984
9946
9999
9924
9971
9914
9916
9821
9964
9898
9922
9926
9925
9987
9999
9945
9919
9876
9909
9987
9946
9863
9917
9910
9833
9818
9915
9884
9756
9953
9920
9770
9907
9940
9923
9920
9935
9882
9821
9951
9925
9947
9797
9888
9887
9869
9911
9878
9830
9925
9895
9957
9774
9819
9906
9971
9890
9952
9984
9964
9921
9989
9866
9977
9933
9877
9892
9934
9915
9915
9832
9893
9847
9924
9933
9842
9903
9931
9993
9978
9932
9850
9918
9906
9846
9885
9881
9949
9914
9881
9904
9942
9834
9898
9949
9839
9897
9837
9940
9882
9927
9954
9826
9934
9856
9922
9923
9962
9922
9942
9915
9819
9811
9765
9915
9873
9932
9865
9932
9890
9912
9905
9892
9905
9891
9926
9838
9791
9909
9947
9960
9915
9969
9879
9937
9879
9946
9952
9886
9787
9857
9893
9968
9843
9981
9933
9928
9826
9765
9949
9894
9798
9857
9808
9866
9980
9862
9953
9918
9741
9962
9979
9876
9955
9864
9984
9824
9980
9925
9908
9997
9919
9943
9950
9932
9862
9946
9954
9947
9916
9910
9938
9907
9903
9789
9990
9929
9915
9959
9889
9836
9906
9920
9902
9974
9884
9917
9893
9911
9782
9889
9872
9941
9963
9604
9946
9829
9984
9982
9825
9941
9863
9989
9866
9866
9874
9840
9940
9898
9976
9831
9912
9901
9903
9772
9895
9856
9947
9815
9931
9896
9925
9828
9949
9938
9948
9935
9918
9933
9867
9929
9853
9823
9961
9837
9919
9800
9921
9947
9938
9957
9874
9941
9957
9868
9961
9864
9903
9818
9854
9847
9835
9941
9948
9934
9990
9847
9871
9978
9893
9804
9959
