9873
9857
9955
9883
9915
9932
9884
9887
9973
9837
9940
9940
9944
9928
9844
9778
9985
9882
9929
9885
9907
9821
9909
9889
9985
9822
9851
9928
9970
9882
9907
9719
9937
9950
9983
9937
9875
9874
9974
9892
9844
9975
10000
9923
9953
9838
9877
9942
9920
9934
9869
9845
9918
9935
9943
9923
9839
9920
9924
9946
9890
9846
9841
9978
9910
9949
9977
9881
9834
9922
9917
9900
9824
9885
9926
9824
9962
9944
9848
9908
9999
9871
9975
9901
9939
9887
9900
9922
9898
9891
9989
9960
9967
9974
9800
9848
9930
9934
9927
9817
9852
9965
9852
9967
9859
9918
9833
9915
9901
9904
9871
9989
9913
9909
9852
9869
9869
9929
9900
9965
9859
9925
9965
9930
9941
9939
9898
9782
9952
9903
9986
9916
9925
9821
9783
9988
9921
9851
9965
9915
9907
9920
9902
9868
9934
9913
9841
9951
9967
9914
9894
9947
9870
9894
9863
9980
9860
9914
9951
9872
9922
9901
9865
9924
9788
9882
9968
9814
9749
9870
9963
9942
9881
9921
9954
9869
9891
9854
9828
9991
9878
9831
9827
9946
9878
9930
9895
9812
9793
9950
9969
9963
9828
9927
9963
9915
9978
9980
9949
9896
9780
9915
9961
9926
9949
9926
9859
9958
9936
9912
9753
9902
9980
9905
9943
9902
9997
9934
9900
9870
9952
9938
9925
9860
9852
9883
9819
9908
9900
9887
9962
9884
9920
9897
9914
9933
9937
9877
9917
9970
9887
9864
9966
9967
9964
9866
9860
9925
9796
9903
9891
9919
9993
9989
9824
9912
9996
9868
9937
9903
9929
9953
9900
9929
9989
9953
9961
9792
9981
9977
9925
9946
9872
9897
9963
9749
9828
9978
9781
9912
9901
9889
9846
9885
9966
9795
9878
9949
9941
9832
9968
9924
9927
9897
9876
9907
9839
9963
9983
9896
9956
9987
9782
9938
9977
9914
9926
9742
9975
9883
9904
9888
9951
9867
9894
9898
9998
9903
9874
9996
9967
9888
9993
9954
9892
9999
9876
9834
9966
9997
9922
9892
9957
9919
9932
9894
9918
9917
9850
9867
9922
9913
9903
9951
9895
9913
9871
9979
9831
9859
9952
9884
9871
9966
9938
9903
9841
9794
9870
9895
9935
9847
9979
9882
9906
9881
9917
9868
9792
9997
9944
9915
9899
9945
9929
9750
9956
9950
9902
9938
9850
9864
9809
9986
9893
9913
9881
9951
9925
9975
9886
9949
9965
9865
9881
9982
9950
9919
9918
9921
9998
9955
9919
9969
9898
9990
9902
9870
9943
9883
9859
9877
9848
9893
9984
9924
9916
9932
9922
9858
9924
9780
9878
9789
9819
9924
9785
9801
9943
9863
9914
9935
9843
9984
9911
9961
9779
9928
9789
9902
9916
9972
9943
9918
9900
9943
9990
9811
9872
9924
9934
9974
9956
9893
9863
9926
9933
9900
9889
9856
9991
9803
9945
9970
9944
9899
9868
9946
9930
9841
9935
9792
9991
9796
9877
9853
9847
9961
9903
9877
9973
9951
9975
9910
9873
9921
9816
9939
9984
9817
9983
9905
9877
9867
9918
9972
9928
9991
9828
9910
9863
9821
9916
9929
9994
9853
9972
9949
9898
9975
9909
9878
9912
9985
9898
9866
9928
9886
9777
9965
9918
9862
9928
9779
9915
9906
9923
9888
9892
9811
9946
9911
9938
9734
9819
9950
9867
9913
9835
9831
9930
9903
9895
9883
9886
9854
9934
9916
9854
9925
9951
9913
9947
9892
9941
9806
9870
9961
9958
9937
9919
9961
9901
9921
9882
9916
9941
9886
9648
9920
9965
9912
9934
9976
9852
9966
9953
9895
9743
9934
9925
9906
9946
9893
9810
9834
9889
9893
9973
9971
9937
9938
9819
9873
9952
9970
9925
9960
9885
9855
9934
9928
9868
9853
9913
9978
9923
9879
9780
9865
9807
9806
9944
9854
9913
9951
9864
9932
9934
9955
9950
9904
9986
9809
9961
9879
9835
9958
9849
9867
9943
9915
9916
9946
9875
9970
9830
9818
9938
9829
9960
9951
9901
9989
9929
9904
9846
9930
9920
9876
9916
9857
9947
9857
9828
9873
9894
9927
9843
9866
9892
9977
9747
9922
9907
9866
9899
9933
9810
9989
9997
9780
9763
9720
9835
9931
9857
9943
9959
9939
9900
9934
9910
9787
9858
9884
9916
9853
9951
9921
9960
9910
9945
9952
9889
9999
9940
9936
9984
9900
9937
9918
9959
9847
9977
9895
9951
9984
9907
9949
9880
9935
9886
9927
9862
9923
9932
9939
9914
9929
9837
9915
9916
9841
9895
9915
9937
9862
9954
9691
9912
9957
9892
9956
9918
9930
9971
9978
9832
9969
9950
9908
9923
9868
9954
9765
9887
9933
9997
9910
9899
9937
9959
9910
9958
9902
9941
9871
9889
9833
9966
9920
9995
9791
9933
9887
9888
9941
9924
9937
9887
9954
9844
9900
9902
9894
9904
9994
9950
9986
9835
9964
9916
9892
9896
9952
9891
9836
9926
9900
9886
9903
10000
9796
9966
9916
9901
9861
9967
9874
9812
9974
9880
9784
9938
9933
9951
9948
9820
9967
9969
9855
9946
9835
9990
9982
9939
9944
9918
9968
9891
9897
9910
9868
9954
9820
9941
9922
9963
9930
9916
9954
9890
9767
9955
9814
9842
9914
9850
9994
9955
9812
9939
9906
9855
9969
9854
9916
9994
9901
9864
9925
9814
9904
9820
9899
9910
9877
9796
9906
9951
9981
9869
9919
9915
9918
9937
9982
9953
9986
9931
9890
9897
9905
9902
9929
9910
9867
9927
9935
9932
9919
10000
9834
9960
9864
9906
9960
9806
9949
9821
9806
9983
9895
9882
9927
9917
9739
9872
9859
9804
9850
9963
9895
9879
9871
9898
9951
9868
9946
9978
9990
9921
9901
9919
9927
9899
9908
9804
9846
9943
9899
9918
9878
9966
9844
9822
9928
9823
9813
9884
9906
9855
9966
9910
9916
9744
9927
9882
9764
9935
9910
9962
9979
9955
9879
9946
9928
9880
9993
9993
9719
9885
9826
9942
9994
9926
9979
9929
9898
9969
9845
9836
9928
9840
9897
9938
9872
9861
9857
9862
9917
9986
9876
9822
9867
9837
9956
9965
9930
9865
9957
9826
9962
9896
9868
9688
9853
9939
9955
9918
9872
9907
9904
9959
9959
9853
9825
9920
9901
