9854
9921
9986
9894
9950
9715
9915
9827
9916
9950
9929
9902
9876
9927
9993
9969
9981
9689
9816
9912
9933
9925
9964
9933
9953
9854
9929
9911
9813
9872
9982
9884
9909
9958
9862
9896
9925
9901
9994
9870
9952
9962
9976
9759
9755
9913
9817
9904
9998
9932
9928
9775
9971
9997
9910
9935
9992
9978
9917
9933
9903
9975
9985
9838
9966
9994
9910
9999
9828
9885
9921
9877
9907
9956
9887
9894
9902
9895
9945
9834
9984
9935
9881
9991
9932
9874
9916
9999
9951
9880
9736
9954
9914
9933
9999
9939
9936
9854
9975
9809
9891
9892
9970
9854
9885
9950
9867
9928
9856
9991
9857
9920
9904
9800
9929
9962
9975
9981
9931
9936
9925
9943
9893
9947
9885
9959
9980
9919
9879
9954
9908
9872
9809
9933
9915
9970
9903
9919
9876
9960
9975
9892
9876
9961
9965
9842
9922
9876
9938
9878
9910
9883
9870
9865
9955
9874
9936
9718
9946
9897
9946
9833
9942
9985
9867
9811
9971
9933
9929
9899
9878
9881
9956
9906
9821
9945
9922
9866
9853
9977
9900
9843
9908
9919
9961
9964
9927
9940
9899
9939
9871
9831
9863
9916
9950
9742
9891
9967
9863
9885
9858
9862
9961
9887
9946
9927
9919
9900
9908
9920
9781
10000
9824
9900
9971
9994
9898
9757
9866
9783
9881
9862
9866
9956
9983
9996
9960
9999
9948
9908
9925
9969
9844
9862
9869
9824
9915
9899
9886
9965
9834
9947
9842
9912
9916
9902
9870
9928
9999
9829
9962
9938
9904
9872
9920
9893
9939
9969
9995
9941
9966
9979
9831
9965
9763
9973
10000
9908
9993
9941
9968
9976
9941
9851
9899
9985
9974
9988
9885
9936
9899
9986
9945
9827
9839
9965
9970
9904
9925
9846
9897
9874
9952
9855
9831
9933
9929
9772
9942
9970
9982
9922
9925
9904
9896
9895
9901
9963
9923
9955
9881
9903
9822
9957
9992
9934
9905
9854
9907
9949
9886
9988
9997
9790
9892
9786
9832
9908
9981
9974
9900
9933
9880
9881
9898
9999
9870
9932
9861
9989
9947
9894
9925
9924
9956
9887
9967
9963
9998
9994
9965
9741
9898
9925
9984
9884
9997
9999
9946
9914
9874
9958
9907
9887
9991
9805
9931
9971
9944
9963
9812
9915
9998
9965
9931
9776
9990
9992
9898
9947
9999
9817
9966
9936
9940
9861
9907
9999
9851
9970
9806
9942
9917
9952
9981
9974
9912
9940
9899
9951
9777
9965
9926
9850
9943
9811
9884
9937
10000
9820
9940
9893
9957
9918
9925
9932
9921
9963
9908
10000
9876
9920
9949
9902
9988
9761
9925
9937
9966
9883
9971
9938
9923
9929
9973
9988
9941
9944
9850
9977
9891
9995
9906
9904
9937
9911
9972
9943
9874
9972
9810
9865
9879
9983
9954
9972
9956
9836
9900
9879
9868
9897
10000
9863
9892
9945
9926
9920
9940
9972
9921
9960
9890
9971
9986
9854
9967
9845
9998
9855
9784
9850
9924
9934
9774
9851
9933
9983
9952
9963
9948
9856
9904
9912
9766
9796
9898
9921
10000
9940
9927
9913
9945
9770
9809
9897
9873
9976
9870
9948
9913
9924
9880
9957
9891
9918
9958
9948
9969
9939
9829
9856
9925
9938
9922
9938
9921
9877
9869
9967
9940
9913
9789
9921
9910
9904
9780
9957
9703
9929
9944
9979
9721
9905
9943
9883
9907
9965
9809
9969
9873
9933
9955
9913
9829
9943
9861
9952
9882
9964
9915
9903
9941
9947
9954
9915
9967
9914
9910
9928
9913
9883
9950
9788
9939
9903
9927
9819
9901
9946
9878
9926
9824
9923
9855
9919
9958
9920
9884
9899
9828
9798
9904
9896
9933
9943
9913
9865
9830
9858
9836
9970
9847
9973
9989
9890
9986
9836
9818
9958
9875
9918
9762
9899
9896
9926
9868
9907
9988
9900
9959
9842
9977
9866
9887
9866
9890
9828
9874
9902
9886
9921
9936
9993
9891
9928
9915
9854
9879
9890
9946
9874
9874
9930
9992
9874
9924
9940
9801
9932
9995
9916
9947
9896
9792
9987
9903
9878
9886
9896
9830
9911
9840
9921
9864
9886
9942
9960
9925
9908
9923
9794
9973
9947
9893
9976
9997
9961
9736
9916
9975
9974
9962
9941
9916
9976
9949
9969
9856
9921
9890
9965
9937
9821
9885
9937
9955
9852
9905
9894
9752
9880
9945
9860
9847
9769
9892
9929
9875
9783
9851
9903
9930
9895
9867
9895
9909
9933
9953
9905
9986
9867
9979
9974
9858
9901
9923
9845
9973
9892
9916
9957
9889
9910
9746
9977
9870
9902
9911
9899
9862
9936
9873
9903
9933
9917
9793
9983
9902
9923
9994
9862
9851
9905
9952
9940
9975
9952
9814
9878
9940
9993
9915
9921
9844
9960
9911
9907
9910
9941
9844
9944
9934
9857
9699
9928
9948
9914
9887
9918
9943
9967
9926
9926
9772
9931
9908
9863
9832
9815
9952
9908
9795
9956
9854
9832
9957
9921
9984
9942
9867
9884
9945
9862
9985
9968
9965
9916
9887
9874
9924
9893
9916
9975
9840
9921
9883
9780
9893
9938
9869
9873
9880
9909
9982
9897
9950
9700
9973
9995
9879
9905
9942
9912
9914
9797
9819
9970
9934
9867
9980
9953
9968
9905
9874
9914
9933
9994
9962
9939
9885
9980
9898
9952
9903
9990
9835
9942
9850
9822
9988
9828
9988
9983
9942
9885
9888
9998
9818
9878
9945
9789
9925
9939
9958
9923
9844
9971
9682
9966
9949
9752
9892
9914
9891
9969
9818
9920
9996
9926
9887
9945
9868
9834
9782
9839
9772
9982
10000
9939
9905
9892
9956
9926
9951
9936
9965
9862
9913
9923
9983
9927
9816
9864
9961
9953
9964
9914
9773
9846
9953
9804
9879
9905
9931
9939
9942
9892
9905
9933
9904
9960
9997
9836
9952
9959
9753
9930
9869
9972
9893
9943
9884
9924
9831
9954
9883
9918
9887
9915
9999
9935
9816
9910
9947
9927
9827
9974
9846
9861
9841
9849
9879
9876
9896
9997
9962
9911
9796
9907
9849
9912
9817
9872
9807
9799
9952
9937
9892
9927
9821
9929
9932
9930
9905
9915
9893
9922
9953
9919
9929
9918
9984
9938
9899
9969
9946
9949
9959
9912
