9954
9883
9929
9939
9968
9890
9883
9972
9925
9792
9956
9905
9914
9977
9923
9974
9934
9859
9947
9984
9820
9933
9977
9947
9920
9888
9915
9930
9967
9941
9899
9914
9942
9953
9999
9920
9960
9942
9891
9964
9965
9931
9927
9925
9965
9905
9721
9885
9998
9973
9931
9889
9840
9917
9903
9936
9902
9934
9880
9925
9801
9849
9902
9977
9928
9934
9836
9966
9921
9830
9846
9719
9990
9894
9900
9914
9895
9945
9846
9827
9887
9822
9880
9843
9937
9973
9836
9906
9947
9926
9951
9877
9836
9950
9768
9968
9971
9918
9856
9819
9811
9987
9995
9975
9904
9951
9865
9973
9900
9995
9991
9949
9826
9932
9956
9977
9997
9914
9904
9978
9933
9818
9884
9945
9942
9806
9960
9948
9964
9909
9990
9943
9886
9889
9960
9996
9934
9963
9836
9840
9981
9921
10000
9916
9990
9845
9928
9953
9955
9957
9951
9896
9981
9999
9942
9945
9903
9884
9926
9865
9778
9897
9994
9974
9941
9838
9893
9811
9921
9970
9852
9977
9940
9989
9855
9931
9900
9929
9915
9918
9897
9999
9917
9933
9939
9990
9918
9939
9881
9889
9954
9922
9947
9900
9981
9972
9951
9930
9953
9901
9937
9977
9912
9952
9868
9866
9980
9966
9979
10000
9934
9879
9900
9911
9998
9795
9944
9925
9865
9969
9898
9951
9932
9988
9998
9893
9963
9737
9791
9920
9836
10000
9918
9892
9965
9902
9901
9988
9982
9870
9894
9828
9997
9960
9919
9857
9999
9917
9898
9983
9736
9991
9839
9916
9915
9969
9827
9903
9917
9928
9750
9953
9826
9972
9935
9786
9901
9929
9868
9947
9999
9937
9860
9999
9882
9904
9990
9915
9982
9803
9784
9894
9952
9911
9849
9843
9934
9938
9970
9957
9936
9907
9872
9841
9950
9882
9870
9861
9962
9932
9959
9859
9947
9973
9945
9878
9974
9928
9848
9877
9994
9982
9887
9929
9919
9940
9852
9908
9930
9985
9915
9956
9974
9945
9958
9944
9969
9900
9943
9965
9930
9927
9968
9972
9888
9844
9822
9822
9913
9982
10000
9906
9864
9889
9998
9775
9945
9970
9963
9923
9880
9884
9877
9963
9933
9985
9968
9969
9970
9865
9907
9769
9882
9881
9918
9979
9962
9895
9938
9805
9926
9848
9976
9915
9956
9969
9985
9842
9966
9873
9904
9951
9898
9905
9994
9915
9735
9812
9983
9931
9941
9880
9866
9923
9914
9974
9906
9923
9984
9953
9945
9977
9937
9905
9874
9899
9931
9907
9790
9878
9811
9929
9964
9945
9939
9880
9989
9989
9918
9902
9806
9874
9965
9918
9909
9943
9850
9978
9832
9968
9994
9939
9975
9972
9885
9769
9951
9974
9801
9875
9838
9933
9960
9883
9870
9894
9941
9922
9976
9919
9882
9896
9892
9885
9979
9896
9895
9956
9923
9949
9963
9932
9929
10000
9864
9914
9928
9946
9983
9985
9843
9872
9990
9966
9946
9918
9997
9908
9869
9804
9991
9962
9881
9935
9858
9853
9949
9881
9988
9783
9913
9858
9982
9959
9930
9944
9885
9831
9968
9976
9961
9953
9923
9966
9944
9944
9890
9959
9994
9890
9891
9965
9953
9956
9988
9873
9940
9964
9878
9811
9970
9981
9902
10000
9982
9983
9733
9874
9972
10000
9915
9878
9912
9804
9960
9924
9989
9880
9973
9974
9979
9937
9952
9848
9857
9956
9869
9994
9991
9895
9863
9983
9936
9943
9896
9935
9934
9948
9861
9939
9845
9921
9972
9936
9921
9828
9976
9913
9944
9997
9829
9979
9922
9844
9960
9928
9949
9938
9973
9874
9931
9984
9907
9855
9922
9873
9843
9912
9858
9919
9825
9923
9863
9954
9873
9852
9911
9995
9907
9936
9948
9949
9963
9844
9877
9886
9834
9868
9992
9923
9895
9962
9873
9890
9872
9936
9960
9923
9926
9951
9709
9885
9954
9927
9865
9945
9951
9962
10000
9876
9789
9806
9877
9948
9999
9959
9906
9928
9982
9879
9944
9946
9901
9861
9984
9920
9961
9871
9871
9852
9913
9990
9922
9953
9944
9924
9880
9945
9895
9898
9882
9876
9956
9971
9999
9858
9943
9909
9938
9988
9911
9924
9849
9866
9901
9903
9969
9928
9820
9880
9974
9866
9861
9960
9873
9915
9737
9824
9926
9839
9959
9874
9820
9890
9907
9921
9999
9866
9926
9889
9959
9858
9986
9826
9887
9853
9842
9891
9933
9925
9853
9948
9862
9855
9954
9903
9798
9855
9891
9938
9870
9917
9898
9991
10000
9842
9954
9966
9846
9963
9810
9971
9893
9908
9966
9932
9888
9827
9945
9886
9917
9956
9826
9990
9978
9823
9975
9699
9934
9845
9961
9940
9923
9858
9883
9914
9980
9935
9943
9948
9795
9908
9940
9945
9990
9914
9790
9948
9970
9949
9826
9932
9856
9860
9969
9839
9967
9977
9862
9911
9887
9961
9907
9903
9931
9863
9977
9915
9919
9912
9799
9996
9916
9984
9933
9973
9946
9999
9935
9954
9902
9967
9984
9858
9986
9800
9878
9896
9949
9988
9876
9917
9893
9966
9993
9990
9853
9893
9923
9881
9791
9903
9899
9926
9889
9921
9823
9985
9961
9938
9915
9900
9881
9957
9993
9972
9905
9907
9919
9774
9998
9819
9876
10000
9833
9945
9914
9892
9909
9901
9930
9917
9882
9824
9795
9912
9792
9999
9914
9999
9996
9933
9924
9749
9950
9919
9830
9875
9977
9910
9989
9960
9972
9969
9903
9779
9973
9975
9984
9998
9972
9921
9992
9880
9870
9897
9962
9912
9935
9920
9953
9921
9914
9896
9832
9833
9903
9949
9956
9974
9814
9887
9945
9900
9720
9863
9940
9960
9881
9972
9887
9902
9866
9831
9959
9861
9757
9993
9899
9865
9917
9937
9847
9842
9885
9989
9937
9886
9907
9939
9949
9968
9967
9880
9896
9864
9839
9835
9855
9959
9905
9943
9884
9833
9964
9852
9897
9895
9947
9828
9914
9996
9855
9870
9888
9928
9943
9964
9919
9793
9958
9886
9978
9844
9990
9760
9760
9960
9928
9937
9879
9998
9933
9998
9968
9877
9951
9846
9893
9973
9917
9985
9917
9891
9861
9755
9928
9924
9957
9849
9825
9970
9937
9980
9931
9883
9857
9991
9786
9971
