9998
9962
9954
9991
9996
9934
9998
9991
10000
10000
9927
10000
10000
9909
10000
10000
9986
9893
9975
10000
10000
9907
9843
9878
9867
9978
9999
9995
9997
9992
9942
9999
10000
9923
9871
10000
10000
9995
9973
10000
10000
10000
10000
9974
9879
9990
9996
9997
9998
9818
9947
9990
9980
9961
9909
10000
9998
9872
9980
10000
10000
9999
9932
10000
10000
10000
9999
10000
9942
10000
9960
9998
9908
10000
9978
9995
9999
9999
9990
9940
9998
10000
10000
10000
9988
9910
10000
10000
9998
10000
9954
10000
10000
9996
9838
9933
9999
9961
10000
10000
9875
9973
9987
9971
10000
9988
9999
10000
9998
9908
10000
9978
10000
9977
9916
9993
9852
9992
9919
9960
9996
9993
9997
9917
9956
9994
9997
9928
9985
9950
10000
9924
9999
9990
9998
9983
9955
10000
9997
9980
9908
10000
9999
10000
9999
9999
10000
9997
9999
9974
10000
10000
9994
9986
9932
10000
9992
9902
9994
9907
9981
10000
10000
10000
9960
9973
9989
10000
9927
9994
10000
9996
10000
9982
9864
10000
10000
10000
9953
9999
10000
9999
9989
9986
9910
9909
9979
9926
9952
10000
9999
9936
10000
9983
9938
9997
10000
9950
10000
9891
9922
10000
10000
9998
10000
10000
9868
9928
9943
9915
9982
9997
9901
9889
9986
10000
10000
10000
10000
9985
9996
9998
9904
10000
10000
9996
9999
10000
9886
9990
10000
10000
9979
9999
10000
10000
9997
9943
10000
10000
9993
9808
9919
9927
10000
9992
9978
9815
9792
10000
9976
9993
9791
10000
9998
10000
9809
10000
9998
10000
9999
9996
9988
10000
10000
10000
10000
9946
9972
10000
10000
9997
10000
9999
9969
9884
9937
9996
9870
9990
9986
9911
9925
10000
9939
10000
9993
9975
9981
9986
10000
9917
10000
10000
9999
9990
9937
9843
10000
9915
10000
9952
9992
10000
9983
9999
10000
9997
10000
9993
9974
9995
9999
10000
9970
9988
9924
10000
10000
9921
9997
9933
10000
10000
10000
10000
9979
9905
9995
9949
9990
9979
10000
9995
9999
9958
9999
10000
9997
10000
10000
9990
10000
10000
9993
9975
10000
9982
10000
9987
9986
9954
9990
10000
10000
9997
10000
10000
9944
10000
10000
10000
9999
10000
10000
9989
9998
9999
9997
10000
10000
9937
9999
10000
9924
10000
9861
10000
9870
9999
9996
9997
9991
9999
9934
9998
9994
9997
10000
9991
9875
10000
9997
9971
9845
9927
9886
9931
9916
10000
9833
9939
10000
10000
9961
9997
9999
10000
9984
10000
9997
10000
9933
10000
9919
10000
10000
9980
10000
9892
10000
10000
9944
9994
9969
9999
10000
9997
9972
9996
10000
9978
10000
9999
10000
9999
10000
9962
9902
10000
9991
9999
9998
9962
9995
9996
10000
10000
9885
9935
10000
9999
9927
9999
9967
10000
10000
9965
9996
9988
9985
9995
9998
10000
10000
9989
10000
9952
9978
9988
10000
10000
9943
10000
10000
9935
10000
9927
10000
9983
10000
9968
9998
9997
9999
9952
9887
10000
9995
9921
9929
9997
9994
10000
9971
9997
10000
10000
9982
9926
9998
9999
9978
9989
10000
9946
10000
9937
9984
10000
9842
9998
9992
9906
9962
9956
9987
9999
10000
9975
9999
9997
9974
9984
9995
9916
9936
9972
9942
9847
10000
9998
9999
9986
9943
10000
9998
10000
9920
9959
9996
9978
9978
10000
10000
10000
9971
10000
9911
10000
9980
10000
9827
9957
9937
9999
9932
9828
10000
9968
9999
10000
10000
9999
9997
10000
9969
9997
9987
10000
10000
9988
10000
9998
9997
9996
10000
10000
10000
9971
9996
9980
9792
9994
10000
9992
10000
9998
9981
10000
9997
9999
10000
9999
9811
9999
9994
9999
9978
10000
10000
9992
10000
10000
9980
9999
10000
9970
10000
9994
9995
10000
9998
9949
9999
10000
10000
9999
9996
9993
9995
9999
9973
9999
10000
10000
10000
9999
9997
10000
9997
9966
10000
9999
9987
9972
10000
10000
10000
9957
9946
9894
10000
10000
10000
9984
10000
9999
9996
9987
9984
9998
10000
9993
10000
9975
10000
9883
9931
10000
9999
9991
9990
10000
9907
9998
9976
9962
9995
10000
9996
9874
9896
9963
10000
9966
9932
10000
9999
9867
10000
9927
9996
9978
9884
9999
10000
9920
9996
9946
9968
10000
9942
9999
9878
9956
9998
9958
10000
9998
10000
9999
9855
9910
10000
9958
10000
9990
9951
9984
9999
9930
9992
10000
9904
9908
9996
9960
9982
9999
9990
9996
10000
9979
10000
9908
9944
9977
10000
9952
10000
9937
9984
9998
9961
9940
9940
9925
9998
10000
9964
9957
10000
9966
9891
9926
9987
9999
10000
9850
9995
9967
10000
10000
10000
9999
9995
9999
10000
10000
9976
9972
9998
9976
9993
9997
9945
9985
9968
9918
10000
9999
9983
9963
9991
9909
9922
9999
9944
9999
9989
9979
10000
10000
9971
9993
9937
10000
9997
9976
9941
9863
9841
10000
9998
10000
9912
9978
9999
10000
10000
10000
9972
9879
9993
9999
9925
9999
10000
9983
9999
10000
9868
9998
9999
9998
9978
9998
10000
9988
9846
9998
10000
9989
10000
10000
9847
9939
9881
9973
9948
10000
9910
10000
10000
9996
10000
9975
9994
9890
9987
9997
9947
10000
9955
9983
10000
9750
9997
10000
9852
9999
9883
9973
10000
9961
10000
9980
10000
9993
9908
9968
9968
9891
9993
10000
9916
9949
9917
9986
10000
9815
9991
9916
10000
9999
10000
10000
9999
9893
10000
9982
9981
9988
9976
9999
9933
9879
9999
9840
9919
10000
9991
9898
10000
9998
9975
9998
10000
9999
9991
10000
9999
9993
9911
9992
10000
9997
10000
9893
9923
9987
9989
9998
9913
9999
10000
9965
9993
9999
9903
9999
10000
10000
9942
9906
9998
10000
9998
9994
10000
9999
9981
10000
9970
9999
9999
10000
9999
10000
9957
10000
9988
9999
9838
9921
9948
10000
9997
9959
9858
10000
9998
9936
9879
9978
10000
9979
9997
9837
9955
10000
9987
9915
10000
10000
9897
9975
10000
10000
10000
9758
9960
9979
9998
9997
10000
9977
9978
10000
10000
9999
9973
10000
10000
10000
10000
9932
9888
9998
10000
9992
9988
9962
10000
9970
10000
9985
9999
10000
