9948
9989
9900
9814
9938
9841
9913
9987
9831
9976
9987
9916
9934
9997
9983
9978
9916
9876
9994
9905
9949
9844
9904
9911
9852
9837
9904
9934
9904
9862
9963
9817
9983
9935
9897
9989
9916
9959
9902
9718
9886
9919
9932
9948
9990
9855
9935
9881
9981
9925
9995
9967
9971
9900
9990
9955
9879
9897
9992
9910
9811
9937
9960
9991
9965
9892
9891
9833
9990
9992
9768
9933
9905
9886
9955
9914
9920
9982
9969
9834
9920
9920
9989
9900
9828
9921
9910
9935
9889
9941
9891
9929
9969
9893
9968
9920
9951
9932
9903
9877
9999
9852
9970
9828
9934
9926
9955
9800
9938
9781
9913
10000
9939
9936
9922
9861
9925
9998
9925
9854
9921
9844
9934
9981
9999
9944
9921
9934
9974
9982
9842
9987
9856
9999
9939
9988
9924
9885
9887
9989
9999
9907
9893
9974
9806
9935
9899
9930
9881
9905
9968
9972
9846
9791
9987
9864
9773
9919
9846
9963
9792
9893
9892
9754
10000
9994
9937
9951
9890
10000
9841
9910
9838
9959
9909
9934
9802
9822
9933
9945
9892
9924
9906
9743
9900
9860
9830
9916
9845
9965
9870
9908
9858
9914
9969
9883
9796
9996
9932
9971
9980
9837
9897
9896
9865
9928
9964
9965
9830
9988
9868
9729
9737
9912
9764
9895
9955
9959
9907
10000
9888
9988
9902
9935
9933
9915
9946
9820
9928
9863
9981
9912
9928
9865
9846
9997
9847
9990
9970
9929
9796
9939
9917
9823
9834
9872
9890
9810
9985
9979
9947
9859
9884
9865
9988
9973
9997
9876
9724
9955
9941
9869
9937
9961
9923
9995
9921
9997
9984
9885
9963
9863
9961
9905
9913
9862
9928
9756
9967
9793
9960
9905
9854
9913
9999
9960
9912
9945
9909
9884
9916
9913
9870
9935
9923
9978
9825
9850
9969
9892
9836
9918
9985
9934
9839
9887
9891
9955
9922
9990
9959
9992
9937
9891
9844
9974
9900
9989
9901
9952
9947
9985
9793
9887
9806
9830
9899
9997
9993
9910
9987
9847
9938
9906
9981
9969
9854
9923
9954
9978
9919
9991
9864
9923
9800
9897
9914
9947
9919
9887
10000
9906
9961
9931
9999
9781
9977
9945
9978
10000
9939
9930
9917
9887
9978
9916
9959
9961
9945
9910
9920
9926
9807
9992
9995
9787
9903
9969
9911
9878
9892
9932
9999
9901
9774
9903
9873
9902
9866
9988
9883
9899
9947
9915
9894
9959
9953
9930
9948
9996
9984
9881
10000
9904
9967
9869
9878
9927
9949
9912
9866
9977
9900
9949
9870
9899
9915
9919
9987
9986
9963
9909
10000
9917
9943
9937
9950
9992
9874
9865
9899
9815
9880
9937
9869
9898
9833
9939
9962
9934
9986
9994
9938
9797
9984
9954
9865
9852
9874
9875
9801
9993
9997
9803
9859
9907
9959
9998
9967
9943
9892
9911
9952
9932
9820
9809
9938
9942
9934
9861
9995
9960
9779
9888
9988
9810
9996
9983
9941
9977
9949
9880
9898
9910
9922
9884
9952
9943
9937
9940
9960
9853
9955
9771
9743
9969
9837
9957
9930
9852
9938
9980
9950
9978
9998
9882
9928
9943
9964
9941
9911
9915
9879
9967
9931
9935
9951
9892
9941
9911
9999
9874
9963
9967
9813
9813
9843
9918
9834
9922
9921
9882
9771
9930
9958
9877
9903
9920
9912
9942
9980
9892
9911
9903
9893
9899
9850
9952
9999
9797
9884
9809
9840
9942
9955
9839
9976
9960
9884
10000
9848
9995
9837
9912
9957
9973
9921
9924
9791
9863
9897
9934
9949
9953
9958
9781
9838
9918
9884
9875
9838
9865
9977
9929
9990
9980
9955
9939
9936
9999
9907
9998
9913
9945
9885
9965
9914
9889
9988
9916
9963
9907
9885
9907
9909
9940
9911
9917
9910
9976
9980
9924
9848
10000
9915
9878
9969
9942
9984
9915
9864
9869
9975
9850
9871
9961
9834
9918
9907
9881
9864
9929
9909
9913
9962
9862
9938
9846
9933
9915
9971
9802
9905
9753
9956
10000
9969
9958
9933
9926
9938
9985
9932
9910
9916
9944
9956
9964
9985
9980
9933
9967
9958
9974
9956
9876
9877
9856
9953
9918
9999
9949
9989
9972
9822
9993
9951
9968
9838
9909
9964
9791
9863
9965
9848
9829
9896
9961
9999
9877
9918
9903
9911
9853
9979
9975
9798
9936
9935
9978
9875
9849
9973
9988
9957
9983
9943
9972
9991
9881
9884
9999
9842
9875
9881
9899
9935
9949
9879
9880
9883
9863
9976
9836
9980
9952
9875
9940
9998
9841
9866
9910
9823
9880
9953
9839
9742
9861
9897
9923
9875
9967
9934
9875
9944
9788
9823
9891
9965
9948
9929
9973
9947
9911
9954
9877
9935
9918
9916
9914
9953
9922
9882
9915
9973
9914
9947
9899
9957
9955
9973
9965
9990
9871
9905
9966
9784
9997
9919
9994
9793
9891
9887
9915
9920
9974
9862
9922
9921
9949
9940
9930
9914
9902
9823
9931
9917
9996
9899
9956
9887
9764
9887
9999
9877
9795
9879
9894
10000
9937
9975
9917
9950
9950
9965
9936
9916
9918
9885
9934
9866
9927
9979
9910
9944
9933
9948
9946
9872
9941
9961
9913
9946
9988
9891
9887
9817
9911
9935
9846
9969
9900
9989
9906
9934
10000
9894
9877
9825
9902
9989
9921
9977
9936
9873
9944
9999
9896
9964
9904
9871
9879
9936
9982
9912
9918
9780
9925
9908
9904
9950
9938
9934
9982
9850
9898
9861
9913
9755
9924
9863
9900
9912
9994
9789
9932
9853
9917
9979
9848
9935
9924
9948
9897
9855
9961
9931
9922
9947
9699
9959
9854
9849
9952
9945
9959
9958
9857
9915
9704
9967
9949
9893
9928
9896
9913
9940
9717
9977
9844
9910
9818
9994
9876
9777
9885
9902
9948
9978
9882
9857
9925
9920
9888
9895
9885
9768
9990
9819
9873
9905
9801
9872
9822
9938
9916
9897
9974
9926
9957
9950
9985
9999
9939
9997
9982
9822
9935
9884
9884
9904
9820
9976
9890
9919
9892
9842
9950
9893
9971
9733
9946
9800
9919
9961
9988
9930
9958
9904
9946
9888
9928
9807
9871
9951
9871
9930
9956
9815
9992
9999
9973
9893
9945
9948
9993
9960
9884
9982
9953
