9911
9997
9979
9895
9988
9905
9964
9998
9872
9931
9796
9960
9977
9853
9988
9814
9947
9902
9991
9986
9996
9993
9991
9947
9935
9999
9790
9993
9945
10000
9941
9950
9914
9998
9995
9940
10000
9892
9986
9994
9915
9993
9985
9986
10000
9932
9995
9916
9992
9989
9836
9999
9861
9943
9990
9996
9973
9955
10000
9821
9868
9988
9990
9999
9984
10000
9984
9967
9999
9975
9989
9987
9997
9953
10000
9919
10000
9802
9936
9977
9851
9973
9949
9959
9996
9956
9970
9942
9972
9935
9950
9940
9918
9914
9879
9949
9914
9977
9987
9960
9999
9977
9927
9988
9860
9975
9919
9977
9993
9982
9960
9980
10000
9955
9968
9977
9916
9975
9989
9957
9921
9998
9995
9958
9851
9939
10000
9992
9964
9959
9996
9786
9886
9948
9853
9881
9763
9877
9999
9992
9985
9942
9905
9957
9992
9999
9999
9930
9942
9921
9993
9989
9884
9927
9982
9996
9998
9988
9999
9820
9958
9992
9941
9996
9992
9999
9994
9976
9998
9994
9965
10000
9903
9857
9997
9981
9944
9985
9996
9938
9838
9975
9997
9951
9950
9966
9995
10000
9998
9999
9996
10000
9987
9998
9992
9919
9972
9875
9974
9997
9916
9997
9953
9998
10000
9817
9886
9946
9810
9952
10000
9921
9934
9976
9967
9977
9992
9956
9999
9991
10000
9931
9877
10000
9963
9963
9973
9983
9991
9935
9872
10000
9998
9994
9993
9981
9981
10000
9975
10000
9933
9944
9915
9911
9969
9839
9937
9986
9971
9987
9984
9974
10000
9985
9965
9983
9997
9928
9954
9999
9993
9948
10000
9985
9873
9990
9811
9992
9915
9949
9964
9960
9971
10000
9962
9962
9967
9908
9991
9886
9899
10000
9912
9965
9913
9999
9908
9898
9993
9788
9866
9967
9871
9994
9995
9899
9984
9905
9998
9976
9803
9869
9972
9820
9982
9968
9856
9986
9968
9955
9999
9989
9989
9949
9999
9897
9955
9932
9976
9950
9829
9934
9999
9998
9990
9925
9972
9972
9882
9975
10000
9941
9949
9904
9939
9902
9946
9957
9997
9964
9968
9933
9855
9951
9772
9999
9953
9992
9942
9903
9943
9898
9993
9957
9973
9988
9987
9995
9958
9981
9947
9897
10000
9944
9944
9912
9968
10000
9893
9978
9858
9958
9839
9954
9992
9946
9987
9871
9988
9996
9967
9943
9955
9972
9984
10000
9974
9995
9960
9996
9883
9898
9922
9956
9979
9986
9999
9836
9996
9995
9978
9961
9923
9999
9951
9867
9971
9801
9959
9997
9974
9995
9956
9998
9999
9997
9972
9818
9998
9979
9976
9985
10000
9991
9819
10000
10000
9971
9923
9952
9990
9993
9963
9990
9987
9965
9939
9928
9930
9996
10000
9927
9969
9998
9858
9989
9992
9995
9951
9973
9995
9960
9953
9903
10000
9927
9987
9972
9984
9899
9990
9964
9990
9944
9997
9884
9967
10000
9924
10000
9920
9986
9878
10000
9904
9988
9912
9974
9996
9921
9997
9904
10000
9991
10000
9974
9996
9991
9999
9978
9992
9999
9955
9974
9991
9996
9998
9929
9949
9979
9880
9998
10000
9926
9994
10000
9961
9962
9927
9944
9940
9931
9928
9967
9972
9994
9921
9923
9980
9971
9954
9913
9951
9898
9877
10000
9935
9885
9992
9983
9909
9984
9922
9946
10000
9999
9895
9932
10000
9952
9983
9957
10000
9914
9984
9978
9982
9959
9980
9940
9999
9913
9994
9955
9956
9977
9989
9959
9969
9979
9799
9872
9972
9992
9999
9903
9984
9994
9988
9991
9909
9942
9936
9990
9999
9973
10000
9959
10000
9998
9998
9987
9959
10000
9995
9840
9934
9957
9999
9988
9958
9955
9988
9924
9948
9952
9935
9958
9879
9997
9998
9991
9996
9995
9994
9944
9939
9998
9982
9867
9970
9983
9992
9989
10000
9980
9995
9866
9971
9916
9936
9925
9927
9941
9981
10000
9954
10000
9998
10000
9984
9997
9941
9973
9941
9951
9993
9887
9987
10000
9877
9962
9998
9935
9867
9999
9948
9953
9994
9958
9980
9956
9996
9974
9966
10000
9982
9960
9989
9971
9918
9966
9993
9934
9992
9993
9947
9830
9972
9915
9975
9996
9900
9933
10000
9983
9998
9972
9971
9965
9998
9983
9972
9968
9914
9864
9997
9955
10000
9959
9840
9998
9937
9998
9954
10000
9998
9988
9943
9927
9942
9974
9929
9861
10000
9969
9892
9999
9971
9998
9959
9986
9903
10000
9940
9999
9999
9943
9970
9937
9965
9974
9996
9941
9925
9921
9999
10000
9952
9904
9753
9982
9989
10000
9998
9981
9997
9958
9978
9978
9999
9998
9998
9931
9834
9930
9976
9959
9924
9963
9950
9915
9989
9982
9989
9966
9999
9958
10000
9970
9948
9923
9996
9993
9999
9948
9995
9891
9972
9927
9994
9994
9994
9999
9968
9897
9988
9842
9884
9952
9923
9965
9999
9994
10000
9962
9915
9983
9992
9970
9991
9986
9910
9965
9974
9989
9977
9995
9997
9996
9979
9981
9991
9919
9969
9994
10000
9972
9947
9979
9982
9907
9970
9909
9995
9883
9974
9960
9986
9855
9944
9989
9995
9990
9931
9999
9916
9994
9998
10000
10000
9955
9995
9977
9887
9975
9995
9991
9978
9998
9936
9978
9970
9983
9907
9942
9993
9978
9974
9920
9908
9906
9963
9998
9965
9920
9954
9919
9953
9889
9915
9990
9982
9994
9996
9991
9920
9966
9999
9989
9949
9998
9897
9999
9958
9977
9892
9984
9975
9957
9995
9945
9976
9983
9998
9997
9989
9924
9947
9943
9934
9948
9992
9987
9895
9996
9918
9968
10000
9990
9907
9966
9965
9868
9996
10000
9993
10000
9950
9992
9986
9962
9995
9935
9963
9886
9871
9975
10000
9999
9982
9924
9957
9998
9999
9996
9967
9998
9995
9989
9999
10000
9959
9994
9984
9779
9990
9959
9775
9934
9983
9997
9933
9987
9995
9844
9922
9985
9993
9964
9994
9959
9984
9972
9942
9920
9960
9983
9995
9942
9881
9970
9949
9835
9972
9980
9993
9985
9998
9884
9996
9938
9998
9934
9947
9819
9957
9961
9996
9996
9941
9948
9989
9969
9962
9940
9996
9930
9836
9822
9915
9995
9988
9953
9850
9849
9997
10000
9995
9812
