9972
9912
9789
9916
9951
9880
9845
9879
9928
9960
9948
9925
9888
9861
9957
9814
9933
9899
9751
9922
9936
9857
9983
9957
9920
9969
9940
9887
9900
9903
9895
9934
9917
9821
9959
9906
9893
9977
9872
9933
9915
9826
9970
9848
9883
9903
9993
9961
9889
9917
9779
9884
9959
9937
9888
9798
9917
9842
9953
9925
9908
9956
9950
9898
9938
9917
9944
9810
9925
9920
9943
9884
9868
9886
9915
9926
9922
9805
9990
9988
9906
9956
9929
9925
9994
9804
9914
9900
9750
9863
9857
9829
9902
9879
9950
9844
9852
9987
9936
9925
9980
9922
9847
9756
9899
9903
9842
9952
9957
9931
9969
9912
9879
9899
9883
9870
9930
9916
9980
9874
9936
9924
9810
9938
9995
9854
9965
9933
9923
9950
9989
9943
9939
9875
9881
9922
9940
9949
9958
9950
9951
9953
9903
9924
9977
9968
9917
9909
9930
9953
9769
9947
9917
9934
9969
9904
9912
9877
9864
9782
9838
9954
9902
9789
9917
9898
9925
9847
9770
9888
9954
9914
9833
9865
9974
9903
9796
9967
9931
9910
9951
9912
9846
9912
9763
9877
9965
9936
9936
9923
9827
9965
9945
9986
9861
9925
9810
9791
9964
9943
9952
9946
9873
9787
9914
9896
9933
9911
9939
9932
9871
9903
9878
9955
9803
9929
9861
9860
9955
9849
9890
9816
9857
9919
9852
9897
9940
9949
9896
9908
9955
9954
9807
9902
9860
9905
9914
9910
9873
9896
9946
9898
9839
9975
9926
9948
9779
9892
9855
9979
9896
9854
9968
9916
9910
9757
9975
9922
9847
9928
9877
9882
9911
9862
9919
9875
9953
9881
9932
9800
9968
9817
9776
9898
9892
9870
9876
9903
9996
9962
9863
9946
9895
9925
9814
9901
9922
9972
9913
9908
9894
9953
9957
9965
9989
9987
9935
9904
9816
9955
9924
9953
9945
9887
9880
9862
9769
9991
9933
9944
9859
9925
9756
9902
9885
9867
9999
9858
9908
9870
9818
9978
9858
9947
9877
9887
9837
9851
9754
9949
9846
9950
9900
9936
9951
9935
9797
9949
9796
9927
9885
9908
9863
9742
9801
9932
9846
9910
9838
9935
9915
9981
9878
9861
9899
9971
9871
9901
9886
9993
9978
9900
9827
9989
9943
9989
9864
9881
9886
9937
9854
9933
9967
9933
9924
9886
9932
9942
9910
9934
9922
9903
9888
9907
9827
9788
9967
9914
9836
9949
9875
9874
9898
9917
9952
9833
9875
9838
9946
9959
9932
9986
9779
9936
9993
9952
9896
9887
9950
9957
9931
9934
9815
9927
9980
9950
9911
9824
9943
9849
9897
9859
9956
9807
9913
9929
9909
9932
9988
9844
9857
9921
9871
9859
9850
9935
9726
9910
9783
9932
9933
9843
9861
9980
9940
9903
9938
9935
9972
9918
9944
9916
9882
9806
9994
9969
9928
9906
9876
9856
9878
9971
9952
9907
9913
9941
9919
9920
9935
9947
9792
9950
9928
9895
9935
9828
9843
9946
9975
9879
9969
9886
9934
9953
9968
9937
9808
9961
9875
9924
9898
9833
9945
9858
9949
9909
9944
9956
9783
9925
9904
9971
9929
9940
9938
9845
9920
9884
9897
9972
9938
9905
9990
9944
9829
9938
9913
9792
9908
9938
9918
9965
9864
9880
9858
9899
9848
9957
9931
9913
9831
9894
9951
9945
9904
9843
9887
9907
9929
9931
9821
9759
9892
9893
9860
9819
9923
9907
9862
9918
9951
9918
9938
9935
9949
9961
9931
9806
9892
9915
9917
9928
9810
9794
9914
9916
9981
9928
9930
9918
9923
9862
9925
9818
9952
9935
9912
9794
9952
9920
9866
9916
9901
9838
9948
9940
9952
9947
9919
9991
9919
9946
9923
9961
9912
9934
9976
9924
9899
9900
9980
9859
9911
9943
9977
9935
9999
9972
9945
9932
9943
9824
9869
9927
9925
9871
9797
9805
9862
9886
9845
9924
9979
9910
9959
9948
9738
9896
9870
9865
9916
9830
9887
9829
9953
9903
9826
9945
9849
9794
9885
9918
9903
9959
9830
9815
9988
9931
9934
9885
9819
9945
9809
9901
9747
9929
9884
9805
9867
9827
9848
9887
9980
9907
9994
9957
9823
9923
9790
9895
9829
9948
9828
9995
9927
9980
9930
9821
9849
9947
9968
9982
9977
9934
9819
9927
9915
9946
9976
9967
9887
9825
9995
9883
9971
9972
9948
9915
9916
9970
9899
9928
9856
9936
9907
9821
9817
9867
9812
9821
9929
9904
10000
9903
9898
9929
9878
9944
9928
9939
9831
9989
9974
9924
9915
9957
9980
9728
9902
9967
9961
9924
9932
9922
9928
9949
9927
9921
9932
9912
9967
9985
9876
9804
9951
9858
9858
9999
9895
9925
9842
9939
9863
9833
9924
9881
9815
9913
9953
9778
9928
9942
9970
9871
9928
9889
9968
9912
9874
9713
9940
9910
9879
9965
9911
9907
9965
9974
9938
9902
9927
9909
9842
9878
9992
9950
9950
9924
9870
9709
9961
9929
9966
9924
9984
9912
9941
9848
9973
9904
9935
9921
9900
9855
9909
9949
9936
9940
9919
9959
9891
9821
9816
9904
9965
9869
9922
9838
9749
9920
9870
9955
9906
9789
9939
9801
9952
9996
9924
9975
9924
9914
9913
9941
9876
9945
9929
9821
9867
9865
9886
9929
9969
9899
9891
9984
9913
9859
9868
9730
9805
9891
9879
9872
9768
9787
9948
9893
9927
10000
9891
9970
9970
9959
9933
9935
9849
9843
9913
9859
9882
9923
9971
9795
9888
9917
9841
9982
9856
9950
9907
9837
9923
9978
9988
9897
9955
9930
9905
9970
9929
9800
9932
9873
9876
9878
9886
9810
9891
9932
9830
9921
9926
9913
9890
9803
9951
9958
9907
9847
9901
9875
9869
9945
9913
9889
9907
9911
9954
9935
9892
9910
9826
9898
9997
9941
9905
9978
9964
9992
9950
9890
9833
9918
9925
9962
9955
9924
9940
9920
9866
9952
9939
9939
9922
9953
9837
9922
9902
9837
9981
9916
9829
9869
9846
9914
9872
9911
9901
9884
9835
9909
9901
9971
9964
9992
9865
9957
9953
9959
9928
9911
9878
9949
9943
9933
9959
9936
9771
9764
9931
9912
9931
9954
9844
9967
9970
9869
9942
9818
9780
9937
9980
9968
9846
9947
9958
9873
9936
9903
