9975
9989
9997
9998
9999
9947
10000
9974
9792
9924
9979
9977
9971
9996
9981
9973
9965
9918
9944
9990
10000
9847
9989
9958
9938
9996
10000
9971
9997
9964
9999
9986
9988
9949
9932
9996
10000
9977
9913
9991
9955
9979
9955
9931
9988
9994
9994
9978
9929
10000
9999
9999
9981
9945
9966
9992
9979
9983
9991
10000
9980
9999
9986
9986
10000
9938
9995
10000
9997
9944
9998
10000
9999
9999
9998
9994
9998
9958
9978
9974
9983
9992
9992
9999
9975
9989
9966
9998
9974
9867
10000
9981
9944
9981
9952
9998
10000
9996
9999
9984
9990
9971
9963
10000
9994
9924
9869
9993
9858
9999
9961
9994
9923
10000
9995
9998
9900
10000
9999
9994
9977
9985
9997
10000
9866
9968
9989
9992
9892
9968
10000
9904
9979
9999
9996
9996
9984
10000
9966
9999
9928
9959
9977
9585
9968
10000
10000
9978
9952
9997
9986
9996
9942
9984
9953
10000
9983
9999
9994
9956
9994
9997
9991
9998
9956
10000
9941
9965
9984
9969
9992
9960
9997
9997
9986
9993
9952
9874
9995
9999
9993
9999
9989
9880
9907
9959
10000
9940
9999
9899
9920
9993
9968
9977
9982
9997
9994
9999
9995
9978
9994
10000
9999
9999
9923
10000
9982
9953
9981
9991
9954
9980
9999
9998
9949
9972
9899
9994
9926
9966
10000
9983
9990
9904
9961
9907
9974
9973
9888
10000
9943
9996
9985
9999
9992
9982
9956
9995
9994
9521
9989
9989
9985
9979
9985
9955
9925
10000
9984
9995
9997
9980
9999
9997
9996
10000
9906
9961
9996
9825
9996
9986
9983
9994
9999
9999
9989
10000
9998
9973
9979
9961
9998
9982
9995
9995
9985
10000
9955
9983
9999
9890
9915
9987
9979
9985
9987
9990
10000
9962
9992
9999
9999
9986
10000
9998
9998
9989
9917
9998
9932
10000
9888
9997
9995
9998
9976
10000
9954
9848
9998
9997
10000
9990
10000
9966
9863
10000
9997
9953
9960
9996
9998
9998
9995
9998
9953
9982
9956
9902
9945
9987
9996
9972
10000
9994
9991
9981
9977
9982
9998
9973
9916
9879
9991
9973
9998
9982
9994
9999
9991
9998
9955
9999
10000
9926
9986
9974
9941
9951
9994
10000
9943
9995
10000
9996
9989
9869
9965
9963
10000
9962
9873
9996
9960
9967
9997
9978
9986
9946
9997
9950
9960
9996
9991
9959
9990
9969
9999
9996
9930
9988
9998
9974
9994
9996
9941
10000
9999
9921
9980
9990
9990
9996
9994
9994
9991
9942
9997
9976
9963
10000
9997
9986
10000
9991
9848
9900
9942
10000
9973
10000
9987
10000
9943
9995
9950
9917
9989
9985
9997
9993
9983
9994
9997
10000
9987
9955
9934
9942
10000
9997
10000
9974
9995
9965
9990
9999
9968
9954
9990
9999
9993
9896
9999
9958
10000
9993
9984
9985
9993
9792
9984
10000
9977
10000
9890
9950
9996
9905
9999
9998
9987
9945
10000
9996
9931
9923
9990
9980
9998
9984
10000
9995
9999
9961
9990
10000
9989
9984
9984
9974
9967
9995
9992
9989
9985
9992
9992
9997
9998
9995
9983
9981
10000
9999
10000
9996
9956
9950
9998
9854
10000
9997
10000
9994
10000
9996
9995
9959
9982
9998
9997
10000
9981
10000
9946
9945
10000
9943
9964
9996
9988
9913
9990
9877
9989
9973
9991
9991
9994
9982
9999
9987
9983
9927
9977
9812
9995
9909
10000
9983
9960
9982
9962
9956
9927
9967
9928
10000
9870
9989
10000
9945
9928
9991
9990
9967
9992
9999
9995
9935
9984
9992
9972
9993
9901
9946
9997
9989
9997
9998
9926
9959
9976
9960
10000
9975
9995
9978
9962
9962
10000
9990
9998
9999
10000
10000
9999
9975
9999
9974
10000
9979
9992
9980
9967
9987
9995
9983
9912
9894
9980
9998
9933
9991
9996
9987
9998
9999
9896
9996
9992
9975
9999
10000
9956
9952
9999
9996
9977
9997
9904
9987
9996
9999
10000
9999
9995
9952
9846
9915
9971
9953
9998
9973
9984
9990
9973
9997
9993
9910
9982
9997
9981
9998
9985
9959
9968
9986
9972
9992
9966
9921
9995
9949
9902
9946
9996
9999
9998
9994
9853
9982
9873
9999
9999
9926
10000
9977
9958
9994
9977
9996
9985
9960
9996
9999
9874
9998
9966
9978
9946
10000
9998
9999
9996
9992
9998
9999
9987
9958
9999
9996
9982
9978
9968
9997
9990
9983
10000
9982
9966
9996
10000
9992
9994
9982
9978
9962
10000
9967
9993
9999
9971
9966
9999
9902
9997
9995
10000
10000
9994
9997
9952
9883
9964
9920
9997
9996
9958
10000
10000
9997
9999
9999
9999
9999
9975
9993
9964
9982
9983
9999
9998
9943
10000
10000
9997
9893
9991
9998
9915
10000
9999
9985
9940
9999
9991
9998
9981
9975
9982
10000
9938
9974
9985
9972
10000
9991
9969
9997
9991
10000
10000
9998
9999
9984
9909
9991
9945
10000
9965
9948
9988
9987
9999
10000
9992
9997
9998
9989
9973
10000
9999
9913
9999
9966
9999
9984
9999
9976
9999
9891
9998
9995
9986
9978
9986
10000
9921
9999
9999
9860
9963
9962
10000
10000
9988
9965
9905
9992
9972
9999
9997
9986
9968
9994
9996
9996
9972
10000
9987
9984
9933
10000
9970
9995
9998
9957
9993
9960
10000
9981
9983
9998
9999
9944
9960
9980
9997
9941
10000
9948
9988
9999
9997
9999
9999
9930
9996
9907
9904
9988
9997
9990
9998
9979
9995
10000
9981
9994
9999
9994
9997
9982
9957
9999
9996
9999
9999
9837
9932
9980
9994
9998
9995
9947
9950
9894
9979
9999
9840
9977
9959
10000
9982
9944
9980
9985
9982
9994
9964
9944
10000
9982
9998
10000
9997
9988
10000
9963
9997
9990
9855
9931
9995
9946
9978
9943
9999
9980
9977
9958
9931
9999
9988
10000
9971
9945
9994
9931
9958
9999
10000
9996
9946
9975
9839
9997
9990
10000
9996
9928
9996
9993
9952
9997
9997
9962
9990
9967
9821
9993
10000
9885
9983
10000
10000
10000
9990
9977
9941
9836
9941
9998
9998
10000
9998
9976
9999
9996
10000
9996
9940
9999
9991
9953
9971
10000
9999
9997
9991
9999
9970
9965
9983
9995
9979
9995
