9830
9882
9888
9975
10000
9946
9810
9901
10000
9927
9943
9888
10000
9672
9767
9905
9808
9724
9998
9818
9985
10000
9839
9957
9977
9947
9934
10000
9959
9929
9990
9863
9958
9926
9999
9893
9945
9921
9939
9886
9874
9907
9909
9920
9996
9903
9808
9989
9988
9890
9924
9953
9920
9884
9939
9906
10000
9900
9994
9941
9866
9996
9955
9890
9882
9853
9849
9937
9913
9952
9956
9915
9951
9986
9987
9870
9998
9951
9896
9964
9926
9876
9935
9926
9846
9902
10000
9980
9925
9989
9907
9820
9850
9998
9934
9853
9956
9919
9925
9865
9918
9862
9999
9918
9971
9950
9876
9914
9930
9811
9892
9921
9926
9978
9863
9845
9870
10000
9944
9852
9984
9894
9919
9969
9991
9885
9867
9866
9800
9999
9904
9938
9885
9958
9934
10000
9882
9980
9774
9909
9951
9949
10000
9794
9786
9918
9879
9958
9994
9995
9982
9947
9945
9977
9943
9820
9975
9946
9839
9945
9952
9999
9871
9972
9846
9859
9943
9998
9854
9906
9925
9993
9984
9903
9984
9910
9963
9889
9931
9999
9995
9946
9851
9849
9860
9915
9813
9958
9970
9969
10000
9926
9846
9896
9977
9946
10000
9904
9903
9983
9885
9857
9999
9955
9835
9998
9968
9961
9879
9724
10000
9910
9950
9982
9925
9924
9849
9920
9996
9811
9820
9933
9914
9949
9917
9819
9945
9979
9908
10000
9868
9924
9971
9977
9929
9977
9933
9850
9949
9944
9909
9968
9805
9980
9955
9957
10000
9945
9935
9998
9927
9937
9965
9918
9907
9920
9881
9932
9897
9980
9906
9829
9983
9936
9887
9936
9921
9856
9818
9973
9875
9816
10000
9974
9786
9955
9949
9962
9898
10000
9831
9935
9946
9973
9922
9998
10000
9841
9927
9999
9905
9840
9857
10000
9963
9942
9828
9975
9951
9998
9887
9903
9792
9940
9973
9921
9877
9950
9886
9984
9882
9877
9884
9960
9995
9881
9934
9962
9941
9995
9618
9884
9883
9994
9910
9888
9857
9916
9998
9943
9995
9971
9923
9976
9891
9901
9984
9833
9998
9942
9841
9997
9948
9882
10000
9999
9926
9992
9873
10000
9907
9990
9820
9737
9886
9872
9800
9960
9880
9943
9961
9995
9952
9890
9953
9924
9891
9905
9996
9810
9930
9976
9985
9997
9921
9921
9803
9920
9869
9931
9948
9887
9836
9905
9863
9913
9925
9998
9921
9794
9836
9914
9968
10000
10000
9915
9907
9910
9967
9833
9806
9829
9997
9861
9952
9965
9944
9946
9866
9918
9902
9984
9941
9947
9913
9945
10000
9870
9902
9859
9930
10000
9896
9945
9952
9890
9805
9913
9856
9831
9917
9842
9933
9930
9901
9888
9966
9870
9837
9953
9909
9916
9892
9974
9999
9972
9940
9964
9955
10000
9870
9910
9967
9941
9992
9897
9967
9960
9971
9954
9939
9873
9884
9889
9991
9953
9895
9955
9934
9916
9856
9914
9912
9979
9936
9931
9879
9887
9903
9825
9910
9797
9800
9816
9888
9936
9937
9956
9889
9957
9837
9993
9963
9962
9950
9824
9959
9973
9990
9935
9942
9936
9938
9965
9943
9865
9703
9967
9979
9884
9837
9890
9990
9804
9999
9776
9898
9996
9960
9880
9926
10000
9930
9990
9897
9859
9978
9908
9929
9955
9984
9945
9833
9996
10000
9965
9939
9928
9812
9778
9933
10000
9998
9704
9939
9967
10000
9938
9775
9814
9992
9946
9950
9959
9966
9856
10000
9974
9976
9925
10000
9975
9906
9882
9860
9982
9891
9923
9851
9873
9993
9893
10000
9985
9906
9882
9951
9870
9774
9771
9859
9784
9826
9972
9908
9891
9846
9987
9836
9813
9991
10000
9879
9929
9863
9996
9927
10000
9910
9902
9897
9995
9941
9887
10000
9973
9879
9888
9869
9912
9991
9842
9995
9988
9984
9968
9914
10000
9996
9943
10000
9882
9957
10000
9998
9964
9845
9941
9893
9862
9925
9959
9904
9887
9906
9961
9933
9978
9819
9997
9959
9944
9881
9958
9948
9889
9868
9967
9961
9955
9957
9960
9837
9874
9982
9910
9879
9874
9914
9993
9837
9918
9935
9943
9954
9893
9993
9854
9836
9933
9908
9915
9968
9953
9995
9915
9858
9961
9960
10000
9843
9994
9905
9990
9909
9935
9959
9934
10000
9897
9965
9917
9939
9994
9806
9992
9996
9793
9877
9849
9988
9876
9752
9981
9936
9979
9971
9823
9923
9913
9989
9917
9915
10000
9928
9898
9966
9948
9981
9808
9894
9955
9936
9910
9955
9969
9983
9925
9931
9953
9858
9999
9895
9998
9951
9938
9961
9929
9884
9958
9970
9871
9973
9946
9952
9998
9929
9940
9952
9924
9887
9980
9910
9740
9874
9869
9958
9866
9994
9994
10000
9893
9997
9933
9972
9850
9837
9938
9798
9979
9991
9926
9993
9926
9719
9914
9878
9981
9885
9977
9945
9999
9878
9833
9759
9845
9939
9965
9960
9915
9808
9964
9951
9947
10000
9825
9934
9968
9970
9949
9837
9938
9996
9955
9830
9942
9930
9815
9885
9995
9973
9970
9987
9927
9981
9939
9987
9892
9974
9815
9996
10000
9976
9912
9999
9882
9930
9871
10000
9949
9981
9834
10000
9919
9942
9786
9998
9835
9971
9829
9857
9865
9958
9930
9888
9965
9986
9977
9913
9988
9841
9893
9956
9784
9900
9847
9902
10000
9976
10000
9889
9962
9862
9975
9852
9994
9935
9898
9990
9889
9972
9927
9918
9779
9992
9895
9956
9755
9959
9891
9834
9916
9922
9983
9912
9840
9926
9914
9884
9946
9983
9924
9983
9870
9853
9974
9869
9948
9914
9869
9927
9950
9935
9945
9999
10000
9961
9894
9992
9945
9930
9956
9948
9992
9981
9907
9970
9908
9967
10000
9864
9962
9902
9840
9923
9999
9896
9897
9900
9945
9903
9919
9934
9825
9939
9964
9932
9981
9923
9942
9850
9983
9888
9927
9961
9932
9930
9988
9939
9989
9870
10000
9899
9848
9916
9892
9961
9841
9931
10000
9834
9958
9927
9998
9973
9920
9892
9947
9992
9889
9837
10000
9979
9976
9966
9918
9953
9891
9994
9879
9930
9890
9851
9902
9898
10000
9918
9990
9970
9961
9965
9861
9978
9992
9952
9917
9994
9952
9897
9927
