9808
9918
9951
9928
9989
9935
9998
9879
9969
9953
9970
9869
9865
9961
9898
9872
9935
9982
9914
9941
9837
9822
9969
9866
9880
9873
9955
9965
9933
9879
9947
9945
9958
9955
9941
9860
9934
9903
9938
9776
9890
9969
9958
9917
9904
9849
9997
9889
9891
9941
9895
9958
9983
9911
9956
9935
9929
9976
9981
9960
9852
9893
9949
9867
9845
9867
9848
9962
9773
9877
9871
9932
9928
9940
9802
9866
9943
9776
9902
9852
9959
9933
9853
9993
9908
9914
9952
9966
9941
9980
9987
9863
9881
9837
9881
9968
9983
9950
9886
9824
9868
9966
9898
9766
9953
9932
9843
9895
9993
9948
9971
9978
10000
9879
9910
9953
9899
9986
9914
9962
9995
9936
9944
9863
9896
9901
9952
9960
9812
9896
9958
9866
9988
9978
9915
9967
9858
9848
9802
9927
9982
9889
9900
9974
9933
9959
9927
9896
9899
9934
9952
9868
9863
9801
9989
9850
9920
9847
9963
9937
9693
9876
9885
9814
9909
9910
9934
10000
9832
9940
9931
9913
9995
9931
9913
9873
9963
9855
9889
9930
9973
9960
9840
9828
9996
9863
9825
9992
9920
9758
9954
9979
9914
9772
9926
9794
9910
9894
9873
9844
9824
9895
9917
9811
9914
9870
9932
9871
9854
9965
9882
9954
9958
9910
9838
9842
9844
9948
9959
9892
9861
9911
9884
9890
9985
9864
9929
9894
9883
9990
9846
9838
9848
9923
9912
9940
9852
9970
9847
9974
9887
9967
9912
9947
9823
9799
9847
9899
9934
9873
9869
9891
9957
9902
9889
9979
9938
9871
9884
9907
9897
9916
9881
9868
9921
9946
9969
9885
9858
9963
9795
9959
9920
9901
9969
9876
9945
9883
9950
9848
9952
9832
9916
9994
9854
9996
9965
9947
9881
9860
9950
9857
9928
9913
9986
9911
9915
9891
9845
9739
9957
9916
9947
9907
9961
9899
9804
9935
9869
9843
9890
9955
9931
9993
9928
9853
9965
9966
9951
9866
9941
9841
9911
9926
9893
9956
9935
9869
9988
9954
9885
9741
9932
9909
9945
9897
9865
9846
9875
9829
9905
9974
9926
9944
9830
9942
9868
9960
9971
9918
9896
9891
9914
9994
9865
9896
9944
9869
9990
9973
9935
9925
9954
10000
9943
9889
9914
9933
9905
9855
9937
9889
9999
9990
9937
9832
9857
9979
9873
9977
9940
9890
9948
9861
9837
9744
9998
9902
9915
9999
9982
9888
9915
9854
9925
9887
9933
9925
9844
9935
9896
9873
9940
9842
9939
9974
9814
9921
9873
9961
9939
9861
9695
9964
9947
9941
9867
9962
9962
9927
9915
9942
9758
9852
9894
9921
9894
9874
9941
10000
9878
9903
9929
9980
9916
9874
9831
9878
9901
9842
9849
9918
9928
9812
9927
9951
9878
9945
9864
9920
9950
9898
9840
9966
9957
9849
9943
9958
9909
9895
9867
9874
9936
9906
9980
9862
9911
9967
9935
9915
9922
9909
9871
9799
9866
9786
9976
9909
9919
9966
9993
9894
9882
9829
9933
9900
9938
9891
9856
9920
9937
9865
9956
9936
9861
9958
9921
9926
9951
9865
9901
10000
9793
9831
9856
9913
9927
9919
9868
9974
9906
9875
9890
9898
9930
9876
9929
9815
9947
9895
9945
9726
9808
9896
9975
9964
9914
9871
9956
9952
9914
9985
9929
9939
9896
9948
9877
9883
9936
9951
9919
9932
9915
9943
9875
9890
9909
9882
9964
9959
9911
9916
9842
9842
9904
9774
9964
9992
9850
9745
9891
9914
9975
9956
9907
9949
10000
9929
9940
9997
9866
9826
9896
9934
9801
9918
9916
9899
9891
9949
9940
9853
9959
9768
9902
9880
9928
9881
9940
9883
9938
9860
9982
9938
9909
9820
9908
9990
9788
9959
9853
9912
9953
9975
9827
9918
9934
9938
9826
9922
9998
9944
9891
9977
9941
9981
9930
9921
9886
9966
9926
9868
9872
9922
9967
9915
9872
9879
9996
9958
9990
9950
9986
9840
9943
9811
9961
9882
9961
9767
9943
9807
9957
9858
9950
9927
9869
9803
9854
9850
9989
9835
10000
9938
9942
9931
9938
9973
9895
9841
9994
9892
9873
9916
9853
9904
9820
9865
9950
9937
9942
9927
9948
9871
9965
9786
9941
9959
9900
9906
9892
9924
9970
9908
9945
9849
9978
9924
9937
9928
9951
9975
9781
9912
9898
9961
9978
9942
9764
9980
9926
9901
9896
9889
9910
9981
9950
9933
9938
9938
9920
9952
9915
9943
9862
9784
9916
9949
9887
9864
9952
9916
9858
9676
9927
9930
9975
9918
9915
9856
9932
9992
9963
9847
9875
9998
9989
9923
9989
9881
9953
9902
9957
9947
9948
9907
9731
9802
9902
9957
9876
9917
9774
9935
9989
9922
9899
9769
9922
9902
9976
9884
9911
9904
9921
9942
9879
9987
9810
9938
9972
9871
9949
9855
9893
9955
9737
9947
9887
9967
9816
9897
9958
9932
9950
9980
9955
9901
9853
9962
9908
9861
9999
9781
9898
9892
9861
9968
9959
9916
9895
9750
9827
9887
9887
9941
9866
9900
9895
9912
9889
9886
9936
9945
9996
9994
9892
9909
9903
9971
9968
9894
9973
9855
9932
9930
9858
9863
9871
9911
9925
9947
9887
9922
9871
9895
9826
9912
9943
9845
9906
9829
9933
9985
9832
9884
9899
9949
9873
9853
9958
9945
9882
9879
9680
9918
9907
9918
9853
9866
9888
9950
9820
9951
9909
9892
9940
9949
9858
9951
9936
9929
9990
9917
9828
9852
9951
9839
9938
9928
9885
9912
9855
9982
9976
9977
9958
9881
9929
9864
9965
9864
9997
9961
9976
9834
9940
9912
9976
9907
9980
9859
9907
9860
9944
9957
9834
9890
9965
9910
9972
9996
9944
9980
9887
9923
9851
10000
9928
9831
9953
9877
9837
9854
9947
9853
9867
9955
9853
9928
9879
9961
9861
9722
9974
9928
9887
9997
9972
9772
9857
9923
9998
9898
9962
9854
9859
9846
9789
9910
9945
9936
9862
9911
9951
9812
9963
9995
9951
9920
9953
9913
9801
9916
9818
9936
9877
9905
9832
9994
9971
9768
9735
9882
9846
9901
9946
9769
9973
9914
9858
9933
9930
9912
9843
9895
9852
9962
9936
9806
9967
9885
9955
9899
9872
9954
9885
9994
9862
9824
