9942
9928
9862
9995
9891
9806
9989
9858
10000
10000
9936
9903
9829
9825
9997
9881
9968
9925
9882
9999
9878
9979
9784
9995
9925
9890
10000
9898
9907
10000
9923
9673
9919
9844
9939
9981
9845
9862
9914
9932
9935
9880
10000
9919
9887
9896
9863
9827
9968
10000
9947
9902
9927
9888
9908
9882
9906
9888
9961
9973
10000
9880
9884
9955
9883
9998
9999
9869
9864
9923
9839
9914
10000
9793
9920
9891
9996
10000
9999
10000
9939
9852
9874
9905
9864
9926
9993
10000
10000
9932
10000
9855
9864
10000
9891
9996
10000
9955
10000
10000
10000
9926
9998
9857
9881
9985
9948
9919
10000
9848
9905
9844
9996
10000
9876
9881
9863
9955
10000
9942
9872
10000
9861
9776
9856
10000
9849
9956
9769
9876
9840
9924
9921
9863
10000
9862
10000
9926
9889
9927
9874
9918
9803
9955
10000
9926
9907
9922
9888
9953
9913
9994
9856
9948
9997
9854
10000
9899
9844
9913
9993
9838
9909
9772
9958
9817
9998
9856
9969
10000
9933
9976
9825
10000
9937
10000
9669
9909
9933
9912
10000
9813
10000
9908
9766
9919
9969
9915
9908
9887
9916
9827
9858
9883
9932
9807
9910
9742
9996
9974
9861
9930
9879
9999
9972
10000
9902
9848
9940
9837
10000
9736
9888
9882
9930
9947
9975
10000
9977
9877
9957
9969
9837
9960
9964
9840
9986
9950
9999
9860
9876
9795
9911
9861
9996
9907
9909
9904
9915
9895
9786
9976
9951
9936
10000
9989
10000
9859
9997
9872
9880
9843
9896
9999
9950
9904
9930
9929
9952
9926
9898
9846
9927
9811
10000
9986
9960
9847
9887
9771
9950
9933
9961
9900
9947
9894
9838
9865
9949
9946
9994
10000
9838
9993
9844
9980
9958
9955
9931
9819
9872
9949
9929
9949
9891
9957
10000
9906
9895
9872
9820
9882
10000
9997
9997
9919
9898
9903
9916
9956
9922
9901
9913
10000
9761
9993
9891
9935
10000
9914
9922
10000
9933
9890
9914
9938
9751
9887
9954
9871
10000
9968
9936
9946
9821
9944
9854
9925
10000
9947
10000
9862
9885
9878
9847
9849
9871
9925
9875
9838
9958
9974
9827
9918
9890
9985
9943
9923
9973
10000
9781
9978
9991
9891
9938
10000
9946
10000
9788
9953
9916
9960
9871
10000
9876
9897
9933
10000
9852
9908
9983
9954
9971
9825
9841
9983
9990
10000
9903
9854
10000
10000
10000
9913
9855
9956
10000
9956
9926
9861
9964
9992
9732
9818
10000
9803
9957
10000
10000
9864
9833
9923
9895
9912
9923
9822
9962
9868
9913
9908
9981
9870
9880
9720
9957
9825
9858
9903
9909
9997
9862
9830
9928
9925
9935
10000
9870
10000
9979
9956
9885
9861
9896
9851
10000
9947
9957
9867
9938
9910
9982
9972
9884
9857
9886
10000
9959
9965
9866
10000
9871
9938
9939
9980
9972
9918
9953
9885
9874
9999
10000
10000
9971
9902
9921
9998
9795
9958
9930
9907
9925
9966
9952
9941
9966
10000
9988
9804
9798
10000
9918
10000
9892
9928
9887
10000
9994
9966
9997
9942
10000
9947
9983
9928
10000
10000
9957
9890
10000
9996
9890
9954
10000
9914
9842
10000
9929
9956
10000
10000
9885
9754
9889
9796
9879
9921
9981
9881
9914
9996
9997
9928
9885
9859
10000
9876
9991
9890
10000
9961
9942
9864
10000
9838
9738
9999
9890
9874
9926
9803
10000
9782
9999
10000
9990
9890
9993
9975
9809
10000
9932
9809
9820
9857
10000
9995
9964
9947
9935
9835
9975
9884
9999
9928
9826
9981
9971
9940
10000
9937
9949
10000
9887
10000
9956
9971
9883
10000
9983
9796
9926
9862
9973
9992
9838
9920
9822
9999
9860
9929
9832
9882
9933
10000
10000
9962
10000
9812
9984
9889
9998
9807
10000
10000
9919
10000
9904
9963
9960
9880
9994
9862
9909
9935
9976
9882
10000
9865
9993
9999
9883
10000
9970
9930
9944
9940
9996
9968
9760
9944
9944
9995
10000
9989
9874
9942
9896
9956
9933
9835
9955
9903
9874
9785
10000
9990
9996
9896
9765
9954
9575
9883
9835
9869
9773
10000
9948
9941
9912
9865
9878
9931
9768
9707
10000
10000
9812
9915
9906
9787
9905
9895
9827
9942
9942
9998
9925
9970
9884
9802
9990
9868
9881
9899
9998
9919
9943
9869
9913
9961
9922
9992
9920
9908
9963
9902
9942
10000
10000
9929
9998
9909
10000
9887
9976
9965
9976
9877
9936
9879
9908
9879
9914
9999
9994
9999
9858
9958
9875
9978
9863
9953
9919
9846
9871
9816
9838
9882
9937
9856
9927
9794
9970
9999
9907
9964
9820
9960
9790
9839
10000
9861
9897
9949
9953
9791
9942
9956
9995
9938
10000
9874
9853
9998
10000
9843
9935
9929
9994
9828
9898
9966
9957
9884
9990
9832
9932
9877
9939
9929
10000
9861
9994
9965
9839
10000
9968
9897
9831
9919
9938
9930
9909
9985
10000
9922
9876
9917
9986
9835
9972
9909
9999
9905
10000
9862
10000
9929
9989
9972
9930
9883
9879
9999
9930
9991
10000
9861
9679
9964
9943
9869
10000
9906
9917
9929
9886
9855
9830
10000
9905
9839
9840
9947
9915
9772
9969
9982
9998
9957
9871
9971
9847
9944
9859
9938
9949
9875
9943
9905
9898
10000
9932
9939
9997
9911
10000
9761
9876
9894
9786
9891
9862
9981
9958
9998
9852
9999
9848
9945
9973
9837
9837
9958
9954
9931
9897
9871
10000
9998
9876
10000
9868
9840
10000
10000
9856
9745
9921
9848
9999
10000
9908
10000
10000
9913
9916
9954
10000
9860
9802
10000
9886
9991
9896
9989
10000
9999
9861
9797
9969
9882
9988
9934
9941
9778
9971
9807
9999
9969
9918
9999
9835
9969
9993
9875
10000
9900
9805
9909
10000
9935
9918
9973
9995
9905
10000
10000
9893
9963
10000
9971
9921
10000
9813
9896
9991
9893
10000
9787
9918
9983
10000
9966
9916
9983
9845
9844
9980
9905
9964
9976
9905
9835
10000
9999
9970
9786
9994
9793
9888
9896
9906
9892
9790
9863
9888
9895
9899
9856
9876
10000
9906
9963
9768
10000
9964
9857
9964
9932
9875
10000
9878
9994
9885
10000
10000
10000
9895
9978
