9894
9950
9843
9947
9884
9888
9924
9954
9918
9979
9918
9961
9867
9784
9876
9768
9936
9851
9992
9864
9900
9904
9908
9895
9865
9885
9883
9797
9826
9927
9886
9845
9923
9983
9866
9958
9917
9946
9839
9843
9902
9891
9935
9863
9955
9939
9819
9911
9938
9882
9715
9903
9859
9915
9969
9848
9932
9574
9893
9840
9954
9979
9958
9984
9943
9955
9882
9953
9972
9955
9918
9969
9920
9976
9847
9986
9818
9789
9911
9926
9895
9926
9968
9943
9959
9928
9984
9925
9999
9860
9914
9890
9940
9826
9984
9909
9886
9892
9847
9914
9603
9907
9969
9913
9965
9933
9845
9921
9777
9845
9885
9926
10000
9941
9972
9886
9907
9968
9929
9940
9916
9865
9991
9898
9951
9881
9854
9824
9953
9961
9946
9907
9894
9959
9885
9827
9863
9905
9642
9876
9915
9999
9918
9988
9859
9920
9844
9822
9956
9914
9952
9905
9837
9950
9835
9944
9954
9897
9902
9956
9882
9920
9931
9765
9932
9716
9949
9882
9857
9896
9990
9973
9895
9821
9914
9941
9972
9917
9937
9880
9796
9947
9841
9897
9940
9919
9965
9901
9937
9844
9879
9898
9870
9913
9738
9935
9862
9961
9976
9884
9872
9952
9937
9912
9873
9917
9920
9928
9857
9971
9971
9828
9944
9848
9958
9925
9912
9911
9789
9873
9965
9874
9990
9873
9921
9932
9938
9692
9883
9979
9921
9926
9855
9953
9905
9977
9837
9912
9869
9961
9955
9945
9963
9897
9970
9918
9924
9901
9950
9966
9885
9933
9912
9945
9870
9761
9892
9951
9910
9980
9934
9903
9963
9870
9958
9956
9886
9945
9891
9998
9888
9820
9873
9948
9987
9812
9906
9949
9834
9959
9885
9904
9993
9916
9924
9928
9789
9857
9903
9942
9892
9901
9903
9909
9994
9849
9894
9926
9911
9874
9890
9928
9880
9934
9934
9884
9900
9880
9915
9839
9995
9800
9868
9978
9906
9873
9918
9898
9920
9906
9983
9905
9777
9968
9723
9933
9856
9876
9938
9996
9843
9849
9788
9972
9883
9944
9939
9955
9894
9933
9890
9909
9891
9854
9950
9938
9871
9943
9887
9842
9954
9926
9994
9933
9944
9795
9865
9846
9795
9962
9922
9909
9910
9895
9819
9906
9923
9825
9987
9919
9943
9923
9883
9940
9814
9905
9859
9909
9866
9873
9952
9870
9924
9942
9931
9968
9987
9909
9915
9866
9766
9962
9901
9931
9857
9945
9896
9856
9940
9873
9958
9886
9853
9842
9861
9956
9915
9898
9962
9892
9945
9930
9858
9944
9934
9968
9846
9863
9875
9903
9909
9904
9924
9913
9937
9919
9954
9858
9876
9904
9928
9933
9895
9887
9863
9915
9933
9808
9943
9892
9912
9877
9880
9853
9936
9905
9806
9938
9953
9952
9872
9916
9997
9945
9948
9945
9893
9925
9949
9934
9973
9957
9945
9871
9933
9920
9798
9884
9952
9881
9982
9905
9946
9926
9917
9987
9901
9910
9953
9913
9970
9945
9959
9971
9825
9953
9927
9883
9910
9964
9863
9896
9898
9944
9837
9963
9998
9920
9936
9868
9817
9937
9923
9994
9864
9968
9878
9976
9804
9876
9857
9917
9954
9650
9871
9888
9932
9940
9858
9981
9814
9999
9905
9948
9840
9906
9850
9985
9851
9920
9898
9972
9853
9953
9892
9961
9933
9958
9901
9883
9913
9955
9736
9915
9977
9950
9857
9894
9950
9957
9784
9721
9898
9885
9882
9976
9949
9921
9864
9919
9993
9861
9923
9996
9920
9831
9944
9910
9971
9922
9957
9991
9894
9811
9893
9911
9922
9934
9896
9920
9876
9925
9910
9862
9877
9868
9895
9927
9926
9924
9988
9992
9911
9839
9855
9927
9903
9920
9962
9911
9969
9925
9865
9884
9925
9911
9865
9945
9998
9814
9935
9929
9985
9991
9937
9935
9919
9957
9958
9917
9916
9909
9875
9883
9944
9946
9882
9864
9937
9990
9848
9765
9902
9815
9962
9995
9921
9829
9907
9886
9849
9931
9957
9848
9854
9936
9976
9824
9891
9955
9882
9965
9912
9952
9875
9830
9902
9954
9902
9893
9948
9963
9879
9896
9963
9957
9919
9803
9965
9859
9898
9927
9970
9848
9881
9947
9861
9808
9862
9958
9906
9951
9946
9855
9920
9898
9921
9922
9888
9898
9884
9958
9943
9863
9899
9893
9981
9931
9790
9899
9958
9905
9942
9875
9922
9906
9766
9920
9889
9900
9862
9908
9903
9867
9905
9914
9941
9944
9910
9782
9852
9925
9937
9983
9909
9990
9976
9947
9873
9930
9943
9921
9854
9975
9850
9982
9868
9962
9882
9935
9819
9907
9881
9947
9954
9971
9902
9911
9931
9916
9842
9714
9936
9754
9899
9845
9991
9971
9882
9966
9881
9888
9804
9924
9959
9879
9919
9899
9848
9839
9848
9905
9982
9881
9924
9952
9927
9978
9882
9905
9906
9933
9835
9922
9942
9902
9916
9873
9787
9924
9911
9856
9664
9946
9920
9941
9898
9924
9940
9906
9924
9827
9890
9924
9888
9926
9859
9860
9851
9878
9985
9867
9910
9910
9979
9941
9771
9913
9925
9829
9975
9931
9949
9749
9945
9912
9934
9901
9904
9876
9921
9877
9807
9945
9898
9924
9912
9906
9889
9933
9896
9928
9876
9825
9970
9938
9744
9862
9975
9908
9888
9928
9688
9945
9831
9919
9953
9908
9899
9969
9959
9978
9912
9918
9930
9829
9882
9958
9890
9906
9947
9929
9897
9919
9880
9908
9959
9876
9920
9857
9912
9941
9903
9792
9955
9954
9899
9706
9838
9872
9913
9901
9930
9900
9798
9983
9900
9865
9747
9955
9951
9878
9951
9886
9885
9967
9902
9951
9967
9973
9882
9856
9883
9938
9888
9928
9927
9905
9910
9934
9924
9961
9956
9862
9875
9812
9873
9961
9843
9862
9872
9867
9881
9810
9977
9916
9926
9792
9880
9891
9847
9822
9758
9951
9938
9831
9912
9970
9937
9936
9865
9877
9949
9887
9896
9890
9966
9856
9860
9961
9947
9890
9915
9840
9937
9842
9922
9896
9946
9773
9923
9938
9851
9835
9957
9898
9914
9963
9914
9929
9939
9827
9988
9950
9880
9848
9836
9993
9831
9957
9778
9748
9950
9887
9927
9878
9901
9847
9870
9916
