9875
9783
9954
9952
9845
9798
9858
9986
9879
9985
9822
9942
9987
9953
9962
9838
9965
9996
9829
9948
9941
9833
9813
9968
9874
9838
9922
9959
9910
9939
9959
9943
9901
9969
9842
9910
9927
9985
9963
9873
9939
9814
9897
9783
9947
9767
9829
9924
9960
9966
9943
9905
9996
9844
9757
9930
9785
9847
9875
9945
9819
9951
9877
9907
9927
9937
9879
9946
9899
9962
9903
9864
9871
9963
9907
9898
9864
9738
9894
9911
9934
9973
9938
9890
9997
9968
9951
9891
9851
9970
9936
9868
9900
9922
9912
9883
9881
9925
9877
9902
9966
9939
9961
9911
9946
9867
9970
9910
9901
9956
9919
9813
9773
9958
9891
9796
9929
9944
9934
9976
9980
9764
10000
9981
9955
9903
9910
9808
9858
9935
9876
9966
9930
9941
9855
9938
9906
9856
9912
9989
9962
9929
9925
9949
9828
9818
9854
9945
9879
9893
9963
9975
9913
9994
9934
9854
9906
9822
9824
9925
9889
9932
9914
9960
9966
9925
9730
9645
9951
9917
9743
9865
9926
9936
9932
9964
9975
9871
9974
9926
9871
9965
9949
9938
9811
9941
9892
9929
9939
9846
9977
9984
9732
9936
9966
9919
9979
9903
9948
9992
9955
9886
9896
9976
9806
9895
9898
9833
9862
9811
9899
9777
9912
9947
9759
9860
9850
9927
9816
9982
9876
9804
9922
9914
9963
9820
9990
9937
9830
9865
9970
9906
9814
9965
9948
9915
9891
9883
9906
9885
9934
9951
9929
9908
9914
9848
9844
9909
10000
9955
9947
9951
9951
9770
9859
9971
9892
9954
9961
9947
9994
9968
9929
9902
9894
9865
9954
9950
9794
9873
9964
9972
9914
9903
9888
9966
9927
9835
9930
9814
9927
9886
9907
9951
9945
9920
9869
9825
9916
9818
9899
9924
9867
9887
9906
9901
9893
9965
9965
9923
9953
9863
9936
9913
9736
9983
9945
9971
9885
9942
9895
9850
9833
9894
9959
9854
9940
9955
9986
9901
9801
9932
9825
9995
9981
9919
9937
9793
9971
9947
9939
9964
9965
9987
9954
9952
9820
9938
9966
9886
9917
9904
9939
9900
9913
9863
10000
9966
9951
10000
9868
9927
9784
9942
9896
9947
9914
9921
9868
9875
9922
9821
9968
9830
9796
9972
9877
9957
9862
9917
9903
9862
9926
9979
9880
9898
9917
9936
9926
9907
9945
9846
9947
9947
9899
9960
9961
9990
9845
9897
9902
9972
9911
9865
9840
9932
9940
9892
9957
9906
9895
9922
9817
9986
9940
9895
9837
9788
9867
9803
9885
9929
9848
9910
9797
9939
9859
9940
9926
9848
9904
9868
9965
9830
9890
9946
9895
9936
9888
9940
9823
9968
9972
9904
9881
9940
9998
9925
9979
9849
9963
9902
9853
9969
9774
10000
9871
9955
9945
9966
9783
9917
9965
9879
9773
9868
9889
9971
9910
9969
9968
9775
9943
9951
9859
9993
9998
9953
9883
9873
9938
9968
9920
9915
9831
9908
9936
9888
9942
9993
9830
9918
9869
9922
9969
9886
9908
9964
9925
9883
9863
9938
9886
9929
9896
9879
9883
9932
9888
9925
9902
9843
9776
9964
9956
9938
9957
9817
9905
9956
9992
9910
9862
9939
9811
9863
9850
9934
9877
9894
9906
9935
9956
9919
9909
9765
9931
9941
9912
9898
9758
9927
9909
9983
9883
9788
9953
9976
9844
9941
9935
9821
9836
9907
9902
9947
9950
9809
9951
9780
9925
9901
9913
9939
9936
9918
9851
9887
9972
9942
9920
9913
9957
9905
9910
9931
9997
9999
9900
9973
9978
9952
9875
9973
9919
9817
9911
9877
9902
9928
9876
9932
9860
9837
9906
9961
9950
9830
9950
9865
9842
9913
9862
9789
9963
9921
9771
9967
9946
9903
9945
9792
9858
9913
9886
9891
9959
9967
9953
9871
9943
9942
9898
9909
9871
9829
9951
9934
9935
9972
9842
9859
9862
9856
9921
9809
9764
9975
9966
9898
9927
9926
9867
9893
9925
9920
9898
9885
9870
9937
9881
9916
9822
9839
9920
9850
9808
9924
9924
9927
9902
9938
9925
9918
9903
9864
9753
9887
9934
9821
9921
9891
9895
9932
9926
9818
9923
9948
9704
9881
9929
9838
9926
9968
9942
9912
9945
9936
9909
9994
9965
9947
9888
9885
9944
9997
9832
9869
9968
9893
9912
9977
9876
9965
9863
9869
9835
9820
9967
9818
9945
9920
9926
9921
9899
9841
9931
9886
9933
9931
9945
9913
9881
9931
9978
9955
9977
9840
9927
9974
9865
9912
9951
9886
9916
9897
9862
9904
9929
9935
9894
9914
9891
9861
9866
9887
9844
9936
9965
9847
9938
9889
9893
9970
9903
9951
9842
9915
9969
9884
9905
9925
9948
9919
9864
9843
9901
9824
9845
9938
9895
9931
9818
9915
9923
9906
9959
9956
9829
9966
9974
9622
9950
9859
9851
9855
9979
9845
9899
9935
9879
9903
9899
9973
9885
9903
9933
9897
9909
9907
9850
9972
9936
9818
9914
9894
9950
9952
9933
9911
9897
9919
9878
9951
9881
9990
9869
9956
9932
9882
9955
9935
9857
9893
9950
9779
9929
9914
9921
9981
9850
9862
9941
9950
9909
9854
9936
9893
9890
9839
9953
9867
9832
9884
9921
9863
9886
9870
9882
9994
9983
9926
9940
9888
9928
9892
9937
9942
9907
9889
9990
9975
9932
9918
9943
9900
9866
9918
9981
9925
9919
9892
9912
9826
9927
9934
9964
9772
9963
9951
9963
9944
9804
9806
9944
9895
9907
9863
9894
9838
9957
9925
9898
9901
9910
9867
9901
9886
9904
9893
9935
9928
9919
9984
9845
9842
9876
9851
9912
9922
9843
9928
9804
9987
9912
9902
9903
9935
9905
9979
9968
9927
9998
9899
9964
9938
9894
9943
9918
9935
9932
9946
9954
9950
9820
9789
9842
9920
9910
9877
9991
9794
9925
9956
9889
9885
9841
9966
9975
9845
9949
9966
9880
9952
9953
9903
9937
9898
9932
9820
9949
9933
9881
9901
9956
9767
9949
9977
9936
9899
9918
9877
9880
9985
9918
9878
9972
9952
9941
9904
9947
9923
9874
9928
9851
9911
9958
9989
9894
9819
9873
9843
9910
9953
9856
9924
9876
9823
9910
9885
9990
9856
9861
9891
9993
9967
9890
9948
9795
9955
