9926
9998
9991
9880
9930
9918
9915
9998
9926
9956
9907
9881
9897
9976
9977
9820
9981
9885
9996
9975
9969
10000
9953
9926
9913
9987
9945
9923
9939
9922
9840
9884
9933
9973
9788
9964
9997
9832
9902
9997
9901
9879
9824
9840
9702
9899
9964
10000
9961
9957
9991
9999
9999
9978
9978
9950
9884
9948
9917
9982
9896
10000
9871
9892
9956
9993
9932
9913
9902
9945
9930
9830
9997
9946
9998
9848
9934
9985
9870
9823
9913
10000
9716
9949
9961
9927
10000
9904
9731
9871
9883
9990
9767
9800
9867
10000
9968
9891
9894
9915
9973
10000
9997
9889
9956
9909
10000
9904
9880
9904
9952
9889
9998
9929
9999
9743
9955
9809
9686
9999
9885
9892
9870
9977
9846
9865
9909
10000
9957
9925
9862
9838
10000
9930
9917
9947
9916
9998
9997
9952
9851
9945
10000
9947
9861
9993
9981
9961
10000
9852
9804
9994
9917
9839
9897
9872
9900
9869
9891
9819
9860
9959
9848
9991
9818
9953
10000
9880
9846
9962
9950
9934
9873
9899
9981
9955
9964
9859
10000
9900
9960
9906
9875
9950
9895
9997
9909
10000
10000
9948
9968
9988
9878
9998
9975
9878
9996
9992
9905
9860
9996
9994
9894
9880
9945
9947
10000
9980
9905
10000
10000
10000
9782
9873
9999
9883
9996
9908
9910
9957
9830
9989
9974
9933
9930
9878
9936
9992
9974
10000
9868
9928
9882
9879
9926
9939
9865
9918
9900
9845
9878
10000
9955
9965
9934
9959
9794
9933
9979
9982
9972
9892
9917
9914
9809
9967
9991
9777
9972
9955
9952
9940
9929
9909
9814
9898
9961
9917
9991
9838
9896
9932
9915
9994
9943
9904
9999
9901
9915
9983
9999
9995
9880
9878
9857
10000
9923
9831
9882
9914
9965
9832
9973
9806
9954
9901
9959
9932
9963
9854
9964
9952
9872
9959
9994
9886
9950
9961
10000
9979
9910
9971
9808
9984
9944
10000
9806
9893
9856
9979
9833
9913
9966
9973
9981
9968
9999
9915
9891
9919
9948
9900
9993
9967
9950
9880
9926
9925
9959
9928
9991
9892
9974
9994
9999
9759
9894
9867
9872
9998
9897
9882
10000
9857
9866
9909
9999
9759
9963
9761
10000
9842
10000
9863
10000
9998
9945
9909
9914
9937
9899
9977
9941
9857
9882
9917
10000
9943
9910
9999
9916
9825
9902
9944
9958
9899
9898
9875
9963
9792
9975
9846
9851
9972
9953
9999
9937
9882
9940
9907
9912
9909
9788
9885
9987
9953
9905
9889
9889
9956
9998
9909
9954
9887
9914
9995
9912
10000
9947
9940
9988
9698
9989
9999
9953
9782
9904
9951
10000
9746
10000
9902
10000
9805
9798
9890
9999
9920
9874
9932
9878
9990
9883
9988
9931
9956
9989
9904
9978
9828
9998
9963
9968
10000
9877
9980
9976
9707
9892
9855
10000
9946
9932
9887
9925
9927
9899
9978
9969
9959
9963
9907
9923
9870
9938
9986
9816
9799
9921
9880
9979
9999
9932
9945
9974
9720
9972
9969
9940
9937
9893
9976
9960
9907
9996
9994
9997
9922
9915
9968
9977
10000
9862
9899
9712
9972
9955
10000
9961
9850
10000
10000
9931
9841
9998
9909
9806
9865
9897
9977
9884
9916
9939
9902
9919
9941
10000
9888
9871
10000
9943
9900
10000
9869
9950
9927
9985
9858
9884
9929
9827
9978
9922
9940
10000
9935
9995
9839
9951
9874
9887
9935
9912
9918
9829
9947
9812
9964
9868
9952
9852
9896
9954
9997
9999
9938
9934
9931
9981
9848
9893
9996
9973
9955
9757
9950
9950
9889
9763
9995
9999
9998
9932
9856
9941
9948
9817
9952
9961
9990
9949
9998
9808
9974
9904
9853
9995
9980
9965
9929
10000
9901
9868
9975
9996
9929
9787
9862
9933
9746
9978
9925
9914
9999
9974
9946
9978
9864
9865
9924
9819
10000
9956
10000
9916
9838
9923
9971
9985
9930
9853
9863
9936
9982
9899
9997
9896
9925
9947
9958
9926
9921
9898
9970
9949
9962
9995
9897
9907
9849
9995
9835
9922
10000
10000
9948
9795
9962
9990
9998
9928
9953
9879
9925
9977
9905
9916
9930
9966
9938
9914
9994
9815
9826
9861
9968
9950
9849
9956
9984
9982
9963
9951
9961
9948
9997
9784
9979
9998
10000
9893
9981
9841
9927
9826
9914
9869
9904
9972
9988
9991
9887
9914
9892
9920
9998
9677
9914
9888
9973
9838
9934
9937
9881
9953
9952
9870
9828
9907
9827
9944
9992
9956
9957
9976
9919
9937
9857
9802
9914
9814
9907
9827
9937
9926
9957
9990
9884
9836
10000
9887
9991
9967
9945
9999
9916
9881
9974
9957
9866
9937
9939
9979
9964
9997
9910
9934
9898
9836
9961
9962
9904
9919
9958
9941
9938
9969
9977
9958
9995
9988
9805
9995
9933
9864
10000
9868
9990
9854
9978
9993
9924
9998
9957
9919
9962
9892
9919
9946
9939
9999
10000
9997
9966
9917
9919
9978
9992
9943
9958
9963
10000
9871
9943
9794
9961
9875
9995
9913
9869
9897
9834
9997
9872
9859
10000
9879
9830
9761
9899
9918
9995
9740
9841
9763
9892
9895
9923
9894
9970
9914
9796
9874
10000
9880
9996
9893
9950
9903
9846
9886
9948
9975
9988
9883
9995
9999
9879
9812
9809
9851
9962
9851
9907
9990
9941
9924
9991
9774
9938
9995
9932
9909
9850
9998
9982
9869
9974
9996
9891
9919
9898
9951
9999
9929
9770
9884
9866
9901
9980
9925
9934
10000
9959
9970
9822
9924
9842
9716
9923
9947
9869
9952
9951
9929
9891
9983
9950
9986
9894
9896
9990
9881
9985
9886
9880
10000
9998
9895
9994
9953
9818
9983
9999
9910
10000
9939
9871
9812
9918
9830
9908
9883
9922
9943
9908
9861
9935
9696
9870
9938
9999
10000
9855
9988
9876
9871
9999
9971
9898
9779
9996
9954
9981
10000
9906
9975
9816
9847
9888
10000
9931
9976
9919
9958
9893
9946
9959
9890
9964
10000
9903
9995
9867
9887
9926
9962
10000
9991
9952
9999
9942
9992
9982
9929
9898
9661
9957
9971
9970
9920
9989
9891
9976
9823
9825
9894
9927
9835
9902
9748
9934
9911
9960
9788
9963
9968
9970
9855
9912
