9797
9893
9868
9934
9943
9869
9832
9978
9833
9907
9900
9996
9771
9875
9949
9876
9932
9866
9970
9958
9898
9804
9901
9907
9990
9879
9835
9794
9909
9867
9888
9961
9950
9850
9938
9896
9898
9941
9965
9866
9874
9926
9988
9744
9880
9892
9929
9904
9906
9897
9939
9873
9959
9896
9911
9918
9937
9888
9945
9929
9924
9822
9966
9923
9955
9947
9852
9893
9934
9885
9935
9914
9822
9963
9875
9848
9907
9890
9888
9916
9933
9974
9873
9918
9927
9935
9943
9931
9818
9919
9899
9896
9840
9823
9999
9914
9933
9867
9908
9918
9866
9837
9890
9887
9896
9995
9910
9822
9970
9879
9824
9902
9945
9870
9757
9920
9946
9924
9979
9935
9859
9912
9771
9843
9879
9956
9850
9933
9892
9984
9965
9952
9890
9891
9874
9993
9833
9908
9823
9908
9902
9916
9893
9848
9963
9964
9868
9949
9857
9897
9831
9921
9893
9983
9914
9955
9852
9924
9893
9899
9979
9854
9980
9725
9914
9948
9890
9852
9930
9758
9983
9919
9857
9887
9880
9926
9945
9887
9873
9881
9875
9818
9879
9956
9901
9945
9852
9991
9879
9970
9970
9930
9968
9875
9944
9953
9985
9898
9945
9863
9828
9922
9877
9998
9907
9999
9927
9900
9807
9949
9951
9959
9904
9941
9846
9829
9930
9860
9927
9927
9885
9882
9884
9914
9689
9802
9884
9883
9924
9895
9834
9903
9918
9985
9833
9801
9951
9892
9939
9991
9977
9863
9869
9905
9934
9862
9974
9809
9907
9867
9852
9906
9933
9953
9997
9905
9946
9796
9865
9793
9909
9880
9945
9883
9858
9892
9928
9964
9868
9945
9880
9996
9902
9917
9733
9936
9941
9972
9895
9925
9696
9914
9942
9978
9984
9818
9885
9932
9910
9933
9914
9869
9796
9841
9950
9932
9800
9932
9887
9958
9947
9922
9882
9906
9937
9922
9905
9862
9896
9935
9978
9739
9867
9908
9916
9901
9917
9854
9955
9936
9864
9946
9865
9965
9946
9771
9944
9952
9944
9880
9991
9937
9885
9953
9843
9893
9984
9857
9952
9767
9941
9973
9857
9929
9942
9961
9941
9948
9952
9874
9934
9918
9972
9948
9961
9944
9802
9900
9898
9988
9886
9934
9879
9924
9847
9863
9892
9946
9895
9911
9919
9971
9915
9934
9830
9952
9966
9866
9839
9919
9908
9966
9887
9888
9890
9903
9868
9947
9929
9990
9910
9824
9884
9911
9775
9912
9713
9933
9993
9946
9867
9952
9868
10000
9936
9905
9883
9866
9917
9897
9865
9953
9908
9862
9949
9906
9904
9917
9994
9928
9907
9941
9963
9882
9912
9840
9924
9854
9751
9901
9770
9810
9815
9808
9841
9930
9723
9920
9878
9877
9722
9969
9877
9922
9953
9951
9929
9941
9916
9935
9889
9954
9939
9804
9903
9896
9908
9896
9842
9986
9799
9926
9826
9701
9863
9855
9932
9876
9978
9956
9901
9977
9895
9937
9986
9845
9949
9915
9911
9950
9842
9830
9917
9899
9921
9921
9981
9843
9806
9785
9926
9913
9972
9942
9963
9937
9820
9876
9979
9982
9855
9915
9890
9945
9971
9922
9956
9969
9923
9956
9956
9841
9918
9924
9803
9959
9888
9893
9839
9944
9915
9929
9964
9944
9785
9896
9825
9881
9903
9872
9805
9921
9964
9897
9966
9897
9930
9933
9914
9903
9830
9847
9989
9839
9938
9995
9922
9803
9909
9944
10000
9889
9969
9916
9959
9882
9887
9863
9924
9909
9954
9798
9916
9886
9918
9927
9817
9917
9845
9864
9799
9948
9850
9842
9946
9801
9767
9882
9953
9943
9906
9943
9880
9871
9876
9903
9921
9933
9927
9761
9961
9975
9833
9888
9840
9907
9977
9855
9853
9930
9873
9901
9949
9950
9783
9871
9831
9836
9920
9924
9950
9855
9941
9975
9969
9885
9864
9881
9993
9834
9831
9941
9834
9915
9968
9908
9947
9845
9968
9885
9929
9833
9872
9928
9914
9896
9941
9908
9907
9937
9956
9907
9950
9886
9882
9874
9803
9884
9782
9886
9912
9911
9958
9964
9957
9810
9848
9915
9999
9985
9918
9954
9977
9910
9847
9943
9852
9962
9916
9961
9831
9957
9889
9871
9908
9950
9848
9864
9924
9931
9917
9983
9855
9963
9955
9909
9891
9945
9884
9916
9888
9901
9837
9845
9931
9856
9811
9942
9875
9906
9968
9948
9841
9871
9923
9885
9867
9918
9946
9948
9891
9939
9871
9759
9848
9946
9951
9848
9845
9869
9908
9974
9897
9881
9918
9920
9968
9963
9885
9935
9913
9912
9981
9933
9984
9904
9853
10000
9874
9899
9955
9886
9851
9868
9968
9962
9880
9929
9840
9963
9941
9934
9849
9873
9833
9853
9957
9895
9891
9813
9854
9927
9957
9865
9916
9909
9807
9864
9969
9998
9852
9874
9913
9943
9850
9901
9894
9844
9804
9908
9971
9946
9796
9944
9984
9931
9884
9921
9777
9912
9993
9933
9961
9920
9916
9996
9840
9942
9910
9873
9858
9889
9850
9940
9926
9892
9979
9981
9990
9825
9959
9898
9891
9870
9966
9903
9950
9970
9890
9934
9876
9928
9940
9984
9772
9825
9858
9852
9972
9970
9959
9886
9942
9855
9863
9942
9961
9936
9948
9914
9898
9948
9914
9904
9973
9871
9894
9902
9978
9867
9893
9865
9968
9914
9884
9915
9873
9883
9994
9983
9924
9905
9916
9862
9942
9986
9976
9912
9915
9920
9910
10000
9987
9918
9872
9851
9925
9933
9886
9791
9995
9965
9824
9900
9853
9980
9886
9884
9858
9965
9995
9832
9960
9930
9945
9885
9959
9922
9950
9906
9893
9928
9977
9889
9950
9830
9916
9929
9826
9937
9923
9981
9840
9964
9905
9976
9908
9881
9956
9956
9895
9956
9971
9870
9904
9943
9940
9884
9953
9865
9687
9951
9967
9894
9935
9960
9896
9832
9746
9952
9905
9911
9928
9878
9909
9862
9919
9922
9897
9894
9912
9906
9850
9986
9932
9947
9886
9896
9966
9883
9724
9825
9872
9985
9876
9871
9952
9903
9834
9882
9762
9929
9967
9946
9962
9920
9938
9910
9722
9914
9973
9981
9935
9935
9883
9843
9968
9845
9939
9933
9902
9904
9979
9924
9979
9916
9968
9886
9934
9813
