9907
9946
10000
9999
10000
10000
9855
9932
9986
9936
10000
10000
9942
9998
9902
9918
9995
9933
9934
9959
10000
9979
9940
10000
9784
9865
9972
9981
9893
9992
9921
9960
9932
9917
9918
9898
9847
9931
9916
10000
9930
9988
9994
10000
9950
9844
9997
9891
10000
9841
9898
9897
9891
9861
10000
9729
9723
10000
9999
9940
9882
9941
9984
9960
9999
9767
9916
9999
9995
10000
9915
9968
9948
9999
9876
9999
9961
9746
9896
9892
9984
9903
9902
9853
9911
9997
9992
9913
9872
9986
9920
9998
9981
9798
9862
10000
9993
9836
9999
9957
9999
9922
9922
9943
9924
9900
9939
9955
9999
9858
9971
10000
9893
9901
9998
9919
9951
10000
9877
9893
9994
9955
9891
9947
9965
9936
9992
9981
9971
9822
9931
10000
9952
10000
9890
9999
9995
9793
9964
9964
10000
9733
9912
9989
9943
9992
9873
9981
9994
9884
9951
9928
10000
10000
9926
9986
9992
9953
9957
9970
9851
9959
9898
9878
9880
9999
9968
9967
9994
10000
9989
10000
9806
9945
9907
9996
10000
10000
9958
9926
9994
9992
9983
9974
9964
9969
10000
9780
9853
9903
9831
9913
9894
9998
9973
9957
9927
9995
9884
10000
9819
10000
9986
9951
9962
9897
9912
9921
9835
9971
10000
10000
9901
10000
9863
9992
9909
9972
9871
9999
9735
9896
9991
10000
9890
9969
9956
10000
9929
9984
9949
9913
9906
9966
9934
9877
9999
9974
9987
9987
9995
9940
9964
9878
9980
9914
9990
9940
9997
9910
9969
9923
9984
9969
9893
9955
9980
9890
9865
9997
9956
9995
9997
9947
9994
9863
9906
9855
9998
9898
9941
9928
9800
9999
9982
9992
9901
10000
9911
9918
9993
9981
9834
9920
9930
9990
9929
10000
9930
9860
9955
9990
9997
9989
9997
10000
9889
9938
10000
9967
10000
9905
9995
9842
9997
9900
9706
9863
9945
9914
9974
9980
9999
9955
9927
9973
9992
9975
9903
9848
9992
9911
9901
9898
9963
9892
9913
9928
9886
9999
9933
9991
9948
9979
9932
9927
9999
9900
9989
9919
9871
9900
10000
9928
9848
9991
9983
9999
9921
9868
9919
9999
9999
10000
10000
10000
9952
9915
9997
9924
9987
9873
9988
9973
9923
9910
9992
9977
10000
9978
9963
9970
9952
9886
10000
9978
9970
9862
9955
9893
9831
9887
9974
9904
9950
9923
10000
9999
9999
9984
9963
9918
9998
9879
9903
10000
9962
9928
9835
9999
9974
9922
9860
10000
9951
9997
9947
9961
9881
9926
9928
9970
9920
9904
9982
9975
9922
10000
9894
9944
9869
9990
9993
9858
9953
9717
9742
9961
9991
9948
9924
9952
10000
9996
9903
9975
9932
9891
9867
9999
9907
9880
9886
9999
9998
9988
9999
9940
9952
10000
10000
9969
9889
9997
9895
9981
9951
9980
9987
9989
9772
9841
9924
9911
9999
9910
9904
9970
9961
9995
9905
9894
9836
10000
9966
9967
9916
10000
9842
9921
9966
10000
9936
9984
9966
9833
9999
10000
9932
9881
9999
9990
9880
9900
9960
9951
9924
9982
9999
9950
9809
9850
9974
10000
9948
9997
9892
10000
9989
9898
10000
9912
9968
9935
9842
9972
9901
9899
9977
9883
9982
9983
9987
10000
9902
9928
10000
9950
10000
9897
9938
9998
9889
9871
9970
9998
9917
9833
9998
9845
9854
10000
9999
9998
9912
9896
9947
9858
10000
9988
9875
9998
9976
9860
10000
9924
9984
9891
9870
9814
9912
9929
9923
9933
10000
9941
9899
9939
9764
9999
9996
9890
9950
10000
9912
9910
9968
9896
10000
9904
9955
9990
9993
9948
9870
9831
9978
9974
9999
10000
9956
9834
9969
9872
9904
9984
9944
10000
9910
9991
9996
9893
9978
9922
9991
10000
9894
9898
9929
9935
9974
10000
10000
9898
9999
10000
9988
9987
9925
9931
9940
9950
9843
9965
9823
9995
9849
9970
9940
9954
9923
9901
9996
9985
10000
9973
9863
9874
9898
9939
9967
9952
9926
9955
9934
9793
9953
9935
9995
9870
9966
9995
9937
9933
9846
9996
9889
9997
9964
9999
9865
9998
9835
9955
10000
9997
9928
9971
9959
9969
9888
9875
9961
9882
9862
9791
10000
9957
9896
9890
9973
9835
10000
9991
10000
9899
9941
9907
9888
9890
9895
9921
10000
10000
9999
9961
10000
9861
9998
9950
9851
9909
9903
9882
10000
9980
9935
9878
9930
9883
9956
9956
9838
9857
9946
10000
9898
9935
9917
9777
9856
9986
9934
9958
9992
9938
10000
9891
9988
9972
9880
10000
10000
10000
9930
9973
9996
10000
9885
9990
9908
9984
9881
9963
9871
9939
9939
9970
9878
9891
9964
10000
9961
9977
10000
9996
9978
9845
9998
9974
9922
9917
9954
9973
9882
10000
9909
10000
9835
10000
9963
9911
9824
9975
9996
9993
9994
9892
9961
10000
9987
9996
9955
9813
9997
9990
10000
9957
9874
10000
9929
9983
9870
9828
10000
9960
9845
9852
9981
10000
9973
9929
9982
9976
9949
9960
9900
9953
9872
9826
9999
9997
9812
9938
9986
9987
9851
9949
9973
9958
9998
9891
9945
9893
10000
9981
9965
9970
10000
9908
9998
9992
9901
9986
9923
9937
9978
9921
10000
9905
9904
9894
9834
10000
9994
9925
9915
10000
9958
9949
9869
9974
9983
9999
9949
9997
9826
9943
10000
9960
9908
9961
9936
9985
9899
9967
10000
10000
9951
9984
9921
9998
9988
9941
9841
9989
9998
9999
9909
9891
9914
9848
9996
9965
9956
9836
9999
9856
10000
9840
9999
10000
9827
9918
10000
9922
9998
9845
9953
9937
9876
9995
9968
9981
9980
9881
9973
9917
9854
10000
9999
9848
9840
9922
9998
9995
9826
9902
9985
9953
9999
9999
9978
9999
9943
9880
9927
9948
9828
9836
10000
9992
9898
10000
9949
10000
9805
9961
9859
9944
9906
9930
9924
10000
9924
9970
9913
9909
9999
10000
9950
9905
9965
10000
9961
9943
10000
9850
9851
9953
9982
9990
9863
9999
9904
9999
9998
10000
9925
9833
10000
9926
9929
9918
9925
9934
9916
9969
9824
9947
9965
9950
9922
10000
9912
9997
9745
9993
9869
10000
9906
9898
10000
10000
9972
9783
9816
9833
10000
9974
