9951
9863
9803
9612
9866
9852
9858
9498
9854
9870
9406
9948
9879
9889
9909
9808
9863
9908
9855
9796
9877
9958
9933
9806
9948
9879
10000
9892
9928
9748
9745
9682
9904
9718
9792
9602
10000
9847
9922
9740
9948
9949
9993
9519
9860
9783
9959
9987
9769
9818
9848
9371
9880
10000
9946
9992
9616
9984
9948
9864
9656
9900
10000
9933
9858
9505
9912
9867
9444
10000
9492
9854
9941
9643
9716
9832
9760
9997
9896
9993
9855
10000
9885
9898
9939
9742
9883
9701
9774
9870
9935
9641
9826
9923
9619
9788
9960
9953
9704
9985
9922
9924
9847
9929
9882
9905
9688
9798
9930
9950
9704
9908
9942
9759
9910
9862
9865
9968
9710
9831
9829
9932
9956
9732
9747
9667
9810
9673
9790
9890
9941
9927
9957
10000
9902
9977
9838
9789
9852
9841
9902
10000
9910
9900
9873
10000
9987
9913
9858
9803
9288
9782
9976
9837
9791
9878
9680
9843
9882
9977
10000
9881
9969
9788
9880
9855
9830
9965
9843
9750
9971
9487
9782
9965
10000
9983
9784
9854
9866
9807
9860
9624
9801
9935
9904
9759
9944
9388
9835
9855
9830
9944
9869
9848
9888
9904
9874
9895
9930
9372
9907
9893
9844
9714
9609
9877
9892
9735
9849
9919
10000
9954
9806
9841
9798
9876
9796
9845
9772
9739
9616
9851
9918
9836
9420
9846
9905
9983
9947
9921
9890
9390
9953
10000
9923
9847
9833
9939
9863
9424
9775
9936
9683
9977
9974
9913
9948
9774
9893
9899
9850
9836
9986
9887
9854
9828
9916
9776
9937
9851
9931
9823
9926
9935
9836
9886
9994
9922
9887
9940
9613
9985
9764
9837
10000
9887
9962
9865
9884
9806
9771
10000
9841
9857
9919
9964
9686
9963
9658
9948
9790
9874
9869
9995
10000
9793
9867
9965
9929
9915
9808
9926
9886
9803
9918
10000
9821
9768
9721
9816
9884
9825
9431
9877
9852
9821
9704
9928
9855
9899
10000
9891
9950
9763
9906
9987
9837
9827
9906
9879
9748
9919
9840
9951
9970
9948
10000
9978
9530
9982
9971
9854
9932
9790
9950
9924
9887
9900
10000
9936
9951
9925
9610
9810
9659
10000
9909
9880
9700
9831
9766
9827
9937
9909
9592
9832
9931
9948
9832
9947
9845
9953
9782
9835
9906
9868
9964
9939
9780
9812
9872
9936
9980
9435
9390
9864
9914
9921
9858
9934
9944
9964
9920
9736
9986
9789
9809
9928
9930
9943
9954
9885
9823
9958
9989
9707
9946
9538
9839
9906
9570
9859
9847
9905
9872
9772
9840
9892
9903
9464
9632
9868
9908
9970
9967
9907
9884
9918
9969
9830
9628
9924
9889
9909
9915
9930
9856
9838
9923
9945
9934
9957
9633
9999
9957
9925
9916
9829
9886
9949
9913
9687
9887
9817
9939
9748
9874
9901
9920
9852
9914
9839
9877
9799
9786
9914
9913
9867
9944
9699
9879
9883
9838
9945
9911
9991
9882
9890
9910
9908
9892
9952
10000
9877
10000
9954
9717
9929
9966
9863
9798
9933
9826
9748
9530
9905
9759
9817
9684
9722
9936
9764
9701
9920
9831
9637
9920
9821
10000
9816
9833
9889
9817
9906
9815
9969
9774
9943
9739
9948
9896
9775
9913
9970
9923
9985
10000
9823
9769
9932
9822
9839
9901
9818
9967
9923
9905
9732
9729
9865
9933
9802
9923
9984
9788
9964
9867
9915
9788
9914
9815
9858
9734
9796
9806
9997
9955
9959
9879
9699
9998
9500
9972
9887
9807
9778
9683
10000
9923
9877
10000
9965
9930
9484
9858
9911
9897
9824
9816
9920
9910
9616
10000
9939
9978
9965
9940
9916
9878
9980
9898
9777
9951
9964
9948
9971
9919
9488
9946
9791
10000
9972
9902
9947
9862
9900
9879
9807
9905
9657
9951
9995
9981
9864
9948
9868
9761
9914
9884
10000
9994
9600
9896
9657
9628
9981
9935
9875
9702
9742
9953
9911
9630
9775
9858
10000
9840
9837
9884
9885
9916
9842
9974
9984
9877
9876
9796
9899
9809
9880
10000
9919
9955
9875
9905
9775
9870
9904
9911
9904
9890
9913
9350
9650
9880
9913
9884
9723
9844
9800
9876
9537
9903
9881
9814
9988
9952
9862
10000
9905
9937
9918
9935
9915
9843
9727
9786
9787
9932
9806
9747
9897
9813
9864
9867
9943
9891
9838
9870
9851
9801
9908
9723
9646
9913
9914
9940
9886
9574
9962
9920
9936
9392
9683
9725
9866
9924
9983
10000
9985
9592
9894
9789
9902
9856
9869
9752
9866
9696
9881
9919
9829
9710
9954
9883
9968
9712
9891
9841
9684
9938
10000
9649
9864
9863
9888
9765
9960
9918
9935
9830
9966
9947
9989
9960
9902
9818
10000
9837
9915
9727
10000
9919
9909
9940
9939
9875
9786
9830
9784
9844
9860
9894
9958
9704
9864
9948
9916
9997
9866
9989
9845
9783
9907
9978
9921
9908
9836
9956
9863
9562
9810
9901
9975
9847
9906
9930
9917
9784
10000
9984
9907
9844
9874
9577
9887
9976
9849
9843
9942
9921
9694
9890
9994
10000
9788
9864
9933
9563
9845
9807
9818
10000
9874
9866
9909
9878
9792
9667
9895
9888
9788
9884
9770
9961
9916
9878
9916
9795
9905
10000
9932
9588
9928
9748
9879
9661
9876
9788
9423
9913
9825
9470
9843
9611
9951
9791
9858
9925
9961
9788
9807
9961
9550
9908
9928
9766
9914
9829
9948
9946
9981
9849
10000
9919
9441
9733
9949
9736
9781
9856
9467
9993
9817
9857
9982
9864
9864
10000
9843
9992
9914
9983
9834
9862
9860
9724
9648
9946
9840
9811
9681
9906
9856
9839
9965
9842
9919
10000
9647
9950
9857
9937
9904
9895
9575
9928
9822
9874
9891
9859
9743
9873
9950
9600
9705
9870
9792
9929
9433
9546
9751
9943
9873
9909
9987
9635
9781
9974
9685
9738
9813
9970
9879
9786
9672
9839
10000
9936
9884
9918
9808
9944
9812
9665
9476
9831
10000
10000
9903
9777
9938
9832
9931
9802
9828
9679
9947
9825
9808
9804
9815
9871
9865
9892
9867
9620
9912
9923
9888
9951
9886
9864
9605
9805
9895
9999
9721
10000
9776
9998
9961
9860
9913
10000
9923
9936
9876
9880
9683
