9905
9874
9875
9896
9947
9984
9904
9970
9978
9996
9901
9998
9929
9936
9955
9893
9935
9984
9905
9991
9971
9996
9911
9906
9834
9909
9984
9949
9930
9993
9987
9994
9822
9993
9873
9944
9960
9853
9916
9855
9879
9869
9909
9869
9817
9913
9998
9996
10000
9989
9994
9874
9945
9928
9939
9823
9931
9913
9883
9916
9996
9923
9934
9912
9995
9929
9989
9867
9856
9925
9998
9904
9897
9912
9928
10000
9979
9926
9813
9904
9841
9863
9981
9959
9997
9888
9961
9954
9997
9999
9923
9982
9963
9963
9999
9956
9858
9804
9923
9822
10000
9994
9790
9917
9905
9997
9994
9892
9955
9990
9886
9941
9897
10000
9999
9867
9993
9874
9877
9999
9770
9989
9952
9947
9970
9999
9921
9883
9896
9875
9982
9979
9866
9929
9895
9985
9900
9999
9842
9949
9898
10000
9974
9992
9960
10000
9863
9871
9800
9993
9983
9997
9998
9930
9868
9918
9959
9939
10000
9935
9768
9800
9811
9917
9842
9916
10000
9931
9890
9824
9955
9947
9794
9941
9993
9940
9977
9958
9884
9864
9976
9792
9993
9999
9999
9867
9982
9997
9956
9996
9912
9987
9938
9891
9923
9971
9995
9965
9773
9893
10000
9971
9966
9999
9947
9964
9882
9938
9898
9928
9895
9923
9833
10000
9911
9962
9909
9986
9868
9995
10000
9932
9958
10000
9847
9929
9805
10000
9998
9990
9897
9939
9895
9877
9808
9789
9890
9998
9987
9973
9886
9906
9955
9866
9917
9926
9872
9939
9950
9992
9999
9993
9955
9994
9929
9991
9944
9908
9965
9942
9972
9871
9808
9918
9984
9999
9890
9936
9873
9940
9994
9898
9992
10000
10000
9850
9912
9967
9955
9901
9965
9919
9817
9954
9975
9950
10000
9931
9935
9997
9964
9856
9929
10000
9925
9927
9919
9939
9894
9999
10000
9927
10000
9967
9939
9967
9994
9901
9827
9991
9992
9982
9846
9879
9994
9944
9871
9987
9997
9935
9809
9940
9924
9910
10000
9875
9896
9952
9962
9996
9976
9962
9955
9971
9923
9688
10000
9990
9984
9963
9924
9880
9872
9832
9906
9953
10000
9865
9914
9997
10000
9904
9996
9940
10000
9936
9961
9941
9999
9955
9996
9912
9940
9921
9939
9911
9995
9987
9886
9912
9949
9982
9829
9977
9915
9929
9924
9929
9898
9843
9899
9829
9995
9967
10000
9811
9874
9975
9949
9963
9998
10000
9999
9841
9990
9772
9999
9965
9954
9855
9935
9960
9983
9870
9910
9941
9997
9920
9993
9911
9957
9982
9916
9919
9958
9928
10000
9831
9943
10000
9978
9970
9774
9944
9998
9878
9852
9938
10000
9951
9840
9906
9971
9965
10000
9999
10000
9999
9900
9975
9929
9891
9872
9966
9861
10000
10000
9926
9863
9935
10000
9966
10000
9991
9983
9978
9987
9955
9882
10000
9891
9864
9998
9839
9853
10000
10000
9912
9932
9912
9885
9936
9939
9961
9923
9972
9998
9960
9905
9953
9908
9926
10000
9968
9955
10000
9854
9995
9943
9997
9850
9933
9872
9823
9848
9902
9928
9912
9766
10000
10000
9930
9915
9998
9861
9901
9998
9970
9902
9999
9985
9886
9871
9994
9951
9905
9823
9869
9999
9851
9956
9959
9867
9999
9862
9938
9984
9994
9888
9997
9939
9993
9880
9982
9987
9939
9906
9977
9705
9999
9932
9861
9927
9983
9981
9999
9995
9906
9952
9877
9910
9868
9914
9860
9920
9961
10000
9871
9905
9822
9867
9964
9897
9932
9998
9961
10000
10000
9925
9947
9939
9932
9902
9931
9966
9857
9985
9998
9748
9944
9920
9971
9987
9898
10000
9951
9771
9997
9851
9898
9996
9999
9836
9872
9913
9963
9833
9865
9876
9908
9929
9973
9980
9835
9998
9839
9914
9972
9925
10000
9890
9967
9889
9747
9948
9807
9994
10000
9985
9978
9957
9863
9879
9994
9922
9818
9889
9958
9980
9972
9957
10000
10000
9998
9939
9894
9943
9878
9735
9954
9911
9855
9981
9828
9927
9992
9965
9849
9999
9814
9774
10000
9942
9940
9939
10000
9865
9901
9965
9963
9844
9906
9917
9906
9989
9957
9985
9997
9902
9785
9970
9971
9983
9991
9863
9962
9961
9906
10000
9853
9876
9946
9953
9936
10000
9934
9888
9978
9999
9834
9927
9858
9974
9853
9965
9855
9948
9997
9929
9968
9994
9885
9977
9997
9933
9932
9961
9816
9863
9978
9937
9893
9929
9997
9872
9976
9998
9999
9953
9902
9791
9898
9889
9993
9913
9788
9755
9936
10000
9798
9991
9906
9884
10000
9998
9904
9939
9918
9931
9962
9874
9981
9929
9999
10000
9837
9935
9971
9995
9891
9976
9909
9770
9994
9788
9937
9927
9872
9965
9932
9940
9965
9888
9918
9901
9884
9965
9939
9859
9906
9895
9901
9908
9996
9912
9891
9957
9988
9948
9844
9799
10000
9936
9979
9916
9956
9858
9871
10000
9811
9872
9997
9971
9993
9900
9999
9952
9930
9987
9985
9946
9752
9985
9959
9989
9861
9938
9794
9945
10000
9939
9883
9953
9834
9958
9769
10000
9905
9913
9945
10000
9972
9988
9759
9862
9984
9948
9963
9890
9936
9818
9949
9911
9926
9991
9968
9931
9895
9991
9930
9919
9933
9853
10000
9963
9910
9868
9998
9974
9828
9999
9996
9853
9962
9897
9970
9984
9879
9955
9992
9932
9997
9949
9780
9805
9824
9910
9863
9850
9828
10000
9998
10000
9924
9945
9913
9980
9900
9965
9967
9929
9984
9783
9883
9863
9962
9913
9906
9976
9906
10000
9960
9999
9990
9937
9901
9999
9897
9999
9952
9889
9999
9894
9929
10000
9893
9948
9974
9942
9766
10000
9908
10000
9999
9979
9945
9813
9999
10000
9999
9946
9983
9939
9966
9818
9993
9835
9886
9999
9973
9979
9822
9943
9935
9893
9937
9956
9998
9905
10000
9885
9860
9944
9899
9931
9895
9867
9989
9992
9899
9870
9977
9999
9999
9867
9950
9879
9862
9998
9996
9986
9932
9945
9988
9892
9920
9891
9790
9904
9844
9913
9877
9909
9892
9907
9815
9903
9867
9904
9988
9939
9893
9845
9928
9993
9857
9983
9935
9852
10000
9709
9919
9873
9921
10000
9995
9846
9999
9868
9920
