9920
9910
9921
9945
9949
9910
9884
9942
9832
9868
9949
9996
9945
9953
9924
9950
9929
9898
9801
9835
9990
9849
9912
9966
9958
9979
9875
9925
9861
9903
9924
9933
9900
9891
9972
9943
9923
9892
9900
9850
9926
9889
9897
9801
9873
9946
9916
9905
9935
9908
9983
9910
9917
9883
9885
9960
9972
9961
9951
9944
9955
9842
9947
9905
9947
9936
9895
9916
9910
9912
9970
9951
9916
9817
9926
9896
9980
9881
9919
9903
9907
9959
9878
9906
9743
9880
9914
9937
9947
9820
9899
9953
9940
9904
9925
9953
9808
9861
9919
9943
9989
9784
9868
9872
9770
9879
9687
9941
9900
9778
9909
9864
9865
9919
9900
9868
9977
9946
9970
9948
9909
9897
9891
9919
9926
9907
9903
9973
9920
9914
9968
9987
9948
9864
9924
9913
9896
9840
9860
9978
9804
9867
9917
9886
9856
9906
9915
9939
9961
9935
9938
9901
9885
9954
9981
9900
9862
9922
9923
9944
9854
9879
9911
9939
9874
9926
9991
9858
9912
9837
9824
9994
9961
9939
9951
9852
9952
9895
9978
9987
9924
9976
9930
9930
10000
9786
9885
9876
9841
9851
9962
9847
9900
9923
9965
9938
9795
9818
9945
9931
9938
9888
9909
9806
9941
9884
9953
9920
9881
9825
9956
9811
9829
9925
9943
9940
9871
9899
9960
9989
9891
9840
9777
9838
9972
9901
9963
9932
9934
9944
9801
9953
9837
9854
9938
9925
9870
9970
9917
9942
9983
9891
9973
9793
9833
9991
9948
9963
9992
9851
9934
9768
9937
9939
9882
9887
9928
9923
9938
9947
9846
9926
9869
9797
9901
9809
9955
9881
9766
9944
9838
9960
9953
9940
9933
9767
9920
9940
9968
9957
9925
9983
9901
9959
9927
9881
9960
9917
9855
9861
9954
9897
9860
9935
9976
9843
9838
9959
9883
9881
9904
9902
9876
9802
9894
9820
9841
9909
9976
9883
9906
9920
9918
9935
9898
9925
9829
9898
9873
9820
9908
9948
9978
9989
9894
9898
9865
9949
9913
9958
9969
9904
9940
9929
9943
9909
9792
9834
9972
9985
9798
9884
9934
9957
9880
9967
9940
9950
9922
9920
9952
9908
9955
9814
9910
9959
9952
9752
9938
9877
9941
9916
9971
9923
9881
9886
9937
9983
9907
9855
9946
9854
9913
9917
9949
9939
9900
9930
9860
9836
9908
9897
9897
9883
9878
9927
9934
9869
9985
9860
9909
9796
9946
9782
9941
9986
9938
9755
9940
9908
9942
9906
9858
9844
9850
9934
9922
9948
9997
9944
9765
9853
9995
9972
9824
9945
9874
9946
9925
9916
9958
9964
9912
9991
9922
9816
9955
9986
9901
9843
9975
9900
9897
9806
9941
9821
9795
9810
9817
9921
9983
9904
9964
9873
9889
9925
9951
9833
9972
9898
9921
9801
9838
9950
9910
9890
9924
9907
9907
9875
9958
9966
9853
9893
9914
9880
9977
9829
9904
9936
9927
9888
9847
9955
9881
9970
9982
9885
9798
9808
9905
9775
9917
9837
9924
9878
9885
9895
9874
9979
9972
9769
9893
9922
9939
9907
9954
9938
9720
9918
9797
9953
9824
9972
9870
9902
9856
9934
9973
9843
9955
9893
9945
9932
9953
9912
9884
9682
9943
9892
9904
9911
9869
9845
9850
9957
9888
9980
9935
9904
9987
9896
9861
9993
9894
9931
9891
9889
9834
9930
9855
9847
9921
9943
9956
9933
9949
9942
9906
9947
9886
9976
9915
9919
9838
9848
9907
9934
9916
9905
9838
9983
9920
9901
9961
9856
9897
9904
9898
9964
9931
9832
9887
9948
9970
9887
9958
9864
9915
9866
9938
9872
9845
9929
9873
9977
9918
9937
9927
9860
9929
9851
9893
9973
9952
9856
9814
9881
9952
9967
9881
9891
9993
9748
9857
9947
9929
9966
9818
9947
9944
9961
9895
9811
9952
9791
9940
9913
9921
9951
9916
9933
9861
9902
9864
9964
9817
9868
9952
9921
9845
9933
9918
9902
9953
9931
9805
9853
9841
9837
9912
9875
9923
9948
9909
9932
9971
9846
9867
9872
9823
9761
9854
9887
9950
9867
9829
9926
9966
9919
9848
9805
9954
9943
9992
9778
9747
9831
9821
9919
9939
9942
9780
9893
9882
9916
9944
9937
9879
9990
9816
9866
9924
9944
9822
9990
9953
9937
9841
9911
9981
9876
9919
9962
9891
9947
9881
9871
9880
9907
9883
9858
9869
9938
9907
9929
9936
9996
9800
9897
9872
9933
9865
9917
9904
9938
9898
9942
9997
9974
9882
9808
9922
9921
9904
9823
9835
9966
9835
9967
9919
9944
9967
9926
9957
9708
9929
9892
9956
9956
9930
9880
9800
9861
9964
9932
9862
9963
9918
9992
9940
9961
9958
9957
9877
9978
9928
9911
9887
9899
9966
9903
9936
9932
9966
9751
9895
9969
9932
9945
9901
9922
9872
9916
9850
9905
9838
9867
9944
9958
9821
9894
9707
9843
9937
9942
9962
9823
9934
9864
9896
9980
9911
9880
9777
9740
9961
9993
9821
9860
9911
9903
9900
9909
9984
9948
9967
9922
9833
9804
9937
9904
9783
9857
9869
9753
9961
9999
9933
9879
9838
9890
9921
9966
9836
9870
9867
9937
9855
9810
9882
9928
9945
9798
9895
9861
9881
9836
9852
9882
9903
9941
9985
9945
9875
9832
9880
9941
9951
9885
9936
9930
9855
9799
9827
9967
9969
9931
9863
9907
9806
9893
9959
9816
9961
9909
9898
9914
9973
9968
9955
9744
9959
9905
9846
9872
9902
9718
9879
9912
9977
9956
9962
9918
9808
9951
9948
9872
9881
9845
9957
9915
9899
9957
9868
9807
9956
9967
9977
9910
9812
9816
9876
9894
9938
9786
9998
9944
9884
9817
9855
9839
9799
9835
9900
9788
9884
9828
9858
9911
9946
9876
9916
9889
9940
9962
9834
9888
9944
9940
9887
9886
9882
9905
9916
9925
9832
9972
9862
9939
9956
9911
9852
9890
9817
9914
9907
9927
9858
9911
9961
9884
9936
9960
9983
9869
9872
9939
9893
9977
9931
9766
9895
9875
9986
9839
9899
9934
9967
9929
9909
9957
9955
9883
9850
9964
9965
9881
9930
9947
9928
9918
9886
9938
9919
9946
9906
9885
9908
9834
9787
9971
9907
9921
9926
9946
9753
9965
9988
9785
