9908
9967
9975
9921
9941
9766
9952
9864
9860
9912
9865
9869
9890
9754
9970
9964
9889
9883
9937
9898
9897
9874
9907
9901
9974
9840
9826
9921
9923
9906
9966
9924
9934
9835
9979
9945
9984
9847
9906
9915
9945
9856
9937
9942
9836
9887
9885
9943
9947
9951
9959
9958
9923
9986
9917
9940
9916
9925
9945
9933
9917
9819
9900
9923
9886
9894
9925
9961
9881
9974
9972
9914
9879
9882
9872
9928
9894
9904
9928
9926
9915
9961
9947
9744
9936
9986
9882
9954
9945
9968
9845
9923
9805
9857
9986
9972
9806
9893
9755
9960
9956
9902
9887
9962
9965
9953
9880
9883
9723
9933
9808
9964
9756
9925
9884
9988
9943
9891
9894
9928
9891
9890
9880
9911
9958
9912
9955
9868
9905
9945
9919
9892
9934
9904
9980
9953
9923
9869
9933
9939
9910
9974
9753
9974
9889
9950
9857
9910
9862
9871
9884
9790
9920
9860
9929
9891
9949
9834
9904
9853
9885
9936
9869
9890
9800
9926
9907
9933
9820
9844
9977
9890
9904
9935
9919
9887
9932
9937
9925
9912
9915
9944
9853
9896
9967
9934
9896
9876
9956
9904
9920
9944
9926
9974
9944
9967
9933
9891
9857
9883
9848
9831
9775
9859
9942
9845
9989
9898
9932
9893
9882
9935
9931
9997
9869
9905
9869
9997
9923
9984
9885
9991
9922
9862
9941
9948
9969
9859
9802
9918
9917
9891
9890
9976
9924
9853
9871
9903
9969
9911
9968
9910
9983
9715
9882
9920
9736
9931
9926
9827
9854
9921
9956
9865
9865
9940
9888
9925
9754
9896
9866
9915
9956
9967
9771
9879
9848
9983
9946
9977
9844
9867
9810
9895
9942
9852
9885
9925
9860
9948
9870
9964
9982
9921
9969
9939
9889
9983
9921
9885
9861
9781
9996
9798
9925
9888
9933
9962
9930
9958
9922
9726
9843
9906
9961
9843
9978
9969
9895
9905
9900
9898
9957
9967
9919
9868
9958
9856
9738
9884
9866
9896
9976
9922
9976
9930
9965
9905
9903
9950
9965
9913
9864
9792
9800
9927
9966
9885
9921
9972
9947
9841
9915
9879
9898
9845
9924
9882
9894
9873
9862
9960
9939
9857
9997
9954
9985
9982
9957
9893
9813
9917
9941
9911
9934
9963
9886
9808
9852
9864
9924
9838
9885
9882
9857
9931
9961
9884
9867
9901
9983
9872
9903
9784
9910
9973
9979
9790
9877
9893
9916
9855
9869
9790
9921
9939
9687
9912
9886
9874
9850
9966
9768
9828
9986
9961
9943
9886
9972
9813
9893
9867
9811
9940
9856
9939
9827
9855
9940
9931
9839
9997
9816
9834
9957
9991
9990
9927
9951
9940
9865
9948
9983
9913
9850
9788
9895
9852
9911
9915
9911
9957
9942
9965
9910
9867
9946
9948
9871
9959
9924
9920
9947
9784
9934
9935
9911
9965
9926
9916
9913
9931
9902
9956
9806
9826
9855
9888
9935
9997
9877
9877
9920
9900
9908
9925
9969
9982
9856
9958
9925
9855
9950
9855
9944
9985
9986
9817
9820
9859
9941
9928
9915
9900
9753
9939
9996
9965
9848
9847
9947
9882
9917
9897
9920
9940
9833
9767
9872
9940
9917
9890
9965
9899
9870
9894
9831
9924
9963
9968
9685
9950
9945
9821
9992
9940
9868
9909
9854
9933
9929
9875
9861
9865
9926
9926
9932
9941
9988
9915
9887
9936
9950
9834
9907
9883
9966
9952
9829
9952
9906
9919
9801
9926
9890
9955
9955
9924
9946
9970
9923
9858
9827
9994
9897
9933
9991
9931
9882
9926
9861
9932
9953
9896
9971
9924
9917
9907
9853
9954
9879
9918
9946
9948
10000
9879
9872
9791
9950
9973
9979
9885
9955
9846
9903
9977
9855
9999
9958
9796
9990
9918
9947
9986
9949
9833
9831
9945
9843
9931
9930
9890
9917
9931
9961
9950
9911
9841
9965
9887
9857
9930
9885
9958
9960
9872
9831
9882
9871
9888
9868
9912
9934
9838
9979
9876
9628
9866
9878
9871
9995
9844
9946
9794
9992
9957
9971
9949
9863
9905
9901
9963
9968
9950
9923
9929
9913
9910
9946
9948
9916
9909
9925
9926
9887
9877
9765
9957
9868
9925
9971
9915
9929
9730
9995
9834
9821
9902
9860
9932
9912
9994
9715
9937
9893
9874
9916
9944
9850
9896
9946
9915
9737
9925
9913
9999
9908
9929
9839
9923
9914
9961
9758
9893
9831
9921
9887
9949
9958
9958
9903
9777
9842
9953
9886
9914
9921
9805
9897
9824
9778
9783
9974
9927
9840
9930
9778
9914
9963
9932
9807
9915
9987
9891
9926
9870
9948
9939
9965
9861
9946
9800
9906
9923
9952
9930
9853
9985
9904
9858
9851
9995
9859
9774
9932
9948
9864
9944
9922
9942
9890
9862
9881
9960
9974
9958
9970
9882
9877
9958
9995
9861
9936
9901
9859
9930
9866
9915
9824
9939
9957
9962
9931
9839
9838
9917
9902
9909
9972
9921
9897
9960
9895
9890
9752
9976
9950
9977
9893
9857
9900
9956
9885
9963
9954
9827
9936
9903
9852
9712
9959
9915
9888
9799
9921
9910
9859
9947
9951
9849
9994
9892
9883
9995
9860
9948
9899
9936
9942
9937
9963
9884
9925
9882
9953
9884
9929
9906
9899
9882
9911
9899
9983
9891
9919
9955
9968
9913
9932
9880
9894
9931
9866
9863
9813
9847
9927
9958
9926
9913
9925
9852
9862
9910
9867
9845
9997
9973
9909
9935
9904
9927
9866
9967
9896
9851
9942
9952
9955
9904
9905
9763
9866
9725
9935
9914
9942
9963
9982
9878
9934
9925
9913
9834
9965
9917
9838
9896
9826
9952
9944
9909
9913
9912
9934
9961
9970
9992
9851
9877
9996
9887
9884
9933
9927
9901
9865
9952
9913
9877
9928
9942
9836
9896
9966
9859
9831
9991
9932
9873
9928
9927
9875
9941
9954
9830
9948
9827
9826
9965
9829
9874
9978
9998
9765
9925
9845
9937
9874
9807
9915
9963
9921
9947
9829
9989
9874
9869
9864
9950
9916
9942
9953
9961
9806
9849
9978
9747
9994
9919
9886
9933
9922
9915
9909
9911
9939
9985
9910
9857
9890
9931
9970
9997
9935
9835
9953
9852
9904
9890
9995
9895
9926
9835
9996
9859
9903
9967
9974
9926
