9866
9885
9843
9831
9853
9936
9925
9951
9865
9916
9945
9835
9987
9904
9833
9895
9938
9754
9876
9879
9948
9911
9847
9870
9948
9837
9945
9889
9929
9814
9900
9936
9888
9927
9994
9931
9919
9898
9845
9939
9971
9916
9956
9810
9947
9863
9883
9773
9997
9930
9900
9870
9923
9958
9896
9939
9906
9891
9913
9885
9811
9957
9958
9957
9897
9868
9919
9980
9958
9857
9972
9852
9895
9761
9930
9936
9911
9900
9909
9851
9805
9951
9963
9943
9876
9892
9833
9800
9895
9904
9889
9903
9746
9816
9786
9831
9907
9966
9849
9938
9797
9835
9842
9846
9875
9873
9932
9898
9958
9976
9882
9949
9834
9895
9996
9828
9875
9979
9928
9853
9852
9884
9935
9903
9873
9947
9943
9816
9857
9955
9896
9922
9845
9901
9864
9872
9831
9948
9892
9964
9969
9916
9740
9897
9930
9994
9998
9874
9865
9930
9945
9926
9863
9898
9884
9882
9872
9845
9971
9795
9828
9886
9920
9899
9870
9867
9884
9902
9900
9935
9947
9809
9861
9876
9926
9938
9848
9871
9867
9972
9872
9931
9838
9889
9923
9845
9950
9881
9842
9898
9918
9829
9917
9940
9946
9968
9995
9971
9847
9716
9900
9939
9883
9918
9928
9717
9888
9899
9871
9962
9948
9874
9862
9914
9907
9816
9958
9892
9897
9910
9975
9854
9913
9916
9929
9877
9903
9915
9895
9885
9879
9804
9895
9955
9929
9856
9896
9917
9908
9845
9934
9997
9824
9901
9860
9816
9953
9931
9882
9828
9958
9850
9902
9962
9868
9860
9932
9722
9951
9942
9862
9877
9907
9926
9983
9915
9940
9954
9842
9863
9861
9781
9959
9967
9956
9856
9867
9927
9944
9904
9946
9941
9905
9984
9926
9938
9790
9984
9946
9900
9942
9920
9950
9895
9963
9854
9989
9911
9849
9862
9896
9928
9965
9936
9981
9838
9811
9884
9853
9926
9929
9908
9825
9936
9885
9877
9894
9980
9987
9945
9868
9898
9793
9888
9851
9896
9945
9778
9854
9933
9935
9868
9913
9957
9904
9946
9915
9968
9855
9960
9913
9809
9950
9949
9857
9815
9862
9905
9921
9899
9918
9910
9921
9737
9974
9833
9909
9764
9942
9908
9981
9925
9953
9756
9833
9905
9967
9889
9913
9830
9978
9942
9830
9854
9909
9939
9944
9841
9942
9939
9880
9844
9951
9832
9917
9907
9822
9931
9824
9948
9949
9824
9901
9715
9857
9777
9944
9899
9960
9854
9863
9933
9924
9967
9980
9923
9861
9933
9943
9932
9957
9933
9948
9903
9913
9945
9818
9866
9889
9957
9825
9931
9970
9753
9978
9912
9942
9932
9942
9945
9893
9896
9941
9859
9883
9970
9851
9882
9958
9867
9900
9995
9921
9959
9731
9839
9817
9970
9785
9862
9962
9998
9919
9883
9925
9976
9812
9850
9997
9930
9845
9865
9979
9941
9958
9892
9870
9932
9893
9885
9954
9958
9925
9940
9912
9877
9874
9951
9897
9930
9917
9851
9964
9911
9892
9963
9964
9858
9920
9909
9953
9966
9941
9907
9891
9902
9997
9903
9932
9874
9848
9896
9926
9938
9942
9888
9947
9947
9843
9940
9965
9929
9955
9915
9876
9849
9889
9826
9772
9878
9921
9957
9793
9882
9935
9916
9854
9809
9948
9919
9980
9872
9878
9902
9745
9683
9867
9981
9935
9929
9964
9936
9922
9843
9913
9882
9992
9900
9971
9903
9929
9902
9917
9976
9926
9927
9888
9864
9939
9888
9909
9941
9917
9906
9889
9922
9922
9950
9823
9843
9930
9901
9942
9837
9889
9932
9968
9953
9904
9880
9880
9968
9895
9972
9923
9889
9938
9865
9891
9881
9921
9951
9918
9977
9729
9946
9912
9900
9979
9926
9855
9943
9924
9957
9860
9961
9915
9931
9923
9863
9867
9962
9868
9970
9996
9914
9919
9976
9894
9922
9910
9829
9914
9948
9987
9943
9914
9888
9966
9939
9787
9951
9870
9851
9777
10000
9818
9981
9804
9939
9954
9974
9932
9967
9930
9816
9947
9768
9821
9865
9906
9925
9887
9987
9864
9905
9876
9930
9970
9999
9958
9962
9926
9904
9935
9942
9927
9953
9986
9876
9876
9951
9873
9909
9901
9950
9766
9819
10000
9968
9861
9844
9962
9966
9964
9888
9827
9912
9936
9923
9908
9888
9946
9966
9843
9926
9971
9913
9983
9822
9971
9947
9890
9924
9859
9899
9885
9834
9799
9903
9899
9886
9992
9975
9917
9840
9857
9887
9927
9976
9905
9934
9866
9981
9867
9830
9958
9877
9875
9902
9943
9866
9905
9991
9949
9907
9974
9964
9922
9963
9866
9923
9903
9949
9957
9988
9974
9899
9935
9852
9942
9941
9936
9962
9873
9883
9958
9961
9929
9725
9854
9889
9924
9947
9924
9988
9814
9879
9830
9947
9935
9873
9930
9830
9999
9895
9934
9913
9928
9950
9918
9893
9884
9960
9834
9945
9893
9911
9891
9835
9926
9992
9998
9929
9907
9930
9877
9895
9906
9980
9859
9906
9998
9891
9937
9880
9898
9935
9981
9856
9883
9901
9994
9954
9932
9949
9912
9856
9909
9864
9825
9920
9950
9872
9994
9804
9822
9833
9904
9959
9962
9842
9872
9818
9927
9997
9886
9844
9855
9907
9943
9895
9947
9862
9951
9852
9877
9919
9844
9946
9870
9914
9953
9930
9923
9924
9958
9940
9929
9946
9980
9890
9961
9971
9902
9860
9956
9824
9970
9946
9896
9864
9812
9906
9961
9926
9971
9901
9926
9841
9953
9888
9830
9861
9871
9922
9939
9978
9885
9751
9898
9954
9931
9898
9671
9846
9894
9967
9928
9946
9947
9975
9918
9936
9949
9889
9812
9892
9951
9954
9894
9966
9910
9932
9819
9847
9787
9852
9892
9911
9845
9958
9935
9925
9915
9886
9977
9927
9853
9873
9940
9904
9994
9891
9940
9844
9944
9863
9834
9862
9821
9952
9946
9917
9966
9936
9759
9899
9913
9822
9949
9933
9904
9824
9913
9937
9891
9951
9900
9942
9993
9951
9928
9917
9939
9901
9972
9909
9683
9960
9963
9898
9954
9937
9958
9854
9995
9961
9966
9915
9902
9945
9836
9939
9953
9902
9935
9912
9888
9812
9979
9851
9946
9835
9886
9917
9930
9894
9868
9948
