9952
10000
9810
9971
9875
9998
9991
9939
9925
10000
9890
9999
9999
9793
9939
9946
9891
9985
9982
9758
9983
10000
9993
9894
9998
10000
9889
9995
9887
9882
9929
9921
9927
9846
9977
10000
10000
9998
9925
9906
9938
9837
10000
9965
9932
9941
9858
9845
9837
9964
9829
9999
9985
9902
9916
9872
9788
9965
9924
9936
9997
9902
9922
10000
9996
9764
9938
10000
9944
9953
9783
9800
9960
9971
9962
10000
9924
9887
9899
9871
9984
9997
9996
9996
9987
9857
9867
9891
9999
9899
9908
9919
9925
10000
9980
9775
9932
9912
10000
9917
10000
9935
9861
10000
9898
9901
9995
9774
9886
9843
9939
9998
9796
9932
9992
9966
9913
9980
10000
9993
9977
9998
9964
9880
9970
9996
9920
10000
9985
9888
9848
9946
9852
9782
9986
9986
9996
9999
9999
9920
9909
9984
9982
9981
9859
9830
9980
9996
9883
9943
9853
9864
9883
10000
9996
9940
9910
9841
9923
9902
9981
9977
9919
9833
9852
9947
10000
9956
9972
9942
9951
9875
9814
9923
9937
9911
9997
9942
9997
9941
9983
9902
9909
9915
9990
9998
9876
9843
9903
9932
9999
9855
9931
10000
9903
9927
9871
9988
9981
9877
10000
9889
9885
9859
9973
9991
9999
9871
9990
9992
9916
9948
9826
9920
10000
9980
9999
9969
9998
9853
9994
10000
9993
10000
9992
9855
9997
9936
9938
9998
9875
9914
9977
9863
9848
9973
9937
9991
9852
9775
9951
9998
9889
10000
9999
9970
10000
9844
9962
10000
9908
9817
9882
9865
9989
9909
9929
9970
9929
9761
9974
9951
9977
9913
9892
9902
9982
9932
9950
10000
10000
9919
9916
9977
9928
9938
9916
9911
9969
9995
9887
9642
9945
9997
9936
9967
9921
9980
10000
10000
10000
9932
9992
9913
9999
10000
9928
9796
9853
9996
9990
10000
9954
9862
9999
9927
10000
9862
9934
9780
9932
9900
9923
9981
9847
9739
10000
10000
9992
9857
9895
9907
9902
9841
9999
10000
9975
10000
9884
9991
9995
9955
9973
10000
9895
10000
9999
9999
9963
9986
9877
9829
9963
9967
9879
9874
9773
9791
10000
9876
9978
9898
9998
10000
9891
9897
9963
9869
9915
9998
9851
9973
9858
9942
10000
10000
9781
9997
9999
9974
10000
9987
9859
9988
9994
9888
10000
9948
9843
9999
9849
9997
10000
9965
9995
9980
9889
9914
9783
9965
9894
9897
9880
9953
9886
9855
10000
9970
10000
10000
9948
9991
9929
9944
9996
9904
9945
9957
9937
9868
9998
9863
9932
9942
9863
10000
9985
9901
9925
9902
9962
9999
9719
9811
9996
9920
9951
9955
9958
9998
9994
9909
9994
9993
9881
9893
10000
9876
9802
9902
9944
9988
9950
9977
10000
9945
9886
9939
9993
9799
9925
9999
9917
9957
9813
10000
9891
9992
9862
9894
9932
9906
9832
9986
10000
9964
9999
9969
9963
9894
9974
10000
9879
9984
9901
9920
9856
9929
9946
9923
9870
9887
10000
9933
9831
10000
9933
9940
10000
9997
9998
9863
9928
9968
9987
9991
10000
9953
9995
9871
9998
9945
9933
9901
9990
10000
9853
9996
9914
9778
9870
9763
9888
9962
9875
9983
9943
9928
9998
9886
9881
9988
9893
9853
9949
9895
9999
9932
9969
9998
9878
10000
9970
9836
9930
9814
9892
10000
9997
9803
9925
9878
9901
9993
10000
9966
9996
9961
10000
9998
9997
9961
9887
10000
9953
9836
9824
9924
9754
9959
9957
9961
9951
9994
9915
9924
9927
10000
9970
9998
9991
9900
9998
9896
9787
9975
9881
9995
9957
9975
10000
9947
9923
9999
9953
9927
9857
9872
10000
9961
9946
9972
9997
9916
9889
10000
9962
9936
9934
9955
9959
9990
9894
9997
10000
9982
9869
9934
10000
9743
9823
9958
9805
9999
9895
9988
9924
10000
9956
9934
9977
10000
9868
9988
10000
9925
9934
9934
9898
9881
9915
9993
10000
9998
9699
9972
9951
9878
9999
10000
9998
10000
9867
9950
9974
10000
9977
9938
9999
9993
9961
9995
9783
9926
10000
10000
10000
9782
10000
9880
9993
9782
9867
9934
9923
9789
9929
10000
9996
10000
9902
9980
9907
9967
9794
9959
9999
9864
9886
9914
9968
10000
9982
9994
9930
9996
9999
9706
9846
9916
10000
9950
9909
9990
9882
9919
9986
10000
10000
9998
10000
9967
9975
9976
9851
9895
10000
9941
9922
9931
10000
9999
9968
10000
9997
9995
9931
9879
9910
9967
9931
9953
9864
9888
9933
10000
9998
9930
9922
9806
9929
9893
9832
9933
9996
9954
9901
9974
9925
9987
9861
10000
9931
9999
9927
9860
9922
9972
9998
9833
10000
9982
9933
9980
9811
9924
9852
9996
9887
9993
9832
9966
9896
9894
9841
10000
9903
9890
9998
9854
9895
9954
9875
9923
9993
9831
9919
9988
9923
9933
9926
9942
9922
9993
9926
9973
10000
9967
9923
10000
10000
10000
9956
9992
10000
9918
9775
9868
9794
9946
9992
10000
9913
9757
10000
9992
9990
9915
9964
9940
9941
9999
9999
9954
9934
9844
9994
9999
9950
9911
9989
9882
9988
9797
9998
9965
10000
10000
9869
9939
9824
9855
9911
9810
9880
9828
9992
10000
9981
9992
9986
10000
9851
9999
9979
9968
9998
9985
10000
9996
9998
9907
9919
9858
10000
9724
9853
9876
9981
9812
9697
9898
9966
9841
9930
9998
9888
9898
9891
10000
9891
9991
9998
9941
9999
9875
10000
9926
9828
9971
9918
9996
10000
9999
10000
9883
10000
9866
9866
9985
10000
9941
9882
9907
9851
9950
9998
9999
9946
10000
10000
9884
9971
9998
9908
10000
9982
9985
10000
9976
9999
9870
9986
10000
9810
9963
10000
9941
9987
9843
9979
9994
9999
9969
9981
9795
10000
9994
10000
9917
9998
9998
9925
9983
9936
9998
9839
9999
9904
9873
9888
9998
9885
9963
9933
9830
9908
9854
9871
9969
9999
9967
9902
10000
10000
9934
10000
9957
9937
9918
10000
9900
9855
9961
10000
9905
9999
9929
9795
9905
9880
9957
10000
9992
9971
9951
9922
9967
9883
9985
10000
9864
9761
9890
9805
9970
9962
9883
9991
9886
9844
10000
9958
9890
10000
9999
9888
9801
9924
10000
