9831
9882
9988
9822
9994
9887
9960
9931
9867
9961
9985
9924
9917
9934
9879
9909
9858
9991
9970
9894
9915
9958
9914
9876
9866
9923
9967
9953
9939
10000
9818
9950
9853
9932
9970
9969
9925
9932
9915
9982
9894
9986
9843
9944
9924
9902
9865
9937
9995
9910
9928
9948
9953
9973
9927
9885
9853
9942
9920
9837
9895
9909
9909
9955
9785
9909
9946
9981
9886
9922
9788
9819
9826
9905
9967
9890
9789
9798
9848
9920
9816
9863
9916
9894
9929
9938
9882
9899
9926
9849
9902
9833
9913
9945
9960
9951
9855
9949
9867
9911
9681
9965
9960
9991
9968
9842
9870
9913
9979
9907
9840
9845
9877
9934
9878
9915
9910
9919
9856
9939
9907
9876
9928
9942
9901
9807
9772
9875
9732
9880
9915
9977
9906
9892
9910
9908
9876
9881
9932
9878
9906
9914
9841
9954
9871
9921
9936
9967
9889
9939
9697
9936
9760
9900
9941
9871
9927
9915
9896
9848
9849
9887
9946
9934
9944
9918
9896
9908
9907
9839
9904
9879
9832
9886
9961
9964
9953
9918
9914
9920
9880
9862
9903
9837
9998
9869
9923
9841
9891
9899
9926
9902
9940
9891
9924
9942
9919
9878
9905
9926
9937
9938
9996
9888
9980
9931
9986
9944
9859
9922
9974
9949
9906
9987
9890
9935
9858
9971
10000
9954
9924
10000
9906
9864
9857
9998
9916
9970
9942
9916
9918
9927
9787
9972
9990
9882
9945
9877
9933
9960
9857
9911
9745
9878
9869
9953
9890
9965
9930
9936
9913
9972
9930
9979
9883
9850
9959
9970
9944
9970
9908
9867
9898
9956
9983
9774
9935
9969
9884
9971
9960
9947
9894
9985
9902
9864
9945
9967
9873
9908
9963
9911
9853
9845
9953
10000
9908
9841
9993
9943
9933
9849
9920
9791
9940
9957
9839
9929
9956
9721
9858
9923
9892
9859
9994
9979
9976
9939
9908
9941
9958
9875
9875
9986
9922
9889
9869
9895
9869
9886
9885
9958
9945
9952
9877
9780
9853
9947
9881
9768
9921
9959
9963
9883
9761
9852
9855
9879
9954
9914
9829
9954
9949
9916
9961
9939
9986
9953
9794
9882
9880
9899
9879
9932
9866
9886
9923
9867
9963
9968
9987
9813
9988
9916
9854
9877
9864
9808
9992
9979
9927
9866
9727
9908
9955
9845
9940
9822
9968
9946
9917
9941
9885
9899
9993
9756
9898
9906
9938
9861
9942
9950
9972
9918
9855
9872
9893
9936
9831
9878
9949
9987
9960
9940
9923
9922
9888
9973
9976
9996
9935
9899
9875
9870
9932
9929
9846
9925
9989
9961
9909
9983
9930
9947
9917
9918
9904
9994
9886
9948
9974
9889
9951
9963
9946
9878
9890
9880
9902
9935
9855
9799
9987
9912
9671
9875
9948
9944
9938
9926
9830
9866
9960
9946
9881
9861
9881
9841
9968
9852
9919
9895
9886
9931
9893
9938
9945
9859
9806
9901
9832
9966
9919
9997
9958
9959
9999
9862
9956
9811
9871
9927
9923
9902
9947
9858
9920
9882
9947
9953
9893
9871
9938
9944
9964
9885
9957
9867
9898
9958
9855
9868
9943
9916
9931
9950
9929
9914
9949
9899
9926
9955
9859
9948
9892
9913
9933
9793
9916
9804
9966
9944
9928
9910
9884
9947
9948
9938
9896
9905
9920
9929
9963
9890
9882
9874
9882
9833
9852
9939
9928
9942
9909
9887
9890
9961
9935
9926
9785
9957
9893
9861
9910
9913
9940
9945
9884
9940
9870
9639
9977
9907
9912
9943
9860
9839
9953
9814
9970
9894
9869
9990
9971
9902
9989
9977
9899
9914
9917
9871
9922
9949
9903
9925
9808
9991
9925
9697
9950
9966
9958
9927
9856
9858
9875
9919
9956
9909
9849
9928
9950
9845
9863
9925
9961
9904
9923
9939
9945
9810
9884
9992
9979
9955
9928
9933
9788
9897
9952
9926
9976
9952
9994
9973
9929
9895
9935
9860
9893
9932
9958
9842
9983
9976
9935
9924
9924
9976
9851
9948
9747
9955
9909
9885
9913
9723
9928
9877
9930
9900
9981
9934
9909
9780
9964
9811
9959
9892
9968
9938
9881
9946
9886
9878
9917
9906
9859
9925
9869
9891
9893
9733
9923
9937
9929
9984
9921
9966
9884
9896
9944
9911
9910
9916
9930
9816
9937
9815
9837
9847
9933
9882
9917
9893
9951
9920
9868
9878
9949
9990
9926
9937
9866
9899
9846
9788
9912
9879
9800
9960
9906
9844
9944
9849
9876
9823
9842
9916
9969
9948
9999
9901
9999
9940
9930
9833
9921
9998
9965
9925
9933
9883
9881
9986
9944
9899
9860
9921
9988
9971
9900
9774
9902
9975
9926
9988
9923
9862
9780
9967
9885
9928
9906
9849
9833
9904
9914
9854
9964
9859
9956
9881
9913
9967
9904
9974
9883
9915
9922
9953
9925
9895
9865
9876
9924
9998
9922
9919
9975
9959
9837
9755
9853
9929
9980
9932
9914
9951
9859
9963
9823
9946
9877
9815
9936
9953
9782
9937
9911
9790
9999
9888
9857
9972
9916
9962
9929
9940
9915
9761
9953
9932
9758
9876
9911
9912
9848
9885
9755
9909
9953
9944
9904
9902
9850
9808
9990
9914
9849
9937
9885
9922
9895
9928
9936
9900
9980
9892
9797
9919
9867
9907
9923
9938
9853
9871
9879
9873
9908
9932
9922
9940
9928
9952
9947
9865
9797
9905
9949
9906
9922
9922
9839
9917
9789
9971
9940
9929
9945
9922
9950
9889
9855
9951
9895
9929
9721
9889
9961
9903
9881
9935
9817
9988
9918
9845
9898
9963
9947
9835
9865
9829
9878
9900
9924
9875
9924
9906
9789
9896
9898
9877
9967
9969
9950
9944
9901
9885
9880
9890
9833
9885
9962
9770
9922
9760
9837
9901
9920
9927
9980
9967
9817
9899
9869
9932
9945
9998
9805
9978
9936
9943
9795
9980
9858
9933
9929
9924
9910
9963
9859
9812
9924
9952
9957
9986
9938
9986
9912
9953
9964
9891
9857
9884
9891
9963
9866
9925
10000
9963
9911
9813
9892
9978
9943
9802
9918
9960
9879
9919
9924
9947
9991
9828
9864
9833
9966
9927
9870
9981
9783
9733
9935
9955
9825
9998
9908
9930
9879
9988
9920
9849
9921
9983
9968
9851
9978
9904
9997
9999
