9950
9897
9897
9928
9887
9952
9916
9951
9898
9779
9934
9933
9896
9930
9810
9967
9965
9960
9926
9955
9847
9897
9898
9938
9943
9800
9893
9956
9929
9966
9957
9799
9946
9930
9804
9917
9961
9806
9956
9871
9880
9809
9877
9915
9983
9986
9873
9927
9902
9959
9922
9955
9888
9940
9958
9915
9943
9726
9926
9791
9900
9717
9932
9890
9912
9966
9958
9915
9885
9875
9950
9956
9963
9869
9811
9923
9941
9832
9942
9843
9935
9885
9980
9938
9813
9870
9906
9982
9804
9937
9962
9787
9898
9951
9890
9842
9996
9870
9990
9978
9894
9981
9887
9913
9881
9800
9860
9825
9977
9941
9963
9805
9890
9782
9767
9945
9956
9887
9950
9852
9990
9926
9902
9986
9910
9932
9924
9863
9915
9970
9919
9937
9955
9952
9866
9928
9957
9830
9972
9968
9859
9928
9997
9929
9757
9892
9836
9837
9859
9938
9901
9957
9881
9740
9841
9930
9905
9944
9954
9989
9853
9884
9982
9778
9943
9901
9918
9864
9915
9948
9939
9941
9935
9902
9956
9899
9853
9791
9898
9950
9902
9904
9955
9916
9809
9902
9945
9939
9890
9967
9974
9853
9836
9894
9815
9942
9902
9944
9725
9951
9894
9941
9921
9962
9949
9904
9922
9851
9954
9866
9935
9936
9838
9775
9936
9961
9878
9856
9930
9913
9919
9944
9928
9947
9939
9880
9934
9949
9939
9776
9969
9941
9941
9845
9889
9948
9924
9960
9925
9942
9941
9906
9904
9842
9890
9796
9884
9845
9885
9870
9940
9998
9786
9903
9839
9848
9932
9981
9990
9959
9916
9901
9847
9876
9917
9866
9961
9965
9842
9974
9918
9877
9952
9946
9816
9975
9815
9941
9984
9878
9942
9898
9949
9945
9880
9906
9936
9823
9995
9825
9954
9870
9930
9921
9942
9856
9889
9950
9976
9925
9941
9940
9915
9938
9872
9893
9971
9893
9945
9875
9772
9940
9910
9978
9853
9958
9875
9944
9879
9951
9980
9890
9960
9882
9997
9754
9895
9842
9860
9928
9866
9952
9927
9955
9899
9785
9890
9906
9987
9895
9827
9999
9867
9948
9966
9947
9971
9934
9903
9917
9878
9968
9930
9821
9895
9845
9842
9777
9909
9967
9977
9841
9891
9914
9934
9902
9895
9893
9872
9846
9806
9905
9946
9775
9920
9986
9894
9920
9814
9903
9874
9909
9893
9881
9960
9889
9930
9881
9857
9879
9919
9909
10000
9976
9970
9969
9995
9864
9849
9893
9955
9882
9911
9906
9874
9895
9913
9943
9921
9968
9880
9865
9953
9934
9895
9856
9761
9819
9900
9937
9911
9958
9903
9917
9870
9954
9984
9919
9868
9880
9904
9835
9934
9811
9908
9936
9933
9941
9750
9914
9896
9964
9978
9947
9857
9893
9845
9922
9965
9846
9833
9739
9874
9788
9916
9850
9855
9888
9910
9873
9991
9932
9820
9890
9822
9934
9852
9883
9919
9974
9958
9892
9926
9907
9843
9963
9911
9983
9789
9934
9941
9870
9817
9871
9965
9978
9823
9959
9837
9965
9929
9920
9896
9894
9951
9798
9892
9880
9891
9864
9930
9835
9905
9924
9870
9920
9922
9905
9887
9935
9912
9946
9923
9834
9878
9910
9848
9961
9860
9831
9848
9936
9970
9877
9826
9880
9936
9971
9894
9860
9943
9910
9834
9935
9975
9966
9895
9821
9915
9957
9998
9931
9830
9900
9774
9871
9916
9891
9917
9909
9858
9839
9887
9963
9908
9933
9966
9926
9974
9899
9947
9921
9815
9881
9991
9956
9951
9839
9977
9979
9892
9829
9899
9909
9910
9916
9867
9874
9924
9906
9969
9937
9816
9926
9961
9858
9849
9825
9847
9922
9916
9975
9861
9880
9932
9862
9952
9958
9926
9965
9891
9934
9909
9951
10000
9845
9895
9965
9973
9967
9962
9818
9952
9950
9855
9904
9935
9971
9866
9775
9890
9921
9881
9899
9939
9734
9955
9961
9982
9965
9938
9881
9891
9904
9866
9894
9929
9786
9904
9898
9857
9759
9982
9914
10000
9985
9965
9788
9922
9973
9853
9931
9987
9982
9998
9842
9976
9885
9939
9668
9871
9786
9840
9832
9913
9968
9938
9949
9929
9935
9831
9910
9996
9863
9954
9763
9773
9930
9907
9983
9985
9947
9835
9928
9802
9978
9971
9903
9951
9951
9944
9942
9974
9858
9959
9923
9960
9819
9869
9933
9803
9909
9933
9839
9823
9798
9928
9967
9922
9990
9807
9923
9899
9839
9910
9847
9863
9910
9956
9970
9815
9806
9866
9964
9968
9839
9905
9919
9814
9777
9906
9933
9938
9966
9767
9779
9826
9945
9845
9991
9971
9912
9950
9840
9831
9924
9945
9967
9842
10000
9833
9766
9913
9848
9898
9902
9830
9910
9889
9931
9824
9935
9965
9954
9978
9809
9960
9878
9883
9980
9812
9963
9934
9801
9891
9886
9959
9940
9972
9981
9861
9989
9993
9941
9838
9924
9786
9944
9848
9896
9946
9934
9930
9874
9851
9882
9915
9943
9818
9866
9924
9921
9920
9980
9930
9954
9924
9829
9957
9935
9897
9907
9831
9948
9957
9811
9941
9882
9901
9885
9813
9889
9873
9905
9885
9900
9934
9890
9937
9955
9824
9919
9935
9911
9923
9902
9807
9820
9842
9872
9966
9956
9918
9759
9854
9888
9940
9892
9950
9936
9925
9928
9939
9888
9939
9898
9874
9930
10000
9812
9927
9921
9873
9905
9914
9782
9867
9925
9935
9895
9911
9890
9896
9984
9918
9870
9929
9979
9953
9842
9887
9671
9910
9830
9978
9919
9911
9838
9949
9884
9907
9881
9870
9879
9907
9977
9965
9972
9958
9866
9961
9932
9877
9946
9850
9867
9933
9903
9948
9877
9952
9848
9889
9913
9903
9876
9962
9954
9992
9917
9907
9906
9777
9857
9879
9897
9936
9957
9864
9972
9909
9934
9861
9920
9826
9967
9933
9757
9907
9892
9886
9907
9956
9940
9847
9916
9931
9879
9962
9894
9774
9913
9888
9939
9871
9977
9941
9903
9909
9827
9861
9953
9944
9967
9950
9971
9945
9983
9847
9884
9911
9883
9963
9955
9908
9927
9930
9693
9949
9810
9831
9855
9815
9949
9901
9894
9955
9984
9945
9879
9950
9913
9908
9942
9912
9970
9941
9903
9875
9971
