10000
9886
9930
9876
9953
9922
9864
9806
9839
9884
9882
9983
9970
9952
9895
9961
9896
9947
9855
9876
9991
9815
9947
9946
9911
9748
9933
9923
9842
9989
9967
9931
9936
9838
9975
9998
9831
9963
9853
9878
9797
9868
9889
9915
9896
9962
9879
9895
9892
9974
9925
9871
9857
9946
9954
9943
9770
9997
9952
9941
9927
9876
9879
9969
9890
9901
9825
9913
9938
9978
9899
9945
9956
9952
9888
9883
9878
9950
9947
9940
9939
9931
9978
9808
9933
9887
9885
9950
9846
9921
9905
9907
9970
9929
9943
9823
9986
9966
9794
9949
9908
9949
9919
9840
9934
9842
9916
9892
9980
9855
9936
9880
9869
9921
9904
9888
9977
9971
9900
9886
9915
9889
9947
9873
9918
9832
9882
9950
9925
9962
9941
9929
9941
9884
9929
9914
9897
9977
9929
9898
9916
9892
9987
9914
9958
9980
9937
9848
9954
9847
9898
9971
9927
9982
9968
9872
9890
9909
9941
9823
9952
9950
9893
9903
9895
9955
9912
9900
9834
9872
9846
9891
9936
9868
9789
9984
9824
9947
9923
9839
9893
9903
9967
9934
9883
9974
9917
9910
9908
9875
9914
9899
9934
9932
9832
9915
9945
9888
9925
9852
9919
9963
9974
9862
9942
9816
9898
9770
9921
9862
9955
9908
9935
9949
9954
9902
9969
9951
9958
9951
9939
9932
9940
9911
9917
9769
9981
9971
9787
9882
9991
9917
9886
9790
9864
9946
9869
9906
9901
9894
9928
9911
9919
9875
9903
9965
9975
9987
9797
9902
9901
9899
9979
9954
9957
9958
9933
9934
9971
9845
9864
9861
9819
9889
9844
9960
9862
9910
9943
9897
9882
9917
9909
9855
9877
9938
9935
9991
9995
9875
9867
9923
9829
9827
9957
9933
9782
9888
9954
9920
9824
9922
9889
9986
9909
9853
9864
9883
9866
9763
9857
9782
9931
9774
9882
9909
9942
9875
9980
9828
9899
9919
9949
9959
9868
9910
9888
9995
9890
9880
9865
9888
9856
9827
9797
9860
9930
9892
9823
9847
9880
9916
9955
9892
9973
9958
9841
9933
9881
9934
9835
9936
9937
9941
9940
9959
9900
9952
9893
9804
9939
9882
9990
9743
9903
9945
9858
9882
9960
9965
9958
9809
9932
9762
9943
9826
9912
9945
9964
9935
9856
9878
9991
10000
9947
9904
9887
9970
9905
9970
9877
9922
10000
9825
9875
9928
9889
9932
9963
9893
9869
9957
9902
9920
9940
9996
9905
9872
9841
9934
9902
9899
9922
9896
9907
9755
9979
9865
9909
9936
9869
9917
9922
9883
9821
9877
9878
9848
9880
9894
9909
9874
9916
9924
9922
9817
9916
9936
9952
9923
9906
9948
9880
9873
9771
9946
9869
9882
9925
9916
9943
9934
9968
9794
9931
9967
9857
9939
9848
9927
9890
9990
9974
9775
9846
9948
9997
9883
9875
9930
9914
9914
9887
9920
9898
9969
9965
9926
9877
9920
9921
9981
9860
9746
9761
9891
9891
9929
9938
9807
9948
9872
9958
9836
9939
9932
9891
9882
9970
9891
9838
9888
9926
9849
9946
9937
9870
9880
9919
9886
9940
9899
9915
9874
9838
9953
9918
9890
9836
9923
9811
9874
9941
9892
9887
9908
9931
9859
9816
9906
9882
9783
9990
9987
9891
9907
9946
9955
9877
9946
9897
9960
9859
9910
9928
9994
9926
9929
9853
9940
9919
9872
9741
9820
9724
9920
9900
9879
9897
9846
9899
9924
9938
9847
9910
9873
9914
9779
9922
9899
9868
9952
9939
9965
9953
9902
9872
9660
9930
9900
9728
9938
9917
9754
9900
9946
9830
9875
9965
9904
9927
9860
9839
9942
9978
9902
9895
9923
9889
9840
9931
9918
9895
9857
9901
9863
9928
9859
9972
9903
9876
9917
9904
9911
9977
9947
9939
9900
9962
9896
9910
9871
9886
9826
9918
9915
9845
9769
9949
9928
9856
9917
9932
9833
9837
9920
9854
9867
9804
9940
9787
9902
9978
9911
9964
9932
9909
9869
9863
9958
9874
9940
9814
9851
9927
9929
9822
9964
9941
9869
9931
9883
9773
9926
9932
9911
9930
9950
9966
9921
9933
9966
9874
9928
9957
9950
9877
9949
9882
9948
9978
9910
9808
9841
9911
9944
9920
9871
9861
9908
9929
9926
9916
9967
9955
9861
9834
9901
9905
9884
9927
9984
9849
9998
9864
9955
9961
9969
9968
9918
9910
9877
9954
9835
9921
9790
9959
9936
9938
9978
9944
9982
9867
9830
9978
9972
9938
9773
9913
9858
9932
9888
9980
9928
9888
9963
9952
9938
9907
9926
9892
9959
9913
9865
9913
9973
9795
9912
9845
9914
9938
9971
9888
9954
9930
9895
9878
9958
9901
9866
9964
9964
9912
9784
9916
9901
9968
9976
9921
9944
9867
9929
9910
9821
9739
9897
9760
9935
9934
10000
9976
9932
9933
9856
9918
9887
9771
9950
9827
9794
9870
9937
9856
9917
9984
9986
9837
9831
9929
9882
9941
9912
9841
9850
9902
9869
9799
9956
9906
9932
9827
9939
9872
9722
9844
9942
9969
9981
9908
9947
9845
9907
9790
9933
9726
9916
9979
9820
9913
9955
9905
9975
9803
9943
9965
9970
9957
9844
9899
9922
9802
9853
9852
9910
9984
9945
9922
9955
9963
9985
9923
9889
9812
9850
9880
9856
9861
9919
9921
9858
9829
9960
9910
9833
9944
9894
9804
9916
9953
9944
9823
9921
9943
9949
9892
9945
9941
9803
9817
9943
9985
9996
9992
9772
9786
9920
9856
9936
9860
9921
9855
9884
9933
9714
9937
9918
9962
9838
9874
9710
9813
9917
9902
9872
9900
9904
9888
9916
9796
9912
9938
9942
9934
9915
9930
9826
9969
9974
9930
9867
9926
9925
9878
9932
9920
9864
9878
9925
9971
9821
9886
9870
9911
9919
9974
9861
9944
9827
9841
9986
9726
9919
9932
9924
9999
9883
9919
9934
9764
9919
9887
9917
9921
9911
9952
9846
9951
9835
9966
9946
9999
9945
9915
9873
9947
9951
9889
9892
9899
9903
9907
9906
9841
9906
9948
9765
9832
9905
9979
9974
9982
9975
9992
9920
9890
9888
9971
9812
9894
9902
9933
9963
9940
9928
9846
9825
9861
9842
9745
9825
9966
9888
9979
9953
9815
9912
9947
9767
9870
9920
