9885
9950
9996
10000
9960
9976
9999
9911
9999
9954
9903
9985
9901
9948
9920
9997
9998
9925
9997
9999
9950
9997
9934
9922
9983
9889
9831
10000
9952
9904
9998
9994
9985
9943
9833
9995
10000
9975
9989
9989
9971
9985
10000
9952
9936
9887
10000
9896
9906
10000
9935
9954
9962
9996
9915
9910
9984
9999
9996
9896
9878
9863
9949
9983
9986
9988
9941
9932
9965
10000
9983
9949
9999
9980
9920
9877
9941
9954
9903
9950
9923
9929
9957
9945
9978
9892
9999
9757
9938
9858
9971
9940
9975
9967
9943
9986
9995
9849
9924
9969
9890
9959
9975
10000
9958
9789
10000
9916
9999
9957
9982
9971
9924
9995
9984
9999
10000
9992
10000
9981
9923
9954
9998
9945
9942
9989
9971
9815
9994
9939
9984
10000
9980
9992
9873
9907
9904
9947
9998
9895
9923
9903
9990
9964
9804
9829
9804
9841
9992
9840
9907
9960
9977
9959
9997
9999
9916
9974
9894
10000
9963
9999
9984
9842
10000
9882
9936
9867
9939
9955
9959
9990
9897
9982
9999
9952
10000
9975
9957
9986
9998
9961
9839
9927
9954
10000
9862
9911
10000
9937
9976
9999
9987
9881
9923
9903
9974
9946
9876
9952
9928
10000
9997
9985
9833
9962
9914
9971
9996
9979
9958
9936
9913
9945
9965
9999
9915
9929
9997
9967
9908
9995
10000
9997
9995
9990
9996
9817
9893
9836
9996
9999
10000
9942
9989
9932
9940
9996
10000
9976
9964
9909
9992
9959
9867
9884
9969
9991
9987
9771
9997
9947
9933
9939
9991
9993
9974
9917
9983
9936
9992
9927
10000
9997
9855
9940
9995
9916
9784
9946
9819
9953
10000
9841
9971
9944
9992
9953
9876
9972
9965
9927
9810
9998
9946
9977
9831
9870
10000
9986
10000
9784
9952
9962
9908
9963
9909
9973
9933
9834
9954
9961
9854
9964
9999
9894
9927
9876
9963
9985
9818
9913
10000
9994
9929
9870
10000
9933
9997
9919
10000
9997
9999
9893
9997
9862
9996
9896
9833
9965
9872
9999
9997
9946
9999
9984
9956
9904
9931
9999
9820
9903
9905
9998
9999
9991
9804
9810
9929
9945
9983
9919
9942
9848
9941
9936
9928
9930
9853
9896
9989
9959
9935
9855
9977
9976
9990
9877
9998
9985
9943
9946
9998
9977
9893
9955
9923
9868
9875
10000
9932
10000
9980
9950
9946
9970
9917
9991
9931
9966
9903
9898
9894
9850
9935
9913
9880
9999
9935
9917
9891
9973
9942
9998
9957
9888
9780
10000
9994
9933
9884
9914
10000
9844
9983
9995
9999
9927
9905
9997
9962
9853
9938
9955
9990
9874
10000
9940
9999
9943
9986
9967
9918
9997
9899
9721
9833
9933
9959
9916
9998
9948
9908
9999
10000
9933
9881
10000
9885
9921
10000
9765
9996
9975
9936
9921
9973
9915
9933
9864
9983
9977
9931
9895
9941
10000
9957
9968
9917
9977
9959
9986
9999
9962
9797
9947
9920
9951
9998
9877
9951
9967
9992
9991
9968
9991
10000
9994
9962
9780
9975
9889
9833
9990
9983
9998
9861
9998
9868
9930
9832
9871
9998
9798
9993
9946
9998
9999
9840
9974
10000
9879
9875
9995
9994
9986
9898
9972
9996
9998
9925
9988
10000
9888
9940
9861
9908
9899
9964
9946
9854
9744
9998
9918
10000
9929
9857
9987
9985
9999
10000
9846
9972
9950
9970
9978
9998
9982
9906
10000
9986
9912
10000
9914
9975
9977
9928
9994
9943
9995
9950
9991
9819
9861
10000
9919
9971
9999
9947
9971
9881
9846
9970
9890
9866
9980
9942
9998
9992
9936
9690
9985
9843
9993
9896
9999
9949
9995
9999
9883
9971
9999
9912
9958
9959
9956
9994
9995
9931
9933
9804
9825
9957
9855
9944
10000
9957
9877
9987
9992
9790
9908
9887
9997
9956
9999
9983
9956
9994
10000
9904
9913
9964
9998
9913
9997
9852
9985
9994
9995
9917
9937
10000
9905
9994
9970
9787
9993
9996
9960
9889
9934
9935
9920
9998
9938
9954
9981
9853
9890
9933
9911
10000
10000
9855
9998
10000
9974
9907
9999
9967
9973
9925
9999
9905
9905
9993
9970
9749
10000
9950
9950
9959
9871
9987
9964
9931
9992
10000
9883
9832
9947
9879
9986
10000
9923
9932
9941
9780
9991
9987
9895
9833
9946
9997
9912
9850
9954
9974
9928
9889
9987
10000
9962
9885
9959
9998
9791
9976
9931
9818
9887
9998
10000
10000
9993
9839
9995
9856
9943
9964
9994
9917
10000
9999
10000
9978
9919
9988
9958
9982
9913
9968
9934
9918
9782
9929
9994
9865
9954
9985
10000
9988
9998
9941
9999
9987
9905
9956
9837
9997
9922
9905
9985
9870
9960
9914
9997
9891
9813
9977
9857
9993
9904
9960
9998
9893
9987
9996
9916
9943
10000
9941
10000
10000
9915
9904
9861
9963
9987
9995
9846
9919
9891
9975
9947
9966
9866
9970
9878
9971
9954
9921
9960
9891
9920
9981
9940
9997
9869
9971
9901
9895
9928
9937
9998
9995
9817
9846
9986
9946
9952
9959
9879
9986
9986
9955
9941
10000
10000
9902
9939
9882
9839
9959
10000
9946
9999
9999
9987
9995
9998
9929
9906
9928
10000
9941
9915
9995
9872
9850
9969
9970
9968
9908
9999
9800
9998
9859
9966
9896
9956
9995
9926
9902
9996
9997
9932
10000
9865
9955
10000
10000
9972
9988
9861
9998
10000
9999
9982
9888
9990
9979
9998
9976
9977
9999
9972
9902
9997
9986
9878
9814
9943
9834
10000
9973
9906
9820
10000
9999
9975
9987
9855
10000
9869
9922
9937
9930
9930
10000
9936
9953
9795
9940
9934
9993
9941
9991
9961
9980
9763
9894
9998
9892
9999
10000
9945
9967
10000
9910
9964
9945
9931
9968
9948
9956
9937
9998
9918
9859
9881
9996
9975
9937
9858
9943
9821
10000
9979
9990
9946
9923
9944
9938
9988
9985
9978
9999
9990
9997
9981
10000
9908
9978
9751
9851
9984
9995
9905
9878
9916
10000
9899
9981
9961
9900
9797
9998
9900
9841
10000
9979
9958
9850
9940
9947
9872
9999
9971
9935
9828
9974
9934
9968
9907
9949
10000
9994
9961
9853
9980
9966
9999
9909
9910
9953
9851
9959
9916
