9965
9935
9969
9893
9836
9799
9851
9823
9891
9865
9946
9815
9846
9916
9887
9942
9890
9938
9999
9826
9956
9911
9953
9827
9956
9985
9917
10000
9933
9932
9896
9935
9923
9915
9830
9901
9880
10000
9755
9963
9933
9897
9991
9951
9961
9953
9893
9895
9829
9948
9917
9870
9809
9831
9906
9955
9853
9872
9943
9933
9934
9911
9852
9903
9936
9831
9961
9852
9940
9822
9923
9952
9894
9933
9963
9790
10000
9907
9846
9953
9869
9841
9952
9905
9937
9908
9939
9859
9824
9922
9988
9753
9986
9976
9940
9859
9931
9936
9866
9898
9936
9894
9857
9937
9868
9994
9942
9907
9915
9956
9843
9947
9975
9906
9934
9712
9836
9937
9978
9869
9925
9857
9863
9939
9972
9905
9872
9895
9842
9903
9978
9897
9867
9960
9959
9905
9895
9949
9999
9992
9944
9779
9991
9897
9918
9833
9872
9994
9872
9894
9856
9980
9931
9864
9856
9878
9969
9911
9867
9915
9847
9891
9902
9997
9843
9930
9997
9890
9950
9994
9901
9877
9951
9861
9935
9795
9977
9988
9973
9921
9941
9816
9949
9849
9948
9928
9873
9926
9936
9865
9907
9920
10000
9969
9949
9963
9949
9800
9880
9977
9973
9875
9952
9951
9966
9977
9893
9880
9924
9851
9858
9938
9825
9921
9775
9843
9794
9920
9881
9982
9880
9965
9942
9892
9922
9897
9921
9981
9913
9910
9975
9847
9971
9942
9866
9860
9892
9986
9805
9728
9947
9994
9923
9956
9986
9912
9833
9872
9902
9856
9993
9888
9914
9918
9915
9884
9956
9963
9810
9959
9870
9887
9884
9996
9961
9745
9839
9907
9905
9859
9986
9889
9836
9768
9919
9948
9966
9821
9843
9901
9876
9920
9968
9908
9843
9894
9916
9901
9884
9981
9998
9990
9869
9983
9871
9910
9891
9969
9908
9916
9840
9825
9925
9891
9899
9887
9816
9953
9886
9802
9840
9738
9831
9947
9894
9864
9879
9877
9872
9821
9948
9847
9901
9857
9917
9989
9915
9865
9914
9839
9908
9939
9723
9847
9943
9943
9872
9944
9834
9900
9978
9901
9954
9918
9989
9818
9894
9903
9878
9959
9952
9981
9942
9934
9855
9994
9954
9886
9927
9905
9902
9976
9871
9944
9863
9904
9893
9914
9825
9934
9920
9876
9973
9914
9892
9883
9853
9929
9957
9964
9990
9918
9882
9917
9983
9999
9877
9890
9840
9879
9941
9974
9941
9728
9897
9969
9996
9963
9878
9943
9900
9874
9939
9913
9852
9973
9882
9880
9901
9971
9806
9996
9936
9983
9917
9979
9944
9973
9887
9865
9849
9966
9927
9968
9975
9878
9931
9888
9921
9971
9931
9881
9911
9922
9781
9945
9906
9769
9857
9889
9949
9917
9932
9926
9914
9816
9886
9960
9837
9841
9942
9930
9970
9929
9931
9842
9921
9998
9808
9852
9867
9776
9920
9953
9972
9942
9875
9851
9921
9956
9894
9926
9852
9983
9974
9940
9887
9821
9886
9940
9873
9932
9906
9704
9916
9973
9879
9939
9999
9792
9940
9922
9809
9963
9941
9906
9972
9935
9834
9937
9859
9943
9947
9917
9864
9893
9940
9918
9891
9976
9988
9948
9943
9978
9971
9772
9911
9818
9816
9933
9893
9963
9943
9912
9889
9949
9852
9913
9935
9827
9876
9967
9938
9947
9959
9958
9975
9788
9873
9925
9914
9897
9877
9887
9920
9894
9928
9942
9786
9958
9893
10000
9888
9959
9943
9921
9887
9823
9855
9959
9914
9935
9946
9841
9911
9860
10000
9957
9925
9937
9920
9902
9899
9882
9812
9997
9875
9928
9983
9864
9942
9907
9849
9887
9958
9992
9919
9986
9915
9831
9917
9983
9973
9947
9748
9940
9957
9983
9868
9900
9805
9959
9834
9881
9920
9895
9926
9884
9910
9954
9937
9900
9874
9945
9854
9731
9862
9921
9863
9730
9878
9869
9983
9927
9859
9907
9852
9915
9855
9888
9881
9910
9929
9888
9993
9888
9902
9965
9919
9879
9964
9981
9958
9951
9848
9862
9937
9601
9790
9999
9971
9919
9873
9919
9961
9992
9902
9837
9813
9787
9823
9956
9940
9894
9849
9961
9904
9968
9970
9915
9955
9959
9857
9907
9943
9927
9994
9903
9873
9879
9886
9925
9897
9841
9995
9910
9938
9997
9836
9991
9864
9908
9999
9881
9787
9819
9991
9858
9879
9940
9884
9889
9926
9670
9928
10000
9993
9906
9990
9982
9849
9805
9865
9963
9879
9962
9875
9949
9985
9957
9800
9868
9972
9868
9889
9935
9879
9997
9831
9852
9981
9960
9942
9962
9951
9881
9889
9988
9952
9914
9801
9936
9942
9932
9889
9910
9912
9918
9863
9918
9899
9997
9883
9740
9864
9926
9853
9857
9889
9896
9928
9935
9982
9838
9950
9936
9836
9856
9964
9891
9977
9996
9843
9878
9869
9897
9990
9884
9812
9850
9916
9962
9911
9987
9949
9893
9898
9858
9941
9814
9908
9966
9984
9893
9935
9955
9969
9825
9884
9849
9904
9935
9928
9841
9783
9789
9901
9868
9949
9869
9906
9974
9939
9959
9838
9916
9879
9935
9883
9890
9932
9939
9914
9853
9928
9920
9862
9904
9890
9971
9952
9936
9888
9988
9952
9939
9975
9891
9926
9970
9949
9927
9958
9854
9977
9880
9933
9943
9958
9979
9922
9954
9911
9818
9842
9872
9980
9948
9826
9889
9898
9918
9841
9791
9882
9892
9953
9881
9957
9891
9882
9882
9909
9985
9880
9932
9842
9842
9889
9932
9918
9932
9940
9923
9960
9913
9780
9979
9914
9892
9881
9878
9921
9895
9918
9874
9950
9948
9948
9974
9920
9996
9864
9793
9907
9942
9854
9947
9827
9796
9941
9953
9914
9910
9980
9977
9899
9916
9939
9868
9963
9874
9843
9966
9959
9923
9993
9854
9853
9816
9910
9887
9905
9953
9963
9916
10000
9902
9812
9942
9955
9856
9891
9991
9975
9959
9867
9890
9975
9944
9866
9837
9859
9942
9866
9974
9933
9806
9953
9849
9893
9924
9882
9891
9924
9941
9942
9880
9975
9958
9881
9998
9896
9906
9953
9882
9996
9914
9860
9877
9877
9818
9995
9836
9770
9798
9931
9871
9962
9806
9929
9857
9793
9955
9868
9906
9888
9926
9906
9874
