9886
9905
9886
9966
9839
9887
9861
9943
9842
9946
9974
9936
9867
9952
9901
9971
9877
9962
9874
9887
9912
9860
9939
9965
9839
9951
9801
9961
9901
9848
9823
9941
9920
9939
9965
9920
9994
9979
9928
9956
9887
9855
9969
9941
9912
9906
9933
9924
9803
9881
9866
9907
9822
9938
9963
9943
9908
9928
9918
9898
9825
9835
9851
9713
9861
9987
9892
9905
9961
9841
9837
9950
9952
9872
9907
9938
9966
9957
9837
9949
9783
9939
9882
9732
9985
9879
9931
9946
9930
9854
9918
9974
9887
9857
9944
9891
9883
9984
9846
9979
9939
9906
9837
9975
9963
9879
9917
9988
9921
9945
9911
9898
9946
9945
9967
9983
9961
9840
9836
9860
9908
9922
9990
9861
9948
9844
9879
9980
9889
9857
9916
9963
9896
9883
9874
9990
9912
9847
9919
9950
9943
9903
9975
9938
9896
9891
9846
9944
9916
9873
9923
9873
9919
9861
9930
9954
9912
9884
9914
9959
9831
9932
9930
9944
9922
9898
9887
9929
9840
9907
9834
9900
9688
9779
9958
9821
9867
9982
9940
9881
9951
9942
9897
9959
9881
9962
9811
9958
9880
9865
9803
9769
9935
9997
9950
9920
9906
9950
9872
9993
9967
9924
9979
9889
9936
9867
9936
9922
9833
9950
9939
9929
9862
9931
9901
9896
9992
9942
9711
9924
9939
9834
9922
9878
9886
9863
9900
9877
9921
9881
9959
9949
9912
9968
9941
9888
9932
9954
9880
9999
9887
9837
9830
9947
9898
9925
9996
9939
9908
9927
9903
9955
9868
9899
9891
9751
9964
9989
9898
9804
9902
9964
9847
9924
9930
9875
9984
9942
9992
9966
9908
9918
9944
9862
9909
9946
9812
9996
9957
9937
9867
9783
9948
9985
9942
9850
9894
9843
9906
9806
9903
9967
9879
9944
9970
9858
9851
9886
9937
9997
9927
9913
9937
9914
9824
9941
9911
9726
9902
9796
9862
9838
9971
9966
9899
9751
10000
9896
9780
9885
9922
9828
9845
9959
9905
9899
9865
9954
9937
9956
9947
9880
9947
9795
9910
9950
9863
9908
9916
9979
9946
9881
9917
9849
9912
9938
9953
9869
9942
9993
9947
9979
9992
9748
9893
9974
9942
9843
9908
9955
9910
9938
9976
9783
9808
9951
9909
9831
9955
9945
9923
9916
9968
9901
9936
9987
9928
9889
9950
9985
9885
9931
9931
9996
9923
9942
9913
9958
9875
9711
9874
9980
9944
9915
9872
9927
9885
9940
9966
9917
9892
9945
9899
9915
9934
9780
9861
9895
9936
9917
9910
9956
9805
9935
9867
9898
9943
9899
9914
9972
9823
9862
10000
9878
9878
9933
9899
9957
9793
9750
9894
9829
9950
9886
9921
9888
9872
9917
9833
9836
9817
9904
9930
9826
9885
9964
9951
9851
9915
9936
9936
9883
9886
9839
9889
9804
9975
9897
9929
9888
9990
9895
9887
9963
9876
9823
9915
9875
9953
9870
9747
9963
9929
9831
9931
9913
9831
9869
9962
9818
9887
9951
9964
9893
9936
9966
9939
9936
9936
9945
9808
9952
9915
9836
9848
9846
9848
9895
9890
9825
9909
9769
9866
9928
9909
9962
9900
9949
9977
9919
9941
9939
9839
10000
9983
9786
9845
9957
9919
9958
9878
9797
9872
9871
9976
9847
9956
9823
9832
9754
9839
9904
9889
9907
9894
9932
9917
9847
9919
9879
9945
9814
9916
9869
9915
9952
9914
9843
9909
9966
9959
9890
9899
9964
9995
9920
9811
9852
9901
9804
9826
9992
9840
9901
9706
9854
9862
9913
9948
9954
9883
9852
9892
9822
9876
9869
9983
9903
9927
9949
9892
9821
9919
9966
9664
9936
9862
9877
9795
9923
9934
9938
9882
9840
9951
9902
9856
9920
9922
9871
9933
9914
9887
9932
9888
9971
9951
9880
9914
9938
9930
9980
9971
9973
9978
9925
9905
9953
9959
9975
9949
9881
9967
9822
9629
9897
9885
9879
9925
9897
9970
9871
9947
9815
9915
9939
9822
9974
9948
9918
9788
9932
9946
9936
9846
9934
9972
9931
9921
9884
9925
9952
9911
9945
9924
9980
9938
9871
9901
9948
9863
9812
9851
9887
9909
9845
9926
9942
9944
9910
9913
9947
9858
9837
9902
9949
9817
9931
9910
9828
9758
9929
9925
9983
9837
9925
9967
9894
9939
9908
9825
9855
9933
9996
9862
9801
9945
9882
9930
9886
9837
9884
9894
9893
9900
9948
9819
9911
9979
9769
9934
9863
9879
9889
9915
9895
9888
9889
9929
9931
9817
9960
9751
9863
9897
9959
9842
9972
9931
9871
9994
9874
9882
9793
9932
9980
9892
9897
9891
9873
9839
9908
9892
9916
9932
10000
9916
9891
9981
9926
9941
9915
9948
9879
9867
9942
9947
9873
9891
9812
9912
9939
9889
9802
9962
9906
9923
9720
9853
9893
9944
9947
9880
9821
9948
9947
9865
9836
9911
9852
9941
9802
9944
9977
9878
9974
9943
9865
9950
9848
9933
9864
9974
9949
9925
9866
9920
9776
9854
9931
9896
9931
9969
9913
9919
9897
9936
9927
9843
9772
9877
9982
9877
9930
9926
9923
9889
9972
9829
9854
9947
9931
9949
9701
9927
9987
9855
9893
9868
9962
9969
9961
9961
9930
9761
9864
9832
9965
9982
9908
9841
9880
9873
9868
9864
9951
9940
9906
9890
9909
9882
9942
9945
9936
9950
9850
9965
9947
9897
9868
9950
9917
9870
9771
9897
9918
9944
9876
9911
9838
9805
9934
9868
9914
9900
9917
9979
9770
9902
9894
9806
9970
9920
9874
9898
9925
9898
9879
9961
9954
9781
9968
9936
9866
9950
9873
9796
9956
9913
9954
9819
9858
9879
9959
9966
9924
9928
9948
9888
9845
9942
9869
9898
9880
9947
9922
9869
9930
9934
9904
9964
9936
9857
9988
9965
9905
9835
9807
9798
9821
9893
9890
9918
9958
9944
9855
9966
9956
9920
9878
9866
9881
9931
9777
9902
9961
9896
9993
9892
9977
9808
9931
9751
9841
9857
9909
9947
9920
9962
9841
9838
9929
9993
9926
9890
9921
9934
9912
9820
9851
9936
9870
9851
9893
9911
9867
9949
9950
9819
9913
9998
9942
9938
9905
9829
9966
9923
9890
9987
9878
9903
9871
9845
9839
9991
9952
9941
9951
9838
9896
