9933
9950
9924
9772
9833
9944
9919
9828
9948
9984
9922
10000
9857
9917
9992
9935
9807
9927
9992
9918
9893
9883
9997
9992
9917
9840
9862
9995
9893
9850
9821
9926
9908
9953
9898
9829
9981
9997
9947
9885
9881
9848
9881
9954
9811
9821
9912
9964
9959
9904
9921
9921
9948
9968
9898
9932
9977
9971
9911
9883
9785
9980
9926
9952
9955
9899
9845
9908
9909
9968
9913
9952
9977
9909
9988
9785
9989
9871
9970
9951
9986
9933
9862
9964
9861
9917
9740
9998
9912
9926
9986
9843
9947
9895
9913
9909
9911
9926
9736
9913
9953
9983
9874
9913
9999
9974
9975
9940
9879
9894
9903
9999
9895
9939
9963
9913
9837
9940
9924
9826
9963
9893
9891
9964
9843
9893
9978
9837
9892
9947
9992
9997
9875
9975
9895
9940
9985
9924
9908
9841
9915
9916
9935
9922
9841
9900
9890
9992
9958
9921
9942
9886
9931
9948
9949
9737
9993
9970
9842
9999
9975
9750
9966
9992
9836
9875
9904
9825
9911
9892
9881
9840
9992
9933
9796
9980
9880
9903
9938
9959
9922
9925
9878
9853
9876
9957
9873
9899
9920
9843
9952
9969
9944
9903
9889
9863
9957
9961
9836
9919
9952
9980
9908
9879
9997
9881
9833
9917
9920
9976
9866
9803
10000
9970
9910
9935
9963
9891
9957
9951
9895
9860
9858
9995
9943
9877
9964
9891
9954
9855
9827
9998
9666
9775
9866
9876
9892
9861
9957
9959
9858
9927
9931
9957
9934
9966
9955
9861
9950
9796
9964
9956
9969
9959
9961
9923
9911
9878
9912
9993
9894
9978
9907
9832
9831
9946
9894
9972
9835
9827
9986
9931
9894
9861
9925
9794
9901
9902
9916
9882
9968
9747
9952
9908
9937
9988
9908
9986
9946
9996
9961
9807
9977
9952
9991
9946
9932
9972
9951
9950
9944
9838
9981
9930
9964
9826
9838
9919
9978
9980
9856
9961
9946
9877
9952
9894
9922
9938
9983
9980
9866
9878
9952
9906
9956
9970
9846
9896
9981
9950
9870
9931
9979
9870
9953
9882
9890
9938
9972
9999
9921
9962
9871
9980
9901
9992
9854
9904
9862
9857
9825
9925
9871
9961
9950
9994
9931
9928
9991
9934
9909
9936
9919
9863
9920
9947
9784
9709
9905
9897
9862
9995
9945
9888
9751
9910
9941
9882
9976
9898
9953
9884
9853
9850
9907
9884
9984
9842
9958
9974
9913
9812
9965
9896
9872
9849
9951
9909
9899
9941
9820
9760
9948
9938
9911
9884
9941
9943
9952
9928
9938
9987
9921
9924
9758
9912
9915
9864
9899
9878
9923
9967
9885
9897
9806
9925
9933
9946
9916
9960
9994
9999
9919
9874
9922
9875
9864
9933
9874
9945
9996
9755
9902
9941
9950
9994
9943
9956
9954
9947
9878
9722
9991
9713
9894
9946
9948
9811
9821
9934
9981
9875
9885
9835
9917
9960
9995
9977
9939
9953
9970
9837
9986
9985
9800
9979
9960
9874
9785
9884
9973
9912
9997
9990
9817
9808
9952
9957
9977
9989
9728
9854
9986
9933
9926
9966
9911
9898
9879
9864
9936
9753
9824
9940
9923
9864
9943
9958
9955
9960
9979
9884
10000
9920
9862
9947
9999
9904
9996
9942
9962
9904
9958
9938
9999
9915
9796
9900
9903
9934
9927
9868
9871
9936
9901
9919
9998
9921
9901
9736
9998
9977
9891
9930
9947
9956
9861
9923
9906
9927
9886
9940
9772
9828
9982
9810
9909
9989
9964
9898
9940
9814
9942
9985
9984
9972
9929
9911
9952
9880
9995
9923
9913
9942
9926
9811
9981
9977
9914
9937
9930
9952
9970
9936
9948
9998
9781
9904
9806
9852
9784
9972
9943
9957
9952
9856
9839
9832
9962
9972
9960
9978
9896
9874
9830
9861
9825
9925
9999
9952
9820
9901
10000
9825
9998
9927
9868
9933
9827
9973
9991
9883
9999
9859
9918
9747
9966
9947
9686
9940
9943
9919
9948
9993
9916
9897
9974
9941
9867
9925
9925
9859
9909
9844
9938
9761
9846
9883
9980
9923
9949
9849
9957
9966
9875
9998
9960
9891
9896
9912
9898
9661
9876
9876
9998
9928
9938
9965
9809
9856
9932
9976
9971
9982
9860
9993
9895
9944
9977
9852
9825
9969
9903
9916
9978
9943
9982
9883
9985
9856
9858
9976
9928
9950
9890
9917
9944
9906
9877
9916
9919
9797
9899
9979
9992
9897
9916
9932
9879
9874
9948
9869
9921
9935
9969
10000
9993
9956
9861
9830
9878
9941
9903
9892
9904
9876
9785
9990
9844
9885
9941
9960
9877
9955
9834
9967
9905
9915
9852
9900
9961
9958
9977
9963
9912
9972
9965
9865
9831
9909
9990
9936
9994
9856
9950
9876
9936
9662
9895
10000
9928
9910
9845
10000
9868
9845
9984
9964
9980
9917
9966
9866
9941
9979
9897
9881
9943
9972
9935
9978
9954
9912
9718
9959
9765
9898
9925
9871
9943
9855
9925
9910
9908
9894
9836
9967
9934
9990
9896
9970
9915
9938
9846
9930
9857
9897
9942
9914
9913
9910
9966
9913
9961
9957
9939
9863
9775
9871
9993
9973
9824
9933
9979
9877
9929
9965
9846
9998
9774
9987
9938
9958
10000
9949
9915
9849
9851
9835
9827
9853
9862
9935
9855
9986
9845
9970
9927
9999
9861
9943
9979
9883
9971
9910
9828
10000
9935
9970
9850
9950
9911
9978
9970
9813
9930
9938
9929
9914
9936
9915
9984
9881
9841
10000
9910
9995
9869
9833
9856
9964
9913
9948
9986
9924
9880
9942
9920
9987
9974
9928
9846
9872
9982
9877
9989
9942
9827
9924
9924
9921
9881
9940
9867
9965
9925
9999
9989
9977
9997
9853
9928
9931
9953
9778
9900
9993
9961
9982
9955
9931
9817
9938
9915
9949
9938
9877
9990
9908
9941
9890
9883
9985
9935
9891
9999
9965
9926
9999
9952
9947
9907
9977
9979
9941
9983
9995
9946
9967
9697
9952
9868
9877
9936
9937
9880
9932
9991
9882
9975
9888
9928
9847
9821
9906
9998
9955
9950
9963
9901
9970
9937
9942
9859
9907
9954
9817
9802
9971
9971
9898
9907
9926
9937
9974
9995
9880
9833
9742
9999
9863
9873
9952
9828
9977
9826
10000
9884
9842
9937
9921
