9888
9935
9966
9949
9984
9999
9848
9934
9978
9933
9947
9945
9780
9908
9877
9998
9989
9846
9931
9880
9899
9838
9983
9943
9917
9934
9955
9885
9866
9952
9920
9949
9988
9941
9941
9967
9938
9972
9945
9997
9938
9987
9921
9941
9906
9968
9970
9704
9925
9936
9842
9922
9979
9943
9927
9937
9918
9993
9771
9877
9949
9976
9919
9998
9968
10000
9993
9978
9946
9969
10000
9995
9961
9989
9982
9899
9978
9723
9978
9883
9923
9993
9901
9946
9976
9931
9929
9901
9899
9923
9895
9886
9962
9983
9999
9933
9848
9916
9959
9954
9898
9849
9999
9996
9883
9936
9942
9797
9906
9922
9907
9963
9997
9895
9823
9925
9932
9941
9954
9957
9948
9938
9915
9989
9939
9915
9980
9980
9751
9947
9966
9902
9886
9914
9936
9850
9932
9956
9897
9900
9986
9895
9859
9947
9875
9993
9961
9881
9925
9942
9911
9999
9988
9943
9862
9981
9794
9832
9933
9909
10000
9929
9885
9847
9910
9918
9996
9935
9967
9979
10000
9987
9999
9940
9971
9794
9906
9999
9970
9996
9887
9971
9990
9933
9956
9946
9865
9920
9869
9875
9941
9984
9915
9878
9896
9998
9886
9991
9948
9908
9858
9995
9908
9940
9912
9928
9890
9868
9819
9885
9986
9801
9959
9889
9950
9908
9998
9812
9851
9997
9915
9910
9910
9947
9987
9914
9998
9948
9939
9907
9984
9974
9816
9861
9852
10000
9963
9951
9946
9969
9998
9839
9832
9973
9964
9795
9994
9913
9879
9891
9757
9940
9990
9903
9916
9871
9874
9856
9913
9936
9841
9924
9848
9863
9942
9937
9892
9971
9955
9982
9948
9998
9921
9974
9976
9990
9862
9986
9852
9951
9999
9935
9813
9961
9998
9930
9921
9972
9934
9933
9951
9961
9933
9949
9999
9940
9995
9991
9994
9990
9990
9999
9891
9914
9909
9954
9873
9860
9999
9903
9923
9917
9897
9828
9960
9852
9985
9880
9989
9974
9940
9952
9965
9927
9954
9944
9985
9984
9963
9995
9962
9915
9938
9943
9844
9970
9930
9831
9888
9998
9847
9999
9894
9974
9924
9959
9932
9972
9892
9801
9970
9936
9980
9970
9798
9946
9999
9972
9955
9994
9990
9891
9996
9949
9952
9681
9870
9961
9950
9987
9917
9984
9908
9944
9992
9985
9930
9942
9904
9965
9938
9991
9966
9968
9997
9985
9986
9839
9925
9948
9951
9812
9991
9860
9845
9999
9911
9927
9931
9858
9861
9978
9917
9982
9803
9921
9927
9994
9926
9981
9957
9987
9909
9978
9919
9944
9935
9981
9872
9918
9997
9819
9901
9928
9864
9978
9969
9842
9936
9898
9943
9941
9965
9992
9974
9982
9952
9809
9936
9925
9933
9931
9940
9836
9975
9925
9946
9846
9970
9915
9873
9944
9987
9996
9909
9956
9887
9842
9941
9917
9961
9940
9851
9996
9917
9954
9937
9847
9960
9979
10000
9877
9890
9875
9932
9860
9977
9960
9996
9972
9991
9995
9978
9992
9877
9806
9963
9929
9853
9981
9946
9890
9941
9767
9930
9988
9903
9853
9968
9832
9865
9919
9930
9936
9963
9829
9951
9968
9925
9861
9975
9944
9863
9885
9972
9962
9899
9933
9982
9964
9986
9893
9939
9967
10000
9807
9976
9945
9945
9897
9888
9950
9836
9910
9842
9994
9856
9864
9958
9923
9945
9897
9969
9997
9987
9881
9981
9815
9977
9909
9999
9957
9800
9910
9964
9997
9918
9923
9946
9931
9964
9981
9993
9948
9921
9916
9893
9922
9969
9892
9998
9899
9932
10000
9920
9900
9992
9931
9917
9900
9871
9955
9990
9954
9869
9840
9958
9823
9870
9924
9903
9993
9969
9907
9889
9751
9987
9958
9924
9898
9903
9910
9940
9968
9822
9919
9962
9904
9838
9921
9930
9832
9978
10000
9938
9964
9911
9917
9989
9993
9852
9918
9891
9970
9998
9980
9918
9913
9806
9980
9927
9824
9956
9930
9834
9851
9989
9939
9958
9848
9914
9988
9954
9867
9983
9985
9978
9900
9902
9969
9976
10000
9987
9909
9915
9896
9873
9934
9962
9943
9935
9986
9913
9995
9927
9901
9911
9963
9873
9932
9866
9886
9780
9979
9916
9806
9997
9915
9954
9992
9922
9983
9939
9963
9989
9987
9781
9984
9942
9969
9959
9930
9964
9816
9931
9926
9998
9894
9975
9996
9987
9921
9984
9996
9941
9876
9959
9999
9986
9959
9875
9995
9948
9983
9970
9962
9873
9952
9937
9959
9939
9976
9957
9958
9893
9983
9839
9999
9870
9995
9960
9950
9985
9944
9822
9919
10000
9965
9991
9998
10000
9999
9858
9955
9944
9986
9885
9923
9945
9905
9984
9907
9985
9999
9928
9995
9954
9961
9997
9816
9846
9991
9890
9939
9944
9987
9954
9919
9831
9889
9971
9955
9951
9791
9970
9925
9926
9975
9946
9977
9967
9745
9971
9959
9849
9989
9915
10000
9899
9854
9970
9928
9909
9918
9809
9956
9822
9972
9908
9956
9973
9996
9958
9853
9905
9977
9956
9879
9940
9936
9806
9866
9914
9951
9870
9931
9985
9866
9958
9970
9982
9947
9943
9972
9902
9932
9996
9948
9992
9898
9939
9999
9775
9945
9869
9999
9992
9961
9918
9985
9909
9885
9970
9949
9992
9953
9996
9935
9973
9929
9896
9866
9953
9920
9917
9940
9939
9912
9936
9992
9968
9928
9974
9850
9992
9861
9937
9916
9947
9928
9995
9967
9953
9897
9800
9986
9978
9948
9848
9927
9839
9967
9940
9914
9850
9881
9939
9964
9919
9997
9995
9928
9883
9999
9846
9925
9783
9883
9912
9979
9873
9964
9870
10000
9844
9834
9993
9950
9991
9966
9905
9922
9997
9898
9813
9986
9943
10000
9962
9948
9973
9904
9946
9912
9882
9851
9892
9932
9951
9984
9862
9920
9995
9920
9985
9952
9978
9991
9911
9908
9987
9843
9958
9934
9927
9950
9817
9989
9862
9983
9951
9877
9967
9965
10000
9952
9923
9890
9991
9920
9855
9979
9960
9980
9976
9871
9995
9979
9855
9940
9968
9960
9983
9992
9978
9953
9923
9952
9899
9912
9890
9999
9932
9859
9925
9946
9950
9853
9966
9957
9963
9983
9936
9934
9908
9886
9868
9968
9927
9978
