9903
9896
9962
9834
9857
9947
9973
9909
9914
9933
9900
9942
9885
9903
9905
9982
9892
9894
9927
9773
9978
10000
9908
9891
9786
10000
9875
9944
9989
9897
9954
9969
9995
9955
9940
9963
9941
9961
9965
9980
9961
9902
9950
9856
9845
9966
9899
9965
9963
9895
9995
9883
9971
9900
9945
9922
9960
9995
9950
9938
9950
9948
9889
9998
9920
9908
9930
9946
9924
9927
9922
10000
9895
9940
9876
9898
9950
9890
9922
9943
9916
9778
9894
9950
9879
9781
9963
9901
9973
9877
9893
9688
9939
9866
9975
9959
9919
10000
9850
9891
10000
9973
9938
9860
9781
9984
9943
9939
9940
9945
9923
9845
9987
9977
9963
9940
9977
9957
9914
9853
9936
9893
9998
9990
9918
9995
9875
9974
9908
9965
9938
9995
9966
9968
9913
9923
9953
9999
9907
9924
9897
9923
9881
9927
9880
9863
9975
9831
9946
9960
9874
9942
9952
9912
9861
9967
9954
9904
9926
9816
9924
9854
9951
9940
9818
9922
9877
9939
9904
9885
9920
9921
9939
9825
9915
9862
9940
9889
9966
9896
9967
9935
9963
9936
9966
9808
9951
9935
9829
9952
9977
9904
9897
9824
9999
9802
9986
9898
9945
9985
9866
9882
9954
9988
9826
9715
9958
9968
9894
9879
9881
9961
9896
9886
9938
9920
9948
9906
9871
9902
9790
9852
9878
9927
9883
9969
9906
9996
9968
9873
9917
9987
9986
9974
9880
9996
9945
9936
9978
9872
9883
9949
9915
9936
9751
9952
9961
9985
9908
9707
9939
9928
9900
9845
9889
9929
9972
9933
10000
9843
9924
9819
9807
9818
9918
9872
9994
9918
9951
9924
9937
9879
9869
9915
9906
9888
9919
9949
9962
9860
9775
9963
9815
9838
9945
9953
9812
9843
9936
9875
9994
9852
9971
9956
9767
9874
9892
9943
9858
9919
9997
9948
9890
9912
9994
9980
9944
10000
9917
9944
9975
9921
9883
9901
9885
9757
9981
9887
9951
9951
9863
9990
9929
9991
9846
9742
9930
9999
9804
9952
9979
9978
9851
9883
9861
9922
9918
9897
9940
9900
9964
9933
9959
9886
9951
9844
9881
9850
9911
9936
9973
9989
9881
9917
9682
9904
9808
9906
9779
9888
9872
9956
9979
9868
9956
9925
9827
9810
9949
9845
9827
9946
9994
9683
10000
9807
9938
9984
9883
9894
9982
9973
9997
9897
10000
9714
9928
9941
9930
9984
9899
9933
9847
9909
9878
9838
9919
9872
9954
9909
9900
9945
9943
9936
9920
9924
9872
9839
9976
9912
9855
9954
9882
9932
9876
9818
9764
9706
9880
9758
9939
9965
9972
9981
9980
9992
9926
9929
9946
9953
9980
9894
9839
9876
9938
9912
9997
9941
9959
9798
9994
9934
9843
9918
9930
9987
9956
9932
9872
9896
9899
9979
9894
9875
9823
9953
9934
9991
9971
9918
9884
9980
9888
9763
9987
9954
9911
9898
9845
9768
9951
9905
9893
9804
9953
9912
9866
9900
9991
9947
9892
9882
9960
9999
9923
9880
9865
9941
9836
9958
9849
9944
9945
9956
9841
9949
9760
9875
9936
9934
9971
9853
9886
9943
9948
9820
9971
9932
9901
9826
9990
9956
9877
9819
9897
9984
9866
9914
9846
9942
9893
9827
9856
9988
9925
9916
9825
9980
9941
9993
9861
9917
9893
9995
9937
9788
9871
9908
9992
9887
9894
9878
9952
9978
9916
9756
9825
9980
9933
9953
9796
9941
9881
9935
9996
9983
9947
9930
9906
9977
9879
9946
9941
9830
9948
9917
9880
9902
9777
9918
9849
9983
9939
9965
9872
9933
9962
9977
9951
9886
9769
9927
9914
9776
9986
9852
9998
9939
10000
9929
9965
9942
9978
9773
9818
9903
9986
9856
9986
9915
9930
9942
9779
9922
9907
9921
9950
9948
9853
9896
9961
9972
9813
9907
9939
9876
9964
9980
9890
9918
9959
9876
9988
10000
9916
9847
9948
9914
9839
9969
9952
9884
9938
9833
9966
9956
9880
9915
9934
9957
9910
9953
9906
9916
9967
9965
9931
9911
9876
9821
9941
9982
9939
9901
9966
9912
9901
9931
9911
9864
9942
9853
9999
9955
9942
9885
9850
9991
9951
9913
9884
9925
9923
9828
9905
9931
9909
9973
9995
9919
9994
9811
9979
9995
9908
9863
9993
9946
9868
9953
9920
9917
9862
9774
9924
9954
9943
9917
9836
9994
9789
9916
9946
9932
9901
9988
9942
9989
9915
9928
9905
9930
9822
9987
10000
9859
9918
9918
9993
9982
9962
9875
9968
9941
9826
9883
9839
9832
9881
9931
9932
9970
9877
9956
9883
9896
9850
9923
9989
9962
9853
9974
9795
9981
9933
9923
9911
9980
9974
9950
9884
9957
9756
9940
9979
9981
9853
9915
9884
9925
9760
9781
9809
9927
9869
9949
9822
9885
9884
9946
9921
9806
9907
9862
9894
9935
9850
9888
9840
9920
9910
9839
9692
9838
9904
9925
9940
9950
9764
9939
9921
9964
9911
9879
9861
9917
9967
9945
9897
9922
9982
9931
9822
9796
9856
9896
9906
9925
9929
9862
9918
9877
9844
9997
9739
9940
9866
9929
9886
9884
9862
9932
9950
9898
9865
9888
9948
9884
9983
9949
9876
9991
9831
9952
9877
9920
9890
9902
9867
9946
9649
9899
9917
9933
9960
9817
9953
9861
9914
9949
9926
9969
9997
9837
9992
9828
9973
9873
9861
9881
9815
9923
9927
9872
9802
9899
9884
9979
9996
9947
9934
9911
9936
9805
9922
9899
9923
9931
9859
9907
9874
9770
9958
9914
9946
9964
9896
9925
9895
9972
9978
9928
9851
9892
9938
9993
9878
9998
9872
9880
9962
9945
9917
9941
9926
9986
9941
9863
9830
9954
9968
9937
9838
9907
9911
9814
9821
9973
9960
9921
9876
9931
9902
9966
9860
9875
9810
9958
9862
10000
9822
9930
9929
9988
9940
9982
9969
9936
9984
9924
9894
9973
9900
9910
9957
9897
9943
9767
9960
9966
9800
9852
9993
9899
9908
9809
9846
9937
9860
9921
9970
9942
9833
9938
9919
9875
9829
9996
9976
9891
9979
9890
9812
9793
9941
9883
9960
9935
9938
9839
9989
9967
9957
9952
9967
9783
9903
9969
9853
9964
9875
9957
9931
9977
9913
9968
9925
9976
9875
9971
