9971
9892
9886
9898
10000
9818
10000
9940
9961
9947
9920
9998
9760
10000
10000
10000
9880
10000
10000
10000
9945
10000
10000
10000
9978
9853
9904
9734
10000
10000
10000
10000
10000
9838
9758
10000
9886
10000
10000
10000
9847
9933
9847
9941
9889
10000
10000
9948
9956
9925
9906
10000
9931
10000
10000
9926
9838
9917
10000
9951
10000
10000
9885
9834
9911
10000
10000
9926
9743
10000
9878
9892
10000
10000
10000
10000
10000
9881
10000
10000
9911
10000
10000
9882
9963
10000
9943
10000
10000
9904
10000
9958
9950
9949
10000
9929
9802
9871
9956
9908
9846
9895
9763
9859
9896
9937
10000
9903
9840
9923
10000
10000
9999
9746
10000
10000
10000
9941
10000
9895
10000
9876
10000
10000
9891
9737
9839
9936
9970
9947
9916
10000
9836
9912
10000
9882
9820
9914
9873
9791
10000
10000
10000
9869
9874
9998
10000
10000
10000
9952
10000
9912
10000
9906
9986
9905
10000
9835
10000
9953
10000
10000
10000
9922
9950
9832
9872
9976
10000
9938
9816
9940
9809
9811
10000
10000
9913
10000
9987
10000
9955
9690
9844
10000
9843
10000
10000
10000
10000
9894
10000
10000
9909
9955
9954
9923
9902
9915
9859
10000
10000
9922
9837
9925
10000
10000
10000
10000
9911
10000
9872
9915
10000
10000
9831
9823
10000
9937
9821
9707
9978
9975
9970
9892
9976
9922
10000
10000
10000
10000
10000
9988
9869
9986
9816
9952
9925
10000
9942
9897
10000
10000
10000
9987
9831
9842
9924
9827
10000
10000
9938
10000
10000
10000
9961
10000
9891
9875
9933
9887
9844
10000
10000
9826
10000
9947
10000
9968
10000
9884
10000
9867
9937
9788
9843
9965
9942
9771
10000
9903
9861
10000
10000
9834
9819
9900
10000
10000
9931
9862
10000
9794
9927
10000
9938
10000
10000
9943
10000
10000
10000
9997
10000
9916
9996
9892
9905
10000
10000
9904
10000
9968
9960
9903
9792
10000
9872
10000
10000
9907
9914
9927
9913
9673
10000
10000
9910
9932
10000
9895
9845
10000
10000
9937
9980
9870
9884
9930
10000
10000
9874
10000
9975
9980
10000
9916
10000
9881
9942
10000
9992
9844
9991
9871
10000
9945
9937
10000
9763
9785
10000
9887
9868
9931
9917
10000
9896
9810
9925
9883
10000
10000
9907
9886
10000
9878
10000
9938
10000
10000
9855
9937
10000
10000
9726
9990
10000
9949
9797
9906
10000
9949
10000
10000
10000
9895
10000
10000
9970
10000
9974
9957
10000
9889
9935
9833
10000
9922
9963
9841
10000
9771
9694
9902
9901
10000
10000
10000
10000
9848
10000
9886
9908
10000
10000
10000
10000
9931
10000
9999
10000
10000
9942
9906
9890
9985
10000
10000
9854
9840
9925
10000
9880
10000
9933
9798
9794
9952
9927
10000
10000
9865
10000
9879
9879
9868
9962
9833
9945
9932
9878
9882
9867
9777
9926
10000
10000
9930
9939
10000
9851
10000
9901
10000
10000
10000
9771
9925
9756
9916
9896
9840
9749
9879
9725
10000
10000
10000
10000
9926
10000
10000
10000
9948
10000
9945
10000
9959
10000
9957
10000
9896
10000
10000
10000
10000
9912
9847
9875
9987
9942
10000
10000
10000
10000
9852
10000
9922
10000
9901
9913
9846
9911
9878
9896
9964
9973
9962
9878
10000
10000
9954
10000
9998
10000
9903
10000
9939
9896
10000
9866
10000
9838
10000
9862
9927
10000
10000
9806
9855
9892
10000
10000
10000
9922
10000
10000
10000
9867
9851
10000
9857
9884
10000
10000
9861
9942
10000
9908
10000
10000
10000
10000
10000
9927
9844
9906
10000
10000
10000
9942
9832
10000
10000
10000
9916
9888
9892
9918
10000
9961
10000
9756
9882
9907
9837
10000
9794
9998
9821
9889
9931
10000
10000
9777
9865
9902
9935
10000
9956
9880
9860
10000
9828
9968
9895
9942
10000
10000
9965
9938
10000
9916
10000
10000
10000
10000
9921
10000
9855
10000
10000
10000
9884
9905
10000
10000
10000
9956
9879
10000
9805
9898
10000
10000
9825
9932
9930
10000
9905
10000
10000
10000
10000
10000
9939
9788
10000
10000
9746
9788
10000
9912
10000
9894
10000
9881
10000
10000
9749
9960
9900
9925
9781
10000
10000
10000
9966
10000
9942
9858
9966
10000
10000
9906
10000
9902
9870
9806
10000
9946
10000
9953
10000
9966
10000
9920
10000
9831
10000
9917
9932
9943
10000
9828
9942
10000
9699
9981
9932
9899
10000
9931
10000
10000
10000
9960
10000
10000
10000
10000
10000
9883
9862
9911
10000
10000
9894
9873
9958
9977
10000
9943
9932
9975
10000
10000
9891
10000
10000
9838
9991
9823
9957
10000
9857
9974
10000
10000
9988
10000
9860
9996
10000
9934
9975
10000
10000
10000
9857
10000
10000
9923
9910
10000
10000
10000
9873
9893
10000
10000
9893
10000
9875
10000
9935
10000
9946
9934
9915
9772
10000
9883
10000
10000
10000
10000
10000
10000
9899
9944
10000
10000
9919
9835
10000
9890
10000
10000
9921
10000
10000
9780
10000
10000
9999
10000
10000
9849
9922
9985
10000
9917
10000
9726
10000
9956
10000
9990
9945
9873
9847
9874
10000
10000
10000
10000
9877
10000
10000
9966
9849
9899
10000
9852
9835
10000
9910
9844
9875
9950
9892
9804
9932
10000
9874
9835
9986
10000
10000
9960
9863
9906
9866
10000
9914
10000
10000
9943
9956
9964
9912
10000
10000
9892
9855
9870
10000
10000
9985
9936
9941
10000
9886
10000
10000
9952
10000
9969
10000
9932
10000
9852
9945
10000
9838
9897
9882
10000
9903
9888
10000
9912
9894
10000
10000
10000
10000
9955
10000
9801
10000
10000
9936
10000
9913
9802
10000
9773
10000
10000
10000
9961
9817
9890
10000
10000
9835
9918
9937
10000
10000
9929
9831
9979
9784
9893
9940
10000
9947
10000
10000
10000
10000
9783
9928
9911
9831
10000
9912
9911
9953
9877
9905
9860
10000
9897
9878
9883
9952
9831
9840
10000
10000
9946
9890
10000
10000
10000
9863
9902
9964
10000
9843
9861
9943
9966
10000
10000
9971
10000
9956
9871
10000
10000
9932
10000
10000
10000
10000
9885
9938
9999
10000
10000
10000
10000
10000
9869
9862
9883
10000
10000
9870
10000
9838
10000
10000
9939
9943
