9930
9957
9839
9904
9901
9846
9951
9947
9956
9808
9910
9853
9750
9956
9878
9840
9885
9939
9925
9966
9888
9942
9847
9888
9934
9956
9762
9919
9759
9933
9886
9938
9808
9859
9955
9978
9957
9988
9907
9954
9892
9853
9828
9964
9918
9865
9890
9883
9780
9892
9843
9904
9852
9959
9866
9982
9857
9966
9765
9939
9973
9999
9875
9996
9733
9741
9796
9957
9828
9925
9879
9927
9820
9783
9973
10000
9926
9914
9829
9930
9897
9993
9872
9842
9954
9994
9858
9962
9901
9873
9906
9989
9902
9873
9930
9864
9876
9965
9819
9918
9879
9939
9851
9903
9902
9986
9766
9891
9926
9944
9901
9941
9834
9856
9939
9990
9913
9914
9962
9987
9967
9955
9795
9887
9940
9928
9861
9939
9964
9917
9778
9794
9902
9961
9943
9872
9832
9927
9888
9951
9933
9863
9996
9860
9708
9877
9891
9865
9953
9877
9922
9940
9947
9836
9847
9897
9981
9852
9914
9904
9965
9933
9824
9972
9843
9927
9861
9867
9977
9970
9883
9826
9902
9917
9942
9933
9939
9920
9911
9733
9973
9895
9935
9882
9964
9935
9942
9917
9913
9837
9876
9930
9864
9874
9896
9928
9922
9905
9884
9852
9854
9907
9981
9968
9999
9991
9924
9869
9900
9940
9749
9850
9932
9924
9978
9928
9886
9970
9796
9865
9944
9869
9880
9958
9885
9956
9919
9919
9974
9947
9876
9972
9874
9941
9883
9950
9882
9971
9963
9934
9960
9980
9881
9913
9945
9954
9965
9761
9798
9952
9931
9979
9900
9886
9952
9902
9897
9924
9950
9920
9733
9920
9953
9940
9913
9827
9953
9801
9871
9963
9967
9952
9945
9854
9952
9891
9769
9934
9851
9930
9963
9958
9893
9997
9903
9885
9911
9775
9900
9968
9926
9940
9956
10000
9930
9968
9884
9912
9826
9823
9838
9922
9935
9953
9874
9914
9892
9914
9807
9917
9932
9787
9931
9944
9942
9967
9916
9973
9751
9929
9943
9865
9860
9839
9948
9948
9912
9899
9873
9903
9951
9932
9900
9988
9923
9950
9892
9917
9893
9972
9906
9977
9902
9885
9783
9790
9978
9966
9826
9924
9949
9955
9781
9963
9949
9877
9912
9906
9927
9882
9771
9889
9863
9911
9904
9913
9897
9865
9922
9869
9922
9648
9877
9741
9817
9911
9910
9813
9862
9995
9856
9892
9793
9924
9975
9914
9852
9837
9904
9885
9962
9977
9998
9988
9858
9974
9817
9962
9915
9863
9919
9907
9891
9856
9955
9885
9844
9992
9997
9862
9913
9939
9853
9982
9939
9749
9881
9948
9964
9805
9999
9981
9961
9951
9976
9934
9827
9873
9975
9928
9872
9957
9982
9856
9964
9988
9951
9949
9984
9943
9920
9929
9778
9886
9903
9826
9918
9887
9994
9849
9915
9859
9958
9895
9939
9963
9966
9983
9962
9927
9930
9994
9881
9845
9943
9904
9813
9872
9946
9931
9779
9913
9942
9939
9880
9833
9839
9875
9903
9801
9945
9886
9945
9964
9993
9927
9852
9896
9886
9941
9904
9858
9928
9955
9952
9861
9926
9937
9950
9930
9930
9918
9834
9939
9853
9973
9891
9883
9928
9893
9938
9914
9957
9959
9974
9965
9948
9905
9973
9876
9817
9867
9997
9878
9927
9826
9829
9990
9954
9774
9948
9820
9907
9881
9939
9809
9912
9927
9931
9809
9958
9914
9999
9979
9874
9868
9693
9939
9916
9925
9943
9935
9869
9943
9967
9907
9898
9916
9849
9971
9994
9891
9970
9944
9878
9862
9915
9960
9845
9918
9945
9827
9903
9816
9829
9923
9888
9930
9801
9902
9819
9958
9881
9808
9986
9899
9719
9837
9832
9892
9855
9872
9904
9871
9883
9881
9940
9922
9791
9963
9923
9874
9949
9927
9936
9813
9948
9906
9907
9923
9916
9914
9872
9876
9794
9896
9925
9943
9837
9924
9885
9891
9925
9940
9936
9866
9947
9928
9908
9859
9933
9893
9943
9901
9825
9920
9898
9886
9874
9970
9921
9919
9903
9896
9933
9833
9844
9943
9979
9935
9892
9833
9953
9823
9885
9960
9938
9929
9934
9755
9919
9912
9953
9928
9927
9898
9953
9875
9967
9867
9915
9866
10000
9963
9907
9941
9965
9955
9939
9894
9865
9870
9994
9838
9899
9963
9867
9891
9949
9817
9803
9886
9966
9930
9942
9897
9860
9868
9917
9932
9831
9886
9956
9970
9861
9939
10000
9786
9898
9900
9849
9868
9804
9929
9856
9903
9910
9903
9992
9946
9787
9840
9833
9900
9964
9900
9949
9887
9865
9964
9901
9895
9956
9969
9940
9862
9799
9928
9854
9827
9955
9979
9949
9859
9794
9917
9990
9862
9921
9940
9824
9942
9940
9922
9897
9866
9874
9924
9835
9867
9995
9764
9963
9864
9952
9878
9952
9903
9856
9837
9885
9858
9977
9850
9999
9794
9898
9979
9869
9925
9903
9999
9939
9994
9925
9964
9868
9908
9936
9858
9854
9869
9918
9879
10000
9762
9823
9928
9908
9909
9827
9881
9930
9914
9868
9966
9807
9793
9922
9896
9863
9991
9917
9960
9996
9904
9845
9877
9898
9866
9929
9922
9960
9855
9866
9935
9901
10000
9925
9709
9952
9915
9972
9927
9921
9869
9863
9928
9848
9845
10000
9953
9974
9854
9925
9930
9804
9872
9832
9815
9869
9844
9934
9852
9904
9893
9836
9888
9888
9941
9926
9953
9808
9939
9881
9962
9772
9891
9937
9975
9987
9967
9890
9993
9985
9970
9927
9930
9895
9931
9910
9822
9933
9952
9901
9927
9964
9929
9926
9916
9865
9887
9903
9817
9989
9971
9900
9944
9923
9921
9937
9898
9958
9959
9891
9907
9810
9882
9917
9921
9875
9916
9934
9904
9867
9932
9831
9942
9881
9966
9979
9944
9823
9911
9913
9922
9930
9804
9898
9929
9988
9970
9948
9934
9934
9905
9749
9934
9938
9997
9816
9950
9904
9927
9877
9998
9853
9911
9941
9950
9909
9949
9843
9876
9749
9838
9904
9964
9974
9960
9835
9896
9882
9992
9984
9890
9917
9812
9945
9962
9923
9811
9925
9918
9948
9989
9958
9796
9916
9956
9826
9956
9824
9890
9970
10000
9908
9877
9999
9972
9866
9768
9902
9878
9910
9873
9901
9878
9910
9877
