9945
9934
9951
9860
9907
9991
9882
9921
9800
9767
9914
9977
9860
9919
9865
9858
9920
9970
9921
9963
9910
9774
9863
9846
9898
9816
9796
9936
9886
9885
9958
9880
9917
9977
9993
9947
9967
9948
9921
9864
9951
9899
9930
9851
9948
9883
9968
9749
9980
9982
9883
9958
9826
9894
9910
9839
9920
9914
9966
9943
9907
9874
9944
9839
9942
9976
9877
9961
9869
9852
9941
9922
9908
9907
9950
9997
9879
9858
9928
9989
9954
9789
9972
9902
9971
9885
9957
9942
9985
9969
9948
9906
9803
9977
9988
9968
9850
9940
9956
9921
9857
9885
9843
9958
9944
9972
9962
9931
9946
9940
9770
9973
9879
9864
9785
9954
9878
9801
9970
9911
9942
9953
9794
9919
9808
9949
9907
9829
9942
9975
9966
9947
9988
9945
9938
9990
9978
9776
9936
9812
9866
9891
9976
9877
9916
9959
9897
9777
9937
9956
9983
9892
9899
9901
9924
9937
9969
9862
9986
9899
9868
9954
9929
9823
9896
9927
9858
9879
9882
9919
9771
9958
9939
9968
9993
9943
9910
9834
9965
9939
9945
9886
9826
9931
9837
9861
9941
9957
9948
9950
9937
9925
9962
9974
9875
9928
9926
9962
9933
9885
9998
9918
9891
9930
9754
9829
9901
9896
9971
9884
9984
9921
9904
9805
9942
9940
9918
9884
9958
9913
9788
9884
9927
9850
9732
9957
9928
9883
9936
9782
9939
9903
9927
9939
9951
9935
9950
9918
9866
9910
9825
9888
9858
9789
9852
9990
9910
9890
9999
9976
9777
9825
9904
9989
9928
9910
9857
9875
9874
9998
9954
9930
9795
9923
9948
9903
9809
9856
9877
9845
9922
9843
9991
9847
9889
9816
9930
9978
9909
9917
9977
10000
9923
9919
9889
9932
9910
9895
9930
9812
9938
9901
9937
9976
9943
9940
9882
9945
9908
9921
9919
9901
9938
9958
9975
9801
9909
9732
9981
9937
9881
9991
9879
9941
9884
9954
9921
9842
9923
9873
9937
9848
9989
9951
9738
9949
9885
9932
9991
9868
9997
9979
9870
9878
9974
9943
9941
9846
9907
9957
9845
9900
9980
9905
9873
9934
9875
9865
9938
9923
9955
9748
9890
9908
9948
9969
9933
9833
9958
9930
9941
9862
9876
9952
9965
9905
9875
9885
9918
9916
9934
9876
9923
9958
9831
9806
9887
9941
9785
9950
9936
9893
9771
9926
9794
9861
9933
9918
9951
9937
9912
9965
9886
9969
9775
9901
9925
9984
9930
9922
9934
9891
9922
9969
9847
9891
9722
9941
9943
9972
9916
9938
9980
9858
9895
9963
9964
9867
9898
9945
9854
9846
9978
9856
9815
9827
9912
9845
9896
9907
9946
9945
9944
9966
9937
9906
9792
9942
9927
9931
9969
9897
9917
9852
9940
9887
9968
9940
9883
9853
9903
9946
9899
9997
9870
9890
9946
9838
9830
9979
9911
9895
9912
9873
9817
9865
9984
9942
9966
9944
9894
9974
9980
9973
9905
9945
9950
9880
9879
9912
9949
9917
9874
9940
9970
9942
9939
9922
9990
9877
9914
9689
9925
9920
9877
9920
9867
9736
9989
9885
9941
9931
9912
9892
9806
9974
9910
9911
9951
9930
9979
9922
9821
9815
9803
9951
9905
9898
9954
9945
9864
9878
9950
9856
10000
9845
9944
9795
9987
9850
9843
9945
9956
9925
9948
9859
9972
9958
9960
9880
9822
9885
9869
9863
9798
9836
9910
9985
9939
9958
9793
9907
9880
9956
9936
9820
9923
9879
9759
9922
9975
9813
9977
9968
9816
9800
9971
9874
9923
9873
9903
9926
9904
9956
9919
9795
9978
9970
9929
9886
9933
9952
9904
9948
9888
9928
9916
9983
9883
9886
9863
9857
9912
9883
9912
9840
9915
9885
9935
9868
9965
9837
9842
9931
9911
9904
9938
9962
9768
9894
9822
9962
9902
9930
9987
9940
9939
9952
9924
9890
9932
9897
9979
9913
9868
9966
9947
9919
9983
9990
9933
9839
9908
9952
9879
9910
9957
9861
9962
9879
9730
9881
9826
9886
9815
9709
9893
9894
9971
9954
9991
9888
9895
9770
9928
9805
9882
9930
9919
9871
9911
9933
9862
9924
9887
9963
9822
9894
9948
9789
9944
9998
9935
9927
9857
9902
9952
9910
9859
9926
9949
9905
9911
9897
9972
9936
9887
9952
9892
9877
9901
9905
9862
9883
9916
9953
9871
9889
9919
9867
9900
9935
9818
9917
9900
9881
9913
9961
9906
9931
9968
9931
9853
9912
9974
9927
9951
9915
9897
9939
9756
9901
9979
9909
9941
9946
9808
9869
9867
9835
9860
9912
9934
9986
9966
9848
9931
9972
9920
9935
9905
9862
9975
9876
9854
9909
9889
9951
9988
9983
9895
9941
9925
9910
9911
9904
9960
9939
9939
9868
9870
9912
9950
9869
9824
9899
9813
9911
9983
9798
9911
9798
9957
9849
9882
9798
9879
9998
9890
9957
9829
9807
9961
9969
9891
9846
9914
9855
9911
9913
9916
9947
9964
9877
9944
9900
9848
9910
9919
9940
9843
9790
9882
9950
9939
9979
9913
9963
9848
9814
9925
9941
9897
9981
9889
9950
9939
9899
9954
9931
9898
9835
9946
9857
9950
9888
9913
9985
9820
9956
9897
9861
9925
9934
9926
9917
9888
9882
9896
9892
9868
9910
9888
9884
9961
9839
9977
9958
9853
9928
9938
9915
9946
9946
9908
9962
9919
9806
9839
9983
9946
9923
9876
9910
9776
9893
9899
9873
9896
9921
9890
9880
9892
9837
9916
9912
9804
9935
10000
9868
9875
9920
9966
9954
9747
9887
9875
9867
9958
9882
9905
9960
9888
9960
9886
9908
9920
9886
9877
9958
9942
9935
9905
9967
9768
9902
9971
9827
9845
9927
9936
9679
9790
9902
9863
9981
9976
9792
9911
9875
9922
9823
9895
9942
9840
9793
9928
9940
9929
9840
9974
9946
9942
9965
9939
9942
9888
9887
9912
9932
9955
9905
9881
9842
9841
9882
9970
9918
9942
9951
9823
9951
9915
9902
9924
9895
9944
9884
9971
9889
9862
9901
9876
9911
9843
9997
9960
9902
9954
9939
9845
9882
9981
9999
9811
9800
9915
9906
9926
9989
9940
9954
9899
9965
9821
9947
9923
9853
9933
9962
9869
9937
9996
9938
9875
9952
9936
9966
9871
9869
