9929
9977
9976
9908
10000
9923
9860
10000
9948
9863
10000
9848
9943
9911
9890
9994
9954
9877
9985
10000
9880
9805
9972
9902
9926
10000
10000
9777
9900
9869
9983
10000
9838
9835
9999
9882
9984
9873
9861
9856
9915
9849
9913
9874
9769
10000
9841
9944
10000
9914
9940
9919
9908
10000
9891
9983
9956
9985
9984
10000
9878
10000
9902
9974
10000
9769
9905
9926
9892
9832
9893
9946
9718
9924
10000
9979
9872
9872
9907
9933
10000
9980
9830
9954
9882
9759
9932
9998
9952
9910
9920
9912
9885
9866
9949
9859
9999
9858
9876
10000
9755
9943
9939
9919
9958
9937
9908
10000
9998
9798
9920
9863
9847
9897
9993
10000
9786
10000
9941
9973
9998
9916
9929
9898
9903
9910
9918
9867
9857
10000
9911
9926
9902
9993
9940
9799
9996
10000
9949
9818
10000
9757
9965
9837
10000
9994
9857
9936
9955
9910
9949
9988
9905
9913
9844
9964
9886
9906
9974
9901
10000
9916
9857
9999
9837
9937
9919
9889
9886
10000
9938
10000
9924
9875
9946
9977
9885
9708
9777
9850
9988
9968
10000
10000
9940
9957
9930
9931
9856
9922
9921
9928
9906
9994
9932
10000
9912
10000
9947
10000
9859
9927
10000
9970
9867
10000
9847
9864
9825
9946
9784
9876
9825
9999
9969
9990
9942
9998
9878
9980
9994
9870
9979
9949
9926
9999
9897
9823
9795
9895
9992
9831
9913
10000
9941
9937
9929
10000
9899
9930
9928
9888
9992
9945
10000
9697
9904
9949
9941
9924
9873
9997
10000
9900
9999
9882
9929
9925
9930
9880
9911
9988
9915
9987
9920
9993
9894
9969
10000
9817
9859
9942
9884
9992
9810
9861
9997
9934
9924
9847
9995
9858
9991
9921
10000
9866
10000
9996
9906
9874
9887
9940
9932
9942
9972
9793
9870
9715
9816
9942
10000
9908
9976
9944
9866
10000
9986
10000
9968
9855
10000
10000
9947
9944
9835
9948
9936
9821
10000
9688
9942
9794
10000
9874
9935
9998
9794
9891
9905
9959
10000
9880
9907
9929
9810
9916
9886
9869
9938
9938
9908
9848
9891
9986
9952
9919
10000
9989
9939
10000
9980
9826
9785
9936
9926
9951
9961
9914
9842
10000
10000
9970
9886
9915
9991
9850
9889
9844
9966
9871
9943
10000
9889
9897
10000
9937
9957
9920
9958
9851
10000
9959
9995
9962
9998
9850
9998
10000
9878
9885
9880
9916
9918
9706
9853
9913
9903
9968
9940
9875
9789
9887
9999
9885
9867
9851
10000
9944
10000
9881
9934
9826
9996
9731
9924
9915
10000
9886
9947
9864
9937
9846
9814
9927
9931
9789
9826
9892
9886
9900
9930
10000
9988
9912
9977
9929
9978
9953
9839
9857
9953
9948
10000
10000
9892
10000
9935
9942
9915
9941
9997
10000
9967
9941
9879
9859
9751
9894
9957
9998
9930
10000
10000
9760
10000
9874
9876
9878
9950
10000
9935
9925
9962
9884
10000
9853
9901
9981
9973
9995
9965
10000
10000
9964
9864
9839
9832
9923
9993
9868
9833
10000
9909
9906
10000
9907
10000
9857
9822
10000
9906
9895
9791
10000
9843
9865
9856
9867
10000
9825
9890
9850
10000
9952
9904
9897
9860
10000
9927
9838
9868
9829
9899
10000
9739
9883
9888
9933
9981
9984
9941
9986
9874
9986
9928
9932
9976
9978
9965
9916
9941
9998
9861
9890
9999
9918
9921
10000
9792
9945
9994
9926
9942
9851
9997
10000
9980
10000
9857
9950
9862
9963
9980
9903
9820
9920
9945
9782
9906
9947
9973
9959
9933
9946
9972
9941
9950
9806
10000
9989
9841
9853
10000
10000
9929
9883
9912
9901
9913
9970
9946
9906
10000
9999
10000
9822
9994
9964
9801
9938
9856
9928
9993
9997
9987
9890
9879
9892
9954
9959
9893
9935
9960
10000
9864
9911
9891
10000
9962
9775
9835
9927
9979
9951
9897
9832
9914
9905
10000
9884
9812
9894
9999
9957
9988
9889
9959
9930
10000
9948
9969
9946
9950
9831
9932
9997
9920
10000
9920
9897
9965
9899
10000
9935
9860
10000
9869
9996
9948
9845
9949
10000
9999
9921
9988
10000
9910
9843
10000
9681
9907
9919
9882
9900
9959
9871
9980
9984
10000
9821
9836
10000
9918
9967
9914
9938
9953
9940
10000
9997
9789
9989
9979
9936
9928
10000
9921
9918
9890
10000
9986
9850
10000
9980
9900
9903
9852
9847
9939
9961
9922
9932
9750
9793
9944
9932
9938
10000
9853
9813
9992
9876
9773
9858
9991
9906
10000
9912
9985
9938
9902
9728
9999
9928
9912
9968
9911
9963
9996
9878
9975
9929
9921
9790
9870
10000
10000
9999
9957
9895
9747
9904
9886
9866
9959
9919
9847
9869
9999
9915
9849
9985
9911
10000
9928
9895
9985
10000
9945
10000
10000
9883
9896
9744
9759
9822
10000
9954
9887
10000
9882
9942
9824
9932
9961
9992
9894
9791
9988
9884
10000
9964
10000
9931
9898
9868
10000
9972
9831
9989
9902
9999
9951
9906
9890
9845
9955
9952
9758
10000
9998
9939
9982
9861
10000
9889
9910
10000
10000
9906
9961
9831
9843
9998
9847
9927
9923
9867
9876
9896
10000
10000
9866
9859
10000
9908
9966
9988
9820
9948
9986
9938
9999
9935
9892
9895
9971
9924
9969
9916
9905
9897
9859
9853
9999
9918
9935
9759
9922
9995
9792
9931
9995
9929
9967
9893
10000
9999
9933
9869
9946
9999
9876
9950
9936
9905
9965
9812
9811
9944
9941
9969
9891
9936
9860
9902
9874
9845
9920
9855
10000
9970
10000
9871
9783
9794
9968
10000
10000
9960
9876
9928
9937
9987
9997
9900
9934
10000
9999
9757
10000
9977
9936
9904
9928
9922
9952
9968
10000
9945
9897
10000
9891
9864
9813
9998
9957
9851
9845
9795
9990
10000
10000
9867
9848
9872
9966
9911
10000
9851
9892
9883
9866
9837
9996
9868
10000
10000
9924
9837
9900
9901
9888
10000
9788
9913
9977
9878
9863
9900
9862
10000
9910
9945
9879
9900
10000
9931
9891
9856
9882
9902
10000
9891
9941
9978
9963
10000
9896
9942
9892
10000
9916
9916
9921
9980
9897
9946
9855
9910
9940
9907
9998
9999
9946
9929
9996
9947
9884
9974
