9819
9798
10000
9880
9947
9892
9919
9872
9996
9874
9841
9997
9994
9959
9897
9882
10000
9921
10000
9938
9882
9945
10000
10000
9999
10000
9920
10000
10000
9955
10000
10000
10000
9762
10000
9998
10000
10000
9902
9980
9952
10000
9976
9953
9977
9762
9918
10000
9824
10000
9896
10000
9999
9958
9903
9936
9938
9934
9884
10000
9941
9917
10000
9819
9989
9958
10000
10000
10000
10000
9928
9855
10000
9998
10000
9912
9998
9975
10000
9924
9809
9921
10000
10000
9975
9942
9934
10000
9943
9976
9910
10000
10000
10000
9935
10000
10000
10000
10000
9920
9906
10000
9938
9868
10000
10000
10000
9996
9761
9932
10000
10000
10000
10000
9868
9904
10000
10000
10000
9998
10000
9901
9904
9998
10000
9915
9870
10000
10000
9935
10000
9915
10000
9904
9953
10000
10000
10000
9850
9983
9944
9970
9914
10000
9901
10000
9983
9983
9922
10000
10000
10000
9876
9803
9941
10000
9985
9836
10000
9855
9828
9903
9943
9991
9858
10000
10000
9831
9830
10000
9982
9896
9835
9998
10000
9997
9922
10000
9999
9784
10000
10000
10000
9997
10000
9865
9754
10000
9924
10000
10000
9920
9999
10000
9995
10000
9902
9999
9805
9877
9808
10000
9852
9791
9932
10000
9955
10000
9854
9956
9961
10000
9904
9915
9809
10000
9988
9927
10000
9995
9827
10000
10000
10000
9938
10000
9881
10000
9940
9797
9897
9833
9917
9880
9998
9998
9927
10000
10000
9974
9931
9867
10000
9924
9977
9999
10000
10000
9834
9918
9914
9952
9906
9986
10000
10000
10000
9930
9869
9848
9957
9994
9977
9826
9959
10000
9921
9998
9907
10000
9935
10000
10000
9890
10000
9707
9853
10000
9928
9889
10000
10000
9959
10000
9916
9824
9995
10000
10000
10000
9840
9984
10000
10000
9626
10000
9987
9726
9999
10000
9999
10000
9700
10000
10000
9957
9956
10000
10000
9928
9944
9873
9998
10000
10000
10000
10000
10000
10000
9900
9873
10000
9872
9917
10000
9898
10000
9987
10000
10000
9780
9810
10000
9976
10000
10000
9899
9898
9997
9955
9881
9914
9853
9995
9898
10000
10000
10000
9937
9978
9910
9996
10000
10000
9975
9917
10000
9999
9600
9835
9999
9932
9999
9953
10000
10000
10000
9924
9849
9854
9876
10000
10000
9978
9889
9858
10000
9863
10000
9946
10000
9875
10000
10000
9975
9996
10000
9860
9862
10000
10000
10000
9901
9974
9892
9999
9945
9906
9964
9914
10000
9849
9943
10000
10000
9855
9998
10000
9835
10000
9952
10000
10000
10000
9885
10000
9982
9915
10000
9910
9827
10000
10000
10000
9992
10000
10000
9918
9872
10000
9997
10000
10000
10000
9893
9731
10000
9936
9916
9877
9850
10000
10000
9912
10000
9845
10000
10000
9807
10000
10000
9975
10000
9801
10000
9849
10000
10000
10000
9890
9900
9855
10000
9971
9924
9913
9991
9967
9851
10000
10000
10000
10000
9857
10000
9907
9898
9828
9886
9732
9895
10000
9998
9913
10000
9932
10000
10000
9931
10000
9966
9909
9919
9843
10000
9864
10000
10000
10000
9939
9883
9879
9914
9982
9999
9908
10000
9871
10000
10000
10000
10000
9985
9864
10000
9885
9909
10000
9977
10000
9972
9837
9833
10000
9943
9784
9999
9797
9883
9694
9719
10000
10000
9930
10000
10000
9924
10000
10000
9956
9919
9909
9959
9773
9888
9991
9997
10000
9977
9939
9999
9997
9964
9926
9916
9769
10000
10000
9883
9837
9758
9927
9864
9974
9829
10000
10000
9820
9737
10000
10000
9953
9981
9870
10000
9906
10000
9937
9948
9808
9918
10000
9853
10000
9843
9999
10000
10000
10000
9958
10000
9824
9998
10000
10000
10000
9907
9996
9997
10000
10000
10000
9915
10000
9925
9767
10000
9888
9951
10000
9928
9815
9916
9962
9939
10000
10000
9813
10000
9879
10000
9994
10000
9922
9943
10000
9906
10000
9996
9871
9904
10000
9949
9967
10000
9988
9832
9996
9996
9998
10000
9830
9907
9993
10000
10000
10000
9925
10000
9857
10000
10000
10000
9961
9955
10000
9995
9865
10000
9995
9954
10000
9891
9999
10000
10000
9882
10000
9932
10000
9926
9846
10000
9969
10000
10000
9968
10000
9892
9930
9950
9866
9997
10000
9958
10000
10000
10000
9995
10000
10000
9972
9999
9915
10000
10000
10000
10000
9904
9787
9938
9951
10000
9904
9999
10000
9940
9923
10000
9882
9863
9989
9907
9839
9971
9888
9862
10000
10000
10000
10000
9831
10000
10000
9896
9999
10000
9974
10000
9920
9847
10000
10000
10000
9987
10000
9944
9929
9990
9835
10000
10000
10000
9940
9964
10000
9925
9845
9968
10000
9872
10000
9999
10000
10000
10000
10000
9953
9890
9939
10000
9930
10000
9941
9985
9974
9901
10000
9972
10000
9874
9896
9745
9900
9968
10000
9845
10000
9870
10000
9986
9972
9998
10000
10000
9999
9864
9981
9917
9848
10000
10000
10000
10000
10000
9840
10000
10000
10000
9835
9969
10000
9892
10000
10000
10000
10000
9945
9896
9941
10000
9934
10000
9882
9948
10000
9914
9827
9950
10000
9915
10000
10000
9966
9868
10000
9919
10000
9939
10000
9993
10000
9951
9998
9929
10000
10000
9856
10000
10000
9917
9985
10000
9906
10000
10000
10000
10000
9885
9943
9994
9851
9927
10000
10000
10000
10000
9961
10000
10000
9827
10000
10000
9865
9955
10000
10000
9892
10000
9976
9912
9923
9952
9910
9996
9917
9945
9960
9822
9788
10000
9991
10000
9832
10000
9702
10000
9846
9950
9990
10000
9987
10000
9869
9890
9981
9941
10000
9952
10000
9999
9966
9979
10000
9996
9995
9999
9984
10000
9999
10000
9929
9829
9966
9826
9786
9969
9953
9793
10000
10000
10000
10000
10000
10000
9867
10000
10000
10000
9859
9850
10000
10000
10000
10000
9802
10000
10000
10000
9895
9939
9955
10000
9880
9990
9930
9926
9930
10000
10000
9913
9825
10000
9781
9912
10000
9911
10000
10000
9988
9993
10000
9989
10000
10000
9649
9818
9984
9789
10000
10000
9982
9998
9890
9995
9732
9976
9954
10000
10000
10000
10000
10000
10000
10000
9894
10000
9849
9862
9899
9851
10000
10000
9933
10000
10000
9974
9956
9956
9923
