9843
9948
9998
9915
9969
9934
9911
9897
9917
9975
9811
9991
9853
9912
9900
9945
9964
9885
9920
9885
9948
9880
9838
9969
9869
9905
9931
9991
9943
9830
9872
9926
9942
9880
9865
9978
9964
9977
9863
9870
9951
9872
9918
9952
9981
9973
9916
9894
9956
9855
9935
9886
9860
9989
9919
9937
9900
9941
9866
9665
9914
9946
9925
9872
9937
9938
9911
9979
9828
9894
9834
9856
9885
9972
9921
9850
9914
9827
9877
9898
9872
9932
9823
9970
9875
9860
9872
9885
9891
9919
9822
9949
9947
9943
9918
9905
9941
9954
9933
9753
9881
9828
9967
9930
9927
9907
9945
9962
9905
9858
9945
9882
9941
9893
9956
9829
9798
9700
9896
9798
9983
9901
9981
9908
9947
9915
9895
9907
9933
9787
9934
9925
9877
9911
9865
9777
9922
9890
9958
9779
9972
9889
9864
9935
9848
9869
9891
9969
9825
9825
9948
9949
9898
9913
9885
9937
9781
9895
9910
9867
9729
9894
9905
9970
10000
9935
9895
9948
9847
9919
9938
9801
9908
9905
9782
9882
9980
9933
9958
9879
9933
9805
9883
9915
9937
9860
9916
9940
9949
9924
9963
9907
9804
9948
9930
9932
9852
9962
9838
9962
9924
9828
9939
9934
9901
9880
9906
9862
9821
9907
9950
9838
9954
9911
9906
9946
9975
9794
9907
9895
9899
9841
9846
9933
9922
9959
9955
9945
9906
9848
9837
9924
9959
9905
9873
9928
9915
9807
9943
9935
9895
9886
9927
9892
9923
9890
9671
9840
9864
9949
9978
9931
9859
9963
9953
9945
9845
9928
9907
9934
9902
9828
9974
9936
9906
9923
9936
9952
9779
9932
9972
9843
9959
9830
9970
9834
9998
9920
9755
9910
9951
9954
9953
9876
9970
9936
9928
9806
9891
9873
9948
9955
9897
9918
9955
9923
9999
9830
9978
9944
9876
9871
9812
9933
9827
9940
9938
9920
9957
9963
9875
9933
9936
9876
9965
9911
9812
9921
9945
9914
9865
9901
9930
9839
9903
9970
9923
9913
9942
9858
9859
9839
9894
9955
10000
9919
9870
9905
9928
9942
9910
9923
9876
9860
9933
9962
9907
9908
9793
9930
9990
9979
9946
9937
9862
9975
9908
9914
9904
9945
9942
9901
9852
9919
9949
9931
9818
9957
9831
9923
9918
9870
9899
9887
9876
9924
9931
9901
9899
9859
9824
9932
9899
9836
9964
9896
9875
9990
9882
9889
9923
9995
9916
9896
9949
9938
9847
9981
9888
9860
9826
9933
9949
9810
9765
9962
9963
9863
9978
9966
9928
9986
9880
9806
9931
9956
9965
9941
9868
9885
9882
9951
9884
9953
9931
9915
9973
9907
9999
9892
9994
9954
9897
9927
9889
9838
9969
9897
9936
9950
9859
9944
9920
9951
9858
9931
9915
9946
9893
9891
9895
9966
9963
9842
9907
9995
9972
9934
9870
9939
9947
9791
9945
9898
9861
9756
9915
9905
9852
9807
9972
9864
9923
9870
9815
9900
9876
9949
9815
9821
9925
9878
9962
9907
9965
9912
9867
9994
10000
9966
9866
9925
9897
9938
9918
9839
9875
9912
9907
9918
9842
9957
9873
9901
9907
9903
9829
9866
9928
9886
9929
9912
9891
9929
9865
9903
9818
9984
9968
9849
9894
9889
9953
9971
9831
9847
9894
9963
9872
9789
9872
9866
9926
9993
9968
9983
9869
9864
9951
9903
9889
9881
9964
9779
9879
9944
9858
9940
9775
9837
9937
9577
9882
9804
9878
9935
9983
9855
9780
9938
9901
9828
9877
9861
9877
9888
9872
9942
9960
9931
9870
9915
9992
9719
9946
9946
9695
9905
9772
9926
9844
9964
9980
9911
9852
9966
9893
9805
9833
9934
9936
9839
9919
9923
9995
9920
9994
9877
9879
9860
9814
9899
9900
9905
9872
9839
9863
9831
9966
9867
9913
9887
9981
9925
9931
9887
9989
9952
9938
9733
9971
9960
9896
9898
9927
9915
9915
9953
9929
9879
9930
9938
9967
9871
9869
9854
9897
9920
9897
9822
9843
9938
9943
9841
9924
9795
9767
9871
9937
9889
9935
9882
9920
9955
9881
9904
9866
9845
9967
9947
9791
9904
9866
9884
9928
9832
9950
9771
9908
9969
9704
9835
9924
9876
9937
9966
9882
9953
9968
9899
9935
9931
9953
9932
9760
9877
9986
9913
9883
9912
9797
9943
9915
9906
9926
9896
9909
9898
9912
9959
9985
9910
9962
9882
9941
9948
9943
9890
9846
9843
9899
9946
9906
9962
9893
9984
9894
9761
9925
9971
9970
9754
9861
9901
9944
9844
9903
9813
9971
9868
9940
9890
9915
9925
9936
9949
9717
9845
9890
9949
9857
9979
9966
9819
9929
9923
9904
9999
9893
9885
9912
9796
9969
9869
9869
9888
9898
9876
9819
9894
9951
9926
9919
9844
9955
9909
9740
9670
9982
9922
9924
9912
9928
9932
9842
9891
9918
9889
9904
9989
9984
9967
9866
9933
9917
9839
9947
9951
9987
9945
9965
9834
9775
9815
9848
9972
9931
9859
9956
9964
9903
9788
9942
9919
9976
9959
9968
9828
9944
9919
9912
9890
9905
9891
9966
9895
9800
9998
9860
9854
9915
9903
9922
9838
9839
9936
9996
9947
9906
9961
9881
9880
9900
9946
9859
9975
9927
9875
9923
9954
9966
9901
9964
9868
9945
9840
9860
9982
9844
9869
9753
9926
9827
9940
9886
9928
9759
9932
9935
9973
9923
9887
9893
9959
9809
9937
9975
9814
9852
9844
9938
9901
9963
9857
9936
9943
9939
9945
9927
9945
9966
9934
9888
9862
9886
9912
9916
9884
9943
9923
9870
9737
9982
9882
9940
9920
9934
9879
9960
9908
9915
9836
9825
9983
9866
9749
9914
9964
9908
9862
9882
9862
9653
9922
9940
9881
9999
9991
9974
9953
9935
9928
9891
9911
9849
9825
9947
9872
9983
9901
9857
9949
9935
9943
9773
9947
9918
9995
9910
9908
9927
9978
9869
9933
9713
9791
9960
9795
9917
9970
9897
9843
9983
9948
9769
9937
9913
9814
9911
9945
9928
9934
9924
9932
9841
9969
9956
9892
9878
9909
9968
9966
9899
9861
9893
9792
9896
9929
9848
9965
9900
9896
9875
9838
9929
9940
9911
9911
9940
9734
9881
9901
9958
9962
9949
9925
9841
9928
9856
9919
