9930
9961
9926
9895
9785
9891
9981
9947
9850
9817
9928
9823
9937
9763
9940
9908
9829
9872
9961
9911
9908
9966
9924
9903
9959
9858
9961
9967
9869
9856
9905
9795
9856
9921
9941
9939
9932
9855
9713
9818
9953
9940
9923
9926
9871
9961
9812
9978
9876
9783
9930
9960
9958
9915
9867
9890
9893
9810
9865
9878
9956
9940
9880
9941
9748
9894
9972
9972
9899
9884
9932
9897
9954
9860
9862
9886
9938
9849
9890
9870
9840
9886
9870
9982
9860
9867
9987
9972
9908
9922
9860
9912
9933
9959
9875
9865
9911
9844
9949
9939
9894
9969
9936
9863
9918
9935
9975
9947
9897
9963
9923
9946
9844
9914
9929
9940
9923
9829
9911
9835
9932
9889
9943
9859
9833
9675
9881
9905
9943
9981
9960
9862
9730
9975
9954
9908
9903
9861
9936
9902
9937
9916
9882
9893
9879
9887
9920
9947
9867
9948
9927
9897
9868
9977
9960
9962
9984
9867
9829
9952
9969
9844
9968
9989
9825
9895
9951
9926
9924
9982
9998
9995
9947
9993
9932
9903
9976
9889
9882
9878
9959
9842
9948
9893
9930
9817
9928
9964
9811
9898
9910
9900
9887
9973
9908
9873
9943
9923
9911
9933
9962
9942
9911
9979
9923
9848
9905
9790
9912
9910
9923
9902
9830
9876
9939
9909
9951
9946
9897
9882
9956
9879
9929
9942
9919
9914
9926
9816
9978
9974
9965
9987
9893
9966
9942
9969
9866
9927
9945
9849
9934
9913
9892
9879
9791
9929
9844
9946
9872
9925
9908
9930
9913
9922
9839
9694
9953
9914
9880
9980
9934
9914
9960
9996
9814
9952
9894
9913
9842
9941
9981
9939
9887
9839
9903
9941
9844
9827
9950
9976
9841
9899
9787
9929
9926
9796
9824
9951
9876
9907
9960
9712
9982
9847
9954
9963
9809
9986
9892
9733
9945
9871
9929
9969
9786
9918
9924
9941
9956
9874
9850
9947
9941
9946
9906
9821
9910
9878
9810
9946
9854
9865
9908
9796
9983
9768
9925
9951
9738
9966
9975
9950
9922
9946
9910
9886
9939
9928
9757
9922
9872
9893
9888
9857
9990
9740
9910
9890
9891
9966
9911
9905
9857
9887
9924
9895
9958
9797
9894
9848
9882
9965
9890
9751
9914
9871
9888
9951
9952
9938
9816
9915
9943
9887
9908
9923
9784
9891
9890
9832
9803
9821
9887
9960
9986
9956
9900
9921
9865
9924
9879
9947
9868
9919
9896
9995
9898
9842
9877
9942
9887
9972
9891
9943
9953
9921
9832
9974
9843
9864
9840
9828
9907
9922
9940
9929
9914
9890
9851
9901
9857
9907
9982
9664
9835
9959
9858
9947
9998
9964
9841
9987
9929
9837
9914
9980
9919
9826
9869
9798
9880
9934
9965
9920
9876
9844
9831
9904
9896
9940
9788
9935
9870
9881
9935
9847
9931
9878
9909
9874
9988
9995
9923
9847
9937
9940
9984
9834
9839
9986
9890
9930
9897
9833
9895
9947
9916
9944
9921
9856
9934
9893
9865
9996
9955
9795
9788
9916
9905
9773
9907
9904
9928
9797
9866
9925
9955
9995
9822
9952
9960
9938
9926
9821
9763
9957
9823
9926
9853
9787
9908
9807
9986
9915
9996
9936
9865
9869
9950
9790
9927
9933
9748
9990
9977
9892
9883
9936
9952
9998
9810
9859
9837
9915
9825
9911
9857
9899
9951
9939
9990
9974
9910
9965
9846
9929
9938
9912
9955
9879
9889
9977
9912
9962
9965
9852
9918
9805
9955
9917
9802
9850
9914
9941
9845
9886
9919
9878
9872
9708
9912
9934
9809
9919
9967
9889
9913
9892
9966
9840
9927
9886
9903
9882
9955
9925
9915
9948
9913
9894
9859
9853
9924
9939
9940
9819
9852
9936
9936
9968
9912
9894
9836
9958
9919
9998
9974
9824
9950
9925
9750
9978
9911
9967
9903
9959
9897
9968
9916
9732
9899
9915
9922
9962
9860
9977
9847
9957
9922
9933
9970
9949
9875
9928
9972
9936
9942
9961
9788
9957
9972
9870
9963
9853
9847
9950
9856
9870
9948
9812
9948
9948
9962
9920
9889
9937
9889
9899
9900
9960
9979
9890
9927
9995
9935
9908
9993
9890
9814
9891
9892
9829
9928
9944
9926
9906
9907
9921
9840
9843
9765
9562
9987
9802
9888
9855
9915
9872
9924
9856
9909
9928
9951
9927
9842
9801
9919
9917
9894
9939
9931
9916
9926
9883
9940
9858
9919
9914
9958
9909
9983
9851
9948
9864
9913
9902
9998
9942
9862
9935
9994
9913
9889
9894
9944
9921
9950
9911
9930
9918
9783
9907
9888
9894
9907
9898
9817
9956
9980
9892
9880
9954
9857
9923
9942
9941
9829
9932
9971
9979
9939
9945
9980
9962
9956
9858
9913
9972
9979
9934
9879
9907
9970
9839
9947
9930
9952
9879
9982
9835
9857
9942
9946
9907
9876
9933
9933
9892
9880
9870
9922
9761
9915
9930
9902
9989
9892
9934
9834
9921
9916
9905
9995
9825
9933
9935
9923
9845
9899
9933
9806
9951
10000
9823
9923
9881
9943
9955
9922
9783
9913
9921
9937
9921
9919
9925
9922
9847
9837
9941
9960
9884
9861
9790
9930
9922
9790
9871
9946
9954
9808
9901
9825
9882
9963
9840
9947
9954
9937
9860
9947
9886
9952
9894
9922
9761
9770
9868
9932
9928
9945
9873
9868
9749
9882
9916
9930
9956
9897
9913
9944
9955
9930
9881
9793
9872
9812
9910
9880
9993
9929
9890
9974
9941
9999
9913
9842
9859
9916
9908
9862
9919
9913
9869
9798
9953
9901
9924
9963
9856
9856
9863
9892
9876
9867
9975
9912
9830
9978
9927
9955
9929
9940
9925
9805
9863
9816
9960
9934
9919
9991
9931
9859
9923
9819
9861
9851
9877
9935
9887
9914
9782
9903
9888
9924
9952
9872
9895
9913
9954
9906
9904
9932
9957
9733
9960
9962
9913
10000
9937
9898
9828
9940
9872
9917
9983
9948
9860
9919
9942
9922
9920
9961
9911
9963
9869
9902
9956
9901
9881
9972
9790
9941
9752
9944
9892
9879
9955
9933
9936
9866
9887
9911
9919
9856
9865
9999
9894
9956
9861
9947
9867
9867
9851
9892
9964
9864
9865
9898
9910
9899
9868
9937
9972
9925
9927
9844
9944
9931
9979
