10000
9975
9974
9947
9880
9999
9887
9732
9964
9992
9881
9781
9985
9873
9905
9958
10000
9999
10000
9999
9944
10000
10000
10000
9830
10000
10000
9889
9893
9998
9924
9998
9994
9903
10000
9919
9996
9978
10000
10000
9981
9996
9999
9974
9897
9805
10000
9995
9864
10000
9891
9996
9966
9953
9969
9994
9890
9982
9929
9928
10000
9905
9838
9997
9906
9999
9939
9999
9872
9967
9998
10000
10000
9959
10000
9918
9851
9866
9918
9927
9999
10000
9925
9995
10000
10000
9827
9940
9927
10000
9951
9963
9998
9996
9994
9891
9995
9923
9935
9996
10000
10000
10000
9934
9997
10000
9875
9893
9875
9999
9998
9918
10000
9972
9834
10000
9999
10000
9989
9962
9924
10000
9938
10000
9992
9983
9983
9971
9905
10000
9987
9999
10000
9923
9910
10000
9960
9954
9974
10000
9915
10000
9969
9999
10000
10000
9944
9953
10000
9983
9860
10000
9908
9982
9999
9944
9989
10000
9956
10000
10000
9955
10000
9890
9939
10000
9825
10000
9990
9913
10000
10000
9930
10000
9936
10000
10000
10000
9949
9902
9900
9978
10000
9911
9938
9921
9953
9931
10000
9922
10000
9980
10000
9996
9911
9976
9999
10000
9949
9993
9924
9977
10000
9983
10000
9978
10000
10000
10000
9881
9965
9936
10000
10000
9832
9987
9887
9843
9856
10000
9990
9879
10000
9891
10000
9954
9883
9966
9941
10000
9869
9909
9953
10000
9945
9969
9926
9996
9976
9957
10000
9992
9913
10000
9952
9976
10000
9999
9957
9841
9960
9967
9957
9907
10000
9993
10000
10000
9999
10000
9990
9956
10000
9961
9919
9947
9974
9907
9954
9895
9948
9952
9999
9786
10000
9971
10000
10000
9961
10000
9997
10000
9942
10000
9996
9960
9999
9898
9938
9998
10000
9982
10000
10000
9979
9969
9932
9894
9955
9858
9885
10000
9964
9834
10000
9939
9984
9996
9933
10000
9999
9981
9959
9996
9997
9857
9864
9978
9967
9949
10000
10000
9997
9945
9980
9963
9872
10000
9873
9903
9917
9893
10000
9790
10000
9990
9905
9976
10000
9996
10000
9926
9989
9869
9993
9943
10000
10000
9977
9953
10000
9902
9941
9931
10000
10000
9926
9995
9865
9995
9943
9870
10000
10000
10000
10000
9999
9940
9996
9999
9883
10000
9952
9999
9897
9934
9917
9935
10000
9911
9834
10000
10000
9938
9960
10000
9995
10000
10000
9933
9994
9993
9947
9996
9907
9962
10000
9876
10000
9950
9959
9974
9956
9954
9942
9862
9999
9793
9998
10000
9978
9921
10000
9960
10000
9848
9935
9930
9858
10000
9964
10000
9794
9945
9896
10000
9927
10000
9939
9934
9873
9928
9869
9963
9911
9841
9981
10000
9958
10000
9975
10000
9986
9938
9930
10000
9982
9994
10000
10000
10000
10000
9886
9998
10000
10000
9992
9971
10000
9912
9994
9941
9986
9991
9921
10000
9934
9964
9999
9915
9949
10000
9983
9858
9972
9992
9988
9878
9995
10000
9916
9904
9884
10000
9976
9958
9908
9939
10000
10000
9950
10000
9999
9961
9950
10000
9999
9913
10000
9924
9869
10000
9904
10000
9998
9988
10000
10000
9969
9938
10000
10000
9900
9878
9884
9952
9992
9938
9999
9962
9986
9986
10000
9944
9894
10000
9900
9952
9929
9951
9952
9922
10000
9817
10000
10000
9969
10000
10000
10000
9939
10000
10000
10000
9965
9959
9944
9977
9924
10000
9952
10000
9948
9953
9996
9997
9877
9906
9925
9997
9878
9913
9858
9952
9913
9995
9953
9953
9999
9900
10000
9966
9997
9938
9910
9999
9905
9999
9923
9959
9986
9993
9859
10000
9995
9916
9883
9969
9972
9891
9996
9907
9896
9998
10000
9999
9986
10000
10000
9873
9948
9956
10000
9932
9999
9886
9946
9963
9998
9999
9961
10000
10000
9959
9864
10000
10000
9906
9990
9857
9961
9981
9873
9999
9960
10000
9972
9991
9901
9987
9999
10000
10000
9964
10000
9994
9999
9890
9986
10000
9987
9878
10000
9932
9908
9983
9950
9973
9954
10000
10000
10000
10000
10000
9980
10000
9854
9970
9906
9997
10000
10000
9996
10000
9922
9941
9953
9919
9859
9967
9951
9987
9951
9984
9990
9921
10000
9948
9988
9902
10000
9944
9985
10000
9834
9958
9997
9934
9920
9974
9984
9974
10000
9897
9962
9941
9963
9986
10000
10000
9883
10000
10000
10000
9999
9925
9996
9988
9941
9767
9864
9975
9961
9921
9967
10000
9912
9986
9818
9914
9999
9947
9966
9900
9999
10000
10000
9832
9913
10000
10000
9959
9915
9997
10000
9901
10000
9761
10000
9977
9949
10000
9955
9975
9822
9998
10000
9970
9966
9941
9999
9971
10000
9896
9912
9956
9999
9938
9997
9992
9879
9960
9874
9933
10000
9917
9946
10000
9900
9907
9968
9999
10000
9979
10000
9962
10000
9978
9997
9996
10000
9997
9904
9917
9937
9968
9959
9961
9998
9950
10000
10000
9914
9886
10000
9990
9869
9997
10000
10000
9931
9966
9984
10000
9907
9918
9928
9877
9867
10000
10000
9879
9927
9923
9867
10000
9915
9909
9898
9998
9947
9977
9930
9944
9946
9951
9975
9965
9963
9843
9940
9964
9813
9972
9998
9998
9979
9999
10000
9974
10000
9995
9966
9817
9929
9920
9932
10000
9993
9976
9928
9943
9960
9912
9980
9849
9990
9970
10000
9971
9921
9900
9994
10000
9904
10000
9961
9999
9959
9968
9874
9997
9846
9983
9986
9986
9990
9957
9999
10000
10000
9990
9925
9902
9942
9913
9957
9999
10000
9998
9898
9896
9857
9975
10000
9937
10000
9880
9833
9996
9970
9957
9899
9955
9990
9980
10000
9970
9994
9894
9998
9943
9923
9844
9939
9950
9977
9920
9857
10000
9995
9988
9965
9970
9953
10000
9963
9977
9929
9922
9932
9985
10000
10000
9928
10000
10000
9894
10000
9995
9995
9958
9926
10000
9823
9999
9872
9929
9995
10000
10000
10000
9987
10000
9794
9997
9900
9779
10000
9823
9998
10000
9974
9997
9909
9984
9946
9886
9923
10000
9989
9887
10000
9893
10000
10000
9951
9902
9945
9886
9707
10000
9897
9896
9823
9907
10000
9946
9930
9996
9924
10000
9782
9996
9928
9858
9967
9861
9799
10000
