9895
9884
9851
9752
9983
9916
9856
9933
9822
9905
9947
9905
9934
9969
9925
9841
9849
9898
9897
9762
9960
9830
9966
9947
9959
9806
9934
9932
9972
9982
9917
9992
9946
9936
9903
9835
9905
9897
9812
9943
9914
9910
9960
9882
9992
9741
9923
9887
9885
9781
9925
9891
9848
9989
9906
9866
9929
9979
9890
9868
9946
9976
9817
9954
9951
9889
9905
9880
9948
9891
9893
9961
9842
9839
9892
9954
9946
9923
9878
9913
9956
9963
9976
9942
9920
9868
9902
9852
9883
9819
9980
9916
9916
9878
9891
9921
9866
9916
9928
9924
9786
9982
9846
9984
9916
9942
9956
9896
9884
9957
9940
9904
9935
9750
9975
9875
9884
9924
9949
9942
9994
9811
9967
9857
9916
9896
9890
9838
9955
9905
9871
9942
9903
9949
9929
9811
9788
9948
9900
9846
9910
9866
9945
9903
9954
9949
9956
9957
9903
9898
9950
9943
9874
9896
9996
9885
9882
9928
9815
9943
9901
9863
9832
9927
9970
9834
9951
9976
9795
9924
9961
9828
9897
9910
9945
9929
9729
9878
9911
9971
9951
9938
9852
9911
9903
9964
9852
9867
9875
9889
9953
9966
9894
9845
9933
9930
9980
9753
9945
9873
9953
9926
9941
9861
9885
9840
9937
9982
9801
9959
9898
9909
9883
9914
9930
9979
9926
9901
9951
9973
9888
9829
9966
9921
9918
9823
9835
9938
9945
9904
9903
9725
9935
9907
9940
9964
9887
9926
9863
9949
9884
9864
9888
9904
9884
9889
9998
9829
9836
9956
9963
9904
9932
9716
9950
9944
9874
9899
9974
9927
9915
9928
9892
9922
9904
9896
9950
9864
9938
9927
9873
9923
9888
9818
9886
9917
9947
9868
9851
9783
9854
9960
9881
9910
9833
9877
9924
9999
9866
9905
9976
9928
9874
9978
9920
9823
9927
9922
9948
9965
9877
9920
9935
9906
9952
9960
9955
9849
9907
9738
9949
9890
9932
9914
9786
9921
9831
9912
9933
9899
9934
9773
9988
9912
9925
9984
9873
9985
9948
9891
9809
9931
9743
9937
9992
9792
9869
9953
9865
9958
9931
9737
9775
9968
9969
9853
9991
9835
9876
9995
9860
9893
9895
9840
9876
9856
9890
9967
9936
9910
9995
9940
9916
9876
9756
9816
9965
9916
9831
9916
9872
9862
9884
9810
9902
9839
9941
9938
9962
9855
9858
9972
9941
9923
9947
9839
9896
9902
9911
9926
9968
9978
9822
9909
9841
9774
9919
9962
9890
9949
9903
9877
9928
9970
9913
9949
9902
9913
9962
9927
9786
9816
9836
9952
9880
9818
9864
9790
9935
9945
9948
9923
9888
9930
9945
9927
9889
9903
9893
9943
9982
9729
9843
9966
9971
9974
9870
9960
9955
9903
9943
9863
9998
9790
9979
9906
9922
9933
9937
9945
9862
9967
9946
9916
9829
9970
9943
9924
9776
9887
9944
9829
9896
9650
9902
9905
9933
9928
9963
9880
9763
9939
9925
9881
9818
9967
9943
9910
9836
9893
9885
9893
9970
9907
9876
9836
9941
9922
9771
9841
9928
9874
9964
9815
9901
9887
9956
9998
9968
9984
9993
9915
9893
9934
9929
9830
9952
9967
9936
9920
9896
9907
9787
9896
9792
9927
9933
9842
9893
9878
9908
9899
9923
9785
9881
9954
9901
9889
9931
9960
9834
9980
9855
9896
9951
9921
9851
9853
9916
9975
9935
9878
9975
9980
9807
9908
9917
9909
9785
9951
9897
9896
9935
9910
9856
9994
9997
9987
9883
9948
9951
9843
9816
9880
9940
9944
9865
9822
9891
9915
9889
9909
10000
9972
9913
9938
9815
9848
9988
9885
9909
9942
9834
9863
9865
9801
9896
9957
9898
9778
9837
9880
9837
9790
9884
9911
9917
9973
9904
9903
9885
9961
9899
9812
9890
9905
9955
9992
9842
9977
9874
9930
9920
9895
9884
9849
9823
9896
9959
9871
9918
9800
9992
9873
9909
9881
9933
9669
9896
9938
9951
9905
9918
9987
9893
9951
9978
9937
9899
9920
9869
9972
9920
9919
9833
9903
9943
9971
9958
9914
9923
9856
9849
9943
9926
9937
9844
9953
9922
9933
9830
9892
9927
9920
9968
9935
9857
9948
9909
9985
9898
9876
9984
9922
9823
9975
9821
9916
9905
9907
9898
9925
9957
9989
9844
9944
9959
9838
9875
9882
9877
9911
9936
9945
9835
9893
9916
9976
9891
9890
9928
9904
9894
9917
9879
9880
9869
9889
9834
9861
9961
9933
9875
9931
9934
9914
9864
9928
9921
9985
9936
9929
9936
9959
9862
9813
9924
9950
9849
9906
9881
9890
9924
9931
9755
9947
9933
9891
9975
9898
9979
9921
9945
9988
9810
9938
9843
9866
9907
9884
9915
9893
9859
9954
9905
9924
9972
9912
9891
9890
9913
9829
9965
9884
9898
9898
9986
9946
9880
9776
9877
9972
9823
9986
9785
9885
9858
9994
9885
9908
9833
9814
9851
9975
9932
9890
9894
9873
9955
9951
9874
9851
9841
9958
9984
9865
9910
9921
9885
9891
9950
9935
9950
9926
9836
9914
9846
9951
9950
9957
9944
9954
9945
9968
9904
9853
9899
9957
9848
9930
9785
9903
9929
9913
9920
9868
9943
9814
9928
9847
9941
9808
9923
9915
9928
9943
9888
9921
9942
9975
9834
9927
9957
9749
9914
9966
9997
9935
9918
9956
9950
9925
9922
9905
9917
9987
9930
9925
9885
9954
9973
9861
9955
9929
9972
9971
9985
9967
9819
9889
9965
9823
9876
9971
9838
9910
9974
9974
9875
9863
9933
9914
9913
9931
9891
9991
9859
9788
9827
9991
9958
9745
9951
9823
9907
9899
9864
9972
9994
9924
9918
9859
9830
9880
9967
9909
9937
9846
9857
9998
9747
9923
9856
9804
9868
9833
9949
9915
9794
9853
9902
9878
9937
9930
9981
9892
9870
9815
9960
9960
9898
9940
9794
9879
9918
9851
9905
9958
9968
9994
9941
9902
9930
9959
9945
9895
9882
9849
9949
9784
9928
9758
9842
9966
9927
9763
9925
9691
9799
9819
9886
9968
9880
9977
9856
9840
9889
9934
9950
9954
9923
9904
9867
9948
9974
9934
9977
9839
9969
9847
9879
9941
9925
9822
9900
9969
9904
9827
9897
9842
9748
9933
9788
9908
9882
9826
9825
9825
9920
9908
