9999
10000
10000
10000
9996
10000
9997
10000
10000
9997
9999
9998
9998
10000
10000
10000
10000
9999
9998
10000
9999
10000
10000
10000
10000
9999
10000
9999
9997
10000
10000
10000
9986
10000
10000
10000
10000
10000
10000
10000
9999
9997
9990
10000
10000
10000
10000
9997
9999
10000
10000
10000
9997
9997
10000
10000
10000
10000
10000
9999
9992
10000
9999
10000
10000
9999
9999
9999
10000
9996
9999
10000
10000
10000
10000
9934
10000
10000
9999
10000
10000
10000
10000
10000
10000
9989
10000
10000
9999
10000
10000
10000
10000
10000
9999
10000
10000
10000
10000
9998
10000
10000
10000
9991
10000
9997
10000
10000
10000
9999
9999
10000
10000
10000
10000
10000
10000
9999
9999
9998
9888
10000
10000
10000
9997
10000
10000
9989
9999
9998
10000
10000
9995
9995
10000
9998
10000
10000
9998
10000
9996
10000
9956
10000
10000
10000
9999
10000
10000
10000
10000
10000
10000
10000
10000
10000
10000
9996
9999
10000
10000
10000
10000
10000
10000
10000
9995
10000
9935
9998
10000
10000
10000
10000
9888
10000
9988
10000
10000
10000
10000
10000
10000
10000
10000
10000
10000
10000
9999
10000
10000
10000
9999
10000
10000
10000
10000
10000
10000
10000
10000
9999
9999
10000
10000
9999
10000
10000
9999
10000
10000
10000
10000
10000
10000
10000
10000
9998
9920
9999
9998
10000
10000
10000
9998
10000
10000
10000
10000
10000
10000
10000
9996
9976
10000
10000
10000
9999
10000
10000
10000
10000
9994
9998
10000
9991
10000
10000
9993
10000
9995
9997
10000
10000
9997
10000
10000
10000
10000
9999
9989
10000
10000
9999
10000
10000
9999
10000
9999
10000
10000
9999
10000
10000
10000
10000
9994
10000
9999
10000
9974
10000
10000
9992
10000
10000
10000
10000
10000
10000
9986
10000
10000
10000
9999
10000
9999
9999
10000
10000
10000
10000
10000
9998
10000
10000
10000
9995
9999
10000
9999
10000
9998
10000
10000
10000
10000
10000
9706
10000
9995
10000
10000
9995
10000
10000
10000
9999
10000
9999
10000
9999
10000
9999
10000
10000
9995
10000
10000
10000
10000
10000
10000
10000
10000
10000
10000
9995
10000
10000
10000
10000
9999
10000
10000
10000
9933
10000
10000
9996
10000
9991
10000
9998
9999
10000
9996
9981
9998
9996
9999
9999
10000
9999
10000
9998
10000
10000
10000
10000
10000
10000
9989
10000
9980
10000
10000
10000
10000
10000
10000
9999
10000
10000
10000
10000
9966
10000
10000
10000
10000
10000
10000
10000
9998
10000
10000
10000
9994
9998
9998
10000
9888
9996
9999
10000
10000
10000
10000
10000
10000
10000
9995
10000
10000
10000
10000
10000
9955
10000
10000
9999
9994
10000
9999
9999
10000
9991
10000
10000
10000
9995
10000
9999
10000
10000
9999
10000
9999
10000
9999
9999
10000
9999
10000
10000
10000
9999
10000
10000
10000
10000
10000
10000
9996
10000
10000
10000
10000
10000
10000
10000
10000
9997
9999
10000
10000
9999
10000
10000
10000
10000
9999
10000
9996
9993
9999
10000
9999
10000
10000
9998
10000
10000
10000
10000
10000
10000
9994
10000
10000
10000
10000
10000
10000
10000
10000
10000
9998
10000
10000
9999
10000
10000
10000
10000
10000
10000
10000
10000
9999
9959
10000
10000
10000
9999
10000
9993
9998
10000
9997
9974
9998
9999
10000
10000
9999
10000
9999
9999
9999
9992
10000
10000
10000
10000
9999
10000
10000
9989
10000
10000
10000
9998
9993
10000
9995
10000
10000
10000
9933
10000
10000
9998
10000
9999
10000
10000
10000
10000
10000
10000
10000
10000
9999
10000
10000
10000
10000
10000
10000
10000
9998
9999
9999
9999
10000
10000
10000
9999
10000
10000
10000
10000
9999
9997
9999
9997
9994
10000
10000
9998
10000
10000
10000
10000
9998
10000
10000
10000
9999
9967
10000
10000
10000
10000
10000
10000
10000
10000
10000
10000
9997
10000
10000
9998
9963
9993
9998
9998
9982
10000
9999
9993
10000
10000
9999
10000
10000
10000
10000
10000
10000
10000
10000
10000
10000
10000
10000
10000
10000
10000
10000
9962
10000
10000
10000
9998
10000
10000
10000
9968
10000
10000
10000
9999
9998
10000
10000
9998
10000
10000
9998
9994
10000
10000
9999
10000
9997
9997
10000
10000
9982
10000
9994
9999
10000
9999
10000
10000
9999
10000
9992
10000
10000
10000
10000
10000
10000
10000
10000
10000
10000
9998
10000
9998
9999
10000
9998
9999
9998
10000
10000
9972
9997
10000
10000
9997
10000
10000
10000
10000
10000
10000
9973
10000
9964
10000
10000
10000
10000
10000
9999
10000
9995
10000
10000
10000
10000
10000
10000
10000
10000
10000
9881
10000
10000
10000
10000
10000
10000
9845
9984
9991
9976
10000
9992
10000
10000
9999
10000
9999
10000
10000
10000
10000
9999
10000
9998
10000
9925
10000
9999
10000
9987
10000
9998
9996
9977
10000
10000
10000
10000
10000
9999
9982
10000
10000
10000
10000
10000
10000
10000
9852
10000
10000
9997
10000
9999
10000
10000
10000
10000
10000
10000
10000
10000
10000
9999
10000
9996
10000
10000
10000
9995
10000
9999
10000
10000
10000
9995
10000
10000
9977
10000
9998
10000
10000
9984
10000
10000
10000
10000
10000
9994
9998
10000
9998
9997
10000
9999
10000
10000
9993
10000
10000
9999
10000
9999
9999
10000
9999
10000
10000
10000
9999
10000
10000
10000
10000
10000
9998
10000
10000
10000
9999
9997
10000
10000
10000
10000
10000
10000
10000
10000
10000
10000
9997
9998
10000
10000
10000
10000
9999
9997
9997
10000
9999
9996
10000
10000
10000
10000
10000
10000
10000
9993
9999
9995
9999
10000
10000
10000
10000
10000
9924
9999
9998
9997
10000
9998
10000
10000
10000
10000
9999
10000
10000
9999
10000
10000
10000
10000
10000
10000
10000
10000
10000
10000
10000
9994
10000
10000
10000
10000
9996
10000
9997
10000
10000
10000
10000
9996
10000
9998
10000
10000
10000
10000
10000
10000
10000
10000
10000
10000
10000
10000
9983
10000
10000
10000
10000
9998
9999
9999
10000
10000
10000
10000
9999
10000
10000
10000
10000
9995
10000
9999
10000
9990
10000
10000
10000
10000
10000
10000
9999
9999
10000
10000
10000
10000
9999
10000
10000
10000
9999
9996
9999
10000
9999
