9837
9934
9680
9740
9998
9929
9867
9913
9995
9888
9906
9884
9955
9864
9935
9859
9900
9944
9945
9969
9957
9809
9897
9922
9787
9901
9879
9809
9875
9872
9994
9944
9847
9856
9892
9952
9932
9941
9940
9971
9998
9925
9997
9960
9900
9908
9796
9879
9948
9900
9912
9918
9873
9891
9893
9908
9938
9871
9915
9959
9960
9953
9878
9934
9862
9965
9915
9924
9705
9970
9913
9894
9924
9961
9888
9957
9837
9910
9935
9900
9926
9688
9898
9756
9864
9876
9977
9962
9836
9932
9903
9931
9858
9783
9872
9824
9926
9776
9894
9822
9943
9841
9902
9910
9928
9939
9907
9859
9891
9998
9845
9797
9882
9845
9818
9907
9981
9945
9967
9942
9909
9854
9893
9911
9810
9948
9775
9959
9890
9965
9968
9945
9862
9929
9929
9902
9994
9857
9965
9934
9999
9961
9803
9934
9893
9926
9792
9899
9889
9952
9907
9906
9939
9821
9971
9968
9901
9826
9925
9971
9935
9900
9883
9889
9919
9887
9831
9869
9866
9925
9922
9860
9945
9862
9866
9823
9883
9971
9907
9905
9844
9948
9924
9877
9893
9967
9962
9922
9867
9962
9876
9905
9949
9956
9965
9850
9852
9942
9946
9846
9975
9854
9922
9968
9782
9878
9917
9999
9870
9895
9925
9939
9969
9892
9990
9943
9996
9823
9884
9909
9864
9909
9808
9921
9959
9946
9775
9893
9879
9952
9935
9921
9887
9955
9872
9905
9872
9992
9942
9874
9882
9897
9989
9956
9902
9950
9955
9680
9944
9909
9817
9993
9989
9912
9918
9949
9930
9858
9892
9963
9986
9970
9924
9927
9907
9823
9826
9849
9919
9936
9860
9788
9841
9888
9914
9871
9847
9942
9965
9947
9926
9934
9904
9955
9933
9968
9854
9913
9919
9903
9822
9977
9943
10000
9859
9870
9955
9990
9827
9870
9785
9925
9908
9847
9905
9970
9814
9899
9748
9797
9973
9874
9829
9879
9945
9848
9765
9836
9979
9957
9814
9943
9924
9968
9984
9953
9879
9963
9734
9873
9981
9881
9866
9946
9793
9945
9794
9969
9895
9899
9911
9976
9901
9813
9888
9810
9934
9885
9838
9992
9910
9897
9940
9871
9966
9871
9962
9923
9949
9943
9929
9952
9943
9815
9850
9918
9878
9848
9863
9869
9918
9976
9933
9875
9867
9881
9847
9893
9925
9821
9974
9948
9842
9937
9964
9943
9901
9876
9897
9932
9971
9930
9810
9989
9958
9800
9892
9967
9893
9855
9921
9907
9769
9994
9967
9900
9940
9892
9878
9938
9857
9955
9935
9793
9869
9915
9931
9877
9967
9855
9891
9942
9914
9921
9930
9844
9665
9894
9979
9960
9894
9905
9914
9935
9931
9903
9910
9873
9931
9938
9818
9976
9926
9977
9875
9897
9883
9816
9856
9973
9904
9936
9882
9910
9917
9851
9813
9996
9913
9942
9855
9790
9916
9899
9967
9786
9953
9918
9973
9968
9896
9816
9866
9950
9818
9817
9963
9910
9946
9987
9800
9999
9859
9860
9712
9901
9902
9975
9836
9827
9947
9773
9916
9854
9882
9946
9853
9838
9798
9981
9955
9949
9858
9900
9945
9922
9803
9951
9907
9841
9770
9942
9858
9883
9985
9952
9894
9840
9825
9956
9943
9877
9964
9884
9784
9923
9998
9915
9902
9995
9934
9860
9789
9821
9851
9806
9863
9799
9865
9941
9827
9955
9880
9899
9965
9961
9785
9891
9934
9786
9968
9899
9948
9892
9952
9978
9878
9916
9927
9843
9843
9946
9925
9951
9853
9909
9948
9931
9863
9914
9907
9947
9934
9924
9943
9946
9940
9901
9925
9829
9927
9979
9839
9875
9937
9969
9892
9917
9946
9861
9902
9997
9862
9861
9792
9855
9860
9993
9944
9981
9926
9902
9868
9986
9901
9980
9966
9915
9856
9750
9859
9946
9938
9802
9939
9928
9916
9904
9958
9930
9965
9861
9930
9896
9854
9970
9900
9736
9948
9783
9815
9873
9881
9926
9816
9965
9899
9932
9841
9866
9929
9906
9877
9887
9930
9906
9904
9907
9940
9877
9882
9959
9886
9926
9841
9847
9977
9985
9892
9798
9892
9813
9827
9936
9875
9934
9906
9922
9901
9903
9905
9941
9906
9926
9924
9849
9851
9883
9956
9949
9921
9929
9903
9748
9934
9950
9964
9851
9959
9952
9963
9752
9949
9881
9748
9907
9985
9924
9933
9904
9910
9888
9878
9982
9872
9898
9869
9947
9866
9912
9856
9946
9877
9945
9935
9839
9920
9968
9885
9990
9937
9852
9912
9812
9944
9896
9958
9950
9924
9859
9705
9930
9862
9880
9968
9853
9955
9914
9940
9980
9937
9984
9896
9863
9827
9799
9810
9949
9963
9699
9897
9955
9934
9922
9933
9902
9930
9938
9973
9964
9943
9847
9902
9893
9908
9937
9942
9932
9939
9831
9892
9802
9943
9846
9886
9948
9871
9937
9874
9938
9925
9925
9888
9862
9926
9838
9837
9874
9937
9953
9944
9922
9919
9867
9955
9924
9933
9893
9911
9980
9923
9982
9874
9863
9801
9850
9912
9672
9993
9894
9921
9944
9859
9946
9963
9948
9901
9954
9916
9998
9816
9707
9979
9950
9944
9808
9919
9891
9864
9899
9981
9870
9944
9970
9949
9972
9902
9960
9898
9859
9877
9923
9856
9884
9965
9963
9898
9971
9933
9903
9940
9881
9961
9901
9816
9871
9909
9892
9832
9907
9881
9817
9816
9961
9922
9725
9876
9861
9899
9884
9944
9909
9701
9894
9828
9943
9968
9922
9867
9952
9874
9871
9968
9820
9854
9772
9918
9957
9931
9907
9948
9958
9968
9834
9815
9872
9974
9888
9898
9917
9896
9952
9934
9953
9892
9885
9874
9916
9932
9908
9875
9948
9918
9914
9926
9958
9922
9946
9955
9855
9906
9956
9798
9993
9966
9940
9891
9938
9821
9991
9959
9910
9837
9983
9786
9858
9864
9802
9938
9821
9805
9858
9938
9932
9958
9922
9781
9979
9865
9819
9900
9797
9895
9981
9890
9968
9861
9832
9923
9950
9964
9879
9794
9946
9880
9957
9888
9956
9967
9858
9998
9845
9961
9947
9902
9870
9854
9926
9861
9824
9949
9968
9928
9913
9828
9928
9864
9931
9877
10000
9903
9878
9933
9932
9797
9960
9954
9955
9973
9934
