9952
9823
9946
10000
10000
9871
9962
9848
9955
9996
10000
9953
9948
10000
10000
9889
9944
9997
9940
10000
9930
9924
10000
9838
10000
10000
9948
9999
9882
9890
9906
9915
9836
9949
9861
10000
9946
9873
9849
9879
9861
9956
9904
9908
9796
9990
9871
9971
9824
9938
9911
9909
9979
9865
9893
9945
9884
9940
9739
9813
9992
9991
9979
9849
9919
9924
9878
9953
9979
9900
9927
9857
9928
9988
9993
9981
9857
9937
9962
9842
9838
9728
10000
9759
9995
9964
9851
9956
9982
10000
9920
9893
9900
9938
9831
9885
9893
9944
9906
9951
9928
9929
9901
9959
9982
9987
9942
9989
9952
9935
9966
10000
9861
9949
9899
9954
9907
9821
9900
9867
9937
9887
10000
9964
9956
9921
9908
9994
9842
9975
9961
9946
9939
9995
9921
9714
9941
9723
9824
9961
9923
9933
10000
9935
9859
9903
10000
9817
9938
9877
9989
9846
9946
9932
9955
9983
10000
9887
9864
9897
9846
9999
9969
9893
9998
9877
9938
9937
9872
9898
10000
9958
9969
9895
9852
9923
9948
9889
9900
9869
9834
10000
9990
9935
9775
9931
9913
9836
9915
9915
9904
9855
9973
9939
9948
9992
9819
9888
9935
9853
9998
9777
10000
9966
9929
9784
9865
9934
9987
9911
9980
9884
9924
9899
9904
9996
9857
9887
10000
9988
10000
10000
9987
9949
9877
9774
9989
9843
9935
9898
9865
9996
9913
9989
9965
9970
9961
9974
9976
9894
9929
9967
9996
9871
10000
9924
10000
9865
9833
9936
9952
9907
9854
9932
9886
9845
9999
9821
9987
9883
9917
9910
9845
9898
10000
9991
10000
9968
9939
9863
9955
10000
9886
10000
9812
9961
9870
9971
9703
9948
9883
9939
9980
9999
9975
9886
9972
9830
10000
9883
9975
9981
9939
9837
10000
9886
9842
9916
9901
9958
9952
10000
10000
9997
9922
9847
9832
10000
9849
9955
9904
9948
9962
9999
9820
9994
9645
9815
9895
9939
9910
9997
9958
9863
9922
9883
9867
9815
9931
10000
9847
9872
9903
10000
9778
9966
9835
9871
9838
9733
9929
9907
9944
9998
9912
10000
9931
9933
10000
10000
10000
9908
9990
9830
9841
9899
9887
10000
9970
9909
9970
9961
9909
9918
9834
9958
9996
9944
9831
9901
9941
9912
9986
10000
9978
9884
9830
9888
9964
9874
9810
9911
9998
9947
9876
9995
9949
9996
9875
9978
9949
9976
9965
9902
9911
9999
9797
10000
9896
9872
9997
9929
10000
9977
9871
10000
9957
9959
9954
10000
10000
9929
9988
9865
9778
9992
9949
9953
9908
9906
9896
9985
9830
9984
9929
9919
9809
9925
10000
9885
9868
9850
9823
10000
9999
9881
9850
9884
9968
9991
9972
9861
10000
9971
9943
9809
9951
9816
9953
9965
10000
9942
9983
9836
9874
9792
9885
9910
9847
9852
9786
9903
9949
9871
9997
9980
9979
9887
9753
10000
9930
9958
9920
9995
9991
9864
9783
9945
9934
9918
9908
9906
9944
9853
9984
9896
9843
9811
9886
9785
9874
9986
9925
9936
9906
9952
9973
9881
9971
9952
9890
9999
9892
9964
9932
10000
9926
9958
9899
9893
9868
9795
9825
9866
9937
10000
10000
9953
9933
9973
9984
9973
9997
9998
10000
9816
9920
9909
9872
9941
9807
10000
9928
9868
9977
10000
9860
9894
9782
9943
9843
9885
9909
9975
9814
9846
9906
9993
9915
9887
9907
9904
9956
9969
9994
9889
9996
9883
9955
9965
9867
9882
10000
9887
9851
9824
9894
9681
9853
9802
9794
10000
9860
9876
9989
9895
9927
9941
9796
9936
9867
9891
9990
9926
9926
9886
9958
9905
9968
9965
9827
10000
9991
9989
9999
9876
9845
9834
9855
9900
9922
9901
9878
9881
9956
9863
9840
9996
9919
9867
10000
9717
9947
9922
9877
10000
9886
9874
9958
9923
9952
9950
9875
9849
9874
9907
10000
9854
9999
9955
9987
9975
9967
9889
9872
9922
9891
9966
9935
9904
10000
10000
9879
10000
9818
9923
10000
9852
9971
9928
9985
9949
9898
9838
9717
9881
9941
9938
9928
9859
9829
9725
9945
9962
9905
9933
9920
9911
9905
9913
9902
10000
9893
9846
9871
9869
9822
10000
9872
9956
9827
9889
9954
9980
10000
10000
9914
9961
9895
9961
9908
9832
9978
10000
9970
9999
9978
9956
9949
9970
9964
9925
9880
10000
9939
9997
9854
9884
9735
9847
10000
9999
9925
9993
9893
9897
9915
9924
9800
9995
9869
9970
9846
9999
9999
9965
9858
9922
9933
9931
9948
9869
9980
10000
9984
9904
10000
9912
9919
9930
9997
9923
9860
9962
9928
9978
9826
9999
9947
9974
9886
9885
10000
9843
9898
9890
9959
9872
9972
9896
9810
9949
9810
9971
9854
9841
9911
9899
9954
9935
9845
9892
9997
9889
9948
9996
9902
9949
9985
9951
9842
9926
9942
9891
9911
9935
9926
9996
9919
10000
9973
9931
9926
9928
9974
9937
9853
9801
9708
9815
9989
9947
9682
9936
9874
9998
9904
9874
9934
9957
9903
9936
9946
9751
9874
9874
9815
9980
9867
9887
9927
9989
9922
9903
9974
10000
9951
9904
10000
9922
9985
9921
9879
10000
9498
9949
9999
9935
9915
9809
9972
9944
9908
9975
9998
9916
9904
9986
9995
9883
9854
9882
9848
9889
9768
9892
9913
9919
9895
9853
9926
9859
9945
9919
9920
9862
9930
9880
9989
9832
9900
10000
9967
9913
9937
9899
9909
9933
9980
9945
9883
10000
9839
9880
9934
9784
9879
9997
9901
9784
9956
9768
9949
9938
9927
9805
9899
9868
9851
9865
9952
9927
9872
9847
9927
10000
9946
9723
9923
9852
9969
9874
9999
9973
9946
9925
9974
9993
9988
10000
9892
9973
9884
9996
9944
9990
9905
9819
9995
9937
9923
9966
9938
9962
9839
9875
9928
9943
9946
9904
9948
9996
9963
10000
9928
9855
9990
9735
9989
10000
10000
9961
9899
9992
9908
9827
9909
9864
9924
9897
9996
9909
9940
9914
9942
9877
9892
9833
9896
9927
9965
9825
9883
9819
9894
9922
9990
9998
9939
9963
9895
10000
9813
9812
9935
9964
9952
9914
9966
9832
10000
9802
9910
9936
9974
9994
9995
9910
9952
9915
