10000
10000
10000
10000
10000
10000
9972
10000
10000
10000
9994
10000
10000
10000
10000
10000
10000
10000
10000
10000
10000
10000
10000
10000
10000
10000
10000
10000
10000
10000
10000
10000
10000
10000
10000
10000
10000
9999
10000
10000
10000
10000
10000
10000
10000
10000
10000
10000
9998
9989
10000
10000
9998
10000
10000
10000
10000
10000
10000
10000
10000
10000
10000
10000
10000
10000
10000
10000
10000
10000
10000
10000
10000
10000
10000
10000
10000
10000
10000
10000
10000
9997
10000
10000
9768
10000
10000
10000
10000
10000
10000
10000
10000
10000
10000
10000
10000
10000
10000
10000
10000
10000
10000
10000
10000
10000
10000
10000
10000
10000
10000
10000
10000
10000
10000
10000
10000
10000
10000
10000
10000
9956
10000
10000
10000
10000
10000
10000
9939
10000
10000
10000
10000
9982
10000
10000
9879
10000
9896
9998
10000
10000
10000
9996
10000
10000
10000
10000
10000
10000
10000
10000
9998
10000
10000
10000
10000
10000
10000
10000
10000
10000
10000
10000
9985
10000
9992
10000
10000
10000
10000
10000
10000
10000
10000
10000
10000
10000
10000
10000
10000
10000
10000
10000
10000
10000
10000
10000
10000
10000
10000
10000
9974
10000
10000
9992
10000
10000
10000
10000
9999
10000
10000
10000
10000
10000
10000
10000
10000
10000
10000
10000
10000
10000
10000
9995
10000
10000
10000
10000
10000
10000
9920
10000
10000
10000
10000
10000
10000
10000
10000
10000
10000
10000
10000
10000
10000
10000
10000
10000
10000
10000
10000
10000
10000
10000
10000
10000
10000
10000
10000
10000
10000
10000
10000
10000
10000
10000
10000
10000
10000
10000
10000
10000
10000
10000
10000
10000
10000
10000
9993
10000
10000
10000
10000
10000
10000
10000
10000
10000
10000
10000
9976
10000
10000
10000
10000
10000
10000
10000
10000
10000
10000
10000
10000
10000
10000
10000
10000
10000
10000
10000
10000
9999
10000
10000
10000
10000
10000
10000
10000
10000
10000
10000
10000
10000
10000
10000
10000
10000
10000
10000
10000
10000
10000
10000
10000
10000
10000
10000
10000
10000
10000
10000
10000
9920
10000
10000
10000
10000
10000
10000
10000
10000
10000
10000
10000
10000
10000
10000
10000
10000
10000
10000
10000
10000
10000
10000
10000
10000
10000
9999
10000
9997
10000
10000
10000
10000
10000
10000
10000
10000
10000
10000
10000
10000
10000
10000
10000
10000
9999
10000
10000
10000
10000
10000
10000
10000
10000
10000
10000
10000
10000
10000
10000
10000
10000
10000
10000
10000
10000
10000
10000
9997
10000
10000
10000
10000
10000
10000
10000
10000
10000
10000
10000
10000
10000
10000
10000
10000
10000
10000
9983
10000
10000
10000
10000
9997
10000
10000
10000
10000
10000
10000
10000
10000
10000
10000
10000
10000
10000
10000
10000
10000
10000
10000
10000
10000
10000
10000
10000
9896
10000
10000
10000
10000
10000
10000
10000
10000
10000
10000
10000
10000
10000
10000
10000
10000
10000
10000
9870
10000
10000
10000
10000
10000
10000
10000
10000
10000
9986
10000
10000
10000
10000
10000
10000
9947
9999
10000
10000
10000
10000
10000
10000
10000
9996
10000
10000
10000
10000
10000
10000
10000
10000
10000
9912
10000
10000
10000
10000
10000
10000
10000
10000
10000
10000
10000
10000
10000
10000
10000
10000
9926
10000
10000
10000
10000
10000
10000
10000
10000
10000
10000
10000
10000
10000
10000
10000
10000
9901
10000
10000
10000
10000
10000
10000
10000
10000
10000
10000
10000
10000
10000
10000
10000
10000
9974
10000
10000
10000
10000
10000
10000
10000
9987
9969
10000
10000
10000
10000
10000
10000
10000
9937
10000
10000
10000
10000
10000
10000
10000
10000
10000
10000
10000
10000
10000
10000
10000
10000
10000
10000
10000
10000
10000
10000
10000
10000
10000
10000
10000
10000
10000
10000
10000
10000
10000
10000
10000
10000
10000
10000
10000
10000
10000
10000
10000
10000
10000
10000
9999
10000
10000
10000
10000
10000
10000
10000
10000
10000
10000
10000
10000
10000
10000
10000
10000
10000
10000
10000
10000
10000
10000
10000
10000
10000
10000
10000
10000
10000
10000
10000
10000
10000
9922
10000
10000
10000
9924
10000
10000
10000
10000
10000
10000
10000
10000
10000
9996
10000
10000
10000
10000
10000
10000
10000
10000
10000
10000
10000
10000
10000
9992
10000
10000
10000
10000
10000
10000
10000
10000
10000
10000
10000
10000
10000
10000
10000
10000
9999
10000
10000
10000
10000
9987
10000
9972
9992
10000
10000
10000
9994
10000
9975
10000
10000
10000
10000
10000
9984
10000
10000
10000
10000
10000
10000
10000
10000
10000
10000
10000
10000
10000
10000
9947
10000
10000
10000
10000
10000
9998
9998
10000
10000
10000
10000
10000
10000
10000
10000
10000
10000
10000
10000
10000
9998
10000
10000
10000
10000
10000
10000
10000
10000
10000
10000
10000
10000
10000
10000
10000
10000
10000
10000
10000
10000
10000
10000
10000
10000
10000
9983
10000
10000
10000
10000
10000
10000
10000
10000
10000
10000
10000
10000
10000
10000
10000
10000
10000
10000
9997
10000
10000
10000
9967
10000
10000
10000
10000
10000
10000
10000
10000
10000
10000
9996
9840
10000
10000
9992
10000
10000
10000
10000
10000
10000
10000
10000
10000
10000
10000
9992
10000
10000
10000
10000
10000
10000
10000
10000
10000
10000
10000
10000
9998
9879
10000
10000
10000
10000
10000
10000
10000
9978
9939
10000
10000
10000
10000
9999
10000
10000
10000
10000
10000
10000
10000
10000
10000
10000
10000
10000
10000
10000
10000
10000
10000
9967
10000
10000
10000
10000
10000
10000
10000
10000
10000
10000
10000
9894
10000
10000
10000
10000
10000
10000
10000
10000
10000
10000
10000
10000
10000
10000
10000
10000
10000
10000
10000
10000
10000
9909
10000
10000
10000
10000
10000
10000
10000
10000
10000
10000
10000
10000
10000
10000
10000
10000
10000
10000
10000
10000
10000
10000
9998
10000
10000
10000
10000
10000
10000
10000
10000
10000
9745
9915
10000
10000
10000
10000
9930
10000
9999
9992
10000
10000
9998
10000
10000
10000
10000
10000
10000
10000
10000
10000
10000
10000
10000
10000
10000
10000
9978
10000
10000
10000
10000
10000
10000
10000
10000
10000
10000
10000
10000
9977
10000
10000
10000
10000
10000
10000
10000
10000
10000
10000
10000
10000
10000
