9713
9889
9968
9993
9871
9929
9885
9866
9905
9934
9919
9977
9866
9906
9895
9922
9943
9932
9883
9961
9874
9912
9914
9917
9958
9944
9983
9954
9867
9886
9912
9949
9941
9979
9874
9979
9877
9989
9869
9855
9808
9995
9916
9971
9828
9916
9955
9925
9998
9918
9905
9940
9924
9860
9956
9996
9900
9944
9905
9876
10000
9978
9889
9982
9904
9916
9922
9850
9918
9978
9920
9955
9903
9877
9822
9971
9993
9859
9962
9999
9863
9937
9873
9929
9802
9896
9985
9976
9925
9923
9946
9971
9817
9905
9996
9976
9981
9940
9908
9938
9905
9935
9926
9988
9917
9868
9908
9879
9982
9814
9868
9924
9992
9951
9898
9933
9922
9873
9859
9994
9978
9955
9940
9864
9882
9915
9930
9934
9867
9877
9968
9935
9965
9924
9898
9928
9991
10000
9988
9935
9977
9857
9937
9901
9878
9883
9982
9905
9785
9989
9934
9990
9976
9964
9959
9904
9999
9861
9952
9891
9924
9927
9923
9947
9901
9826
9999
9796
9988
9911
9976
9845
9964
9956
9927
9962
9868
9885
9911
9913
9961
9838
9935
9868
9932
9989
9950
9959
9958
10000
9938
9928
9953
9857
9967
9922
9862
9887
9867
9978
9916
9982
9884
9894
9923
9988
9928
9866
9853
9990
9982
9929
9931
9976
9897
9903
9994
9950
9956
9887
9895
10000
9938
9809
9930
9898
9919
9867
9956
9951
9861
9829
9826
9766
9854
9937
9757
9941
9763
9911
9802
9826
9934
9959
9968
9926
9894
9983
9917
9859
9918
9948
9877
9943
9901
9865
9988
9922
9920
9994
9937
9906
9986
9927
9961
9929
9942
9975
9979
9911
9920
9905
9924
9897
9762
9865
9956
9809
9890
9806
9858
9993
9983
9889
9886
9892
9964
9860
9861
9998
9905
9853
9999
9954
9960
9801
9908
9931
9806
10000
9987
9944
9883
9909
9856
9888
9874
9918
9998
9973
9971
9906
9923
9946
9986
9946
9945
9997
9838
9882
9945
9936
9932
9824
9954
9785
9790
9820
9950
9969
9975
9825
9892
9930
9876
9975
9918
9986
9978
9701
9892
9824
9949
9916
9940
9990
9949
9928
9812
9955
9903
9999
9944
9997
9881
9947
9913
9961
9944
9924
9817
9909
9900
9952
9927
9922
9880
9997
9877
9931
9962
9959
9967
9942
9947
9952
9966
9968
9906
9906
9859
9922
9889
9858
9983
9877
9883
9914
9924
9984
9930
9945
9990
9968
9987
9830
9906
9882
9944
9934
9966
9840
9950
9858
9867
9858
9979
9870
9879
9971
9982
9921
9900
9972
9836
9992
9791
9815
9986
9912
9927
9999
9897
9847
9777
9850
9924
9963
9863
9884
9996
9936
9998
9931
9968
9919
9951
9958
9870
9799
9935
9785
9949
9899
9992
9992
9828
9791
9999
9881
9891
9922
9856
9918
9907
9981
9866
9964
9953
9916
9836
10000
9977
9878
9948
9862
9919
9956
9942
9885
9982
9929
9934
9923
9989
9962
9982
9832
9872
9840
9759
9874
9875
9748
9996
9849
9931
9944
9989
9887
9823
9982
9996
10000
9900
9895
9960
9874
9831
9840
9893
10000
9979
9997
9912
9921
9914
9954
9912
9890
9888
9697
9942
9970
9960
9933
9921
9973
9996
9862
9974
9882
9835
9940
9911
9885
9937
9884
9894
9962
9861
9963
9983
9889
9995
9900
9999
9926
9873
9968
9931
9922
9924
9912
9948
9903
9985
9882
9997
9910
9945
9922
9976
9999
9944
9931
9895
9926
9843
9994
9960
9909
9902
9972
9863
9964
9933
9825
9720
9911
9874
9943
9988
9913
9905
9938
9948
9963
9944
9878
9932
9900
9854
9948
9981
9897
9843
9972
9876
9965
9854
9919
9766
9773
9924
9884
9824
9975
9981
9946
9862
9867
9816
9908
9834
9947
9995
9904
9900
9986
9933
9961
9958
9937
9958
9973
9963
9947
9930
9909
9929
9994
9982
9825
9863
9891
9969
9862
9869
9823
9978
9987
9895
9885
9876
9996
9940
9947
9992
9884
9948
9860
9966
9894
9913
9999
9914
9882
9942
9979
9892
9944
9806
9999
9932
9898
10000
9875
9932
9958
9977
9891
9892
9873
9975
9855
9926
9980
9903
9859
9991
10000
9924
9942
9936
9952
9816
9912
9899
9880
9908
9930
9962
9904
9884
9868
9869
9928
9867
9951
9945
9965
9980
9910
9941
9859
9924
9953
9918
9924
10000
9931
9866
9960
9975
9896
9920
9884
9878
10000
9931
9973
9988
9908
9914
9833
9998
9885
9936
9976
9995
9963
9965
9895
9884
9869
9997
9976
9885
9988
9915
9978
9978
9885
9955
9975
9966
9933
9931
9929
9974
9973
9748
9953
9931
9779
9977
9989
9957
9958
9932
9910
9958
9951
9835
9768
9989
9889
9948
9997
9912
9988
9920
9917
9927
9986
9941
9927
9812
9987
9942
9931
9934
9969
9920
9970
9903
9982
9993
9878
9854
9809
9925
9915
9924
9944
9983
9918
9999
9934
9938
9919
9792
9939
9929
9895
9903
9935
9868
9884
9936
9878
9978
10000
9746
9988
9917
9899
9944
9934
9972
9943
9726
9907
9817
9822
9839
9914
9963
9997
9905
9883
9959
9964
9944
9550
9915
9996
9943
10000
9925
9993
9960
9863
9983
9888
9959
9844
9955
9913
9926
9853
9914
9839
9994
9971
9856
9845
9867
9913
9911
9719
9935
9993
9911
9895
9949
9984
9986
9952
9728
9822
9890
9856
9955
9960
9921
9791
9873
9975
9965
9898
9988
9913
9976
9855
9804
9997
9999
10000
9884
9867
10000
9943
9863
9890
9811
9857
10000
10000
9895
10000
9828
9985
9978
9874
9991
9904
9780
9945
9933
9985
9882
9844
9901
9885
9942
9888
9929
9973
9977
9961
9854
9933
9958
9922
9906
9996
9950
10000
9938
9898
9936
9982
9999
9826
9909
9907
9852
9896
9865
9907
9944
9915
9933
9972
9838
9969
9884
9987
9929
9951
9942
9914
9921
9921
9935
9987
9848
9987
9829
9923
9840
9988
9953
9922
9733
9944
9923
9876
9992
9883
9941
9980
9900
9876
9892
9898
9996
9870
9963
9975
9903
9943
9872
9975
9971
9934
9872
9920
9954
9960
9982
9894
9933
9910
9951
9949
9984
9819
9853
9881
9867
9856
9984
9926
9944
9947
9904
9871
