9883
9950
9890
9957
10000
9932
9978
9912
9987
9903
9997
9918
9971
9999
9999
9938
9998
9839
10000
9853
9862
9989
9996
9946
9996
9948
9960
9964
9923
9994
9990
9780
9992
9999
9945
9977
9835
9993
9923
9857
9929
9982
9999
9930
9986
9996
9965
9915
9916
9980
9994
9979
9945
9854
10000
9924
9953
9911
9892
9946
9710
9961
9988
9980
9931
9906
9918
9971
9939
9851
9962
9991
9926
9988
9998
9962
9951
9970
9831
9966
9949
9922
9917
9993
9998
9968
9962
9919
10000
9913
9978
9901
9855
9980
9903
9941
9945
9856
9987
9938
9970
9969
9994
9988
9892
9893
9915
9977
9909
9916
9952
9910
9944
9964
9996
9894
9940
9927
9964
10000
9940
9937
9957
9960
9957
9934
9922
9904
9923
9887
9963
9965
9907
9953
9880
10000
9915
9870
9992
9888
9966
9957
9978
9997
9806
9897
9877
9977
9993
9959
9955
9918
9969
9989
9791
10000
9999
9998
9795
9988
9901
9956
10000
9998
9956
9974
9982
9904
9948
9953
9862
9945
9948
9858
9946
9954
9976
9974
9929
9993
9837
9990
10000
9998
9953
9989
9933
9950
10000
9999
9958
9984
9794
9891
9966
10000
9905
9980
9997
9883
9933
9999
9871
9965
9864
9941
9913
9943
9836
9999
9991
9934
9999
9970
9980
9977
10000
9917
9895
9833
9921
9931
9894
9994
9932
9955
9952
9994
9976
9926
9923
9919
9813
9912
9921
9999
9973
9975
9998
9984
9954
9894
9999
9953
9971
9909
9718
9951
9948
9870
9944
9998
9823
9934
9971
9977
9922
9966
9970
10000
9887
9866
9947
9834
9930
9977
9877
9858
9949
9957
9940
9994
9888
9903
9865
9872
9969
9982
9967
9945
9995
9954
9847
9979
9843
9896
9958
9891
9962
9981
9978
9985
9967
9916
9919
9969
9958
9962
9998
9750
9963
9980
9956
9932
9998
9998
9994
9870
9995
9886
9956
9932
10000
9934
9989
9909
9934
10000
9922
9858
9887
9928
9947
9926
9979
9909
9984
9973
9983
9970
9949
9980
9991
9812
9928
9912
9982
9855
9944
9990
9914
9912
9958
9998
10000
9857
9990
9987
9937
9840
10000
9899
9890
9991
9966
9906
9948
9954
9879
9996
9994
10000
9935
9987
9910
9844
9879
9906
9999
9923
9935
9999
9880
9966
9989
9948
9925
9873
9970
9885
9949
9956
10000
9991
9930
9921
9956
9989
9871
9982
10000
10000
9844
9947
9813
9914
9936
9915
9931
9991
9984
9943
9769
9924
9985
9976
9954
9885
10000
9832
9932
9918
9968
9934
9986
9970
9974
9853
9979
9998
9913
9997
9966
9994
10000
9933
9999
9997
9933
9937
9952
9952
9947
9898
9918
9948
9945
9946
9878
9965
9880
9929
9977
9927
9927
9987
9935
9871
9974
9998
9997
9838
9864
9891
9943
9990
9880
9994
9906
9978
9875
9957
9995
9941
9985
10000
9999
9913
9805
9912
9954
9938
9935
10000
9997
9906
10000
9940
9847
9934
9919
9973
9981
9978
9913
9844
9918
9912
9984
9974
9958
9863
9960
9989
9864
9923
9926
9848
9997
9984
9989
9911
9915
9972
9973
9999
9975
10000
9996
9795
9810
9926
9906
10000
9858
9903
9911
9956
10000
9972
9936
9949
9996
9981
9898
9994
9934
9987
9963
9987
9817
9999
9911
9935
9931
9997
9982
10000
9933
9858
9985
10000
9899
9865
9993
9981
9925
9984
9878
9836
9934
9984
9934
9951
9768
9980
9902
9999
9998
9852
9968
9825
9900
9991
9990
9940
9863
9948
9935
9907
9971
9998
9897
9921
10000
9976
9948
9910
9994
9840
9956
9980
9959
9885
9956
9954
9914
9934
9898
9951
9910
9966
9967
9914
9928
9847
9961
9918
9979
9996
9978
9989
9931
9914
9955
10000
9998
9994
9816
9876
9930
9970
9954
9930
9890
9984
9965
9992
9997
9910
9987
9858
9922
9957
9876
9967
9973
9864
9975
9856
9988
9902
9921
9934
9868
9930
9942
9937
9942
9964
9890
9997
9961
9894
9964
9939
9993
9788
9931
9828
9985
10000
9967
9932
9948
9986
9963
9998
9945
10000
9915
9981
9929
9903
9929
10000
9960
9995
9999
9949
9993
9985
9992
9939
9986
9947
9970
9939
9974
9811
9977
9844
9996
9951
9943
9886
9974
9992
9952
9988
9973
9940
9993
10000
9974
9841
9975
9992
9900
9930
9968
9885
9934
9926
9944
9912
9947
9916
9963
9996
9908
9924
9938
9919
9864
9908
9964
9950
9932
9831
9969
9854
9967
9998
9912
9930
9959
9848
9954
9925
9975
9958
9829
9950
9928
9949
9911
9869
9881
9984
9988
9891
9905
9900
9913
9763
9993
9981
9919
9936
9989
9984
10000
9997
9908
9859
9929
9968
9887
9942
9984
9983
9953
9820
9978
9987
9937
9846
9885
9965
9867
9837
9964
9912
10000
9997
9962
9926
9953
9989
9949
9945
9933
9794
9951
9927
9900
9933
9924
9974
9941
9883
9885
9999
9881
9931
9955
9919
9979
9909
9948
9978
9983
9949
9986
9869
9806
9879
9923
9902
9993
9896
9924
9998
9994
9984
9993
9950
9994
9998
9967
9984
10000
9885
9997
9999
9918
9795
9823
9971
9999
9969
9994
9907
9952
9967
9877
9948
9932
9932
9905
9927
9909
10000
9941
9988
9863
9921
9955
9922
9960
9909
9996
9930
10000
9973
9967
9985
9974
9949
9984
9778
9941
9964
9900
9868
9999
9929
9751
9916
9999
9999
9901
9962
9999
9992
9969
9909
9958
9954
9992
10000
9913
9856
9979
9951
9870
9975
9928
9980
9920
10000
9926
9980
9989
9955
9909
9982
9918
9974
9953
9892
9901
9926
9964
9916
9942
9845
9909
9976
9975
9907
9929
9895
9995
9955
9936
9939
9790
9974
9961
9747
9823
9994
9942
9999
9993
9952
9831
9986
9902
9998
9968
9897
9914
9852
9818
9885
9942
9907
9980
9902
9987
10000
9884
9863
9998
9964
9909
9891
9951
9926
9938
9899
9801
9968
9996
9953
9949
9877
9943
9957
9808
9945
9999
9976
9917
9993
9898
9939
9946
9966
9995
9877
9969
9990
9790
9930
9942
9922
9977
9997
9943
9840
9950
9962
9977
9979
9884
9999
9999
9887
9903
9915
10000
9812
9932
9906
9959
9970
