9939
9958
9921
9949
9860
9976
9804
9732
9953
9922
9826
9872
9998
10000
9925
9920
9942
9847
9942
9992
9982
9949
9906
9869
9905
9943
9958
9756
9871
9812
9898
9796
10000
9935
9883
9946
9868
9998
9999
9813
9841
9857
9818
9907
9988
9923
9969
9998
9990
9998
9892
9941
9930
9999
9876
9827
9895
9836
9750
9999
9867
9911
9983
9956
10000
9926
9971
10000
9865
9989
9844
9935
9909
9974
9876
9988
10000
9951
9886
9905
9979
9767
9997
9982
9917
9891
9863
9976
9994
9929
9847
9953
9901
9901
9827
10000
9998
10000
9958
9821
9961
9906
9816
9925
9981
9829
9972
9889
10000
9904
9975
9916
9963
9907
9868
9971
9911
9956
9882
9884
9866
9929
9968
9943
9917
9926
9905
9992
9850
9942
9848
9904
9997
9999
9765
9997
9962
9828
9963
9913
9907
9867
9993
9998
9961
9906
9921
9948
9933
9942
9994
9863
9909
9992
9927
9999
9895
9940
9999
9946
9949
10000
9997
9999
9876
9940
9925
9898
10000
9779
9823
9995
9999
9794
9792
9942
9889
9920
9930
9820
9822
9909
9991
9955
9921
10000
9966
9916
9910
9883
9968
9931
9896
9731
9988
9992
9980
9855
9972
9751
9909
9872
9829
9860
9923
9914
9930
9856
9910
9998
9885
9949
9902
9960
9993
9819
9883
9974
9903
9962
9978
9834
9995
9931
9753
9999
9976
9934
9995
9998
9793
9988
9899
9885
10000
9897
9997
9823
9836
9922
9968
9898
9905
9980
9999
9980
9806
9990
9872
10000
9942
9986
9935
9992
9987
9923
9950
9938
10000
9907
9957
9832
9861
9909
9811
9904
9950
9988
9857
9868
9928
9966
9954
9916
9871
9825
10000
9867
10000
9992
9959
9994
9806
9919
9789
10000
9998
9983
9903
10000
9985
9994
9919
9887
9933
9991
9784
9995
9928
9736
9871
9940
9922
9989
9886
9903
9952
9988
9962
9988
9877
9927
10000
9999
9997
9923
9987
9766
9995
9887
9863
9894
9819
9929
9994
9940
9869
10000
9983
10000
9768
9793
9861
9996
9929
9778
9906
9935
9808
9909
9851
9915
9864
9886
9886
9779
9978
9889
9890
9929
9854
9844
9948
9971
9957
9941
9902
9995
9915
9813
10000
9995
9983
9883
9858
9911
9993
9999
9882
9990
9999
9959
9901
9858
9932
9941
9958
9949
9914
9732
9994
9983
9894
9993
10000
9966
9869
9960
9910
10000
9848
9997
9927
9901
9945
9918
9908
9984
9977
9977
9994
9906
9904
9885
9852
9857
9747
9965
9996
9940
9849
9917
9940
9850
9864
9961
9884
9919
9962
9999
9974
9857
9967
9919
9826
9934
9923
9972
9911
9929
9961
9891
9918
10000
10000
9864
10000
9964
9909
9855
9857
9858
9782
9937
9953
9999
9938
9892
9986
9999
9998
9928
9912
9955
9908
9960
9915
9999
9772
9830
9946
9969
9940
9830
9974
9896
10000
9894
9857
9975
9943
9992
9958
9997
9847
9983
9916
9917
9920
9856
9856
9891
9972
10000
9926
9957
9904
9876
9903
9916
10000
9999
9876
9994
9986
9985
9955
9960
10000
9810
9983
9942
9937
9995
9972
9874
9898
9897
9954
9938
9892
9912
9998
9983
9941
9903
9972
9895
9887
9983
9931
9927
9943
9912
9940
9820
9878
10000
9999
9992
9929
9882
9998
9935
9870
10000
9979
9985
9886
10000
9993
9950
9931
9931
9914
9985
9813
9915
9961
9940
9955
9851
9851
9945
9919
9954
9991
9911
9988
10000
9956
9897
9924
9853
9998
9950
9971
9991
9870
9866
9990
9842
9866
9864
9900
9998
9972
9998
9964
10000
9965
9975
9896
9945
9837
9963
9937
9821
9827
9924
9895
9790
9890
9941
9961
9866
9998
9969
9911
9939
9814
9990
9924
10000
9980
9960
10000
9888
9914
9985
9906
9857
9915
9895
9874
9839
9914
9967
9939
9962
9923
9880
9998
9977
9855
9856
9867
9939
9900
9966
9983
9858
9894
9877
9900
9737
9991
9962
9885
9998
9902
9997
9943
9995
9825
10000
9960
9983
9940
9909
10000
9934
9931
9927
9925
9868
9990
9793
9916
9931
9809
9898
9973
9866
9954
9816
9962
9864
9848
10000
9860
10000
10000
10000
10000
9961
9999
9907
9969
9947
9870
10000
9955
9970
9844
9956
9955
9988
9981
9995
9872
10000
9951
9932
9779
9999
9936
9917
9994
9913
9985
9997
9913
9851
9942
9967
10000
9852
9886
9911
9869
9855
9911
9917
9987
9865
9954
9894
9940
9807
9970
9989
10000
9972
9929
9986
9809
9993
9840
9970
9993
9895
9922
9999
9987
9947
10000
9927
9931
9887
9883
9882
9968
10000
9926
9910
9961
9879
9870
9971
9967
9956
10000
9906
9998
9871
9875
9958
9893
9904
9979
9998
9960
9997
9902
10000
9932
9939
9947
9893
9877
9951
9933
9994
9971
9882
10000
9999
9960
9942
9914
10000
9743
9999
9938
9950
9922
9818
9983
9950
9999
9925
9972
9911
10000
9999
9908
9959
9998
9811
10000
9941
9846
9884
9960
9994
9998
9898
9929
9999
9993
9965
9815
9936
9917
9988
9993
9933
9891
9847
9898
9999
9867
9897
9943
9861
9928
10000
9895
9995
9994
9936
9943
9968
9820
9919
10000
9955
9898
9984
9944
9999
9913
9995
9987
9961
10000
9922
9966
9840
9971
9912
9938
9945
9966
9974
9838
9979
9971
9997
9828
9979
10000
9710
9978
9879
9873
9929
9801
9903
9967
9954
9774
9983
9976
9956
9956
9928
9998
9888
9988
9880
10000
9831
9955
9882
9829
9841
9942
9992
10000
9865
9928
9997
9888
9891
9969
9869
9931
10000
9933
9981
9941
9941
9992
9919
9945
9966
9825
9922
10000
9842
9991
9977
9979
9966
9918
9938
9963
9873
9916
9902
9964
9919
9969
9981
9995
9912
9945
9902
9766
9913
9705
9967
9999
9912
9761
9895
9896
9759
9871
9960
9852
9905
9931
9947
10000
9979
9944
9919
9999
9760
9994
9958
9871
9995
9871
9938
9815
9946
9997
9895
9976
9955
9847
9874
9954
9888
9939
9982
9894
9998
9881
9988
9895
9848
9908
9766
9949
9772
9784
9983
9919
9888
9925
9924
9901
9953
9968
9999
9911
9938
9888
9902
10000
9967
9933
9999
9870
9802
