9971
9927
9747
9967
9981
9919
9944
9919
9927
9909
9940
9829
9963
9940
9925
9848
9892
9818
9904
9907
9836
9876
9970
9909
9848
9970
9916
9942
9920
9998
9931
9865
9939
9954
9873
9934
9882
9946
9859
9925
9980
9957
9839
9916
9816
9941
9934
9902
9964
9999
9855
9884
9948
9917
9854
9797
9971
9916
9945
9954
10000
9986
9930
9959
9999
9782
9896
9898
9866
9810
9954
9915
9901
9928
9929
9911
9845
9995
9831
9973
9984
9930
9789
9937
9896
9897
9958
9875
9911
9843
9979
9827
9815
9892
9943
9905
9875
9903
9786
9998
9933
9874
9975
9993
9931
9983
9943
9976
9899
9894
9939
9862
9883
9801
9757
9917
9969
9898
9921
9915
9898
9870
9987
9855
9926
9865
9891
9836
9930
9865
9721
9924
9881
9879
9752
9949
9953
9901
9891
9971
9797
9931
9933
9878
9860
10000
9889
9921
9894
9858
9877
9912
9817
9948
9950
9965
9740
9812
9937
9886
9943
9941
9874
9896
9843
9857
9869
9990
9746
9857
9955
9899
9866
9890
9955
9885
9930
9921
9967
9896
9834
9956
9892
9902
9873
9981
9909
9969
9921
9895
9907
9855
9944
9902
9822
9832
9919
9944
9954
10000
9935
9994
9942
9943
9923
9895
9886
9966
9936
9962
9960
9935
9968
9877
9915
9917
9933
9930
9911
9992
9844
9910
9945
9878
9873
9958
9850
9937
9961
9956
9854
9977
9893
9809
9988
9932
9967
9928
9921
9955
9967
9868
9993
9953
9902
9923
9906
9912
9929
9832
9939
9922
9923
9824
10000
9941
9845
9990
9986
9986
9864
9855
9933
9998
9745
9879
9903
9846
9845
9894
9897
9919
9869
9911
9935
9846
9961
9926
9776
9904
9815
9789
9920
9927
9999
9971
9965
9923
9990
9920
9931
9835
9868
9841
9956
10000
9906
10000
9885
9944
9928
9945
9928
9925
9997
9898
9802
9997
9996
9884
9947
9979
9864
10000
9857
9949
9933
9963
9947
9989
9954
9910
9903
9892
9916
9995
9892
9917
9887
9960
9904
9933
9960
9944
9826
9734
9928
9562
9991
9871
9847
9966
9945
9887
9847
9817
9899
9780
9885
9874
9792
9892
9842
9882
9942
9947
9905
9859
9968
9946
9930
10000
9902
9883
9967
9864
9824
9932
9888
9866
9929
9908
9900
9953
9994
9981
9908
9917
9910
9912
9916
9814
9957
9793
10000
9898
9975
9869
9961
9916
9973
9935
9878
9933
9876
9926
9946
9951
9778
9861
9879
9835
9974
9912
9913
9870
9862
9939
9882
9989
9881
9937
9907
9885
9930
9980
9903
9746
9967
9812
9975
9989
9902
9823
9822
9901
9889
9868
9961
9839
9949
9844
9971
9935
9967
9969
9937
9994
9928
9848
9933
9897
9798
9932
9810
9860
9935
9878
9723
9900
9837
9810
9947
9994
9952
9922
9866
9966
9850
9984
9916
9902
9918
9849
9891
9775
9846
9997
9990
9860
9856
9953
9900
9878
9895
9918
9992
9946
9919
9951
9868
9954
9943
9852
9899
9944
9994
9953
9630
9994
9916
9922
9967
9856
9748
9948
9883
9841
9988
9918
9911
9852
9854
9903
9990
9802
9863
9951
9927
9975
9880
9936
9899
9881
9909
9934
9938
9999
9898
9907
9875
9989
9882
9991
9714
9938
9909
9823
9920
9950
9829
9981
9957
9916
9862
9966
9982
9941
9757
9920
9864
9879
9993
9956
9816
9888
9833
9853
9910
9981
9874
9845
9992
9971
9968
9995
9953
9925
9888
9851
9963
9941
9890
9990
9905
9853
9883
9928
9999
9922
9924
9994
9885
9953
9826
9916
9863
9856
9884
9932
9927
9945
9948
9964
9646
9904
9971
9925
9896
9979
9973
9993
9986
9901
9926
9932
9893
9866
9888
9996
9974
9932
9899
9934
9998
9952
9992
9974
9893
9941
9973
9914
9971
9857
9866
9833
9669
9990
10000
9819
9927
9923
9955
9871
9900
9983
9947
9933
9945
9910
9801
9859
9883
9716
9955
9920
9904
9935
9930
9958
9944
9849
9832
9917
9863
9900
9901
9846
9877
10000
9897
9910
9999
9857
9972
9922
9960
9906
9944
9968
9870
9836
9960
9925
9909
9938
9881
9893
9947
9992
9853
9907
9852
9844
9853
9996
9886
9802
9981
9948
10000
9947
9948
9854
9869
9896
9947
9896
9924
9865
9924
9965
9811
9939
9825
9949
9945
9880
9924
9984
9882
9967
9921
9799
9922
9962
9924
9917
9982
9925
9985
9994
9911
9952
9933
9981
9918
9878
9863
9926
9897
9901
9958
9890
9807
9946
9994
9981
9852
9926
9755
9962
9981
9866
9951
9923
9946
9894
9932
9905
9896
9948
9778
9895
9992
9977
9958
9992
9808
9752
9812
9908
9863
9897
9946
9950
9917
9716
9946
9926
9986
9955
9993
9921
9797
9960
9842
9934
9946
9811
9861
9923
9937
9935
9957
9947
9989
9948
9920
9979
9998
9928
9835
9931
9873
9915
9985
9997
9796
9904
9930
9916
9869
9990
9925
9894
9992
9889
9998
9964
9825
9940
9925
9932
10000
9872
9933
9993
9890
9921
9918
9812
9971
9974
9882
9965
9969
9969
9879
9996
9943
9965
9929
9962
9907
9913
9998
9890
9919
9925
9999
9938
9970
9965
9950
9956
9961
9856
9896
9899
9778
9889
9885
9928
9906
9977
9782
9918
9998
9995
9850
9934
9958
9790
9943
9897
9881
9941
9933
9929
9876
9868
9952
9860
9968
9925
9907
9944
9933
9914
9938
9956
9903
9991
9862
9882
9901
9978
10000
9963
9979
9940
9921
9931
9858
9793
9996
9861
9921
9837
9907
9844
9985
9845
9925
9806
9997
9942
10000
9967
9999
9939
9885
9998
9923
9906
9967
9899
9924
9879
9895
9944
9981
9882
9958
9959
9909
9852
9865
9907
9868
9960
9908
9929
9999
9962
9881
9863
9880
9930
9962
9839
9992
9984
9960
9939
9937
9957
9947
9997
9852
9951
9887
9893
9923
9989
9849
9857
9830
9880
9996
9869
9914
9860
9884
9925
9934
9921
9812
9887
9930
9913
9910
9897
9820
9983
9999
9858
9866
9865
9926
10000
9983
9983
9879
9894
9933
9952
9999
9991
9844
9975
9814
9902
9939
9827
9959
9909
9906
9754
9759
9964
9948
9993
9946
9975
9907
9947
9947
9914
