9999
9998
9869
9913
9965
9998
9998
9901
10000
9949
9894
9828
10000
9933
9935
9808
9983
9839
9931
9897
9990
9992
10000
9967
9941
9955
9902
9956
9887
9961
9996
9998
9973
9871
9882
9961
9967
9925
9999
9957
9999
9999
9970
9935
9918
9996
9823
9989
9999
9912
9810
9987
9908
9997
9896
9960
9993
10000
9977
9976
9802
9994
9954
9950
10000
9873
9895
9999
9996
9932
10000
9997
9789
9932
10000
9996
9887
10000
10000
9988
9995
9860
9968
9990
9907
9890
9889
9887
9996
9943
9994
9896
9922
9916
9999
9881
9916
9985
9925
9998
9929
9818
9995
9975
9872
9995
9962
9996
9990
9873
9850
9925
9997
9886
9997
9925
9931
9998
9824
9991
10000
9987
9989
9957
10000
9931
9978
9923
9952
9987
9979
9873
9973
10000
9931
9988
9973
9891
9859
9901
9977
9996
9979
9989
9972
9785
9989
10000
9991
9920
9998
9999
9959
9984
9848
9997
9938
9945
10000
9975
9928
9976
9915
9965
9962
9887
9998
10000
9985
9911
9899
9901
9992
9960
9987
9949
9931
10000
10000
9990
9920
9877
9911
9979
10000
10000
9944
10000
10000
9965
9932
9999
9874
9965
9935
9995
9995
9861
9997
10000
9853
9976
9848
9997
9997
9970
9994
9956
9835
9894
9943
9997
9979
9821
10000
9823
10000
9882
9974
9892
9943
9985
9936
9911
9936
9950
9967
9891
9988
9981
9981
9974
9899
9994
9982
9996
9966
9981
9989
9991
9993
9988
9924
9984
9990
10000
9868
9994
9994
9988
9955
9863
9998
9992
9982
9970
9987
9944
9962
9828
9961
9984
9999
10000
9866
9999
9989
9837
9842
9967
9981
9954
9859
10000
9922
9884
9951
9942
9996
9824
9992
9896
9954
9959
10000
9992
9913
9961
9999
9967
9951
9857
9929
9982
9999
9999
9929
9937
9912
9987
10000
9927
9999
9921
9982
10000
9999
9988
9992
10000
9920
9985
10000
9922
9878
9757
9999
9993
9995
9823
9970
9807
9983
9902
9915
9962
9929
10000
10000
9982
9941
9886
9997
9994
9990
9926
9984
9904
9987
9962
9934
9879
9952
9892
9865
10000
9995
9890
9997
9892
9960
9810
10000
10000
9898
9999
9955
9952
9931
9906
10000
10000
9993
9906
9821
9919
9872
9890
9998
9873
9951
9998
9789
9972
9991
9955
10000
9970
10000
9774
10000
9996
9954
10000
9933
9854
9986
9917
9835
9948
9960
9987
9995
9967
9937
9991
9956
9902
9999
9997
9906
9999
9974
9999
9810
9968
9779
9934
9829
9990
9946
9972
9904
9795
9901
9909
9994
9942
9923
9974
9997
9997
10000
9993
10000
9983
9861
9850
9964
9937
9931
9998
9984
9982
9847
9995
9950
9885
9994
9837
9986
9999
9994
9997
9996
9988
9925
9998
9945
9996
9954
9944
9899
9994
9927
9927
9974
9892
9833
9999
10000
9966
9952
9951
9833
9853
9998
10000
9894
10000
9883
9960
9887
9908
9833
9957
9916
9905
9894
9959
9799
9934
9804
9977
9999
9996
9977
9947
9947
9919
10000
9916
9966
9991
9997
9997
10000
9987
9930
9896
9931
9965
9938
9948
9999
10000
9987
9965
9808
9884
9936
10000
9910
9996
9999
9889
9881
9998
9975
9999
9997
9964
9864
9902
9960
9946
9937
9858
9996
9999
9854
9933
9990
9995
9599
9964
9990
9889
9989
9938
9923
9960
9996
9994
9933
9977
9843
9974
9997
10000
9995
9930
10000
10000
10000
9926
9999
9967
9990
9911
9997
9978
9948
9883
9971
9999
9989
9961
9908
9904
9923
9913
9972
9925
9902
9917
9661
9999
9965
9939
9914
9880
10000
10000
9989
9981
10000
9997
10000
10000
9938
9928
9998
10000
9994
9963
9937
9998
9993
9922
9995
9893
9977
9903
9904
9997
9997
9870
9961
9840
9988
9995
9991
9978
9917
9987
9985
9902
9881
9997
9999
10000
9998
9985
9928
10000
9929
9812
9885
9998
10000
9835
9833
9912
9926
9998
9899
9986
9943
9925
10000
9997
9917
9820
9797
9953
9995
9996
9764
9996
9866
9954
9998
10000
10000
9881
9999
9998
9829
9920
9972
9905
9940
9902
9888
9958
9999
9904
9991
10000
9976
9999
9992
9999
10000
9996
9957
9895
9997
10000
10000
9904
10000
9986
10000
9886
9996
9996
9919
9992
10000
9773
9971
9949
9958
9994
9903
9995
9939
10000
9996
10000
9993
9992
10000
10000
9917
9898
9923
9971
9961
9921
9905
9859
9996
9905
9982
9995
9992
10000
10000
9834
9924
9950
9880
10000
9924
9978
9966
9737
9988
9971
9983
9965
9999
9999
9884
9999
9916
9946
9976
9998
9992
9813
9917
9974
9989
9934
9984
10000
9937
9982
9996
10000
9940
9951
9978
9879
9990
9996
9992
9975
9939
9924
9995
9996
9993
9977
9883
9845
9996
9926
9912
10000
10000
9992
9903
9998
9866
9943
9986
9949
9912
9899
9927
9999
9991
9994
9902
9828
9902
9895
9762
9999
9999
9972
9924
10000
9970
9996
9907
9963
9928
9923
10000
9999
9900
9845
9937
9996
9892
9947
9999
9996
9859
9944
9949
9955
9876
9924
9976
9831
9984
9949
9994
9811
9857
9909
9939
10000
9920
9994
9968
9892
9977
9995
9999
9963
9985
9983
9760
9996
9975
9883
9999
9959
9942
9890
9997
9998
9995
9958
10000
10000
10000
9993
9954
9810
9879
9997
9997
9998
9954
9995
9983
9958
9974
10000
9885
9976
9995
9958
9995
9987
9915
9978
9975
9934
9996
9997
9901
9910
9923
9991
9938
9761
9922
10000
9947
9992
9902
9956
9892
9991
9969
9918
9980
9935
9912
9919
9961
9939
9855
9912
10000
9918
9916
9917
10000
9988
9962
10000
9838
9856
9986
9955
9943
9998
9760
10000
10000
10000
9945
9892
9869
9964
9915
10000
9778
9894
10000
9906
9939
9831
9868
9996
10000
9989
9938
9914
9943
9998
9999
10000
9935
9997
9989
10000
9995
9993
9951
9991
9912
9912
9995
9891
9898
9994
9976
9901
9914
9996
9998
9987
9871
10000
9999
9938
9999
9997
9944
9957
9938
9972
9788
9808
9936
9939
9979
9917
9881
9986
9968
9960
10000
9996
9928
9771
9931
9952
9947
9941
10000
9998
9997
9894
9917
9996
9999
9952
