9940
9727
9884
9955
10000
9975
9920
9970
9835
10000
9916
9876
9863
9859
10000
9945
9803
9965
9957
10000
9953
9873
9950
9895
9923
9905
9822
9951
9917
9885
10000
9987
9933
9863
9923
9788
9910
9997
10000
9925
9921
9997
9933
9931
9913
10000
9968
9927
9951
9979
9828
9808
9918
9947
9990
9812
9882
9910
9876
9893
9951
9921
9968
10000
10000
9984
9900
9990
9983
9948
9798
9965
9949
9841
9841
9895
10000
9886
9764
10000
9986
9897
9945
9803
9968
9973
9927
9985
9965
9917
9918
9983
9873
9813
9818
9769
10000
9964
10000
9997
9893
9996
9891
9877
9699
9979
9926
9852
9874
9884
9917
9998
9912
9876
10000
9930
9780
9898
9891
10000
9919
9891
9999
9868
9926
9999
9909
9881
9820
9817
9856
9870
9909
9936
9961
9925
9941
10000
9921
9875
9827
9933
9833
9872
9874
9964
9899
9984
10000
9796
9817
9968
9901
9835
10000
10000
9876
9887
9965
9963
9961
9930
9984
9922
9530
9962
9881
9735
9835
9966
9954
9753
9933
9897
9693
9874
9821
9990
9836
9970
9904
9921
9952
9951
9980
9921
9886
9918
9939
9940
9915
9995
9847
9859
9836
9908
9901
9974
9879
9942
9819
9824
9938
9905
9997
9899
9857
9955
9971
9998
9932
9990
9947
9891
9899
9880
9967
9821
9897
9973
9997
9926
9900
10000
9975
9910
9951
9895
9826
9912
9906
10000
10000
10000
9975
9999
9983
9953
9834
9903
9874
9942
9813
9855
9841
9871
9951
9953
9919
9857
9980
9835
9831
9993
9997
9945
9903
9874
9855
9833
9914
9972
10000
9901
9881
9935
9998
9956
9907
9966
10000
9997
9914
9958
9936
9938
9941
9896
9920
9898
9913
9921
9946
9859
9969
9974
9917
9988
9919
9868
9879
9910
9993
9961
9919
9828
9884
9924
9893
9943
9892
9952
9979
9953
9931
9735
9926
9954
9997
9975
9904
9979
9890
9989
10000
9856
10000
9879
9891
9904
10000
9993
10000
9987
9968
9904
9914
9986
9864
9911
9938
9894
9934
9932
9897
9810
9897
9884
9935
9995
9893
9992
9990
9957
9897
9947
9974
9920
9995
9970
9985
10000
9873
9890
9870
9982
9903
9971
9840
9952
9885
9982
10000
9940
9995
10000
9875
9910
9835
9715
9804
9857
9882
9915
9951
9934
9903
9970
9956
9834
9882
9949
9960
9901
9920
9894
9767
9969
9982
9796
10000
9848
9873
9933
9937
9958
9932
9834
9860
9928
9864
9934
9877
9947
9864
9921
9958
10000
9939
9969
9941
9946
9810
9889
9949
9952
9927
9816
9741
9942
9984
9974
9774
9973
9937
9940
9987
9998
9783
9925
9888
9949
10000
9949
9921
9933
9975
9757
9864
9852
9954
9923
9998
9901
9987
9914
9963
9843
9987
9914
9795
9945
9923
9908
10000
10000
9931
9966
9768
9914
10000
9811
9938
9917
9988
9905
9892
10000
9887
9969
9881
9930
9835
9871
9883
9897
9929
9918
9925
9852
9923
9959
9904
10000
9992
9850
10000
9912
9936
9883
9853
9910
9863
10000
9844
9842
9981
9861
9893
9938
9870
9984
9969
9882
9792
9964
9849
9955
9947
9920
9954
9959
9863
9893
9990
9998
10000
9930
9927
9997
9954
9962
9999
9918
9912
9958
9891
9944
9881
9995
9981
9893
9859
9955
9937
9853
9928
10000
9956
9977
9908
10000
9936
9922
9923
9970
9891
9949
9958
9906
9996
9974
9833
9984
9999
9819
9870
9944
9927
9924
9924
10000
9927
9834
9945
9941
9921
9982
9861
9850
9788
10000
9996
10000
9892
9960
9897
9946
9900
10000
9917
9870
9893
9993
9918
9886
9923
10000
9908
9809
9944
10000
9954
9701
9894
9787
9826
9980
9998
9979
10000
9973
9983
9858
9915
10000
9895
9989
9985
9959
9935
9890
9808
9947
9865
9884
10000
9994
9914
9930
9922
9776
9937
9942
9815
9925
9947
9904
9852
9987
9902
9817
9875
9916
9996
9934
9955
9873
9884
9959
9998
9994
9883
9866
9902
9899
9994
10000
9874
9890
9970
9871
9990
9768
9922
9831
9878
9938
9873
9919
9888
9894
9893
9870
10000
10000
9984
9946
9882
9917
9965
9897
9904
9815
9960
9947
10000
9780
9942
9821
9866
9973
9983
9887
9974
9912
9708
9774
9995
9852
9690
9917
9840
9975
9930
9812
9938
9882
9999
10000
9867
9845
9987
9865
9805
9871
9835
9966
9794
9979
9905
9888
9905
10000
9968
9864
9937
9737
9889
9848
9855
9930
9855
9883
9921
9831
9875
9913
9913
9860
9984
9922
9950
9970
9991
9994
9999
9921
9917
9867
9921
9929
10000
9900
9925
9978
9937
9972
9932
9873
9956
9955
9844
9926
9959
9884
9862
9940
9832
9932
9867
9997
9891
9931
9938
9833
9885
9834
9965
9953
9949
9884
9942
9849
9843
9810
9836
9951
9909
9897
9925
9911
9917
9898
9897
9826
9928
9972
9925
9911
9883
9894
9902
9926
9963
9999
9948
9934
9948
9995
9889
9951
9820
9952
9905
10000
9854
9838
9903
9880
9997
10000
9880
9802
9933
9964
9912
9919
9813
9990
9849
9999
9875
9935
9986
9975
9980
9950
9999
9952
9917
10000
10000
10000
9952
9950
9947
9942
9904
9942
9953
9939
9858
9910
9856
9929
9930
9988
9803
9916
9976
9926
9994
9851
9912
9852
9990
9930
9989
9999
9920
9905
9945
9871
10000
9888
9837
9913
9872
9835
9943
10000
9903
9961
9995
9785
9866
10000
10000
9933
9951
9998
9985
9976
9812
9919
9970
9909
9864
9897
9871
9999
9865
9900
9889
9916
9952
9924
9913
9975
9952
9996
10000
9907
9957
10000
9914
9859
9868
9880
9927
10000
9845
9903
9923
9969
9875
10000
10000
9912
9930
9843
9895
10000
9839
9825
9900
9961
9867
9980
10000
9921
9970
9984
9929
9982
9895
10000
9994
9852
9849
9846
9999
9962
9974
10000
9863
9918
9911
10000
9996
9968
9921
9904
9859
9987
9858
10000
10000
9951
9951
9927
9976
9937
9905
9973
10000
9893
9924
9819
9974
9980
9820
9967
9894
9947
9939
10000
9989
9940
9905
9974
9999
9864
9958
10000
10000
9868
9899
9900
9950
9903
9889
9832
9842
9934
9918
10000
9854
9984
