9907
9904
9899
9937
9918
9938
9865
9924
9900
9920
9947
9706
9889
9862
9931
9848
10000
9964
9928
9923
9874
9742
9853
9901
9785
9866
9905
9856
9883
9948
9827
9853
9867
9827
9863
9958
9942
9913
9847
9955
9852
9947
9889
9966
9891
9883
9822
9866
9871
9900
9947
9818
9869
9902
9877
9944
9821
9925
9939
9907
9959
9908
9725
9941
9952
9941
9926
9968
9970
9909
9909
9921
9929
9791
9881
9984
9918
9903
9960
9973
9948
9950
9930
9921
9860
9907
9918
10000
9945
9800
9874
9959
9878
9937
9922
9932
9850
9967
9921
9849
9886
9920
9968
9941
9917
9852
9836
9949
9975
9952
9844
9916
9924
9933
9867
9897
9949
9973
9994
9893
9947
9831
9959
9982
9873
9881
9907
9965
9879
9839
9943
9893
9872
9850
9914
9855
9919
9963
9904
9922
9886
9902
9944
9901
9893
9943
9898
9933
9809
9982
9863
9829
9870
9916
9843
9830
9999
9795
9918
9957
9997
9885
9868
9928
9872
9861
9926
9968
9887
9922
9885
9922
9913
9971
9982
9818
9897
9942
9913
9821
9949
9851
9905
9949
9922
9952
9935
9844
9919
9885
9837
9986
9978
9939
9861
9976
9867
9952
9963
9926
9813
9915
9880
9959
9783
9927
9902
9903
9814
9886
9831
9883
9939
9891
9925
9877
9984
9880
9843
9975
9915
9864
9887
9915
9965
9809
9907
9925
9929
9910
9899
9854
9912
9942
9996
9981
9954
9930
9972
9833
9856
9907
9938
9915
9909
9915
9955
9890
9773
9890
9956
9947
9930
9887
9995
9973
9875
9988
9959
9853
9926
9878
9911
9908
9881
9948
9961
9878
9964
9903
9797
9947
9938
9927
9782
9866
9956
9904
9869
9913
9862
9994
9879
9897
9889
9895
9843
9962
9933
9891
9912
9838
9788
9919
9930
9950
9923
9933
9879
9823
9837
9902
9933
9945
9900
9944
9939
9894
9766
9827
9932
9834
9900
9851
9880
9845
9959
9895
9862
9937
9897
9817
9907
9946
9944
9930
9858
9923
9934
9862
9909
9945
9965
9930
9909
9922
9915
9926
9982
9835
9980
9968
9675
9908
9930
9925
9965
9905
9958
9880
9885
9952
9932
9941
9897
9826
9962
9867
9929
9890
9887
9890
9911
9846
9905
9982
9910
9920
9900
9806
9882
9836
9860
9824
9746
9911
9924
9956
9788
9996
9831
9981
9837
9931
9889
9939
9935
9813
9966
9879
9951
9879
9986
9902
9968
9977
9864
9878
9982
9983
9843
9920
9868
9893
9890
9893
9944
9931
9899
9928
9899
9828
9915
9883
9915
9910
9937
9833
9928
9917
9890
10000
9916
9851
9925
9895
9928
9884
9776
9964
9936
9794
9875
9958
9915
9967
9963
9962
9849
9863
9911
9857
9830
9927
9880
9874
9917
9809
9825
9824
9957
9944
9874
9838
9959
9863
9889
9937
9917
9960
9985
9999
9969
9924
9992
9764
9954
9920
9932
9926
9916
9871
9920
9941
9883
9814
9890
9917
9908
9920
9839
9962
9961
9927
9987
9974
9900
9963
9906
9996
9932
9861
9861
9900
9847
9738
9876
9930
9917
9907
9988
9980
9945
9855
9958
9877
9964
9884
9925
9937
9889
9905
9892
9921
9921
9913
9705
9955
9837
9936
9907
9920
9933
9862
9956
9767
9915
9958
9977
9861
9953
9996
9923
9907
9931
9930
9935
9952
9909
9900
9944
9893
9817
9922
9948
9917
9895
9972
9900
9948
9951
9911
9929
9855
9905
9899
9834
9859
9834
9908
9916
9829
9837
9938
9883
9964
9902
9830
9834
9916
9805
9987
9799
9920
9873
9969
9930
9911
9837
9959
9904
9979
9919
9954
9918
9920
9913
9936
9929
9852
9903
9811
9928
9839
9851
9863
9940
9932
9912
9898
9895
9893
9912
9983
9935
9985
9877
9954
9961
9923
9934
9971
9935
9933
9942
9958
9844
9934
9946
9851
9916
9838
9830
9940
9926
9905
9989
9893
9930
9924
9964
9906
9930
9895
9871
9896
9962
9906
9925
9907
9871
9943
9935
9975
9937
9850
9857
9904
9834
9871
9919
9948
9905
9945
9959
9860
9962
9944
9968
9967
9952
9816
9919
9774
9837
9945
9865
9913
9906
9911
9844
9811
9979
9863
9849
9953
9909
9946
9945
9965
9864
9981
9922
9845
9708
9915
9924
9923
9956
9908
9862
9961
9956
9881
9946
9888
9963
9952
9946
9879
9863
9963
9907
9849
9990
9984
9931
9883
9971
9845
9851
9820
9905
9852
9888
9914
9919
9841
9869
9910
9900
9970
9978
9780
9829
9955
9930
9783
9957
9830
9949
9928
9843
9949
9978
9862
9944
9931
9954
9872
9995
9904
9855
9860
9868
9893
9913
9889
9865
9849
9891
9978
9921
9814
9884
9760
9913
9952
9901
9808
9893
9935
9945
9873
9917
9983
9942
9945
9979
9869
9923
9874
9903
9788
9875
9929
9923
9928
9948
9944
9910
9871
9907
9852
9883
9898
9894
9867
9955
9925
9863
9909
9987
9919
9902
9924
9952
9869
9977
9955
9839
9925
9944
9934
9813
9994
9911
9933
9928
9994
9953
9857
9911
9932
9954
9943
9838
9859
9876
9886
9923
9865
9866
9910
9891
9853
9948
9824
9877
9962
9878
9972
9808
9925
9874
9914
9840
9937
9867
9867
9899
9886
9961
9885
9808
9955
9902
9850
9891
9906
9890
9914
9889
9888
9859
9966
9925
9812
9929
9874
9929
9957
9752
9940
9837
9856
9934
9804
9899
9898
9831
9808
9852
9917
9973
9894
9891
9905
9915
9986
9956
9793
9956
9928
9921
9942
9860
9933
9935
9891
9884
9907
9822
9923
9743
9955
9888
9925
10000
9841
9957
9922
9922
9887
9820
9938
9938
9851
9897
9938
9965
9953
9920
9919
9951
9829
9870
9925
9988
9923
9908
9801
9716
9965
9887
9883
9861
9886
9893
9947
9874
9800
9998
9978
9938
9883
9986
9953
9923
9947
9876
9933
9892
9967
9890
9911
9934
9887
9915
9829
9915
9924
9953
9882
9963
9926
9907
9897
9919
9877
9962
9946
9899
9936
9964
9820
9884
9983
9870
9820
9908
9864
9909
9932
9922
9890
9862
9831
9990
9887
9916
9705
9918
9936
9962
9927
9923
9767
9945
9947
9895
9919
9965
9799
9897
9916
9935
9995
9796
9774
