9861
9941
9845
9913
9934
9910
9947
9977
9888
9983
9954
9892
9886
9876
9984
9963
9924
9973
9870
9921
9817
9910
9904
9930
9891
9790
9926
9939
9774
9942
9992
9966
9931
9880
9881
9908
9867
9995
9947
9878
9913
9887
9997
9923
9951
9849
9976
9953
9921
9938
9876
9883
9989
9800
9874
9886
9931
9973
9861
9811
9896
9972
9829
9956
9990
9922
9917
9804
9783
9965
9930
9820
9972
9972
9911
9828
9795
9861
9909
9926
9924
9935
9928
9988
9865
9869
9843
9807
9885
9951
9908
9901
9935
9907
9904
9832
9862
9939
9991
9943
9989
9927
9938
9897
9860
9910
9872
9973
9932
9819
9938
9981
9844
9979
9937
9835
9860
9886
9871
9825
9974
9947
9968
9944
9984
9872
9905
9939
9769
9884
9956
9913
9963
9809
9878
9754
9945
9907
9990
9916
9931
9905
9945
9962
9929
9926
9949
9947
9874
9812
9917
9900
9871
9971
9893
9920
9774
9884
10000
9885
9808
9852
9904
9902
9831
9821
9927
9845
9987
9918
9891
9946
9949
9992
9882
9775
9922
9953
9913
9759
9942
9969
9917
9923
9876
9899
9916
9982
9951
9986
9905
9993
9885
9975
9934
9906
9958
9900
9917
9867
9928
9844
9966
9955
9956
9892
9924
9924
9907
9829
9986
9973
9928
9848
9950
9738
9871
9909
9985
9991
9897
9951
9996
9894
9908
9930
9847
9945
9793
9920
9869
9958
9942
9900
9971
9836
9848
9888
9940
9960
9751
9997
9926
9940
9952
9911
9845
9929
9932
9916
9894
9828
9950
9896
9803
9910
9911
9883
9844
9995
9977
9866
9956
9885
9880
9921
9819
9923
9912
9868
9929
9993
9926
9949
9715
9956
9863
9992
9897
9969
9889
9876
9881
9944
9882
9749
9939
9889
9949
9919
9991
9996
9897
9879
9802
9972
9757
9983
9763
9891
9979
9879
9894
9918
9867
9892
9883
9956
9822
9935
9937
9915
9964
9997
9919
9865
9912
9980
9915
9875
9970
9980
9933
9882
9926
9890
9756
9888
9847
9841
9928
9936
9889
9975
9937
9978
9937
9925
9917
9924
9857
10000
9933
9935
9915
9844
9834
9932
9931
9790
9818
9900
9828
9994
9860
9960
9861
9950
9987
9913
9928
9971
9923
9966
9957
9915
9900
9983
9958
9915
9976
9760
9966
9858
9803
9952
9774
9913
9916
9936
9837
9841
9922
9916
9932
9921
9910
9957
9942
9949
9852
9842
9973
9903
9965
9933
9999
9883
9945
9825
9987
9807
9937
9938
9923
9921
9977
9997
9934
9952
9933
9815
9871
9970
9897
9986
9990
9982
9958
9866
9916
9991
9925
9989
9926
9923
9828
9948
9851
9900
9944
9927
9905
9932
9955
9975
9849
9977
9942
9941
9904
10000
9910
9890
9884
9857
9939
9855
9841
9905
9912
9939
9997
9867
9900
9879
9866
9939
9810
9980
9989
9935
9994
9830
9858
9931
9978
9867
9965
9928
9962
9974
9883
9905
9860
9997
9917
9875
9994
9924
9968
9850
9843
9929
9884
9883
9951
9797
9905
9896
9958
9900
9899
9966
9827
9966
9869
9847
9866
9898
9971
9881
9903
9779
9931
9971
9907
9923
9917
9771
9968
9797
9999
9935
9931
9924
9993
9929
9643
9657
9855
9938
9981
9836
9897
9907
9997
9975
9840
9902
9978
9870
9996
9923
9872
9974
9975
9885
9965
9918
9945
9852
9950
9966
9973
9862
9872
9955
9947
9994
9844
9986
9977
9870
9896
9877
9843
9948
9806
9947
9931
9787
9909
9849
9943
9947
9806
9923
9928
9899
9887
10000
9952
9982
9859
9885
9960
9909
9956
9974
9799
9925
9957
9833
9840
9998
9844
9812
9933
9893
9932
9942
9904
9814
9917
9949
9850
9923
9905
9865
9917
9955
9903
9860
9949
9880
9937
9937
9903
9836
9853
9948
9955
9819
9911
10000
9889
9919
9864
9982
9946
9943
9794
9859
9996
9842
9943
9821
9893
9935
9916
9910
9992
9921
9816
9933
9831
9919
9824
9875
9761
9917
9931
9927
9979
9895
9923
9938
9977
9901
9988
9942
9925
9936
9947
9925
9932
9903
9934
9972
9880
9878
9969
9892
9828
9949
9970
9837
9988
9777
9845
9838
9859
9968
9892
9915
9958
9760
9999
9860
9938
9906
9953
9946
9961
9862
9929
9901
9949
9835
9966
9986
9961
9963
9948
9906
9907
9903
9942
10000
9902
9948
9902
9924
9903
9926
9983
9914
9967
9847
9969
9996
9944
9940
9894
9914
9926
9801
9915
9976
9938
9944
9964
9896
9938
9893
9990
9932
9956
9936
9926
9920
9926
9940
9981
9848
9945
9995
9876
9848
9867
9883
9997
9945
9938
9910
9906
9866
9948
9909
9849
9966
9990
9877
9773
9830
9901
9952
9865
9845
9907
9937
9955
9901
9887
9975
9877
9988
9824
9940
9948
9937
9981
9978
9932
9951
9946
9934
9847
9951
9949
9900
9923
9960
9856
9865
9927
9871
9743
9862
9940
9994
9945
9860
9930
9976
9895
9850
9869
9946
9809
9949
9880
9974
9955
9875
9912
9907
9962
9950
9909
9923
9883
9886
9908
9951
9941
9931
9941
9773
9974
9982
9985
9915
9921
9872
9891
9798
9825
9903
9858
9886
9913
9993
9837
9997
9941
9995
9878
9829
9967
9871
9891
9997
9950
9985
9890
9975
9916
9874
9913
9874
9961
9935
9855
9946
9933
9874
9948
9910
9946
9903
9876
9915
9857
9889
9948
9944
9858
9931
10000
9848
9929
9996
10000
9926
9894
9972
9860
9973
9938
9885
9975
9882
9907
9912
9981
9952
9958
9905
9954
9953
9994
9945
9894
9873
9942
9856
9875
9800
9948
9883
9925
9931
9943
9959
9904
9949
9836
9908
9889
9966
9947
9958
9791
9936
9988
9989
9907
9937
9912
9801
9970
9808
9945
9890
9952
9968
9864
9980
9887
9919
9929
9976
9895
9999
9874
9974
9904
9893
9966
9786
9816
9958
9941
9970
9935
9927
9965
9977
9960
9969
9947
9952
9900
9910
9990
9914
9946
9952
9973
9912
9894
9888
9893
9925
9872
10000
9918
9910
9870
9993
9824
10000
9887
9909
9838
9837
9880
9876
9990
9929
9947
9795
9919
9899
9982
9930
9870
9838
9871
9955
9968
9860
9948
9994
9815
9883
9872
9932
