9938
9904
9944
9820
9990
9907
9903
9972
9920
9857
9929
9882
9919
9963
9954
9959
9955
9952
9896
9922
9920
9897
9962
9861
9929
9876
9863
9945
9865
9945
9831
9953
9945
9984
9952
9952
9816
10000
9917
9969
9957
9927
10000
9982
9840
9877
9892
9864
9944
9936
9888
9916
9870
9871
9882
9888
9947
9968
9889
9821
9936
9993
9892
9849
9907
9973
9954
9838
9987
9956
9947
9942
9933
9888
9940
9908
9986
9944
9899
9905
9908
9876
9820
9859
9838
9989
9875
9783
9965
9923
9819
9918
9919
9944
9910
9962
9796
9978
9965
9895
9832
9919
9948
9826
9899
9909
9832
9931
9899
9911
9860
9907
9890
9936
9913
9922
9902
9967
9851
9888
9719
9966
9962
9866
9764
9967
9846
9919
9835
9925
9922
9973
9895
9852
9929
9941
9916
9665
9861
9920
9828
9911
9946
9797
9891
9938
9922
9862
9898
9846
9950
9857
9873
9945
9920
9961
9875
9882
9936
9921
9939
9846
9894
9969
9919
9890
9870
9880
9923
9964
9880
9937
9925
9973
9926
9955
9925
9897
9892
9953
9906
9812
9964
9871
9852
9907
9823
9920
9980
9915
9987
9882
9922
9948
9920
9902
9943
9843
9922
9963
9959
9964
9918
9723
9942
9804
9766
9876
9822
9966
9997
9900
9966
9859
9933
9919
9972
9942
9951
9938
9904
9941
9956
9932
9944
9919
9957
9921
9897
9798
9908
9995
9912
9865
9932
9682
9923
9983
9978
9925
9913
9980
9941
9881
9930
9973
9940
9919
9910
9861
9899
9941
9813
9886
9878
9989
9905
9836
9851
9924
9856
9776
9939
9989
9975
9851
9845
9939
9847
9941
9968
9841
9901
9806
9869
9957
9889
9940
9928
9860
9830
9953
9731
9942
9944
9868
9912
9946
9887
9904
9913
9917
9899
9868
9930
9961
9963
9925
9892
9839
9951
9992
9888
9948
9885
9930
9896
9873
9910
10000
9930
9854
9971
9834
9946
9934
9934
9916
9843
9969
9890
9885
9887
9918
9870
9923
9812
9934
9988
9900
9913
9958
9879
9834
9904
9940
9977
9889
9845
9933
9832
9962
9949
9948
9895
9908
9814
9969
9902
9924
9859
9747
9858
9962
9970
9991
9998
9876
9909
9995
9885
9951
9901
9855
9905
9928
9911
9856
9965
9963
9868
9972
9942
9946
9810
9953
9908
9907
9911
9843
9984
9912
9903
9963
9929
9862
9836
9893
9827
9911
9737
9914
9837
9922
9910
9961
9998
9893
9998
9864
9857
9952
9857
9854
9886
9974
9977
9858
9963
9883
9954
9894
9899
9837
9878
9853
9902
9974
9840
9858
9895
9904
9874
9904
9947
9899
9850
9942
9961
9930
9843
9768
9873
9704
9923
9943
9953
9923
9899
9958
9850
9921
9926
9922
9917
9920
9920
9868
9879
9899
9842
9987
9996
9938
9981
9918
9961
9840
9904
9948
9978
9974
9924
9948
9934
9940
9954
9899
9918
9755
9868
9887
9862
9886
9925
9925
9942
9887
9914
9941
9923
9822
9902
9947
9951
9950
9937
9998
9904
9956
9870
9882
9815
9876
9887
9907
9946
9943
9973
9854
9938
9790
9868
9918
9958
9918
9970
9950
9944
9999
9875
9888
9865
9832
9933
9916
9921
9736
9897
9871
9817
9902
9816
9943
9911
9953
9784
9977
9938
9856
9915
9893
9896
9971
9939
9932
9847
9996
9813
10000
9941
9845
9865
9785
9916
9887
9937
9944
9846
9922
9939
9938
9922
9918
9890
9897
9967
9893
9961
9813
9912
9963
9997
9775
9944
9874
9846
9879
9839
9898
9953
9789
9825
9933
9824
9937
9818
9931
9985
9937
9900
9934
9895
9991
9913
9997
9908
9936
9895
9945
9873
9913
9938
9951
9859
9853
9897
9821
9911
9896
9974
9920
9881
9945
9952
9904
9792
9973
9924
9823
9925
9892
9957
9942
9858
9942
9845
9931
9886
9913
9864
9911
9910
9895
9948
9895
9964
9885
9910
9879
9916
9875
9976
9856
9923
9815
9839
9939
9844
9803
9974
9817
9830
9976
9957
9903
9974
9880
9921
10000
9859
9883
9852
9865
9814
9911
9859
9953
9837
9933
9900
9866
9841
9942
9874
9933
9920
9891
9977
9909
9891
9935
9912
9892
9867
9889
9938
9874
9959
9980
9846
9938
9938
9857
9950
9899
9923
9807
9912
9820
9942
9810
9953
9996
9858
9875
9877
9900
9808
9964
9930
9801
9889
9881
9874
9910
9934
9904
9959
9961
9887
9793
9972
9832
9915
9923
9885
9967
9773
9867
9880
9895
9877
9953
9669
9867
9683
9903
9832
9847
9991
9988
9914
9862
9909
9912
9904
9964
9913
9974
9917
9931
9910
9920
9800
9907
9939
9943
9918
9952
9776
9933
9898
9876
9934
9905
9990
9798
9926
9942
9836
9860
10000
9830
9971
9797
9920
9934
9909
9815
9934
9895
9920
9895
9949
9993
9901
9856
9875
9842
9957
9949
9911
9915
9975
9949
9995
9881
9895
9909
9939
9837
9956
9913
9887
9926
9978
9920
9799
9919
9917
9896
9919
9972
9927
9882
9841
9918
9958
9865
9955
9853
9873
9930
9940
9828
9928
9944
9916
9904
9941
9816
9910
9969
9906
9830
9852
9969
9929
9929
9966
9853
9867
9821
9895
9928
9735
9887
9887
9829
9916
9956
9892
9962
9879
9923
9963
9930
9850
9902
9888
9912
9813
9900
9999
9896
9852
9771
9890
9939
9875
9782
9835
9905
9960
9887
9885
9799
9995
9909
9859
9939
9908
9962
9981
9976
9807
9902
9896
9849
9860
9960
9858
9838
9905
9877
9792
9909
9893
9950
9910
9883
9947
9932
9834
9903
9932
10000
9855
9950
9922
9956
9907
9873
9935
9897
9920
9831
9877
9983
9866
9870
9874
9924
9974
9978
9958
9831
9873
9976
9978
9978
9949
9870
9910
9922
9904
9976
9933
9877
9827
9864
9970
9868
9878
9919
9955
9954
9983
9923
9873
9931
9918
9950
9899
9992
9961
9900
9933
9823
9938
9957
9990
9921
9916
9970
9908
9927
9948
9925
9927
9958
9945
9919
9692
9917
9877
9915
9867
9906
9967
9911
9929
9913
9801
9880
9959
9784
9929
9891
9778
9839
9966
9880
9882
9961
9885
9871
9799
9799
9866
9966
9802
9957
9853
9939
9945
9945
9969
9920
