9983
9938
9928
9985
9880
9844
9998
9900
9951
9994
9977
9989
9961
9990
9895
9991
9902
9964
9999
10000
9990
9895
9951
9954
9806
9959
9994
9925
9996
9903
9957
9958
9974
9984
9983
9930
9994
9992
9961
10000
9999
9938
9921
9939
9963
9992
9985
10000
9935
9838
9986
10000
10000
9941
9881
9994
9831
9983
9987
9981
9995
9954
9989
9982
9994
9975
9994
10000
9951
9981
9985
9938
9864
9972
9966
9979
9985
9981
9951
9972
9967
9980
9954
9899
9992
9999
9957
9981
9996
10000
10000
9953
9951
10000
10000
9945
9866
9926
9965
10000
9991
9989
9930
9994
9966
9953
9937
9968
9992
10000
9982
9975
9982
9995
9893
9906
9980
9903
9989
9858
10000
9985
9868
9923
9997
9964
9930
9933
9967
9993
9966
9991
9836
9959
9992
10000
10000
9901
9940
9980
9893
9896
10000
9962
9980
9995
9996
9980
9996
9966
10000
9939
9996
9921
9971
9980
9988
9899
9855
9992
9940
9973
9971
10000
9998
10000
9991
9997
9999
9993
9962
9935
10000
9982
9980
9962
9996
9986
9861
9997
9931
9988
9916
9966
9979
10000
9991
9984
9972
9849
9929
9930
9965
9829
10000
9988
10000
9885
9878
9997
9824
9891
9816
9952
9845
10000
9982
9982
9999
9981
9886
9955
9917
9989
9998
10000
9998
9882
9981
9998
9979
9997
9915
9977
9998
9979
9978
9917
9986
9999
9995
9975
9986
9904
9855
9952
9978
9997
9976
9960
9913
9897
9979
9990
9973
9936
9951
10000
9871
9986
9956
9919
9948
9995
9899
9962
9783
9925
9974
9996
9862
9995
9783
9994
9979
9952
9967
10000
9917
9992
9988
9998
9991
9940
9996
9989
9978
9968
9795
9965
9991
9995
9982
9925
9914
9999
9958
9999
9972
9970
9976
9853
10000
9939
9923
9995
9990
9870
9950
9926
9986
9950
9997
9964
9899
9997
9998
9972
9843
9889
9901
9990
9883
9888
9987
9808
9993
9992
9980
9932
9993
9985
9944
9976
9923
9901
9945
9929
9989
9948
9999
9999
10000
9988
9913
9980
9897
10000
9967
9978
9999
10000
9937
9973
9990
9999
9980
9835
9978
9995
9902
9976
9996
9987
9999
9993
9999
9990
9967
9897
9997
9915
9990
9961
9897
9997
9994
9997
10000
9968
10000
9856
10000
9944
9920
9897
9999
9997
9911
9985
9918
9981
9990
10000
9858
9993
9964
9967
9936
9991
9942
9996
10000
9972
9915
9953
9903
9998
9982
9957
9956
9999
9953
10000
9991
9970
9983
9987
9967
9916
9965
9903
9978
9987
9999
9928
9990
9984
9974
9912
9981
9963
9948
9949
9961
9843
9982
9929
9999
9998
9998
9925
9915
9987
9905
9994
9952
9914
9985
10000
10000
9845
9991
10000
9913
9970
9812
9947
9974
9990
9997
9982
9995
9998
9983
9988
9966
9935
9973
9949
10000
9876
9962
9847
9954
9939
9999
9995
9973
9858
9998
9994
9936
9988
10000
9969
9838
9923
9964
9976
9992
9954
9994
9833
9918
9994
9963
10000
9988
9918
9936
9970
9969
9997
9973
10000
9966
9991
9997
10000
9919
9950
9985
9943
9975
9986
9939
9964
9876
9977
9998
9970
9859
9963
9971
9912
9928
9946
9973
9856
9978
9985
9905
9992
9998
9972
9944
9913
9971
9960
9988
10000
9998
9999
9883
9985
9935
9955
10000
9992
9996
9992
9993
9986
9895
9998
9994
9992
9865
9988
9999
9860
9982
9984
9808
9993
9989
9975
9994
9992
9915
9922
9996
9997
9982
9998
9908
9947
9860
9964
9967
9851
9983
9935
9923
9999
9927
9968
9999
9952
9922
9918
9985
9962
9990
9976
9999
9947
9991
9945
9970
9985
9958
9997
9931
9979
9955
9983
9943
9927
9910
9920
9949
9960
9947
9991
9967
9996
10000
9915
10000
9997
9894
9941
9934
9991
9996
9930
9999
9964
9993
9809
9960
9981
9925
9912
9996
9966
9963
9998
9984
10000
9899
9963
9997
10000
9988
9985
9998
9964
9993
9972
9996
9950
9988
9977
9999
9982
9985
9976
9988
9999
9923
9969
9975
9939
9996
9887
9987
9936
9998
9915
9938
9966
9980
9969
9923
10000
9995
9955
9945
9996
9964
9975
9995
9975
9995
9999
9942
9900
9757
9936
9979
9923
9992
9865
9874
10000
9904
9940
10000
10000
9990
9953
9868
9997
9954
9979
9993
9997
10000
9986
9982
9956
9939
9949
9991
9971
9954
9995
9916
9995
9993
9932
9923
9909
9927
9995
9986
9934
9939
9996
9929
9904
10000
9849
9992
9997
9987
9988
9962
9947
9988
10000
9987
9996
9987
9999
9994
9965
9973
9994
9981
9960
9997
9949
9979
9976
9976
9996
9964
9950
9969
9979
9976
9988
9979
9974
9979
9987
10000
9999
9989
9933
10000
9878
10000
9918
10000
9998
9994
9997
9988
9854
10000
9961
9932
9949
9999
9888
9872
9986
9998
9935
9918
9990
9956
9913
9929
9999
9906
9995
9928
9955
9980
9896
9953
9983
9912
9860
9955
9978
9930
9988
9969
10000
9999
9850
10000
9939
9962
9959
9988
9912
9941
9971
9981
9920
9996
9944
9949
9999
9938
9949
9990
9989
9953
9954
9975
9986
9959
9953
9999
9979
9991
9976
9871
9918
9991
9963
9996
9934
9810
9916
9970
9845
9950
9967
9913
9988
9833
10000
9976
9995
10000
9978
9908
10000
9957
9999
9990
9898
9988
10000
9999
9964
9955
10000
9997
9864
9967
9967
9992
9999
9926
9970
9988
9952
9995
9968
9965
9988
9927
9986
9972
9969
9987
9974
9987
9977
9999
9962
9953
9990
10000
9997
9933
10000
10000
9947
9998
9974
9853
9964
9856
9976
9970
9956
9970
9978
9991
9988
9923
9992
9989
9948
9974
9874
9995
9999
9956
9994
9981
9907
9964
9943
9944
9888
9982
9930
9828
9943
9998
9964
10000
9989
9958
9990
9986
9982
9907
9992
9951
9956
9985
9976
9964
9833
9996
9850
9980
9985
9938
9948
9920
9941
9984
9917
9958
9980
9889
10000
9962
9970
9922
9955
9984
9998
9999
9977
9959
9986
9999
9966
9999
9980
9880
9978
9920
9984
9882
9887
9959
9810
9993
9962
9995
9933
9793
9893
9944
9954
9949
9959
9992
9922
9973
9906
9982
9965
