9844
9954
9855
9909
9905
9963
9904
9937
9899
9754
9897
9826
9885
9957
9795
9924
9878
9922
9976
9870
9804
9691
9930
9916
9744
9902
9917
9872
9942
9878
9986
9961
9890
9891
9844
10000
9852
9863
9918
9983
9929
9848
9763
9909
9946
9945
9963
9911
9858
9919
9974
9910
9828
9868
9853
9894
9923
9892
9911
9885
9870
9882
9848
9900
9913
9930
9996
9895
9959
9952
9969
9928
9956
9910
9809
9937
9944
9931
9940
9948
9963
9838
9988
9872
9954
9878
9978
9895
9917
9962
9835
9903
9752
9928
9964
9879
9913
9888
9838
9892
9983
9932
9960
9821
9955
9873
9844
9938
9928
9981
9943
9803
9841
9925
9895
9961
9948
9905
9788
9843
9884
9969
9896
9927
9846
9968
9873
9838
9936
9930
9917
9810
9893
9870
9884
9919
9945
9979
9924
9894
9917
9917
9897
9852
9872
9848
9928
9881
9906
9953
9942
9915
9950
9960
9863
9971
9936
9967
9951
9864
9994
9988
9906
9918
9940
9862
9927
9869
9826
9818
9862
9883
9966
9919
9915
9936
9979
9970
9996
9937
9933
9988
9938
9964
9932
9936
9999
9850
9907
9959
9913
9940
9883
9922
9855
9977
9922
9802
9938
9917
9920
9891
9872
9909
9948
9934
9804
9930
9926
9919
9982
9931
9866
9895
9926
9973
9938
9965
9948
9926
9843
9956
9985
9853
9933
9909
9906
9913
9879
9877
9878
9912
9985
9929
9921
9948
9918
9885
9780
9914
9949
9860
9942
9955
9875
9861
9948
9808
9907
9858
9966
9971
9945
9930
9897
9832
9947
9878
9905
9814
9903
9935
9853
9976
9953
9816
9967
9885
9926
9965
9851
9931
9962
9828
9845
9990
9965
9971
9974
9913
9925
9842
9954
9928
9801
9899
9943
9926
9827
9974
9951
9804
9984
9929
9938
9865
9893
9899
9847
9930
9864
9932
9957
9862
9796
9859
9922
9869
9844
9836
9921
9929
9940
9950
9916
9782
9860
9835
9951
9878
9898
9876
9974
9890
9941
9954
9770
9848
9964
9812
9894
9915
9865
9897
9976
9891
9951
9847
9894
9914
9887
9859
9885
9921
9956
9917
9941
9894
9932
9889
9967
9947
9824
9861
9936
9937
9935
9945
9972
9830
9912
9942
9913
9927
10000
9912
9901
9879
9937
9891
9966
9823
9890
9890
9875
9930
9946
9806
9929
9777
9844
9887
9950
9930
9758
9924
9963
9903
9870
9853
9905
9900
9942
9812
9963
9953
9896
9861
9878
9951
9930
9952
9874
9920
9852
9976
9876
9908
9934
9786
9965
9896
9908
9742
9968
9911
9976
9799
9922
9959
9961
9967
9916
9874
9931
9820
9931
9902
9912
9869
9730
9810
9889
9935
9926
9917
9898
9924
9996
9831
9888
9967
9951
9797
9918
9884
9905
9955
9873
9869
9963
9912
9903
9937
9897
9859
9917
9863
9914
9838
9872
9924
9806
9923
9944
9925
9894
9925
9824
9920
9936
9846
9830
9748
9852
9837
9946
9915
9957
9957
9815
9851
9970
9929
9911
9987
9935
9841
9943
9941
9887
9884
9945
9954
9954
9959
9801
9899
9905
9899
9811
9942
9942
9906
9593
9920
9809
9861
9927
9747
9881
9888
9871
9920
9977
9939
9921
9888
9962
9819
9876
9839
9903
9963
9959
9853
9934
9948
9913
9856
9917
9887
9905
9906
9867
9899
9935
9996
9981
9960
9906
9850
9821
9971
9809
9812
9993
9930
9886
9862
9847
9867
9859
9879
9838
9988
9862
9905
9924
9900
9926
9976
9736
9966
9930
9956
9935
9746
9879
9890
9829
9970
9924
9822
9941
9946
9813
9937
9905
9959
9911
9982
9964
9898
9951
9821
9871
9918
9907
9675
9824
9922
9926
9884
9897
9894
9822
9948
9764
9917
9717
9943
9844
9955
9888
9812
9921
9794
9867
9908
9893
9935
9769
10000
9809
9867
9833
9937
9971
9909
9920
9989
9956
9911
9869
9816
9887
9832
9946
9933
10000
9947
9805
9888
9919
9905
9917
9737
9905
9997
9944
9912
9924
9897
9806
9956
9990
9883
9780
9983
9936
9914
9891
9933
9971
9918
9985
9900
9997
9922
9875
9903
9737
9978
9904
9943
9855
9927
9847
9923
9866
9867
9799
9979
9901
9954
9933
9937
9953
9971
9913
9852
9920
9790
9840
9924
9866
9921
9853
9855
9925
9900
9892
9892
9873
9925
9950
9904
9913
9914
9945
9907
9804
9887
9934
9957
9865
9799
9944
9895
9933
9972
9942
9864
9833
9778
9854
9948
9942
9911
9932
9912
9979
9928
9964
9835
9922
9711
9989
9902
9961
9990
9907
9928
9908
9922
9930
9902
9967
9772
9732
9818
9974
9966
9885
9930
9847
9881
9863
9791
9832
9923
9943
9947
9799
9916
9868
9894
9881
9794
9980
9792
9985
9848
9905
9749
9908
9860
9599
9953
9944
9864
9844
9880
9984
9874
9892
9954
9935
9894
9832
9907
9958
9897
9915
9948
9861
9943
9919
9882
9988
9938
9967
9954
9932
9920
9909
9978
9922
9962
9892
9930
9829
9793
9880
9772
9925
9932
10000
9742
9915
9940
9873
9923
9964
9882
9922
9946
9919
9963
9937
9899
9875
9822
9990
9877
9828
9933
9860
9885
9881
9823
9937
9895
9908
9935
9904
9863
9912
9990
9823
9931
9944
9927
9946
9897
9908
9947
9920
9931
9899
9817
9872
9944
9831
9961
9857
9922
9930
9912
9932
9888
9939
9972
9703
9892
9829
9897
9942
9846
9960
9797
9773
9855
9747
9887
9875
9862
9849
9944
9988
9992
9927
9933
9895
9901
9941
9932
9907
9893
9939
9763
9847
9810
9920
9863
9954
9966
9807
9817
9825
9943
9997
9904
9897
9910
9935
9925
9880
9882
9873
9922
9933
9969
9947
9862
9940
9906
9950
9886
9888
9885
9886
9929
9920
9981
9955
9812
9907
9865
9858
9873
9969
9936
9870
9971
9955
9928
9946
9891
9954
9871
9863
9940
9967
9920
9905
9958
9909
9910
9914
9951
9903
9945
9902
9895
9796
9914
9992
9903
9935
9952
9812
9793
9805
9911
9936
9921
9945
9693
9951
9950
9938
9945
9936
9925
9985
9793
9981
9982
9952
9902
9974
9959
9852
9846
9938
9993
9916
9888
9956
9964
9823
9868
9991
9850
9941
9947
9972
9780
