9953
9951
9901
9777
9874
9943
9974
9820
9869
9768
9897
9908
9896
9928
9949
9989
9919
9901
9897
9908
9921
9869
9889
9857
9939
9997
9877
9901
9872
9829
9947
9874
9929
9939
9979
9935
9882
9998
9855
10000
9911
9915
9935
9866
9956
9812
9988
9869
9971
9934
9983
9893
9946
9935
9999
9850
9918
9931
9825
9955
9925
9947
9997
9917
9906
9794
9957
9878
9959
9928
9904
9929
9918
9934
9860
9881
9914
9959
9909
9925
9834
9981
9902
9907
9882
9901
9862
9882
9868
9941
9972
9955
9900
9896
9782
9942
9927
9932
9912
9924
9969
9854
9867
9916
9817
9941
9926
9912
9932
9857
9887
9817
9736
9909
9984
9932
9994
9892
9931
9969
9945
9994
9964
9760
9951
9897
9848
9883
9918
9744
9875
9945
9844
9997
10000
9969
9874
9988
9960
9950
9854
9886
9955
9831
9997
9875
9791
9828
9852
9873
9937
9957
9956
9928
9951
9873
9994
9915
9815
9755
9912
9970
9949
9953
9870
9934
9913
9909
9983
9878
9837
9917
9839
9932
9927
9883
9994
9944
9916
9872
9820
9873
9840
9900
9838
9960
9940
9881
9999
9945
9902
9901
9980
9839
9962
9912
9926
9850
9916
9875
9943
9935
9951
9901
9946
9950
9884
9937
9684
9952
9768
9935
9987
9951
9848
9979
9886
9964
9853
9856
9926
9923
9996
9923
9907
9997
9940
9887
9989
9906
9920
9803
9946
9802
9872
9945
9962
9962
9867
9922
9932
9951
9920
9962
9889
9800
9864
9912
9993
9882
9932
9968
9946
9821
9893
9987
9949
9915
9907
9988
9952
9833
9984
9859
9796
9834
9944
9945
9927
9962
9876
9894
9785
9875
9953
9874
9913
9948
9829
9791
9901
9864
9916
9862
9979
9981
9907
9833
9928
9947
9975
9976
9930
9930
9960
9863
9977
9955
9846
9998
9963
9917
9904
9824
9879
9900
9895
9887
9976
9912
9912
9884
9996
9901
9943
9857
9900
9887
9956
9850
9866
9934
9868
9854
9948
9881
9907
9947
9991
9996
9933
9857
9998
9791
9937
9971
9879
9892
9883
9929
9999
9851
9883
9915
9969
9863
9963
9894
9901
9954
9890
9865
9933
9864
9903
9964
9928
9839
9858
9940
9844
9926
9954
9904
9907
9899
9926
9918
9885
9962
9979
9983
9802
9905
9834
9979
9827
9937
9994
9886
9941
9903
9824
9916
9981
9905
9878
9895
9877
9928
9998
9939
9866
9928
9926
9982
9857
9928
9957
9899
9899
9832
9977
9801
9971
9951
9892
9783
9970
9673
9938
9788
9948
9935
9999
9926
9864
9988
9849
9787
9890
9890
9955
9935
9898
9895
9944
9946
9940
9831
9952
9953
9892
9890
9910
9955
9965
9893
9912
9875
9809
9864
9880
9969
9780
9897
9909
9970
9930
9867
9863
9911
9883
9926
9843
9928
9924
9933
9887
9987
9920
9861
9791
9811
9906
9981
9917
9958
9880
9873
9881
9918
9906
9959
9851
9985
9870
9931
9803
9972
9975
9915
9911
9986
9830
9884
9946
9784
9801
9946
9911
9930
9995
9933
9918
9941
9966
9850
9914
9932
9867
9943
9896
9845
9969
9909
9872
9935
9998
9956
9909
9972
9957
9891
9977
9893
9872
9801
9853
9903
9724
9857
9907
9979
9906
9939
9911
9959
9921
9986
9940
9952
9991
9928
9852
9805
9997
9876
9885
9910
9748
9915
9951
9982
9981
9945
9925
9934
9855
9981
9884
9919
9946
9951
9948
9989
9834
9957
9847
9955
9919
9869
9969
9976
9902
9966
9889
9794
9900
9863
9893
9947
9885
9935
9901
9959
9814
9830
9888
9887
9796
9848
9971
9978
9895
9962
9908
9908
9688
9820
9990
9817
9998
9854
9911
9978
9905
9830
10000
9900
9936
9949
9989
9964
9904
9850
9979
9995
9917
9974
9942
9785
9850
9921
9936
9960
9866
9851
9969
9855
9822
9948
9848
9908
9807
9975
9894
9857
9998
9929
9933
9926
9960
9932
9903
9820
9930
9809
9875
9996
9953
9835
9918
9981
9945
9881
9863
9968
9951
9874
9964
9832
9864
9977
9869
9906
9989
9979
9927
9905
9870
9937
9943
9940
9980
9930
9848
9925
9803
9972
9825
9888
9904
9899
9906
9983
9879
9920
9863
9998
9990
9972
9867
9995
9987
9859
9881
9870
9929
9915
9950
9925
9974
9924
9906
9933
9637
9976
9942
9978
9966
9912
9942
9844
9953
9893
9957
9896
9914
9929
9957
9836
9918
9970
9953
9815
9864
9925
9978
9968
9926
9831
9831
9923
9957
9914
9833
9910
9960
9932
9925
9952
9912
9894
9964
9995
9769
9941
9912
9941
9945
9858
9902
9918
9936
9908
9965
9935
9882
9854
9848
9670
9963
9964
9946
9842
9822
9931
9932
9942
9906
9787
9857
9985
9974
9932
9980
9882
9953
9998
9840
9971
9914
9991
9869
9961
9915
9958
9860
9914
9926
9983
9910
9901
9915
9880
9846
9960
9860
9906
9925
9846
9939
9913
9995
9972
9936
9944
9837
9830
9978
9999
9878
9913
9971
9949
9962
9849
9923
9848
9792
9903
9858
9802
9908
9930
9971
9989
9940
9946
9961
9969
9910
9929
9963
9997
9945
9987
9942
9912
9960
9871
9964
9840
9772
9967
9985
9828
9902
9920
9937
9903
9991
9986
9914
9918
9948
9804
9972
9931
9813
9984
9864
9925
9987
9823
9959
9948
9913
9971
9896
9855
9950
9861
9911
9853
9847
9855
9819
9964
9932
9912
9863
9995
9988
9879
9896
9817
9773
9918
9862
9888
9879
9769
9857
9973
9949
9980
9924
9974
9919
9944
9857
9876
9869
9902
9957
9865
9901
9947
9997
9917
9893
9895
9914
9931
9890
9861
9998
9887
9813
9732
9801
9825
9914
9999
9952
9907
9956
9907
9727
9685
9886
9952
9789
9971
9950
9796
9948
9958
9910
9993
9907
9914
9900
9967
9855
9891
9971
9933
9935
10000
9926
9950
9903
9815
9970
9930
9887
9945
9932
9886
9935
9951
9894
9938
9955
9945
9903
9928
9846
9952
9853
9866
9880
9900
9961
9800
9957
9980
9854
9949
9975
9977
10000
9934
9913
9959
9914
9884
9979
9926
9856
9940
9955
9962
9881
9952
9901
9998
9955
9947
9944
9963
9842
9980
9943
9926
9882
9815
