9980
9952
9992
9894
9983
9941
9891
9901
9943
9862
9914
9907
9972
9828
9920
9821
9829
9823
9840
9954
9891
9987
9947
9963
9848
9877
9907
9893
9886
9843
9900
9970
9881
9851
9895
9936
9946
9917
9844
9785
9724
9900
9940
9909
9906
9810
9926
9869
9991
9958
9898
9937
9891
9864
9958
9815
9863
9917
9938
9883
9865
9898
9942
9937
9934
9872
9945
9913
9960
9938
9866
9944
9861
9873
9932
9874
9791
9911
9836
9926
9953
9962
9895
9888
9885
9864
9935
9874
9908
9951
9906
9839
9957
9828
9917
9849
9911
9966
9845
9897
9895
9953
9782
9906
9925
9874
9783
9887
9948
9943
9934
9963
9970
9962
9879
9944
9938
9808
9929
9885
9916
9877
9991
9858
9891
9881
9905
9876
9902
9992
9870
9847
9989
9951
9850
9943
10000
9983
10000
9961
9944
9945
9955
9930
9965
9851
9935
9917
9760
9871
9965
9965
9923
9865
9875
9955
9711
9858
9966
9938
9950
9867
9949
9908
9904
9865
9938
9943
9940
9854
9894
9914
9928
9952
9857
9929
9934
9928
9855
9953
9894
9896
9934
9904
9903
9921
9970
9863
9799
9912
9887
9931
9999
9926
9919
9956
9918
9872
9978
9829
9825
9988
9907
9941
9834
9882
9924
9934
9946
9902
9889
9955
9861
9822
9954
9890
9899
9779
9923
9906
9926
9934
9930
9904
9931
9894
9957
9901
9891
9919
9955
9960
9966
9958
9865
9811
9948
9919
9857
9903
9910
9969
9889
9945
9864
9875
9978
9914
9871
9856
9969
9944
9952
9949
9874
9942
9910
9953
9981
9956
9940
9879
9855
9972
9905
9949
9943
9904
9923
9908
9865
9954
9985
9969
9924
9915
9955
9825
9849
9919
9889
9862
9918
9832
9993
9974
9950
9967
9879
9945
9910
9923
9975
9937
9904
9917
9933
9897
9923
9839
9968
9787
9932
9948
9884
9908
9906
9970
9877
9887
9871
9943
9955
9911
9874
9869
9935
9932
9907
9901
9910
9901
9985
9967
9923
9966
9870
9863
9889
9811
9974
9865
9857
9932
9981
9898
9996
9885
9889
9860
9884
9706
9807
9843
9947
9985
9814
9907
9946
9934
9971
9782
9874
9896
9841
9969
9765
9772
9858
9859
9817
9910
9776
9967
9895
9879
9965
9900
9890
9883
9961
9878
9880
9913
9905
9853
9910
9832
9963
9963
9878
9831
9937
9932
9929
9902
9943
9878
9969
9896
9897
9958
9890
9962
9906
9908
9997
9866
9915
9927
9906
9956
9891
9935
9751
9951
9916
9920
9904
9920
9894
9963
9925
9953
9966
9892
9839
9839
9923
9855
9897
9881
9729
9951
9902
9851
9943
9947
9890
9963
9940
9820
9915
9815
9929
9965
9966
9889
9867
9868
9768
9854
9863
9887
9975
9878
9809
9894
9852
9922
9960
9734
9889
9946
9904
9942
9898
9800
9937
9905
9898
9880
9794
9983
9966
9826
9953
9797
9878
9899
9941
9889
9958
9892
9990
9909
9889
9864
9804
9880
9912
9956
9935
9796
9943
9836
9828
9935
9961
9774
9850
9993
9979
9773
9812
9904
9885
9889
10000
9759
9949
9864
9883
9917
9931
9993
9943
9789
9905
9873
10000
9835
9910
9798
9977
9989
9990
9912
9943
9925
9992
9897
9962
9971
9794
9890
9892
9889
9771
9962
9933
9915
9903
9972
9962
9882
9937
9892
9849
9914
9954
9902
9970
9941
9917
9941
9950
9904
9907
9944
9923
9952
9916
9944
9863
9639
9900
9961
9889
9942
9951
9948
9990
9874
9908
9792
9995
9936
9926
9919
9894
9751
9890
9900
9961
9785
9888
9804
9739
9923
9824
9978
9805
9898
9994
9904
9994
9858
9991
9961
9989
9972
9958
9889
9903
9900
9850
9935
9934
9922
9886
9965
9861
9896
9893
9878
9861
9914
9867
9902
9917
9983
9983
9922
9872
9836
9830
9839
9736
9890
9891
9933
9896
9900
9913
9978
9944
9827
9814
9819
9790
9947
9943
9930
9926
9896
9954
9921
9932
9942
9909
9872
9966
9958
9967
9945
9968
9847
9814
9897
9861
9968
9909
9888
9852
9833
9902
9913
9919
9865
9948
9977
9809
9884
9783
9976
9930
9907
9880
9928
9939
9935
9934
9890
9972
9888
9889
9950
9964
9976
9871
9886
9974
9935
9973
9962
9845
9904
9898
9988
9995
9870
9937
9879
9925
9893
9733
9902
9889
9927
9942
9892
9907
9995
9887
9701
9815
9947
9953
9886
9839
9945
9900
9927
9969
9884
9873
9926
9875
9950
9969
9914
9899
9959
9902
9932
9879
9872
9980
9998
9870
9936
9978
9889
9919
9890
9887
9894
9945
9863
9880
9941
9710
9875
9924
9919
9977
9935
9892
9907
9878
9883
9919
9982
9791
9961
9913
9784
9875
9959
9893
9952
9960
9897
9913
9997
9914
9926
9843
9929
9868
9825
9995
9916
9844
9836
9936
9963
9856
9816
9995
9997
9966
9991
9892
9960
9882
9878
9819
9950
9851
9922
9712
9781
9966
9946
9955
9977
9826
9874
9966
9947
9913
9962
9965
9929
9939
9954
9971
9968
9929
9897
9796
9915
9911
9949
9964
9875
9936
9885
9926
9771
9913
9977
9832
9896
9914
9919
9924
9904
9961
9961
9839
9872
9991
9917
9896
9924
9816
9962
9938
9864
9951
9949
9884
9930
9942
9837
9934
9921
9852
9851
9996
9919
9861
9988
9808
9932
9799
9908
9868
9939
9911
9878
9906
9902
9877
9943
9726
9879
9851
9949
9952
9937
9925
9830
9984
9872
9908
9943
9944
9955
9998
9949
9950
9917
9903
9959
9888
9978
9883
9978
9927
9956
9893
9999
9921
9896
9900
9828
9952
9874
9975
9795
9947
9938
9932
9732
9989
9921
9871
9879
9957
9908
9899
9921
9959
9881
9929
9959
9841
9817
9963
9813
9882
9888
9923
9872
9954
9905
9955
9861
9971
9909
9935
9962
9927
9901
9919
9890
9816
9911
9970
9928
9911
9903
9856
9904
9884
9936
9877
9779
9961
9887
9972
9923
9777
9831
9953
9971
9816
9963
9935
9958
9934
9957
9977
9779
9846
9873
9973
9875
9948
9848
9867
9991
9930
9900
9960
9840
9957
9913
9879
9911
9856
9998
9949
9735
9911
9969
9926
9940
9864
9910
9918
9895
9943
9876
9945
9964
