9995
9925
9923
9930
9895
9869
9908
9874
9867
9877
9962
9875
9984
9970
9928
9901
9923
9810
9876
9816
9984
9952
9894
9957
9964
9853
9951
9947
9784
9983
10000
9898
9888
9980
9916
9901
9862
9923
9940
9862
9958
9889
9897
9962
9967
9993
9996
9959
9946
9954
9731
9921
9958
9930
9894
9971
9908
9785
9907
9912
9932
9991
9939
9890
9960
9877
9882
9927
9923
9982
9692
9899
9994
9873
9968
9881
9985
9969
9712
9891
9917
9963
9960
9960
9881
9944
9943
9858
9964
9998
9907
9887
9750
9997
9916
9871
9977
9858
9981
9952
9924
9952
9850
9911
9827
9978
9925
9936
9878
9943
9930
9925
9993
9908
9941
9981
9944
9955
9999
9958
9920
9943
9914
9919
9885
9887
9773
9862
9963
9868
9903
9884
9835
9888
9985
9969
9989
9978
9931
9931
9946
9959
9794
9927
9928
9980
9935
9982
9811
9930
9916
9903
9879
9981
9878
9909
9943
9992
9939
9968
9922
9934
9999
9972
9776
9931
9940
9951
9951
9980
9932
9926
9999
9922
9941
9941
9833
9935
9946
9889
9945
9945
9834
9931
9939
9868
9968
9912
9997
9931
9860
9951
9994
9951
9876
9854
9941
9956
9839
9961
9839
9988
9862
9968
9939
9899
9841
9892
9979
9944
9984
9992
9878
9899
9943
9921
9908
9875
9980
10000
9835
9908
9955
9911
9916
9836
9894
9771
9878
9879
9968
9990
9904
9858
9880
9861
9979
9937
9857
9847
9987
9838
9940
9911
9929
9872
9933
9879
9905
9980
9925
9986
9803
9898
9937
9972
9932
9905
9996
9999
9928
9915
9984
9907
9894
9960
9963
9908
9870
9830
9905
9753
9959
9907
9937
9848
9848
9980
9966
9951
9823
9974
9941
9952
9928
9925
9899
9925
9871
9935
9998
9889
9909
9893
9976
9937
9930
9983
9954
9906
9963
9996
9879
9839
9912
9871
9910
9956
9997
9841
9985
9998
9850
9879
9899
9915
9911
9963
9862
9911
9788
9943
9902
9793
9864
9971
9958
9831
9952
9941
9864
9987
9940
9850
9974
9967
9933
9834
9953
9945
9858
9882
9952
9936
9904
9969
9850
9950
9851
9703
9933
9902
9955
9741
9853
9967
9955
9900
9892
9935
9928
9823
9941
9844
9750
9986
9958
9923
9913
9823
9965
9879
9927
9898
9858
9938
9907
10000
9830
9789
9814
9831
9996
9998
9915
9979
9782
9978
9934
9961
9948
9803
9940
9846
9968
9906
9954
9846
9917
9944
9774
10000
9920
9775
9798
9987
9948
9993
9956
9797
9888
9977
9954
9991
9973
9881
9890
9965
9847
9941
9944
9969
9867
9881
9916
9871
9953
9860
9977
9964
9907
9872
9946
9867
9869
9977
9999
9895
9975
9998
9944
9956
9968
9775
9946
9902
9846
9896
9868
9890
9909
9833
9880
9937
9885
9922
9948
9964
9973
9775
9883
9966
9890
9889
9892
9612
9944
9939
9867
9846
9926
9968
9897
9950
9911
9907
9971
9997
9900
9821
9964
9886
9941
9992
9924
9999
9980
9935
9985
9888
9848
9927
9914
9846
9947
9960
9982
9887
9926
9802
9933
9947
9874
9921
9951
9903
9851
9881
9950
9896
9918
9910
9966
9939
9934
9860
9883
9894
9940
9936
9968
9935
9945
9834
9977
9876
9939
9906
9993
9858
9843
9878
9999
9989
9951
9860
9886
9999
9914
9937
9983
9897
9951
9922
9981
9948
9852
9826
9875
9841
9744
9884
9802
9976
9866
9970
9836
9939
9920
9729
9857
9910
9996
9865
9873
9954
9960
9946
9942
9915
9817
9978
9940
9932
9971
9768
9912
9881
9921
9923
9912
9958
9942
9908
9894
9958
9834
9999
9923
9984
9896
9936
9942
9999
9853
9961
9952
9961
9909
9936
9937
9941
9945
9937
9957
9908
9901
9882
9971
9988
9983
9919
9891
9853
9948
9853
9876
9900
9887
10000
9869
9904
9995
9897
9975
9863
9950
9956
9833
9906
9901
9916
9919
9920
9853
9990
9950
9890
9987
9882
9847
9903
9978
9911
9874
9958
10000
9952
9924
9877
9909
9882
9869
9963
9896
9983
9986
9851
9937
9985
9897
9941
9943
9866
9829
10000
9856
9874
9909
9904
9834
9913
9876
9994
9934
9891
9948
9875
9931
9975
9905
9943
9799
9922
9967
9997
9939
9819
9881
9944
9890
9950
9870
9831
9929
9928
9879
9923
9893
9931
9911
9878
9947
9938
9894
9970
9947
9859
9931
9917
9930
9960
9991
9946
9952
9926
9993
9865
9956
9938
9878
9874
9945
9881
9962
9893
9917
9884
9994
9919
9874
9950
9993
9941
9900
9961
9813
9951
9971
9932
9935
9994
9789
9945
9950
9941
9999
9948
9887
9901
9971
9932
9882
9936
9995
9911
10000
9935
9821
9897
9911
9905
9860
9910
9998
9999
9967
9899
9993
9942
9976
9867
9958
9943
9887
9976
9969
9946
9905
10000
9987
9865
9928
9956
9945
9987
9979
9943
9945
9891
9910
9902
9957
9896
9967
9954
9911
9963
9924
9885
9961
9994
9998
9999
9900
9876
9944
9994
9857
9903
9880
9942
9963
9956
9999
9959
9913
9975
9932
9942
9913
9975
9813
9873
9935
9966
9913
9907
9914
9928
9771
9901
9888
9931
9892
9914
9920
9850
9950
9882
9907
9866
9968
9866
9928
9905
9837
9730
9962
9999
9969
9928
9973
9867
9970
9918
9967
9977
9992
9895
9949
9942
9955
9962
9952
9925
9909
9799
9892
9997
9766
9986
9884
9913
9910
9807
9985
10000
9690
9901
9826
10000
9996
9874
9803
9930
9923
9894
9812
9844
9812
9872
9945
9910
9964
9903
9956
9838
9918
9982
9986
9909
9886
9852
9945
9942
9834
9884
9995
10000
9860
9803
9949
9936
9927
9930
9952
9863
9886
9854
9946
9907
9854
9927
10000
9961
9974
9937
9829
9871
9904
9977
9870
9936
9880
9909
9978
9878
9905
9933
9943
9883
9948
9817
9944
9898
9963
9927
9934
9930
9963
9991
9937
9934
9882
9951
9845
9951
9858
9956
9853
9959
9881
9850
9921
9963
9869
9960
9909
9897
9889
9888
9971
9927
9972
9859
9962
9943
9873
9995
9949
9866
9948
9874
9871
9938
9999
9894
9871
9940
9922
9901
9994
9859
9974
9956
10000
9927
9961
9954
