9741
9926
9902
9893
9912
9932
9998
9883
9872
9933
9920
9916
9903
9900
9928
9926
9891
9934
9931
9984
9916
9906
9971
9891
9993
9984
9929
9890
9917
9837
9946
9967
9898
9860
9979
9860
9933
9836
9880
9925
9948
9918
9906
9977
9889
9936
9820
9807
9948
9981
9868
9897
9827
9968
9954
9773
9885
9854
9954
9883
9939
9901
9918
9940
9946
9909
9901
9921
9947
9901
9911
9919
9975
9900
9920
9889
9720
9951
9870
9904
9930
9757
9886
9887
9878
9803
9941
9977
9976
9902
9902
9845
9925
9898
9956
9856
9887
9894
9861
9864
9947
9901
9986
9975
9941
9886
9940
9920
9806
9923
9943
9887
9839
9934
9877
9941
9941
9931
9896
9894
9829
9845
9933
9964
9778
9847
9883
9968
9947
9953
9940
9870
9942
9918
9848
9835
9881
9952
9965
9901
9927
9875
9848
9931
9925
9838
9829
9993
9872
9907
9907
9898
9915
9913
9921
9915
9899
9923
9817
9927
9984
9976
9967
9949
9927
9937
9880
9935
9970
9914
9885
9752
9930
9858
9990
9958
9891
9887
9840
9936
9934
9937
9858
9921
9902
9860
9932
9830
9848
9926
9855
9920
9963
9813
9958
9863
9886
9937
9934
9918
9965
9908
9946
9930
9947
9895
9822
9926
9971
9875
9914
9971
9842
9858
9968
9931
9944
9956
9964
9883
9830
9817
9772
9939
9889
9947
9848
9850
9859
9931
9906
9954
9909
9891
9897
9877
9990
9887
9867
9864
9875
9755
9952
9977
9918
9970
9854
9901
9988
9937
9983
9979
9953
9976
9922
9943
9958
9955
9949
9867
9941
9874
9871
9861
9845
9906
9934
9921
9888
9802
9885
9793
9908
9969
9867
9874
9870
9964
9958
9935
9960
9936
9870
9978
9899
9938
9938
9941
9834
9953
9939
9938
9944
9842
9967
9953
9913
9942
9866
9911
9856
9930
9757
9976
9885
9887
9892
9858
9772
9925
9974
9940
9766
9840
9878
9896
9997
9907
9966
9944
9969
9771
9879
9858
9972
9955
9901
9927
9850
9933
9725
9913
9880
9890
9854
9871
9919
9907
9966
9941
9809
9862
9925
9902
9953
9933
9909
9777
9949
9940
9945
9949
9831
9776
9909
9936
9854
9981
9861
9916
9797
9856
9974
9876
9958
9911
9822
9883
9782
9905
9895
9924
9899
9956
9808
9943
9863
9835
9974
9887
9901
9885
9939
9979
9910
9912
9884
9952
9914
9910
9900
9927
9859
9846
9971
9920
9914
9927
9930
9961
9861
9963
9941
9883
9886
9913
9912
9724
9860
9929
9926
9966
9905
9764
9912
9859
9856
9909
9849
9942
9866
9889
9903
9950
9826
9880
9817
9874
9872
9876
9936
9996
9934
9889
9980
9856
9833
9774
9873
9890
9988
9875
9967
9874
9798
9900
9904
9969
9961
9980
9889
9947
9942
9908
9864
9887
9928
9871
9950
9850
9890
9879
9861
9865
9844
9976
9916
9922
9932
9910
9912
9928
9912
9824
9882
9903
9815
9929
9951
9926
9969
9824
9969
9827
9940
9815
9821
9834
9938
9906
9826
9788
9851
9954
9899
9886
9794
9943
9940
9877
9998
9879
9965
9955
9974
9918
9957
9803
9956
9926
9814
9932
9880
9913
9940
9777
9957
9922
9902
9927
9975
9934
9887
9802
9927
9961
9773
9927
9897
9834
9888
9937
9996
9928
9953
9990
9900
9967
9799
9973
9928
9923
9971
9840
9997
9860
9959
9883
9909
9870
9935
9834
9973
9948
9950
9840
9872
9898
9927
9927
9768
9955
9917
9911
9994
9834
9908
9944
9907
9932
9994
9932
9835
9990
9899
9837
9917
9934
9903
9955
9908
9821
9897
9948
9891
9915
9846
9906
9808
9931
9939
9882
9764
9970
9863
9864
9951
9836
9985
9856
9921
9852
9933
9950
9981
9926
9984
9839
9953
9998
9932
9965
9932
9878
9988
9773
9872
9882
9942
9893
9925
9828
9898
9973
9957
9915
9873
9947
9952
9875
9931
9920
9973
9916
9869
9907
9899
9927
9958
9886
9887
9769
9867
9955
9744
9971
9866
9812
9766
9935
9931
9798
9851
9944
9881
9888
9817
9948
9988
9949
9945
9891
9963
9941
9930
9939
9937
9890
9996
9939
9948
9905
9984
9913
9945
9823
9895
9928
9814
9952
9908
9890
9964
9885
9937
9828
9919
9865
9903
9978
9870
9970
9932
9936
9894
9877
9955
9921
9986
9938
9895
9921
9900
9861
9989
9927
9962
9930
9995
9904
9964
9841
9786
9871
9949
9849
9967
9899
9793
9907
9883
9931
9993
9840
9861
9957
9898
9976
9945
9977
9938
9968
9888
9783
9783
9836
9946
9972
9976
9934
9826
9828
9844
9981
9852
9937
9871
9851
9907
9935
9841
9980
9874
9968
9837
9912
9974
9989
9919
9920
9889
9865
9922
9855
9932
9909
9838
9993
9999
9897
9907
9862
9993
9914
9733
9951
9853
9902
9799
9920
9824
9916
9867
9955
9881
9966
9907
9909
9964
9967
9939
9849
9742
9893
9814
9885
9895
9832
9922
9968
9959
9823
9796
9805
9922
9962
9979
9945
9878
9934
9957
9839
9894
9927
9886
9964
9890
9956
9915
9894
9881
9778
9888
9962
9920
9902
9875
9756
9930
9936
9860
9717
9965
9995
9921
9811
9954
10000
9857
9968
9913
9934
9939
9955
9992
9936
9904
9731
9935
9893
9955
9902
9960
9916
9908
9935
9943
9826
9840
9873
9980
9982
9949
9927
9972
9969
9999
9961
9929
9914
9916
9891
9928
9953
9837
9892
9924
9861
10000
9884
9701
9848
9876
9900
9935
10000
9953
9952
9932
9913
9958
9911
9928
9729
9920
9866
9892
9814
9785
9937
9844
9941
9909
9944
9877
9944
9923
9969
9983
9833
9882
9930
9979
9955
9977
9854
9962
9946
9924
9977
9819
9924
9987
9940
9962
9923
9958
9949
9766
9982
9996
9904
9954
9837
9932
9940
9829
9932
9950
9911
9951
9906
9918
9896
9903
9937
9824
9800
9893
9819
9872
9906
9963
9977
9930
9941
9932
9916
9990
9834
9768
9975
9934
9980
9985
9923
9927
9979
9918
9836
9932
9718
9870
9902
9888
9969
9803
9753
9931
9923
9949
9988
9902
9953
9931
9953
9909
9928
9935
9998
9863
9885
9924
9943
9770
9932
9939
9988
9952
9936
