9972
9871
9932
9927
9855
9897
9889
9801
9877
9954
9993
9821
9840
9821
9979
9786
9859
9873
9847
9804
9868
9899
9966
9894
9815
9765
9935
9965
9943
9863
9813
9963
9953
9917
9895
9923
9950
9929
9951
9789
9889
9894
9845
9875
9849
9860
9919
9916
9913
9832
9985
9814
9890
9821
9969
9931
9917
9958
9943
9865
9810
9856
9860
9833
9926
9873
9971
9952
9994
9878
9799
9868
9895
9916
9884
9761
9987
9921
9897
9829
9864
9919
9958
9879
9814
9912
9915
9924
9910
9944
9873
9779
9888
9908
9948
9979
9953
9997
9903
9905
9856
9894
9973
9907
9929
9925
9886
9960
9931
9908
9949
9963
9913
9892
9910
9868
9919
9848
9891
9997
9888
9780
9897
9950
9890
9943
9786
9929
9938
9915
9945
9954
9940
9927
9930
9966
9842
9892
9856
9919
9829
9960
9971
9957
9930
9951
9947
9885
9927
9924
9937
9875
9945
9922
9969
9885
9913
9914
9942
9819
9917
9960
9914
9842
9988
9934
9896
9874
9954
9921
9950
9862
9897
9900
9916
9932
9942
9767
9893
9996
9850
9911
9935
9883
9968
9926
9844
9939
9928
9996
9928
9850
9892
9850
9863
9958
9868
9809
9872
9924
9992
9827
9838
9880
9916
9915
9897
9912
9857
9934
9861
9967
9904
9955
9956
9860
9858
9947
9787
9963
9874
9982
9929
9847
9886
9963
9943
9942
9804
9924
9962
9909
9895
9950
9860
9862
9920
9972
9848
9726
9915
9974
9939
9837
9952
9853
9961
9849
9946
9924
9970
9867
9937
9924
9923
9834
9883
9949
9931
9837
9922
9955
9981
9883
9812
9911
9866
9907
9928
9895
9986
9954
9912
9877
9950
9867
9872
9889
9998
9907
9893
9851
9807
9904
9933
9929
9795
9907
9665
9940
9938
9996
9945
9928
9793
9941
9950
9910
9920
9923
9949
9923
9888
9892
9926
9992
9929
9949
9890
9892
9909
9987
9851
9848
9897
9923
9920
9911
9939
9961
9911
9951
9757
9849
9894
9895
9910
9994
9902
9934
9873
9936
9976
9992
9942
9895
9982
9889
9906
9884
9884
9845
9928
9899
9891
9831
9960
9889
9881
9873
9866
9847
9966
9931
9959
9955
9877
9935
9908
9967
9954
9887
9898
9953
9782
9815
9974
10000
9830
9873
9788
9936
9882
9973
9975
9819
9878
9876
9868
9929
9916
9885
9936
9900
9912
9936
9898
9927
9978
9976
9845
9903
9871
9861
9854
9968
9921
9978
9932
9979
9960
9948
9930
9952
9877
9927
9931
9943
9946
9899
9917
9959
9915
9952
9910
9885
9936
9906
9880
9952
9976
9736
9853
9956
9943
9914
9977
9952
9941
9937
9870
9949
9900
9746
9896
9939
9918
9819
9943
9921
9940
9912
9997
9938
9809
9766
9902
9956
9787
9947
9911
9927
9874
9940
9922
9823
9924
9975
9837
9933
9879
9872
9834
9901
9825
9996
9822
9954
9858
9925
9910
9749
9925
9926
9966
9889
9911
9877
9861
9816
9758
9892
9934
9915
9920
9771
9957
9964
9988
9898
9832
9937
9955
9873
9962
9937
9926
9921
9895
9960
9676
9953
9912
9950
9939
9924
9839
9905
9999
9950
9847
9956
9968
9932
9948
9955
9910
9886
9946
9870
9936
9979
9958
9921
9944
9901
9925
9900
9906
9840
9973
9849
9917
9868
9917
9971
9857
9937
9950
9967
9977
9867
9939
9840
9910
9979
9997
9816
9937
9922
9861
9866
9944
9917
9933
9881
9967
9924
9864
9859
9874
9940
9968
9944
9773
9929
9954
9986
9874
9880
9864
9903
9890
9921
9900
9867
9947
9815
9894
9920
9919
9934
9832
9970
9932
9968
9939
9915
9938
9937
9940
9960
9860
9886
9838
9929
9910
9919
9961
9961
9996
9939
9904
9928
9915
9933
9961
9946
9808
9954
9956
9835
9944
9896
9845
9795
9904
9883
9893
9977
9947
9878
9906
9825
9953
9854
9970
9946
9868
9950
9873
9842
9878
9908
9866
9857
9984
9908
9886
9940
9804
9956
9974
9914
9826
9767
9807
9947
9890
9860
9894
9899
9957
9920
9919
9871
9875
9882
9819
9836
9998
9945
9872
9853
9845
9929
9947
9965
9968
9905
9740
9887
9887
9842
9871
9935
9909
9856
9750
9949
9872
9880
9880
9957
9982
9850
9789
9986
9840
9901
9951
9941
9952
9857
9970
9916
9810
9902
9943
9899
9915
9867
9845
9919
9944
9974
9960
9903
9971
9839
9887
9862
9887
9951
9911
9923
9946
9892
9922
9934
9918
9888
9985
9880
9906
9844
9978
9934
9877
9915
9966
9959
9952
9931
9885
9833
9900
9911
9941
9844
9898
9778
9922
9960
9936
9919
9981
9922
9973
9871
9924
9966
9871
9693
9907
9899
9968
9985
9961
9896
9812
9969
9879
9915
9925
9946
9894
9966
9880
9921
9919
9952
9812
9898
9901
9976
9877
9895
9907
9897
9974
9831
9911
9922
9954
9772
9914
9926
9864
9914
9875
9839
9883
9953
9838
9863
9888
9898
9883
9926
9960
9765
9823
9892
9953
9896
9869
9974
9901
9943
9964
9963
9851
9863
9926
9944
9821
9934
9951
9884
9903
9909
9889
9916
9903
9955
9871
9958
9885
9886
9969
9928
9928
9912
9845
9821
9998
9908
9977
9965
9847
9840
9788
9968
9804
9981
9830
9935
9895
9898
9903
9905
9983
9810
9937
9925
9991
9969
9913
9852
9861
9927
9898
9862
9969
9959
9946
9925
9972
9875
9920
9776
9944
9981
9852
9954
9926
9973
9895
9936
9993
9952
9882
9897
9965
9881
9925
9959
9949
9964
9905
9941
9855
9873
9956
9934
9929
9895
9894
9876
9982
9939
9940
9910
9872
9968
9953
9959
9858
9923
9967
9819
9868
9929
9826
9984
9850
9698
9910
9935
9922
9958
9926
9856
9910
9895
9907
9945
9983
9806
9863
9721
9943
9961
9854
9955
9850
9849
9890
9950
9938
9951
9871
9878
9857
9836
9894
9968
9878
9909
9944
9976
9893
9837
9802
9855
9900
9820
9802
9924
9957
9938
9943
9891
9867
9882
9930
9922
9836
9992
9850
9866
9929
9982
9908
9994
9915
9847
9934
9955
9909
9993
9925
9844
9987
9835
9806
9967
9846
9903
9813
9940
9968
9970
9964
9913
9948
9985
9848
9969
