9997
10000
9999
10000
9999
9999
10000
9978
9981
9994
9966
9999
9998
9996
9925
9989
9998
9999
9933
9985
9971
9999
9949
9999
9980
9997
9998
9999
9910
9985
9990
9995
9941
9989
10000
9991
10000
9996
9981
9967
9996
9930
9983
9998
9999
9980
9988
9997
9999
10000
9996
9988
9901
9997
10000
9998
10000
9983
9999
10000
9981
9919
10000
9977
9960
9989
9994
9994
10000
9986
9992
9978
9999
9983
9962
9992
10000
9891
9988
9978
9991
10000
9993
9991
9997
9991
9995
9997
9993
9961
10000
9995
9971
10000
9998
9991
9995
9999
9995
9999
9991
10000
9999
10000
9989
10000
9955
9999
9996
9849
9969
9999
10000
10000
9366
9994
9940
9991
9997
9977
9988
9992
9986
9998
10000
9998
9941
9997
9981
10000
9993
9988
9997
9977
9986
9993
9992
9993
9989
9993
9990
9999
10000
10000
9948
9997
9994
9996
9984
9998
9994
9864
9975
9999
10000
9997
9902
9995
10000
9991
9988
9987
9979
10000
9985
9997
9983
9985
9997
9999
9987
9988
10000
9999
9980
9995
9999
9999
9974
9953
9998
10000
9973
9945
10000
9990
9975
9999
9956
9896
9998
10000
9994
9990
9992
9988
9996
9993
9992
9985
10000
9991
9949
9967
9980
9994
9979
9980
10000
9974
9998
9993
9996
9996
9997
9996
9990
10000
10000
9981
9980
9991
9997
10000
9993
10000
9996
9973
9965
9955
9998
9993
9949
9996
9990
9993
9996
9971
9989
9993
9998
10000
9991
9998
9857
9997
9990
9997
9998
9999
9990
9998
9998
10000
9946
9997
9988
10000
9999
9999
9984
9993
9998
9999
9977
9995
10000
9953
9912
10000
9983
9991
9998
9998
9992
9956
10000
9884
10000
10000
9932
9969
9999
10000
9995
9998
9961
9924
9987
10000
9996
9982
9989
10000
9999
9991
9992
9998
9940
10000
9981
9997
9982
9997
9984
10000
9996
9996
9998
10000
9996
9996
9994
9993
9995
9998
10000
9998
10000
9994
10000
9988
9997
9972
9961
10000
9996
9914
9976
9997
9995
10000
9986
9985
9991
9996
9994
9998
9997
9988
9976
9996
9997
9960
9971
9997
9986
9968
9963
10000
9997
9998
9998
9971
9965
9997
9980
9990
9974
9997
9991
10000
9999
9977
9999
9965
9998
9993
10000
9995
9993
9975
9991
9999
9999
10000
9996
10000
9991
9994
10000
9999
9981
9989
9933
10000
9999
9990
10000
9988
10000
9996
9999
9998
9991
9968
9957
9978
10000
10000
9999
10000
9977
9876
9998
9995
9999
10000
9996
9944
9998
9987
9876
9926
9997
9977
9999
9888
9998
9940
9934
10000
9827
10000
9995
9999
10000
9998
9998
9974
9979
9992
9995
9871
9997
9998
9989
9987
9993
9997
9999
9995
9999
9990
9944
9981
9998
9980
9999
9998
9976
9988
9910
9992
9996
9936
10000
9997
9971
9996
9967
9996
9971
10000
10000
9977
9970
9993
9999
9969
9999
9981
10000
9989
9990
9987
9998
9985
10000
9997
9985
9996
10000
10000
9992
10000
10000
9989
9972
10000
9997
9998
9990
10000
9986
10000
9997
10000
10000
10000
9999
9998
10000
10000
9955
9955
9925
9991
9995
9976
9997
9997
9999
9998
9999
10000
9997
10000
9994
9999
9973
9984
9986
9984
9979
9952
10000
9988
9995
9994
9996
10000
10000
9989
9999
9985
10000
9998
10000
10000
9998
9964
9999
9998
9998
10000
10000
9985
9996
9988
9996
10000
9966
9999
9975
9998
9932
9970
9896
9998
9998
9933
9998
10000
9993
9999
9997
10000
9999
9999
9981
9989
9975
9994
9991
9991
9929
10000
10000
9986
10000
9985
10000
9987
9999
9998
9994
9917
9998
10000
9999
9973
9992
9999
9998
9997
9997
9999
9997
9985
9998
10000
9995
9947
9953
9930
10000
9997
9997
9940
9982
9992
9985
9961
9954
9987
9996
9964
10000
9997
9997
10000
9993
10000
9999
9985
9996
9997
9968
9986
9995
9988
9996
9993
9998
9999
9999
10000
9911
10000
9956
9999
9969
9980
9996
10000
10000
9999
9999
9998
10000
9994
9981
9999
9975
9997
10000
9962
9856
9967
10000
9965
9998
9998
9964
9967
9995
9995
9998
9901
9994
9988
10000
9943
9999
9984
9997
10000
9998
9999
9999
9998
9993
9957
9964
9982
9990
9998
9992
9989
9996
9975
9999
10000
10000
9886
9999
9959
9992
10000
10000
9992
9974
10000
9996
9909
9993
9924
9966
9999
9975
9999
9995
10000
9986
9999
9997
9989
9993
9986
9998
9962
10000
9966
10000
9985
9986
9999
9999
9998
9914
9985
9998
9997
9999
9997
9958
9971
10000
9952
9978
9987
9981
9998
10000
9999
9954
9943
9996
9955
9989
9993
9984
9984
10000
9999
10000
9974
9997
9987
9999
10000
9992
9992
10000
9988
9999
9998
9983
9997
9908
9991
9998
9983
9994
9998
9998
10000
9920
9999
9985
10000
9999
9977
9995
9988
9999
9998
9986
9999
9970
9975
9920
9981
9991
9999
9991
9989
9987
10000
9999
9991
9964
9994
10000
10000
9991
9985
9986
9995
9990
10000
9999
9997
9991
9993
10000
9997
9997
9949
9989
9981
9992
9980
9997
9987
9992
9974
9955
9987
9999
9992
9958
10000
10000
10000
10000
9988
9991
9967
9904
9979
10000
10000
9972
9985
9997
10000
9966
9993
9998
9938
9998
9999
9924
9985
9999
10000
9951
9992
9997
9999
9999
9992
10000
10000
9991
10000
9859
9995
10000
9999
9989
9988
9999
10000
10000
9976
9994
9991
9971
9985
9981
10000
10000
9970
9997
9994
9952
9982
9983
9999
9997
9996
10000
9998
9984
9999
9939
10000
9996
9982
9969
9999
9988
9999
9999
10000
9998
9999
9921
9992
9999
9997
9989
9977
9995
10000
9999
9995
9976
9996
10000
9989
9974
10000
10000
9997
9974
9916
9998
9997
9998
9998
10000
10000
9998
9967
9996
9970
10000
9996
10000
9906
9988
9999
9912
9966
9975
9995
9966
9999
9978
9997
9986
9998
9979
10000
10000
9930
9991
9999
9997
9976
9970
10000
9992
9978
9993
9990
9988
9980
9994
9993
9993
10000
9875
9984
9998
9966
9979
9932
9977
9963
9971
9965
9972
10000
9961
9999
9999
10000
10000
9952
9990
9986
9996
9993
9990
9830
