9942
10000
9959
10000
9982
9929
9913
9959
9850
9979
9889
10000
9973
9980
9884
9977
9939
9973
10000
9992
9817
9933
9886
9913
10000
9966
9972
9957
10000
9941
9994
9997
10000
9835
9988
9904
9937
9969
9891
9971
9976
9930
9939
9990
9942
9979
9840
9855
9998
9847
9955
9945
9831
10000
9990
9940
9891
9896
9939
9993
9935
9997
9844
9897
9841
9824
9925
9969
9994
9972
9937
9961
9807
9924
9903
9914
9949
9865
9985
9995
9971
9911
9821
9946
9943
9871
9942
9969
9825
9954
9964
9944
9932
9957
9979
9970
9898
9994
9947
9975
9988
9896
9913
9997
9940
9860
9981
9904
9934
9965
9943
9937
9956
10000
9966
9911
9882
9999
9947
9966
9932
9913
9834
9924
9786
9970
9972
9992
9887
9930
9924
9999
9881
9942
10000
9941
9877
9870
10000
9910
9918
9980
9713
9982
9856
9997
9873
9744
9985
9936
9936
9998
9877
10000
9913
9959
9950
9923
9856
9882
9998
9857
9920
9934
9958
9983
9900
9871
9867
9935
9992
9998
9949
9769
10000
9964
9896
9918
9932
9893
9989
9949
9832
10000
9984
9792
9952
9964
9997
9988
9919
9998
9997
9922
9937
9890
10000
9987
9988
9968
9967
9991
9813
9933
9860
9999
9999
9990
9820
9872
9954
9987
9994
9995
9951
9992
9941
9900
9876
9959
9892
9970
9904
9998
9999
9866
9914
9889
9936
9996
9918
9864
9948
10000
9995
9842
9786
9998
9933
9840
9989
9953
10000
9852
9940
9950
9992
9997
9983
9795
9920
9900
9959
9975
9906
9990
9999
9920
9967
9987
9787
9998
9897
9996
9998
9958
9950
9886
9992
10000
9861
10000
9906
9950
10000
9964
9924
9825
9892
9940
9935
9916
9963
9997
9899
9916
9847
9861
9983
9996
9949
9746
9824
9932
9985
9990
9817
9996
9812
9971
9927
9904
9931
9920
10000
9997
9870
9863
10000
9941
9990
9832
9949
9896
9935
9790
9927
9949
9897
9923
9786
9970
9931
9998
9863
9980
9992
9877
9917
9954
9966
9905
9895
9970
9947
9845
10000
9954
9799
9972
9959
9961
9958
9960
9962
9879
9842
9837
9946
9904
9873
9997
9905
9940
9999
9927
9958
9969
9982
9863
9914
9967
9907
9863
9946
9987
9984
9998
9984
9926
9898
9928
9948
9897
9883
9873
9993
9973
9898
9935
9980
9807
9923
9979
9980
9882
9848
9791
9862
9819
9991
9999
9908
9973
9985
9908
9999
9943
9997
9834
9937
9988
10000
9993
9949
9980
9998
9987
9953
9978
9834
9988
9948
9995
9892
10000
9950
9838
9975
9914
9984
9899
9942
9970
10000
9858
9893
9970
9940
9921
9995
9930
10000
9972
9924
9814
9936
9964
9886
9988
9946
9924
10000
9920
9950
9877
9948
9967
9960
9820
9965
9965
9929
9842
9880
9886
9922
9857
9853
9871
9991
9997
9733
9969
9983
9984
9908
9955
9809
9938
9948
9916
10000
9937
9990
9942
9737
9981
9996
9935
9802
9906
9999
10000
9925
10000
9946
10000
9908
9995
9955
9823
9875
9958
9940
9996
9912
9981
9958
9936
9993
9890
9933
9978
9975
9984
9948
9810
9994
9991
9940
9821
9974
9856
9908
9715
9996
9987
9929
9939
9891
9913
9808
9857
9904
9931
10000
9942
10000
9898
9889
9727
10000
9938
9936
9897
9998
10000
9981
9960
9991
9929
9684
10000
9941
9930
9967
10000
9877
9933
9875
9869
9933
9993
9867
9983
9993
9889
9928
9965
9884
9861
9958
9987
9999
9913
9992
9828
9991
9950
9879
9987
9983
9937
9872
9998
9880
9966
9900
9837
9973
10000
9980
9979
9961
9871
9999
9849
9957
9988
9970
9938
9897
9994
9949
9963
9910
9897
9887
9939
9856
9929
9937
9920
9922
9956
10000
9906
9878
9955
9950
9924
9828
9985
9998
10000
9891
9841
9915
9965
9928
9984
9885
10000
9970
9984
9999
9860
9879
9973
9974
9990
9798
9800
9942
9993
9947
9955
9879
10000
9900
9958
9973
9987
9946
9842
9998
9999
9937
9963
9937
9954
9929
9948
9911
9960
9979
9971
9937
9903
9892
9857
9995
9954
9994
9994
9967
9875
9971
9981
9999
9928
9967
9991
9996
9857
10000
9778
9999
9998
9983
9935
9952
9850
9989
9994
9890
9854
9876
9863
9999
9879
9887
9942
9936
9956
9968
9947
9908
9960
9872
10000
9950
9849
10000
10000
9990
9993
9992
9845
9893
9707
9788
9869
9950
9964
9815
9993
9946
9972
9915
9996
9932
9999
9720
9995
9992
9986
9981
9806
9946
9986
9860
9925
9912
9917
9905
9955
10000
9936
9953
9992
9941
9905
9885
9775
9903
9873
9880
9915
9933
9899
9936
9995
9952
9999
9768
9995
9971
9925
9863
9958
9918
9794
9952
9966
9872
9956
9926
9954
9965
9999
9910
9994
9934
9896
9985
9992
9953
10000
10000
9884
9817
9903
9843
9992
9960
9929
9977
9955
9908
9998
9998
9947
9914
9841
9902
9958
9883
9869
9968
10000
10000
9963
9987
9996
9997
9895
9998
9962
9861
9999
9852
9985
9927
9960
9982
9941
9943
9848
9992
9942
9952
9878
9988
9997
9964
9831
9943
9881
9924
9970
9906
9995
9974
9880
9991
9824
9936
9999
9863
9970
9931
9887
9999
9931
9951
10000
9899
9950
9950
9964
9909
9937
9979
9912
10000
9927
9882
10000
9931
9973
9924
9897
9909
9996
9975
9820
9854
9999
9974
9744
9981
9910
9887
9969
9946
9860
9870
9798
9937
9990
9923
9963
9990
9994
9919
9991
9949
9867
9953
9999
9954
10000
9996
9998
9878
9986
9984
9878
9878
9988
9912
9905
9840
9942
9935
9931
9876
9883
9859
9886
9893
9946
9990
9993
9969
9938
10000
10000
9979
9814
9891
9971
9963
9970
9935
10000
9999
9886
9941
9917
9948
9885
9918
9902
10000
9953
9990
9864
9927
9955
9955
9897
9873
9785
9905
9969
9879
9967
9973
9981
10000
9868
9952
10000
9932
9995
9891
9903
9985
9993
9978
9991
9872
9917
10000
9834
9954
10000
9776
9829
9985
9977
10000
9989
9942
9942
9871
9944
9808
9967
10000
9953
9926
9894
9994
9870
9918
9754
9929
9961
9965
9934
9828
10000
9948
9875
9962
9998
