9970
9935
9908
9993
9997
9821
9913
9978
9928
9926
9896
9937
10000
9858
9877
9994
9873
9985
9924
9968
9926
9944
9846
9840
9928
9832
9895
9974
9849
9899
9887
9838
9857
9975
9924
9966
9933
9947
9998
9885
9882
9813
9897
9895
9946
9898
10000
9890
9901
9895
9939
9994
9937
9779
9869
9891
9890
9908
9980
9885
9839
9945
9935
9954
9923
9921
9989
9908
9844
9943
9795
9942
9828
9895
9981
9938
9858
9949
9883
9946
9936
9954
9887
9875
9996
9861
9896
9985
9911
9888
9804
9870
9908
9925
9826
9811
9871
9972
9865
9942
9781
9993
9904
9950
9862
9986
9906
9958
9999
9938
9818
9997
9946
9936
9917
9811
9965
9909
9865
9908
9915
9999
9879
9945
9969
9959
9892
9838
9869
9892
9859
9968
9964
9879
9988
9972
9941
9968
9943
9842
9906
9946
9878
9952
9891
9823
9831
9924
9861
9786
9907
9899
9916
9996
9828
10000
9778
9991
9851
9807
9806
9895
9924
9895
9938
9954
9900
9873
9702
9928
9888
9796
9769
9937
9932
9899
9987
9791
9980
9966
9886
9990
9805
9926
9906
9937
9984
9857
9810
9908
9967
9929
9920
9902
9999
9975
9958
9852
10000
9923
9945
9949
9965
9868
9946
9815
9923
9883
9922
9958
9894
9950
9901
9806
9861
9921
9983
9968
9932
9858
9900
9883
9829
9890
10000
9947
9941
9958
9958
9865
9960
9969
9931
9903
9864
9898
9991
9915
9879
9947
9936
9930
9876
9888
9918
9945
9936
9809
9885
9954
9856
9976
9938
9871
9894
9911
9925
9948
9926
9976
9946
9875
9911
9904
9939
9840
9885
9851
9912
9837
9921
9934
9955
9973
9973
9986
9905
9998
9983
9945
9999
9960
10000
9897
9873
9967
9906
9892
9788
9829
9731
9818
9928
9752
9874
9946
9956
9983
9921
9855
9965
9949
9811
9938
9891
9810
9940
9897
9915
9922
9993
10000
9960
9904
9813
9974
9851
9998
9906
9794
9993
9867
9837
9842
9999
10000
9899
9994
9905
9863
9951
10000
9928
9899
9908
9834
9871
9839
9902
9898
9888
9853
9998
9902
9953
9985
9962
9787
9970
9999
10000
9876
9899
9927
9935
9883
9893
9875
9954
9964
9893
9951
9892
9867
9935
9920
9912
9935
9907
9833
9934
9839
9871
9923
9977
9934
9933
9968
9929
9957
9876
9965
9870
9891
9889
9601
9923
9897
9987
9902
9980
9974
9911
9907
9967
9874
9937
9923
9868
9930
9955
9871
9922
9900
9925
9956
9949
10000
9965
9905
9934
9936
9957
9881
9824
9942
9915
9982
10000
9776
9927
9880
9998
9952
9820
9969
10000
9992
9998
9996
9926
9934
9988
9885
9984
9927
10000
9906
9936
9879
9962
9997
9844
9923
9941
9970
9913
9884
10000
9955
9936
9977
9920
9887
9810
9951
9850
9880
9947
9889
9908
9951
9975
9943
9918
9975
9967
9935
9998
9857
9964
9920
9967
9887
9934
9958
9915
10000
9959
9950
9866
9934
9986
9928
9888
9843
9866
9847
9875
9964
9948
9872
9950
9825
9896
10000
9854
9951
9843
9877
9971
9858
9908
9948
9849
9950
9926
9967
9965
9735
9928
9978
9915
9930
9843
9917
9883
9814
9785
9870
9871
9972
9979
9839
9927
9881
9928
9983
9907
9832
9853
10000
9896
9827
10000
9892
9953
9677
9993
9953
9908
9988
9926
9906
9847
9949
9965
9974
9960
9784
9952
9919
9987
9916
9919
9960
9986
9967
9865
9973
9929
9828
9927
9994
10000
9996
9914
10000
9927
9927
9902
9927
9925
9965
9923
9879
9971
9999
9941
9888
9868
9849
9988
9995
9936
9922
9887
9971
9913
9869
9986
9858
9891
9875
9923
9913
9931
9777
9995
9963
9885
9917
9912
9884
9996
9956
9912
9919
9904
9944
9892
9934
10000
9922
9793
9965
9953
9937
9891
9939
9982
9940
9880
9951
9926
9930
9987
9928
10000
9991
9949
9936
9957
9998
9835
9904
9768
9933
9925
9934
9946
9893
9952
9962
9936
9890
9954
9965
9937
9976
9970
9903
9926
9939
9991
10000
9963
9969
9865
9847
9870
9949
9976
9964
9940
9916
9957
9933
9948
9952
9780
9962
9912
9918
9851
9995
9865
9977
9934
9971
10000
9935
9897
9858
9832
9994
9999
9875
9938
9842
9908
9945
10000
9959
9850
9840
9898
9858
9770
9884
9904
9829
9909
9845
9920
9992
9972
9859
9977
9902
9903
9939
9876
9951
9972
9998
9912
9963
9963
9943
9884
9948
9959
9952
9942
9897
9841
9861
9887
9964
9908
9960
9925
9975
9948
9923
9953
9891
9923
9858
9880
9973
9841
9999
9917
9777
9922
10000
9990
9973
9916
9928
9909
9827
9906
9949
9957
9919
9987
9979
9998
9996
9982
9928
9927
9926
9924
9929
9839
9993
9945
9860
9999
9925
9972
9950
9866
9923
9905
9923
9945
9961
9911
10000
9960
9952
9968
9992
9920
9991
9885
9973
9865
9967
9916
9874
9857
9883
9927
9955
9875
9813
9954
9872
9891
9872
9854
9864
9895
9907
9955
9929
9976
9961
9868
9889
9855
9999
9944
9939
9933
9810
9944
9940
9764
9880
9874
9950
9897
9997
9911
9950
9886
9667
9882
9900
9876
9940
9981
9994
9890
9880
9903
9974
9929
9925
9916
9942
9970
9690
9846
9946
9924
9994
9949
9899
9860
9964
9917
9874
9963
9918
9798
9975
9910
9873
9909
10000
9897
9933
9976
9998
9965
9939
9821
9964
9955
9922
9993
9944
9879
9901
9800
10000
9977
9807
9981
9949
9863
9915
9901
9950
9919
9951
9940
9956
9924
9823
9870
9825
9930
9911
9999
9957
9888
10000
9921
10000
9854
9914
9936
9829
9961
9862
9934
9944
9999
9929
9947
9805
9905
9999
9941
9997
9883
9950
9944
9921
9919
9899
9811
9884
9893
9773
9858
9948
9948
9968
10000
9938
9936
9969
9901
9752
9925
9860
9964
9812
9953
9879
9950
9858
9923
9767
9881
9904
9935
9983
9925
9917
9828
9948
9944
9974
9877
9923
9995
9926
9910
9930
9983
10000
9936
9914
9939
9763
9924
9918
9913
9960
9952
9923
9932
9936
9935
9952
9901
9950
9794
9886
9731
9782
9910
9929
9974
9809
9821
9855
9904
9975
