10000
9995
9790
9993
9971
9998
9999
9980
9983
9940
9873
9972
9947
9999
9910
9962
9930
9987
9962
9996
10000
9931
9928
9987
9870
10000
9833
9882
9969
10000
9943
9995
9992
9926
9920
10000
9972
9935
9960
9998
9834
9998
9993
10000
9999
9837
9989
9997
9988
10000
10000
10000
9864
9958
9975
9928
9904
9922
9909
9999
9859
9934
9954
10000
9925
9985
10000
10000
9918
9998
10000
9848
10000
9996
9999
9999
9961
9965
9989
10000
9997
9915
10000
9998
9996
9878
10000
9993
9992
10000
9915
10000
9981
9997
9937
9924
9999
10000
10000
9964
9987
9944
9897
9975
9994
9998
10000
9935
10000
9857
9887
9996
10000
9989
9967
10000
9938
9971
9901
9968
10000
9914
9893
9997
9968
9999
10000
9964
9940
9988
9926
10000
9894
9996
9952
9875
9892
9977
9997
10000
9950
10000
10000
9969
9934
9997
9997
9807
10000
9985
9993
9986
9970
9971
9936
9924
9824
9992
9978
9996
9816
10000
10000
9840
9959
9980
9999
9955
9794
9994
9997
9992
9999
9974
9992
9952
10000
9998
9917
9916
9908
9915
9912
9998
9955
9979
9980
9992
10000
9958
9956
9995
9999
9982
9837
9992
9815
9980
10000
9992
9988
9999
9833
10000
9999
10000
9958
10000
9911
9940
9997
9873
9966
10000
10000
9885
9983
9919
9983
9954
10000
9978
9971
9963
9999
10000
9985
9926
9953
9851
9892
9999
9937
9993
9948
9984
9921
9996
9999
9851
9997
9999
9999
9999
9966
9988
9976
9904
9978
9985
9999
9999
9998
9921
9997
9958
9991
10000
9974
9882
9999
9996
9842
9999
9964
10000
9958
9864
9995
9943
9989
10000
9973
10000
9998
9993
9998
9928
9915
9997
9994
9988
9832
9995
9999
9992
9981
9995
10000
10000
9996
9953
9882
9999
10000
9997
9971
9946
9985
9998
9873
9933
9951
9969
9998
10000
9914
9995
9997
10000
9995
9958
9970
10000
9945
9998
9930
10000
9934
9974
10000
9953
9841
10000
9958
9951
9808
9999
9932
9998
9987
9917
9977
9937
9906
9989
9944
10000
10000
10000
9999
9998
9930
9989
9996
10000
9988
9991
9988
9877
9981
9930
9992
10000
9983
9994
9999
9981
9921
9922
10000
9959
9995
9901
9991
9953
9950
9905
9985
9990
9998
9886
9946
9999
10000
9999
9917
9997
9983
10000
10000
9990
9995
9873
9997
9918
9938
9996
9942
9998
9898
10000
10000
9956
9880
10000
9979
9998
10000
9995
9993
9975
9934
9947
9996
9967
10000
10000
9997
9902
10000
9999
9975
9990
9974
9897
9997
9996
9980
10000
9995
9943
9999
10000
9906
9974
9995
10000
9995
9958
9999
9997
9991
9997
10000
9983
9930
9997
9856
10000
9957
10000
9986
9994
9997
9998
9996
10000
9999
9999
10000
9927
10000
9853
10000
9957
9970
9943
9928
9999
10000
9882
10000
9999
10000
9980
10000
9989
9916
9985
9961
9990
9994
9823
10000
9979
10000
9979
9997
9910
9781
9987
9991
9997
9996
9883
9810
9994
9941
9975
9987
9915
9951
9836
9931
9998
9999
9862
9999
10000
9991
9999
10000
9969
9980
9981
9985
9939
10000
9974
9999
10000
10000
9996
9988
10000
10000
10000
9926
9962
9997
9816
9998
9992
9997
10000
9994
10000
9996
9974
9910
9998
9947
10000
9999
9928
9933
10000
9815
9986
9987
9998
9957
9974
9980
9999
9999
9978
10000
9999
9863
10000
9980
9941
9999
10000
9939
9918
9981
9982
10000
9995
9935
9928
9976
9956
9996
10000
10000
9998
10000
9926
9984
9818
9996
9997
10000
10000
9947
10000
10000
10000
9998
10000
9982
9992
10000
9950
9991
9995
9981
9999
9997
10000
9985
9999
9997
10000
9940
9775
9994
9991
10000
9870
9957
9926
9996
9977
9975
9937
9999
9929
9883
10000
9896
9988
10000
10000
9998
10000
9968
9991
9999
9986
9946
9929
9990
9946
9822
9948
9993
9987
9994
9963
9921
9913
9974
10000
10000
9998
9964
9954
9987
9986
9989
9987
9982
9985
9936
9999
9998
9889
9931
9984
9997
9981
9997
9999
9978
9902
9999
9999
10000
9996
10000
10000
9978
10000
9978
9936
9976
9969
9833
9948
9999
9999
9897
9972
9970
9998
9977
9999
9990
9972
10000
9996
9987
10000
9986
10000
9994
9885
9840
9999
9833
9985
10000
10000
9998
9863
9884
9806
9940
10000
9912
9960
9993
9999
9987
9990
9883
10000
9883
9999
9950
9917
9999
9961
9989
9984
10000
9987
9999
10000
10000
9997
9988
9985
9969
10000
10000
10000
10000
10000
9995
9912
9979
9999
9879
9992
9924
9861
9998
9930
9979
9987
9996
9990
10000
9998
9974
9998
9963
9939
10000
10000
9991
10000
9908
10000
9831
9954
10000
9971
9992
9986
9940
9999
9970
9990
9929
9918
9996
9826
10000
9844
9973
9937
9978
9991
9974
9956
9975
10000
9931
9997
9999
9976
9905
9976
9998
9931
9870
9995
9938
9995
9906
9999
9998
9917
9997
9993
9986
9898
9894
9955
9994
9998
9990
9951
9998
10000
9930
9932
10000
10000
9941
9958
9985
9971
9993
9883
9997
9963
9910
9939
9995
9949
9952
10000
9999
10000
9924
9990
9994
9978
9989
9927
9993
9997
9975
9982
9985
9973
9996
9923
10000
9993
9941
10000
9930
10000
10000
9952
9999
9912
9997
9999
9995
9999
9924
9999
9961
9993
9997
9838
9995
9871
9986
9995
10000
9996
9993
9977
10000
9995
9846
9982
9983
9963
9999
9996
9969
9943
9902
9993
10000
9990
9884
10000
9952
9929
9992
9934
10000
10000
9951
9989
9992
9962
9992
9914
9958
10000
9987
10000
9997
10000
9972
10000
9993
9968
10000
9998
9990
9974
9997
10000
9805
10000
9995
10000
9922
9939
10000
9994
9985
10000
9932
9900
10000
9999
9953
9950
9991
9975
9997
9965
9943
9857
9988
10000
9986
9948
9997
9987
9884
9976
9996
9995
9897
9990
9939
9960
10000
9989
10000
9958
10000
9987
9907
10000
9997
10000
9999
9978
10000
10000
9891
10000
9981
9736
9963
9999
9982
9999
9992
9875
9816
9981
9978
9955
9905
9930
9999
9981
10000
9996
9998
9995
9968
9974
9917
10000
10000
9942
10000
9951
9944
10000
