9944
9985
9936
9940
9954
9947
9960
9998
9979
9894
9970
9814
9997
9979
9933
9961
9993
9928
9990
9931
9908
9980
9969
9971
9981
9992
10000
9857
9900
9847
9941
9995
9828
9927
9863
10000
9935
9961
9997
9859
9973
9982
9941
9990
9988
9955
10000
9955
9945
9962
9931
9948
10000
9993
9913
9747
9961
9916
9982
9921
9955
9874
9992
9883
9966
9899
9990
9932
9899
9894
9935
9979
9953
9941
9997
9999
9919
9891
9990
9942
9992
9955
9998
9913
9977
9949
9974
9975
9984
9957
9927
9998
9974
9868
9981
9990
9871
9994
9867
9926
9825
9985
9981
9998
9904
9988
9902
9994
9831
9938
9961
9996
9997
9892
9992
9967
9977
9971
9899
9999
9962
9951
9952
9921
9957
9920
9976
9863
9982
9978
9969
9968
9988
9918
9887
9914
9948
9981
9938
9950
9845
9995
9999
9996
9964
9821
9930
9960
9976
9926
9979
9866
9832
9761
9998
9999
9946
9955
9990
9989
9931
9985
9878
9961
9976
9941
9985
9964
9881
9968
9996
10000
9982
9932
9994
9947
9961
9915
9814
9955
9921
9917
9996
9997
9995
9948
9946
9984
9926
9904
9995
9971
9887
9944
9949
9830
9998
10000
9987
9990
9999
9911
9966
9928
9996
9981
9991
9894
9916
9945
9990
9950
9993
9994
9960
9999
9828
9891
9866
9981
9970
9996
9901
9937
9767
9986
9993
9943
9940
9909
9999
10000
9877
9944
9838
9988
9984
9952
9930
9977
9949
9962
9950
9942
9943
9987
9981
9844
9932
9977
10000
9993
9955
9919
9998
9962
9954
9930
9921
9997
9964
9941
10000
9966
9983
9873
9929
9966
9927
9998
9977
9959
9926
9967
9999
9991
9974
10000
9973
9947
9992
10000
9909
9839
9754
9960
9789
9951
9980
9951
10000
9878
9978
9920
9877
9994
9984
9928
9975
9972
9996
10000
9997
9978
9977
9986
9954
9917
9886
9993
9989
9999
9992
9929
9988
9994
9996
9928
9993
9987
9990
9975
9999
9972
9975
9893
9961
9992
9999
9991
9986
9919
9984
10000
9970
9955
9978
9919
10000
9973
9929
9996
9974
10000
9917
9955
9975
9926
9970
9939
9938
9999
9998
9883
9944
9918
9932
9970
9972
9876
9962
9938
9954
9990
9888
9972
9942
9967
9978
9945
9968
9947
9991
10000
9995
9989
9912
9969
9988
9972
9985
9999
9958
9909
9980
9955
9957
10000
9953
9920
9927
9986
9989
9891
9988
9988
9965
9999
9998
9979
9973
9997
9903
9995
10000
9983
9905
9994
9971
9955
9987
9975
9906
9913
9767
9993
9982
9887
9952
9984
9895
9991
9994
10000
9961
9856
9937
9991
9958
9966
9999
9973
9858
9907
9977
10000
10000
9985
9991
9833
9927
9959
9999
9991
9911
9962
9954
9893
9997
9983
9885
9950
9948
9977
9995
9885
9992
9829
9992
9996
9961
9993
9969
9971
9950
9898
9861
9952
9879
9780
9978
9960
9887
9894
9955
9942
9995
9964
9956
9967
9935
9991
9940
9976
9872
9924
9990
9980
9975
9993
9996
9980
10000
9994
10000
9926
9992
9971
9938
9869
9910
9778
9993
10000
9891
9908
9827
9958
9841
9975
9969
9975
9997
9951
9998
9984
9987
9943
10000
9974
9985
9995
9994
9932
9952
9951
9987
9877
10000
9991
9857
9973
9869
9926
9976
9989
9993
9979
9855
9992
9976
9921
9829
9996
9948
9952
9992
9946
9992
9804
9932
9989
9999
9912
9934
9989
9933
9847
9995
9967
10000
9964
9999
9958
9968
9996
9961
9973
9971
9995
9999
9724
9988
10000
9980
9920
9742
9957
9967
9918
9924
9978
9992
9915
9998
9817
9993
9980
9977
9936
9839
9861
9942
9962
9976
9831
9999
9964
9992
9929
9853
9983
9984
9955
9990
9999
9996
9967
9996
9991
9974
9984
9999
9896
9998
9989
9900
9978
9996
9928
9999
9966
9993
9876
9992
9991
9924
9978
9871
9938
9999
9907
9969
9862
9957
9968
9961
9930
9979
9966
9960
9957
9899
9999
9906
9953
9945
9987
9971
9893
9992
9983
9991
9893
9924
9999
9976
9991
9875
9944
9854
9935
9920
9987
9921
9856
9842
9939
9991
9809
9907
9990
9782
10000
9990
9916
9999
9994
9983
9909
9974
9982
9994
9924
9959
9960
9979
9917
9998
9967
9899
9991
9953
9996
10000
9966
9998
9983
9993
9954
9909
9865
9892
9905
9866
9993
9909
9965
9953
9962
9868
10000
9983
9992
9999
9953
9994
9860
9868
9921
9923
9998
9952
9935
9916
9838
9992
9902
9977
9905
9867
9991
9997
9903
9999
9973
10000
9926
9888
9957
9970
9749
9995
9991
9997
9922
9857
9935
9977
9984
10000
9916
9940
9994
9946
9904
9974
9967
9993
9913
9967
9889
9847
9958
9867
9993
9888
9934
9971
10000
9878
9956
9992
9993
9988
9999
9913
9979
9996
9912
9822
9985
9870
9994
9965
9950
9972
9904
9940
9981
10000
9999
9908
9996
9979
9989
9997
9954
9990
9990
9890
10000
9974
9966
9989
9927
9880
9987
9997
9997
9972
9996
9968
9945
9990
9967
9975
9958
9999
9985
9953
9992
9997
9846
9868
9998
9994
9987
9927
9919
9975
9930
9999
9999
9992
9995
9968
9975
9987
9973
9830
9991
9954
9981
9995
9968
9894
9961
9983
9919
9912
9918
9803
9953
9950
9970
9966
9801
9980
9962
9836
9989
9935
9993
9987
9967
9986
9899
9915
9927
9999
9996
9999
9969
9991
9917
9985
9951
9960
9948
9997
9950
9918
9921
9925
9998
9959
9992
9997
9967
9974
9965
9805
9960
9953
9991
9990
9966
10000
9985
9953
9970
9902
9839
9994
9998
9929
9985
9928
9959
9939
9896
9836
9984
9995
9987
9988
9994
9989
9861
9995
9887
9921
9984
9916
9922
9992
9994
9871
9999
9943
9920
9995
9968
9994
9937
9919
9962
10000
9905
9905
9943
9882
9999
10000
9958
9895
9944
9977
9898
9933
9996
10000
9996
9994
9927
9987
9993
9994
9948
9962
9982
9938
9909
9952
9967
9999
9979
9906
9924
10000
9973
9829
9934
9965
9856
10000
9955
9962
9941
9992
9879
9939
9989
9927
9983
9989
9942
9994
9924
9993
9933
9990
9998
9924
9885
9964
9988
9988
9908
