9932
9955
9916
9951
9923
9869
9810
9867
9960
9940
9899
9948
9938
9799
9640
9844
9908
9924
9885
9926
9937
9896
9901
9926
9925
9888
9924
9919
9900
9879
9988
9798
9918
9971
9786
9921
9969
9898
9889
9766
9854
9836
9916
9849
9913
9969
9918
9977
9815
9910
9911
9896
9912
9929
9847
9949
9878
9902
9827
9921
9892
9853
9922
9908
9902
9926
9956
9833
9924
9858
9896
9933
9870
9925
9917
9902
9874
9814
9834
9934
9902
9960
9983
9937
9952
9968
9910
9791
9956
9977
9862
9996
9947
9986
9941
9757
9947
9914
9990
9914
9813
9882
9886
9899
9926
9921
9842
9912
9903
9925
9912
9939
9942
9909
9758
9872
9902
9941
9874
9972
9884
9839
9740
9942
9888
9872
9917
9933
9952
9926
9937
9865
9926
9921
9920
9933
9824
9891
9984
9963
9921
9832
9903
9968
9958
9915
9993
9915
9951
9891
9923
9850
9916
9883
9945
9949
9776
9937
9873
9954
9964
9963
9863
9899
9837
9945
9877
9867
9794
9879
9933
9941
9891
9878
9967
9929
9868
9921
9885
9909
9910
9976
9802
9911
9890
9788
9920
9882
9957
9920
9938
9822
9917
9829
9872
9939
9914
9846
9826
9924
9892
9959
9941
9884
9955
9898
9918
9990
9905
9920
9917
9940
9948
9943
9873
9881
9905
9984
9827
9882
9943
9937
9935
9892
9819
9849
9943
9965
9906
9865
9901
9945
9932
9854
9847
9874
9902
9943
9866
9962
9885
9919
9803
9925
9928
9894
9960
9911
9981
9957
9895
9945
9915
9873
9978
9860
9941
9947
9883
9793
9860
9887
9885
9915
9935
9954
9972
9879
9995
9958
9935
9880
9919
9815
9828
9895
9867
9962
9959
9939
9971
9920
9844
9935
9923
9933
9967
9834
9944
9915
9912
9849
9931
9864
9929
9964
9991
9962
9793
9857
9853
9913
9905
9831
9931
9828
9870
9921
9965
9824
9818
9827
9975
9950
9992
9906
9956
9950
9991
9968
9751
9893
9929
9996
9857
9951
9954
9889
9920
9880
9862
9929
9873
9936
9880
9863
9932
9882
9787
9893
9941
9854
9888
9925
9951
9869
9943
9881
9957
9972
9959
9927
9923
9924
9910
9938
9911
9847
9834
9892
9917
9938
9976
9936
9929
9936
9877
9942
9976
9957
9869
9999
9877
9804
9860
9913
9806
9956
9890
9921
9907
9969
9850
9888
9922
9991
9908
9979
9970
9927
9943
9881
9887
9936
9941
9914
9901
9869
9888
9945
9932
9879
9934
9925
9846
9870
9855
9935
9871
9961
9821
9999
9979
9845
9878
9775
9924
9961
9811
9970
9958
9925
9948
9949
9905
9868
9944
9971
9903
9929
9892
9887
9849
9956
9838
9896
9834
9941
9860
9967
9928
9924
9855
9861
9844
9862
9981
9982
9776
9870
9929
9904
9900
9995
9930
9985
9879
9924
9893
9948
9951
9921
9945
9922
9972
9972
9890
9871
9880
9785
9961
9821
9950
9928
9860
9942
9922
9890
9864
9836
9940
9939
9904
9971
9844
9948
9923
9870
9983
9911
9972
9954
9969
9855
9968
9955
9918
9929
9852
9910
9942
9952
9966
9926
9861
9862
9987
9763
9901
9895
9930
9989
9952
9888
9967
9964
9893
9862
9943
9950
9984
9948
9941
9864
9973
9940
9947
9889
9901
9920
9810
9864
9918
9929
9892
9920
9927
9946
9936
9915
9825
9840
9828
9927
9944
9916
9862
9801
9974
9967
9953
9956
9871
9962
9926
9942
9850
9999
9892
9955
9900
9860
9737
9848
9809
9804
9903
9955
9846
9936
9870
9875
9900
9959
9890
9844
9871
9802
9943
9956
9918
9940
9873
9834
9953
9901
9857
9851
9794
9900
9878
9948
9900
9971
9910
9807
9963
9919
9878
9802
9906
9855
9934
9775
9918
9961
9855
9862
9817
9884
9946
9964
9913
9872
9937
9925
9994
9845
9877
9737
9883
9933
9888
9921
9988
9959
9996
9986
9884
9937
9946
9916
9835
9870
9925
9969
9818
9929
9885
9899
9814
9915
9940
9840
9821
9958
9886
9880
9896
9905
9891
9869
9896
9882
9758
9899
9969
9893
9960
9941
9838
9918
9954
9866
9909
9893
9904
10000
9934
9864
9928
9931
9879
9933
9624
9797
9966
9998
9824
9916
9926
9946
9909
9915
9933
9869
9905
9912
9912
9917
9929
9821
9968
9830
9925
9975
9984
9936
9913
9974
9865
9928
9979
9926
9975
9916
9889
9903
9877
9973
9951
9939
9902
9903
9981
9884
9864
9801
9725
9771
9931
9915
9955
9898
9883
9856
9807
9949
9842
9967
9924
9923
9963
9940
9912
9864
9955
9849
9948
9871
9807
9811
9973
9872
9868
9942
9758
9781
9952
9971
9947
9820
9950
9940
9929
9863
9834
9871
9996
9879
9920
9874
9863
9931
9837
9883
9931
9908
9915
9918
9885
9810
9901
9903
9929
9975
9859
9841
9852
9932
9913
9905
9894
9905
9960
9831
9861
9942
9920
9891
9927
9842
9891
9828
9964
9928
9837
9827
9930
9984
9896
9973
9789
10000
9910
9945
9999
9966
9871
9877
9928
9903
9869
9906
9942
9733
9909
9992
9876
9860
9925
9897
9976
9906
9781
9924
9857
9831
9917
9857
9970
9887
9951
9931
9913
9838
9948
9925
9748
9898
9911
9957
9836
9891
9888
9939
9939
9824
9823
9804
9795
9860
9892
9841
9890
9912
9969
9835
9977
9848
9886
9986
9919
9956
9921
9978
9910
9898
9738
9924
9974
9860
9963
9913
9896
9743
9837
9901
9920
9903
9958
9842
9891
9724
9889
9904
9866
9971
9785
9941
9864
9909
9927
9991
9955
9903
9920
9910
9813
9907
9977
9824
9879
9925
9858
9995
9954
9899
9791
9998
9947
9990
9813
9964
9743
9877
9908
9971
9865
9932
9902
9754
9983
9718
9931
9915
9940
9866
9994
9944
9961
9734
9827
9922
9911
9919
9926
9926
9897
9940
9942
9922
9957
9838
9851
9977
9874
9915
9925
9872
9893
9673
9977
9907
9921
9959
9893
9895
9953
9934
9939
9921
9950
9916
9915
9930
9919
9959
9896
9938
9831
9929
9952
9935
9916
9918
9942
9843
9957
9937
9904
9942
9831
9935
9896
9932
9927
9849
9914
9947
9839
9999
9971
9871
9945
9834
9850
9906
9927
9964
