9994
9812
9995
9961
9926
9976
9866
9940
9932
9882
9914
9952
9984
9888
9905
9965
10000
9972
9964
9999
10000
9816
9955
9888
9995
9816
9875
9913
9946
9972
9994
9934
9861
9731
9970
9913
9862
10000
9880
9993
9933
9999
9906
9965
9935
9948
9968
9994
9973
9970
9874
9861
9939
9956
9910
9989
9797
9957
9939
9972
9922
9904
9962
9994
9953
10000
9966
9991
9940
9959
9999
9994
9940
9994
9942
9999
9954
9897
9963
9981
9901
10000
9941
9867
9956
9978
10000
9859
9879
9999
9946
9997
9680
9936
9980
9896
9893
9927
9949
9978
9948
9940
9919
9862
9940
9999
9818
9917
9991
9930
9910
9883
9961
9924
9993
9987
9907
9805
9842
9994
9998
9925
9944
9971
9952
9768
10000
9951
9921
9988
9976
9889
9987
9948
10000
9992
10000
9990
9943
10000
9921
9942
9844
9946
9984
10000
9937
9891
9961
9986
9957
9990
9994
9763
9939
9894
9994
9931
9696
9922
9930
9909
9864
9812
9972
9930
9986
9898
10000
9878
9980
9816
10000
9867
9920
9993
9922
9941
9987
10000
9696
9972
9944
9910
9979
9997
9851
9955
9862
9949
9862
9981
9963
9986
10000
9926
9893
9996
9997
9961
9901
9916
9898
9946
9932
9921
9911
9925
9997
9890
9941
9945
9969
9992
9756
9790
9999
9979
9808
9968
9815
9944
9952
9966
9955
10000
9987
9983
9897
10000
9851
9995
9959
9877
9925
9937
9975
9963
9993
9998
9899
9988
9988
9951
9909
9900
9999
9907
9742
9896
9843
9890
9908
9994
9946
9962
9897
9895
9979
9948
9965
9919
9917
9909
9989
9952
9966
9999
9997
9907
9968
9941
9897
9987
9929
9941
9823
9918
10000
9933
9985
9923
9965
9944
9881
9840
10000
9870
9961
9918
9872
9960
9832
9974
9996
9999
9880
9990
9860
9957
9892
9924
9997
9904
9972
9955
9944
9958
9994
9895
9908
10000
9774
9859
9962
9966
9932
9994
9956
9907
10000
9940
9934
9968
9815
9972
9887
9970
9862
9837
9999
9999
9987
9918
9845
9998
9886
9835
9944
9999
9957
9983
9881
9940
9863
9959
9952
9998
9904
9869
9993
9859
9951
9866
9925
9962
9960
9995
9984
9994
9795
9724
9935
9966
9843
9841
9952
9992
9934
9963
9973
9941
9758
9876
9931
9969
9925
9912
9899
9907
9988
9925
9864
10000
9944
9883
9870
9906
9977
9771
9963
9799
9874
10000
9994
9964
9877
9917
9999
9979
9951
9878
9949
9929
9919
9899
9840
9962
9960
9991
9904
9982
9901
9921
9998
9829
9863
9935
9945
9928
9983
9886
9931
9999
9967
9926
9987
9913
9899
9957
9870
9994
9975
9932
9985
9911
9924
9994
9946
9955
9947
9922
9901
10000
9971
9896
9998
9925
9991
9969
9905
9985
9879
9855
9867
9991
9996
9977
9943
9910
9998
9966
9978
9968
9867
9954
9870
9926
9903
9975
9893
9875
9759
9999
9906
9953
9917
9762
9896
9997
9983
9962
9949
9933
9854
9959
9956
9953
10000
9957
9957
9968
9992
9944
9913
10000
9956
9836
9987
9918
10000
9809
9890
9893
9996
9968
9934
9851
9983
9896
9998
9783
9927
9993
9997
9923
9952
9975
9937
9930
10000
9960
9879
9903
9928
9844
9999
9997
9949
9868
9931
9883
9985
9919
9862
10000
9861
9994
9946
9968
9820
9962
9946
9997
9989
9988
9989
9962
9981
9898
9986
9998
9947
9865
9994
9883
9906
9924
9922
9963
9919
10000
9995
9986
9975
9915
9893
9922
9954
9999
9884
9980
9898
9998
9999
9998
9945
9923
9967
9921
9996
9905
9937
9878
9948
9775
10000
9903
9946
9999
9984
9879
9803
9930
9946
9946
9916
9986
9939
9990
9983
9982
9836
9983
9999
9874
9896
9974
9974
9872
9901
9836
9948
9879
9974
9863
9946
9937
9909
9889
9996
9908
9892
9946
9983
9973
9975
9933
9984
9974
9968
9933
9924
9827
9995
9725
9852
9999
9908
9943
9860
9920
9988
10000
9817
9792
9878
9941
9994
9929
9879
9926
9977
9932
9881
9943
9933
9952
9931
9841
9997
9934
9952
9888
9943
9903
9980
9969
9756
9982
9984
9942
9974
9847
9974
10000
9853
9936
9899
9935
9980
9913
9992
9945
9973
9988
9991
9841
9914
9757
9958
9981
9982
9954
9984
9989
9830
9997
9997
9928
9977
9884
9961
9913
9969
9817
9956
9963
9885
9953
9959
9946
9975
10000
9999
9995
10000
9883
10000
9981
9998
9954
9951
9921
9940
9919
9975
9995
9910
9923
9904
9996
9877
9927
9822
9927
9889
9866
9895
9941
9899
10000
9935
9932
9784
9926
9893
9984
9959
10000
9977
9984
9890
10000
9946
9897
9935
9981
9958
9982
9980
9893
9941
9900
10000
9948
9852
9981
10000
9999
9858
9965
9961
9997
9966
9879
9851
9890
9960
9965
9922
9860
9920
9965
9984
9992
9927
9986
9963
9968
9989
9998
9925
9905
9881
9985
9954
9963
9921
9825
9974
9911
9893
9919
9912
9846
9896
9943
9931
9880
9854
9878
9959
9933
9850
9973
9875
9936
9835
9915
9961
9999
9981
9962
9907
9923
9909
9930
9921
9974
9925
9880
9961
9899
9847
9805
10000
9878
9997
9959
9913
9987
9962
9666
9917
9966
9785
9871
9966
9991
9973
9989
9991
9929
9919
9910
9957
9947
9961
9927
9927
9948
9999
9872
9992
9922
9901
10000
9811
9963
9896
9982
9972
9957
9999
9925
9989
9901
9907
10000
9982
9942
9941
9922
9948
9976
9992
9995
9932
9990
9855
9997
9896
9988
9950
9813
9920
9918
9952
9959
9909
9988
9999
9893
9894
9867
9992
9997
9878
9981
9957
9880
9916
9881
9953
9998
9998
9993
9880
9999
9840
9968
9905
9913
9967
9948
9983
9947
9948
9873
9973
9998
9975
9949
9856
9962
9877
9968
9984
10000
10000
9958
9895
9862
9926
10000
10000
9922
9957
9909
9989
9956
9858
9899
9970
9996
9978
9897
9891
9942
9939
9892
9974
9922
9919
9824
9811
9976
9929
10000
9954
9883
9969
9958
9977
9992
9935
9797
9961
9968
9914
9892
9916
10000
9989
9996
9997
9966
9998
9741
9845
9981
9910
9953
9929
9928
9941
9963
9930
9847
