9894
9997
10000
9918
9899
9918
9931
10000
9921
9941
9964
9959
9984
9819
9900
9951
9932
10000
9999
9952
9902
9881
9993
9967
9904
9903
9931
9906
9989
10000
9982
9895
9896
10000
9870
9996
9998
9996
10000
10000
9967
9924
9874
9857
9996
10000
9998
9809
9945
9950
9980
9982
9992
9924
9927
9968
9987
9997
9999
9988
9917
9961
9784
9945
9864
9761
9996
9899
10000
10000
9987
9809
9963
9979
9829
9839
9946
9965
9819
9930
9887
9999
9822
9929
9980
10000
9908
9891
10000
9946
9975
9811
9935
9972
9904
9934
9928
9963
9901
9998
10000
9880
10000
9965
9989
9955
9975
9983
9889
9862
9994
9928
9868
9989
9874
9998
9997
10000
10000
9996
10000
9945
9942
9999
9981
10000
9813
10000
10000
9950
9941
9861
9998
9996
9882
9999
9995
9991
9883
9841
9998
9983
9998
9929
9939
9917
9970
9982
9924
9999
9991
9971
9980
9961
9925
9966
9814
9925
9980
9973
9938
9993
9985
10000
9998
9955
9855
9882
9923
9810
9932
9947
9933
9994
9889
10000
9891
9948
9981
9916
9956
9912
9953
9938
9907
10000
9989
9994
9981
9999
9883
9978
9972
9999
9923
9945
9992
9864
9890
9934
10000
9924
9986
10000
9998
10000
9943
9975
9935
9943
9998
9925
9947
9910
9908
9933
9894
9999
9997
9774
9868
9975
9731
9874
9996
9976
9999
9959
9914
9903
9979
9971
9926
9974
9899
9878
9922
9850
10000
9948
9906
9926
9995
9944
9999
9999
9927
9996
9943
9886
9999
10000
9924
9976
9883
9923
9926
9994
9998
9977
10000
10000
9999
10000
9858
9940
9969
9966
9942
9974
9927
9944
9900
9972
9954
9989
9894
9994
9910
10000
9930
9941
9904
9930
9911
9965
9976
9901
9882
9837
9998
10000
9912
9862
10000
9809
9894
9998
9972
9972
9877
9906
9989
9943
9928
9992
9983
9938
10000
9966
9941
10000
9841
10000
10000
10000
9842
9931
9980
9997
9959
9890
9995
9775
9898
10000
9997
10000
9806
9838
9864
9987
9984
9972
9923
9974
9852
9979
9935
9995
9987
9991
9996
9938
9932
9698
9998
9956
9967
9998
9954
9833
9998
9998
9855
9903
9950
9946
9970
10000
10000
9961
9933
10000
9837
9978
9907
9965
9997
9967
10000
9917
10000
9973
10000
9999
10000
9804
9981
9897
9992
10000
9998
9930
9972
9767
9990
9907
9962
9996
9861
9903
9998
9997
9922
9926
10000
9998
9967
9925
9919
9996
10000
9978
9998
9985
10000
9972
10000
9958
9730
9990
9993
9882
9985
9915
9921
9952
9820
9997
9958
9995
9995
9998
9904
9970
9925
9868
9974
9998
9997
9999
9875
9828
9950
9960
9856
9895
9996
9971
9954
9952
9857
9959
9998
9854
9979
9884
9999
9972
10000
9908
9996
9880
9940
9895
9996
9924
10000
9973
9975
9994
9901
9988
9936
9806
9952
9998
10000
10000
9949
9903
10000
9924
9862
9998
9983
10000
10000
9926
9987
9950
9961
9881
10000
9970
9946
9813
9918
9884
9811
9999
9873
9946
9957
10000
9915
9958
9926
9999
9930
9874
9969
9929
9986
9946
9946
9942
9918
9903
9953
9877
10000
9917
10000
9932
10000
10000
9875
9997
9977
9896
9979
9984
9907
9917
9843
9996
10000
9939
9958
9998
10000
9993
9943
9997
9940
9975
9776
9820
9937
9925
9899
9996
9963
10000
9968
9987
9999
9981
9960
9853
9993
9863
10000
9841
9930
9986
9908
9916
9999
9998
10000
9796
9826
9880
10000
9951
9727
9986
9910
9957
10000
9934
9992
9973
9992
9999
9742
9882
9838
9999
9889
10000
9948
9803
9866
10000
9946
9996
9996
9990
10000
9957
9884
9940
9995
9924
9999
9876
9998
9927
9945
9764
9832
9941
9997
9904
9875
9888
9999
9926
9901
10000
9891
9918
9987
10000
9946
9806
9932
9948
9898
9967
9846
9997
9908
9944
9974
9855
9965
10000
9975
9976
9986
9966
9927
9896
9822
9936
9876
9933
9903
10000
9935
9834
9986
9994
9910
9988
10000
9916
9912
9991
9940
9928
9924
9899
9859
10000
9996
9998
9993
9901
9974
9878
9999
9933
9859
9952
9928
9864
9960
10000
9791
9994
9965
9962
9998
10000
9916
9984
9985
9999
9995
9968
10000
9932
9888
9999
9870
9927
9887
9872
9946
9998
9884
9952
9937
10000
9900
9918
9952
9851
9997
9882
9832
9970
9925
9910
9988
9907
9997
9863
10000
9937
9908
9964
9890
9968
9972
9988
9918
9902
9845
10000
9941
9994
9939
9902
9883
9972
9915
9918
9903
9932
9914
9975
9957
9985
9895
9769
9898
9985
10000
9965
9876
9985
9849
9993
9999
9963
9939
9937
9831
9921
9997
9981
9870
9961
9946
10000
9826
9909
9922
9894
9956
9986
9880
9950
9901
9998
10000
9869
9888
9991
9979
9876
9997
9958
10000
9889
9998
9834
9822
9969
9870
9864
9975
9949
9963
9876
9940
9998
9991
9893
9919
10000
9998
9975
9882
9944
9997
10000
10000
9957
9787
9992
9934
9873
9997
9994
9964
9999
9996
9999
9981
9896
9998
9972
9772
9959
9870
9894
9851
10000
9877
9976
9946
9910
10000
9879
9998
9919
9974
9963
9958
9797
9999
9980
9981
9965
9999
9808
9851
9999
9928
9836
9994
9750
9923
9964
9999
9964
9930
10000
9995
9997
9975
9897
9943
10000
9903
9889
9945
9913
9942
9832
9892
9993
9878
9997
9999
9982
9938
9946
9931
10000
10000
9981
9941
9949
9999
9969
9895
9979
9898
9999
9889
9958
9897
9999
9992
9951
9878
9882
9999
9917
9927
9997
9873
9995
9858
9883
9988
9884
9916
9971
9928
9998
9930
9999
9997
9913
10000
9949
9928
10000
9945
9913
9960
9997
10000
9967
9791
9985
9919
9999
9842
9995
9784
9995
9851
9892
9926
9870
9938
9907
9979
9913
9994
9838
9999
9989
9920
9956
9979
9972
9939
9960
9950
9858
9999
9867
9925
9821
9997
9997
9910
9821
9851
9998
9767
9946
9980
9999
9998
9883
9961
9909
9916
9894
9998
9897
9996
9910
9980
10000
9986
9894
9999
9965
9974
9954
9880
9998
9933
9999
9998
9812
9995
9991
9845
9785
9998
9939
9922
9923
9850
9984
