9875
9933
9999
9818
9916
9991
9965
9923
9927
9871
9972
9905
9908
9870
9963
9923
9997
9946
9937
9989
9915
9994
9927
9881
9970
9839
9955
9918
9917
9923
9947
9969
9998
9871
9931
9928
9959
9948
9929
9914
9984
9963
9923
9907
9949
9926
9876
9961
9989
9916
9916
9919
9954
9903
9889
9976
9982
9900
9935
9908
9953
9898
9883
9959
9967
10000
9912
9930
9940
9867
9925
9929
9972
9890
9898
9986
9845
9963
9984
9866
9933
9968
9909
9924
9947
9909
9970
9933
9979
9969
9901
9910
9975
9967
9969
9926
9913
9999
9881
9915
9845
9944
9917
9949
9916
9974
9993
9965
9945
9898
9904
9948
9813
9868
9846
9997
9958
9959
9908
9991
9835
9923
9964
9978
9806
9996
9948
9996
9883
9973
9933
9874
9913
9903
9894
9879
9974
9927
9941
9982
9782
9972
9984
9966
9793
9917
9976
9824
9973
9936
9939
9999
9969
9957
9997
9966
9997
9900
9988
9925
9934
9871
9973
9999
9916
9897
9971
9978
10000
9892
9954
9960
9940
9940
9987
9976
9997
9928
9911
9909
9998
9977
9910
9952
9906
9908
9851
9815
9943
9871
9984
9953
9990
9956
9961
9912
9845
9987
9942
9951
10000
9920
9956
9926
9801
9940
9996
9955
9938
9946
9926
9814
9931
9937
9817
9884
9999
9964
9973
9977
9889
9994
9993
9895
9983
9797
9899
9908
9833
9876
9971
9685
9998
9902
9972
9937
9944
9984
9980
10000
9981
9964
9954
9979
9999
9962
9863
9889
9999
9968
9875
9947
9981
9908
9953
9999
9987
9888
9975
9932
9980
9880
9889
9962
9896
9968
9929
9983
9889
9966
9884
9884
9913
9869
9985
9888
9975
9898
9957
9940
9994
9981
9769
9903
9922
9995
9994
9871
9809
9953
9971
9839
9961
9613
9956
9994
9825
9970
9888
9943
9966
9900
9923
9879
9924
9987
9903
9882
9994
9854
9967
9935
9936
9971
9919
9956
9844
9981
9857
9981
9847
9964
9865
9945
9913
9943
9867
9938
9989
9923
9922
9949
9798
9958
9817
9954
9903
9873
9968
9993
9889
9909
9997
9974
9969
9922
9985
9890
9901
9948
9954
9931
9998
9931
9813
9950
9923
9984
9969
9938
9967
9927
9982
9887
9978
9959
9984
9915
9976
9964
9916
9993
9968
9897
9942
9980
9970
9978
9902
9997
9957
9950
9868
9953
9937
9912
9971
9997
9926
9994
9914
9968
9943
9939
9948
9873
9960
9933
10000
9876
9791
9928
9992
9968
9795
9911
9781
9928
9997
9964
9978
9902
9889
9970
9972
9968
9861
9984
9985
9947
9917
9958
9935
9914
9760
9938
9981
9988
9955
9992
9983
9971
9794
9933
9990
9869
9923
9969
9933
9953
9977
9961
9996
9971
9918
9894
9927
9960
9934
9880
9934
9986
10000
9955
9972
9963
9944
9987
9908
9934
9970
9939
9974
9986
9992
9847
9870
9937
9923
9920
9912
9915
9936
9978
9998
9929
9988
9943
9912
9992
9831
9893
9961
9881
9982
10000
9983
9917
9865
9953
9897
9991
9949
9949
9999
9994
9999
9998
9977
9976
9891
9890
9981
9878
9951
10000
9955
9954
9971
9956
9991
9979
9967
9982
9959
9999
9984
9959
9989
9913
9882
9898
9852
9903
9854
9992
9881
9905
9989
9884
9954
9969
9944
9878
9922
9777
9887
9962
9951
9998
9994
9938
9880
9960
9923
9928
9934
9998
9944
9760
9981
9953
9868
9894
9919
9907
9882
9902
9810
9995
9904
9998
9869
9888
9971
9947
9997
9780
9897
9899
9926
9837
9896
9914
9933
9943
9897
9957
9917
9989
9933
9953
9960
9904
9997
9944
9961
9884
9877
9953
9859
9807
9898
9991
9922
9934
9957
9917
9981
9939
9923
9999
9880
9865
9783
9922
9934
9950
9937
9991
9980
9936
9990
9914
9949
9961
9958
9952
9990
9939
9753
9966
9926
9878
9975
9955
9922
9982
9928
9853
9955
9921
9865
9985
9786
9897
9999
9965
9990
9884
9929
9960
9974
9904
9989
10000
9980
9951
9818
9937
9859
9985
9934
9999
10000
9980
9941
9950
9986
9986
9965
9987
10000
9993
9970
9993
9907
9838
9901
9987
9937
9991
9956
9879
9897
9901
9983
9907
9963
9759
9995
9986
9876
9992
9844
9925
9934
9966
9875
9880
9990
9869
9965
9943
9981
9912
9947
9991
9997
9986
9923
9994
9968
9955
9891
9992
9999
9976
9843
9935
9826
9928
9927
9871
9994
9943
9973
9986
9842
9844
9974
9931
9966
9920
9938
9988
10000
9993
9951
9875
9907
9912
9928
9874
9986
9979
9976
9938
9926
9973
9967
9998
9965
9962
9931
9941
9825
9875
9978
9997
9996
9862
9994
9955
9909
9988
9865
9832
9925
9977
9921
9946
10000
9931
9919
9926
9982
9939
9950
9839
9978
9894
9960
9913
9989
9948
9980
9960
9863
9981
9993
9918
9888
9948
9830
9925
9865
9830
9835
9999
9807
9952
9980
9773
9837
9907
9972
9925
9909
9985
9935
9963
9927
9881
9983
9998
9986
10000
9909
9988
9941
9952
9962
9943
9786
9985
9932
9968
9991
9959
9781
9904
9983
9895
9999
9992
9921
9981
9884
9918
9960
9913
9987
9892
9970
9924
9901
9891
9930
9939
9954
9818
9944
9905
9892
9926
9922
9931
9909
9956
9973
9880
9753
9995
9900
9967
9923
9913
9940
10000
9940
9913
9914
9938
9856
9991
9913
9862
9726
9973
9993
9995
9994
9957
9791
9988
9971
9688
9851
9985
9804
9986
9901
9940
9951
9942
9965
9958
9930
9879
9977
9941
9934
9991
9879
9755
9869
9845
9953
9937
9940
9931
9886
9967
9795
9831
9974
9951
9810
9914
9944
9960
9928
9989
9783
9916
9833
9999
9988
9959
9879
9969
9862
9870
9999
9926
10000
9871
9957
9928
9988
9999
9958
9960
9913
9937
9827
9934
9931
9968
9847
9919
9943
9957
9936
9940
9843
9958
9950
9973
9972
9831
9927
9864
9974
9972
9841
9921
9910
9902
9882
9997
9998
9897
9841
9732
9894
9995
9942
9925
9973
9886
9949
9989
9914
9961
9970
9733
9944
9996
9969
9897
9910
9926
9954
9935
9856
9884
9929
9998
9939
9931
9959
9798
9913
9957
9938
9902
9982
9881
