9850
10000
9980
9932
10000
9921
9949
9933
10000
9986
10000
10000
10000
10000
9920
9954
10000
9844
9899
9920
9897
9902
9898
9934
10000
10000
10000
9905
10000
10000
10000
9915
9877
10000
9929
10000
9993
9857
9938
10000
9999
9946
10000
10000
10000
9908
9962
9880
9861
9910
9849
9806
9938
9960
9947
10000
9835
10000
9966
10000
9908
10000
9930
9926
10000
9878
9788
10000
10000
10000
9897
9918
10000
10000
9912
10000
10000
9854
10000
10000
9863
9914
10000
10000
10000
9935
9960
9970
10000
9990
9736
10000
9923
9942
10000
9938
10000
9932
9889
9895
9940
9883
9943
9910
10000
10000
9941
9932
10000
10000
10000
9871
9881
9882
10000
9979
10000
9960
10000
9905
10000
9887
9938
10000
9830
10000
9955
9953
10000
9942
9902
9976
9867
9844
9929
10000
10000
9967
9967
10000
10000
9946
9783
10000
9920
10000
9952
9851
10000
10000
9876
10000
9784
10000
10000
9979
9925
10000
9954
9850
9915
9835
10000
9967
9999
9937
9904
10000
10000
9908
10000
10000
9923
10000
10000
10000
9899
9965
9994
10000
9884
10000
10000
9891
10000
9911
9910
9974
10000
9890
10000
9916
9988
10000
10000
10000
9757
10000
10000
9942
10000
9957
9925
10000
10000
9708
10000
9886
9854
9972
10000
10000
10000
9980
9874
9954
10000
10000
9861
9796
10000
9914
10000
10000
10000
9919
10000
9805
9864
9917
9848
10000
10000
9898
9974
9831
10000
10000
9930
9900
9898
10000
9943
9976
10000
10000
9833
9998
10000
9960
9944
10000
9899
9845
9822
9917
10000
9924
9950
10000
9860
9905
9930
10000
10000
9918
9901
10000
9920
10000
9980
10000
9951
10000
9966
10000
9996
9848
9972
9677
9874
9934
10000
9848
9890
10000
10000
9954
10000
10000
9930
9934
9778
9941
9999
9906
10000
10000
10000
10000
9956
10000
9952
9858
10000
9813
9867
10000
10000
9973
10000
10000
9851
10000
10000
10000
10000
9989
9911
10000
10000
10000
9867
9882
10000
9930
9847
9944
9997
10000
10000
10000
9982
9787
10000
10000
9869
10000
10000
9924
10000
10000
10000
9848
10000
10000
9895
10000
9999
9901
9978
10000
9873
9918
10000
9913
10000
9998
9903
10000
9893
10000
9859
9809
9869
9959
9932
9940
10000
10000
9956
10000
9925
9923
9910
10000
9947
10000
10000
9975
9812
10000
9967
9901
10000
9999
9851
10000
10000
10000
10000
10000
9985
10000
9926
9977
9903
9999
10000
10000
10000
9857
10000
9921
9845
10000
10000
10000
10000
9935
9878
9890
9896
9922
9999
9967
10000
10000
9908
10000
9906
10000
9941
10000
9814
10000
10000
9906
9880
10000
9876
10000
10000
10000
9996
10000
9921
10000
9921
10000
10000
9812
9905
9909
10000
10000
9988
10000
10000
9891
9864
9953
10000
9990
9960
10000
10000
9883
9906
9897
9889
9930
10000
10000
9902
9965
10000
9933
10000
9991
10000
10000
10000
10000
10000
10000
9948
10000
10000
9888
9975
9969
9910
10000
9984
10000
9816
9969
9934
9869
9983
10000
10000
10000
9909
10000
10000
9962
9883
9949
9962
9971
9863
10000
10000
9988
9889
10000
10000
9999
10000
10000
9957
10000
10000
9933
10000
10000
10000
9965
10000
9914
9912
9978
9958
9882
10000
10000
10000
9912
10000
9972
9966
10000
9924
9977
10000
9718
10000
9878
10000
10000
9949
10000
9934
10000
10000
10000
9912
9906
10000
9927
9898
9949
10000
9888
10000
9955
10000
9923
10000
9917
10000
10000
10000
9865
10000
10000
10000
9927
10000
10000
9913
9962
9757
9834
9943
9881
10000
9963
9923
9947
10000
9886
9888
10000
10000
10000
10000
9958
10000
9933
10000
10000
10000
9877
10000
9864
9821
10000
10000
9944
10000
9988
9917
9961
9958
10000
10000
9810
10000
10000
10000
9970
9999
10000
10000
9851
10000
9920
9993
9863
10000
10000
10000
10000
10000
9917
10000
9964
10000
9990
9904
10000
9948
10000
9902
9947
10000
10000
9884
9778
9826
9974
10000
10000
9880
9958
9948
10000
10000
10000
9886
9980
10000
9969
10000
9926
9989
10000
10000
9954
9773
10000
9855
9942
10000
9927
10000
10000
10000
9959
9912
9773
9955
10000
9857
10000
9830
10000
10000
10000
10000
9770
9906
10000
9935
10000
10000
9851
10000
9836
9973
9909
10000
10000
10000
9902
9910
10000
10000
10000
9886
10000
10000
9808
9988
9949
9928
10000
10000
9762
9932
10000
9827
9914
9872
9854
9937
10000
9916
9857
9798
10000
10000
10000
10000
9821
9904
10000
10000
10000
9921
9977
9958
9905
9915
9959
10000
9907
10000
10000
9927
9901
9851
9920
9869
10000
9926
10000
9860
10000
9926
9940
9858
10000
9949
10000
10000
9900
9945
10000
9836
9980
9875
10000
9901
10000
9917
9945
9899
9804
10000
10000
9882
9886
9858
10000
10000
9934
9938
9962
9833
10000
9968
9990
9996
9854
10000
9895
10000
10000
9887
9926
10000
10000
10000
9884
9938
10000
9884
9937
9841
10000
9916
10000
9925
10000
9851
10000
9999
9972
9867
9997
9926
10000
10000
9981
10000
9986
10000
9850
10000
9950
10000
9954
10000
9991
10000
9860
9970
9879
10000
9839
10000
10000
10000
9910
10000
10000
10000
9923
9987
9906
9909
9886
9905
9995
9896
10000
9889
9856
9998
10000
9889
10000
9838
9937
10000
9818
9955
9958
9864
9993
10000
10000
10000
10000
9933
10000
10000
10000
10000
10000
10000
9990
10000
9738
9900
10000
10000
9969
10000
10000
9906
9739
9868
10000
10000
10000
10000
10000
10000
10000
10000
10000
9996
10000
9981
9899
9927
10000
9965
9933
10000
9959
10000
10000
9993
10000
10000
10000
9867
10000
9861
9931
9871
9880
10000
9946
10000
10000
9900
10000
10000
10000
10000
10000
10000
10000
9934
10000
9927
10000
10000
9852
9920
9931
9903
10000
10000
9906
9909
10000
9932
9942
9955
10000
10000
9951
9883
9919
10000
9881
9880
10000
10000
10000
9814
10000
10000
10000
9790
10000
10000
10000
10000
10000
9986
9969
10000
9887
10000
10000
9906
9889
9921
9999
9934
10000
10000
10000
9897
9925
9799
10000
10000
10000
9872
9999
10000
10000
10000
10000
10000
9930
10000
9900
10000
9890
