9896
9906
9858
9932
9910
9924
9963
9942
9890
9852
9909
9856
9969
9926
9937
9944
9931
9846
9936
9896
9924
9927
9906
9848
9904
9953
9838
9924
9934
9924
9883
9993
9923
9866
9710
9889
9944
9891
9999
9908
9928
9959
9922
9886
9962
9910
9876
9863
9862
9928
9887
9906
9829
9906
9857
9946
9969
9912
9993
9971
9913
9961
9877
9989
9897
9955
9939
9901
9849
9841
9927
9933
9909
9905
9857
9867
9921
9923
9966
9945
9900
9934
9907
9888
9872
9959
9884
9913
9961
9886
9815
9928
9919
9968
9941
9929
9933
9914
9890
9893
9887
9966
9860
9963
9667
9966
9733
9855
9837
9854
9845
9929
9847
9903
9901
9895
9931
9880
9922
9926
9946
9871
9911
9919
9903
9893
9961
9807
9875
9941
9852
9963
9931
9862
9929
9900
9971
9928
9885
9861
9876
9978
9855
9951
9927
9907
9782
9912
9944
9854
9952
9715
9830
9976
9743
9952
9944
9789
9921
9945
9860
9870
9814
9998
9932
9930
9936
9923
9817
9815
9963
9825
9917
9956
9877
9935
9926
9924
9779
9939
9853
9936
9913
9861
9774
9869
9984
9911
9969
9896
9959
9888
9901
9906
9960
9921
9917
9925
9891
9890
9905
9872
9874
9957
9996
9951
9907
9895
9883
9841
9843
9781
9740
9837
9941
9957
9832
9906
9936
9838
9798
9960
9895
9974
9915
9991
9887
9855
9945
9929
9893
9905
9911
9860
9925
9846
9987
9939
9786
9878
9900
9886
9854
9967
9970
9825
9898
9979
9903
9797
9910
9929
9944
9897
9863
9876
9877
9969
9938
9959
9953
9931
9973
9839
9938
9933
9808
9916
9913
9905
9915
9964
9882
9878
9989
9901
9878
9910
9944
9979
9899
9995
9960
9933
9970
9907
9959
9785
9983
9937
9878
9789
9920
9909
9998
9922
9962
9982
9835
9926
9789
9973
9911
9951
9880
9927
9937
9904
9861
9967
9926
9890
9980
9941
9854
9912
9970
9921
9954
9818
9908
9984
9924
9954
9978
9910
9913
9869
9963
9896
9817
9932
9966
9886
9658
9936
9948
9990
9907
9954
9884
9968
9901
9974
9933
9956
9915
9879
9974
9665
9817
9935
9934
9700
9985
9858
9953
9972
9932
9852
9895
9895
9837
9923
9957
9914
9908
9935
9926
9917
9903
9879
9966
9916
9989
9940
9959
9892
9900
9940
9919
9922
9794
9939
9923
9930
9892
9785
9886
9888
9889
9961
9834
9884
9878
9918
9817
9904
9937
9928
9978
9814
9954
9940
9850
9928
9850
9947
9937
9891
9932
9950
9912
9824
9808
9929
9775
9862
9875
9872
9737
9877
9801
9959
9979
9885
9895
9911
9904
9923
9747
9947
9929
9837
9921
9940
9944
9936
9901
9965
9965
9909
9897
9976
9901
9971
9876
9958
9894
9913
9753
9908
9885
9923
9911
9813
9901
9882
9784
9954
9816
9858
9903
9909
9961
9932
9859
9939
9859
9876
9960
9884
9873
9953
9971
9999
9916
9872
9812
9896
9867
9942
9869
9993
9955
9784
9911
9988
9907
9925
9962
9820
9854
9931
9973
9981
9893
9854
9930
9907
9973
9937
9883
9947
9932
9927
9945
9885
9929
9925
9943
9858
9997
9970
9901
9811
9855
9837
9892
9903
9968
9872
9999
9920
9917
9867
9756
9867
9943
9912
9879
9922
9940
9974
9892
9840
9974
9965
9904
9927
9936
9938
9943
9916
9927
9860
9861
9876
9843
9850
9858
9815
9889
9907
9938
9902
9754
9925
9846
9921
9881
9950
9894
9907
9845
9993
9917
9922
9920
9934
9905
9849
9944
9895
9929
9908
9922
9931
9931
9940
9947
9821
9740
9941
9987
9829
9814
9881
9920
9926
9853
9924
9810
9897
9876
9847
9766
9933
9841
9923
9915
9903
9807
9901
9960
9947
9937
9917
9868
9910
9911
9976
9844
9954
9994
9972
9973
9936
9901
9888
9957
9943
9940
9947
9918
9893
9986
9923
9995
9885
9990
9820
9858
9838
9873
9877
9910
9915
9929
9876
9904
9923
9880
9929
9922
9919
9927
9839
9931
9936
9795
9900
9900
9960
9956
9966
9778
9759
9899
9998
9959
9901
9848
9997
9859
9928
9945
9802
9902
9946
9888
9868
9862
9914
9802
9808
9932
9892
9920
9943
9807
9842
9892
9923
9874
9988
9990
9990
9897
9839
9890
9841
9971
9998
9968
9948
9862
9944
9899
9871
9967
9877
9990
9978
9861
9899
9940
9836
9877
9945
9946
9910
9928
9952
9893
9908
9931
9916
9700
9975
9850
9925
9877
9922
9957
9888
9926
9963
9907
9878
9944
9864
9954
9874
9950
9992
9911
9997
9869
9937
9960
9898
9924
9856
9883
9930
9919
9935
9908
9862
9990
9933
9956
9775
9941
9923
9906
9828
9860
9969
9953
9993
9864
9881
9937
9857
9910
9977
9955
9831
9983
9910
9924
9929
9998
9904
9865
9846
9820
9920
9939
9880
9845
9863
9916
9834
9878
9836
9909
9836
9880
9883
9850
9915
9884
9894
9945
9926
9952
9958
9807
9883
9877
9873
9854
9723
9784
9933
9951
9890
9863
9793
9938
9884
9928
9898
9886
9871
9954
9942
9969
9892
9840
9863
9895
9984
9850
9890
9794
9782
9949
9900
9872
9818
9990
9936
9959
9992
9808
9942
9973
9960
9911
9810
9948
9936
9808
9967
9812
9903
9903
9827
9943
9858
9895
9893
9979
9932
9940
9923
9949
9947
9922
9915
9912
9937
9992
9975
9916
9959
9944
9971
9936
9942
9945
9888
9955
9944
9789
9972
9965
9890
9904
9907
9898
9884
9822
9964
9979
9897
9885
9901
9944
9941
9826
9908
9879
9897
9934
9858
9951
9875
9829
9961
9999
9991
9930
9862
9983
9854
9893
9903
9980
9970
9863
9907
9930
9932
9930
9971
9913
9868
9801
9854
9989
9895
9832
9967
9942
9910
9885
9951
9854
9921
9960
9964
9882
9843
9788
9941
9890
9920
9947
9886
9882
9950
9949
9903
9879
9936
9880
9902
9884
9973
9894
9867
9925
9974
9889
9987
9915
9880
9908
9832
9880
9823
9925
9917
9800
9958
9950
9821
9977
9926
9884
9918
9898
9899
9917
9861
9905
9829
9943
9992
9823
9926
9925
9797
9890
9873
9874
9887
9906
9931
9998
9895
9834
9948
9877
9913
