9997
9944
9980
9816
9988
9853
9854
9777
9962
9982
9924
9910
9926
9897
9960
9939
9878
9920
9962
9908
9990
9935
9894
9959
9879
9842
9952
9845
9896
9894
9916
9974
9928
9975
9890
9932
9876
9944
9822
9883
9918
9845
9956
9941
9987
9867
9880
9868
9828
9891
9938
9900
9979
9931
9894
9859
9921
9862
9992
9843
9910
9937
9928
9998
9886
9908
9946
9877
9940
9950
9854
9928
9801
9864
9870
9913
9754
9833
9839
9934
9902
9973
9955
9905
9908
9981
9967
9904
9986
9965
9959
9844
9925
9937
9858
9879
9863
9879
9868
9978
9980
9952
9926
9877
9846
9823
9827
9928
9919
9996
9900
9821
9955
9942
9968
9916
9935
9902
9934
9973
9912
9935
9968
9947
9902
9791
9847
9992
9912
9820
9907
9917
9879
9914
9933
9997
9901
9898
9884
9891
9927
9903
9965
9903
9811
9917
9969
9961
9935
9905
9918
9883
9902
9876
9886
9906
9753
9973
9957
9937
9940
9900
9906
9910
9957
9940
9775
9974
9924
9887
9861
9880
9963
9971
9869
9843
9946
9938
9955
9776
9957
9865
9986
9939
9920
9984
9826
9941
9875
9846
9882
9839
9925
9926
9922
9911
9985
9859
9931
9999
9972
9982
9906
9904
9878
9899
9925
9880
9814
9997
9877
9928
9922
9918
9924
9961
9925
9959
9873
9901
9973
9892
9888
9899
9984
9774
9889
9922
9929
9947
9842
9916
9861
9894
9850
9814
9870
9938
9942
9750
9923
9944
9893
9961
9954
9872
9889
9977
9814
9890
9857
9897
9962
9904
9977
9936
9978
9952
9931
9969
9925
9966
9801
9933
9942
9862
9918
9867
9944
9901
9945
9929
9852
9875
9947
9900
9655
9936
9914
9865
9932
9855
9922
9846
9883
9980
9881
9909
9873
9900
9934
9937
9900
9935
9875
9873
9869
9822
9860
9869
9780
9838
9776
9913
9953
9969
9930
9813
9977
9966
9790
9932
9820
9995
9913
9843
9935
9698
9942
9874
9931
9854
9905
9959
9929
9875
9953
9921
9939
9796
9884
9880
9958
9968
9878
9847
9928
9905
9898
9919
9956
9886
9843
9755
9945
9952
9861
9887
9931
9947
9857
9902
9841
9831
9975
9885
9819
9873
9827
9720
9771
9902
9842
9971
9855
9892
9830
9924
9943
9960
9881
9926
9903
9919
9809
9882
9888
9926
9930
9947
9812
9910
9981
9882
9906
9910
9788
9884
9941
9835
9860
9835
9879
9872
9933
9851
9803
9872
9939
9838
9933
9911
9918
9923
9952
9924
9961
9943
9704
9946
9891
9882
9824
9954
9907
9748
9902
9996
9986
9989
9853
9934
9919
9936
9924
9939
9937
9914
9954
9906
9985
9921
9966
9919
9912
9961
9940
9946
9927
9828
9863
9889
9957
9898
9950
9886
9899
9951
9864
9831
9908
9830
9822
9919
9881
9949
9828
9920
9905
9955
9960
9818
9907
9938
9864
9894
9847
9987
9916
9866
9842
9892
9944
9999
9938
9901
9907
9912
9665
9925
9858
9930
9892
9968
9879
9887
9910
9909
9920
9968
9959
9924
9828
9743
9913
9825
9871
9964
9952
9934
9830
9837
9948
9908
9914
9923
9989
9903
9936
9786
9926
9913
9973
9873
9897
9983
9888
9852
9814
9819
9981
9929
9978
9901
9925
9880
9995
9887
9891
9862
9945
9830
9915
9961
9869
9882
9680
9865
9856
9836
9919
9959
9905
9915
9860
9952
9907
9954
9968
9924
9846
9982
9905
9849
9818
9932
9970
9907
9867
9864
9953
9916
9740
9929
9920
9857
9928
9937
9889
9992
9942
9901
9923
9941
9910
9907
9910
9933
9891
9968
9935
9908
9923
9870
9943
9940
9924
9880
9851
9942
9846
9954
9900
9906
9901
9812
9926
9940
9947
9936
9909
9856
9950
9969
9861
10000
9890
9947
9936
9940
9874
9850
9959
9928
9922
9927
9953
9999
9879
9925
9902
9924
9956
9932
9965
9878
9847
9931
9880
9919
9925
9868
9934
9877
9927
9996
9819
9927
9925
9957
9957
9961
9903
9981
9960
9912
9954
9962
9949
9886
9941
9905
9929
9930
9896
9844
9920
9926
9951
9929
9952
9940
9956
9827
9938
9926
9903
9883
9913
9940
9901
9994
9903
9802
9919
9962
9961
9914
9852
9973
9713
9933
9923
9911
9852
9971
9917
9908
9897
9958
9898
9941
9941
9806
9791
9916
9927
9782
9962
9843
9849
9890
9961
9977
9841
9931
9950
9845
9949
9940
9905
9836
9840
9871
9934
9919
9944
9805
9898
9784
9954
9966
9918
9922
9957
9904
9822
9895
9883
9973
9859
9986
9959
9942
9904
9902
9852
9959
9841
9953
9858
9809
9958
9846
9844
9802
9900
9906
9928
9985
9823
9915
9976
9761
9929
9957
9875
9960
9888
9895
9859
9874
9797
9875
9999
9928
9893
9939
9905
9799
9939
9877
9899
9829
9972
9853
9961
9940
9935
9876
9868
9752
9920
9903
9911
9948
9853
9930
9924
9920
9948
9963
9940
9802
9982
9711
9916
9895
9951
9895
9888
9900
9886
9915
9953
9898
9973
9893
9941
9860
9979
9903
9865
9929
9936
9981
9941
9883
9903
9868
9899
9960
9943
9936
9959
9928
9891
9879
9931
9748
9956
9911
9864
9886
9903
9890
9940
9838
9937
9910
9932
9881
9977
9847
9874
9959
9860
9956
9995
9917
9924
9955
9870
9880
9912
9912
9925
9877
9888
9946
9856
9959
9813
9803
9938
9931
9904
9915
9964
9764
9932
9868
9889
9883
9910
9884
9833
9800
9850
9847
9935
9972
9933
9910
9891
9927
9853
9870
9970
9879
9790
9843
9818
9942
9968
9902
9875
9938
9865
9932
9837
9963
9928
9898
9870
9817
9884
9876
9914
9968
9965
9884
9961
9900
9981
9898
9866
9895
9933
9898
9919
9679
9874
9887
9937
9772
9886
9683
9908
9806
9839
9981
9902
9921
9932
9866
9990
9850
9919
9881
9920
9798
9962
9911
9875
9950
9848
9825
9942
9906
9797
9817
9881
9901
9943
9879
9921
9920
9976
9893
9848
9853
9979
9824
9834
9929
9860
9935
9877
9954
9870
9822
9857
9883
9910
9838
9872
9891
9954
9903
9906
9893
9830
9869
9823
9859
9813
9862
9884
9852
9918
9930
9948
9884
9805
9983
9947
9920
9909
9908
