9744
9852
9544
9935
9875
9653
10000
9816
9948
9908
9984
9714
9992
9916
9553
9902
9972
9966
10000
9943
9833
9909
9942
10000
9884
10000
9886
9878
9830
9647
10000
9992
9950
9987
9716
9720
9822
9749
9962
9892
10000
9886
9950
10000
9941
9915
9750
9658
9938
9871
9923
9854
9924
9633
9573
9904
9883
9828
9914
10000
10000
9965
9738
9774
9535
9921
10000
9955
9957
9827
9822
9808
9775
9881
9725
9751
9887
9900
9876
9858
9939
9825
9932
9642
9750
9960
9848
9996
9737
9888
9997
9879
9946
9913
9925
9936
9813
9791
9970
9929
9857
9949
10000
9768
10000
9811
9794
9974
9970
9779
9903
9962
9885
9935
9932
9976
9940
9936
9923
10000
9710
9885
9918
9875
9730
9901
9884
9928
9753
9961
9846
9932
9859
9507
9861
9924
9853
9851
9861
9845
9963
9872
9901
9932
9951
9682
9936
9935
9901
9995
9682
9806
9942
9840
9949
9922
9954
9964
9786
9802
9985
9892
9851
9735
9937
9925
9912
9966
9914
9438
9750
9919
9904
9947
9832
9712
9881
9811
9854
9638
9937
9869
9711
9925
9879
9879
9890
9907
10000
9908
9944
9941
9929
9848
9891
9911
9795
10000
9620
10000
9948
9906
9888
9902
9542
9952
9739
9868
9654
9971
10000
9985
9886
9899
9937
9854
9877
9913
9950
10000
9961
9795
10000
9648
9886
9820
9875
9830
9861
9940
9932
9703
9927
9925
9945
9537
9871
9869
9630
9888
9928
9964
9907
9915
9961
9879
10000
9839
9873
9904
9972
9833
9820
9913
9907
9893
9995
9869
9918
9497
9947
9628
9873
9968
9799
9823
9943
9874
9792
9748
9892
9853
9930
9891
9860
9910
9832
9862
9964
9656
9954
9899
9862
9874
9743
9876
9913
9670
9857
9760
9883
9928
10000
9873
9691
9943
9993
9842
9666
9490
9856
9917
9821
9850
9749
9854
9865
9932
10000
9893
9974
9931
9853
9867
9786
9827
9888
9886
9698
9727
9989
9593
9897
9907
9954
9954
9981
9898
9772
9827
10000
9920
9999
9905
9748
9678
9868
9869
9862
9946
9952
9889
9533
9998
9794
9896
9806
9824
9874
9823
9878
9891
9824
9894
9884
9603
9956
9669
9863
9707
9783
9836
9888
10000
9944
10000
9858
10000
9897
9909
9766
9977
9925
9882
9944
9600
9844
9785
9886
9901
9939
9706
9711
9951
9943
9897
9733
9930
9985
9909
9865
9891
9744
9883
9985
10000
9589
9898
9712
9981
9851
9996
9549
10000
9885
9946
9849
9894
9829
9800
9961
9900
9922
9709
9936
9861
9761
10000
9561
9955
10000
9955
9872
9955
9787
9889
9930
9955
9803
9882
9851
9969
9879
9602
9954
9859
9880
9959
9932
9845
9852
9899
9772
9794
9902
9562
9855
9479
9959
9864
9928
9939
9739
9861
9831
9961
9899
9884
9955
9950
9625
9842
9798
9765
9835
9924
9870
9891
9827
9925
9980
9964
9951
9614
9925
9769
9668
9775
9917
9968
9798
9888
9808
9946
9941
9806
9986
9866
9904
9836
9924
9979
9910
9816
9785
9972
9782
9779
9861
9570
9943
9731
9852
9975
9835
9915
9905
9835
9811
9827
9924
9971
9869
9908
9675
9762
9830
9796
9983
9428
10000
9924
9920
10000
9824
10000
9553
9891
9829
9907
9999
9866
9899
9708
9887
9914
9896
9806
9588
9815
9863
9794
9808
9831
9867
9851
9792
9939
9907
9919
9902
9813
9916
9779
9580
9854
9517
10000
9933
9919
9907
9748
9677
9881
9780
9901
9910
9884
9935
9707
9922
9980
9984
9923
9795
9886
9998
9780
10000
9969
9593
9666
9901
9823
9944
9932
9725
9637
9912
9956
9756
9921
9754
9749
9905
9835
9844
9981
9863
9837
9833
9771
9880
9886
9800
9759
9775
9951
9922
9950
9616
9774
9747
9902
9917
9800
9997
9887
9913
9799
9955
9724
9452
9974
9996
9866
9854
9779
9649
9847
9957
9830
9941
9899
9898
9595
9897
9837
9830
9842
9934
9994
9933
9916
9912
9906
10000
9842
9667
9832
9818
9753
9918
9875
9890
9881
9942
9948
9771
9826
9821
9833
9864
10000
9901
9897
9976
9992
9856
9958
9937
9543
9863
9882
9851
9606
9956
9902
9918
9899
9914
9568
9858
9749
9907
9786
9944
9960
9767
9859
9680
9904
9649
9947
9822
9876
9979
9846
9887
9722
9979
9916
9607
9801
9925
9780
9897
9754
9758
9880
9869
9964
9920
9626
9942
9781
9705
9904
9632
9849
9784
9783
9955
9901
9867
9827
9935
9483
9847
9840
9939
9753
9736
9778
9840
9536
9902
9976
9831
9933
9828
9661
9654
9916
9945
9597
9840
9794
9951
9922
9753
9919
9772
9709
9665
9870
9887
9904
9856
9579
9877
9853
9603
9869
9891
9899
9625
9963
9891
9880
10000
9885
9741
9890
9925
9830
9858
9881
9986
9890
9789
9900
9962
9781
9954
9996
9576
9939
10000
9765
9922
9956
9885
9892
9878
9952
9933
9906
9745
10000
9732
9912
10000
10000
9920
9662
9993
9759
9652
9995
9976
10000
9950
9845
9955
9929
9910
9940
9741
9944
9927
9933
9900
9881
9834
9913
9937
9994
9880
9723
9727
9894
9844
9799
9845
9945
9873
9788
9822
9870
9722
9828
9939
9958
9952
9997
10000
10000
9934
9827
9915
9922
9892
9963
9944
9917
9931
10000
9792
9779
9877
9829
9786
9973
9914
9885
9808
9938
9947
9882
9791
9671
9935
9902
9952
9945
9898
9804
10000
9964
9989
9899
9856
9783
9965
9891
9934
9858
9875
9970
9772
9879
9703
9705
9797
9544
9771
9884
9858
9948
9821
9904
9904
9396
9966
9916
9807
9830
9833
9879
9829
9969
9990
9905
10000
9851
9911
9859
9778
9948
10000
9453
9732
9968
9993
9896
9839
9858
9731
9881
9901
9844
9931
9836
9916
9795
9952
9779
9949
9641
9722
9918
9917
9929
9816
9916
9820
9837
9700
10000
9775
9569
9894
9829
9889
9947
9873
9759
9893
9664
9910
9867
9886
9741
9892
10000
9847
9972
9948
9877
9975
9948
9976
9917
9850
9983
9716
9967
9967
9720
9904
9977
9834
9986
9923
9409
9931
9889
9827
9920
9868
9874
9878
9880
10000
9925
9950
9851
9861
9820
