9845
10000
9947
9980
9945
9986
9948
10000
9935
9912
10000
9855
9881
10000
9955
9936
10000
9895
9805
9944
9995
9953
9961
9870
9957
9998
9960
9913
9854
9941
9941
9901
9919
9805
9988
9920
9925
9917
10000
9906
9931
9967
9997
9940
9969
9812
9902
9976
9971
9912
9921
9925
10000
10000
9852
9982
9830
9897
9897
9972
9903
9971
9949
9978
9987
9998
9963
10000
9717
9965
9843
9907
9928
9877
9980
9902
9946
10000
9887
9896
9980
9930
9661
9967
9902
10000
9929
9917
9925
9919
9899
9935
9997
9881
9916
9988
9946
9928
9881
9990
9925
9936
9908
9994
9856
9884
9992
9930
9966
9867
9966
9999
10000
9866
9944
10000
10000
9888
9912
9876
10000
9876
9955
9968
10000
9958
9974
9762
9998
9965
10000
9863
9747
9894
9996
9804
9963
9926
9872
9959
9950
10000
9926
9903
9909
9998
9901
9999
9931
10000
9999
9998
9924
10000
9873
9792
9984
10000
9998
9793
10000
10000
9930
9874
9970
10000
9898
9923
10000
9955
10000
9859
9997
10000
9971
9866
9970
9927
9948
9976
9854
9998
9999
9976
9988
9993
10000
9963
9790
10000
9844
9913
9931
9856
9885
9999
9941
9841
9950
9908
9966
9936
9998
9973
9845
9988
9859
9936
9809
9948
9948
9983
9933
9932
9935
9978
9879
9952
9995
9948
9866
9999
9738
9893
9861
9982
9919
10000
9997
9999
9813
9979
9971
9937
9965
9960
9860
9993
9818
9940
9853
9954
9931
9985
9968
9980
9991
9990
9915
9880
9919
9863
9947
9906
9989
9939
9958
9944
9951
9938
9975
9945
9821
9897
9892
9931
9908
9899
9977
10000
9921
10000
9913
9998
10000
9928
9952
9997
9933
9985
9977
9892
9944
10000
9898
9885
9859
9950
9980
9977
9940
9860
9913
9996
9932
9948
9821
9974
9882
9971
10000
9913
9940
9975
9997
9986
9941
9995
9906
9995
9889
9970
9919
9914
9815
9883
9842
9873
9998
9925
9953
9896
9870
9915
9984
10000
9907
9918
9894
9936
9999
9981
10000
9995
9996
9865
9945
9889
9808
9926
9942
9955
9854
9979
9926
9997
9976
9823
9883
9894
9926
9995
9939
9990
9919
9968
9976
9958
10000
10000
9908
9981
9878
9952
9935
9995
10000
9886
9869
9984
10000
9905
9976
9974
9921
9946
9914
9975
9999
9962
10000
9912
9930
10000
9952
9950
9976
9999
9934
9886
9871
10000
9948
9878
9944
9867
9987
9918
9938
9932
9998
9900
9949
9905
9868
9905
9843
9908
9889
9849
9952
9949
9947
9970
9851
9929
9729
9975
9985
10000
9698
9967
9896
9929
9882
9993
9936
9980
9994
9975
9824
9892
9941
9984
9789
9864
9976
9893
9999
9908
9957
10000
9936
10000
9931
9993
9929
9973
9975
9991
9973
9997
9810
9989
9986
9918
9835
9911
9870
9994
9911
9929
9971
9896
9903
9910
9955
9998
9957
9998
9950
9937
9986
9959
10000
9832
9974
9989
9940
9992
9925
9940
9910
9975
10000
9969
9872
9735
9924
9999
9975
9873
9982
9999
9841
10000
9925
9999
9963
9846
9878
9935
9987
9958
9983
9930
9938
9825
9897
9967
9880
9980
9933
9945
9926
9945
9997
9964
9822
9965
9944
9999
9803
9999
9855
9996
9999
9942
9982
9991
9999
9933
9941
9770
9941
9832
9964
9986
9818
9949
9953
9942
10000
9962
10000
9910
9918
10000
9999
9924
10000
10000
9933
9892
9960
9985
9870
9949
9940
10000
9922
9997
9899
9907
10000
9970
10000
9866
9922
9924
10000
9917
9932
9968
9976
9995
9877
9980
9901
9996
9960
10000
9749
9911
9994
9999
9976
9864
10000
9999
9844
9962
9973
9835
9954
9999
9982
10000
9999
9896
9894
9965
9975
9944
9868
9983
9901
9940
9985
9993
9931
10000
9955
9993
9961
9893
9990
9980
9917
9935
9877
9942
9810
9993
9932
9893
9902
10000
9864
9828
9966
9949
9936
9972
9912
9898
9998
9985
9928
9921
9903
9971
9962
9897
9902
9983
9918
9853
9955
9906
9919
9973
9866
9929
9945
9951
9908
9997
10000
9908
9997
9868
9844
9998
9886
9914
9933
9979
9870
10000
10000
9969
9960
9999
9920
9896
9993
9911
9970
10000
9927
9894
9845
9885
9889
9744
9804
9901
9879
9809
9900
9950
9890
9947
9815
9963
9945
9989
9980
9999
9996
9907
10000
9916
10000
9888
10000
10000
9973
9996
9931
10000
9862
9900
9815
9999
9998
9897
9873
9952
9825
9943
9999
9939
9974
9960
9998
9996
9856
10000
9982
9949
9960
9997
9943
9997
9992
9914
9992
9901
9900
10000
10000
9998
9814
9979
9981
9999
9998
9712
9908
9993
9995
9912
9970
9986
9978
9852
9908
9951
9792
9995
9918
9996
9952
9925
9939
9994
9998
9999
9863
9868
9797
9980
9991
10000
9871
9952
10000
9984
9893
9925
10000
9975
9999
9921
9919
9954
9935
9908
9962
9932
9815
9930
9951
9995
9927
9912
9956
9838
9991
9985
9995
9978
9954
9963
9976
9871
9992
9906
9915
10000
10000
10000
9918
9997
9950
9986
9924
9956
10000
9971
9860
9918
10000
9992
9853
9973
9898
9975
9993
9877
9829
9962
9952
9890
9931
10000
10000
9899
9983
9915
9964
9941
9972
9907
9852
9917
9988
9952
9902
9921
10000
9878
9969
9926
9944
9939
9960
9881
9872
9901
9927
9945
9936
9999
10000
9980
9969
9930
9794
9921
9928
10000
9966
9952
9868
9812
9887
9915
9907
9939
9856
9904
9901
10000
10000
9868
9999
9993
9870
9979
10000
9967
9874
9859
9999
9998
9980
10000
9887
9971
9909
9962
9890
9771
10000
9925
9915
9961
9864
9878
9818
9906
9791
9908
9903
9908
10000
9997
10000
9945
9952
9962
9980
9851
9937
9960
9977
9931
9891
9992
9929
9883
9886
10000
10000
9894
9844
10000
9962
9997
9895
9999
9989
9882
9933
9905
10000
9844
9981
9984
9957
9998
9956
9861
9916
9990
9999
9981
9818
9960
9925
9942
9982
9969
9918
9946
10000
9888
9810
9999
9973
9960
9946
9904
9996
9962
9872
9935
9999
9798
9842
9921
9925
9984
9986
9972
9980
10000
9823
9937
9818
9862
9906
9983
9871
9995
9970
9997
