9900
9720
9960
9850
9861
9714
9881
9839
9695
9934
9912
9916
9818
9985
9892
9954
9860
9949
9899
9919
9879
9995
9884
9916
9953
9790
9742
9900
9837
9930
9837
9864
9933
9861
9875
9897
9866
9869
9901
9974
9784
9828
9926
9916
9947
9944
9945
9938
9990
9867
9911
9882
9932
9848
9869
9933
9915
9866
9908
9940
9981
9836
9953
9905
9941
9933
9912
9847
9906
9869
9886
9938
9924
9793
9947
9780
9920
9879
9895
9958
9913
9892
9947
9852
9908
9772
9875
9977
9862
9811
9942
9796
9865
9866
9889
9859
9863
9893
9895
9888
9788
9937
9940
9792
9930
9834
9855
9671
9847
9858
9919
9963
9956
9917
9954
9949
9786
9907
9863
9963
9893
9858
10000
9871
9871
9960
9940
9880
9969
9965
9797
9978
9920
9936
9829
9914
9902
9888
9743
9907
9952
9890
9923
9885
9908
9807
9961
9943
9814
9941
9861
9952
9929
9937
9956
9895
9895
9921
9824
9969
9907
9877
9887
9984
9949
9860
9908
9928
9887
9831
9863
9837
9948
9930
9941
9921
9909
9816
9961
9854
9917
9918
9919
9928
9899
9899
9919
9886
9893
9893
9922
9903
9984
9902
9994
9967
9867
9898
9924
9901
9939
9936
9980
9860
9995
9893
9886
9676
9999
9960
9944
9915
9867
9836
9932
9937
9804
9938
9760
9930
9761
9841
9897
9944
9913
9860
9876
9943
9922
9833
9809
9935
9901
9886
9926
9910
9807
9866
9940
9967
9892
9832
9897
9887
9940
9836
9984
9914
9999
9898
9880
9913
9941
9882
9919
9911
9820
9947
9807
9777
9846
9998
9905
9857
9847
9856
9929
9955
9903
9913
9976
9929
9909
9857
9901
9921
9833
9903
9966
9842
9925
9905
9934
9915
9930
9974
9916
9974
9877
9853
9936
9872
9963
9871
9880
9915
9853
9905
9924
9841
9866
9951
9887
9883
9878
9902
9925
9926
9756
9937
9920
9884
9875
9774
9936
9882
9947
9885
9917
9896
9985
9889
9929
9798
9907
9953
9994
9908
9939
9938
9879
9939
9889
9918
9866
9918
9989
9943
9923
9828
9872
9931
9877
9901
9918
9923
9881
9900
9905
9882
9848
9998
9797
9828
9892
9892
9865
9907
9875
9915
9929
9915
9957
9989
9838
9885
9911
9964
9927
9997
9959
9927
9944
9892
9924
9887
9947
9821
9759
9868
9977
9873
9951
9914
9918
9947
9928
9864
9969
9808
9965
9969
9891
9863
9955
9908
9920
9861
9929
9916
9757
9873
9806
9869
9911
9945
9971
9920
9837
9871
9857
9903
9949
9909
9812
9954
9902
9932
9870
9991
9939
9884
9900
9929
9942
9851
9787
9928
9862
9995
9914
9905
9858
9903
9993
9951
9902
9817
9922
9895
9894
9888
9983
9954
9882
9946
9803
9954
9854
9924
9854
9842
9950
9905
9975
9835
9926
9907
9840
9857
9887
9896
9920
9891
9809
9968
9929
9800
9853
9707
9895
9884
9931
9844
9950
9897
9907
9878
9872
9890
9943
9808
9933
9925
9929
9909
9944
9734
9961
9954
9782
9930
9849
9868
9895
9886
9850
9878
9825
9829
9947
9937
9960
9891
9954
9980
9908
9806
9977
9924
9933
9915
9895
9908
9965
9843
9908
9907
9984
9975
9778
9941
9890
9919
9677
9844
9914
9945
9965
9959
9737
9977
9895
9938
9959
9840
9911
9962
9956
9922
9842
9935
9879
9952
9913
9968
9989
9927
9819
9972
9898
9807
9962
9950
9882
9844
9975
9877
9937
9972
9816
9971
9944
9994
9979
9896
9876
9871
9807
9932
9962
9903
9886
9996
9837
9962
9943
9876
9897
9925
9919
9938
9930
9841
9870
9903
9931
9901
9965
9945
9799
9861
9932
9994
9952
9802
9833
9884
9994
9930
9926
9923
9942
9903
9946
9934
9942
9865
9850
9914
9994
9993
9857
9946
9976
9949
9934
9889
9813
9834
9963
9971
9950
9852
9948
9892
9869
9865
9955
9893
9877
9842
9944
9862
9955
9879
9774
9918
9857
9946
9904
9943
9966
9949
9857
9938
9943
9928
9962
9832
9849
9999
9916
9980
9894
9939
9884
9957
9889
9971
9865
9874
9918
9867
9838
9994
9887
9937
9970
9923
9916
9956
9931
9955
9924
9856
9957
9989
9738
9931
9909
9993
9949
9919
9759
9830
9936
9910
9758
9942
9992
9959
9881
9854
9816
9854
9801
9793
9919
9878
9963
9914
9941
9884
9908
9971
9907
9858
9936
9955
9816
9906
9971
9982
9861
9895
9912
9936
9892
9942
9986
9812
9852
9869
9752
9859
9768
9979
9926
9921
9943
9941
9988
9907
9861
9918
9967
9842
9734
9955
9882
9957
9894
9948
9900
9932
9849
9932
9905
9928
9896
9864
9872
9952
9909
9917
9955
9867
9932
9851
9950
9968
9908
9990
9934
9977
9943
9876
9911
9903
9879
9817
9927
9959
9927
9934
9940
9766
9944
9931
9950
9998
9924
9922
9907
9925
9870
9877
9837
9836
9917
9897
9881
9851
9833
9853
9911
9971
9898
9893
9867
9897
9880
9925
9925
9870
9944
9852
9918
9948
9918
9879
9816
9985
9851
9925
9998
9846
9903
9913
9838
9950
9960
9934
9860
9952
9868
9916
9904
9894
9927
9929
9898
9944
9882
9951
9915
9782
9920
9910
9977
9807
9905
9874
9904
9905
9871
9928
9880
9949
9930
9902
9894
9892
10000
9748
9786
9948
9908
9926
9904
9880
9870
9953
9923
9904
9853
9930
9808
9851
9861
9992
9889
9999
9933
9956
9861
9963
9946
9982
9876
9880
9990
9915
9816
9987
9906
9894
9930
9851
9917
9953
9961
9850
9877
9941
9862
9931
9883
9928
9926
9899
9818
9828
9859
9846
9962
9897
9955
9905
9840
9908
9924
9941
9978
9942
9986
9815
9978
9870
9861
9869
9991
9937
9904
9841
9815
9939
9958
9909
9973
9968
9887
9826
9853
9992
10000
9920
9931
9871
9871
9943
9969
9898
9939
9901
9992
9886
9959
9840
9890
9946
9939
9879
9971
9900
9886
9906
9889
9950
9948
9893
9910
9836
9941
9888
9870
9875
9787
9935
9741
9914
9889
9922
9936
9835
9935
9951
9941
9841
9895
9836
9967
9888
9915
9886
9879
9947
9743
9945
9864
9866
9975
9734
9999
9967
9908
9927
9917
9865
