9889
9986
9961
9973
9843
9910
9949
9947
9988
9915
9918
9901
9969
9883
9944
9867
9958
9870
9984
9944
9944
9946
9998
9904
9983
9989
10000
9946
9985
9998
9936
9913
9920
9941
9946
9913
9923
9893
9931
9922
9969
9886
9920
9934
9907
9996
9947
9938
9902
9937
9842
9965
9878
9865
9970
9954
9882
9877
9971
9993
9895
9837
9746
9985
9937
9943
9980
9963
9903
9939
9898
9976
9980
9928
9990
9973
9989
9886
9991
9855
9932
9925
9994
9850
9998
9907
9987
9945
9966
9962
9928
9957
9949
9822
9922
9885
9933
9898
9992
9864
9923
9914
9946
9884
9820
10000
9883
9996
9920
9893
9973
9959
9901
9966
9802
9975
9876
9968
9932
9940
9958
9999
9978
9991
9924
9940
9889
9951
9948
9929
9962
9932
9838
9989
9974
9901
9999
9880
9906
9970
9923
9979
9977
9866
9926
9909
9968
9891
9980
9997
9948
9999
9878
9976
9904
9980
9919
9931
9886
9934
9996
9977
9932
9846
9895
9907
9843
9859
9946
9983
9943
9974
9986
9905
9942
9958
10000
9910
9988
9992
9970
9990
9887
9906
9980
9995
9991
9918
9918
9960
9942
9855
9985
9925
9962
9922
9932
9970
9961
9810
9928
9986
9901
9860
9984
9948
10000
9999
9970
9943
9933
9981
9846
9914
9850
9943
9986
9997
9994
9942
9838
9995
9999
9942
9924
9859
9960
9912
9889
9995
9890
9851
9868
9940
9996
9946
9943
9898
9954
9855
9723
9835
9873
9904
9965
9947
9736
9958
9895
9948
9919
9995
9942
9992
9993
9939
9932
9959
9875
9997
9930
9966
9942
9965
9890
9981
9986
9980
9848
9914
9977
9987
9977
9951
9919
9922
9998
9921
9917
9972
9871
9978
9940
9985
9983
9941
9942
9989
9908
9982
9887
9904
9905
10000
9943
9973
9944
9959
9917
9993
9766
10000
9960
9990
9789
9951
9864
9955
9938
9948
9893
9978
9926
9907
9982
9953
9996
9940
9829
9914
9792
9956
9946
9970
9958
9966
9840
9891
9900
9975
9987
9997
9930
9922
9885
9888
9959
9972
9910
9946
9889
9921
9998
9932
9985
9948
9987
9988
9968
9990
9913
9964
9954
9992
9914
9957
9981
9990
9972
9928
9974
9811
9918
9997
9967
9808
9901
9952
9913
9887
9956
9994
9967
9970
9978
9951
9883
9950
9944
9989
9911
9934
9956
9941
9866
9938
9959
9935
9977
9951
9975
9914
9972
9942
9899
9976
9938
9977
9968
10000
9941
9976
9872
9981
9977
9889
9934
9958
9982
9997
9979
9748
9990
9925
9979
9938
9912
9936
9990
9907
9977
9993
9838
9969
9835
9984
9927
9895
9930
9877
9930
9990
9899
9886
9968
9942
9951
9960
9904
9998
9949
9964
9928
9959
9882
9936
9841
9916
9959
9958
9889
9824
9994
9870
9925
9995
9982
9978
9921
9972
9866
9954
9926
9921
9899
9991
9941
9938
9928
9997
9958
9997
9935
9882
9977
9912
9895
9972
9856
9915
9922
9889
9957
9941
9988
9901
9943
9850
9954
9961
9903
9821
9924
9980
9904
9983
9944
9997
9928
9962
9936
10000
9966
9874
9977
9947
9978
9999
9951
9986
9972
9902
9855
9932
9913
9847
9824
9860
9970
9999
9904
9974
9937
9942
9832
9965
9983
9949
9912
9787
9950
9920
9994
9926
9909
9998
9825
9999
9851
9935
9937
9945
9892
9991
9959
9968
9920
9878
9998
9956
9847
9873
9915
9978
9979
9924
9966
9964
9899
9983
9923
9926
9874
9870
9997
9912
9913
9980
9998
9914
9924
9897
9950
9935
9983
9919
9867
9923
9875
9847
9924
9912
9843
9964
9975
9950
9947
9923
9812
9966
9914
9984
9858
9903
9910
9998
9925
9984
9988
9975
9998
9934
9912
9988
9973
9999
9959
9950
9962
9936
9921
9927
9850
9993
9810
9993
9900
9948
9914
9978
9990
9899
9997
9946
9827
9919
10000
9882
9926
9994
9982
9951
9919
9924
9934
9987
9852
9984
9887
9970
9998
10000
9998
9999
9859
9892
9925
9963
9935
9973
9824
9945
9964
9994
9969
9909
9951
9995
9952
9933
9923
9962
9948
9901
9903
9963
9959
9832
9881
9985
9991
9831
9993
9992
9998
9942
9993
9976
9894
9948
9992
9935
9961
9956
9998
9983
9867
9913
9931
9890
9930
9954
9864
9997
9936
9885
9997
9929
9914
9996
9958
9934
9960
9937
9996
9906
9931
9912
9999
9919
9921
9996
9983
9861
9996
9948
9937
9810
9998
9997
9870
9957
9940
9898
9964
9951
9917
9976
9866
9921
9911
9928
9903
9928
9909
9928
9990
9872
9979
9989
9807
9954
9971
9854
9967
9898
9902
9986
9963
9967
9952
9860
9846
9973
9931
9709
9911
9936
10000
9829
9963
9849
9878
9901
9931
9984
9992
9978
9799
9988
9992
9981
9960
9995
9950
9782
9937
9874
9904
9989
9889
9800
9990
9975
9967
9964
9960
9871
9999
9957
9866
9826
9941
9885
9949
9904
9979
9851
9999
9964
9976
9902
9890
9879
9896
9950
9970
9995
9915
9801
9942
9958
9895
9883
9852
9912
9910
9899
9924
9989
9996
9915
9852
9959
9953
9910
9944
9828
9961
9902
9967
9917
9923
9958
9932
9989
9998
9834
9938
9973
9839
9832
9893
9911
9907
9987
9988
9906
9912
9931
9905
10000
9965
9960
9954
9789
9982
9876
9849
9911
9962
9935
9974
9959
10000
9923
9939
9948
9894
9957
9932
10000
9862
9903
9802
9856
9872
9941
9982
9980
9994
9916
9972
9895
9982
9963
9950
9995
9931
9741
9867
9925
9950
9887
9873
9986
9789
9814
9988
9941
9929
9953
9927
9930
9999
9738
9975
9945
9886
9910
9914
9924
9980
9914
9997
9980
9956
9922
9920
9935
9994
9943
9868
9998
9825
9949
9894
9900
9986
9899
9934
9756
9819
9862
9948
9906
10000
9943
9976
9823
9948
9974
9909
9942
9935
9920
9950
9936
9956
9967
9955
9913
9965
9980
9953
9936
9957
9921
9990
9952
9986
9881
9990
9911
9909
9958
9970
9969
9976
9978
9956
9948
9941
9806
9829
9915
9885
9969
9980
9907
9926
9965
9993
9995
9992
9983
9946
9938
9994
9954
9995
9979
9969
9947
9780
9723
9979
9871
9997
9983
