9875
9972
9967
9990
9999
9993
9954
9982
10000
9989
9848
9897
9994
9915
9894
10000
10000
9848
9953
9930
10000
9997
9917
9989
9967
9999
9928
9990
9971
9966
9988
10000
9995
9994
10000
9959
9969
9949
9992
9988
9959
9982
9999
9970
9961
9985
9994
9948
9998
9932
9962
9987
9976
9943
9907
9992
9932
9995
9990
9988
9920
9998
9958
9994
10000
9982
9995
9997
10000
9969
9946
9999
9875
9997
9999
9994
9995
9994
9889
9961
9959
9988
9965
9993
9974
9999
9999
9998
9992
9980
9959
9997
9908
9995
10000
9916
9997
9994
9991
9925
9983
9993
9998
9972
9914
9998
9996
9926
9998
9990
9993
10000
10000
9995
9955
10000
9996
9995
9995
9998
9955
9995
9998
9967
9917
9995
9999
9986
9986
9995
9989
9950
9955
10000
9985
9992
10000
9992
10000
10000
10000
9938
9972
9990
9946
9907
9980
9996
9967
9997
9999
9991
9958
9929
9996
9997
9966
9933
9999
9996
9949
9995
9884
9989
9919
9887
9967
9933
9998
9978
9994
9965
10000
9959
9941
9996
9992
9916
9955
9987
9989
9957
9932
9981
9974
10000
9941
10000
9998
10000
9997
9995
9999
9936
9989
9936
9927
9940
9967
9986
10000
9957
9955
9958
9974
9998
9999
10000
9970
9981
9935
9950
9998
9997
9996
9992
9996
9998
9993
9930
9954
9997
9907
9970
9972
9942
9956
10000
9999
9997
9985
9990
9960
9990
10000
9949
9969
10000
9948
9999
9961
9963
10000
9984
9960
9998
9936
10000
9996
9999
9994
9872
10000
9984
9988
9988
9932
9965
9989
9936
9976
9896
9992
9995
9998
9941
10000
9984
10000
9990
9984
9998
9986
9993
9895
9989
10000
9955
9889
9999
9998
9999
9980
9943
9995
9997
9992
9984
9997
10000
9872
9985
9939
9975
9993
9951
9999
9973
9989
10000
9904
9947
9961
9981
9998
9986
9996
9984
9978
9999
9999
9949
9900
9992
9990
9991
9972
9877
9980
9974
9998
10000
10000
9983
9988
9934
9936
10000
9880
10000
9984
9992
9921
9991
9950
10000
9955
9986
9975
9947
9911
9931
9994
9997
9983
9945
9969
9916
9995
9990
9993
10000
9965
9997
9984
9880
9915
9961
9954
9989
9930
9879
9975
9980
9979
9908
9998
9935
9924
9972
9859
9997
9997
9940
9974
9960
9961
9993
9981
9952
9992
9953
9999
10000
9946
9917
9999
10000
9999
10000
9998
9979
9994
9962
9992
9987
9992
9993
9950
9972
9995
10000
9990
9999
9981
9934
10000
9991
9985
10000
9996
9942
9930
9975
9952
9996
9993
9989
9870
9999
9941
9993
10000
9965
9925
9990
9981
9998
9989
9968
9971
9991
9979
9996
10000
9996
9932
9950
9821
9972
9927
9974
9997
9958
9998
9997
9991
9925
9952
9902
9992
9991
9996
9996
9975
9998
9893
9999
9993
9908
9894
9984
9963
9996
9989
9945
9950
9970
9981
9982
9994
10000
9999
9995
9952
9992
9976
9944
9997
9989
10000
9996
9986
9992
10000
9975
9988
9982
9934
9993
9995
9990
9999
9969
9929
9999
9962
9910
9831
9990
9893
9998
10000
9969
9995
9987
9941
9988
9955
9976
9992
9885
9980
10000
9938
10000
9996
9999
9981
10000
9993
9999
9987
9982
9998
9945
9991
9996
9996
9946
9994
9901
9949
9967
10000
9962
9924
9992
9978
9994
9991
9858
9958
10000
9999
9987
9934
9990
9983
9990
9938
9960
9993
9995
10000
9931
9920
9988
9998
9994
9983
9976
9960
9998
9946
9967
9883
9975
9962
9974
9993
9958
9987
9926
9992
9986
9959
10000
9995
9877
9936
9997
9995
9983
9974
9999
9992
10000
9958
9999
10000
9969
9991
9971
9976
9999
9836
9995
9999
9847
9988
9993
9997
9984
9998
9868
9969
9923
9987
9985
9975
10000
9989
9996
10000
9999
9975
9994
9943
9995
9950
9998
9994
10000
9919
9997
9977
10000
9998
9999
9996
9924
9978
9874
9985
10000
9988
9996
9957
9998
9984
9975
9998
9995
9996
10000
9986
9991
9987
9868
9996
9976
9988
9996
10000
9858
9998
9894
9956
9998
9965
9998
9938
9997
9950
9966
9993
9997
9999
9994
9943
10000
9934
9966
9999
9968
9986
9957
9979
10000
9995
9992
9948
9993
9996
9996
9907
9989
9950
9876
9976
9995
9997
9986
9951
10000
9974
9903
9923
9845
10000
9952
10000
10000
9923
10000
9998
9957
9994
9996
9938
9996
9984
9941
9923
9999
9977
9954
9991
9979
9998
10000
9986
9997
9987
9886
10000
9956
9977
9979
9996
9999
9999
9998
9904
9949
9925
9924
9845
9997
9971
9980
9948
9982
9924
9999
9984
9993
9994
9982
9978
9979
9984
9958
9998
9996
9946
9988
9980
9993
9975
9973
9998
9997
9945
9998
9919
9960
9994
9998
9967
10000
9853
9979
9939
9982
9949
9988
9999
9995
9953
10000
9996
9997
9990
9881
9971
9981
9932
9964
9992
9952
9998
9981
9962
9999
10000
9956
9968
9986
9983
9914
9968
10000
9986
9995
9990
9985
9980
9997
9971
9985
9998
9963
9996
9997
9924
9871
9986
10000
9891
9978
9999
9998
9957
9987
9996
10000
9954
9929
9938
9913
9971
9995
9972
9952
9956
9972
9927
9994
9924
9974
9935
9999
9992
9997
9981
10000
9990
9979
9986
9993
9923
10000
9992
9948
9945
9991
9951
9953
9999
9991
9921
10000
9995
9999
9983
9925
10000
9985
9999
9997
9970
9980
10000
10000
9988
9988
9987
9912
9952
9892
10000
9995
9990
9976
9936
9997
9991
9979
9907
9950
9956
9997
9997
9983
9992
10000
9861
9997
9985
9987
9940
9944
9940
9976
9930
9993
9970
9990
9953
9921
9989
9985
9961
9928
9972
10000
9995
10000
9974
9987
9981
9990
9997
9986
9937
9999
9986
9998
9918
9926
9940
9925
9925
10000
9963
9998
9995
9993
9999
9899
10000
10000
10000
9987
9978
9938
9978
9976
9999
10000
9949
9970
9999
9992
9955
9969
9988
9897
9902
9996
9996
9993
9986
9917
9974
9870
9846
9997
9981
9949
9987
10000
9859
9966
9862
9969
9912
9994
9957
9986
9995
9984
9999
9999
9994
9999
9998
9867
9922
9991
9972
10000
9997
9960
10000
10000
9956
9989
