9918
9998
9992
9927
9995
9999
9819
9999
9993
9951
9998
9992
9959
9991
9943
10000
10000
9929
9981
9997
9992
9975
9976
9930
9929
9983
9980
9924
9998
9994
9948
9938
9920
9992
9997
10000
9996
9908
9996
9903
10000
9842
9987
10000
10000
9997
10000
9925
10000
10000
9957
9981
9989
9965
9999
9889
9993
9991
10000
9933
9978
9957
9981
9984
10000
10000
9896
9995
9996
9998
9914
9974
9953
9863
9977
9970
9987
9963
9960
9934
9982
9986
9991
10000
9999
9996
9935
9970
9977
9958
9946
9960
9978
9983
9999
9831
9924
9942
10000
9999
9903
9998
9997
9942
9974
9934
9998
9834
9965
9998
9987
9995
9996
9830
9830
9993
9998
9989
10000
9932
9991
9902
9991
9959
9996
9998
9976
10000
9956
9999
10000
9928
10000
9905
9978
9997
9889
9984
9995
9999
10000
9927
9965
9989
9907
9973
9993
9999
9737
9977
9871
9956
10000
9899
9993
9967
10000
10000
9895
9984
9934
9903
9946
9994
9974
9997
9996
9996
9998
9944
9979
9990
9998
9956
9994
9990
9956
9996
9999
9962
10000
9990
10000
9996
9912
10000
9918
10000
9903
9992
9911
9980
10000
9910
9931
9910
9987
9924
9956
9991
9973
9986
9997
9999
9996
9997
9950
9876
9952
9936
9917
9997
9920
9927
9986
9869
9942
9997
9928
9982
9964
9994
9956
9993
9997
9993
9953
9993
10000
9983
9995
9924
9992
9998
9984
9937
9998
9876
9985
9963
9989
9899
9912
9999
9742
10000
9888
9997
9999
9934
9967
9950
10000
9999
9910
9998
9916
9811
9858
9901
9999
9993
9869
9933
9933
9926
9908
9996
9970
10000
9997
9920
9871
9955
9996
9990
9864
9888
9972
9867
10000
10000
9799
9998
10000
9995
9971
9986
9986
9969
9952
9947
9995
9991
9952
9999
9980
9793
9951
9894
9953
9920
9998
9998
9851
10000
9701
9998
9953
9998
9883
9979
9998
9968
9999
9944
9985
9987
9992
9996
9979
10000
9901
10000
10000
9874
9977
9992
9962
9985
9971
9882
10000
9934
9852
9990
9925
9899
9998
9992
9989
9995
9998
9978
9928
9990
9994
9996
9994
9955
9963
10000
9859
9997
10000
10000
9997
9887
9998
10000
9963
9932
9999
9995
10000
9988
9989
10000
10000
9996
9985
9987
9976
10000
9847
9811
9980
10000
9841
9989
9991
9998
9984
9988
9994
9950
9997
9964
9999
9996
10000
9999
9897
9981
9983
9982
9922
9998
9858
9948
9965
9965
9956
9972
9970
9992
9983
9932
9993
9999
9999
9999
10000
9973
9976
9949
9919
9959
9969
9968
9996
9998
9852
9998
9898
9974
9957
9988
9916
9997
9971
9934
9896
9999
9996
10000
9997
9992
9967
9997
9990
9995
9974
10000
9942
9970
9982
9950
9996
9930
9998
9997
9999
9999
9998
10000
9969
9993
9881
9991
9956
9912
9940
9904
9970
9909
9986
9999
9948
9942
9999
9999
10000
9998
9997
9937
9987
9995
9848
9962
9937
9994
9961
9993
9983
9986
9975
9999
9993
9992
9978
9998
9979
9985
9974
9951
9939
10000
9971
9981
9961
9991
9943
9965
9978
9943
9982
9798
9912
9903
9994
10000
9997
9998
9833
10000
9932
9962
9988
9938
9984
9984
9961
9978
10000
9895
9841
9994
9998
9997
9998
9943
9930
9970
9977
9969
9917
9859
9982
9990
9998
9999
10000
10000
9879
9999
9977
9900
9916
9829
9982
10000
9922
9999
9980
10000
9996
9997
9992
9969
9985
9949
9996
9999
9997
9992
9995
9999
9849
9915
9987
9951
9984
10000
9964
9982
9842
10000
10000
9982
9933
9998
9986
9977
9929
9971
9926
9999
9926
9933
10000
9995
9945
9893
9971
9878
9983
9945
9920
9956
9951
9995
9989
9969
10000
10000
9998
10000
9995
9998
9995
9951
10000
9998
10000
9889
9933
9901
9936
9991
9894
9981
9996
9999
9997
9998
9995
9987
9806
10000
9996
9999
9987
10000
9998
9911
9996
9894
9769
9967
10000
9994
9999
9966
10000
10000
9995
9935
9997
9999
9932
10000
9986
9961
9924
9989
9999
9999
9995
10000
9965
9917
9981
10000
10000
9955
9997
9992
9999
9996
9996
9987
9998
10000
9939
9994
9978
9924
9999
9969
10000
9925
10000
9996
9998
9988
9954
9886
9932
9999
9999
9999
9991
9989
9988
9981
9995
9961
9942
9982
9916
9925
9998
10000
9909
9947
9993
10000
9998
9960
9994
10000
9973
9999
9999
9996
9938
9994
10000
9986
9956
9893
10000
9963
9976
9994
9952
9947
9963
9997
9997
9849
9929
10000
9990
9951
9948
9979
9992
9996
9993
9892
9857
9939
9998
10000
9999
9943
10000
10000
9989
10000
9998
9984
9943
9891
9863
9977
9959
9997
9868
9934
10000
9957
10000
9986
9996
9979
9947
9984
9923
9988
10000
9969
9954
10000
9955
9983
9988
9974
9988
9902
9963
9941
9977
10000
9991
9999
9934
9946
9998
9964
9979
9931
9998
9889
9917
9974
9880
9981
10000
10000
9902
9999
10000
9951
9988
9866
9989
9992
9937
9872
9942
9979
9999
9981
9999
9983
9883
9967
9990
9999
9998
9998
9980
9917
9824
9996
10000
9913
9853
9995
9901
9925
9998
9878
9960
9979
9999
9954
9949
9994
9991
9995
9961
9945
9934
9994
9998
9966
9931
10000
9897
9904
10000
9912
9987
9995
9999
10000
9989
9906
9836
9999
9998
10000
9946
9944
9954
9985
9997
10000
9993
9960
10000
9975
9931
9987
10000
9873
9992
9872
9986
9992
9968
9999
9992
9997
10000
9975
9948
9945
9890
9978
9991
9944
9911
9933
10000
9987
9903
9911
10000
9957
9977
9999
10000
9986
9897
9929
9993
9836
9992
10000
9995
9988
10000
9921
9990
9961
9887
9977
9978
9997
10000
9995
9994
9999
9940
9907
9951
9994
9987
10000
9996
9982
9997
9945
9999
9965
9973
9921
9972
10000
9998
9961
9997
9989
9936
9999
10000
9997
10000
9967
9982
9987
9915
9990
10000
9999
9951
9995
9956
9978
9982
9998
9914
9885
9977
9945
10000
9965
9974
9996
9987
10000
9903
9998
9912
9974
9974
9999
9931
10000
9994
9993
9988
9993
9846
9963
9904
9999
9913
9803
9895
9998
9999
10000
9844
9992
