9788
9938
9948
9877
9864
9814
9919
9913
9881
9922
9947
9992
9929
9924
9940
9743
9950
9893
9833
9928
9734
9868
9874
9922
9972
9903
9801
9901
9834
9841
9879
9883
9795
9834
9897
9965
9823
9827
9911
9837
9927
9936
9888
9956
9862
9950
9905
9868
9931
9895
9836
9908
9949
9806
9936
9841
9929
9893
9982
9972
9851
9926
9933
9901
9917
9854
9950
9863
9949
9958
9997
9955
9908
9937
9965
9989
9968
9933
9838
9899
9926
9963
9907
9877
9726
9938
9948
9889
9810
9938
9942
9885
9915
9862
9983
9915
9831
9945
9960
9885
9845
9932
9998
9912
9908
9929
9851
9881
9967
9900
9913
9836
9848
9793
9936
9899
9912
9852
9917
9905
9857
9897
9964
9873
9967
9846
9927
9951
9963
9875
9894
9953
9925
9930
9973
9911
9849
9865
9938
9928
9910
9880
9884
9813
9962
9884
9827
9892
9940
9803
9880
9879
9913
9926
9919
9979
9950
9957
9896
9935
9960
9952
9903
9943
9803
9806
9843
9857
9858
9944
9939
9919
9766
9932
9933
9878
9919
9951
9899
9905
9781
9920
9828
9833
9915
9887
9891
9957
9983
9820
9944
9982
9932
9970
9898
9858
9908
9923
9945
9993
9974
9891
9871
9847
9995
9859
9918
9950
9866
9982
9949
9939
9972
9920
9882
9957
9948
9817
9900
9798
9843
9888
9993
9920
9901
9874
9876
9886
9881
9859
9905
9945
9915
9925
9759
9917
9945
9945
9875
9941
9926
9942
9885
9992
9892
9939
9956
9879
9889
9867
9903
9877
9915
9878
9856
9992
9889
9931
9909
9841
9910
9999
9908
9838
9959
9926
9916
9905
9950
9900
9965
9876
9937
9964
9874
9835
9909
9948
9843
9850
9817
9895
9844
9865
9896
9994
9875
9939
9978
9857
9944
9825
9882
9910
9766
9915
9876
9952
9903
9986
9812
9888
9898
9868
9951
9706
9914
9966
9907
9890
9887
9852
9791
9928
9913
9957
9810
9873
9918
9919
9914
9838
9821
9912
9870
9942
9899
9935
9878
9888
9905
9989
9890
9903
9945
9867
9979
9774
9891
9925
9859
9859
9978
9818
9838
9860
9881
9920
9940
9946
9883
9838
9864
9905
9805
9969
9984
9890
9959
9923
9940
9888
9887
9872
9918
9972
9909
9905
9867
9875
9876
9970
9955
9939
9889
9970
9889
9952
9957
9947
9943
9907
9953
9864
9941
9818
9935
9940
9798
9946
9954
9810
9945
9885
9904
9923
9973
9861
9919
9694
9939
9878
9905
9907
9931
9974
9877
9860
9878
9933
9941
9822
9888
9866
9946
9923
9871
9808
9792
9883
9951
9928
9905
9967
9922
9947
9898
9934
9804
9863
9930
9917
9854
9905
9957
9981
9959
9731
9877
9808
9870
9923
9873
9947
9949
9883
9942
9990
9986
9824
9930
9998
10000
9894
9913
9894
9931
9836
9935
9938
9856
9933
9883
9879
9907
9990
9948
9826
9889
9923
9917
9849
9962
9914
9965
9929
9842
9990
9953
9902
9917
9939
9959
9810
9896
9882
9939
9829
9886
9924
9924
9805
9920
9951
9865
9793
9886
9870
9852
9910
9960
9852
9860
9992
9962
9856
9912
9853
9904
9833
9888
9993
9886
9962
9900
9887
9872
9849
9829
9920
9792
9914
9941
9839
9947
9959
9914
9943
10000
9894
9888
9982
9923
9895
9925
9777
9743
9984
9854
9865
9866
9921
9908
9933
9852
9879
9903
9970
9860
9949
9873
9981
9956
9871
9930
9920
9944
9996
9958
9903
9843
9953
9903
9992
9974
9928
9851
9986
9856
9975
9989
9862
9886
9851
9920
9688
9961
9959
9944
9999
9979
9680
9944
9919
9987
9963
9896
9888
9961
9905
9869
9962
9877
9805
9904
9868
9767
9976
9869
9869
9944
9860
9920
9965
9956
9923
9954
9933
9973
9943
9885
9898
9934
9924
9754
9977
9905
9949
9844
9830
9760
9962
9948
9975
9922
9929
9899
9913
9864
9914
9992
9921
9905
9831
9861
9998
9923
9944
9861
9899
9965
9879
9892
9953
9987
9919
9817
9907
9770
9871
9861
9920
9839
9945
9886
9866
9997
9941
9848
9787
9960
9913
9970
9942
9865
9936
9965
9965
9841
9893
9966
9976
9859
9815
9884
9852
9979
9952
9959
9939
9956
9884
9932
9910
9914
9938
9911
9928
9936
9982
9932
9904
9897
9992
9954
9946
9925
9968
9898
9953
9954
9996
9923
9901
9993
9891
9899
9919
9982
9928
9833
9901
9950
9929
9864
9898
9935
9964
9935
9920
9864
9903
9926
9931
9940
9976
9989
9914
9842
9844
9907
9861
9800
9976
9836
9873
9958
9869
9915
9817
9885
9973
9881
9877
9881
9909
9918
9822
9838
9902
9936
9953
9852
9946
9765
9807
9902
9936
9830
9842
9888
9868
9928
9978
9860
9831
9933
9970
9949
9945
9936
9893
9980
9869
9922
9885
9835
9950
9873
9980
9876
9850
9922
9925
9903
9910
9914
9896
9986
9744
9988
9862
9942
9778
9952
9970
9941
9838
9913
9989
9956
9915
9891
9923
9866
9911
9832
9790
9804
9925
9933
9841
9812
9906
9940
9950
9958
9862
9956
9941
9905
9898
9931
9987
9877
9883
9964
9881
9937
9921
9898
9894
9945
9888
9907
9853
9867
9954
9813
9867
9975
9906
9884
9961
9917
9895
9889
9927
9952
9910
9944
9897
9937
9888
9869
9963
9781
9932
9824
9937
9927
9902
9912
9942
9925
9873
9902
9872
9729
9774
9880
9924
9993
9950
9957
9868
9969
9873
9779
9921
9907
9883
9932
9926
10000
9913
9916
9787
9922
9960
9923
9875
9906
9945
9953
9986
9943
9731
9938
9906
9869
9940
9829
9959
9916
9838
9848
9890
9928
9918
9880
9958
9790
10000
9948
9873
9972
9958
9926
9908
9693
9957
9938
9970
9863
9952
9788
9877
9967
9954
9974
9914
9919
9855
9982
9859
9852
9876
9866
9864
9846
9816
9998
9961
9920
9956
9953
9673
9895
9907
9748
9848
9882
9961
9989
9840
9863
9891
9967
9915
9818
9830
9777
9904
9970
9961
9815
9830
9833
9857
9910
9932
9789
9830
9931
9947
9912
9915
9946
9920
9857
9908
9813
9925
9886
9956
9866
9814
9906
9912
9863
9953
9944
9966
9941
9958
9964
9832
9942
9747
