9830
9368
9912
10000
10000
9806
9923
9546
9784
8060
9819
10000
9640
10000
9869
10000
9771
9894
10000
9240
10000
10000
9549
9537
9614
9839
9925
8981
10000
9925
10000
10000
9635
9859
9779
9466
10000
9859
9767
9765
8618
9740
10000
9471
9909
10000
9935
9807
9014
10000
10000
9909
9782
9451
10000
9139
9987
9998
10000
9651
10000
10000
9942
10000
9913
10000
10000
10000
10000
9980
9907
9540
9071
10000
9866
9636
9408
9928
10000
10000
9811
9871
9005
10000
9652
9786
9681
9968
9914
8922
9838
10000
9821
10000
9402
9873
9085
10000
9384
10000
9465
9887
10000
9593
9966
9727
10000
10000
8503
9813
10000
9888
9533
9846
10000
9645
9970
10000
10000
9839
9830
10000
9947
9873
10000
9894
9893
10000
9901
9861
9470
10000
8680
9909
10000
10000
9234
9016
9859
9534
9941
10000
10000
10000
9091
10000
10000
9915
9687
10000
9879
10000
9801
10000
9931
10000
10000
9812
9979
9422
9801
10000
9605
10000
9876
9340
9499
9882
8988
9495
9597
9522
9761
8436
9855
9543
9990
9262
10000
10000
9865
8876
9768
9764
10000
10000
9507
9467
10000
9926
9050
9741
9870
9578
10000
10000
9159
9807
9989
9949
9979
9895
10000
9552
9668
10000
9766
9798
10000
9881
8829
10000
10000
9519
9007
9770
10000
9933
9809
9368
10000
10000
9930
10000
9735
9079
9611
9725
9643
10000
9651
10000
9895
10000
9752
10000
9795
9649
9649
10000
8457
9950
8942
9230
9843
10000
9901
9752
10000
10000
9308
9852
10000
9686
9994
9217
9059
9945
10000
8826
9206
9749
9798
9644
9697
9815
9850
9334
9989
9150
9681
9533
9606
10000
9960
10000
9736
10000
9788
9952
9699
10000
10000
9060
10000
9714
9862
9082
9655
9866
9730
9745
10000
9966
10000
9331
9787
10000
10000
9905
9739
10000
9852
9810
10000
9946
9706
10000
9699
9572
10000
9974
9621
10000
10000
10000
9944
9458
9884
9895
8764
9969
9856
10000
9938
10000
9829
10000
8939
9947
9524
10000
9891
10000
8495
9774
8690
9786
9548
9474
9882
9912
9627
8695
9984
9810
10000
9031
9925
8949
9250
9863
9323
10000
9677
9354
9656
9617
10000
9796
10000
9937
10000
9105
9775
10000
10000
10000
9835
10000
9436
9885
9580
9980
9628
9988
10000
9545
9823
9735
10000
9059
10000
9254
9809
9646
9893
9906
10000
9364
9655
8818
10000
9520
9492
9454
9739
9929
9504
9856
10000
9615
10000
9821
10000
10000
9518
10000
10000
9945
9659
10000
9806
9937
9903
9824
10000
9643
9247
9236
9629
9810
9638
9659
8938
9630
9701
9523
9530
10000
9442
9676
9718
9311
9398
9452
9175
9743
9324
9837
10000
10000
9589
9132
9908
9539
8717
10000
9573
9187
9954
10000
10000
10000
9669
9989
9858
9474
9395
9347
10000
9628
9245
9933
9859
9592
9895
9840
10000
9955
9585
9817
9936
9668
10000
9837
10000
9668
9968
9872
9869
10000
9165
9634
9735
9848
9682
10000
10000
10000
9677
9814
10000
10000
9209
10000
9586
9731
10000
9829
9777
9851
10000
8939
9751
10000
9877
10000
9879
9995
9404
9520
9197
8964
8431
10000
9620
9212
8748
10000
10000
9850
9920
10000
9465
10000
9580
9092
9845
10000
10000
9930
9442
9698
10000
9329
9941
10000
9706
9488
10000
10000
9789
10000
10000
9549
9700
8788
10000
9590
10000
9836
10000
9781
9744
9571
8268
10000
9900
9732
9840
10000
9991
9245
9682
10000
9831
9603
9980
10000
9884
9733
10000
9616
9580
9936
10000
8687
10000
10000
10000
9373
9563
10000
10000
10000
9616
9974
9896
8434
9127
10000
9625
9935
8950
9908
9897
9609
10000
9441
9797
9814
9561
10000
9330
10000
9345
9917
9076
10000
9528
9715
9836
9477
9787
9765
9880
10000
10000
9832
8801
9192
9936
9954
10000
10000
9911
10000
9802
10000
8358
10000
10000
9521
10000
8305
9616
10000
9925
10000
9907
9738
9842
9899
9430
10000
10000
10000
9657
10000
9502
9795
9282
9843
9932
9630
9759
9536
10000
9922
8709
9905
9974
9208
10000
9596
10000
9833
9789
10000
10000
9387
9294
9934
10000
10000
9946
9949
10000
9514
10000
9364
10000
9459
9919
10000
9899
10000
9940
10000
9540
9353
9879
9844
9631
10000
10000
9821
10000
9918
9618
10000
10000
9598
9696
10000
10000
9922
10000
9736
9613
10000
9572
9526
9414
9987
9844
10000
9827
10000
8966
9504
10000
9941
10000
10000
9709
9943
9739
10000
9656
8806
9981
9238
10000
10000
9939
9753
9037
9057
9733
10000
9543
8949
9443
10000
10000
9961
9207
9583
9902
10000
9984
9909
8870
8961
9521
9302
10000
8810
9571
9835
10000
9399
9221
10000
9815
10000
9809
10000
10000
9813
10000
8664
9667
10000
8770
8999
9610
10000
9851
10000
9162
9978
9939
9223
10000
9401
10000
10000
9246
9944
10000
10000
8967
10000
9163
9661
10000
9116
10000
9005
10000
9807
9844
9587
9727
9860
9955
9052
9828
9928
9958
10000
10000
9803
10000
10000
10000
9923
10000
9363
10000
9221
10000
9491
9008
8921
10000
10000
9637
10000
9772
10000
9686
10000
10000
9740
9075
10000
9789
10000
9388
10000
9794
9893
9685
9118
9116
10000
10000
9680
9148
9516
9658
9758
9748
9500
10000
9541
9787
9879
9600
10000
9562
10000
10000
9326
10000
9608
9851
9854
10000
9778
9490
10000
9922
10000
9769
9941
9830
9999
9382
10000
9864
9494
9782
9442
10000
10000
10000
9742
10000
9123
8629
10000
9452
10000
10000
10000
10000
10000
9914
9042
10000
10000
10000
9311
9844
10000
10000
9969
9648
10000
9687
10000
9751
10000
9217
10000
9533
9995
10000
10000
10000
9683
10000
9917
9367
9666
9955
9195
9576
10000
10000
9695
10000
9528
9365
9975
10000
10000
9971
9514
10000
10000
9739
9364
9100
10000
10000
9629
9997
9847
10000
10000
8966
9157
10000
9794
8142
9393
9864
9732
9683
9136
9942
9579
10000
9796
10000
10000
8957
10000
9834
9834
9945
9663
9830
9214
9436
9954
9337
9833
9666
9079
10000
9795
9998
9971
9702
10000
9780
8842
9238
9441
9892
9872
9980
10000
