9844
9949
9867
9947
9770
9771
9924
9870
9963
9859
9918
9891
9953
9969
9894
9912
9960
9910
9951
9954
9908
9834
9951
9909
9906
9882
9927
9888
9774
9946
9859
9977
9932
9912
9906
9904
9906
9938
9951
9907
9853
9817
9840
9796
9937
9920
9907
9917
9801
9850
9954
9993
9909
9956
9971
9876
9955
9980
9873
9877
9838
9980
9915
9834
9897
9964
9854
9959
9954
9943
9949
9897
9790
9946
9918
9946
9914
9972
9886
9848
9940
9901
9932
9747
9940
9785
9846
9935
9914
9893
9830
9927
9897
9998
9921
9947
9952
9890
9847
9778
9914
9902
9883
9902
9880
9994
9946
9865
9899
9913
9893
9907
9910
9926
9979
9972
9789
9862
9932
9890
9799
9893
9998
9946
9964
9912
9995
9927
9980
9932
9904
9906
9879
9906
9903
9988
9973
9986
9871
9978
9905
9925
9912
9938
9965
9885
9924
9924
9879
9942
9896
9931
9929
9865
9949
9927
9959
9988
9863
9843
9868
9981
9951
9811
9972
9884
9658
9877
9943
9879
9872
9909
9872
9959
9823
9847
9894
9857
9932
9974
9858
9950
9886
9953
9886
9882
9934
9929
9846
9967
9820
9897
9759
9933
9864
9837
9935
9957
9920
9938
9897
9867
9905
9922
9927
9792
9918
9979
9898
9881
9845
9819
9992
9931
9863
9727
9839
9913
9929
9850
9865
9935
9925
9902
9858
9837
9888
9840
9921
9924
9822
9788
9825
9996
9857
9833
9921
9927
9905
9775
9977
9878
9926
9900
9931
9972
9757
9917
9877
9905
9941
9910
9934
9871
9857
9983
9936
9920
9846
9912
9865
9935
9875
9724
9969
9888
9884
9899
9959
9938
9916
9957
9929
9906
9955
9902
9928
9887
9925
9965
9818
9945
9886
9813
9947
9981
9886
9934
9878
9949
9934
9916
9898
9958
9924
9924
9947
9774
9932
9940
9919
9891
9946
9873
9990
9878
9966
9952
9949
9932
9890
9729
9876
9924
9886
9888
9944
9968
9904
9928
9862
9988
9944
9947
9903
9973
9934
9897
9945
9903
9855
9890
9946
9890
9899
9995
9900
9979
9880
9921
9922
9869
9762
9898
9913
9893
9927
9857
9942
9895
9954
9991
9912
9966
9911
9808
9921
9881
9889
9794
9877
9789
9827
9858
9936
9912
9691
9989
9868
9957
9855
9910
9924
9964
9861
9902
9911
9896
9913
9966
9798
9794
9918
9862
9835
9951
9930
9943
9802
9963
9868
9914
9922
9902
9877
9825
9822
9967
9890
9941
9970
9903
9892
9861
9962
9898
9849
9931
9755
9903
9845
9905
9820
9918
9913
9993
9965
9960
9915
9935
9921
9871
9942
9891
9912
9893
9878
9941
9972
9951
9988
9809
9947
9858
9922
9924
9928
9843
9918
9807
9976
9918
9856
9864
9909
9819
9910
9909
9921
9952
9982
9837
9887
9989
9911
9901
9939
9940
9887
9822
9953
9960
9978
9927
9833
9983
9830
9831
9954
9953
9964
9912
9956
9945
9839
9893
9919
9866
9997
9973
9958
9956
9852
9857
9849
9959
9926
9908
9940
9939
9844
9926
9874
9952
9924
9960
9902
9805
9918
9875
9835
9893
9817
9842
9825
9711
9918
9899
9888
9900
9798
9792
9750
9880
9938
9956
9802
9961
9923
9913
9908
9829
9914
9832
9990
9916
9885
9890
9833
9846
9912
9934
9881
9897
9955
9844
9912
9885
9955
9852
9966
9927
9956
9902
9880
9958
9883
9939
9755
9929
9834
9932
9936
9897
9965
9874
9876
9912
9925
9865
9870
9848
9860
9926
9902
9908
9841
9951
9784
9937
9950
9913
9840
9909
9925
9956
9892
9977
9877
10000
9895
9969
9929
9844
9908
9949
9885
9909
9894
9929
9989
9962
9780
9840
9856
9981
9785
9946
9917
9949
9948
9948
9939
9916
9989
9965
9889
9840
9962
9906
9974
9949
9839
9885
9902
9919
9971
9911
9841
9948
9931
9890
9902
9991
9947
9903
9853
9957
9970
9874
9896
9792
9829
9878
9917
9849
9831
10000
9983
9863
9905
9900
9845
9867
9844
9852
9927
9952
9877
9961
9936
9880
9883
9869
9879
9913
9964
9909
9859
9862
9929
9978
9961
9871
9895
9908
9839
9903
9953
9782
9946
9952
9934
9880
9975
9921
9934
10000
9949
9898
9764
9922
9952
9868
9847
9827
9932
9953
9970
9891
9876
9984
9806
9950
9911
9766
9819
9920
9916
9836
9940
9980
9915
9974
9803
9819
9773
9978
9863
9861
9865
9970
9983
9904
9970
9858
9984
9915
9904
9794
9921
9952
9961
9805
9968
9780
9899
9947
9936
9901
9950
9975
9816
9981
9941
9947
9828
9935
9949
9928
9942
9897
9829
9918
9980
9962
9937
9842
9876
9864
9840
9819
9981
9888
9924
9862
9952
9917
9933
9914
9964
9850
9930
9870
9831
9804
9945
9969
9909
9925
9882
9925
9947
9945
9892
9908
9935
9886
9909
9890
9962
9955
9983
9892
9936
9983
9981
9927
9920
9827
9919
9937
9975
9929
9848
9948
9923
9989
9757
9925
9910
9873
9912
9914
9929
9987
9866
9926
9869
9900
9966
9905
9996
9974
9989
9906
9959
9920
9916
9905
9966
9899
9914
9924
9938
9944
9890
9898
9841
9895
9932
9924
9918
9805
9943
9901
9751
9890
9894
9918
9898
9882
9973
9985
9860
9928
9765
9921
9921
9899
9973
9898
9937
9955
9940
9918
9991
9891
9865
9900
9937
9861
9946
9962
9860
9837
9939
9959
9899
9807
9879
9890
9929
9851
9857
9893
9969
9940
9976
9958
9980
9880
9814
9694
9946
9844
9939
9952
9910
9843
9958
9956
9934
9951
9945
9900
9930
9949
9932
9934
9952
9963
9851
9949
9873
9976
9957
9844
9878
9935
9958
9913
9870
9983
9771
9913
9869
9942
9894
9989
9934
9887
9962
9960
9921
9942
9906
9795
9865
9890
9909
9883
9859
9857
9930
9969
9939
9997
9907
9956
9797
9737
9863
9939
9918
9882
9969
9951
9938
9823
9917
9920
9954
9804
9909
9939
9956
9884
9886
9934
9944
9911
9923
9973
9930
9905
9916
9955
9951
9905
9806
9914
9956
9865
9930
9836
9954
9882
9914
9890
9883
9899
9833
9885
9893
9923
9918
9870
9949
9925
9965
9975
9968
9886
9863
9905
9943
9933
9983
9943
