10000
9923
9756
9908
9903
9921
9957
9970
9970
9931
9878
9747
9958
9851
9904
9859
9916
9957
9941
9946
9895
9869
9834
9944
9879
9977
9912
9854
9916
9919
9861
9900
9938
9935
9950
9869
9980
9952
9915
9884
10000
9916
9953
9908
9966
9989
9849
9951
9925
9844
9951
9867
9887
9937
9965
9954
9825
9963
9905
9928
9916
9925
9959
9960
9898
9772
9985
9840
10000
9947
9855
9967
9988
9903
9944
9976
9913
9890
9888
9905
9915
9871
9918
9943
9909
9795
9907
9973
9866
9873
9898
9881
9921
9827
9974
9864
9987
9916
9950
9861
9867
9850
9969
9972
9931
9902
9889
9832
9880
9966
9945
9809
9889
9893
9891
9919
9862
9931
9828
9794
9961
9993
9820
9899
9890
9928
9883
9937
9900
9855
9792
9944
9956
9758
9939
9873
9930
9844
9925
9967
9803
9865
9939
9861
9894
9934
9847
9966
9956
9904
9942
9917
9899
9943
9928
9963
9879
9940
9734
9892
9891
9840
9964
9958
9879
9924
9962
9965
9788
9949
9959
9946
9890
9895
9778
9847
9929
9922
9925
9879
9929
9984
9902
9873
9849
9895
9937
9870
9954
9949
9790
9900
9901
9943
9904
9956
10000
9906
9925
9872
9898
9951
9865
9881
9877
9922
9920
9741
9860
9913
9895
9968
9926
9886
9973
9893
9996
9828
9964
9902
9926
9856
9877
9932
9942
9933
9796
9880
9962
9847
9933
9995
9927
9881
9945
9948
9911
9802
9859
9893
9923
9948
9949
9913
9895
9896
9960
9847
9949
9975
9967
9778
9894
9886
9953
9867
9948
9886
9817
9894
9949
9824
9922
9916
9885
9904
9814
9859
9853
9993
9886
9913
9892
9922
9889
9919
9907
9952
9889
9928
9915
9920
9882
9935
9889
9844
9920
9884
9875
9958
9933
9962
9926
9878
9930
9779
9944
9845
9882
9870
9953
9927
9943
9948
9939
9899
9927
9892
9983
9823
9971
9886
9942
9941
9851
9793
9966
9911
9869
9939
9948
9971
9952
9912
9912
9977
9848
9964
9939
9960
9866
9781
9847
9931
9808
9821
9901
9960
9832
9913
9937
9896
9883
9866
9916
9893
9940
9842
9839
9980
9904
9891
9963
9831
9897
9987
9980
9970
9883
9951
9853
9814
9971
9919
9856
9906
9890
9790
9910
9961
9850
9958
9938
9948
9897
9920
9966
9871
9849
9965
9921
9831
9885
9852
9958
9908
9910
9909
9849
9903
9845
9932
9898
9904
9931
9940
9884
9790
9794
9924
9846
9948
9972
9950
9975
9914
9728
9899
9907
9987
9919
9920
9899
9836
9893
9900
9942
9833
9869
9901
9957
9928
9903
9919
9904
9863
9772
9922
9946
9899
9827
9995
9912
9905
9875
9933
9880
9993
9914
9836
9898
9929
9933
9876
9845
9945
9885
9858
9928
9846
9943
9977
9883
9969
9937
9978
9952
9930
9946
9880
9958
9856
9968
9975
9951
9966
9878
9982
9952
9971
9893
9863
9976
9930
9951
9896
9892
9976
9873
9922
9824
9876
9823
9779
9868
9824
9955
9941
9966
9900
9914
9891
9920
9899
9844
9920
9928
9888
9838
9945
9976
9966
9871
9937
9978
9790
9868
9785
9850
9880
9871
9859
9922
9836
9902
9920
9840
9978
9903
9953
9950
9927
9887
9890
9967
9943
9887
9757
9957
9846
9879
9813
9956
9904
9996
9798
9960
9867
9943
9918
9924
9964
9901
9955
9907
9966
9919
9854
9883
9851
9930
9847
9892
9786
9871
9897
9927
9952
9999
9868
9928
9895
9855
9863
9929
9873
9947
9938
9802
9907
9977
9944
9915
9962
9890
9925
9953
9680
9975
9887
9894
9978
9958
9976
9948
9908
9844
9841
9932
9867
9910
9833
9950
9955
9823
9892
9825
9970
9816
9943
9945
9934
9898
9875
9955
9915
9967
9902
9996
9936
9963
9970
9901
9922
9864
9774
9958
9916
9896
9851
9921
9921
9927
9955
9882
9911
9870
9915
9929
9907
9959
9883
9864
9965
9913
9923
9864
9905
9849
9846
9804
9828
9959
9879
9967
9991
9937
9801
9892
9919
9933
9925
9945
9929
9966
9918
9957
9901
9966
9824
9849
9929
9930
9931
9927
9913
9843
9899
9937
9927
9896
9885
9817
9944
9870
9947
9767
10000
9834
9950
9800
9904
9961
9876
9928
9967
9899
9868
9877
9954
9976
9928
9891
9719
9821
9935
9856
9857
9970
9794
9883
9859
9957
9939
9862
9946
9928
9836
9948
9881
9959
9991
9865
9848
9967
9861
9759
9801
9911
9827
9927
9795
9900
9937
9879
9819
9905
9738
9882
9986
9906
9871
9849
9823
9955
9967
9874
9871
9887
9924
9956
9977
9877
9982
9921
9883
9899
9873
9890
9816
9892
9795
9864
9650
9879
9940
9973
9883
9853
9804
9982
9885
9990
9917
9935
9848
9869
9939
9967
9899
9956
9834
9874
9941
9895
9867
9950
9909
9919
9965
9902
9925
9898
9974
9895
9937
9861
9877
9859
9864
9919
9925
9852
9945
9846
9887
9869
9949
9954
9951
9888
9916
9975
9886
9866
9937
9884
9876
9926
9903
9833
9832
9880
9963
9976
9943
9925
9884
9954
9945
9975
9972
9944
9910
9967
9856
9940
9837
9891
9929
9886
9867
9936
9963
9896
9940
9943
9876
9802
9929
9907
9995
9952
9886
9915
9969
9853
9851
9894
9888
10000
9910
9968
9778
9855
9939
9869
9941
9963
9895
9963
9914
9805
9947
9948
9994
9934
9876
9954
9927
9917
9893
9917
9905
9901
9885
9898
9896
9909
9915
9850
9878
9935
9896
9921
9909
9992
9954
9860
9961
9940
9963
9982
9773
9870
9967
9898
9972
9888
9962
9943
9969
9969
9914
9798
9932
9966
9876
9928
9930
9883
9899
9894
9925
9938
9902
9788
9957
9940
9931
9892
9850
9923
9950
9887
9876
9905
9966
9993
9884
9898
9820
9907
9889
9840
9903
9951
9904
9976
9975
9840
9810
9898
9920
9814
9909
9968
9866
9880
9762
9921
9899
9931
9906
9825
9749
9984
9856
9893
9781
9921
9936
9882
9881
9881
9917
9787
9865
9910
9943
9962
9938
9935
9875
9863
9936
9890
9825
9885
9947
9955
9778
9881
9955
9937
9941
9929
9970
9853
9876
9907
9952
9910
9953
9887
9965
9829
9947
9886
9840
