9880
9742
9892
9858
9933
9859
9889
9886
9975
9912
9974
9884
9992
9891
9911
9995
9947
9933
9959
9874
9965
9898
9951
9856
9976
9932
9854
9847
9936
9783
9952
9842
9928
9984
9927
9920
9928
9933
9962
9911
9887
9885
9934
9929
9769
9971
9998
9951
9865
9901
9708
9944
9895
9979
9953
9873
9803
9991
9970
9928
9989
9947
9957
9923
9908
9963
9938
9953
9953
9959
9942
9949
9841
9893
9953
9946
9917
9971
9977
9937
9829
9959
9898
9958
9924
9954
9979
9829
9812
9931
9982
9899
9909
9869
9898
9955
9957
9908
9805
9898
9975
9886
9930
9934
9890
9760
9899
9956
9856
9883
9998
9890
9795
9927
9913
9874
9915
9930
9866
9929
9932
9921
9860
9871
9891
9959
9948
9923
9901
9886
9895
9904
9889
9656
9830
9927
9863
9908
9903
9919
9886
9908
9940
9903
9941
9850
9905
9931
9928
9846
9879
9940
9865
9942
9980
9858
9882
9965
9921
9951
9950
9966
9956
9861
9927
9923
9908
9832
9956
9928
9894
9819
9880
9950
9929
9834
9942
9857
9862
9936
9921
9724
9900
9910
9962
9900
9912
9923
9848
9898
9901
9916
9989
9822
9881
9946
9947
9878
9792
9979
9937
9922
9897
9909
9937
9868
9910
9899
9919
9948
9830
9770
9968
9957
9965
9913
9934
9937
9898
9870
9894
9897
9800
9951
9875
9942
9839
9904
9987
9936
9937
9947
9939
9871
9919
9890
9885
9845
9963
9887
9946
9935
9920
9908
9974
9908
9966
9881
9925
9877
9931
9983
9817
9994
9884
9897
9951
9817
9981
9924
9948
9974
9956
9757
9890
9981
9937
9935
9874
9948
9901
9936
9848
9928
9946
9995
9852
9965
9948
9900
9960
9956
9890
9963
9976
9848
9922
9913
9929
9919
9917
9919
9934
9980
9922
9994
9833
9870
9911
9908
9926
9936
9949
9855
9911
9962
9923
9935
9816
9813
9968
9960
9852
9765
9744
9917
9830
9878
9989
9918
9885
9960
9929
9831
9848
9836
9856
9797
9986
9951
9918
9892
9891
9835
9915
9873
9908
9943
9934
9867
9936
9918
9871
9899
9827
9710
9942
9919
9992
9757
9956
9939
9922
9916
9927
9957
9963
9911
9870
9987
9937
9888
9860
9953
9984
9967
9878
9935
9854
9951
9827
9954
9827
9939
10000
9925
9930
9909
9934
9921
9905
9991
9871
9900
9950
9831
9829
9881
9990
10000
9919
9870
9856
9949
9905
9947
9862
9896
9911
9909
9990
9879
9971
9947
9804
9876
9899
9950
9847
9891
9893
9912
9800
9925
9944
9892
9931
9894
9945
9946
9966
9943
9949
9939
9990
9906
9856
9971
9885
9895
9884
9922
9846
9876
9896
9750
9956
9975
9912
9968
9775
9957
9926
9909
9887
9814
9910
9850
9909
9868
9912
9880
9908
9996
9576
9870
9862
9859
9883
9850
9856
9908
9791
9941
9975
9930
9896
9975
9925
9908
9897
9993
9883
9957
9939
9791
9935
9955
9889
9923
9888
9914
9837
9888
9944
9771
9925
9910
9980
9912
9876
9824
9941
9947
9977
9983
9946
9896
9903
9949
9931
9976
9940
9920
9921
9905
9929
9934
9852
9921
9986
9760
9920
9907
9649
9905
9883
9960
9926
9814
9926
9892
9860
9959
9965
9884
9815
9845
9946
9974
9947
9936
9921
9933
9843
9908
9894
9912
9916
9865
9843
9867
9890
9868
9963
9815
9956
9949
9980
9907
9903
9934
9785
9785
9873
9904
9987
9912
9911
9903
9916
9931
9896
9968
9930
9995
9965
9931
9965
9949
9915
9863
9931
9917
9899
9981
9910
9931
9917
9918
9858
9891
9849
9934
9921
9956
9884
9792
9947
9956
9941
9828
9820
9798
9956
9866
9996
9924
9929
9883
9921
9974
9858
9906
9979
9902
9962
9942
9913
9934
9883
9974
9872
9937
9761
9897
9940
9761
9852
9871
9949
9869
9925
9905
9912
9985
9902
9870
9924
9892
9952
9926
9944
9813
9975
9883
9924
9960
9897
9891
9842
9860
9936
9990
9906
9973
9890
9842
9959
9889
9947
9941
9853
9960
9904
9883
9910
9903
9825
9678
9871
9889
9964
9901
9945
9949
9928
9982
9954
9929
9876
9858
9998
9923
9871
9959
9838
9738
9938
9894
9956
9952
9822
9868
9891
9919
9858
9951
9888
9928
9864
9953
9890
9884
9862
9928
9881
9919
9923
9951
9948
9970
9995
9953
9988
9928
9968
9943
9958
9940
9893
9914
9903
9948
9992
9923
9895
9895
9999
9868
9814
9965
9918
9989
9868
9757
9905
9916
9956
9909
9901
9973
9907
9917
9813
9891
9897
9890
9853
9887
9896
9970
9869
9735
9899
9883
9874
9988
9831
9943
9913
9973
9905
9826
9967
9954
9962
9947
9867
9871
9739
9858
9950
9901
9865
9929
9870
9722
9938
9860
9933
9895
9915
9950
9960
9832
9945
9817
9907
9985
9928
9889
9904
9957
9906
9934
9880
9885
9897
9882
9930
9951
9933
9942
9822
9969
9872
9863
9904
9968
9912
9931
9920
9837
9875
9877
9939
9864
9885
9894
9986
9961
9831
9800
9874
9864
9949
9936
9901
9901
9786
9873
9850
9944
9826
9866
9968
9862
9875
9906
9946
9944
9972
9935
9931
9993
9967
9903
9851
9840
9899
9785
9873
9835
9904
9856
9898
9780
9918
9889
9890
9909
9908
9929
9866
9961
9950
9886
9870
9960
9932
9926
9846
9956
9889
9898
9933
9822
9893
9949
9994
9987
9973
9763
9995
9910
9832
9945
9777
9930
9886
9944
9967
9892
9943
9919
9907
9894
9870
9847
9962
9989
9867
9899
9964
9908
9928
9879
9808
9963
9936
9946
9949
9879
9876
9833
9936
9931
9884
9912
9891
9929
9900
9845
9912
9737
9933
9863
9812
9991
9858
9947
9863
9948
9784
9905
9933
9958
9811
9925
9973
9772
9870
9928
9912
9905
9969
9781
9928
9926
9947
9986
9994
9900
9959
9895
9987
9968
9781
9920
9897
9932
9891
9867
9968
9965
9915
9939
9863
9901
9947
9884
9911
9943
9985
9860
9880
9910
9911
9752
9978
9794
9847
9929
9870
9948
9952
9828
9902
9824
9941
9917
9929
9930
9950
9883
9950
9849
9808
9876
9920
9870
9951
9936
9928
9867
9888
9788
9961
10000
