10000
9893
9961
9774
9633
9894
9513
9922
9935
9648
9948
9516
9816
9762
9979
9484
9806
9930
9914
9534
9358
9933
9851
9837
9522
9107
9528
10000
9941
10000
9970
9850
9804
9764
9883
9887
10000
10000
9884
9834
9679
9756
9225
9707
10000
9846
9831
9764
9819
9551
9860
9721
10000
9712
9906
9920
9968
9469
9774
9993
9472
9918
9923
9627
9918
9733
9796
9397
9451
9895
9880
9619
9933
9862
9855
9944
9149
9915
9758
9920
9797
9751
9891
9880
9923
9895
10000
9857
9829
10000
9912
10000
9157
9879
9843
9866
9856
9654
9795
9850
9972
9755
10000
9784
9926
9276
9524
9821
9251
9247
9958
9922
9845
9893
9844
9692
9677
9550
10000
9172
9894
9585
10000
9830
9825
9537
10000
9883
9851
8994
9938
9803
10000
9861
9623
9932
10000
9690
9855
9962
9208
10000
9880
9799
9930
9790
9754
9043
9485
9799
9758
9784
9885
9860
9971
10000
9428
9807
9729
9842
9879
9781
9340
9997
9801
9700
9778
9798
10000
9829
10000
9743
9930
9545
9373
9370
9526
9056
9805
9891
9955
9855
8987
10000
9938
9738
10000
9236
9583
9860
9573
9916
10000
9833
9352
9963
9824
9931
9974
9928
9972
9983
9859
9679
9083
9968
9653
9889
9730
9807
9843
9930
10000
9871
9745
9670
9761
10000
9755
9949
9988
10000
10000
10000
10000
9953
9584
10000
9928
9884
9634
10000
9495
9835
9923
9442
9942
9694
9494
9881
9891
9932
9987
10000
10000
9766
9808
9816
9836
9963
9572
10000
9977
9818
9689
9623
9690
9912
9979
9868
9854
9840
10000
10000
9677
9341
9862
9647
9754
9849
10000
9834
10000
9859
9898
10000
9052
9898
9511
10000
9348
9065
9755
9740
9950
9884
9433
9224
9805
10000
9843
9542
10000
9810
9730
10000
9740
9781
9881
9799
9568
9701
9829
9806
10000
9977
9807
9784
9868
10000
9911
9854
9534
9871
9877
9695
10000
9962
9561
9602
9209
9879
9929
9887
10000
9892
9912
9298
8927
9951
9506
9863
9670
9380
9301
10000
10000
10000
9943
9409
9474
10000
9909
9620
9583
9669
9880
10000
9885
10000
9651
9792
9815
9250
9965
9930
9912
9916
9091
9761
9426
9741
9379
9453
9719
9397
9610
9863
9728
9434
9747
9726
9811
9957
9901
9911
10000
9807
9404
10000
9934
9189
8884
9679
9274
8924
10000
9808
9822
9261
9878
9760
9816
9647
9916
9758
10000
10000
9619
10000
9731
9899
9798
9661
9875
9963
9551
9685
9898
10000
10000
9502
10000
9800
10000
9986
9761
9916
9131
9962
9854
10000
9598
9792
9860
9771
9836
9873
10000
9935
9884
9527
10000
9850
9723
9499
9831
9983
9794
9568
10000
9749
10000
9896
9832
9870
9858
10000
9961
10000
9824
10000
9577
9939
10000
9907
9453
9314
9784
9364
9909
9793
9862
9974
10000
9597
9894
9667
9346
9865
9313
9571
9903
9625
9715
9642
10000
9709
9757
9709
9794
9990
9801
8617
10000
10000
9066
9716
9601
9940
9899
9886
10000
9697
9643
9884
9697
9529
9958
9816
9971
9964
10000
10000
9655
9713
9801
9106
10000
10000
10000
9799
9693
10000
9752
10000
9893
9757
9629
10000
9073
10000
9799
9832
9559
9762
9932
9660
9738
9840
9576
9652
9872
9468
9851
9926
9879
10000
9788
9872
9847
9710
10000
9902
9451
10000
9879
9317
10000
9915
9501
9832
9833
9760
9945
9893
9488
9600
9797
9927
9481
9948
10000
9880
9223
9694
9952
9882
10000
10000
9411
9307
9897
9815
9657
9991
9694
9695
10000
10000
9673
9788
9592
9840
9993
9388
9732
9926
9537
9913
10000
10000
9875
9954
10000
9777
9760
9758
9661
9895
9500
9628
9733
9921
9804
9753
9088
10000
9779
9547
8835
9696
9549
9924
9813
9156
9922
10000
9605
10000
9650
9737
9932
9304
10000
9670
10000
9550
9196
9943
9479
9750
9805
9836
9705
9887
8974
9566
9876
8656
9946
9732
10000
9910
8967
10000
9836
9779
9815
10000
10000
10000
9823
9856
9475
9777
9882
9365
9771
9869
9674
9497
9695
9744
9950
9550
9971
9596
10000
9628
9901
10000
9940
9708
9399
9997
9887
9553
8957
10000
8739
9333
9768
9642
9678
9855
9897
9768
9031
9897
10000
9423
9660
9442
9905
10000
9341
10000
9519
9881
10000
9792
9941
9957
10000
9490
9866
10000
9434
10000
9927
9458
10000
10000
9816
9837
9654
9872
9886
9808
9339
9696
9659
9784
10000
9783
10000
9985
9697
9888
9787
9045
9251
10000
9599
9650
8926
9245
9859
9885
9859
10000
9836
9528
9782
10000
9598
10000
9017
9904
9221
9288
9894
9244
9468
9871
9710
8853
9878
9591
9978
9652
9853
9701
9351
9900
9693
9217
9523
9834
9898
9177
9933
9997
9978
9761
9930
9877
9686
9873
9805
9987
10000
9998
9730
9958
9922
9873
10000
9774
9409
9296
9778
9933
10000
9579
9908
9388
9984
10000
9796
9876
9885
9775
9945
9597
9576
9212
9327
9796
9819
9890
9873
9512
9829
9822
9490
9875
9816
9912
9415
10000
9808
9252
9878
9616
9852
9836
9817
10000
9920
9605
9682
10000
10000
9583
9587
9923
9901
9891
9863
9632
9515
9861
9918
9826
10000
10000
9607
9781
9903
9718
9762
9757
9128
9566
9549
10000
10000
9932
9265
9618
9971
9799
10000
9940
9971
9902
10000
9894
9672
9858
9320
9826
9706
9666
9896
9906
9933
9952
10000
10000
9876
9897
9898
10000
9933
10000
9658
9719
9197
9851
9626
9683
9772
9682
9919
9767
9923
9953
9995
9504
9866
9575
9515
9424
9388
9839
9709
9971
9733
9715
9816
9544
9804
9748
9898
9321
9782
9765
10000
9625
9584
9737
9689
9903
9934
9404
9901
10000
9475
9747
9931
9878
9896
9990
9775
9912
10000
9797
9845
9953
9801
9737
9513
8800
9765
9115
9294
9721
8755
9721
9984
9546
9808
9656
9899
10000
9559
9841
10000
8982
9791
10000
9948
9880
9880
9796
10000
9819
9807
9753
9896
9263
10000
9839
9961
10000
9713
9912
9743
9910
9870
9986
10000
9757
9261
9977
9548
9338
9871
9767
9695
9537
9440
9925
9801
9790
9732
9312
