9902
9895
10000
9894
9986
9855
9906
9819
9827
9703
9943
9928
9958
9907
9779
9913
9847
10000
9712
9910
9855
9929
9901
9946
9886
9898
10000
9895
9789
9581
9906
9834
9962
9737
9973
9821
9892
9936
9824
9904
9756
9929
9882
9862
9902
9999
9892
9881
9973
9899
9885
9985
9816
9919
9697
9962
9978
9901
9876
9862
9646
9811
9887
9801
9534
9895
9954
9950
9780
9835
9960
9754
9624
9904
9916
9872
9899
9870
9830
9899
9879
9880
9891
10000
9588
9945
9809
9863
9872
9943
9936
9981
9904
10000
9990
9819
9842
9866
9840
10000
9693
9836
9912
9886
9729
9854
9830
9634
9892
9516
9713
9952
9774
10000
9828
9915
9770
9925
9982
9978
9937
9909
9905
9777
9703
9742
9809
9977
9715
9794
9646
9779
9950
9816
9930
9769
9860
9452
9895
9944
9939
9900
9931
9864
9982
9773
9551
9898
9922
9705
9955
9953
9994
9973
9828
10000
9777
9946
9860
9911
9904
9883
9910
9976
9982
9574
10000
10000
9878
9781
9960
9746
9901
9838
9804
9513
9812
9843
9741
9950
9978
9972
9921
9790
9748
9631
9629
9848
9946
9923
9978
9886
9776
10000
10000
9832
9795
9884
9918
9952
9907
9924
9823
9613
9932
9768
9807
9943
9798
9820
9867
9866
9779
9956
9498
9890
9814
9777
9720
9743
9915
9966
9835
9816
9954
9910
9982
9961
9747
9905
9908
9955
9926
9614
9915
9993
9975
9923
9866
9934
9969
9927
9930
9902
9962
9941
9864
9958
9876
9820
9875
9799
9974
9848
9261
9948
9843
9838
9943
9951
9929
9740
9878
9595
9861
9899
9915
9550
9922
9824
9962
9922
9862
9952
9816
9852
9887
9756
9888
9783
9958
9836
9689
9990
9915
9989
9843
10000
9846
9906
9901
9560
9987
9896
9979
9959
9880
9922
9781
9881
9890
9997
9879
9949
9872
9918
9924
10000
9867
9919
9807
9520
9928
9395
9840
9889
9778
9939
9618
9994
9866
9648
9990
9815
9967
9792
9813
9839
10000
9904
9771
9521
10000
9954
9901
9833
9890
9903
9912
9854
9923
10000
9822
9643
9938
9878
9557
9959
9812
10000
9665
9819
9830
9885
9713
9810
9809
9802
9946
9911
9827
9947
9609
9989
9901
9869
9729
9926
9924
9891
9889
9860
9945
9880
9956
9778
9871
9919
9963
9863
9678
9847
9828
9961
9881
9915
9758
9920
9873
9940
9842
9935
9902
9847
9931
9933
9878
9899
9927
9897
9880
9947
9769
9734
9884
9857
9911
9832
9991
9931
9910
9842
9900
9907
9836
9787
9880
9810
9870
9921
9812
9895
9901
9894
9896
9610
9819
9950
9712
9925
9851
9702
9874
9844
9752
9851
9907
9858
9986
9836
9818
9999
9880
9907
9939
9643
9987
9816
9889
9926
9781
9847
9936
9925
9257
9955
9799
9911
9917
9933
9726
9870
9662
9956
9883
9929
9910
9777
9960
9986
9953
9847
9918
9866
9904
9688
9933
9906
9878
9872
9837
9824
9939
9749
9763
9837
9812
9797
9902
9893
9922
9813
9921
9802
9927
9844
9927
9978
9911
9785
9897
9857
9775
9918
9888
9638
9767
9880
9955
9951
9885
9901
9798
9997
9748
9914
9861
9869
9946
9989
9838
9814
9968
9896
9861
9888
10000
10000
9955
9846
9865
9873
9928
9912
9949
9864
9778
9965
9805
9929
9686
9882
9957
9995
9890
9929
9892
9838
10000
9982
9912
9783
9907
9403
9930
9805
9955
9949
9694
9922
9929
9896
9794
9882
9893
9800
9549
10000
9727
9907
9807
9910
9876
9949
9920
9840
9927
9922
9862
9869
9873
10000
9918
9650
9975
10000
9749
9703
9866
10000
9964
9975
9816
9901
9854
9954
9507
9735
9841
9939
9661
9871
9947
9693
9929
9878
9747
9876
9806
9999
9822
9648
9852
9908
9628
10000
9911
9857
9921
9918
9868
9769
9932
9893
9966
9623
9834
9642
9703
9892
9697
9880
9812
9518
9782
9941
9929
9982
9898
9872
9994
9891
9970
9757
9930
9886
9811
9834
9912
9758
9714
9763
9298
9333
9843
9853
9921
9893
9651
10000
9782
9893
9796
9781
9848
9860
10000
9783
9883
9923
9886
9948
9912
9865
9855
9903
9829
9930
9948
9930
9916
9806
9937
9836
9902
9911
9949
9836
9766
9920
9709
9744
9948
9673
9842
9816
9965
9932
9853
9836
9981
9909
9799
9970
9877
9983
9834
9869
9780
9934
9849
9584
9901
9923
9444
9943
10000
9867
9859
9932
9941
9519
10000
9912
9949
9938
9720
9906
9714
9877
9851
9906
9861
9867
9848
9909
9548
9909
9860
9923
9778
9852
9870
9968
10000
9961
9824
10000
9649
10000
9997
9848
10000
9867
9912
9883
9830
9924
9865
9708
9781
9994
9917
9918
10000
9947
9818
9488
9852
9799
9719
9913
9959
10000
9899
9885
9900
9974
9786
9866
9838
9923
9898
9970
9936
9897
9799
9944
9839
9852
9498
9947
9797
9696
9990
9969
9899
9896
9830
9994
9890
9806
9863
9936
9847
9882
9755
9884
9896
9698
9709
9902
9891
9922
9923
9944
9734
9767
9819
9821
9896
9863
9787
9955
9955
9886
9933
9710
9989
9987
9885
9993
9878
9795
9909
9862
9657
9928
10000
9942
9934
9891
9946
9839
9910
9855
9911
9956
9871
9980
9695
9928
9908
9948
9663
9981
10000
9931
9865
9940
9940
9888
9663
9845
9683
9665
9838
9877
9862
9904
9940
9914
9883
9841
9953
9909
9564
9857
9957
9941
9921
9874
9868
9852
10000
9836
9894
9820
9935
9943
9660
9980
9832
10000
9891
9840
9480
9857
9824
9767
9860
9720
9876
9904
9996
10000
9980
9791
9679
9598
9891
9744
9904
9758
9835
9818
9698
9926
9958
9839
9980
9911
9608
9883
9828
9876
9673
9948
9889
9807
9368
9942
10000
9945
9857
9945
9691
9831
9869
9792
9890
9900
9888
9842
9948
9748
9910
9936
9482
9833
9924
9922
9905
9811
9822
9618
9982
9788
9949
9823
9849
9894
9916
9950
9755
9806
9970
9825
9754
9818
9764
9892
9853
9965
9970
9918
9905
9700
9965
9811
9888
9901
9939
9785
9879
9678
9743
9780
9776
9824
10000
10000
9980
9797
9868
9907
9747
9853
9957
9938
