9930
10000
9898
9932
9962
9995
9990
9979
9949
9989
9849
9913
9981
9965
9878
9964
9962
9947
9992
9979
9910
9977
9829
9930
9957
9924
9953
9996
10000
9998
9937
9891
9978
9978
9945
9999
9946
9940
9955
9924
9790
9907
9924
9849
10000
9857
9996
9985
9955
9626
9987
9834
9962
9956
9998
9985
9999
9881
9919
9789
9952
9969
9898
9989
9907
9933
9816
9826
9939
9960
9907
9979
9982
9988
9961
9961
9965
9929
9964
9927
9966
9908
9917
9947
9994
9936
9797
9991
9867
9945
9955
9986
9904
9992
9934
10000
9989
9923
9953
9998
9977
9928
9820
9925
9930
9909
9795
9921
9975
9942
9994
9982
9887
9935
9989
9975
9964
9939
9954
9997
9927
9904
9888
9856
9994
9900
9957
9981
9983
9989
9911
9958
9840
9945
9947
9891
9861
9804
9936
9984
9972
9994
9962
9976
9887
9958
9981
9910
9999
9929
9941
9921
9948
9999
9934
9851
9960
9991
9920
9976
9851
9906
9994
9979
9937
9992
9941
9990
9973
9934
9944
9955
9983
9986
9883
9881
9992
9914
9953
9991
9953
9965
9982
9924
9982
9995
9947
9997
9898
9934
9918
9931
9947
9993
9981
9992
9964
9899
9927
9930
9872
9948
9946
9994
9949
9920
9993
9881
9986
9878
9995
9977
9964
9966
9880
9965
9969
9993
9965
9905
9955
9935
9815
9983
9872
9956
9983
9954
9984
9993
9967
9925
9927
9891
9995
9994
9851
9933
9996
9905
9963
9995
9997
9981
9759
9880
9945
9842
9993
9996
9901
9971
9986
9880
9921
9990
9983
9941
9858
9972
9949
9922
9952
9985
9939
9960
9952
9974
9801
9808
9984
9995
9966
9922
9904
9869
9972
9829
9918
9871
9890
9923
9953
9884
9960
9869
9909
10000
9954
9970
10000
9798
9886
9938
9981
9950
9969
10000
9999
9963
9950
9926
9990
9974
9923
9905
9881
9898
9970
9868
9940
9982
9885
9873
10000
9981
9892
9837
9994
9946
9974
9926
9980
9942
9981
9900
9959
9952
9899
9938
9994
9989
9969
9808
9951
9887
9997
9939
9996
9948
9991
9983
9967
9978
9989
9990
9950
9814
9999
9964
9970
9910
9927
9915
9930
9873
9928
9999
9884
9916
9992
9952
9951
9940
9948
9936
9910
9967
9990
10000
9876
9978
9923
9969
9964
9970
9935
9876
9967
9963
9963
9923
9981
9988
9980
9996
9961
9999
9979
9980
9996
9824
9989
9941
9828
9998
9963
9928
9984
9986
9819
9994
9989
9868
9955
9917
9952
9965
9966
9924
9963
9897
9937
9938
9950
9836
9992
9931
9942
9967
9986
9917
9907
9992
9933
9932
9989
9899
9872
9805
9968
9973
9964
9995
9944
9871
9823
9924
9954
9993
9994
9935
9953
9983
9970
9995
9935
9930
9986
9931
9987
9915
9991
9909
9969
9945
9958
9987
9966
10000
9932
9886
9992
9992
9988
9992
9894
9999
9956
9990
9832
9994
9926
9955
9922
9951
9995
9995
9990
9917
9998
9958
9940
9789
9886
9931
9936
9953
9881
9906
9997
9961
9906
9947
9999
9952
9918
9938
9992
9972
9994
9955
9938
9849
9980
9999
9964
9963
9936
9990
9965
9938
9926
9941
9936
9993
9908
9954
9933
9992
9849
9979
9928
9967
9886
9949
9974
9965
9987
9927
9991
9977
9988
9928
9967
9991
9832
9972
9931
9973
9959
9962
9987
9876
9991
9964
9975
9987
9844
9948
9909
9966
9848
9998
9854
9935
9944
9944
9967
9953
9942
9911
9892
9995
9966
9994
9803
9963
9969
9961
9945
9964
9956
9888
9975
9927
9957
9987
9960
9897
9905
9959
9927
9980
9937
9994
9975
9985
9925
9967
9815
9898
9969
9886
9993
9910
9943
9884
9980
9862
9957
9947
9948
9966
9891
9917
9976
9956
9825
9886
9896
9976
9930
9974
9985
9945
9981
9981
9977
9960
9988
9993
9986
9919
9970
9967
9835
9968
9973
9974
9968
9943
9959
9963
9959
9990
9974
9924
9937
9960
9910
9929
9890
9926
9964
9887
9974
9989
10000
9972
9928
10000
9955
9977
9947
9993
9956
9967
9969
9828
9851
9901
10000
9962
9950
9937
9972
9902
10000
9927
9907
9966
9861
9906
9987
9868
9951
9977
9947
9878
9931
9957
9939
9995
9970
9957
9984
9923
9935
9995
9979
9968
9911
9944
9962
10000
10000
9939
10000
9964
9995
9970
9999
9999
9915
9977
9685
9939
9991
10000
9882
9928
9931
9941
9943
9928
9971
9996
9901
9870
9987
9797
9990
9893
9992
9899
9939
9932
9829
10000
9926
9987
9934
9973
9945
9952
9985
9803
9982
9919
9868
9999
9996
9888
9945
9927
9909
9872
9995
9961
9895
9973
9941
9995
9923
9986
9922
9980
9917
9901
9857
9953
9923
9917
9997
9860
9920
9949
9920
9878
9897
9908
9860
9952
9924
9918
9986
9943
9974
9899
9987
9926
9933
10000
9960
9982
9897
9964
9987
9986
9956
9988
9895
9979
9814
9913
9954
9996
9961
9901
9838
9935
9947
9980
9964
9880
9924
9995
9952
9967
9929
9880
9890
9907
9943
9982
9984
9952
9873
9948
9932
9961
9996
9974
9965
9984
9921
9873
9987
9978
9928
9934
9948
9918
9918
9975
9876
9972
9929
9997
9939
9889
9943
9944
9996
9945
9940
9995
9992
9996
9876
9938
9811
9958
9994
9902
9945
9947
9933
9967
9941
9922
9885
9973
9953
9924
9862
9967
9877
9959
10000
9934
9994
9998
9932
9945
9996
9952
9912
9999
9899
9996
10000
9938
9959
9959
9830
9999
9979
10000
9959
9948
9937
10000
9999
9987
9997
9982
9988
9974
9989
9802
9773
9975
9975
9957
9971
9967
9992
9996
9990
9956
9856
9981
9987
9922
9948
9820
9995
9945
9843
9973
9985
9945
9930
9875
9995
9972
9984
9898
9935
9955
9931
9911
9878
9982
9953
9982
9903
9945
9994
9913
9897
9981
9911
9967
9923
9991
9999
9975
9984
9965
9996
9931
9874
9923
9987
9957
9852
9955
9917
9979
9959
9921
9882
9922
9991
9786
9990
9981
9963
9919
9994
9892
9947
9992
9999
9936
9941
9995
9877
9787
9976
9985
9938
9879
9999
9924
9977
9946
9882
9880
9889
9981
9933
9945
9926
9996
9991
9892
