9971
9960
9918
9825
9931
10000
10000
9853
10000
9905
10000
10000
10000
10000
10000
9954
9941
9888
9934
9954
10000
9952
9925
9939
10000
10000
9961
9952
9921
9934
10000
9936
10000
10000
10000
10000
10000
9975
10000
9951
10000
9906
9950
9895
9925
10000
10000
10000
9879
9986
9965
10000
10000
9931
10000
9952
9976
9968
10000
9902
9953
10000
10000
9945
9913
9883
10000
9935
10000
9937
10000
10000
10000
9919
9912
9901
9890
9794
10000
9965
10000
9966
9968
10000
10000
9891
9941
9833
10000
10000
10000
10000
10000
10000
10000
10000
10000
10000
9834
10000
10000
9925
9987
10000
9885
9960
9903
9953
9902
9965
10000
10000
9714
10000
10000
10000
9942
10000
9878
10000
9951
9857
9883
10000
10000
10000
9945
10000
9994
10000
9895
10000
10000
10000
10000
10000
9973
9907
9904
10000
9975
10000
9883
9818
9913
9910
9913
9814
10000
9977
9973
10000
10000
9731
9861
9935
10000
10000
9937
9910
10000
10000
10000
9888
9938
10000
9872
9909
9732
9876
9782
9931
10000
10000
10000
9908
9944
10000
10000
10000
10000
10000
10000
10000
10000
9925
9904
10000
9963
10000
9910
10000
9902
9939
9848
9890
9921
10000
9889
10000
10000
10000
9970
10000
9999
10000
9897
10000
10000
10000
10000
9943
10000
9867
10000
10000
9892
9937
10000
10000
9734
10000
9862
10000
10000
9996
9956
10000
10000
9972
9966
9960
9918
9955
10000
9948
9847
9945
9880
10000
9865
9934
10000
9871
9924
9948
9815
9965
10000
10000
10000
9906
10000
9916
10000
10000
9965
9882
9864
9908
9879
10000
9930
10000
9700
9858
10000
10000
9831
9864
9925
9827
9985
10000
10000
9999
9954
10000
10000
10000
10000
9882
9933
9953
9942
9951
9820
10000
9948
10000
10000
10000
9934
9884
9917
9953
10000
10000
9971
9896
9969
10000
10000
9974
9873
10000
10000
10000
9936
10000
9906
10000
9835
9921
9877
9898
9927
9746
9854
10000
9956
9916
10000
9893
10000
10000
10000
9999
9936
10000
10000
10000
10000
9827
10000
10000
9923
10000
10000
10000
9947
10000
10000
9902
9893
9977
10000
10000
9817
9947
9904
9974
10000
10000
9936
10000
9898
10000
9918
9921
9968
10000
10000
9971
10000
9888
9905
9934
10000
9969
10000
10000
9913
9853
10000
9960
9992
9808
10000
10000
9987
10000
9898
10000
10000
10000
9959
10000
9837
10000
9850
10000
9960
10000
10000
9809
10000
9967
10000
10000
9908
10000
10000
9948
9891
10000
10000
10000
10000
9955
9943
10000
9939
10000
9852
9936
10000
9957
10000
9869
10000
9967
10000
10000
9925
10000
9959
9937
10000
9925
9924
9999
10000
9951
10000
9836
9891
9909
10000
10000
9959
9936
10000
9928
9885
10000
9931
9930
9915
9996
10000
9966
9806
10000
10000
9885
9918
10000
10000
9934
10000
10000
9885
9867
9925
9962
10000
10000
9997
10000
10000
9990
9826
10000
10000
9932
10000
9975
9927
10000
10000
9976
9836
9867
9953
9952
10000
9979
10000
10000
10000
9942
10000
9983
10000
9923
10000
10000
10000
10000
9844
9926
9908
10000
10000
10000
9941
9919
10000
10000
9961
10000
9935
10000
10000
9957
10000
10000
9989
9935
9916
9912
10000
10000
9929
10000
9991
10000
9963
9895
10000
9965
9845
10000
10000
9959
10000
10000
9871
9762
10000
10000
9736
10000
9949
9977
9924
9835
10000
9922
9854
10000
10000
10000
9939
10000
9853
9864
9946
9804
9816
9966
9897
10000
9856
9924
9892
10000
10000
10000
10000
9881
9937
10000
9949
9803
9898
9970
9920
9971
10000
9933
9860
9931
9950
9995
10000
10000
10000
9888
10000
9963
9872
10000
9944
10000
10000
10000
10000
10000
9977
10000
9904
9916
10000
9958
10000
10000
9895
10000
9894
9913
10000
9922
9997
10000
10000
10000
9974
9945
9828
10000
10000
10000
9853
10000
9943
10000
9874
10000
10000
10000
9995
9882
10000
10000
10000
9858
9992
10000
9932
9952
10000
10000
10000
10000
10000
10000
9979
9994
10000
9928
9878
10000
10000
10000
10000
10000
9928
9943
9948
9957
9931
9900
9896
9969
10000
10000
9948
9962
10000
9851
10000
9933
9801
9913
9908
10000
10000
9982
9923
9959
10000
10000
9812
10000
10000
9926
9800
10000
10000
9959
9864
9949
10000
10000
10000
10000
10000
9924
9986
9783
9889
9861
10000
9884
10000
9906
10000
9887
10000
10000
10000
9955
10000
9774
9942
10000
9863
10000
9900
9996
10000
10000
9975
10000
9910
9922
10000
10000
10000
9903
9812
9891
9891
9882
9894
10000
9916
9886
9867
10000
10000
10000
9870
9952
10000
10000
9946
10000
10000
9901
10000
10000
10000
10000
9984
9951
9891
10000
10000
10000
10000
9954
10000
10000
10000
9903
10000
9878
9931
9965
9921
9826
9970
9935
9896
9837
9851
9910
9930
10000
10000
10000
9920
9878
10000
9933
10000
9846
10000
9991
10000
9829
9935
9905
9883
9969
9928
9916
9930
10000
10000
9979
9953
9772
10000
9883
9861
9918
9949
9868
9895
10000
9798
10000
9849
10000
10000
10000
10000
10000
9939
10000
9859
9956
9821
9995
9819
9821
9921
9986
9996
9920
10000
9942
9976
9784
10000
10000
9927
9800
10000
9797
9865
9970
10000
10000
10000
9902
9891
10000
10000
9943
10000
10000
10000
10000
10000
9910
9835
9807
9864
9848
9904
10000
10000
9998
9959
10000
9810
9919
9933
9796
10000
10000
10000
10000
10000
9974
9827
10000
9769
10000
9999
9955
9821
9877
9878
9936
10000
9918
10000
10000
9931
9869
10000
10000
9976
10000
10000
9823
9893
10000
10000
9931
10000
9910
9800
9948
9944
9920
10000
10000
10000
9903
10000
10000
10000
9874
9929
10000
9887
10000
10000
10000
10000
10000
10000
9876
9963
9938
10000
10000
9998
9952
10000
9984
10000
9877
9869
10000
9844
9890
10000
9898
9889
10000
10000
10000
9748
9998
10000
9986
9984
10000
9906
9978
10000
10000
10000
9989
10000
9904
9926
10000
9874
10000
9936
9873
9889
9925
10000
10000
10000
9927
10000
9826
9851
10000
10000
9918
9842
9885
10000
10000
10000
9875
10000
9921
10000
10000
10000
10000
9870
10000
9931
9890
9907
9948
