9926
9952
9944
9942
9948
9852
9895
9894
9916
9914
9883
10000
9907
9935
9877
9794
9951
9749
9910
9860
9951
9934
9952
9904
9910
9814
9976
9944
9987
9905
9922
9959
9887
9872
9886
9894
9948
9929
9897
9976
9959
9880
9970
9949
9919
9814
9938
10000
9786
9908
9952
9890
9996
9777
9910
9935
9914
9913
9871
9965
9980
9960
9763
9996
9835
9821
9953
9909
9948
9932
9806
9838
9882
9998
9844
9919
9922
9969
9899
9883
9968
9848
9924
9891
9888
9819
9996
9933
9923
9941
9855
9754
9929
9879
9914
9934
9946
9897
9773
9971
9912
9816
9936
9936
9879
9950
9991
9953
9941
9941
9952
9852
9938
9920
9996
9824
9886
9906
9886
9857
9896
9893
9851
9927
9956
9899
9925
9959
9958
9966
9921
9941
9852
9977
9896
9916
9923
9884
9924
9985
9962
9872
9940
9859
9962
9862
9942
9937
9963
9844
9989
9893
9815
9988
9918
9993
9829
9725
9897
9924
9927
9887
9813
9907
9942
9932
9891
9927
9940
9922
9960
9905
9873
9944
9835
9982
9960
9949
9945
9897
9880
9928
9953
9974
9951
9933
9857
9953
9811
9958
9919
9882
9952
9797
9927
9908
9830
9813
10000
9932
9952
9919
9897
9865
9894
9915
9943
9890
9878
9923
9909
9903
9966
9947
9922
9919
9900
9938
9940
9821
9893
9919
9993
9928
9944
9868
9937
9933
9951
9948
9922
9875
9895
9942
9952
9838
9849
9962
9878
9821
9959
9882
9979
9898
9830
9894
9788
9784
9965
9926
9909
9910
9881
9966
9928
9988
9889
9913
9945
9894
9900
9851
9868
9968
9927
9941
9962
9918
9941
9911
9978
9887
9973
9829
9868
9860
9919
9917
9789
9833
9977
9906
9981
9883
9972
9801
10000
9948
9904
9806
9917
9875
9819
9980
9804
9940
9959
9887
9843
9869
9992
9948
9958
9944
9838
9868
9757
9964
9869
9931
9857
9923
9962
9982
9891
9926
9904
9929
9916
9891
9908
9966
9842
9950
9966
9968
9893
9950
9915
9824
9878
9748
9941
9893
9979
9931
9951
9905
9815
9972
9937
9968
9939
9898
9924
9928
9810
9835
9827
9841
9985
9871
9915
9848
9855
9925
9874
9987
9965
9978
9957
9963
9948
9900
9863
9869
9891
9934
9916
9922
9818
9956
9917
9850
9941
9917
9934
9863
9895
9967
9911
9941
9847
9859
9916
9913
9971
9946
9939
9966
9942
9897
9916
9950
9901
9899
9887
9925
9940
9927
9853
9912
9956
9933
9984
9917
9960
9890
9875
9927
9960
9932
9928
9903
9944
9795
9830
9841
9885
9868
9975
9878
9963
9804
9956
9890
9873
9985
9915
9841
9917
9968
9898
9883
9952
9858
9904
9965
9966
9984
9865
9810
9882
9849
9928
9780
9914
9968
9910
9873
9949
9902
9876
9970
9916
9854
9913
9822
9934
9851
9918
9750
9935
9807
9922
9886
9917
9942
9900
9992
9911
9918
9922
9947
9870
9860
9942
9853
9900
9988
9871
9926
9935
9862
9961
9940
9886
9856
9980
9934
9916
9965
9891
9874
9888
9904
9957
9975
9914
9771
9939
9884
9766
9869
9896
9824
9873
9922
9933
9971
9945
9884
9933
9916
9966
9960
9939
9810
9974
9945
9842
9915
9913
9760
9956
9921
9947
9944
9888
9889
9939
9887
9834
9983
9844
9908
9840
9946
9997
9928
9889
9853
9869
9910
9970
9743
9899
9885
9837
9972
9962
9960
9954
9914
9995
9783
9935
9998
9960
9978
9875
9960
9968
9892
9832
9880
9964
9917
9950
9962
9875
9834
9860
9896
9890
9905
9799
9871
9863
9919
9906
9839
9886
9938
9939
9843
9948
9909
9950
9960
9859
9900
9924
9922
9956
9801
9911
9869
9884
9956
9955
9950
9950
9933
9870
9921
9943
9863
9895
9936
9875
9911
9883
9813
9882
9883
9582
9822
9950
9949
9984
9869
9977
9942
9979
9977
9956
9896
9895
9964
9841
9969
9902
9916
9941
9966
9736
9880
9962
9961
9807
9872
9921
9876
9845
9869
9921
9897
9939
9947
9882
9919
9934
9889
9903
9954
9976
9934
9904
9890
9885
9916
9910
9796
9763
9808
9939
9904
9906
9865
9889
9846
9919
9921
9925
9826
9885
9794
9827
9959
9869
9916
9964
9890
9885
9934
9907
9902
9960
9927
9990
9899
9873
9882
9865
9939
9939
9895
9907
9872
9980
9888
9917
9957
9933
9841
9852
9945
9941
9899
9918
9931
9947
9952
9874
9853
9947
9883
9950
9939
9879
9949
9886
9849
9945
9977
9780
9925
9976
9897
9945
9902
9853
9994
9965
9938
9961
9918
9934
9965
9930
10000
9908
9977
9926
9959
9904
9867
9996
9849
9873
9915
9899
10000
9881
9883
9920
9900
9938
9936
9878
9817
9950
9927
9923
9862
9762
9901
9904
9948
9912
9946
9942
9893
9928
9925
9943
9888
9838
9826
9945
9876
9922
9930
9776
9971
9932
9939
9988
9971
9997
9888
9912
9810
9863
9861
9928
9928
9915
9946
9918
9931
9882
9994
9918
9841
9996
9802
9918
9894
9901
9953
9892
9933
9879
9932
9963
9886
9995
9849
9870
9832
9942
9818
9904
9945
9903
9901
9978
9938
9871
9896
9950
9998
9947
9799
9940
9952
9914
9887
9842
9984
9923
9919
9893
9846
9842
9839
9922
9796
9864
9788
9857
9937
9859
9905
9904
9781
9855
9851
9940
9835
9833
9898
9906
9999
9910
9939
9930
9893
9949
9834
9897
9939
9944
9855
9922
9882
9915
9941
9914
10000
9828
9947
9973
9785
9824
9890
9759
9908
9907
9959
9861
9901
9864
9890
9851
9984
9825
9952
9893
9955
9882
9750
9926
9881
9963
9849
9960
9986
9828
9914
9911
9995
9956
9903
9811
9853
9897
9917
9917
9885
9872
9888
9947
9928
9852
9931
9990
9875
9943
9937
9853
9978
9962
9925
9885
9924
9963
9897
9919
9896
9863
9924
9847
9900
9962
9867
9855
9945
9876
9884
9900
9872
9919
9893
9915
9981
9999
9791
9940
9868
9833
10000
9929
9928
9922
9897
9936
9857
9837
9941
9997
9788
9873
9834
9886
9896
9917
9889
9968
9946
9816
9910
9953
9938
9956
9901
9877
9878
9890
9897
9890
9953
9873
9897
9917
9793
9845
9900
