9892
9825
9853
9837
9808
9921
9860
9957
9976
9929
9876
9905
9924
9802
9845
9877
9950
9945
9855
9850
9907
9816
9907
9832
9910
9910
9916
9860
9944
9974
9934
9686
9914
9842
9985
9827
9915
9888
9868
9814
9994
9988
9899
9895
9982
9931
9841
9943
9824
9985
9941
9931
9892
9927
9989
9944
9931
9878
9912
9972
9877
9907
9862
9836
9922
9902
9914
9872
9901
9779
9916
9879
9969
9962
9818
9863
9760
9816
9840
9834
9956
9911
9795
9920
9872
9714
9832
9958
9962
9863
9961
9921
9872
9923
9992
9906
9886
9835
9938
9793
9848
9837
9950
9861
9872
9944
9893
9954
9863
9906
9892
9905
9887
9888
9880
9948
9862
9923
9918
9768
9943
10000
9981
9992
9919
9839
9889
9932
9801
9913
9928
9979
9904
9854
9897
9938
9989
9944
9881
9933
9941
9890
9927
9934
9894
9880
9936
9894
9910
9877
9959
9827
9936
9870
9926
9857
9915
9919
9888
9855
9798
9913
9950
9894
9897
9939
9823
9867
9902
9893
9924
9844
9921
9931
9791
9970
9905
9938
9867
9915
9951
9975
9865
9902
9838
9953
9897
9964
9851
9879
9955
9993
9908
9838
9939
9923
9850
9963
9922
9922
9946
9893
9929
9708
9835
9847
9919
9935
9744
10000
9782
9995
9944
9964
9887
9995
9867
9924
9931
9879
9895
9962
9842
9908
9842
9954
9845
9936
9923
9820
9810
9829
9921
9957
9822
9873
9945
9912
9980
9960
9945
9961
9797
9899
9919
9876
9947
9783
9938
9937
9872
9836
9832
9884
9780
9989
9901
9909
9943
9843
9886
9957
9833
9902
9898
9871
9905
9844
9918
9922
9855
9954
9940
9932
9998
9894
9869
9958
9975
9903
9894
9913
9995
9931
9893
9909
9967
9972
9769
9905
9930
9926
9861
9900
9839
9910
9857
9899
9787
9874
9897
9964
9935
9713
9916
9752
9962
9942
9905
9625
9870
9863
9921
9921
9814
9896
9878
9898
9920
9909
9889
9809
9916
9931
9968
9959
9849
9961
9925
9881
9918
9849
9837
9882
9878
9832
9832
9948
9906
9917
9905
9838
9993
9948
9943
9900
9959
9945
9946
9848
9967
9900
9963
9902
9950
9927
9884
9986
9898
9922
9963
9773
9936
9968
9938
9991
9887
9914
9881
9932
9953
9928
9897
9939
9915
9836
9931
9900
9884
9900
9928
9865
9817
9969
9985
9963
9857
9799
9896
9971
9911
9858
9954
9850
10000
9906
9821
9848
9652
9932
9945
9889
9885
9888
9873
9900
9963
9971
9937
9933
9900
9925
9838
9901
9877
9893
9952
9926
9830
9825
9953
9873
9870
9998
9893
9836
9873
9917
9977
9696
9952
9875
9920
9814
9727
9916
9868
9958
9927
9931
9938
9922
9894
9856
9812
9941
9929
9951
9883
9678
9836
9998
9968
9630
9889
9825
9922
9967
9917
9910
9862
9833
9999
9874
9951
9927
9881
9837
9860
9947
9863
9820
9884
9924
9724
9933
9921
9875
9920
9904
9754
9920
9926
9911
9925
9929
9912
9864
9882
9885
9985
9902
9886
9958
9943
9982
9889
9970
9904
9993
9918
9999
9963
9946
9945
9880
9906
9775
9936
9933
9856
9923
9914
9887
9882
9891
9916
9905
9976
9808
9906
9890
9920
9952
9887
9877
9926
9987
9915
9855
9910
9934
9949
9851
9914
9910
9910
9969
9916
9926
9949
9910
9933
9845
9956
9815
9998
9907
9964
9898
9926
9795
9961
9918
9889
9759
9958
9971
9950
9926
9872
9920
9912
9862
9891
9926
9703
9888
9941
9897
9994
9885
9870
9869
9952
9721
9881
9916
9937
9939
9935
9875
9882
9900
9972
9891
9938
9894
9887
9956
9916
9944
9954
9852
9955
9986
9953
9933
9843
9875
9966
9898
9912
9740
9765
9853
9917
9862
9949
9807
9860
9915
9934
9864
9914
9883
9924
9933
9986
9967
9936
9771
9964
9898
9803
9940
9911
9913
9959
9948
9894
9962
9727
9943
9959
9765
9994
9854
9921
9948
9957
9901
9955
9800
9844
9864
9866
9814
9937
9929
9950
9948
9877
9831
9965
9781
9910
9994
9911
9896
9975
9989
9952
9923
9905
9850
9885
9901
9648
9860
9830
9902
9915
9944
9882
9920
9854
9958
9892
9870
9825
9979
9998
9911
9953
9884
9960
9929
9833
9967
9946
9999
9907
9847
9954
9871
9949
9900
9954
9871
9884
9882
9956
9948
9870
9903
9836
9908
9871
9957
9933
9967
9915
9918
9962
9837
9923
9869
9878
9834
9891
9953
9748
9889
9903
9940
9885
9950
9939
9851
9905
9839
9935
9967
9997
9960
9874
9950
9923
9898
9855
9948
9864
9899
9900
9878
9909
9950
9921
9916
9956
9877
9929
9911
9999
9786
9838
9955
9985
9802
9971
9969
9962
9895
9895
9893
9908
9968
9885
9799
9949
9836
9931
10000
9909
9841
9872
9937
9964
9839
9929
9940
9823
9868
9937
9901
9976
9832
9919
9900
9936
9929
9899
9909
9986
9991
9791
9827
9972
9976
9890
9903
9948
9963
9870
9829
9964
9887
9924
9894
9900
9898
9869
9951
9870
9912
9887
9856
9905
9973
9910
9966
9885
9925
9936
9889
9968
9886
9985
9887
9934
9810
9857
9849
9878
9915
9975
9954
9952
9884
9870
9944
9874
9877
9892
9929
9980
9936
9903
9927
9912
9846
9860
9980
9954
9906
9989
9992
9843
9913
9969
9935
9990
9905
9891
9812
9933
9926
9919
9908
9919
9932
9956
9956
9930
9953
9658
9970
9811
9921
9918
9948
9967
9877
9879
9937
9921
9941
9950
9871
9939
9956
9971
9977
9746
9931
9838
9892
9849
9862
9923
9887
9901
9813
10000
9907
9925
9888
9903
9879
9940
9855
9909
9869
9976
9855
9987
9883
9945
9908
9918
9891
9981
9810
9713
9940
9959
9957
9967
9949
9900
9880
9993
9870
9854
9932
9959
9917
9965
9867
9908
9933
9976
9922
9950
9950
9900
9848
9905
9796
9865
9953
9937
9839
9918
9892
9783
9901
9880
9832
9896
9889
9925
9853
9884
9800
9850
9988
9838
9882
9961
9834
9864
9903
9965
9923
9886
9905
9856
9968
9819
9806
9929
9911
9956
9960
9825
9835
9944
9931
9955
9854
9699
9860
9889
9948
9865
9865
9921
9948
