9967
9946
9875
9844
9835
9933
9994
9892
9958
9904
9828
9779
9966
9828
9883
9828
9928
9869
9850
9907
9870
9932
9852
10000
9856
9955
9921
9910
9872
9814
9969
10000
9957
9953
9811
9616
9981
9911
9892
9797
9916
9956
9870
9859
9864
9913
9863
9772
9915
9914
9879
9842
9892
9915
9935
9946
9956
9942
9795
9934
9872
9915
9880
9956
9892
9862
9891
9852
10000
9928
9913
9928
9817
9926
9796
9902
9937
9952
9944
9950
9820
9848
9881
9846
9779
9896
9969
9982
9885
9905
9959
9807
9947
9944
9838
9983
9836
9957
9955
9784
9954
9894
9912
9967
9942
9869
9929
9837
9945
9902
9892
9923
9915
9965
9733
9891
9936
9899
9902
9887
9920
9903
9880
9925
9931
9914
9939
9903
9883
9823
9906
9989
9870
9855
9912
9962
9956
9940
9959
9890
9896
9817
9845
9924
9862
9876
9811
9989
9890
9879
9808
9928
9917
9936
9861
9941
9797
9964
9928
9900
9909
9945
9978
9937
9911
9901
9957
9838
9918
9932
9949
9935
9824
9922
9943
9931
9904
9869
9900
9915
9909
9755
9945
9958
9793
9946
9889
9950
9944
9867
9938
9907
9929
9917
9887
9950
9922
9952
9987
9901
9784
9924
9950
9965
9897
9951
9842
9954
9847
9871
9840
9915
9901
9880
9947
9929
9966
9900
9860
10000
9928
9860
9755
9992
9839
9932
9860
9899
9948
9920
9890
9862
9911
9740
9977
9879
9813
9897
9881
9862
9878
9777
9945
9961
9978
9891
9941
9924
9970
9985
9598
9831
9966
9916
9898
9965
9885
9884
9969
9901
9948
9960
9827
9726
9826
9922
9866
9960
9982
9856
9929
9916
9895
9907
9913
9948
9856
9989
9925
9962
9976
9951
9920
9946
9875
9986
9901
9958
9982
9865
9974
9911
9881
9902
9956
9935
9970
9869
9911
9949
9896
9865
9955
9896
9919
9796
9887
9945
9855
9907
9813
9926
9919
9988
9910
9854
9911
9922
9865
9904
9908
9983
9903
9910
9843
9919
9768
9856
9910
9864
9982
9791
9908
9919
9860
9856
9922
9974
9928
9901
9894
9828
9816
9853
9902
9986
9914
9966
9923
9909
9842
9946
9826
9954
9971
9970
9863
9913
9955
9955
9873
9989
9953
9933
9983
9838
9992
9924
9837
9866
9896
9896
9959
9967
9897
9893
9927
9953
9914
9977
9774
9873
9932
9892
9904
9856
9930
9916
9850
9901
9872
9878
9837
9765
9921
9970
9877
9949
9904
9796
9834
9927
9935
9890
9828
9890
9952
9901
9963
9894
9951
9988
9929
9904
9939
9966
9974
9950
9949
9896
9977
9783
9835
9917
9994
9892
9955
9998
9966
9899
9846
9943
9993
9953
9746
9940
9919
9849
9908
9966
9907
9932
9966
9922
9798
9914
9963
9835
9820
9705
9919
9883
9936
9987
9865
9939
9846
9947
9861
9908
9861
9866
9926
9915
9901
9941
9940
9844
9931
9841
9903
9906
9867
9930
9885
9898
9886
9970
9909
9728
9940
9809
9909
9969
9878
9872
9872
9847
9826
9884
9914
9875
9827
9843
9763
9852
9973
9882
9957
9913
9874
9945
9962
9880
9998
9883
9921
9945
9952
9938
9978
9982
9923
9984
9904
9861
9933
9886
9842
9941
9744
9917
9943
9947
9894
9889
9940
9898
9955
9819
9933
9957
9921
9946
9965
9696
9861
9874
9937
9873
9970
9906
9918
9863
9887
9749
9877
9925
9913
9856
9995
9918
9952
9874
9836
9910
9886
9923
9934
9805
9791
9942
9939
9906
9974
9929
9877
9978
9964
9793
9928
9990
9969
9989
9924
9794
9778
9934
9979
9879
9903
9964
9929
9853
9961
9948
9851
9875
9951
9904
9961
9858
9889
9900
9894
9880
9892
9998
9956
9831
9927
9956
9898
9949
9794
9722
9972
9883
9925
9912
9877
9959
9891
9942
9970
9918
9897
9874
9907
9931
9957
9873
9820
9899
9862
9852
9978
9889
9930
9889
9820
9913
9797
9991
9951
9857
9927
9921
9918
9908
9847
9883
9970
9939
9958
9954
9972
9910
9769
9926
9917
9959
9773
9989
9944
9946
9923
9866
9929
9875
9802
9942
9924
9878
9975
9926
9836
9925
9865
9924
9859
9799
9895
9940
9966
9998
9913
9926
9992
9950
9901
9816
9903
9957
9918
9918
9969
9879
9928
9853
9998
9861
9961
9974
9893
9939
9908
9900
9971
9785
9958
9905
9888
9816
9928
9886
9914
9871
9964
9904
9869
9872
9791
9905
9953
9956
9937
9858
9791
9916
9869
9915
9865
9979
9929
9899
9801
9815
9860
9918
9893
9938
9912
9940
9856
9915
9952
9861
9898
9918
9949
9924
9929
9960
9863
9885
9916
9931
9749
9907
9949
9924
9927
9894
9905
9940
9917
9930
9930
9865
9945
9972
9925
9982
9810
9979
9855
9821
9919
9813
9947
9938
9967
9881
9933
9968
9917
9804
9932
9923
9880
9944
9778
9959
9798
9832
9949
9892
9964
9920
9905
9912
9888
9878
9923
9850
9890
9931
9856
9893
9953
9967
9782
9894
9902
9943
9936
9861
9953
9838
9887
9898
9919
9849
9973
9906
9857
9891
9952
9913
9863
9841
9924
9795
9930
9970
9970
9890
9906
9864
9928
9937
9919
9869
9918
9893
9904
9955
9962
9915
9935
9943
9945
9964
9939
9973
9832
9914
9817
9938
9770
9912
9922
9932
9833
9948
9915
9848
9905
9881
9756
9893
9892
9893
9950
9961
9896
9920
9898
9805
9898
9879
9946
9853
9980
9913
9902
9911
9997
9900
9957
9733
9980
9918
9948
9990
9831
9919
9870
9879
9935
9858
9866
9810
9886
9780
9883
9824
9787
9868
9859
9868
9836
9888
9802
9957
9742
9970
9969
9969
9931
9980
9932
9809
9885
9968
9863
9961
9974
9900
9923
9874
9949
9885
9871
9935
9954
9902
9899
9947
9958
9957
9852
9955
9872
9839
9739
9949
9998
9931
9968
9774
9912
9921
9869
9964
9958
9994
9825
9903
9887
9898
9941
9945
9866
9823
9968
9938
9942
9906
9871
9897
9995
9919
9923
9907
9928
9782
9934
9877
9884
9896
9962
9946
9821
9876
9906
9878
9941
9929
9912
9745
9966
9934
9878
9862
9994
9948
9853
9936
9897
9892
9766
9816
9917
9870
9947
9909
9996
9912
