9913
9664
9961
9846
9845
9987
9887
9967
9923
9818
9983
9980
9943
9957
9934
9881
9958
9852
9917
9993
9939
9917
9898
9965
9949
9899
9925
9924
9919
9958
9713
9911
9876
9927
9940
9845
9854
9874
9748
9978
9850
9953
9976
9935
9892
9798
9912
9891
9944
9888
9718
9854
9989
9918
9879
9945
9927
9899
9800
9911
9921
9931
9918
9995
9849
9878
9909
9820
9926
9856
9864
9835
9992
9893
9926
9952
9980
9900
9840
9882
9873
9947
9859
9889
9897
9808
9902
9896
9964
9925
9935
9891
9886
9905
9933
9906
9922
9932
9948
9872
9899
9810
9903
9927
9964
9948
9958
9963
9807
9954
9936
9974
9811
9992
9973
9840
9815
9855
9955
9918
9910
9790
9922
9969
9931
9904
9920
9939
9839
9927
9938
9959
9974
9940
9928
9965
9898
9965
9906
9950
9916
9898
9863
9965
9831
9961
9798
9950
9802
9922
9921
9960
9927
9915
9908
9775
9906
9930
9853
9818
9923
9727
9899
9928
9903
9961
9951
9967
9923
9939
9927
9908
9916
9844
9949
9949
9950
9997
9837
9964
9931
9929
9890
9942
9879
9951
9877
9955
9995
9738
9896
9929
9919
9883
9955
9995
9928
9865
9928
9827
9891
9851
9922
9895
9956
9859
9922
9865
9922
9956
9912
9929
9903
9937
9954
9820
9848
9986
9898
9901
10000
9969
9901
9924
9969
9891
9840
9886
9926
9985
9935
9928
9933
9895
9853
9981
9995
9957
9912
9901
9915
9885
9860
9858
9974
9881
9900
9947
9891
9961
9961
9991
9912
9917
9773
9950
9911
9925
9867
9912
9851
9917
9930
9790
9941
9939
9989
9885
9887
9968
9968
9842
9863
9870
9936
9960
9934
9980
9958
9956
9936
9910
9854
9894
9968
9915
9861
9993
9939
9863
9788
9956
9926
9814
9952
9919
9977
9941
9844
9819
9880
9903
9945
9802
9951
9899
9921
9805
9922
9927
9882
9906
9952
9931
9890
9892
9937
9975
9999
9859
9933
9965
9959
9930
9949
9938
9954
9962
9849
9921
9936
9940
9974
9840
9992
9950
9870
9965
9958
9895
9957
9925
9869
9907
9869
9896
9904
9842
9935
9999
9932
9947
9899
9902
9965
9820
9878
9932
9885
9935
9870
9803
9894
9851
9869
9911
9880
9887
9937
9970
9876
9815
9774
9901
9943
9953
9827
9847
9838
9954
9938
9843
9955
9907
9984
9981
9849
9974
9953
9938
9828
9967
9953
9850
9890
9958
9832
9964
9964
9962
9948
9973
9906
9788
9994
9937
9940
9807
9838
9936
9950
9931
9996
9951
9897
9938
9730
9873
9883
9948
9913
9995
9882
9960
9907
9913
9923
9916
9936
9927
9821
9904
9921
9943
9978
9848
9896
9812
9928
9942
9934
9942
9844
9870
9948
9952
9995
9972
9930
9919
9965
9977
9987
9894
9833
9905
9880
9949
9906
9811
9952
9954
9941
9935
9942
9867
9918
9802
9933
9928
9965
9931
9970
9879
9906
9905
9907
9895
9844
9816
9971
9944
9960
9820
9911
9917
9965
9838
9870
9814
9984
9786
9921
9931
9910
9919
9853
9971
9954
9763
9917
9980
9893
9879
9830
9926
9898
9922
9948
9945
9744
9944
9826
9841
9904
9844
9916
9846
9978
9897
9848
9937
9906
9944
9959
9891
9916
9896
9733
9925
9920
9832
9964
9957
9864
9770
9973
9843
9942
9990
9882
9837
9848
9993
9836
9969
9804
9952
9821
9930
9877
9861
9967
9936
9933
9890
9909
9866
9964
9961
9847
9985
9857
9789
9895
9937
9914
9951
9908
9971
9912
9877
9943
9921
9990
9954
9934
9870
9890
9887
9941
9938
9894
9973
9822
9809
9947
9836
9942
9903
9956
9872
9972
9863
9926
9801
9930
9878
9874
9910
9883
9873
9938
9899
9919
9762
9991
9876
9986
9788
9887
9901
9933
9907
9715
9828
9743
9884
9806
9864
9974
9779
9936
9917
9846
9839
9909
9970
9906
9932
9909
9990
9947
9912
9954
9923
9974
9951
9936
9894
9987
9902
9821
9940
9882
9938
9930
9886
9878
9987
9806
9947
9899
9838
9856
9996
9928
9841
9919
9841
9882
9895
9983
9846
9955
9853
9999
9884
9857
9875
9851
9996
9857
9952
9892
9909
9870
9975
9905
9916
9852
9869
9818
9913
9902
9936
9847
9948
9942
9898
9963
9848
9948
9979
9959
9943
9963
9808
9986
9817
9939
9959
9823
9973
9973
9853
9898
9941
9939
9927
9947
9903
9921
9931
9955
9862
9968
9821
9926
9781
9886
9846
9925
9853
9913
9963
9786
9967
9831
9944
9943
9900
9965
9951
9967
9893
9849
9888
9935
9968
9897
9827
9968
9846
9887
9913
9924
9785
9906
9909
9936
9907
9953
9961
9865
9872
9842
9890
9838
9813
9935
9888
9934
9939
9920
9717
9852
9907
9910
9908
9843
9815
9952
9873
9984
9853
9868
9925
9920
9782
9956
9964
9794
9886
9893
9969
9905
9968
9922
9867
9922
9923
9875
9678
9909
9878
9954
9876
9989
9934
9999
9953
9932
9893
9884
9923
9872
9915
9932
9875
9824
9914
9966
9916
9944
9921
9918
9917
9819
9870
9874
9861
9933
9954
9966
9963
9833
9870
9900
9840
9882
9927
9921
9877
9806
9897
9870
9918
9995
9945
9943
9970
9856
9819
9925
9967
9954
9995
9828
9809
9853
9932
9894
9941
9956
9917
9987
9974
9881
9910
9887
9868
9845
9980
9859
9832
9870
9916
9899
9940
9937
9951
9922
9818
9904
9891
9926
9806
9955
9804
9837
9899
9931
9942
9987
9960
9915
9981
9968
9914
9887
9946
9953
9791
9861
9937
9820
9820
9967
9929
9913
9933
9899
9910
9934
9936
9945
9881
9758
9907
9908
9911
9876
9881
9934
9842
9936
9910
9940
9887
9785
9898
9869
9997
9989
9960
9921
9918
9769
9938
9765
9919
9778
9945
9958
9904
9879
9846
9896
9792
9856
9928
9894
9946
9818
9903
9928
9902
9918
9868
9851
9911
9817
9909
9781
9974
9969
9978
9833
9840
9818
9923
9976
9858
9780
9894
9808
9869
9924
9960
9894
9887
9890
9936
9855
9972
9897
9848
9869
9933
9905
9831
9932
9767
9937
9988
9904
9944
9821
9897
9925
9883
9840
9929
9876
9913
9897
9911
9880
9785
