9910
9769
9949
9872
9912
9852
9959
9991
9914
9874
9891
9900
9799
9965
9937
9910
9886
9892
9948
9942
9854
9903
9999
9964
9924
9911
9909
9883
9745
9877
9945
9932
9891
9865
9924
9927
9853
9897
9865
9910
9931
9934
9942
9953
9980
9917
9877
9833
9908
9892
9922
9822
9869
9961
9915
9970
9888
9906
9932
9903
9885
9810
9956
9978
9872
9824
9867
9863
9883
9798
9948
9972
9802
9870
9932
9923
9927
9861
9944
9908
9932
9952
9952
9802
9860
9953
9961
9874
9985
9846
9911
9845
9971
9899
9948
9882
9977
9926
9911
9949
9905
9903
9929
9926
9853
9838
9882
9842
9861
9847
9916
9845
9993
9903
9969
9940
9853
9970
9937
9816
9913
9834
9918
9901
9966
9934
9952
9842
9924
9998
9906
9911
9927
9953
9871
9919
9916
9983
9915
9750
9839
9930
9922
9916
9908
9960
9907
9895
9803
9894
9906
9915
9905
9932
9934
9888
9929
9890
9935
9902
9886
9883
9928
9909
9999
9956
9874
9756
9965
9870
9930
9690
9958
9867
9992
9951
9939
9930
9911
9904
9891
9995
9981
9930
9997
9928
9933
9944
9972
9901
9897
9825
9771
9941
9879
9798
9925
9980
9819
9881
9949
9947
9987
9862
9889
9848
9905
9949
9945
9924
9935
9920
9912
9919
9908
9859
9764
9892
9917
9858
9974
9923
9888
9969
9858
9872
9943
9872
9923
9965
9765
9869
9928
9956
9846
9849
9859
9922
9920
9893
9923
9912
9820
9876
9885
9917
9860
9894
9898
9920
9834
9800
9979
9955
9944
9885
9818
9917
9780
9916
9945
9937
9943
9848
9893
9918
9962
9912
9927
9824
9939
9899
9883
9965
9913
9881
9827
9950
9859
9971
9924
9763
9949
9904
9986
9919
9997
9919
9916
9875
9853
10000
9759
9948
9960
9937
9775
9970
9907
9810
9965
9895
9941
9933
9706
9932
9867
9959
9882
9935
9981
9945
9969
9898
9924
9830
9907
9922
9881
9846
9963
9946
9866
9876
9970
9913
9938
9944
9789
9927
9928
9865
9881
9742
9875
9873
9845
9885
9953
9923
9976
9992
9877
9863
9946
9850
9896
9917
9880
9865
9929
9990
9794
9798
9956
9956
9967
9913
9901
9852
9922
9889
9867
9911
9874
9998
9930
9924
9889
9949
9930
9953
9943
9769
9812
9837
9892
9927
9915
9925
9868
9833
9825
9957
9871
9860
9814
9892
9982
9908
9872
9872
9953
9909
9912
9899
9904
9923
9890
9951
9912
9867
9981
9878
9742
9927
9977
9835
9909
9852
9929
9974
9850
9964
9996
9942
9843
9949
9829
9975
9881
9836
9969
9939
9881
9957
9944
9939
9861
9782
9965
9937
9859
9874
9905
9882
9826
9926
9853
9812
9870
9836
9858
9985
9943
9859
9963
9870
9971
9930
9909
9980
9963
9785
9864
9936
9731
9874
9926
9965
9912
9933
9891
9807
9910
9739
9878
9867
9793
9923
9859
9889
9933
9825
9852
9788
9959
9881
9980
9843
9961
9879
9889
9877
9934
9902
9944
9771
9904
9902
9878
9848
9897
9931
9885
9922
9865
9850
9910
9887
9803
9975
9982
9975
9956
9936
9938
9898
9947
9837
9888
9686
9961
9923
9880
9891
9815
9983
9874
9913
9945
9956
9747
9984
9923
9920
9912
9757
9833
9909
9966
9975
9910
9863
9974
9989
9968
9894
9929
9941
9799
9895
9849
9912
9978
9838
9958
9986
9920
9867
9945
9858
9920
9915
9912
9946
9984
9894
9920
9925
9924
9918
9993
9923
9788
9911
9932
9869
9960
9980
9952
9851
9957
9995
9937
9999
9952
9785
9963
9991
9898
9903
9941
9955
9942
9881
9910
9875
9818
9792
9947
9955
9946
9941
9957
9942
9931
9738
9946
9944
9967
9907
9951
9959
9993
9987
9947
9833
9918
9830
9894
9904
9891
9960
9944
9994
9968
9795
9935
9954
9963
9904
9789
9979
9933
9950
9927
9942
9919
9871
9927
10000
9998
9953
9903
9918
9821
9846
9980
9926
9924
9808
9933
9936
9962
9974
9804
9961
9753
9839
9868
9847
9879
9933
9942
9955
9959
9905
9901
9937
9944
9942
9862
9897
9969
9804
9868
9875
9986
9942
9957
9941
9935
9917
9935
9822
9868
9904
9914
9956
9917
9862
9781
9895
9985
9912
9929
9873
9958
9792
9901
9945
9970
9930
9898
9783
9905
9959
9961
9914
9970
9955
9905
9914
9921
9850
9953
9957
9917
9878
9945
9911
9950
9959
9979
9913
9834
9984
9931
9805
9835
9970
9896
9935
9944
9857
9933
9899
9897
9871
9969
9905
9880
9920
9886
9831
9929
9916
9948
9820
9834
9905
9777
9972
9996
9998
9879
9892
9886
9898
9971
9960
9928
9915
9968
9948
9775
9934
9909
9845
9899
9934
9913
9949
9865
9836
9941
9918
9960
9900
9937
9856
9952
9949
9846
9773
10000
9871
9960
9851
9997
9912
9922
9981
9933
9909
9925
9783
9830
9921
9874
9864
9841
9948
9938
9926
9908
9954
9936
9999
9927
9983
9930
9919
9884
9781
9932
9925
9844
9916
9861
9840
9928
9943
9918
9964
9927
9925
9973
9910
9924
9905
9850
9987
9903
9940
9916
9899
9874
9986
9910
9891
9828
9871
9844
9900
9938
9920
9879
9811
9792
9926
9976
9885
9924
9984
9991
9972
9893
9962
9876
9835
9945
9811
9763
9977
9952
9953
9840
9976
9866
9827
9940
9922
9813
9875
9915
9966
9903
9930
9952
9925
9877
9939
9973
9829
9976
9787
9916
9838
9981
9935
9798
9914
9896
9964
9702
9889
9890
9826
9912
9949
9957
9851
9876
9935
9979
9984
9921
9965
9917
9806
9914
9918
9947
9872
9881
9905
10000
9834
9875
9927
9913
9927
9968
9902
9939
9844
9839
9959
9922
9918
9857
9927
9765
9932
9893
9926
9930
9913
9910
9918
9953
9902
9924
9955
9754
9892
9850
9894
9989
9799
9895
9907
9938
9872
9742
9972
9904
9950
9913
9889
9841
9946
9910
9857
9891
9882
9891
9937
9839
9940
9885
9850
9924
9838
9994
9956
9950
9996
9885
9943
9969
9846
9942
9840
9973
9923
9958
9926
9923
9943
9899
9939
9898
9941
9900
9972
9730
9899
9973
9911
9926
9993
9940
9943
9953
9931
9965
9956
