9954
9916
9888
9869
9899
9971
9861
9953
9836
9825
9834
9899
9852
9862
9889
9929
9944
9891
9906
9923
9902
9913
9904
9947
9906
9881
9848
9704
9852
9908
9892
9880
9851
9992
9909
9940
9905
9954
9963
9998
9877
9951
9858
9678
9855
9883
9858
9961
9843
9953
9872
9911
9981
9697
9849
9892
9853
9857
9960
9945
9928
9956
9938
9900
9932
9935
9891
9943
9934
9905
9955
9895
9884
9827
9879
9818
9838
9942
9996
9900
9940
9960
9926
9945
9869
9925
9989
9827
9891
9934
9878
9833
9819
9912
9851
9861
9963
9843
9944
9911
9904
9905
9852
9834
9997
9924
9909
9891
9873
9971
9880
9922
9940
9947
9935
9903
9927
9958
9975
9788
9949
9906
9969
9935
9849
9875
9902
9856
9987
9992
9894
9951
9945
9866
9763
9885
9817
9787
9904
9982
9893
9877
9910
9848
9904
9914
9951
9840
9921
9991
9886
9932
9953
9959
9861
9707
9881
9888
9961
9914
9931
9959
9803
9919
9824
9918
9889
9969
9925
9883
9921
9840
9939
9883
9855
9904
9928
9805
9937
9851
9954
9820
9884
9908
9867
9862
9895
9933
9940
9881
9945
9946
9767
9897
9871
9889
9888
9891
9938
9819
9926
9876
9840
9866
9927
9912
9839
9921
9991
9883
9892
9938
9875
9892
9864
9883
9926
9927
9899
9947
9985
9903
9981
9915
9936
9827
9878
9947
9786
9892
9932
9946
9952
9797
9970
9943
9931
9964
9789
9875
9943
9855
9889
9980
9945
9881
9872
9891
9903
9907
9927
9724
9880
9945
9983
9944
9911
9856
9925
9954
9849
9923
9964
9869
9929
9915
9955
9892
9871
9879
9935
9956
9979
9848
9884
9916
9853
9827
9746
9791
9878
9966
9951
9901
9926
9915
9902
9976
9778
9863
9814
9977
9832
9956
9951
9885
9923
9991
9926
9946
9788
9938
9921
9788
9781
9801
9829
9953
9844
9936
9926
9949
9962
9907
9883
9951
9800
9880
9908
9877
9985
9939
9870
9910
9872
9994
9924
9636
9908
9911
9952
9904
9886
9901
9767
9916
9922
9999
9879
9853
9928
9835
9904
9949
9938
9945
9811
9907
9882
9907
9913
9701
9976
9823
9852
9903
9982
9965
9962
9856
9936
9871
9966
9979
9942
9890
9904
9913
9847
9968
9899
9862
9943
9934
9892
9875
9829
9797
9969
9949
9904
9911
9909
9888
9938
9847
9874
9919
9914
9938
9922
9830
9948
9924
9937
9975
9850
9887
9956
9877
9876
9978
9873
9912
9908
9944
9822
9941
9930
9892
9936
9987
9785
9957
9860
9955
9917
9837
9822
9937
9995
9799
9806
9864
9932
9954
9957
9947
9812
9818
9921
9941
9899
9832
9889
9956
9865
9932
9945
9752
9905
9840
9922
9782
9833
9826
9914
9871
9927
9885
9853
9954
9902
9912
9997
9874
9947
9919
9942
9973
9855
9891
9828
9959
9882
9875
9983
9927
9883
9870
9899
9939
9899
9982
9979
9911
9937
9914
9989
9948
9925
9894
9876
9850
9899
9882
9896
9901
9927
9939
9918
9986
9930
9891
9854
9896
9953
9842
9915
9923
9905
9950
9901
9851
9866
9988
9902
9945
9709
9925
9987
9945
9979
9909
9843
9900
9899
9834
9905
9899
9884
9743
9980
9931
9871
9898
9851
9859
9958
9901
9912
9932
9910
9934
9921
9930
9820
9884
9811
9976
9928
9881
9984
9848
9919
9949
9924
9905
9903
9888
9841
9879
9932
9794
9782
9930
9984
9919
9838
9926
9957
9729
9941
9871
9905
9972
9796
9879
9887
9960
9970
9911
9899
9908
9846
9935
9943
9952
9874
9888
9846
9939
9924
9885
9881
9896
9892
9831
9867
9905
9924
9952
9977
9839
9994
9960
9868
9881
9953
9869
9922
9815
9932
9899
9886
9877
9871
9823
9975
9900
9917
9936
9923
9921
9867
9844
9871
9959
9953
9928
9881
9900
9897
9915
9942
9953
9783
9986
9923
9933
9866
9852
9994
9931
9977
9969
9921
9931
9904
9887
9823
9904
9951
9958
9987
9961
9881
9910
9850
9883
9870
9838
9960
9937
9917
9945
9906
9941
9906
9940
9865
9943
9927
9944
9912
9907
9893
9951
9904
9923
9930
9863
9927
9718
9912
9926
9968
9910
9947
9942
9960
9983
9889
9886
9954
9884
9822
9793
9922
9910
9973
9901
9981
9874
9896
9910
9897
9933
9852
9955
9864
9941
9981
9926
9934
9905
9828
9810
9894
9878
9947
9931
9907
9909
9902
9857
9896
9932
9862
9850
9904
9858
9853
9794
9873
9890
9900
9905
9919
9866
9872
9965
9867
9934
9841
9896
9918
9936
9978
9875
9908
9863
9884
9916
9886
9928
9975
9944
9852
9948
9956
9946
9884
9892
9936
9903
9926
9941
9946
9926
9922
9926
9941
9905
9942
9845
9952
9907
9901
9924
9883
9977
9841
9910
9898
9924
9938
9731
9867
9968
9884
9786
9901
9964
9939
9734
9912
9899
9896
9765
9837
9929
9662
9837
9833
9898
9956
9969
9960
9922
9916
9911
9966
9874
9921
9927
9937
9955
9951
9919
9887
9892
9824
9943
9898
10000
9862
9912
9991
9904
9957
9878
9807
9792
9999
9999
9930
9894
9911
9960
9961
9960
9911
9950
9927
9819
9918
9962
9906
9838
9864
9911
9979
9957
9909
9883
9988
9899
9931
9950
9927
9919
9897
9746
9905
9887
9973
9905
9934
9846
9971
9869
9883
9847
9865
9960
9961
9882
9933
9930
9787
9867
9853
9989
9850
9890
9941
9900
9913
9729
9888
9800
9875
9915
9888
9902
9896
9954
9881
9856
9882
9899
9809
10000
9730
9895
9871
9877
9980
9913
9802
9941
9862
9941
9848
9918
9843
9937
9811
9948
9897
9936
9841
9912
9876
9903
9708
9846
9882
9882
9919
9941
9923
9872
9890
9920
9946
9990
9891
9986
9910
9970
9846
9820
9928
9893
9994
9858
9975
9854
9804
9876
9929
9850
9892
9880
10000
9800
9948
9946
9939
9947
9925
9915
9908
9934
9940
9844
9951
9919
9868
10000
9919
9786
9804
9856
9963
9847
9802
9863
9877
9975
9953
9958
9854
9893
9950
9928
9944
9905
9866
9924
9929
9891
9898
9947
9975
9915
9832
9937
9920
9928
9992
9965
9956
9846
9917
9908
9929
9742
