9904
9944
9819
9831
9864
10000
9936
9823
9941
9937
9984
9927
9996
9947
9897
9895
9919
9994
9872
9797
9935
9815
9901
9958
9976
9920
9922
9906
9996
9932
9899
9911
9910
9979
9989
9969
9960
9885
9789
9969
9968
9837
9870
9872
9946
9936
9906
9938
9938
9828
9942
9844
9888
9988
9983
9941
9868
9847
9844
9854
9960
9953
9863
9843
9932
9986
9980
9867
9859
9935
9835
9758
9860
9948
9820
9859
9928
9899
9924
9980
9950
9799
9999
9826
9874
9930
9894
9709
9900
9816
9952
9909
9783
9796
9937
9950
9895
9911
9920
9851
9987
9911
9928
9921
9912
9868
9900
9895
9841
9948
9878
9877
9921
9994
9725
9943
9962
9830
9955
9956
9820
9808
9960
9932
9967
9936
9938
9973
9929
9956
9860
9888
9929
9843
9940
9980
9901
9942
9870
9934
9967
9925
9894
9945
9901
9892
9963
9988
9839
9933
9831
9780
9871
9966
9897
9868
9857
9900
9894
9927
9969
9860
9900
9935
9894
9862
9786
9944
9997
9883
9941
9834
9961
9916
9964
9882
9845
9933
9861
9831
9995
9921
9888
9928
9892
9901
9747
9930
9979
9853
9920
9917
9936
9863
9874
9873
9931
9924
9949
9835
9903
9929
9859
9862
9950
9889
9871
9974
9880
9920
9983
9874
9813
9942
9890
9967
9939
9961
9874
9987
9924
9869
9899
9970
9807
9902
9929
9780
9927
9951
9961
9949
9966
9856
9923
9939
9974
9876
9939
10000
9891
9898
9901
9849
9912
9893
9850
9986
9797
9915
9903
9938
9980
9934
9884
9892
9874
9844
9931
9923
9912
9899
9885
9905
9953
9938
9789
9962
9861
9888
9905
9969
9910
9927
9980
9909
9868
9930
9932
9968
9838
9971
9846
9932
9788
9937
9851
9951
9858
9921
9951
9850
9878
9881
9879
9772
9948
9944
9991
9942
9924
9938
9898
9901
10000
9871
9897
9854
9930
9831
9940
9863
9800
9886
9914
9901
9991
9954
9943
9971
9941
9855
9947
9939
9946
9984
9986
9927
9895
9934
9961
9879
9960
9901
9871
9885
9989
9953
9897
9943
9871
9870
9901
9859
9955
9892
9872
9941
9906
9797
9899
9848
9996
9892
9933
9913
9929
9996
9823
9922
9888
9966
9787
9933
9934
9847
9933
9945
9917
9922
9792
9931
9947
9836
9812
9799
9935
9949
9942
9917
9808
9906
9848
9873
9854
9962
9908
9897
9913
9833
9909
9930
9960
9888
9993
9862
9992
9916
9953
9913
9955
9855
9928
9825
9889
9958
9889
9956
9976
9934
9960
9924
9892
9900
9879
9913
9992
9938
9954
9943
9931
9868
9951
9660
9962
9949
9941
9833
9941
9934
9909
9815
9959
9950
9917
9903
9896
9787
9847
9905
9933
9914
9922
9849
9955
9895
9748
9843
9850
9945
9947
9863
9904
9851
9892
9683
9943
9843
9821
9905
9898
9912
9930
9819
9892
9914
9987
9953
9808
9871
9920
9925
9907
9927
9897
9954
9882
9888
9898
9920
9871
9898
9949
9866
9857
9885
9842
9812
9970
9820
9960
9849
9963
9926
9935
9973
9936
10000
9878
9899
9849
9924
9876
9867
9951
9865
9847
9901
9925
9954
9820
9930
9883
9909
9870
9917
9947
9760
9797
9877
9849
9955
9948
9953
9960
9848
9934
9832
9904
9929
9933
9975
9829
9916
9848
9836
9944
9978
9920
9859
9918
9958
9843
9983
9881
9807
9890
9725
9921
9851
9931
9938
9763
9958
9927
9921
9924
9948
9937
9983
9887
9935
9978
9841
9887
9924
9798
9956
9899
9915
9875
9889
9894
9814
9929
9926
9977
9803
9878
9854
9846
9898
9848
9995
9810
9857
9967
9913
9937
9949
9884
9877
9957
9932
9860
9767
9935
9957
9778
9971
9887
9880
9947
9934
9931
9966
9925
9963
9898
9970
9854
9945
9884
9947
9956
9883
9933
9944
9945
9857
9919
9959
9999
9960
9986
9924
9909
9820
9936
9927
9964
9936
9799
9926
9935
9940
9939
9837
9869
9902
9911
9980
9896
9903
9781
9970
9897
9969
9962
9870
9923
9890
9817
9872
9970
9731
9836
9789
9905
9880
9821
9884
9814
9799
9931
9899
9936
9947
9952
9867
9920
9966
9852
9921
9945
9732
9745
9925
9792
9983
9876
9972
9925
9879
9938
9874
9933
9969
9978
9938
9934
9944
9890
9887
9980
9917
9904
9953
9972
9956
9748
9949
9950
9887
9912
9874
9919
9989
9852
9798
9885
9860
9842
9930
9855
9937
9908
9899
9808
9859
9934
9901
9942
9963
9959
9908
9947
9933
9929
9861
9765
9872
9870
9907
9962
9920
9881
9899
9921
9876
9961
9935
9935
9897
9940
9941
9962
9959
9903
9941
9962
9932
9961
9771
9811
9906
9959
9910
9884
9925
9896
9926
9900
9884
9923
9875
9893
9979
9856
9881
9844
9892
9901
9937
9888
9977
9922
9827
9964
9937
9860
9838
9839
9912
9895
9982
9919
9908
9855
9758
9949
9900
9848
9855
9857
9958
9965
9962
9905
9888
9928
9916
9919
9870
9944
9896
9954
9866
9865
9882
9855
9929
9991
9900
9893
9886
9980
9918
9930
9867
9924
9921
9809
9979
9943
9923
9797
9905
9961
9839
9921
9832
9707
9868
9816
9984
9770
9887
9861
9937
9862
9934
9936
9884
9770
9939
9887
9811
9839
9882
9950
9928
9932
9972
9902
9938
9837
9873
9905
9933
9857
9937
9845
9903
9950
9746
9921
9917
9938
9899
9884
9917
9927
9962
9844
9999
9938
9926
9953
9968
9895
9667
9972
9998
9987
9967
9872
9815
9882
9904
9839
9876
9885
9708
9977
9875
9912
9892
9912
9977
9924
9728
9854
9914
9896
9872
9928
9938
9969
9949
9861
9860
9916
9952
9897
9841
9827
9847
9865
9864
9970
9956
9857
9960
9891
9967
9916
9974
9906
9931
9998
9920
9936
9834
9938
9855
9968
9736
9948
9831
9884
9893
9906
9872
9903
9771
9928
9964
9952
9952
9859
9783
9915
9861
9901
9898
9869
9947
9914
9933
9899
9877
9966
9928
9986
9901
9900
9866
9979
9919
9918
9897
9909
9902
9930
9930
9933
9915
9943
9959
9849
9940
9940
9958
9908
9863
9949
9945
9877
9884
9913
9779
9913
9939
9960
9872
9881
9870
9903
9912
