9963
9957
9897
9974
9999
9997
9909
9999
9997
9952
9951
9995
9980
9999
9978
9991
9999
9942
9974
9999
9930
9942
9951
9992
9996
9966
9989
9989
9999
9991
10000
9999
9954
9881
10000
9958
9949
9954
9987
9994
9900
9957
9934
9970
9996
9924
9935
9985
9999
9994
9908
9981
9977
9962
9999
9999
9949
9969
9985
9976
10000
9913
10000
9988
9949
9998
9989
9891
9996
9930
9987
9997
9986
9993
9999
9971
10000
9896
10000
9896
9922
9995
10000
9980
9941
9991
10000
9928
9994
9912
9998
9921
9982
9995
10000
9996
9904
10000
9999
9976
10000
9985
9999
9945
9997
9940
9985
9885
9884
9968
10000
10000
9931
10000
9966
9986
9953
10000
9894
9984
9988
9951
9981
9940
9913
9997
9993
9961
9975
9986
9997
9989
9977
9969
9979
9995
9886
9987
9991
9942
9991
9997
9969
9969
9850
9984
9980
9991
10000
9967
9998
9988
9939
10000
9996
9995
9961
9978
9945
9971
9980
9942
9974
9903
10000
9982
9950
10000
9942
9973
9940
9949
9963
9996
9932
9996
9911
9994
9926
9910
9994
9932
9957
9973
9997
9950
9890
9981
9999
10000
9967
10000
9950
9987
9991
9987
9981
9955
10000
9991
9964
9869
9996
9903
9930
9870
9989
9977
9927
9990
9962
9934
9968
9947
9923
9947
9876
9971
9982
9930
9991
9986
9988
9828
9962
10000
9997
9988
9993
9958
9961
9995
9993
9983
9997
9962
9992
9954
9909
9991
9993
9899
9923
9969
9966
9943
9993
9967
9995
9985
9955
9868
9937
9972
9994
9991
9938
9922
9984
9981
9998
9997
9925
9932
9987
9933
9990
9994
9993
9823
10000
9904
9933
10000
9998
9971
9998
9997
10000
9897
9931
9990
9970
9920
9955
9782
9999
10000
10000
9959
9892
9872
9998
9969
9981
9929
9999
10000
9964
9998
9983
9995
9919
9954
9996
9983
9864
9921
9945
9997
9984
9807
10000
9960
9997
9855
9938
9930
9966
9999
9993
10000
9983
9893
9963
10000
9945
9976
9844
9938
9942
9983
9997
9944
9948
9994
9984
9968
10000
9882
9994
9961
9970
9902
9970
9969
9998
9990
9974
9907
9988
9899
9923
9952
9976
9985
10000
9935
9941
9906
9992
9951
9985
10000
9994
9999
9977
9971
9983
9973
10000
9964
9968
9991
9974
9908
9998
9912
9991
9959
9938
9983
9906
9950
10000
9956
9970
10000
9996
9940
9953
10000
9955
9925
9918
9918
9966
9915
9995
9968
9999
9976
9999
10000
9988
9834
9968
9847
10000
10000
9997
9990
9997
9998
9968
9955
9914
9999
10000
9990
9932
9999
9999
9976
9899
9945
9960
9978
9991
9999
9988
9941
9995
9957
9920
9994
9998
9977
9969
9994
9965
9949
9910
9987
9978
9963
9995
9905
9993
9912
9974
9959
9878
9941
9919
9917
9925
9983
9928
9993
10000
9875
9951
9976
9969
9996
9999
9971
9941
9957
9958
9950
10000
9999
9976
9978
9859
9954
9905
9915
9984
9977
9971
9954
9977
10000
9985
9974
9873
9994
9949
10000
9873
9994
10000
9986
9997
9967
9854
9998
9922
9983
9992
9993
9898
9989
9885
9898
9999
9996
9938
9985
9964
9996
9932
9961
9984
9965
9997
9998
9999
9908
10000
9882
9990
9994
9855
9966
9961
10000
9990
9890
9973
9924
9940
9988
9941
10000
9903
9961
9977
9980
9999
9873
9995
9965
9995
9791
9952
9970
9926
9887
9970
9990
9881
9910
9996
9956
9959
9998
9994
9997
9986
9950
9982
9863
9980
9980
9992
10000
9990
10000
9995
9990
9971
9915
9939
9995
9994
9999
9913
9968
9986
9924
9990
9996
9976
9922
9939
9841
9987
9997
9998
10000
9947
10000
9995
9985
9998
9918
9995
10000
9925
9992
9999
9950
10000
9922
9915
9937
9877
9985
9987
9996
9938
9995
9893
9995
9965
9975
9944
9920
9922
9999
10000
9997
9989
9963
9934
9895
9994
9929
9943
10000
9897
9976
10000
9974
9988
9986
9949
9971
9992
9994
9992
9989
9969
10000
9849
9999
9892
9999
9971
10000
9964
9997
9998
9960
9994
9876
9947
9976
9990
9930
9991
9996
9998
9991
9943
9959
9998
9985
9950
9927
9999
9874
9991
9908
9973
9918
9904
9982
9992
9948
9955
9851
9991
9948
10000
9948
9998
9996
9915
9954
9982
9931
9993
9911
9969
10000
9905
9991
9937
9986
9969
9992
9921
9998
9982
9841
9991
9905
9929
9885
9982
9994
9929
9958
9957
9999
9992
9952
9999
9973
9986
9967
9968
9979
9988
9955
9994
9992
9970
9893
9951
9792
9967
9933
9978
9943
10000
10000
10000
9976
9985
9998
9993
10000
9987
9952
9940
9988
9998
9897
9984
9998
9980
9991
9964
9946
9982
9958
9937
9905
9997
9999
9992
9997
9989
9999
9954
9898
9996
10000
9986
9996
9995
9889
9904
9932
9930
9888
9934
9993
9994
9961
9819
9987
9976
9900
9908
9927
9979
9995
9996
9999
9951
9998
10000
9879
9986
9951
10000
9999
9992
9960
9980
10000
9968
9997
9958
9978
9954
9906
9795
9995
9976
9986
9932
9991
9876
9962
9962
9989
9996
9991
9998
9999
10000
9990
9932
9985
9930
9987
9987
9989
9988
9964
9984
9966
9994
9969
9982
9963
10000
9956
9979
9974
9982
9971
9959
9991
10000
9982
9890
9809
9962
9967
9958
9890
9986
9932
9993
9996
9909
9837
9872
9995
9949
9944
9955
9993
10000
9992
9982
9959
10000
9999
9995
9831
9972
9975
9918
9997
9985
9954
9964
9993
9999
9999
9991
10000
9980
9999
9989
9917
9987
9991
9906
9920
9996
9961
10000
9870
10000
9836
9960
9896
9946
9959
9953
9943
10000
9999
9993
9991
9990
9986
9988
9981
9912
9967
9959
9952
9948
9998
9944
10000
9982
9977
9996
9969
9993
9931
9923
9957
9877
9955
9999
9997
9973
9925
9990
9959
9900
9978
9998
9979
10000
9997
9932
9993
9799
9999
9957
9999
9986
9990
9983
9981
9986
9953
9988
9999
9913
9994
9958
9965
9970
9988
9878
9972
9998
9993
9995
9983
9942
9823
9978
9990
9904
9975
9974
9999
9891
9979
9993
9991
9968
9858
9999
9898
10000
9971
9968
9946
9965
9992
9988
10000
