9984
9998
9882
9980
9985
9978
9991
9972
9955
9870
9965
9931
9905
9957
9853
9971
9904
9969
9926
9964
9959
9907
9967
9929
9996
9959
9987
9946
9998
9973
9928
9991
9848
9926
9978
9999
9964
9985
9999
9985
9946
9965
9942
9952
9862
9995
9991
9982
9972
9899
9962
9958
9910
9907
9986
9999
9965
9967
9914
9943
9887
9846
9957
9960
9912
9986
9969
9975
9866
9954
9998
9984
9981
9924
9967
9917
9896
9993
9968
9922
9980
9904
9993
9927
9949
9889
9905
9969
9933
9904
9885
9974
9904
9923
9999
9947
9994
9983
9990
9998
9965
9937
9973
9994
9991
9893
9907
9993
9965
9968
9946
9958
9971
9915
10000
9860
9872
9994
9921
9967
9991
9885
10000
10000
9984
9843
9999
9982
9992
9953
9988
9984
9980
9939
9996
9978
9949
9902
9958
9923
9987
9920
9983
9970
9875
9973
9927
9990
9940
9944
9916
9999
9861
9976
9983
9987
9942
9985
9994
9909
9940
9951
9911
9950
10000
10000
9853
9984
9925
9920
9973
9966
9928
9939
9840
9992
9926
9973
9975
9964
9939
9941
9921
9987
9953
9911
9969
9941
9818
9843
9943
9944
9899
9997
9981
9941
9995
9996
9975
9950
9973
9880
9972
9984
9990
9888
9951
9991
9928
9987
9979
9969
9961
9988
9940
9878
9993
9999
9991
9995
9995
9952
9969
9909
9976
9861
9966
9987
9932
9943
9907
9928
9941
9915
9907
9944
9979
9962
9962
9919
9943
9965
9947
9913
10000
9997
9987
9906
9948
9943
9991
9998
9950
9848
9995
9911
9979
9946
9995
9973
9845
9855
9990
9998
9964
9961
9896
9925
9851
9847
9952
9981
9888
9934
9995
9989
9985
9946
9972
9984
9996
9892
9939
9989
9973
9945
9975
9937
9999
9949
9918
9903
9986
9997
9975
9938
10000
9862
9942
9829
9984
9929
9980
9914
9957
9940
9961
9939
9983
9887
9944
9952
9946
9986
9967
9928
9976
10000
9986
9953
9997
9995
9978
9918
9987
9833
9986
9917
9951
10000
9946
9995
9983
9999
9948
9966
9967
9978
9999
9996
9987
9988
9975
9992
9974
9988
9973
9952
9943
9990
9999
9935
9974
9947
9974
9948
9968
9981
9992
9983
9941
9886
9995
9957
9964
9914
9897
9990
9959
9998
9999
9877
9972
9912
9995
10000
9857
9884
9974
9979
9959
9997
9847
9920
9903
9994
9993
9973
9961
9996
9999
9991
9711
9981
9936
10000
9986
9971
9998
9886
9970
9940
9998
9935
9986
9997
9819
9898
9981
9948
9881
9999
9928
9941
9927
9991
9811
9995
10000
9931
9992
9931
9939
9958
9975
9990
9965
9953
9983
9977
9903
10000
9835
9993
9984
9942
9964
9971
9951
9956
9955
9848
9990
9959
9901
9910
9993
9913
9983
9946
9910
9976
9998
9958
9998
9878
9990
9971
9995
9985
9958
9984
9927
9889
9975
9883
9995
9996
9987
9980
9995
9954
9907
9882
9926
9849
9990
10000
9980
9894
9904
9984
9902
9962
10000
9945
9867
9985
9905
9910
9904
9948
9998
9952
9912
10000
9876
9999
9971
9897
9935
9914
9843
9863
9989
9973
9940
9942
9892
9983
9981
9953
9911
9984
9947
9989
9999
9987
9972
9922
10000
9909
9878
9889
9794
10000
9954
9900
9995
9964
9886
9976
9835
9994
9959
9992
9978
10000
9927
9874
9987
9892
9940
9906
9994
9915
9998
9951
9999
9836
9961
9950
9967
9968
9917
9991
9909
9974
9981
9946
9993
9989
9984
9975
9948
9999
9996
9932
9981
9889
9963
9956
9967
9888
9963
9897
9919
9981
9983
9981
9903
9983
9952
9990
9978
9903
9990
9989
9954
9979
9973
9939
9995
9962
9963
9906
9939
9942
9925
9939
9959
9959
9868
9978
9964
10000
9982
9852
9938
9936
9975
9980
9927
9966
9892
9892
9969
9934
9994
9955
9857
9977
9904
9873
9987
9960
9998
9872
9976
9917
9985
9973
9959
9916
9965
9995
9990
9861
9959
10000
9986
9902
9927
9995
9923
9952
9988
9989
9993
9974
9908
9979
9983
9961
9940
9999
9839
9912
9880
9967
9912
9992
9992
9984
9967
9949
9993
9966
9879
9993
9987
9961
9939
9897
9920
9990
9976
9913
9925
9989
9884
9963
9887
9975
9975
9956
9961
9911
9947
9936
9995
9900
9982
9933
9949
9950
9943
9993
9997
9889
9983
9991
9905
9916
9914
10000
9997
9971
9883
9999
9958
9952
9961
9999
9862
9900
9965
9940
9964
9999
9966
9944
9939
9946
9999
9916
9935
9939
9939
10000
9990
9997
9989
9882
9957
9993
9953
9976
9913
9988
9977
9966
9906
9979
9958
9877
9993
9970
9938
9980
9951
9997
9966
9980
9768
9970
9811
9880
9959
9999
9982
9982
9809
9927
9991
9994
9879
9993
9919
9907
9906
9800
9998
9942
9952
9982
9972
9999
9993
9923
9917
9894
9983
9984
9997
9986
9959
9957
9944
9932
9913
9891
9917
10000
9887
9907
10000
9989
9949
9886
9999
9928
9996
9990
9959
9976
9967
9981
9990
9968
9922
9941
9974
9899
9995
9921
9992
9922
9984
9974
9968
9964
9943
9997
9889
9930
9938
9935
9983
9998
9937
9986
9962
9922
9979
9887
9852
9964
9966
9979
9927
9961
9787
9968
9942
9971
9846
9979
9917
9946
9995
9956
9934
9995
9997
9968
9999
9994
9910
9999
9966
9970
9830
9924
9970
9869
9988
9901
9922
9891
9975
9976
9913
9918
9995
9955
9977
9954
9966
9964
9981
9984
10000
9909
9905
9918
9887
9893
9979
9950
9892
9883
9875
9978
9959
9884
9902
9990
9974
9926
9923
9968
9999
9828
9937
9993
9930
9910
9938
9931
9941
9983
9929
9901
9847
9991
9925
9949
9965
9929
9954
9920
9997
9979
9922
9901
9954
9995
9991
9982
9948
9964
9998
9942
9988
9923
9988
9969
9936
9904
10000
9881
9881
9999
10000
9995
10000
9991
9968
9986
9998
9966
9955
9877
9921
9927
9899
9952
9945
9876
9893
9982
9939
9918
9863
9975
9970
9984
9898
9948
9936
9908
9983
9860
9993
9935
9929
9954
9993
9965
9944
9986
9825
9923
9976
9944
9853
9974
9997
10000
9918
9938
9947
9931
9920
9950
9995
10000
9984
9976
