9933
9913
9768
9996
9866
9817
9997
9976
9892
9916
9888
9933
9986
9865
9948
9966
9955
9915
9893
9949
9813
9972
9953
9907
10000
9997
9952
9908
9994
9987
9942
9874
9906
10000
9970
9886
9923
9942
9997
9921
9924
9952
9989
9996
9697
9986
9875
9882
9994
9961
9971
9849
9886
9896
9888
9955
9943
9967
9998
9916
9994
9914
9971
9999
9933
9963
9841
9991
9965
9973
9832
9950
9931
9986
9946
9963
9917
9939
9871
9960
9918
9957
9994
9941
9862
9947
9983
10000
9994
9993
9989
9903
9939
9919
9995
9984
9957
9975
9894
9968
9898
9958
9894
9914
9992
9898
9997
9998
9960
9925
9911
9902
9993
9945
9977
10000
9814
9917
9980
9861
9933
9942
9820
9957
9962
9824
9962
9932
9969
9970
9945
9900
9914
9946
9952
9998
9943
9912
9993
9945
9999
9982
9994
9916
9993
9984
9960
9997
9926
9920
9963
9949
9942
9970
9972
9991
9872
9987
9943
9892
9971
9906
9957
9931
9943
9920
9956
9941
9755
9949
9896
9929
9919
9913
9991
9995
9933
9910
9980
9994
9993
9931
9880
9998
10000
9918
9988
9934
9906
9978
9903
9944
9958
9897
9964
9979
9903
9969
9983
9951
9926
9980
9994
9999
9865
9987
9960
9985
9928
9998
9826
9901
9969
9993
9871
9992
9861
9969
9995
9973
9947
9991
9980
9993
9945
9983
9902
9949
9985
9838
9961
9962
9934
10000
9965
9990
9933
9973
9971
9970
9922
9915
9937
9956
9914
9998
9930
9996
9964
9847
9971
9949
9924
9966
9951
9913
9956
9994
9966
9979
9927
9987
9950
9934
9960
9971
9970
9910
9942
9937
9745
9871
9949
9928
9897
9983
9999
9991
9911
9993
9999
9990
9893
9934
9988
9927
9999
9963
9986
9995
9943
10000
9995
9982
9999
9979
9935
9888
9906
9938
9964
9999
9855
9896
9909
9919
9968
9982
9870
9958
9940
10000
9721
9915
9900
9834
10000
9901
9996
9806
9902
9962
9853
9980
9939
9992
9984
9986
9934
9933
9950
9973
9956
9983
9950
9957
9919
9992
9854
9992
9824
9984
9968
9909
9947
9999
9989
9933
9904
9937
9995
9958
9925
9972
9879
9818
9997
9747
10000
9862
9909
10000
9927
9964
9965
9985
9950
9997
9969
9978
9961
9907
9990
9998
9929
9937
9931
9992
9942
9954
9979
9991
9999
9996
9996
9981
9964
9861
9835
9906
9873
9876
9937
9972
9964
9950
9833
9946
9961
9983
9955
9961
9940
9972
9964
9993
9979
9958
9899
9969
9948
9898
9851
9994
10000
9981
9975
9986
9962
9872
9995
9974
9999
9968
9968
9959
9970
9997
9994
9939
9998
9995
9996
9930
9966
9985
9909
9955
9995
10000
9996
9982
9953
9948
9831
9910
9984
9960
9888
10000
9902
9958
9960
9899
9947
9997
9899
9888
9949
9999
9946
9968
9898
9997
9953
9855
9944
9979
9945
9893
9923
9970
9998
9949
9987
9878
9986
9977
9956
9919
9966
9966
9983
9928
9997
9941
9949
9884
9960
9887
9983
9928
9997
9947
9895
9880
9931
9964
9933
9957
9959
9929
9938
9967
9992
9980
9890
9955
10000
9999
9969
9929
9990
9981
10000
9844
9945
9977
9949
9975
9994
9983
9871
9988
9929
9899
9941
9968
9834
9977
9936
9963
9921
9940
9994
9912
9980
9963
9996
9997
9902
9868
9971
9967
9912
9921
9983
9889
9880
9950
9979
9987
9910
9906
9969
9922
9934
9996
9989
9956
10000
9941
9916
9935
9995
9805
9921
9969
9945
9996
9914
9946
9929
9978
9993
9911
9998
9998
9924
10000
9999
9983
9986
9952
9963
9998
9905
9753
9917
9962
9933
9991
9980
9995
9955
9978
9969
9984
9961
9995
9909
9977
9984
9973
9936
9901
9896
9995
9967
9959
9977
10000
9904
9904
9991
9983
9898
9898
9981
9976
9993
9912
9998
9977
9956
9932
9976
9946
9942
9989
9974
9989
9879
9972
9946
9986
9938
9911
9979
9911
9927
9927
9862
9984
9978
9968
9908
9985
10000
9909
9929
9975
9970
9927
9992
9960
9929
9924
9930
9966
9997
9996
9928
9979
9969
9940
10000
9926
9994
9993
9940
9954
9877
9962
9898
9946
9905
9940
9880
10000
9951
9933
9907
9918
9968
9952
9969
9989
9891
9794
9995
9992
9966
9989
9927
9998
9951
9981
9994
9999
9999
9939
9998
9992
9711
9977
9982
9903
9980
9966
9871
9992
9991
9987
9993
9761
9966
9990
9980
9936
9860
9931
9977
10000
9991
9973
9991
9834
9991
9977
9998
9923
9854
9934
9819
9992
9997
9923
9984
9921
9897
9995
9945
9861
9987
9962
9999
9996
9993
9983
9991
9946
9888
9997
9862
9898
9936
9943
9989
9941
9994
9938
9940
9998
9901
9950
9947
9934
9926
9916
9942
9965
9999
9975
9994
9972
9934
10000
9999
9916
9984
9999
9912
9957
10000
9935
9945
9911
9937
9986
9941
9867
9995
9968
9994
9906
9942
9980
9914
9859
9927
9918
9903
9874
9878
10000
9955
9968
10000
9989
9845
9941
9958
9903
9949
9768
9934
9903
10000
9931
9896
9958
9991
9924
9962
9967
9951
9928
9908
9796
9994
9937
9948
9944
9979
9946
9965
9954
9986
9955
9945
9999
9948
9999
9986
9984
9914
9969
9954
9999
9914
9859
9958
9956
9953
9998
9957
10000
10000
9974
9988
9894
9925
9914
9966
9976
9983
9976
9982
9954
9976
9984
9966
9882
9963
9940
9906
9941
9965
9895
9909
9997
9959
10000
9967
9997
9906
9916
9974
9876
9982
9990
10000
9997
9979
9936
9954
9989
9934
9969
9971
9980
9880
9994
9975
9916
9968
9920
9929
9934
9983
9988
9997
10000
9998
9965
9978
9997
9995
9872
9995
9997
9814
9981
9997
9844
9956
9909
9981
9958
9966
9972
9956
9839
9941
10000
9974
9900
9912
9984
9977
9953
9972
9985
9902
9993
10000
9997
9951
9960
9974
10000
9941
9860
9961
9996
9822
9945
9955
9999
9997
9938
10000
9963
9958
9978
9937
9999
9823
9967
9994
10000
9916
10000
9996
9986
9940
10000
9969
9949
9997
9894
9951
9899
9933
9990
9986
9990
9960
9995
9929
9960
9953
9944
9987
9969
9969
9893
9954
10000
