9999
10000
9999
9999
9981
10000
9999
9996
9992
10000
10000
9995
9986
10000
9997
9996
10000
9994
10000
9998
10000
10000
9999
10000
10000
9960
9999
10000
9993
9999
10000
10000
10000
9995
9982
9976
10000
9994
10000
10000
9999
9998
9966
10000
10000
9999
9999
10000
9998
9984
9999
10000
10000
10000
10000
10000
9991
9983
9972
9999
10000
9857
10000
9990
9991
10000
10000
9997
10000
9998
9974
9987
9998
9999
10000
9830
10000
9975
9999
10000
10000
10000
9954
9997
9978
10000
9976
10000
10000
10000
10000
10000
9994
9997
10000
9993
9997
10000
10000
10000
9999
9989
10000
10000
9999
9983
10000
10000
9951
9978
9987
9999
9997
10000
10000
10000
10000
10000
9997
10000
9991
10000
9989
10000
10000
10000
9999
10000
10000
10000
10000
9975
9993
10000
9999
10000
10000
10000
9993
10000
10000
9998
9996
9999
9991
10000
9986
9996
9997
9999
9999
10000
10000
10000
9914
10000
9999
10000
10000
10000
10000
10000
10000
9963
9994
10000
9989
9999
10000
10000
9970
9921
10000
9998
10000
10000
10000
10000
9997
9998
9999
10000
9983
10000
9999
9999
10000
10000
10000
10000
10000
10000
9927
10000
9950
9996
9974
9983
9937
10000
9992
9999
10000
9999
10000
10000
9999
9998
10000
10000
10000
9984
10000
9977
10000
10000
9960
10000
10000
9992
10000
10000
10000
9953
10000
10000
10000
9999
10000
9982
10000
9949
10000
9991
9989
10000
10000
9985
9976
10000
9910
9998
10000
9997
10000
10000
10000
10000
10000
9996
10000
9999
9999
10000
10000
10000
10000
9999
9997
10000
10000
10000
9999
10000
9967
9963
9999
9989
9998
10000
9989
10000
9998
10000
9998
10000
10000
10000
10000
10000
10000
10000
10000
9975
9998
9989
10000
10000
10000
10000
9999
10000
9874
9967
9998
10000
9971
10000
10000
10000
9999
10000
10000
10000
10000
10000
10000
10000
9998
9998
10000
9999
10000
9998
9967
10000
9997
9993
10000
9977
10000
9994
10000
10000
9999
10000
9988
10000
9946
10000
9974
10000
9999
10000
10000
9997
10000
9996
9983
10000
10000
10000
10000
10000
10000
10000
10000
9992
10000
10000
10000
10000
9997
10000
9993
9998
10000
10000
9975
10000
10000
10000
9984
9999
10000
9961
9993
10000
9930
9984
10000
10000
9986
9995
9990
10000
10000
10000
10000
9962
9996
10000
10000
10000
9970
10000
9998
9998
9999
9999
10000
9999
9999
9990
9997
9989
9991
10000
9999
10000
9967
9995
10000
10000
10000
10000
9998
10000
10000
10000
9998
10000
10000
10000
10000
10000
9997
10000
10000
10000
10000
10000
9997
10000
9999
10000
10000
10000
10000
10000
9996
9999
10000
10000
10000
9987
9972
9997
10000
9998
9997
9985
10000
10000
10000
9999
10000
9920
10000
10000
10000
10000
9998
9991
9997
10000
10000
10000
9990
9996
9999
10000
10000
10000
9993
9998
9999
10000
9988
10000
10000
10000
10000
9986
10000
10000
9997
10000
10000
9996
10000
9987
9963
9998
10000
9994
10000
9996
10000
10000
9999
9992
10000
10000
9970
10000
10000
10000
9983
9999
9999
9999
10000
9973
9999
10000
9991
9996
9999
9930
10000
9996
9999
9998
10000
10000
9997
10000
9995
10000
10000
10000
9999
10000
10000
9999
10000
10000
9999
10000
9910
10000
10000
9993
10000
9977
10000
9987
10000
10000
10000
9999
9998
9968
10000
10000
10000
10000
10000
9995
10000
10000
9997
10000
10000
9999
9996
9921
10000
9998
9977
10000
10000
9998
9994
9993
9998
9975
9998
10000
9997
10000
9999
10000
9999
10000
9999
9929
9998
10000
10000
10000
10000
9992
9984
10000
9999
10000
10000
10000
9982
10000
9995
10000
10000
10000
10000
10000
10000
10000
10000
9958
9989
9994
9943
10000
10000
9995
10000
9999
10000
10000
9979
10000
9964
9994
9915
10000
9992
10000
10000
10000
9999
10000
10000
10000
9979
9996
9985
9979
9956
9986
9933
10000
9986
9979
9951
9996
9986
10000
10000
9999
9995
9999
10000
10000
10000
9999
10000
10000
9997
10000
10000
9999
9986
10000
9976
9989
10000
9944
10000
10000
10000
9912
9986
9969
10000
9998
10000
9996
10000
10000
9993
9888
10000
10000
10000
9996
10000
9998
9997
10000
10000
10000
9999
10000
10000
10000
10000
9999
10000
10000
10000
9965
10000
10000
10000
10000
10000
9986
10000
10000
9999
10000
10000
10000
9990
10000
10000
9999
9991
10000
9969
10000
9999
9999
9961
10000
10000
9947
10000
10000
10000
10000
10000
9999
9998
9998
10000
9985
9948
9971
10000
10000
10000
9998
9905
9998
10000
10000
10000
9997
10000
10000
10000
10000
10000
9988
9999
9997
10000
9999
9991
9999
9997
10000
10000
9999
10000
10000
10000
10000
9997
10000
9999
10000
10000
10000
10000
10000
10000
9952
10000
9997
9999
10000
10000
10000
9997
10000
10000
10000
9993
10000
9918
9996
9999
10000
9835
9984
10000
10000
10000
10000
10000
10000
10000
10000
9996
9988
9983
10000
9961
9997
9999
10000
10000
9987
9986
10000
10000
9999
10000
10000
10000
10000
9993
10000
9999
9992
9985
9976
9995
10000
10000
9989
10000
10000
9994
10000
10000
9977
10000
10000
10000
10000
10000
10000
9996
9994
10000
9950
9999
9996
10000
9999
10000
9985
9964
10000
10000
9998
10000
9991
9992
10000
10000
10000
9999
9999
9944
9999
10000
10000
10000
9999
10000
10000
9992
9991
9974
9999
9984
9984
10000
10000
10000
10000
9952
9994
9999
10000
9925
10000
9991
10000
10000
10000
9974
10000
10000
10000
9890
10000
9999
10000
10000
10000
10000
10000
10000
10000
9991
10000
10000
9999
9998
10000
10000
9999
9994
10000
9998
9999
10000
10000
10000
10000
9999
10000
10000
10000
10000
10000
10000
9999
10000
10000
9987
9995
10000
10000
10000
10000
10000
9984
10000
9998
10000
10000
10000
9959
10000
9999
10000
9999
10000
10000
10000
10000
9999
10000
10000
9999
10000
10000
10000
10000
9977
10000
10000
10000
10000
9983
9996
9998
9999
10000
10000
10000
9988
10000
9998
10000
10000
10000
10000
10000
10000
9998
10000
9992
9936
10000
9992
10000
10000
9951
10000
10000
10000
9999
10000
9999
9984
10000
10000
9987
9999
10000
