9918
9958
9972
9928
9999
9958
9987
9924
9988
9886
9946
9952
9996
9941
9987
9980
9972
9995
9947
9919
9859
9964
10000
9999
9982
9997
9861
9992
9978
9933
10000
9883
9996
10000
9979
9990
9881
9990
10000
9992
9921
9977
9947
9992
9925
9940
9994
9891
10000
9941
9857
9960
9939
9961
9959
9968
9989
9946
9905
9988
9974
9885
9895
9984
9988
9832
9996
9961
9960
9943
9993
9997
9906
9995
9980
9877
9965
9993
9936
9998
9997
10000
9877
9928
9972
9984
9997
9987
9995
9979
9877
9971
9937
9987
9886
9956
10000
9950
9873
9928
9978
10000
10000
9991
9903
9933
9917
9959
9960
9978
9951
9795
9952
9989
9975
9950
9931
9971
9892
9906
9970
10000
9845
9996
10000
10000
9999
9999
9995
9963
9935
9999
9833
10000
9928
9930
9987
9808
9922
9996
9994
10000
9987
10000
9999
9995
9986
9999
9977
9991
9872
9999
9996
9938
9994
9984
9936
9925
10000
9996
9889
9998
9982
9972
9960
9990
9916
9911
9983
10000
9991
9956
10000
9993
9998
9993
9901
9963
9964
9948
10000
9947
9901
9943
9935
9965
9996
9937
9936
9985
9954
9952
9945
9976
9999
9935
9982
9992
9883
9974
9838
10000
9994
10000
9992
9918
9960
9948
9978
10000
9941
9965
9942
10000
9996
9906
9994
10000
10000
9998
9991
9990
9966
9942
10000
9893
10000
9999
9929
9923
9995
9994
9999
9996
9999
9947
9962
9977
9999
9999
9932
9957
9927
9941
9957
9759
9990
9976
9998
9999
9998
9910
9994
9980
10000
9992
9974
9999
9911
9873
9966
9997
9994
9991
9912
9998
9995
9947
9980
9891
9943
9908
9976
9999
9957
9991
9883
9967
9995
9964
9974
9927
9886
9933
10000
9945
9986
10000
9919
9930
9999
10000
9986
9918
9978
9967
9917
9972
10000
9885
9998
9874
9990
9998
9973
9999
9987
9976
9957
10000
9976
9994
10000
9859
9907
10000
10000
10000
10000
9964
10000
9985
9927
9883
9952
9924
9994
9910
9995
9974
9989
9995
10000
9964
10000
9955
9996
9985
9982
9979
10000
9992
9979
9876
9915
9964
9989
9913
9865
9978
9980
9977
9988
9941
9990
9976
10000
10000
9988
9779
9965
9999
9979
9999
9969
9944
9871
9898
9882
9950
9963
10000
9892
9985
9854
9998
9931
9970
9978
9991
9998
9990
9902
9914
9984
9977
9963
9968
9976
9898
10000
9998
9969
9927
9999
9942
10000
9964
9938
9894
9998
9995
9947
9993
9998
9964
10000
10000
9999
10000
9892
9998
9885
10000
9998
9987
9998
9958
9929
10000
9996
9971
9989
9947
9985
9932
9966
9979
9984
9949
9958
9995
9924
9999
9960
9901
9996
9980
9928
9970
9964
9997
9989
9989
9993
9996
10000
9912
10000
9922
10000
9997
9958
9856
9961
9994
9993
9881
9959
9978
9879
10000
9996
9942
9998
9995
10000
9976
9989
9966
9937
9998
9998
10000
9765
9999
9997
9929
9964
9970
9957
9986
9978
9915
9982
9825
9934
9954
9943
9986
9899
9986
9999
9996
9886
9988
9947
9996
9997
9918
9998
9994
9979
9989
9996
9961
9983
9975
9947
10000
9991
9903
9999
9999
9997
9996
10000
9989
9977
9855
9995
9998
9963
10000
9975
9988
9960
9913
9911
9964
9924
9999
10000
9879
9992
9999
9918
9947
9998
9819
9978
9988
9958
9996
9977
9970
9977
9949
9961
10000
9921
9943
9998
9978
9891
9920
9997
9958
10000
9980
9785
10000
9987
10000
9945
9988
9998
9992
9948
10000
10000
10000
9998
9984
9983
10000
9991
9960
9989
9999
9894
9999
10000
9959
9904
9967
9991
10000
9963
9939
9998
10000
9998
9931
9994
9933
9870
9920
9993
9949
9977
9999
9991
9996
9963
9936
9958
9988
9981
10000
10000
9904
9994
9933
9899
9994
9976
9983
9996
10000
9907
9986
9983
9989
10000
9996
9999
9999
9989
9991
9995
9890
10000
9986
9910
9997
10000
9924
9947
10000
9989
10000
9918
9970
10000
9853
9960
9875
9942
9982
9995
9993
9992
9991
10000
9956
9983
9909
9998
9963
9967
9910
9898
9981
9966
9913
10000
9909
10000
9999
9991
9894
9942
9997
9992
9912
9998
10000
9981
9909
9937
9966
9998
9947
9993
9985
9974
9920
9935
10000
9980
9936
10000
9982
10000
9963
9968
9996
9967
9995
9997
9984
10000
9871
9992
9951
10000
9981
9961
9915
9970
9966
9993
9974
9965
9997
9989
9932
9955
9989
9999
9999
9999
9900
9998
9997
10000
9995
9982
9964
10000
9994
10000
9872
9999
9863
9921
9941
9952
9911
9998
9999
9942
9998
9984
10000
10000
9980
10000
9901
9888
9999
9996
9961
9998
10000
9965
9886
9950
10000
9992
9913
10000
9853
10000
9770
9915
9983
9998
9983
9921
10000
10000
9991
9939
9957
10000
9999
9956
9927
9999
10000
9982
9998
9931
9919
9822
10000
9944
9995
9998
9875
9953
9939
9993
10000
9990
9964
9966
9981
9951
9998
9891
9996
9931
9826
9977
9984
9988
10000
9979
9939
9996
9996
9997
9947
10000
9999
9984
9990
9993
9994
10000
9982
9983
9998
10000
9999
9987
10000
9929
10000
10000
9998
9985
9985
9991
10000
9980
9984
9977
9975
9837
9947
9999
9987
10000
9999
9997
9988
9989
9992
9985
9995
9993
9972
10000
9981
9889
9992
9992
9946
9904
9937
9919
9983
9873
9960
9969
9985
9982
10000
9989
9999
9987
9968
9997
9894
9987
10000
9993
10000
9987
9970
9967
9994
9960
9876
9997
9993
9980
9998
9993
10000
9935
9974
9995
9960
9950
10000
9908
9983
9992
9999
9983
9947
10000
9985
9971
10000
9960
9964
9955
9918
10000
9997
9996
9930
9956
9985
9999
9869
10000
9990
9910
9997
9978
9998
9932
9852
10000
9988
9978
9986
9977
9999
9854
9992
10000
9921
9992
9979
9972
9955
9989
9994
10000
10000
9998
9937
9892
9984
9987
9927
10000
9837
9998
9998
10000
9978
9777
9984
9953
9994
9954
9991
9952
9963
9902
9975
9943
9942
9988
9989
9988
10000
9921
10000
10000
9906
9934
9966
9857
9940
9971
9998
9953
9981
9944
9983
9999
9997
9894
9797
9945
9977
9922
10000
9965
9950
