9995
9991
9942
9913
9962
9938
9959
9956
9992
9975
9968
9980
9938
9912
9950
9850
9998
9963
9964
9998
9991
9981
9984
9970
9961
9931
9968
9998
9880
9857
9974
9996
9995
9918
9970
9998
9942
9940
9905
9909
10000
9996
9944
9986
9908
9925
9873
9994
9984
9981
9981
9883
9916
10000
9997
9997
9827
9955
9948
9868
9997
9998
9919
9947
9924
9974
9948
9986
9975
9911
9972
9940
9869
9928
9916
9952
9879
9930
9943
9973
9972
9993
9816
9884
9903
9991
9899
9985
9973
9998
9875
9874
9931
10000
9924
9956
9960
9944
9992
9966
9959
9991
9996
9996
9960
9980
9994
9999
9987
9997
9979
9976
9998
9999
9999
9998
9992
9906
9985
9978
9890
9749
9959
9981
9976
9955
9958
9997
9982
9943
9956
9935
9958
9938
9962
9940
9979
9991
9946
9986
9973
9991
9950
9905
9995
9987
9871
9993
9933
9992
9977
9967
10000
9978
9979
9927
9971
9961
9930
9950
9915
9945
9999
9944
9913
9971
9982
9980
9937
9985
9999
9994
9932
9978
9799
9908
9995
9944
9955
9956
9990
9935
9916
9956
9990
9942
9922
9946
9943
9972
9990
9991
9953
9950
9962
9973
9976
9923
9894
9916
9996
9944
9941
9905
9919
9905
9813
9989
9982
9943
9971
9916
9942
9978
9961
9942
9998
9994
9992
9991
9993
9944
9994
9932
9910
9918
9984
9960
9988
9869
9968
9958
9930
9937
9914
9987
9867
9831
9984
9973
9967
9933
9988
9974
9999
9980
9986
9965
9991
9953
9903
9936
9980
9959
9992
9941
9932
9996
9989
9996
9821
9958
9954
9915
9998
9951
9886
10000
9873
9921
9982
9984
9945
9876
9946
9980
9971
9999
9998
9985
9984
9947
9968
9921
9990
9976
9862
9959
9931
9995
9903
9999
9975
9986
9980
9996
9961
9994
9961
9982
9984
10000
9983
9812
9978
9979
9902
9990
9861
9909
9938
9991
9970
9987
9963
9934
9981
9892
9784
9996
9972
9962
9813
9973
9978
9835
9983
9999
9996
9961
9977
9972
9962
9965
9996
9953
9910
9988
9947
9989
9931
9999
9936
9983
9911
9935
9899
9910
9950
9984
9999
9967
9899
9714
9999
9975
9979
9998
9982
9985
9881
9914
9991
9993
9901
9998
9959
9918
9999
9953
9974
9960
9988
9996
9995
9948
9960
9991
9996
9899
9941
9981
9818
9807
9987
9890
9949
9863
10000
9980
9998
9936
9921
9899
9975
9980
9984
9983
9984
9986
10000
9974
9979
9992
9997
9948
9996
9936
9950
9936
9989
9975
9999
9955
9956
9998
9947
9957
9997
9960
9987
9992
9804
9995
9908
9990
9999
9930
9901
9989
9935
9996
9913
9994
9998
9994
9899
9973
9882
9968
9993
9985
9949
9988
9983
10000
9995
9963
9979
9891
9993
9999
9965
9915
9938
9916
10000
9935
9906
9966
9859
9953
9988
9883
9941
9988
9998
9941
9921
9939
10000
9995
9994
9998
9982
9972
9897
9809
9886
9978
9923
9941
9997
9952
9988
9909
9900
9950
9983
9996
9911
9944
9870
9933
9908
9911
9944
9994
9986
9995
9959
9984
9970
9958
9985
9982
9930
9997
9949
9984
9994
9987
9993
9942
9954
9860
9965
9952
9982
9972
9991
9991
9940
9949
9912
9860
9993
9999
9881
9985
9937
9815
9979
9955
9951
9989
10000
9954
9938
9984
9917
9989
9995
9979
9949
10000
9906
9980
9963
9995
9988
9954
9998
9972
9990
9994
9914
9962
9942
9893
9894
9986
9892
9930
9864
9872
9873
9929
9944
9897
9931
9961
10000
9909
9895
9993
9925
9985
9833
9987
9970
9953
9953
10000
9996
9984
9894
9908
9967
9972
9991
9971
9938
9858
10000
9988
9998
9954
9971
9947
9921
9975
9897
9992
9997
9999
9999
9951
9918
9957
10000
9982
9958
9922
9968
9992
9938
9987
9958
9950
9988
9908
9996
9919
9995
9991
9883
9999
9976
9977
9995
9960
10000
9984
9980
9978
9990
9972
9983
9992
9868
9909
9975
9789
9918
9959
9973
9979
9989
9864
9992
9920
9996
9841
9899
9934
9975
10000
9990
9940
9972
9951
9984
9995
9960
9949
9994
9872
10000
9988
9899
9921
9943
9994
9973
9969
9970
9928
9980
9983
9987
9985
9923
9960
9991
9944
10000
9913
9966
9999
9919
9997
9939
10000
9941
9909
9945
9971
9977
9969
9962
9986
9961
9940
9984
10000
9998
9892
9876
9998
9952
9996
9927
9849
9926
9896
9997
9973
9988
9917
9976
9993
9995
9946
9999
9939
9752
9886
9930
9993
9996
9971
9940
9997
9913
10000
9961
9914
9999
9983
9849
9959
9906
9923
10000
9976
9952
9975
9999
9995
9998
9989
9929
9991
9886
9870
9997
9889
9892
9999
9980
9870
9940
9877
9967
9954
9988
9984
9963
9950
9934
9955
9981
9947
9861
9985
9999
9982
9919
9794
9998
9963
9970
9968
9973
9961
9988
9954
9989
9978
9984
9827
9945
9963
9947
9957
9941
9945
9970
9973
9963
9950
9848
9992
9977
9963
9862
9997
9880
9957
9921
9976
9984
9990
9960
9959
9948
9926
9982
10000
9976
9927
9993
9990
9985
9957
9948
9884
9941
9993
9995
9927
9985
9964
9997
9974
9885
9969
9975
9955
10000
9983
9978
9994
9902
9914
9999
10000
9899
9915
9997
9897
9982
9985
9987
9949
9943
9980
9897
9999
9987
9895
9999
9818
9906
9870
9948
9905
9840
9962
9909
9958
9934
9968
9997
9919
9999
9969
9994
9953
9955
9936
9998
9907
9968
9921
9997
9882
9998
9945
9933
9995
9921
9900
9933
9993
9923
9925
9968
9938
10000
9960
9924
9928
9990
9930
9968
9963
9959
9994
9933
9987
9933
9938
9967
9999
9994
9996
9998
9967
9991
9925
9927
9982
9999
9976
9956
9997
9993
9989
9973
9960
9942
9943
9791
9990
9978
9956
9938
9996
9999
9951
9981
9916
9888
9993
9964
10000
9994
9898
9998
9967
9931
9996
9990
9950
9907
9947
10000
10000
9936
9973
9986
9989
9946
9999
9776
9993
9882
9997
9976
9998
9951
9997
9911
9999
9984
9955
9986
9996
9959
9980
9919
9982
10000
9975
10000
9997
9883
9981
9980
9976
9911
9998
9975
9910
9997
9943
9997
9952
