9918
9986
9906
9904
9937
9946
9895
9950
9999
9948
9890
9995
9999
9947
9999
9978
9981
9955
9962
9996
9954
9990
9954
9963
9941
9994
9913
9900
9901
9920
9849
9984
9953
9976
9957
9904
9996
9993
9965
9949
9979
9992
9884
9815
9954
9904
9996
9909
9999
10000
9951
9983
9999
9976
9987
9999
9967
9997
9925
9935
9964
9907
9960
9977
9987
9976
9982
9982
9961
9929
9977
9986
9988
9988
10000
9866
9989
9988
9997
9993
9988
9977
9970
9931
10000
9937
9967
9999
9992
9833
9997
9961
9989
9998
9975
9992
9938
9998
9964
9991
9924
9802
9997
9864
9974
9856
9990
9998
9999
9962
9982
9907
9999
9887
9888
9995
9945
9940
9972
9924
9962
9983
9921
9977
9961
9903
9913
9915
9997
9991
9956
9952
9895
9809
9980
9995
9936
9992
9991
9944
9932
9954
9994
9975
9892
9931
9986
9923
9971
9966
9994
9974
9993
9986
9999
9933
9999
9962
9991
9942
9961
9947
9905
9857
9943
9960
9960
9829
9975
9936
9834
9972
9916
9950
9866
9875
9983
9898
9952
9859
9933
9948
9941
9911
9989
9989
9907
9828
9999
9877
9880
10000
9966
9840
9978
10000
9989
9976
9851
9976
9953
9965
9965
9934
9910
9829
9998
9996
9903
9972
9948
9944
9945
9929
9980
9910
9849
9997
9969
9987
9997
9874
9978
9997
9987
9878
9998
9862
9961
9993
10000
9956
9902
9982
9954
9915
9870
9969
9880
9914
9996
9941
9991
9981
9906
9982
9989
9902
9806
10000
9991
9973
9999
9966
9802
9944
9976
9833
9978
9995
9816
9996
9915
9911
9935
9968
9985
9978
9996
9980
9999
10000
9963
9908
9974
9898
9922
9857
9998
9934
9995
9972
9915
9960
9965
9902
9976
9940
9927
9948
9769
9965
9933
9976
9889
9918
9930
9961
9947
9964
9971
9998
9966
9961
9995
9941
9957
9877
10000
9914
9889
9983
9969
9872
9985
9830
9985
9911
9885
9979
9936
9921
9969
9978
9955
9983
9994
10000
9873
9972
9994
9795
9978
9985
9954
9944
9998
9907
9853
9996
9856
9987
9971
9961
9943
9948
9955
9910
9992
9985
9998
9890
9838
9997
9905
9935
9899
9952
10000
9999
9920
9932
9952
9966
9889
9970
9962
9867
9889
9951
9990
9943
9911
9883
9933
9943
9998
9977
9999
9896
9991
9871
9950
9986
9950
9993
9960
9999
9994
9978
9988
9909
9860
9926
9984
9838
9957
9964
9924
9920
9968
9998
10000
9935
9775
9996
9914
9936
9985
9927
9967
10000
9998
9999
9949
9977
9994
9966
9983
9848
9983
9977
9989
9995
10000
9943
9807
9965
9976
9887
9926
9950
9884
9943
10000
9966
9967
10000
9902
9926
9897
9987
9883
9995
9927
9855
9941
9999
9926
9941
9998
9940
10000
9996
9915
9940
10000
9961
9914
9884
9861
9994
9827
9965
9979
9924
9966
9931
9914
9971
9927
9987
9921
9968
9920
9872
9997
9874
9937
9957
9938
9989
9948
9970
9985
9998
9980
9986
9841
10000
9990
9985
9977
9988
9992
9983
9999
9856
9999
9993
9944
9778
9993
9882
9967
9944
9884
9980
9946
9985
9943
9760
9970
9941
9867
9955
9775
9883
9991
9953
9919
9869
9937
9897
9972
9927
9999
9999
9974
9809
9956
9968
9936
9965
9999
9930
9940
9997
9997
9988
9984
9862
9916
9945
9888
9867
9992
10000
9913
9946
9899
9920
9988
9874
9981
9999
9968
9935
9998
9995
9981
9998
9993
9942
10000
9995
10000
9979
9970
9949
9887
9995
10000
9868
9872
9988
9917
9941
9999
9998
9969
9998
9989
9821
9988
9982
9992
9957
9900
9913
9999
9998
9983
9868
9991
9917
9988
9959
9993
9892
9989
9997
9994
9989
9905
9824
9941
9975
10000
9919
9964
9990
9999
9954
9909
9917
9891
9959
9995
9986
9936
9938
9957
9970
9999
9979
10000
9949
9836
9872
9855
9955
9950
9982
9957
9998
9993
9962
9967
9957
9963
9840
9961
9946
9962
9817
9995
9995
9976
9989
9957
9986
9947
9969
9977
9882
9986
9844
9849
9936
9915
9935
9975
9990
9896
9922
9788
9969
9896
9839
9867
9923
9950
9992
9985
9925
9982
9953
9967
9971
9967
9964
9965
9905
9973
9960
9989
9920
9980
9981
9887
9995
9990
9953
9952
9954
9998
9993
9991
9943
9981
9906
9930
9887
9905
10000
9990
9879
9889
9938
9998
9968
9999
9881
9970
9903
9961
9999
9987
9889
9910
9987
9874
9952
9995
10000
9966
9963
9961
9940
9977
9935
9876
9984
9936
9869
9953
9934
9993
9936
9964
9934
9909
9979
9997
9865
9996
9944
9873
9950
10000
9907
9958
9986
9989
9992
9982
9941
9970
9948
9992
9938
9932
9965
9995
9952
9920
9985
9958
9993
9998
9990
9964
9992
9945
9914
9919
9831
9928
9939
9986
10000
9950
9885
9894
9984
9888
9870
9964
9979
9920
9865
9890
9998
9982
10000
9988
9996
9889
9960
9996
9850
9979
9994
10000
9869
9952
9934
9955
9979
9977
9994
9887
9913
9969
10000
9924
9931
9924
9983
9987
9976
9935
9930
9954
9963
9978
9882
9885
9970
9958
9931
9924
9826
9929
9937
9957
10000
9890
9969
9987
9966
9972
9953
9977
9895
9899
9999
9949
9988
9996
9915
9938
9993
9926
9984
9996
9937
9984
9986
9975
9946
9954
10000
9948
9947
9998
9965
9965
9965
9955
9951
10000
9992
9828
9970
9982
9921
9987
9920
9893
9896
9906
9995
9991
9911
9912
9993
9960
9977
9979
9973
9992
9981
9930
9982
9980
9993
9963
9895
9890
9992
9998
9985
9907
9939
9939
9938
9980
9985
9995
9999
9866
9944
10000
9956
9869
9928
9951
9924
9932
9858
9956
9954
9928
9906
9975
9933
9953
9962
9901
9990
9930
9827
9962
9850
9993
9933
9942
9967
9986
9950
9948
9804
9971
9949
9985
9891
9965
9849
9987
9899
9899
9920
9983
9996
9963
9978
9941
9904
9987
9993
9928
9944
9959
9951
9941
9969
9978
9964
9997
9891
9988
9946
9922
9976
9910
9921
9993
9999
9969
9959
9994
9996
9930
9856
9938
9995
9998
10000
9954
10000
9888
9897
9908
9992
9995
9934
9934
9980
