9928
9922
9956
9987
9963
9978
9972
9962
9860
9970
9962
9955
9987
9946
9951
9922
9891
9958
9971
9945
9948
9980
9972
9924
10000
9861
9986
9901
9980
10000
9977
9984
9991
9938
9941
9946
9912
9950
9895
10000
9950
9996
9930
9884
9944
10000
9911
9892
9924
9976
9907
9962
9972
9964
9987
9965
9999
9986
9965
9983
9912
9892
9805
9902
9917
9641
9997
9979
9947
9944
9918
9896
9929
9826
10000
9924
9954
9939
9908
9992
9956
9996
9941
9803
9932
9993
9969
9958
9850
10000
9969
9910
9949
9989
9972
9995
9914
9976
9882
9956
9882
9993
9962
9868
9942
9972
9962
9949
9991
9842
9918
9963
9893
9800
9999
9939
9952
9855
9998
9928
9779
9912
9902
9958
9957
9851
9926
9915
9963
9992
9994
9957
9942
9831
10000
9971
9888
9936
9973
9995
9916
9997
9937
9992
9917
9922
9995
9845
9898
9992
9963
9996
9842
9987
9890
9940
9944
9831
9992
9937
9974
9855
9990
9898
9996
9862
9948
9935
9953
9903
10000
9943
9968
9946
9878
9935
9965
9949
9967
9868
9907
9972
9929
9793
9986
9965
9949
9961
9940
9912
9880
9932
10000
9984
9888
9975
9991
9950
9965
9932
9991
9962
9817
9924
9989
9902
9998
9980
9875
9940
9834
9819
9946
9855
10000
9989
9932
9898
9884
9992
9937
9812
9801
9925
9929
9949
9989
9976
10000
9992
9993
9993
9991
9880
9873
9952
9872
9900
9944
9999
9994
9962
9966
9919
9983
9999
10000
9832
9999
9989
9995
9898
9999
10000
9934
9858
9932
9926
9835
9940
9999
9914
9862
9924
9961
9871
9926
9919
10000
9966
9961
9937
9931
9935
9970
9741
9975
9892
9966
9947
9894
9940
9999
9898
9969
10000
9929
9935
9903
9916
9960
9999
9997
9992
9992
9975
9873
9934
10000
9882
9827
9993
9916
9773
9993
9903
9996
9888
9853
9979
9961
9995
9878
9873
9793
9922
9929
9945
9883
9971
9963
9978
9986
9910
9914
9919
9852
9994
9966
9970
9896
9916
9951
9933
9971
9989
9925
9967
9927
9919
9996
9955
9973
9935
10000
9919
9813
9987
9982
9997
9893
9978
9854
9926
9828
9893
9970
9829
9959
9905
9917
9893
9961
9903
9971
9963
9788
9916
9999
9883
9837
9903
9998
9925
9909
9959
9973
9864
9881
9993
9985
9940
9999
9886
9799
9827
9911
9981
9999
9991
9994
9990
9928
10000
9949
9940
9941
9989
9900
9848
9932
9990
9915
9868
9995
9933
9861
9952
9976
9779
9991
9920
9979
9920
9914
9950
9842
9984
10000
9941
9993
9956
9963
9990
9993
9912
9983
9932
9985
9916
9983
10000
9986
9875
9996
9898
9991
9931
9903
9849
9962
9978
10000
9938
10000
9885
9969
9960
9992
9999
9995
9871
9993
9968
9992
9857
9912
9898
9884
9933
10000
9935
9896
9994
9933
9919
9780
9879
9992
9913
9942
9944
9928
9941
9862
9967
9908
9882
9988
9984
9956
9986
9968
9971
9954
9970
9997
9826
9977
9903
10000
9949
9969
9926
9930
9998
9941
9966
9952
9925
9995
10000
9788
9956
9938
9804
9988
9808
9987
9907
9961
9996
9946
9988
9873
9874
9813
9991
9947
9985
9986
9844
9917
9923
9953
9898
9952
9899
9993
9984
9992
9897
9958
9930
10000
9929
9915
9993
9974
9906
9940
9977
9963
9936
9878
9949
9905
9905
9997
9970
9999
9999
9964
9983
9893
9966
9881
10000
9882
9934
9836
9952
9905
9995
9926
9935
9991
9874
9904
9892
9925
9950
9917
9695
9994
9891
9923
10000
9920
9964
9985
9797
9946
9907
9883
9966
9951
9943
9931
9979
9829
9983
9980
9935
9967
9954
9902
9952
9922
9922
9988
9999
9931
9958
9852
9996
10000
9953
9882
9915
9984
9945
9945
9878
9959
9985
9919
9961
9896
9997
9995
9990
9977
9933
9959
9962
9901
9897
9968
9882
9789
9981
9910
9934
9963
9920
9897
9994
9983
9917
9985
9821
9962
9888
9970
9996
10000
9942
9996
9988
9884
9862
9985
9911
9796
9976
9978
9908
9953
9880
9997
9931
9987
9901
9987
9957
9981
9809
9901
9901
9940
9941
9994
9992
9959
9998
9957
9981
9991
9852
9982
9971
9983
9986
9886
9894
9921
9999
9930
9835
9887
9916
9906
9947
9936
9995
9912
9993
9918
9901
9863
9958
9958
9929
9955
9886
9819
9874
9956
9966
9950
9814
9977
9899
10000
10000
9972
9974
9991
9961
9842
9964
9869
9807
9979
9995
9956
9921
9948
9821
9863
9993
9972
9975
9992
9999
9909
9999
9913
9956
9945
9913
9963
9925
9945
9946
9983
9987
9728
9961
9997
9882
9989
9983
10000
9974
9854
9991
9965
9888
9968
9938
9997
9841
9890
9999
9935
9946
9921
9996
9899
9891
9958
9989
9970
9943
9888
9986
10000
9993
9965
9948
9865
10000
10000
9954
9994
9805
9994
9901
9986
9991
9825
9906
9995
9913
9891
9749
9953
10000
9867
9996
9967
9912
9905
9990
9959
9970
9990
9927
9968
9888
9952
9933
10000
9905
9954
9972
9997
9891
9905
9974
9995
9998
9865
9960
9902
9985
9938
9949
9965
9995
9973
9924
9928
9992
9939
9849
9973
9950
9841
9929
9995
9998
9868
9979
9947
9911
9916
9916
9723
9870
9967
9930
9896
9904
9938
9946
9948
9934
9995
9966
9993
9908
9975
9997
10000
9968
9937
9927
9943
9991
9995
9983
9941
9884
9949
9928
9926
9988
9993
9945
9959
9931
9937
9991
9888
9983
9935
9894
9837
9994
9883
9989
9844
9800
9936
9941
9997
9969
9932
9944
9994
9995
9820
9950
9940
9978
9880
9979
9919
9903
9938
9904
9990
9826
9886
9999
9942
9944
9791
9846
9844
9913
9867
9766
9955
9924
9869
9996
9914
9999
9931
9939
9956
9986
9856
9917
9964
9987
9940
9927
9922
9923
9843
9933
9918
9967
9952
9909
9961
9920
9964
9777
9988
9988
9895
9853
9990
9946
9960
9905
9964
9998
9958
9990
9895
9924
9893
9913
9917
9871
9939
9991
9924
9930
9918
9969
9920
9998
9906
9940
9892
9986
9888
9923
9985
9868
9890
9991
9978
9968
10000
9963
9929
9809
9819
9967
9926
9928
