9980
9788
10000
9860
9935
9943
10000
9912
9999
9857
9953
9944
10000
9932
9964
9989
9995
9738
10000
10000
9863
9907
9960
10000
9875
9996
9878
9944
9894
9820
9887
9960
9894
10000
9994
9970
9986
9932
9955
9887
9965
9991
10000
9869
9950
9993
9867
9987
9892
9940
9871
9941
9975
9911
9997
9842
9942
9974
9873
9994
10000
9886
9883
9915
9966
9899
9843
9999
10000
9912
9987
9954
9797
9886
9999
9965
9834
9757
9916
9944
9999
9857
9887
10000
9907
9918
9944
9946
9975
9993
9836
9946
9984
9888
9999
9927
9922
9978
9910
9924
9997
9880
10000
9902
9934
10000
9946
9929
9984
9998
9981
9905
9912
9946
9842
9976
9992
9823
9980
9977
9985
9838
9999
9919
9983
9959
10000
9997
10000
9929
9992
10000
9981
9846
9963
9996
9942
9902
9921
9971
9932
9761
10000
9906
9994
9878
9910
9997
9986
9996
9941
10000
9956
9989
9973
9964
9957
9862
9956
9953
9981
9911
10000
9954
9984
9879
9980
9897
9923
9996
10000
9999
10000
9902
9871
9909
9862
9905
9945
9999
9955
9984
9911
9884
9904
9998
9976
9921
9841
9981
9977
9988
9924
9975
9968
9854
9859
9899
9959
9943
9944
9906
9847
9966
9954
9902
9922
9835
10000
10000
9979
9970
9935
9995
9832
9999
9880
10000
9842
9851
9918
9978
9927
9919
9788
9992
9881
9942
9953
9949
9919
10000
9954
9957
9886
9801
9980
9989
9944
9886
9915
9998
10000
10000
9786
9999
9937
9965
10000
9995
9896
9873
9994
9971
9928
9936
9914
9987
9968
9969
10000
9888
9908
9876
9919
9892
9893
9800
10000
9998
9972
9724
9903
9948
9917
9915
9938
9929
9913
9921
9923
9980
9940
9961
9901
9727
9887
9907
9940
10000
9907
9992
9782
9988
10000
9937
9795
10000
9898
9840
9984
9949
9963
9929
9815
9827
9940
9987
10000
9996
10000
9928
9926
9953
9792
9852
9965
9883
10000
9885
9939
10000
9984
10000
9949
10000
9909
9891
10000
9918
9673
10000
9884
9895
9962
9967
9898
10000
9928
9884
9953
9910
9981
9999
10000
9835
9852
9896
9955
10000
9940
9925
9897
9874
9963
9881
9863
9870
9923
9935
9962
9920
10000
9927
10000
9933
9972
9934
9964
9983
9888
9998
9933
10000
9918
10000
9845
9927
9958
9994
10000
9995
9974
10000
9909
9970
9995
9917
9991
9924
9937
9997
9917
9938
9765
9943
9925
9744
9830
9846
9976
10000
9738
9969
9957
9860
9992
9870
9871
9963
9984
9847
9937
10000
9997
10000
9902
9984
9958
9938
9993
9864
9914
10000
9937
9986
9966
9992
9855
9969
9999
9920
9961
9951
9828
9802
9913
9974
9805
9990
9918
9971
9948
9899
9934
9855
9907
10000
9854
9930
10000
9826
9973
9902
9990
9946
9999
9879
9964
10000
9879
9921
9962
9846
9907
9939
9906
9932
9959
9956
10000
10000
9993
9881
9971
10000
9864
9918
9875
9851
9840
9911
9962
10000
9962
9984
9936
9977
9962
9919
10000
9832
10000
9873
9997
9945
9918
9945
9929
9984
9929
9892
9983
9980
9961
9887
9989
10000
9980
9915
9992
9938
9912
9953
9918
9999
10000
9917
9862
9905
9941
9988
9931
10000
9906
9881
9911
9964
9872
9848
9977
10000
9810
10000
9943
9851
9853
9946
9742
9969
9934
9900
9995
9803
9956
9921
9865
9822
9955
9861
9946
9852
9997
9907
9850
9933
10000
10000
9907
9948
9893
9931
9928
9870
9848
9981
9909
9995
9912
9990
9945
9799
9973
9893
10000
10000
9889
9994
9932
9858
10000
9878
10000
10000
9987
10000
9983
9918
9971
9974
9813
9874
9997
9937
9948
9964
9944
9912
9881
9949
9970
10000
9940
9872
9966
9905
9943
10000
10000
9938
9977
9988
9885
9975
9980
9897
9895
9998
9950
9987
9972
9916
9960
9979
9967
9946
9987
9982
9987
9921
9791
9915
9982
9859
9818
9986
9992
9852
10000
9926
9894
9993
10000
9916
10000
9903
9854
9909
9911
9965
9929
9997
9808
9871
9983
9961
9938
10000
9879
9889
9905
10000
9928
9988
9841
9915
9984
9893
9897
9909
9930
10000
9902
9989
9857
9986
9946
9978
9864
9817
10000
9781
9949
10000
9994
9945
10000
10000
9869
9878
9958
9982
10000
9860
9901
9832
9895
9999
9967
9996
9853
9890
9882
9968
9967
9998
9962
9996
9994
9985
9924
9979
9936
9829
9964
10000
9906
9910
9902
9911
9758
9999
9894
9698
9997
9886
9951
9988
9917
9997
9889
9975
9900
9972
9825
9929
9968
9812
9840
10000
9850
9879
9864
9995
9897
9906
9894
10000
9864
9887
9918
9882
10000
9935
9975
9893
9932
9878
9971
9831
9962
9997
9868
9925
9939
9986
9999
9873
9982
9944
9967
9921
9946
9947
9994
9838
9885
9937
9975
9936
9799
10000
9996
9959
9851
10000
9969
9945
10000
9835
9997
9943
9933
9969
9885
9979
9923
9959
9864
9846
10000
9995
9845
9919
9861
9954
9881
9883
10000
9915
9907
9997
10000
9898
9958
9879
9902
9897
9946
9977
9992
9993
9987
9990
9957
9887
9936
9899
9905
10000
9990
9962
9863
9883
10000
9983
9989
9900
9763
9923
9996
9946
9974
10000
10000
9898
10000
9965
9981
9920
9883
9908
9911
9987
9970
9957
10000
9744
9944
9997
9953
9909
10000
9998
9998
9956
9862
10000
9937
9938
9995
9879
9904
9956
9903
9931
9985
10000
9921
9844
10000
9899
9989
9867
9941
10000
9945
9975
9896
9960
9878
9928
9935
9972
9886
9884
9887
9925
9910
9997
9908
9944
9920
10000
9903
10000
9862
9968
9985
9955
9971
9964
9950
9810
9999
9948
9943
9923
9856
9965
9894
9983
9977
9902
10000
9976
9942
9899
9916
9987
9971
9995
9961
9942
9904
10000
9899
9797
10000
9963
9943
9991
10000
9994
9932
9947
9828
9999
9994
9925
9891
9995
9832
9992
9970
9958
9951
10000
9890
9764
9965
9990
9921
9956
9944
9937
9915
9882
9967
9883
9927
9932
9964
9646
9893
9841
9927
9906
9960
9968
9929
9966
9979
9982
9959
9913
9962
9890
9979
9935
10000
9991
9951
9983
9885
9904
9983
9905
9778
9986
