9894
9736
9834
9935
9861
9918
9975
9870
9885
9931
9644
10000
9812
9922
9930
9904
9626
9945
9863
9755
9966
10000
10000
9911
9839
9952
9983
9851
9891
9982
9938
9937
9847
9844
9844
9883
9744
9414
9864
9941
10000
9884
9928
9562
10000
9739
9878
9957
9893
9788
9773
9928
9779
9819
9822
9956
9588
9979
9935
9874
9506
9895
9899
9832
9917
9841
9937
9726
9771
9909
9879
9856
9669
9930
9957
9839
9786
9955
9895
9992
9924
9888
9921
9830
9818
9882
9837
9855
9860
9909
9933
9815
9848
9914
9917
9753
9727
9893
9806
10000
9827
9729
9852
9716
9870
9798
10000
9906
9915
9910
9898
9912
9919
10000
9875
9568
9923
9932
9907
9794
9931
9699
9833
9984
9927
9897
9833
9426
9844
9997
9663
9822
9886
10000
9900
9885
9982
9903
9850
10000
9850
9823
9970
9965
9950
9912
9837
9860
9635
9715
9890
9941
9684
9766
9651
9862
9821
9694
9957
9887
9905
9978
9956
9956
9783
9928
9689
9941
9760
9996
9885
9862
9689
9804
9913
9855
9903
9887
9807
9529
9705
9920
9919
9916
9881
9936
9867
9877
9949
9837
9661
9771
9862
9470
9627
9736
9910
9705
9723
9753
10000
9999
9956
10000
9858
9833
9905
9871
9963
9944
9801
9877
9850
10000
9795
9925
9879
9943
9926
9882
9935
10000
9824
9938
9907
9866
9817
9616
9912
9840
9722
9938
9961
9835
9965
9906
9826
9933
9875
9861
9756
9950
9626
9864
9961
9837
9995
9903
9891
9846
9850
9805
9934
9667
9934
9884
9900
9872
9921
9740
9918
9670
9910
9676
9764
9941
9863
9466
9763
9938
9917
9888
9949
9836
9705
9660
9787
9876
9950
9954
9829
9929
9765
9979
9991
9747
9960
9864
9791
9960
9823
9999
9858
9859
9728
9934
9852
9766
9888
9881
9740
9927
9795
9576
9828
9857
9928
9938
9947
9902
9798
9852
9803
9926
9784
9876
9736
9944
9988
9928
10000
9908
9649
9843
9996
10000
9796
9706
9901
9929
9744
10000
9792
9895
9514
9905
9520
9857
9965
10000
9928
9458
9867
9872
9902
9688
9925
9865
9899
9680
9849
9890
9910
9768
9893
9986
9896
9841
9929
10000
9825
9813
9857
9896
9892
9888
9859
9935
9860
9958
9781
9962
9889
9857
9980
9719
9914
9932
9903
9971
9923
9891
9843
9912
9939
9932
9810
9787
9895
9618
10000
9628
9903
9848
9750
9916
9695
9999
9799
9663
9927
9960
9660
9930
9899
9911
9776
9993
9940
9903
9893
9992
9895
9827
9903
9938
9916
9927
9752
9839
9617
9848
9902
9841
9965
9557
9972
10000
9838
9757
9913
9939
9829
9803
9904
9931
9898
9936
9888
9878
9966
9698
9904
9938
9901
9758
9894
9948
9622
9848
10000
9860
9958
9710
10000
9904
9949
9892
9882
9767
9906
9931
9903
9813
9342
9942
9782
9984
9982
9877
9860
9802
9830
9885
9985
9968
9965
9841
9889
9958
9819
9824
9931
9966
9837
9716
9904
9885
9855
9837
9975
9913
9860
9941
9880
9920
9777
9938
9779
9734
9680
9821
9789
9888
9788
9839
9825
9654
9870
9954
9937
10000
9871
9922
9831
9899
9981
9933
9742
9860
9811
9574
9910
9847
9894
9890
9732
9920
9994
9796
9868
9973
9995
9919
9915
9914
9778
9908
9904
9865
10000
9914
9882
9875
9854
9858
9787
9953
9926
9826
9883
9987
9851
9953
9531
9639
9896
9902
9704
9947
9960
9821
9959
9889
9964
9969
9883
10000
9848
9893
9723
9777
10000
9822
9931
9930
9834
9614
9795
9935
9568
9743
9964
10000
9911
9956
9770
9853
9973
9909
9896
9737
9966
9881
9706
9954
9747
9807
9890
9902
9608
9539
9964
9686
9748
9928
9945
9937
9989
9672
9928
9959
9790
9841
9979
9832
9729
9696
9781
9940
9904
9765
9822
9961
9897
9972
9778
9909
9913
9741
9848
9783
9853
9932
9732
9881
9742
9823
9893
10000
9904
9942
9856
9998
9861
9908
9821
9680
9757
9989
9633
9936
10000
9829
9787
9954
9872
9724
9752
9992
9802
9456
9657
9831
9878
9945
9543
9919
10000
9902
9925
9807
9997
9729
9797
9648
9860
9901
9917
9825
9859
9935
9899
10000
9791
9907
9813
9858
9522
9969
9903
9792
9902
9671
10000
9827
9933
9792
9901
9939
9884
9934
9809
9941
9930
9868
9921
9926
9766
9962
9849
9946
9927
9979
9926
9913
9783
9930
9797
9825
9905
9799
9865
9858
9928
9802
9895
9767
9936
9775
9918
9638
10000
9629
9900
9906
9949
9932
9934
9966
9934
9714
9587
9910
9939
9888
9873
9944
9138
9931
9952
9806
9708
9936
9954
9878
9872
9790
9956
9969
9924
9653
9970
9916
9935
10000
9754
9860
10000
9765
10000
9973
9865
9841
9928
9733
9758
9731
9926
9914
9905
9916
9818
9877
9906
9844
9788
9950
9952
9952
9956
9793
9896
9892
9957
9937
9643
9878
9869
9898
9915
10000
9824
9880
9838
9882
9949
9803
9877
9923
9788
9923
9912
9912
9932
10000
9731
9890
9720
9950
9932
9854
9710
9921
9928
9676
9696
9825
9883
9718
9737
9915
9928
9832
9779
9908
9838
9918
9910
9748
9911
9620
9832
9570
9754
9466
9902
9841
9711
9859
9950
9934
9759
9450
9908
9801
9969
9662
9827
9910
9897
9853
9880
9964
9918
9954
9801
9930
9903
9901
9916
9933
9960
9605
9929
9913
9845
9974
9900
9923
9935
9733
9933
9957
9904
9879
9830
9805
9966
9820
9740
9884
9783
9769
9840
9897
9937
9966
9906
9936
9932
9863
9938
9932
9721
9897
9999
9930
9702
9953
9884
9899
9921
10000
9918
9955
9844
9741
10000
9651
9946
9862
9919
9868
9793
9704
9889
9809
9936
9887
9907
9880
9693
9883
9824
9887
9710
9943
9795
9849
9636
9916
10000
9883
9950
9951
9910
9731
9919
9907
9946
9520
9850
9936
9942
9898
9864
9839
9893
9920
9961
9834
9969
9828
9751
9827
9733
9944
9761
9874
9861
9765
9807
9924
9652
9942
9882
9878
9933
9938
9893
9852
9936
9853
9855
9815
9797
9823
9934
9902
9883
9804
9967
9880
9977
9956
9841
9941
9973
9899
