9908
9988
9872
9874
9775
9808
9890
9720
9989
9902
9990
9712
9932
9814
9867
9872
9745
9845
9966
9732
9650
9818
9926
9849
9911
9971
9861
9741
9826
9807
9758
9878
9943
9918
10000
9911
9904
9717
9831
9821
9910
9925
9976
9859
9889
9714
9886
9826
9982
9828
9939
9513
9924
9845
9957
9803
9953
9846
9917
9506
9885
9578
9941
9841
9818
9915
9917
9987
10000
9986
9879
9526
9775
9602
9974
9949
9820
9953
9871
9796
9829
9892
9810
9678
9598
9858
9918
9948
9878
9860
9655
9892
9890
9916
9540
9923
9687
9909
9840
9902
9858
9865
9807
9869
9615
9915
9905
9465
9918
9315
9930
9984
9753
9657
9946
9657
9799
9811
9754
9944
9924
9876
9926
9945
9955
9907
9956
9570
9896
9945
9958
9867
9884
9587
9708
9935
9903
9931
9912
9941
9951
10000
9792
9911
9967
9777
9902
9966
9926
9830
9893
9940
9925
10000
9578
9893
9814
9774
10000
9955
9863
9894
9798
9908
9830
9907
9626
9892
9814
10000
9971
9922
9967
9952
9992
9801
9829
9886
9803
9954
9880
9845
9822
9820
9657
9949
9783
9811
9965
9931
9903
9938
9961
9935
9943
9961
9954
9974
9926
9917
9851
10000
9689
9889
9828
9941
9926
9824
9851
9993
9873
9922
9895
9940
9974
9858
9899
9841
9927
9820
9974
9951
9858
9916
9780
9939
9937
9925
9543
9816
10000
9723
9876
9994
9938
9875
9930
9859
9969
9874
9940
9991
9877
9907
9786
9863
9819
9911
9955
9947
9921
9740
9854
9800
9640
9789
9701
9960
9909
9882
9800
9943
9900
9897
9898
9930
9972
9904
9912
9803
9699
9971
9906
9901
9681
9865
9765
9665
9996
9948
9927
9281
9816
9844
9919
9913
9906
9927
9858
9501
9848
9788
9856
9938
9945
9786
9951
9904
9926
9784
9840
9911
9938
9664
9739
9849
9962
9679
9998
9946
9918
9823
10000
9915
9572
9708
9951
9806
9951
9863
9956
9768
9913
9920
9898
9620
9960
9902
9837
9911
9877
9892
9791
9925
9805
9917
9860
9895
9934
9831
9775
9901
9889
9948
9894
10000
9698
9988
9884
9887
9948
9795
9908
9977
9883
9967
9821
9870
9909
9748
9831
9706
9896
9912
9935
9870
9821
9970
9850
9838
9917
9887
9871
9751
9922
9958
9941
9676
9937
9931
9982
9907
9868
9981
9772
9925
9791
9950
9982
9957
9805
9845
9992
9792
9982
9821
9941
9940
9894
9921
9878
9947
9879
9916
10000
9748
9877
9696
9928
9932
9923
9879
9960
9898
9973
9590
9989
9928
9948
9983
9884
9969
9663
10000
9951
9751
9902
9941
9884
9911
9884
9609
9858
9761
9895
9925
9840
9916
9889
9960
10000
9945
9779
9888
9944
9815
9878
9846
9916
9970
9903
9431
9941
9852
9563
9880
9721
9922
9894
9837
9864
9870
9859
9957
9908
9896
9844
9650
9934
9935
9906
9961
9930
9915
9893
9814
9772
9797
9863
9927
9846
9559
10000
9810
9953
9858
9789
9811
9727
9801
9924
9590
9774
9932
9458
9760
9833
10000
9901
9782
9867
9948
9944
9960
9691
9646
9930
9826
9781
9904
9852
9628
9959
9727
9933
9832
9977
9900
9741
9881
9954
9923
9826
9871
9899
9522
9829
9925
9958
9708
9759
10000
9829
9890
9845
9900
9860
9900
9925
9659
9922
9885
9909
9908
9933
9658
9952
9477
9928
9782
9842
10000
9904
9878
9853
9847
9767
9906
9892
9846
9884
9826
9549
9815
9800
9860
9926
9936
9831
9929
9882
9898
9972
9615
9907
9773
9873
9866
9880
9943
9913
9960
9937
10000
9969
9833
9789
9964
9785
9893
9419
9623
9866
9913
9935
9835
9940
9891
9923
9830
9769
9876
9935
9930
9463
9814
9926
10000
9993
9708
9992
9904
9896
9852
9907
9952
9838
9968
9881
9722
9790
9829
9747
9847
9903
9727
9884
9763
9681
9733
9883
9695
9861
9573
9839
9616
9863
10000
9889
10000
9816
9668
9947
9866
9864
9932
9845
9926
9932
9901
9837
9830
9957
9885
9808
9941
9886
9954
9848
9867
9869
9890
9906
10000
9811
9723
9791
9668
9926
9458
9680
9446
9733
9808
9845
9901
9633
9957
9967
9848
9924
9837
9856
9970
9866
9912
9925
9866
9946
9908
9945
9995
9860
9841
9892
9901
9891
9960
9768
9783
9891
9950
9883
9813
9865
9999
9899
9867
10000
9469
9775
9796
9920
9878
10000
9876
10000
9873
9830
9746
9718
9414
9857
9833
9945
9566
9879
9927
9806
9837
10000
9924
9858
9676
9856
9838
9718
9749
9775
9896
9948
9927
9805
9809
9882
9798
9914
9920
9911
9905
9972
9917
10000
9876
9852
9753
9828
9975
9913
9930
9819
9883
9956
9906
9678
9785
9818
9579
9985
9997
9728
9880
9639
9884
9948
9822
9660
9969
9793
9730
10000
9673
9996
9811
9941
9737
9906
10000
9896
9998
10000
9928
9868
9818
9895
9895
9672
9938
9940
9836
9781
9922
9845
9997
9845
9920
9743
9895
9898
9878
9882
9692
9876
9811
9730
9875
9846
9882
9900
9676
9811
9643
9951
9818
9790
9856
9923
9685
9742
9960
9839
9833
9976
9928
9993
9923
9873
9829
9748
9929
9861
9499
9927
9808
9883
9939
9816
9824
9817
9948
9913
9809
9816
9945
9880
9951
9971
9899
9984
9744
9921
9848
9941
9995
9966
9420
9887
9874
9988
9931
9976
9940
9997
9843
9891
9946
9919
9937
9659
9943
9817
9822
9969
9675
9842
9841
9751
9622
9674
9795
9923
9964
9720
9883
9597
9876
9675
9929
9912
9780
9791
9914
9711
9953
9773
9903
9940
9895
9810
10000
9690
9846
9899
9752
9810
9823
9817
9829
9862
9908
9967
9777
10000
9951
9855
9956
9899
9931
9880
9902
9883
9793
9832
9908
9776
9803
9878
9913
9511
9853
10000
9821
9979
9758
9943
9884
9843
9910
9884
9878
9908
9990
9906
9940
9921
10000
9648
9664
9906
9857
9801
9877
9927
9519
9885
9823
9534
10000
9938
9893
9719
9883
9816
10000
9861
9904
9915
9833
9910
9811
9929
9798
9728
9917
9851
9825
9884
9779
9931
9918
9776
9727
9938
9903
9699
9931
9925
9838
9815
9819
