9985
9976
9978
9995
9964
9913
9968
9902
9961
9916
9987
9998
9984
9999
9958
9914
9976
9998
9919
9991
9966
9968
9955
9850
9955
9860
9946
9998
10000
9956
9961
9930
9887
9969
9943
9954
9968
9952
9888
9956
9975
9993
9901
9998
9968
9966
9999
9988
9972
9999
9998
9863
9937
9987
9959
9971
9982
9938
9955
9870
9994
10000
9989
9826
9998
9917
9990
9959
9939
9996
9941
10000
9980
9977
9949
9999
9965
9900
9931
9974
9888
9878
9844
9980
9920
9989
9976
9933
9943
9958
9993
9969
9909
9963
9893
9848
9868
9968
9900
9939
9917
9962
9892
9995
9966
9968
9919
9949
9956
9994
9990
9996
9973
9989
9865
9993
9986
9958
9891
9956
9941
9857
9949
9850
9848
9949
9980
9954
9920
9995
9964
9933
9925
9881
9955
9953
9992
9955
9909
9943
9835
9978
9953
9998
9828
9956
9998
9865
9907
9844
9977
9984
9878
9908
9976
9980
9903
9988
9920
9916
9948
9862
9945
9848
9751
9873
9934
9974
9950
9978
9926
10000
9875
9958
9848
9995
9970
9873
9977
9994
9964
9988
9922
9942
9962
9971
9964
9886
9851
9858
9852
9997
9949
9978
9962
9939
9884
9960
9994
9913
9968
9979
9943
10000
9958
9950
9865
9898
9952
9977
9969
9875
9941
9955
9893
9929
9997
9965
9996
9952
9949
9874
9904
9846
9907
9886
9973
9988
9960
9936
9999
9999
9906
9976
10000
9986
9945
9984
9874
9890
9990
9970
9967
9914
10000
9961
9974
9966
10000
9995
9991
9971
9854
10000
9984
9877
9990
9946
9969
9925
9904
9999
9932
9988
9903
9971
9916
9933
9971
9925
9993
9967
9942
9952
9878
9884
9974
9956
9979
9975
9906
9831
9825
9975
9828
9989
9952
9842
9894
9944
9980
9895
9895
9940
9913
9948
9941
9971
9918
9954
9994
9866
9855
9878
9887
9956
9826
9960
9945
9972
9977
9983
9903
9981
9993
9982
9981
9918
9908
9927
9894
9981
9962
9976
9882
9949
9959
9997
9999
10000
9894
9914
9999
9909
9994
9952
9871
9994
9977
9990
9906
10000
9983
9914
9977
9982
9828
9966
9974
9917
9897
9717
9959
9882
9996
9952
9923
9970
9996
9957
9897
9811
9909
9909
9963
9967
9893
9989
9927
9949
9979
9783
9911
9958
9991
9923
9937
9920
9938
9966
9914
9934
9986
9915
9904
9982
9880
9892
9917
9931
9916
9902
10000
9997
9990
9942
9937
9922
9999
9963
9820
9938
9927
9872
9941
9970
9905
9903
9972
9893
9963
9851
9914
9964
9957
9934
9902
9971
9891
9980
9986
9849
9908
9974
10000
9938
9880
9933
9965
9992
9967
9993
9913
9933
9854
9977
9944
9999
9972
9844
9990
9960
9981
9809
9908
9967
9999
9921
10000
9996
9967
9930
9816
9997
9985
9966
9811
9957
9864
9983
9929
9928
9994
9886
9953
9999
9915
9985
9909
9952
9927
9982
9968
9995
9993
9843
9952
9907
9908
9981
9866
9991
9979
9952
9986
9999
9991
9956
9958
9917
9840
9930
9951
9922
9980
9938
9868
9976
9968
9897
9936
9957
9982
9960
9985
9999
9920
9827
9839
10000
9842
9917
9993
9997
9880
9988
9976
9934
9926
9921
9937
9950
9972
9923
9993
9917
9958
9924
9947
9980
9895
9943
9944
9908
9990
9949
9932
9997
9982
9963
9939
9982
9922
9877
9944
9997
9881
9896
9984
9875
9929
9945
9979
9993
9931
9957
9998
9988
9922
9939
9966
9919
9882
9999
9975
9970
9999
9962
9997
9956
9879
9998
9896
9982
9947
9907
9858
9909
9991
9942
9984
9983
9987
9992
9989
9901
9986
9919
9938
9970
9951
9934
9916
9983
9991
9961
9960
9973
9922
9938
9986
9913
10000
9988
9955
9958
9990
9946
9959
9999
9984
9981
9943
9965
9942
9998
9974
9958
9940
9901
9894
9996
9920
9995
9978
9971
9920
9932
9967
9955
9862
9986
9967
9945
9874
9889
9911
9973
9998
10000
9989
9999
9873
9989
9954
9902
9901
9867
9890
9865
9984
9997
9976
9912
9984
9993
9952
9962
9967
9982
9947
9855
9987
9923
9985
9845
9964
9986
9975
9909
9899
9945
9918
9992
9990
9719
9951
9963
9942
9956
9978
9963
9983
9877
9956
9999
9823
9949
9867
9938
9989
9967
9998
9970
9921
9971
9855
9994
9980
9986
10000
9948
9960
9910
9999
9955
9972
9897
9913
9957
9838
9867
9988
9930
9894
9809
9992
9962
9969
9865
9853
10000
9950
9904
9891
9935
9985
9985
9990
9961
9934
9861
9955
9971
9917
9940
9994
9926
9950
9949
9995
9923
9994
9994
9915
9910
9988
9887
9973
9915
9968
9888
9943
9926
9993
9894
9935
9995
9997
9873
9987
9993
9992
9976
9984
9989
9974
9931
9988
9886
9988
9964
9950
9945
9902
9982
9993
9861
9922
9971
9903
9930
9959
9934
9990
9933
9976
9942
9999
9999
9970
9933
9809
9940
9833
9941
9960
9954
9938
9927
9942
9941
9916
9994
9794
9999
9959
9922
9932
9925
9960
10000
9995
9892
9958
9938
9908
9986
9962
9906
9997
9953
9918
9987
9844
9952
9952
9881
9946
9898
9938
9987
9953
9804
9934
9890
9969
9964
9972
9923
9937
9954
9985
9978
9926
9929
9898
9968
9998
9897
9941
9981
9856
9952
10000
9996
9928
9967
9912
9980
9944
9901
9980
9967
9894
9897
9952
9891
9980
9970
9975
9872
10000
9970
9930
9998
9992
9979
9897
9960
9984
9994
9943
9990
9960
9975
9916
9909
9984
9985
9951
9918
9999
9828
9981
9984
9930
9999
9894
9814
9987
9970
9919
9925
9845
9837
9913
9989
9824
9984
9788
9895
9791
9941
9948
9894
9919
9979
9986
9958
9968
9990
9751
9984
9946
9999
10000
9990
9869
9890
9975
9971
9985
9794
9999
9991
10000
9923
9948
9905
9999
9988
9937
9938
9996
9998
9913
9997
9964
9983
9998
9954
9955
9938
9913
9897
9942
9926
9925
9998
9986
9992
9989
9918
9944
9919
9977
9977
9972
9969
9963
9949
9987
9990
9829
9911
9972
9903
9953
9901
9960
9993
9967
9871
9805
9799
9951
9924
9771
9969
9862
9943
9974
9995
9978
9993
9951
9915
9999
9999
