9976
9927
9523
9823
10000
9947
9959
9734
9955
9835
9873
9846
9882
9443
9829
9941
9939
9952
10000
9756
9663
9863
9844
9898
9873
9819
9931
10000
9906
9881
9715
9951
9733
9786
9916
9822
9491
9893
9864
9906
9948
10000
9736
9923
9919
9883
9979
9940
9828
9682
9844
9873
9843
9598
9907
9861
9956
9720
9933
9973
9909
9855
9833
9703
9886
10000
9863
9908
9851
9849
9850
9926
9958
9852
9872
9919
9687
9962
9953
9914
9794
9850
9576
9887
9944
9953
9907
9905
9687
9948
9921
9886
9889
9965
9444
9880
9941
9928
9648
9807
9816
9853
9990
9888
10000
9934
9824
9828
9910
9845
9988
9928
9724
9814
9890
9879
9778
9335
9964
9583
9941
9928
9662
9952
10000
9783
9940
9882
9918
9569
9746
9834
9886
9833
9915
9959
10000
9834
9889
9927
9644
9936
9837
9873
9772
9901
9903
9896
9844
9437
9884
9976
9812
9882
9986
9933
9813
9852
9891
9989
9900
9896
9595
9764
9818
9651
9916
9945
9850
9806
9857
9975
9891
9882
9928
9895
9671
9893
9689
9883
9660
9990
9800
9856
9842
9653
9953
9913
9843
9932
9930
9961
9825
9885
9988
9901
9474
9923
9831
9774
9776
9980
9891
9768
9833
9846
9192
9939
9660
9849
9888
9875
9787
9849
9993
9911
9712
9765
10000
9939
9940
9733
9876
9825
9903
9522
9880
9894
9960
9872
9998
9983
9837
9877
9849
9868
9906
9702
9573
9878
9923
9846
9925
9721
9956
9926
9930
10000
9996
9897
9850
9768
9973
9846
9920
9790
9889
9848
9847
9923
9631
9515
10000
9920
9964
9865
9911
9877
9807
9834
9957
9730
9776
9784
10000
9818
9913
9975
9903
9820
9891
9987
9969
9875
9935
10000
9870
9936
9963
9949
9589
9840
9859
9928
9946
9922
9936
9929
9736
9901
9996
9770
10000
9796
9892
9929
9862
9860
9968
9924
9869
10000
9964
9911
9851
9829
9556
9916
9913
9831
9903
9940
9658
9818
9636
9949
10000
9880
9751
9751
9901
9827
9746
9883
9932
9905
9920
9798
9814
9888
9858
9953
9778
9899
10000
9908
9939
9954
9929
9919
9894
10000
10000
9953
9711
9657
9949
10000
9421
9823
9896
9546
9921
9995
9880
9368
9950
9515
9930
9744
9903
9941
9696
9858
9910
9914
9895
9790
9759
9921
9724
9877
9613
10000
9947
9614
9814
9995
9916
9893
10000
9910
9706
9884
9891
9964
9824
9896
9968
9992
9923
9950
9866
9738
9837
9944
9984
9943
9997
9632
9883
9648
9868
9874
9913
9885
9716
9627
9900
10000
9884
9823
9947
9913
9694
9573
9838
10000
9835
9914
9911
9769
9445
9908
9928
9825
9924
9933
9813
9906
9890
9971
9958
9939
9909
9755
9999
9853
9864
9817
9985
9988
9966
9943
9976
9865
9833
9871
9832
9771
9960
9899
9902
9581
9947
9795
9881
9892
9947
9908
9937
10000
9897
9836
9942
9663
9773
9944
9887
9742
9870
9941
9786
9996
9882
9968
9947
9870
9845
9770
9894
9906
9884
9924
9742
9928
10000
9925
9405
9903
9898
9996
9913
9911
9912
9819
9749
9720
9872
9549
9907
9941
9926
9945
10000
9953
9803
9848
9713
9721
9787
9975
9977
9959
9877
9955
9914
9751
9915
9928
9881
9764
9704
9613
9910
9843
9609
9794
9931
9929
9994
9836
9927
10000
9888
9803
9844
9955
9923
9789
9922
9862
9862
9892
9856
9913
9940
9610
9862
9763
9916
9772
9841
9890
9888
9952
9879
9841
9862
9912
9879
9860
9790
9835
9945
9963
9842
9913
9880
10000
9834
9874
9841
9973
9610
9795
9685
9927
9866
9696
9879
9864
9922
9952
9763
9931
9651
9781
10000
9917
9831
9772
9842
9866
9613
9904
9895
9828
9816
9897
9931
9989
9485
9924
9881
9846
10000
9820
9991
9845
9919
9935
9729
9778
9945
10000
10000
9963
9975
9779
9876
9899
9936
9836
9984
9781
9747
10000
9888
9815
10000
9938
9935
9826
9778
9940
9861
9974
10000
9675
9916
9925
9697
9709
9777
9985
9878
9918
9909
9742
9922
9926
9843
9731
9868
9915
9909
9942
9960
9925
9858
9706
9925
9942
9958
9815
9809
9956
9874
9915
9898
9809
9986
9987
9795
10000
9965
9937
9900
9984
9885
9836
9931
9804
9856
9601
9465
9757
9888
9964
9719
9768
9976
9961
9908
9937
9710
9998
9775
10000
10000
9872
9700
9794
9799
9866
9744
9868
9886
9806
9913
9918
9853
9593
9754
9831
9891
9879
9987
9937
9925
9847
9861
10000
9502
9927
9941
10000
9677
9925
9577
10000
9757
9810
9972
9855
9949
9969
9917
9965
9855
9966
9826
9832
9710
9919
9899
9909
9928
9892
10000
9911
9936
9746
9780
9578
9912
9964
9924
9835
9967
9793
9698
9940
9846
9949
9864
9708
9812
9877
9902
9963
9866
9683
9948
9781
9880
9929
9819
9960
9831
9727
9753
9884
9991
9915
9891
9887
9545
9906
9958
9865
9899
9738
9987
10000
9921
10000
9770
9864
9917
9933
9963
9981
9955
9913
9959
9939
9922
9911
9932
9925
10000
9858
9855
9808
9884
9913
9928
10000
9793
9888
9922
9885
9947
9833
10000
9922
9999
9884
9964
9912
9923
9732
9806
9844
9645
9947
9894
9885
9837
9863
9899
9922
9793
9916
9840
9787
9879
9769
9914
9855
10000
9803
9602
9919
9892
9752
9924
9924
9887
9686
9891
9390
9982
9921
9769
9736
9902
9893
9854
9839
9959
9903
9963
9865
9912
9970
9861
9840
9864
9870
9866
9851
9966
9720
9697
9885
9891
9879
9834
9738
9841
9515
9872
9770
9902
9877
9865
9958
9955
9886
9530
9880
9963
9956
9900
9882
9709
9978
9875
9880
10000
9768
9915
9806
9742
9648
9950
9926
10000
9810
9960
9872
9936
9860
9911
9928
9976
9829
9529
9832
9996
9774
9364
9894
9945
9691
10000
9883
9965
9896
9876
9875
9950
9769
9984
9808
9870
10000
9933
9578
9899
9862
9905
9903
9888
9867
9880
9942
9984
9926
9984
9723
9840
9778
10000
9899
9860
9952
9660
9929
9861
9910
9926
9811
9580
9884
9814
9871
9739
9973
9851
9842
9958
9914
9772
9886
9949
9850
