9860
9793
9888
9897
9881
9916
9973
9820
9900
10000
9791
9739
10000
9833
9914
9880
9865
9891
9849
9862
9853
9871
9877
10000
9876
9903
9809
9732
9822
9571
9728
9847
9930
9666
9974
9777
9808
9694
9861
9735
9458
10000
9738
9956
9864
9481
9945
9988
9764
9960
9984
10000
9770
9628
9919
9844
9826
9828
9844
9744
9697
9895
9814
9511
9879
10000
9758
9863
9893
9840
9934
9948
9862
9738
10000
9655
9772
9885
9978
9894
9834
9867
9908
9948
9928
9781
9936
9955
9655
10000
9859
9653
10000
9878
9751
9842
9878
9928
9920
9704
9922
9809
9785
9916
9717
9732
9744
9828
9834
9809
9984
9718
9858
9956
9863
9940
9806
9801
10000
9912
9963
9943
9951
9927
9917
9873
9819
9860
9861
9756
9787
10000
9929
9923
9740
9816
9853
9940
9842
9887
9781
9942
9929
9924
9936
9911
9741
9565
9881
9616
9868
9934
9889
9853
10000
9506
9936
9787
9900
9904
9969
9823
9706
9866
9928
9818
9800
10000
9824
9767
9910
9921
9691
9825
9889
9912
9886
10000
9821
9686
9959
9867
9940
9955
9864
9934
9873
9861
9919
9682
9808
9865
9848
9828
9986
9939
9908
9905
9874
9946
9933
10000
9828
9929
9497
9902
9903
9952
9798
9382
9923
10000
9717
9712
9864
9858
9815
9950
9917
9824
9885
9949
9961
9895
9773
9810
9946
9896
9769
9762
9889
9833
9891
9825
9935
9822
9763
9635
9874
9864
9881
9955
9598
9953
9827
9942
9685
9899
9985
9941
9717
9848
9801
9523
9839
9673
9952
9854
9791
9886
9908
9786
9625
9874
9895
9939
9681
9860
9949
9837
9952
9852
9939
9561
9841
9860
9930
9938
9750
9946
9899
9951
9998
9474
9739
9990
9995
9927
9895
9930
9944
9947
9735
9882
9947
9899
9892
9920
9900
9760
9821
9957
9849
9917
9946
9977
9799
9972
9885
10000
9764
9901
9904
9926
9758
9844
9830
9746
9893
9802
9929
9900
9870
9891
9899
9824
9959
9922
9851
9802
9966
9943
9906
9909
9866
9859
9869
9806
9944
9939
9903
10000
9527
9868
9938
9836
10000
9838
9767
9786
9980
9925
9945
9967
9338
9933
9794
9676
9916
9998
9893
9980
9592
9873
9871
9945
9989
9914
9660
9884
9967
9915
9820
9879
9870
9927
9801
9349
9928
10000
9880
9622
9727
9731
9927
9940
9789
9735
9925
9788
9933
9787
9848
9721
9749
9906
10000
9865
10000
9973
9957
9869
9998
9819
9868
9484
9866
9920
9965
9805
9895
9769
9937
9830
9856
9482
10000
10000
9874
9837
10000
9975
9909
9650
9914
9415
9877
9859
9861
10000
9900
9892
9961
9789
9863
10000
9810
9806
9820
9821
9833
9940
9942
9924
9927
9818
9765
9857
9602
9624
9975
9892
9525
9871
9953
9858
9808
9744
9828
9837
9846
9641
9858
9576
9838
10000
9804
9962
9905
9863
9906
9640
9853
9897
9878
9752
9898
9983
9752
9782
9761
9844
9790
9422
9928
9930
9976
9656
9928
9956
9912
9845
9938
9971
9920
9879
9868
9466
9940
9874
9852
9848
9905
9748
9516
9846
9884
9729
9946
9919
9749
9919
9805
9899
9752
9954
9919
9966
9969
9854
9680
10000
9836
9599
9895
9925
9461
9946
9870
9761
9824
9649
9831
9834
9992
9999
9832
9905
9863
9828
9914
10000
9706
9920
9425
9861
9972
9871
9782
9840
9953
9832
9888
9955
9930
9894
9799
9765
9771
9878
9802
9791
9894
9846
10000
9971
9976
9921
9887
9934
9910
9976
9887
9921
9872
9934
9631
9690
9776
9917
10000
9851
9921
9814
9806
9823
9911
9922
9888
9816
9883
9914
10000
9863
9999
9812
9847
9911
9974
9844
9539
9922
9912
9849
9956
9935
9817
9888
9839
9833
9701
9963
10000
9654
9909
9868
9847
9917
9917
9759
9768
9950
9913
9616
9952
9569
9905
9990
9920
9923
9972
10000
9757
9882
9590
9932
9833
9834
9949
9858
9856
9920
9915
9919
9783
9875
9891
9877
9954
9916
9924
9902
9904
9988
9762
9862
9929
9871
9795
9924
9881
10000
9913
9954
9863
9899
9958
9953
9999
9930
9809
9790
9883
9810
9966
9936
9865
9936
9695
9861
9917
9929
9882
9719
9782
9972
9956
9859
9896
9783
9929
9860
9926
9971
10000
9866
9768
9903
9971
9866
9921
9736
9790
9870
9931
9736
9936
9865
9888
9925
9969
9903
9889
9973
9837
9979
9951
9750
9826
9917
9931
9966
9813
9646
9821
10000
9988
9851
9891
9819
9973
9891
9867
9868
9995
9802
9852
10000
9877
9706
9969
9906
9688
9769
9950
9850
9808
9709
9982
9899
9726
9974
9924
9921
9585
9798
9799
9791
9934
9928
9908
9562
9700
9999
9981
9780
10000
9809
9918
9478
9388
9807
9951
9473
9596
9788
9811
9843
9728
9917
9812
9663
9927
9943
10000
9767
9852
9940
9883
9756
9807
9913
9920
9721
9744
9758
9757
9432
9920
10000
9875
9945
9874
9865
9813
9868
9894
9941
9908
9987
9566
9920
9855
9674
9867
10000
9954
9759
9867
9881
10000
9833
9830
9960
9913
9879
9883
9912
9974
9800
9911
9956
9954
9926
9896
9908
9885
9979
9961
9855
9960
9917
9751
9905
9965
9921
9777
9861
9957
9986
10000
9637
9676
9861
9970
9712
9766
9855
9959
9954
9658
9895
9681
9950
9943
9874
9635
9827
9967
9802
9858
9937
9832
9900
9861
9917
9998
9718
9791
9921
9732
9933
9714
9836
9958
9968
9867
9945
9920
9970
9797
9886
9906
9922
9938
9910
9726
9816
9896
9877
9836
9804
9966
9925
9861
9805
9913
9538
9832
9844
9921
9901
9867
9592
9665
9740
9742
9922
9913
9620
9968
10000
9975
9978
9964
9843
9866
9892
9817
9996
9759
9917
9414
9909
9875
9856
9502
9900
9794
9659
9625
9880
9926
10000
9990
9782
9908
9970
9863
9935
9952
9928
9794
9778
10000
9833
9980
9998
9924
9738
9882
9771
9865
9766
9785
9800
9874
9945
9929
9961
9861
9780
9988
9784
9976
9905
10000
9866
9888
9900
9972
9830
9891
10000
9751
9898
9610
9929
9857
9801
9956
9907
9997
9801
9605
9937
9873
9929
9794
9850
