10000
9252
9980
10000
10000
9813
9790
9873
9850
10000
9558
9861
9868
9865
9741
9876
9789
10000
9853
9527
9865
9953
9877
9753
9730
9900
10000
9949
9736
10000
9953
9919
9824
9913
9658
10000
9793
9960
9910
9649
9827
9894
9865
9894
9956
10000
9947
9823
9841
9970
9882
9886
9834
10000
9818
10000
9896
9747
9847
9720
9736
10000
10000
9893
9881
9482
9899
9811
9884
10000
9718
9896
10000
9832
10000
10000
9942
9900
9903
9626
9900
9355
9995
9984
9789
10000
9485
9882
9839
9894
9935
9904
9909
9992
9766
9893
9863
9862
9953
9708
9792
9956
9934
9868
9857
9775
9941
9895
9920
9757
9968
9483
9933
9105
9774
10000
10000
9799
9770
9809
9865
9902
9941
9495
9891
9928
9820
10000
9328
9645
9677
9909
9851
9998
9867
9897
9537
9663
9863
9492
9985
9943
9768
9872
9993
9780
9533
9625
9762
9808
9884
9870
9903
9951
9759
9311
9552
10000
9727
9874
9817
9513
9857
9777
9774
9894
9670
9838
9693
9483
9977
9467
9933
9900
9734
9762
9841
9852
9927
10000
9381
9860
9608
9880
9755
9997
9602
9990
9715
10000
9770
9774
9809
9906
9885
9848
9865
9976
9855
9924
9554
9977
9302
9866
10000
9724
9863
10000
9854
9798
9943
9836
9627
9471
9828
9998
9804
9907
9840
9671
9682
9903
9653
9467
9674
9934
9471
9767
9305
10000
9745
9575
9867
9891
9797
9965
10000
9914
10000
9982
9816
9470
9801
9932
9757
9772
9737
9946
9508
9432
9830
9876
9561
9941
9762
9876
9786
9767
9919
9824
9676
9897
9563
9902
9880
9682
9967
9779
9526
9619
9821
9604
9803
9905
9904
9954
9916
9804
9987
9890
9859
9695
9897
9893
9815
10000
9784
9569
9800
9890
9930
9942
9670
9765
9890
9792
9640
9855
9863
9904
10000
9865
9687
10000
9919
9813
9692
9927
9803
9905
10000
9307
9269
9793
9903
9717
9764
10000
9368
9876
9480
10000
9493
9930
9710
9778
9839
10000
9709
9896
9861
9907
9716
10000
9533
10000
9604
9889
9922
9323
9943
9645
9997
9918
9939
9850
10000
9685
9923
9874
10000
9802
9952
9716
10000
10000
9863
9443
9871
9938
9878
9557
9644
9996
9829
9875
9904
9661
9989
9820
9887
9586
9813
9890
10000
9886
9992
10000
9776
10000
9945
9702
9913
9950
9447
10000
9810
9770
9811
9923
9948
9890
9931
9785
9905
9795
9458
9832
9919
9801
9733
9820
10000
9848
9930
10000
9957
9836
9670
9953
9950
9703
9617
9995
9716
9814
9703
10000
9691
9851
9834
9638
9773
9860
9849
9937
9551
10000
9855
9596
9855
9948
9785
10000
10000
9851
9836
9911
9984
9958
9956
10000
9865
9665
9816
9806
9883
9518
9671
9970
9765
9688
9438
9654
9793
9863
9867
9889
9867
9283
9917
9833
9883
9847
10000
9925
9723
10000
9925
9806
10000
9914
9851
9832
9794
9848
10000
9783
9856
9930
9785
9799
9884
9582
9906
9565
10000
9751
9863
10000
9967
9817
9907
10000
9598
9911
10000
10000
9936
9677
9899
9663
9897
9751
9810
9993
9905
9933
9680
9653
10000
9861
9935
9899
9946
9600
9889
9766
9855
9871
9914
9622
9829
9727
9700
9789
9750
9612
9778
9927
9713
9635
9762
10000
9885
9819
9820
9895
9992
9772
10000
9927
9688
9923
9606
9769
9887
9944
9531
9728
9579
9443
9926
9566
9629
10000
9474
9949
9885
9711
9694
9836
9649
9853
9761
9865
9683
9827
9949
9881
9967
9507
9546
9881
9937
9528
9897
9851
9863
9998
9728
9705
9910
9813
9997
9904
9951
9829
9885
9906
9896
9444
9980
9797
9886
9772
10000
10000
9934
9857
9879
9924
9557
9957
9813
9853
9553
9759
9928
9702
9698
9639
9900
9841
9965
9934
9864
9809
9852
9738
9955
9901
9920
9919
9944
9895
9854
10000
9849
9748
10000
9826
9915
9903
9536
9954
9947
9981
9763
9885
9738
9802
9916
10000
10000
9696
9860
9604
9927
9961
9944
9999
9834
9899
9893
9729
9860
9549
9851
9882
10000
9664
10000
9942
10000
9858
9987
9910
9937
9867
9680
9527
9804
9790
9942
9923
9767
9779
9852
9660
9949
9946
9798
9892
9444
10000
9826
9658
9908
9855
9834
9797
9853
9882
9911
9774
9393
9707
9782
9904
9873
10000
9932
10000
9870
9795
9816
9838
9978
9855
9766
9539
9790
9385
9914
9909
9731
9992
9987
9772
9592
10000
9872
9768
9835
10000
9971
9577
9885
10000
9906
9936
9910
9527
9645
9978
9648
9459
9904
9830
9819
9900
9832
9892
9837
9759
9881
9757
9763
9552
9677
9904
9760
9880
9765
9933
9422
9907
9505
9944
9965
9887
9691
9906
9847
9924
9896
9954
9807
9788
9896
9987
9805
9849
9704
10000
9806
9915
9982
9847
9824
9862
9795
9786
9573
9768
9829
9855
9534
9901
9736
9809
9907
9921
9941
9807
9490
9962
9862
9857
9886
9499
9907
9948
9723
9644
9775
9918
9471
9979
9914
9864
9677
9672
9931
9852
9611
9979
9694
9611
9901
9641
9706
9784
9722
9961
9780
9513
9773
9782
9891
9920
9663
10000
9706
9925
9954
9541
9745
9673
9620
9824
9867
9886
10000
9834
9796
9785
9795
9891
9907
9942
9883
9925
9698
9616
9830
9670
9742
10000
9828
9890
10000
10000
9783
9737
9821
9845
9944
9775
9868
9878
9875
9900
9934
9808
9947
9821
9708
10000
9831
9829
9727
9931
9643
9843
9935
10000
9646
9631
9932
9581
9927
9545
9848
9844
9999
9746
9930
9878
9943
9932
9967
9756
9905
9700
9992
9963
9946
9761
9926
9807
9909
9825
9908
9819
9840
9855
9845
9915
9886
9952
9902
9688
9835
9862
9865
9779
9610
9725
9870
9926
9801
9900
9866
10000
9726
9892
9876
9748
9715
9736
9589
9865
9832
9987
9297
9948
9602
9887
9708
9942
9859
9788
9951
9939
9722
9884
9837
9527
9794
9749
9794
9760
9822
9800
9670
9897
9987
9698
9715
9536
9914
9834
9955
9811
9908
9855
9904
9922
9860
9887
9700
9997
9502
9657
9849
9772
9890
9940
9992
10000
10000
9615
9557
9742
9884
9879
9779
9907
