9864
9825
9996
9767
10000
10000
9911
9885
9939
9465
9984
9847
9830
9935
9933
9905
9695
9819
9912
9871
9746
9906
9837
9811
9896
9869
9780
9914
9957
9695
9990
9934
9888
9901
9834
9926
9884
9896
9710
9652
9940
9927
9958
9811
9869
9921
9816
9863
9917
9925
9709
9909
9811
10000
9914
9880
9934
9744
9852
9632
9841
10000
9853
9934
9904
9748
9921
9685
9895
9766
9966
9923
9940
9878
9794
9826
9750
9854
9819
9870
9941
9665
9900
9915
10000
9835
9891
9937
9791
9861
9895
9876
9933
9786
9817
9509
9584
9853
9857
9803
9940
9928
9692
9806
9750
9873
9963
9743
9741
9889
9867
9960
9911
9895
10000
9893
9978
10000
9822
9893
9753
9783
10000
9790
9894
9899
9758
9840
9910
9977
9905
9839
9843
9761
9921
9999
9846
9835
9737
9888
9975
9971
9793
9525
9825
9984
9729
10000
9892
9818
9951
9895
9884
9798
9995
9792
9719
9963
9789
9983
9736
9886
9865
9744
9854
9966
9818
9956
10000
9808
9800
10000
9921
9968
9859
9946
9818
9799
10000
9887
9823
9859
9828
9699
9956
9555
9919
9815
9914
9869
9912
9957
9891
9863
9891
9955
9906
9974
9737
9950
9676
9918
9743
9953
9636
9884
9958
9919
9698
9822
9681
9819
9841
9621
9886
9794
9926
9825
9931
9554
9868
9925
9888
9923
9439
9878
9906
9734
9866
9869
9944
9684
9871
9940
9883
9974
9894
9815
9969
9996
9728
9908
9941
9913
9917
9907
9854
9857
9944
9817
9906
9622
9991
9860
9914
9963
9903
9995
9520
9435
9924
9886
9821
9779
10000
9743
9865
9856
9698
9771
9961
9789
9880
9677
9780
10000
9759
9935
9881
9933
9773
9943
9670
9901
9954
9836
9908
9770
9997
9951
9828
9826
9765
9984
9860
9945
9915
9888
9855
9915
9885
9899
9942
9741
9868
10000
9915
9924
9907
9476
9858
9839
10000
9964
9957
9844
9684
9807
9914
9915
9901
9688
9824
9687
9901
10000
9886
9901
9971
10000
9913
9833
9904
9679
9919
9887
9844
9798
9865
9703
9814
9954
9947
9871
9941
9789
9983
9643
9938
9960
9929
9888
9785
9871
9909
9793
9888
9952
9911
9975
9857
9817
9540
9772
9626
9860
9690
9879
9914
9824
10000
9901
9883
9908
9933
9864
9549
9953
9910
9626
9935
9868
9863
9847
9904
9615
9928
9941
9671
9895
9929
9882
9837
9892
9998
9982
9845
9816
9821
9949
9826
9925
9778
9914
9784
10000
9876
9871
9865
9966
9813
9906
9533
9818
9844
9909
9849
9684
9869
9967
9773
9863
9913
9751
9911
9909
9939
9797
9882
9913
9848
9945
9870
9598
9891
9890
9944
9889
9967
9869
9551
9626
9935
9978
9811
9791
9898
9859
9926
9880
9958
9850
9874
9963
9972
9762
9854
9901
9937
9901
9874
9969
9895
9656
9815
9419
9815
9659
9821
9889
9876
9764
9992
9922
9499
9812
9872
10000
9866
9858
9844
9992
9961
9782
9963
9511
9699
9961
10000
9860
9976
9960
9855
9738
9824
9815
9668
9895
9945
9906
9909
9941
9935
9908
9825
9879
9555
9803
9972
9784
9903
9923
9909
9546
9941
9857
9911
9990
9920
9951
9871
9952
9820
9996
9888
9934
9941
9882
9803
9945
9888
9858
9956
10000
9819
9883
9809
9715
9816
9848
9959
9998
9925
9939
9933
9941
9813
9953
9765
9756
9617
9788
9896
9940
9869
9870
9956
9904
9908
9751
9859
9854
9920
9539
9817
9861
9865
9848
9666
9941
9746
9901
9988
9827
9912
9870
9955
9951
9951
9784
9841
10000
9951
9788
9997
9897
9990
9950
9798
10000
9965
9875
9872
9938
9835
9865
9762
9902
9913
9922
9966
9899
9850
9892
9713
9830
9984
9939
9911
9841
9826
9959
10000
9986
9889
9716
9580
9722
9871
10000
9911
10000
9780
9908
9851
9873
9935
9698
9844
9782
9801
9795
9949
9843
9978
9983
9768
9623
9728
9770
9975
9904
9711
9964
9926
9944
9843
9881
9934
9824
9870
9809
9800
9927
9828
10000
9897
9858
9922
9897
9993
9776
9842
9842
10000
9705
9881
10000
9977
9685
9914
9940
9773
9870
9951
9982
9756
9892
9936
9821
9891
9759
9833
9922
9968
9812
9713
9938
9829
9777
9917
9898
9947
9885
9922
9635
10000
9855
9930
9844
9814
9863
9840
9840
9962
9913
9969
9478
9929
9870
9892
10000
9788
9947
9981
9827
9841
9738
9914
9918
9806
9880
9739
10000
9758
9891
9640
9964
9967
9763
9916
9856
9852
10000
9623
9881
9869
9908
9868
9827
9902
9814
9765
9886
9996
9921
9907
9809
9923
9903
9883
9941
9889
9773
9362
9864
9910
9803
9895
9892
9791
9865
9975
9953
9964
9917
9898
9882
9933
9997
10000
9564
9878
9879
9732
9893
10000
9943
9844
9856
9672
9964
9851
9848
9879
9788
9977
9986
9859
9847
9895
9802
9657
9845
9980
9884
9955
9922
9859
9875
9903
10000
9795
9914
9912
9874
9925
9926
9880
9930
9906
9936
9917
9614
9875
9655
9856
9919
9738
9842
9831
9968
9934
9653
9856
9866
10000
9829
9462
9865
9976
9645
9907
9863
9863
9815
9792
9880
9926
9304
9711
9826
9616
9955
9762
9907
9901
9917
9925
9714
9920
9844
9903
9835
9944
9681
9826
9837
9937
9897
9989
9568
9925
9840
9932
9471
9894
9911
9812
9901
9830
9873
9901
9687
9900
9862
9837
9937
9898
9724
9930
9920
9963
9973
9929
9943
9756
10000
9840
9959
9947
9933
9850
9924
9939
9982
9951
9806
9908
9734
9940
9850
9862
9850
10000
9913
9943
9891
9790
9490
9789
9660
9777
9926
9919
9953
10000
9340
9989
9873
9781
9954
9949
9934
9852
9924
9873
9845
10000
9873
9750
9835
9859
9527
9737
9882
9940
9850
9948
9405
9841
9905
9941
9883
9875
9893
9839
9793
9872
9831
9888
9642
9907
9912
9856
9911
9506
9945
9871
9965
9810
9914
9813
9729
9921
10000
9883
9898
9670
9882
9729
9879
9889
9750
9887
9973
9751
9925
9907
9871
9847
9856
9938
9869
9750
9827
9836
9886
9869
9905
9783
10000
9751
9807
9935
9893
9901
9893
9857
9912
