9992
9967
9989
9893
9973
9817
9953
9901
9964
9914
9992
9998
9913
9935
9885
9928
9965
9985
9967
9866
9926
9907
9960
9957
9883
9707
9987
9879
9842
9962
9988
9981
9966
9986
10000
9877
9923
9946
9986
9925
9994
9962
9981
9943
9923
9778
9964
9948
9979
9990
9814
9970
9941
9933
9946
9934
9940
9995
9926
9882
9895
9720
9942
9990
9979
9996
9911
9965
9782
9985
9943
9918
9988
9985
9837
9951
9989
9953
9867
9928
9825
9945
9903
9956
9888
9842
9950
9916
9995
9822
9976
9965
9919
9970
9981
9995
9959
9950
9944
9920
9977
9919
9895
9913
9855
9805
9977
9954
9963
9957
9955
9932
9975
9965
9942
9851
9981
9873
9967
9940
9968
9837
9902
9918
9953
9963
9859
9880
9987
9874
9880
9945
9988
9995
9996
9839
9885
9969
9951
9984
9998
9885
9906
9997
10000
9957
9988
9940
9951
9980
9958
9925
9953
9949
9974
9901
9995
9974
9976
9875
9999
9982
9939
9967
9843
9965
9952
9860
9941
9929
9827
9985
9890
9997
9978
9963
9953
9890
9982
9955
9919
9998
9902
9871
9948
9980
9933
9891
9942
9996
9978
9961
9986
9928
9965
9943
9954
9920
9910
9977
9952
9892
9820
9917
9933
9974
9889
9913
9949
9978
9918
9886
9965
9990
9972
9997
9995
9983
9896
9908
9978
9940
9939
9923
9916
9993
9981
9933
9920
9808
9937
9949
9964
9996
9956
9941
9945
9900
9962
9914
9966
9773
9957
9809
9985
9797
9924
9883
9980
9823
9940
9971
9982
9954
9956
9914
9952
9896
9887
9927
9959
9955
9975
9945
9994
9985
9971
9835
9800
9961
9993
9998
9875
9870
9947
9864
9906
9782
9997
9968
9987
9985
9994
9925
9981
9801
9882
9961
9980
9980
9900
9902
9987
9955
9837
9876
9955
9956
9886
9978
9915
9968
9925
9951
9949
9933
9991
9995
9980
9986
9958
9938
9989
9951
9966
9838
9857
9908
9992
9980
9939
9882
9941
9987
9998
9839
9890
9791
9975
9909
9930
9920
9887
9992
9979
9931
9948
9989
9934
9879
9968
10000
9910
9987
9904
9994
9929
9931
9927
9947
9937
9949
9945
10000
9934
9974
9929
9989
9927
9878
9885
9834
9946
9967
9988
9991
10000
9894
9963
9864
9957
9903
9932
9881
9981
9989
9931
9900
9865
9885
9980
9997
9960
9886
9875
9979
10000
9998
9903
9963
9983
9893
9886
9874
9933
9975
9937
9851
9942
9980
9993
9969
9845
9894
9935
9972
9962
9921
9862
9937
9961
9973
9952
9989
9841
9925
9967
9964
9966
9942
9915
9891
9957
9816
9893
9991
9929
9906
9996
9898
9926
9985
9849
9958
9934
9984
9979
9914
9917
9975
9904
9930
9868
9893
9948
9910
9806
9998
9931
9997
9996
9989
9946
9999
9913
9980
9915
9955
9863
9904
9970
9998
9999
9916
9891
9980
9926
9930
9936
9954
9895
9946
10000
9971
9976
9923
9944
9963
9917
9983
9900
9936
9959
9868
9955
9896
9836
9991
9798
9957
9913
9956
9983
9942
9857
9989
9849
9914
9902
9891
9908
9936
9964
9954
9966
9844
9944
9937
9969
9961
9932
9842
9988
9961
9859
9961
9916
9991
9835
9988
9994
9979
9928
9969
9952
9977
9869
9917
9933
9988
9923
9907
9994
9948
9963
9953
9902
9859
9904
9884
9954
9997
9923
9948
9887
9992
9868
9881
9931
9963
9994
9953
9897
9998
9897
9999
9861
9886
9953
9877
9990
9989
9899
9977
9989
9864
9919
9915
9952
9938
10000
9928
9972
9917
9887
9975
9992
9904
9941
9966
9915
9956
9818
9931
9830
9948
9953
9991
9939
9979
9992
9807
9957
9942
9953
9936
9886
9931
9998
9915
9816
9972
9947
9892
9936
9957
9918
9988
9997
9749
9922
9956
9969
9950
9982
9986
9965
9940
9919
9899
9941
9967
9960
9990
9988
9958
9921
9980
9885
9853
9974
9869
9943
9988
9890
9857
9903
9969
9849
9946
9968
9995
9851
9935
9994
9915
9916
9981
9965
9935
9956
9966
9809
9998
9915
9937
9996
9930
9997
9981
9887
9948
9980
9890
9886
9992
9909
9966
9911
9850
9971
9931
9959
9995
9879
9964
9961
9951
9884
9949
9952
9940
9966
9886
9906
9984
9957
9879
9878
9983
9894
9965
9994
9923
9943
9963
9953
9949
9991
9883
9977
9971
9841
9902
9921
9907
9952
9860
9981
9998
9985
9983
9994
9959
9990
9806
9864
9916
9928
9953
9892
9977
9905
9995
9996
9983
9911
9987
9890
9976
9935
9958
9981
9875
9841
9934
9909
9926
9901
9958
9944
9908
9999
9871
9900
9925
9930
9982
9974
9939
9845
9964
9887
9985
9983
9979
9877
9981
9940
9981
9884
9887
9811
9974
9816
9837
9949
9842
9991
9982
10000
9916
9996
9951
9886
9974
9950
9954
9972
9995
9930
9949
9985
9866
9842
9943
9992
9940
9978
9859
9992
9993
9812
9947
9948
9895
9875
9998
9928
9904
9964
9944
9950
9904
9947
9958
9967
9925
9982
9998
9961
9964
9960
9886
9978
9934
9906
9912
9882
9975
9869
9999
9995
9922
9976
9989
9876
9919
9986
9980
9896
9869
9921
9934
9978
9939
9949
10000
9975
9925
9923
9950
9856
9982
9906
9918
9930
9902
9833
9983
9926
9999
9935
9973
9841
9990
9916
9947
9877
9885
9978
9937
9888
9949
9870
9891
9973
9881
9997
9989
9871
9965
9952
9955
9982
9858
9897
9993
9927
9931
9997
9992
9985
9885
9996
9974
9996
9972
9997
9864
9956
9963
9947
9959
9912
9957
9993
9738
9877
9929
9978
9978
9891
9963
9972
9867
9958
9914
9908
9925
10000
9983
9852
9901
9885
9993
9735
9903
9925
9883
9940
9905
9888
9911
9963
9946
9807
9975
9952
9933
9897
9974
9909
9943
9993
9890
9938
9996
9997
9992
10000
9918
9860
9948
9937
9859
9913
9955
9977
9967
9918
9983
9987
9905
9914
9857
9855
9966
9982
9918
9927
9972
9967
9916
9957
9923
9963
9960
9954
9931
9788
9903
9996
9958
9999
9926
9936
9807
9876
9921
9941
9990
9971
9979
9997
9989
9912
9973
9941
9928
9938
9948
9955
9836
9993
9974
9935
9921
9876
9971
