9977
9915
9929
9878
9781
9810
9719
9821
9900
9851
9544
9911
9987
9894
9658
9909
9920
9964
9835
9881
9927
9971
9939
9849
9972
9926
9745
9823
9924
9871
9828
9903
9849
9969
9606
9863
9926
9913
9941
9926
9940
9824
9712
9941
9922
9660
9859
9690
9897
9871
9620
9937
9712
9931
9954
9867
9899
9779
9802
9815
9757
9828
9895
9904
9734
9675
9962
9788
9799
9714
9935
9948
10000
9227
9943
9966
9696
9900
9875
9954
9916
9908
9894
9948
9861
9946
9819
9910
9902
9845
9941
9828
9949
9810
9962
9770
9876
9444
9918
9953
9909
9969
9730
9817
9908
9892
10000
9919
9747
9884
9948
9950
9884
9870
9952
9952
9896
9888
9986
9818
9892
9854
9959
9998
9892
9931
9884
9770
9876
9977
9479
9659
9866
9996
9666
9956
9981
9880
10000
10000
9898
9728
9859
9702
9899
9796
9721
9905
9974
9759
9855
9746
9786
9938
9796
9930
9766
9633
9548
9879
9799
9765
9840
9908
9755
9910
9793
9883
9939
9937
9903
9952
9886
9992
9927
9939
9744
9811
9814
9531
9680
9862
9912
9894
9903
9781
9872
9688
9902
9884
9862
9643
9946
9953
9887
9891
9873
9857
9986
9812
9987
9911
9851
9709
9864
9906
9835
9865
9962
9879
9901
9898
9941
9961
9934
9896
9818
10000
9915
9955
9925
9901
9851
9969
9815
9845
9770
9962
9764
9974
9843
9901
9927
9818
9724
9860
9867
9868
9867
10000
9960
9805
9951
9907
9959
9867
9818
9832
9814
9843
9964
9986
9914
9869
9381
9619
9949
9950
9666
9960
9879
9527
9957
10000
9880
9923
10000
9943
9894
9919
9943
9682
9938
9692
9826
9879
9900
9918
10000
9863
9979
9837
9729
9931
9850
9936
9987
9999
9878
9816
9623
9849
9735
9642
9832
9774
10000
9888
9935
9939
9847
9853
9911
9823
9923
9766
9885
9985
9978
9783
9917
9953
9933
9857
9779
9940
9988
10000
9739
9893
9668
9810
9838
9738
9854
10000
9909
9861
9888
9939
10000
9888
9850
9833
9680
9987
9790
9832
9805
9878
9890
9812
10000
9731
9934
9935
9894
9901
9706
9967
9672
9707
9698
9808
9981
9967
9822
9920
9782
9694
9909
9868
9920
9859
9879
9917
9981
9760
9895
9912
9964
9878
9894
9969
9915
9808
9940
9866
9710
9830
9856
9866
9882
9862
9922
9904
9949
9708
9913
9898
9396
9880
9982
9766
9919
9947
9761
9983
9794
9745
10000
9857
9876
9799
9997
9908
9810
9964
10000
9851
9892
9868
9909
9765
9855
9964
9928
9851
9881
9870
9684
9765
9900
9777
9826
10000
9927
9581
9943
9912
9889
9895
9832
9920
9812
10000
9850
9274
9920
9822
9884
9875
9869
9815
9816
9858
9921
9911
9949
9749
9871
9801
9980
9885
9935
9885
9820
9976
9921
9751
9847
9898
10000
9995
9939
9888
10000
9942
10000
9918
9872
10000
9907
9790
9851
9664
9837
9963
9842
9822
9817
9922
9890
9813
10000
9977
9716
9826
9912
9947
9890
9884
9914
9851
9953
9965
9907
9824
9927
9988
9850
9867
9959
9776
9483
9879
9922
9873
9886
9941
10000
9875
9920
9788
9935
9763
9846
9853
9831
9927
9698
9620
9810
9681
9978
9830
9552
9945
9846
9879
9643
9913
9858
9919
9768
9809
9787
9918
9634
9786
9793
9823
9626
9954
9896
9969
9875
9732
9932
9578
9891
9977
9838
9898
9845
9888
9760
9838
9689
9831
9874
9890
9819
9969
9944
9945
9919
9798
9530
9875
9863
9862
9858
9898
9879
9956
9950
9889
9819
9907
9716
9964
9880
9723
9652
9888
9970
10000
9744
9885
9873
9934
9791
9825
9925
9846
9898
9849
9482
9714
9951
9880
9957
9590
9996
9630
9964
9870
9869
9902
9883
9901
9837
9587
9848
9973
9734
9874
9821
9871
9939
9811
9921
9887
9810
9884
9916
9838
9907
9894
9909
9982
9906
9790
9837
9981
9886
9891
9984
9955
9916
9860
9895
9765
9771
9913
9854
9667
9870
9851
9894
10000
9786
9730
9749
9853
9866
9986
9885
9880
9910
9792
9579
9936
9977
9697
9615
10000
9853
9701
10000
9550
9752
10000
9852
9939
9913
9981
9946
9901
9815
9900
9774
9942
9820
10000
9589
9920
9915
9693
9954
9995
9776
9936
9863
9905
9427
9771
9366
9892
9924
9886
9850
9782
9891
9820
9912
9886
9915
9933
9864
9935
9983
9922
9863
9914
9973
9983
9930
9891
9970
9821
9883
9858
9879
9811
9782
9874
9851
9900
9925
9732
9885
9918
9750
9935
9813
9971
10000
9881
9943
9478
9638
9958
9956
9907
9948
10000
9835
9805
9934
10000
9930
9826
9800
9912
9790
10000
9904
9734
9819
9878
9992
9854
9809
9692
9856
9813
9949
9980
9652
9675
9940
9853
9920
9943
9883
9955
9871
9912
9908
9585
9778
9917
9853
9851
9930
9770
9957
9938
9914
9635
9956
9830
9625
9923
9901
9810
9932
9957
9798
9863
9923
9956
9870
9970
9907
9818
9936
9865
9656
9921
9819
9880
9765
9889
9846
9925
9913
9868
9750
10000
9996
9425
9806
9786
9814
9946
9897
10000
9941
9898
10000
9869
9804
9889
9880
9920
9849
9934
9972
9964
9774
9906
9834
9845
9697
9907
9816
9987
9945
9880
9324
9914
9841
9848
9878
9737
9928
9482
9749
9983
9586
9995
9928
9880
9841
9933
9932
9897
9902
9918
9946
9981
9972
9488
9893
9964
9938
9926
9934
9578
9891
9953
9902
9845
9937
9888
9900
9880
9880
9945
9903
10000
9577
9938
9685
10000
9915
9876
9770
9783
9859
9880
9885
9748
9815
9700
9902
9693
9999
9720
9831
9898
10000
9909
9821
9725
9982
9897
9833
9936
9807
9786
9970
9835
9868
9720
9871
9961
9941
9914
9773
9963
9972
9865
9831
9665
9929
9957
9827
9617
9828
9895
9741
9906
9896
9943
9899
9881
9793
9808
9914
10000
9878
9804
9851
9796
9908
9904
10000
9939
9607
9731
9742
9720
9706
9776
9890
9847
9992
9968
9957
9713
9882
9666
9969
9860
10000
9682
9792
9968
9913
9871
9971
9669
9929
9877
9851
9901
9869
9824
9827
9861
9899
9856
9991
9961
9908
9672
