9851
9620
9922
9955
9891
9857
9808
9813
9930
9866
9896
9925
9788
9556
9836
9810
9553
9917
9713
9870
9842
9891
9971
9929
9900
9414
9798
9865
9856
9534
9975
9895
10000
9943
9872
9729
9832
9606
9922
9645
9916
9682
9860
9963
9807
9864
9940
9867
9991
9850
9910
9995
9927
9653
9861
9985
9953
9666
9847
9909
9885
9943
9772
9945
9955
9939
9821
9845
9979
9880
9937
9908
9913
9907
9917
9868
9949
9960
9877
9783
9879
9898
9861
9957
9931
9824
9845
9931
9869
9859
9911
9785
9893
9874
9923
10000
9802
9544
9671
9897
9868
9948
9756
10000
9917
9756
9869
10000
9715
9908
9869
9885
9822
9930
9891
9898
9920
9853
9762
9900
9942
9884
10000
9836
9986
9886
9923
9763
9774
9844
9924
9815
9747
9864
9918
9878
9976
9864
9912
9912
10000
9871
9799
9820
9966
9784
9926
9918
10000
9878
9969
9779
9907
9794
9913
9894
9912
9921
9875
9946
9716
9915
9868
9812
9957
10000
9911
9938
9819
9878
9948
9912
9962
9651
9685
9725
10000
9809
9864
9937
9890
9789
9810
9733
9853
9883
9941
9778
9823
9850
9931
9720
9941
9960
9819
9821
9726
9945
9839
9872
9837
9956
9871
9792
9815
9918
9827
9870
10000
9663
9969
9922
9761
10000
9573
9565
9454
9924
9822
9798
9939
9773
9971
9800
9881
9754
9902
9859
9764
9838
9541
9886
9855
9828
9987
9905
9797
9543
9875
9945
9719
9669
9767
9897
9884
9954
9975
9880
9969
9891
9938
9913
9884
9886
9982
9868
9942
9905
10000
9945
9903
9711
9928
9909
9514
9902
9837
9937
9791
9821
9808
9935
9904
9848
9725
9863
9885
9818
10000
9847
9945
9766
9800
10000
9906
9978
9912
9920
9842
9890
9523
9890
9847
9638
9806
9773
9830
9776
9989
9793
9804
9964
9920
9798
9539
10000
9675
10000
10000
9877
9816
10000
9864
10000
10000
9975
9973
9934
9877
9927
9937
9841
9948
9737
9722
9752
9487
9786
9683
9772
9629
9694
9914
9731
9925
9712
9845
9807
9959
9975
9941
9910
9785
9875
9925
9801
9897
9609
9930
10000
9865
9869
9928
9789
9886
9937
9835
10000
9999
9946
9758
9867
9872
9921
9924
10000
9878
9662
9848
9916
9932
9670
9916
9867
9899
9942
9921
9906
9955
9888
9862
9676
9723
10000
9904
9821
9793
9790
9686
9733
9836
9948
9886
10000
9838
9859
9923
9961
9706
9853
9976
9927
9891
9934
9956
9866
9682
9872
9889
9903
9866
9763
9865
10000
9767
9918
9959
9763
9766
9808
9593
9814
9586
9897
9941
9977
9656
9857
9883
9942
9994
9892
9831
10000
9747
9972
9838
9644
10000
9984
10000
9723
9632
9847
9927
9700
9939
9930
9679
9908
9965
9993
9563
9926
9787
9813
9902
9805
9900
9928
9865
9950
9923
9778
9863
9807
9781
9907
9891
9889
9855
9750
9960
9775
9880
9730
9791
9822
9719
9950
9610
9934
9866
9990
9848
9770
9880
9941
9916
9901
10000
9905
9944
9815
9917
9840
9525
9819
9762
9851
9659
9891
9958
9908
9800
9988
9898
9880
9920
9881
9815
9813
9906
9912
9894
9997
9913
9826
9887
9949
9909
9924
9938
9791
9942
9691
9840
9983
9846
9978
9866
9451
9830
9942
9891
9899
9804
9671
9636
9854
9684
10000
9895
9907
9925
9940
9769
9942
9923
9609
9870
9751
9904
9913
9781
9766
9928
9913
9670
9881
9835
9781
9774
9966
9896
9819
9826
9872
9840
9941
9654
9825
9860
9983
9782
9658
9675
9597
9980
9888
9803
9893
9805
9866
9929
9857
9539
9879
9957
9860
9774
9925
9811
9947
9824
9929
9933
9899
9815
9913
9463
9594
9860
9787
9880
9770
9896
9925
9784
9642
10000
9673
9761
9838
9793
9842
9903
9839
9871
9900
9660
9867
9752
10000
9861
9902
9851
9912
9895
9802
9678
10000
9914
9786
9778
9805
9889
9892
9915
9948
9773
9964
9885
9634
9914
9891
9839
9864
9658
9992
9816
9829
9689
9969
9934
9918
9955
9915
9882
9765
9864
9911
9620
9837
9961
9968
9881
9931
9956
9463
9889
9577
9913
9396
9859
9702
9953
9889
9893
9767
9930
9826
9932
9909
9892
9932
9855
9760
9931
9915
9647
9962
9883
9831
9733
9957
9919
9674
9944
9699
9917
9917
9826
9969
9662
9889
9974
9905
9941
9814
9781
9718
9824
9671
9817
9975
9894
9895
9854
9919
9819
9938
9795
9520
10000
9783
9971
9920
9863
9905
9921
9853
9504
9730
10000
10000
9917
9935
9921
9853
9909
9942
9868
9920
9865
9974
9838
9576
9677
9952
9934
9878
9928
10000
9820
10000
9710
9944
9531
9899
9902
9935
9902
9805
9992
9776
9545
9864
9970
9706
9870
9880
9830
9842
9774
9864
9966
9932
9863
9916
9748
9756
9994
9750
9850
9990
9812
9861
9812
9959
9930
9844
9747
9860
9956
9880
9725
9902
9972
10000
9910
9861
9727
9818
9854
9919
9863
9925
9813
9964
9875
9857
9847
9783
9787
9866
9959
9962
9969
9732
9887
9936
9900
9874
9910
9747
9910
9919
9978
9756
9924
9903
9999
9799
9872
9895
9613
10000
9747
9941
9855
9912
9621
9842
9837
9624
9898
9915
9969
10000
9960
9908
9876
9605
9572
9825
9895
9804
9846
9799
9903
9767
9833
9623
9733
9720
9916
9812
9903
9751
9847
9771
9891
9796
9937
9927
9864
9905
10000
9925
9927
9890
9817
9637
9882
9919
9964
9915
10000
9931
9924
9894
9872
9977
9956
9947
9951
9859
9916
10000
9811
9936
9897
10000
9949
9863
9403
10000
9865
9430
9903
9887
9811
9842
10000
9849
9867
9860
9978
9610
9949
9701
9874
9933
9601
9595
9806
9895
10000
9932
9529
9970
9914
9625
9877
9878
9881
9944
9719
9849
9640
9852
9945
9736
9937
9944
9972
9988
9994
9905
9841
10000
9914
9961
9890
9881
9566
9965
9912
9719
9773
9990
9918
9878
9718
9880
9861
9977
9786
9726
9913
9903
9883
9919
9912
9935
9814
9927
9975
9564
9869
9993
9662
9829
9975
9648
9646
9712
9885
9929
9872
9910
9651
9954
9948
9970
10000
9958
9965
9885
