9769
9937
9947
9624
9876
9919
9948
9735
9506
9925
9857
9881
9894
9960
9931
9709
9715
9811
9966
9833
9654
9816
9972
9915
9713
9882
9889
9910
9879
9911
9908
9562
9849
9927
9836
9976
9844
9928
9811
9903
9506
9783
9625
9807
9909
9979
9829
9578
9868
9906
9975
9936
9891
9720
9856
9904
9842
9953
9938
9928
9611
9793
9851
9872
9904
9896
9748
9897
9891
9908
9592
9903
9938
9910
9947
9705
9945
9762
10000
9859
9840
9891
9769
9729
9849
9697
9740
9980
9946
9878
9839
9951
9889
9894
9952
9927
9821
9465
9738
9921
9610
9910
9817
9956
9895
9491
9691
9918
9877
9869
9956
9884
9902
9955
9942
9946
9830
9900
9655
9346
9684
9714
9814
9777
10000
9590
9776
9935
9646
9904
9532
9792
9862
9674
9622
9749
9851
10000
9941
9962
9941
9832
9860
9916
9825
9967
9832
9686
9815
9950
9900
9952
9846
9850
9664
9498
9885
10000
9786
9789
9829
9671
9861
9885
9756
9843
9971
10000
9928
9601
9779
9961
9938
9841
9849
9943
9999
9783
9930
9833
9842
9909
9796
9935
9846
10000
9830
9862
9797
9908
9987
9621
9858
9861
9921
9900
9875
9951
9862
9840
9953
9834
9896
9774
9851
9913
9784
9793
9807
9781
9968
9905
9892
9769
9813
9896
9860
9990
9784
9718
9936
9801
9916
9316
9809
9879
9838
9835
9861
9837
9602
9849
9837
9978
9859
9925
9910
9892
9704
9888
9935
9858
9263
9988
9785
9783
9934
9697
9960
9703
9819
9936
9838
9921
9927
9916
9736
9803
9947
9701
9870
9959
9701
9816
9924
9978
9895
9818
9894
9989
9985
9902
9974
9751
9920
9503
9991
9867
9945
9868
9925
9926
9948
10000
9828
9773
9912
10000
9941
9756
9892
9629
9935
9867
9935
9803
9887
9955
9881
9982
9904
9802
9812
9969
9943
9946
9761
9637
9876
9896
9930
9920
9834
9865
9639
9784
9748
9756
9817
9954
9909
9853
9891
9810
9959
9846
9596
9835
9962
9967
9857
9861
9780
9976
9970
9956
9843
9835
9877
9887
9867
9887
9892
9838
9930
9919
9885
9719
10000
9629
9987
9927
9543
9869
9877
9890
9919
9961
9848
9655
9954
9864
9918
9838
9916
9956
9826
9925
9865
9739
9957
9965
9969
9935
9907
9736
9834
9917
9905
10000
9870
9934
9798
9834
9899
9623
9945
9825
9724
10000
9850
9820
9884
9905
9876
9781
9969
9867
9884
9853
9905
9914
9841
9975
9882
9850
9943
9805
9888
9754
9803
9759
9865
9880
10000
9851
9938
9966
10000
9975
9917
9873
9956
9963
9983
9900
9809
9767
9870
9917
10000
9991
9579
9996
9962
9862
9959
9960
9910
9869
9765
9769
9949
9909
9990
9758
9792
9871
9858
9934
9792
9958
9969
9681
9653
9911
9838
9967
9808
9993
9872
9817
9965
9874
9874
9972
10000
9842
9997
9939
9872
9806
9810
9998
9807
9737
9816
9826
9784
9709
9996
9805
9864
9963
9914
9963
9827
9864
10000
9893
9963
9812
9795
9911
9993
9911
9914
9798
9886
9945
9957
9854
9941
9943
9965
9735
9938
9867
9879
9890
9861
9932
9987
9952
9886
9722
9964
9926
9793
9903
9798
9942
9770
9837
9761
9892
9840
9826
9907
9791
9853
9853
9946
9956
9875
9889
9937
9834
9907
9948
9883
9957
9952
9869
9909
9407
9823
9931
9988
9895
9936
9942
9933
9889
9893
9827
9846
9905
9963
9669
9676
9809
9777
9937
9759
9943
9842
9864
9636
9887
10000
9856
9683
9642
9605
9978
9958
9933
9939
9783
9760
9863
9958
9901
9764
9975
9876
9822
9542
9604
9986
9947
9970
9936
9892
9887
9871
9440
9805
9849
9707
9935
9919
9833
9914
9777
9373
9816
9938
9897
9698
9965
9971
9697
9888
9815
9885
9801
9728
9856
9978
9953
9835
9913
9948
9699
9827
9943
9913
9691
10000
9650
9833
10000
9829
9998
9758
9949
9899
9820
10000
9806
9568
9918
9965
10000
9808
9885
9945
9731
9752
9960
9939
9817
9967
9954
9638
9998
9871
9670
9881
9817
9873
9947
9841
9881
9793
9958
9809
9896
9756
9733
9948
9865
9851
10000
9840
9963
9684
9892
9864
9899
9633
9822
9887
9970
9767
9884
9556
9908
9943
9860
9766
9917
9815
9814
9897
9818
9823
9886
9948
9862
10000
10000
9921
9874
9862
9842
9717
9620
9823
9904
9972
9946
9915
9828
9858
9703
9859
9831
9794
9818
9750
9869
9855
9883
9878
10000
9927
9782
9872
9923
9879
9901
9817
10000
9636
9887
9905
9902
9756
9797
9788
9915
9885
9882
9689
9952
9965
9956
9924
9874
9868
9871
9942
9877
9884
9810
9907
9732
9861
9909
9878
10000
9917
9835
9668
9871
9828
9949
9896
9923
9486
9894
9939
9753
9945
9871
9825
9906
10000
9956
9822
9765
9769
9900
9991
9496
9794
9893
9888
9943
9940
9825
9750
9894
9781
9928
9821
9779
9870
9793
9933
9886
9888
9800
9930
9865
9928
10000
9992
9732
9915
9682
9930
9949
9835
9880
9899
9724
9859
9892
9807
9884
9886
9811
9967
9879
9693
9730
9966
10000
9944
9910
9920
9817
9922
9969
9970
9706
9958
9617
9842
9940
9634
9905
9771
9882
10000
9810
9965
9910
9909
9754
9899
9674
9885
9861
9574
9883
9831
9659
9353
9862
9858
9964
9762
9997
9620
9853
9958
9945
9726
9986
9764
9841
10000
9849
9945
9775
9991
9860
9972
9819
9747
9970
9819
9790
9749
9940
9998
9963
10000
9849
9871
9795
9543
9970
9931
9743
9691
9973
9896
9903
9764
9925
10000
10000
9812
9931
9947
9919
9453
9926
9969
9886
9634
9702
9875
9956
9954
9977
9885
9871
9749
10000
9737
9769
9914
9833
9880
9943
9807
9775
9680
9683
9890
9909
9898
9958
9838
9802
9813
9484
9854
9881
9735
9778
9952
9763
9832
9921
9936
9712
9903
9913
9844
9744
9750
9897
9627
9869
9850
9898
9963
9933
9979
9839
9910
9840
9868
9856
9935
9735
9865
9902
9871
9915
9927
9890
9918
9909
9871
9839
9891
9952
9632
9908
9795
9913
9917
9984
9832
9834
9863
9940
9609
9882
9741
9982
