9966
9884
9932
9983
9913
9981
9965
9997
9900
9910
9925
9956
9987
9909
9945
9983
9918
9923
9996
9941
9951
9940
9996
9997
9937
9997
9978
9854
9925
9965
9955
9972
9976
9994
9901
9881
9945
9947
9988
9944
9937
9936
9989
9937
9968
9764
9915
9996
10000
9981
9981
10000
9927
9897
9890
9986
9851
9846
9958
9932
9979
9992
9985
9986
9972
9972
9971
9921
9977
9996
9963
9953
9981
9897
9998
9961
9832
9927
9936
9937
9941
9914
9965
9952
9998
9983
9968
9934
9919
9906
9909
9816
9998
9941
9944
9950
9855
9911
9933
9930
9998
9896
9820
10000
9951
9953
9971
9994
9966
9952
9917
9991
9984
9943
9985
9891
9982
9884
9993
9940
9843
9992
9895
9984
9858
9978
9941
9852
9994
9998
9903
9968
9987
9946
9998
9946
9963
9995
9844
9878
9906
9989
9878
9935
10000
9917
9919
9905
9989
9899
9945
9915
9993
9990
9952
9981
9998
9971
9972
9959
9983
9986
9992
9838
9927
9995
9994
9833
9923
9960
9961
9975
9968
9732
9830
9860
9995
9903
9864
9931
9999
9979
9943
9918
9993
9946
9876
9889
9995
9919
9930
9836
9964
9968
9943
9996
9988
9937
9867
9938
9944
9920
9951
9961
9993
9967
9870
9914
9909
9874
9953
9939
9919
9853
9887
9931
9865
9995
9919
9857
9943
9967
9985
9984
9932
9921
9977
9980
9949
10000
9992
9882
9972
9864
9958
9974
9905
9942
9994
9947
9987
9965
9924
9929
9941
9950
9861
9927
9972
9963
9969
9961
9946
9989
9889
9991
10000
9896
9999
9880
9979
9987
9896
10000
9971
9995
9954
9874
9968
9987
9926
9954
9991
9959
9965
9977
9983
9908
9968
10000
9879
9950
9912
9964
9934
9911
9740
9929
9892
9953
9915
9966
9894
9954
9985
10000
9878
9992
9983
9981
9994
9951
9947
9916
9918
9965
9947
9884
9956
9991
9998
9923
9954
9939
9838
9956
9935
9881
9926
9994
9932
9829
9818
9974
9959
9973
9852
9920
9933
9913
9984
9915
9893
9952
9945
9988
9976
9976
9935
9948
9980
9873
9916
9929
9936
9941
9997
9971
9885
9993
9947
9972
9899
9987
9970
9715
9902
9969
9952
9990
9960
10000
9965
9949
9917
9996
9991
9916
9951
9875
9907
9903
9931
9918
9974
9982
9851
9979
9917
9998
9974
9982
9945
9897
9998
9877
9893
9982
9936
9991
9979
9997
9821
9906
9876
9957
9993
9916
9836
9926
9940
9946
9922
9985
9980
10000
9780
9807
9936
9973
9918
9886
9985
9879
9880
9846
9951
9935
9913
9833
9871
9949
9898
9775
9924
9998
9928
9898
9974
9964
9995
9948
9967
9868
9944
9973
9927
9957
9957
9946
9996
9922
9992
9841
10000
9903
9993
9992
9872
9933
10000
9970
9888
10000
9886
9923
9883
9931
9932
9914
9922
9922
9961
9961
9941
9974
9980
9885
9891
9779
9983
9934
9950
9995
9834
9855
9899
9944
9924
9928
9971
9929
9997
9997
9940
9887
9957
9880
9866
9905
9918
9870
9885
9923
9999
9876
9839
9981
9975
9965
9965
9875
9894
9884
9990
9994
9936
9994
9980
9870
9896
9883
9951
9973
9926
9971
9921
9960
9947
9892
9990
9935
9855
9984
9925
9986
9998
9966
9877
9866
9980
9968
9895
9926
9844
9970
9995
10000
9914
9963
9974
9836
10000
9923
9939
10000
9922
9910
9936
9940
9984
9997
9868
9866
9836
9921
9999
9914
9953
9926
9982
9917
9892
9977
9996
9956
9912
9952
9920
9954
9977
9963
9981
9991
9971
9967
9928
9870
9960
9864
9984
9797
9907
9969
9836
9963
9957
9905
9928
9993
9971
9972
9983
9999
9950
9865
9936
9960
9847
9982
9942
9964
9961
9957
9952
9646
9998
9941
9998
9958
10000
9989
9963
9932
9972
9937
9998
9948
9973
9976
9996
9948
10000
9967
9911
9947
9921
9923
9961
9936
9997
9854
9850
9862
9973
9852
9949
9983
9992
9937
9975
9952
9997
9995
9968
9935
9999
9891
9980
9890
9951
9959
9985
9961
9960
9992
9941
9854
9859
9845
9936
9985
9987
9937
9941
9945
9767
9954
9993
9895
9956
9914
9914
9926
9966
9988
9922
9922
9892
9944
9911
9996
9995
10000
9895
9984
9989
9927
9977
9886
9844
9896
9959
9991
9983
9981
9929
9983
9968
9943
9944
9944
9959
9988
9948
9953
9998
9946
9893
9925
9998
9901
10000
10000
9962
9984
9886
9903
10000
9867
9985
9956
9971
9988
9973
9957
9946
9999
9927
9900
9927
9974
9901
9918
9994
9939
9797
9918
9876
9911
9988
9989
9999
9999
9985
9956
9982
9995
9904
9890
9886
9916
9995
9998
9949
9937
9998
9993
9907
9929
9997
9927
9982
9999
9920
9824
9891
9962
9977
9978
9991
9947
9941
9974
9905
9997
9961
9979
9936
9998
9877
9970
9996
9903
9890
9920
9995
9857
9970
10000
9967
9951
9844
9950
9932
9976
9825
9907
9954
9975
9903
9937
9915
9982
9911
9924
9983
9972
9968
9945
9940
9930
9963
9994
9975
9990
9947
9959
9959
9999
9968
9907
9941
9987
9968
9991
9961
9838
9985
9929
9952
9927
9985
9874
9919
9953
9995
9967
9958
9986
9943
9993
9995
9992
9915
9949
9991
9967
9870
9907
9982
9998
9936
9986
9962
9756
9885
9961
9962
9998
9952
9987
9998
9986
9938
9987
9900
9989
9922
9964
9987
9802
9973
9994
10000
9829
9952
9957
9944
9986
9970
9964
9944
9917
9817
9947
9884
9985
9949
10000
9945
9948
9988
9964
9897
9821
9940
9971
9964
9967
9875
9957
9995
9838
9994
9979
9788
10000
9917
9907
9975
9981
9978
9962
9886
9990
9939
9910
9981
9944
9973
9935
9797
9893
9956
9639
9828
9876
9938
9860
9973
9997
9889
9969
9955
9957
9973
9967
9955
9966
9924
9995
9947
9896
9900
9962
9954
9979
9974
9922
9942
9943
9894
9866
9981
9999
10000
9927
9952
9813
9850
9997
9898
9972
9995
9929
9875
9952
9943
9924
9990
9998
9965
9894
9997
9949
9901
9981
9943
9991
9960
9982
9937
9986
9938
9882
9990
9913
9940
9932
9908
9995
9968
9975
9999
9901
9976
10000
9881
9998
