9923
9860
9949
9824
9938
9548
9948
9577
9841
9910
9929
9920
9914
9910
9733
9945
9772
9931
9740
9647
9954
9905
9978
9953
9927
9930
10000
9923
9800
9959
9800
9935
9846
9836
9773
9766
9765
9820
9938
9911
9827
9874
9920
9937
9889
9863
9768
9885
9919
9953
9899
9935
9813
9858
9757
9579
9918
9808
9861
9797
9948
9973
9956
9637
9915
9919
9907
9639
9647
9989
9908
9831
9861
9984
9956
9915
9834
9965
9666
9972
9960
9801
9704
9850
9936
10000
9865
9890
9747
9493
9897
9909
9952
9803
9875
9723
10000
9861
9953
9720
10000
9947
9982
9829
9822
9875
9885
9894
9953
9589
9956
9913
9684
9981
9934
9929
9886
9951
9936
9735
9764
9847
9802
9815
9832
9901
9786
9736
9892
9696
9891
9882
9868
9850
9877
9973
9723
9823
9989
9884
9934
9871
9984
9688
9822
9742
9939
9898
9907
9926
9891
9866
9882
9953
9898
9877
9833
9930
9526
9931
9465
9733
9933
9835
9936
9955
9823
9899
9863
9579
9883
9867
9891
9938
9836
9755
9975
9632
9841
9923
9785
9871
9972
9679
9945
9803
9582
9997
9967
9956
9940
9933
9916
9794
9771
9788
9881
9933
9657
9991
9930
9932
9996
9637
9967
9851
9907
9836
9828
9858
9682
9891
9895
9952
9703
9943
9910
9910
9965
9953
9860
9998
9910
9898
9728
9879
10000
9789
9701
10000
9904
9924
9747
9837
9949
9821
9896
9866
9938
9848
10000
9576
9860
9890
9953
9942
9966
9555
9869
9799
9903
9958
9686
9882
9846
9546
9812
9694
9864
9798
9914
9895
9900
9919
9724
9850
9850
9835
9856
9872
9967
9817
9831
9955
9798
9683
9819
9999
9916
9935
9934
9649
9828
9920
9965
9721
9795
9901
9778
9911
9918
9850
9865
9946
9850
9904
9644
9938
9873
9644
9924
9930
9834
9801
9913
9578
9906
9872
9751
9692
9979
9792
9917
9893
9859
9961
9863
9772
9894
9979
9782
9916
9915
9925
9679
9915
9769
9923
9757
9701
9948
9977
9937
9891
9899
9932
9755
9988
9907
9809
9923
9922
9930
9914
9885
9831
9697
9829
9951
9981
9920
9965
9854
9969
9782
9945
9934
9908
9804
9738
9900
9853
9478
9772
9821
9841
9689
9901
9914
9876
9959
9900
9465
9933
9785
9999
9833
9913
9882
9569
9893
9851
9789
9936
10000
9892
9663
9900
9909
9470
9969
9832
9932
9809
9999
9871
9826
9893
9870
9889
9920
9962
9800
9913
9994
9805
9579
9932
9795
9931
9327
9937
9827
9906
9899
9782
9879
9921
9920
9717
9978
9869
9758
9888
9750
9778
9966
9934
9889
9203
9909
9847
9934
9918
10000
10000
9676
9871
9941
9868
9544
9758
9851
9990
9854
9903
9893
9916
9881
9854
9817
9899
9807
9928
9912
9934
9874
9890
9930
9619
9917
9744
9878
9694
9993
9681
9829
9925
9693
9889
9922
9830
9871
10000
9934
9954
9975
9889
9822
9902
9810
9812
9889
9866
9904
9752
9861
9949
9802
9771
9964
9907
9779
9966
9985
9809
9950
9784
9782
9750
9642
9654
9919
9762
9976
9822
9941
9729
9968
9826
9896
9778
9957
9527
9901
9883
9707
9849
9894
9949
9901
9906
9796
9622
9515
9521
9638
9989
10000
9906
9705
9997
9944
9916
9883
9793
9989
9929
9969
9584
9911
9992
9730
9897
9917
9956
9887
9870
9959
9825
9802
9725
9828
9768
9877
10000
9639
10000
9947
9896
10000
9943
9874
9926
9808
9933
10000
9664
9868
9863
9704
9626
9861
9820
9845
9785
9559
9888
9871
9884
9942
9866
9934
9921
9825
9641
9896
9736
9946
9911
9894
9736
9960
9727
9943
9895
9908
9965
9786
9908
9927
9847
9743
9793
9918
9945
9934
9873
9904
9911
9882
9733
9887
9860
9719
9966
9891
9863
9849
9773
9709
9660
9824
9954
9955
9656
9889
9968
9996
9491
9796
9884
9834
10000
9930
9672
9914
9778
9968
9949
9979
9677
9850
9412
9848
9914
9861
9766
9753
10000
9960
9825
9916
9882
9951
9804
9968
9930
9886
9797
9993
9812
9896
9895
9937
10000
9853
9918
9943
9785
9995
9875
9751
9941
9878
9708
9511
9717
9711
9756
9867
9866
9920
9873
9815
9673
9880
9779
9784
9954
9965
9926
9832
9987
9947
9890
9956
9927
9906
9948
10000
9695
9866
9948
9948
9916
10000
9904
9935
9946
9795
9934
9875
9915
9891
9735
9604
9547
9737
9884
9892
10000
9564
9951
9426
9824
9842
9491
9865
9905
9690
9908
9860
9784
9590
9971
9828
9921
9935
9894
9609
9757
9947
9845
9940
9824
9653
9991
9930
9842
9982
9878
9925
9712
9535
9625
9967
9876
9923
10000
9919
9946
9825
10000
9832
9910
9915
9869
9609
9712
9961
9851
9951
9689
9921
9969
9923
9888
9993
9844
9842
9867
9805
9861
9931
9848
9926
9930
9789
9828
9903
9900
9874
9756
9731
9926
9883
9820
9972
9913
9882
9799
9952
9921
9837
9829
9882
9793
9901
9822
9955
10000
9841
9891
9968
9792
9986
9840
9745
9930
9817
9986
9789
9815
9925
9798
9862
9921
9948
9822
9868
9891
9961
9975
9923
9942
9962
9800
9816
10000
9852
9919
9895
9825
9862
9664
9937
9989
9931
9868
9980
9653
9921
9828
9939
9954
9754
9856
9390
9930
9875
9939
9914
9905
9860
10000
9795
9837
9835
9804
9923
9898
9880
9630
9909
9883
9662
9982
9808
9869
9800
9915
9937
9823
9712
9921
9862
9962
9951
10000
9917
9852
9846
9806
9731
9819
9859
9998
9897
9907
9704
9857
9634
9607
9947
9907
9887
9845
10000
9686
9668
9836
9908
9788
9810
9910
9692
9702
9915
9412
9877
9778
9898
9958
9794
9545
9905
9757
9893
9893
9973
9833
9801
9907
9948
9610
9770
9903
9728
9852
9799
9935
9723
9499
9970
9970
9900
9783
9823
9933
9711
9954
9638
9918
9793
9920
9890
9899
9937
9852
9814
9814
9833
9972
9903
9840
9977
9877
10000
9887
9889
9978
9894
10000
9892
9901
9843
9936
9808
9711
9994
9911
10000
9918
9863
9946
9792
9927
9697
9811
9771
9924
9908
9886
9998
9911
9971
9850
9847
9897
