10000
9925
9993
10000
10000
9990
9999
10000
10000
10000
9999
9962
9840
10000
9997
9986
9992
9904
9999
9929
9999
9998
9999
10000
10000
9920
9974
9929
9999
9961
9939
9996
9914
9923
9996
9999
9999
9958
9995
10000
9999
9998
9947
9999
9999
10000
9942
9999
9992
9998
10000
10000
10000
10000
9999
10000
9974
9987
9993
9895
9989
9990
9985
10000
10000
10000
10000
9983
9998
9914
9876
10000
10000
10000
9932
9961
9989
9980
9970
9884
9990
10000
10000
9985
10000
9928
10000
9994
9923
10000
10000
9999
10000
9928
9970
9994
9997
9880
10000
9976
9899
10000
9820
10000
9925
10000
9990
9997
9979
10000
10000
10000
10000
9999
9939
9964
9998
9998
9930
10000
10000
9996
9991
10000
9734
10000
10000
9854
9999
9888
9912
9887
9996
10000
9993
9986
10000
9950
9890
9996
10000
9859
10000
9998
9999
9963
9998
10000
9988
9999
9833
9999
9966
9998
9999
9997
9992
9917
10000
10000
9999
10000
10000
9941
9932
9996
9999
9952
9950
10000
9996
10000
9995
9996
9963
9977
10000
9908
9994
10000
9970
9996
10000
9981
10000
9983
9997
9999
9988
9997
9989
9993
9968
9963
9979
9994
9994
10000
9997
9991
10000
10000
9959
9978
9856
10000
10000
10000
9999
9999
10000
10000
10000
10000
9957
9990
9997
9987
9957
10000
9968
9991
10000
9999
10000
9938
9930
9950
9971
9998
10000
9980
9972
9888
9956
10000
9870
9997
9999
10000
10000
9944
9999
9984
9945
9987
10000
10000
9990
9954
9789
9943
9996
9999
10000
9885
9978
10000
9983
9996
9991
9891
9910
9878
10000
9999
10000
9996
10000
9971
9996
9984
10000
10000
9960
9887
9975
10000
10000
9848
9985
10000
9911
9999
9973
10000
9898
9960
9955
9979
9886
10000
9980
10000
10000
10000
9997
9991
9995
9998
10000
9891
9915
10000
10000
9971
9965
9990
9999
9913
10000
9999
10000
10000
9990
10000
9990
10000
9999
9999
10000
10000
10000
10000
9997
9880
9966
9990
9989
9953
9973
9997
10000
9963
9762
10000
9938
9958
9974
9997
9873
9929
9880
9994
10000
9999
9998
9936
10000
9977
9999
10000
9951
9999
9983
10000
9999
9767
9996
9997
9986
9905
9996
9980
10000
9948
9972
9933
10000
9963
10000
10000
9996
9998
9999
9987
10000
9992
9946
10000
9835
10000
9999
10000
9999
9895
9872
9990
10000
10000
9977
9998
9994
10000
9990
10000
9989
9997
10000
9983
9993
9987
9981
9990
9995
9999
9885
9980
10000
10000
9993
10000
10000
9965
9940
9983
9984
10000
10000
9937
9969
9982
9986
10000
9844
10000
9996
10000
9999
9996
9999
9941
9997
9965
10000
10000
9994
9931
9992
10000
10000
10000
9905
9997
9996
10000
10000
9885
9995
9946
9992
9984
9998
9998
10000
10000
9998
10000
9987
10000
9998
9999
10000
10000
9895
9991
9987
9980
9981
10000
9970
9999
9996
9958
10000
9989
10000
9989
9956
9999
10000
9982
9987
10000
9999
9980
9995
9948
9997
10000
9998
9924
9975
9999
10000
9979
10000
9981
9998
9995
10000
9996
10000
9998
10000
10000
10000
9884
9858
9999
9994
9999
9869
9999
9999
10000
10000
9999
10000
9974
9999
9960
9998
9901
10000
9866
10000
9995
10000
9968
10000
10000
9992
9997
10000
9999
9993
9996
9999
9994
10000
9967
10000
9998
10000
9920
10000
9994
9988
9999
9992
9996
9859
9995
9997
9998
10000
9999
9795
10000
9936
9994
9999
9997
10000
9999
10000
9989
10000
9913
10000
9969
9922
10000
9973
10000
10000
9997
10000
9980
10000
9998
9985
10000
9905
10000
9960
9995
9995
9985
10000
9977
9997
9999
9973
10000
10000
9999
9995
9995
9999
9996
10000
9995
9992
10000
9984
9987
10000
10000
9998
10000
9992
10000
9712
9993
10000
9969
10000
10000
9993
9958
10000
9977
10000
9981
9993
9949
9996
9992
9983
9999
9999
9999
9999
9962
9964
9937
9992
10000
9966
10000
9999
10000
9999
9994
9999
9821
9998
9989
9994
10000
9986
10000
10000
10000
10000
9994
10000
9999
9995
9941
9963
9994
9999
10000
9970
9999
9997
9974
10000
10000
10000
10000
9852
10000
9993
9938
9811
9896
9973
9881
10000
10000
10000
9851
9998
10000
10000
9999
10000
9962
9974
9960
9987
10000
9999
10000
9939
10000
10000
9965
10000
9846
10000
9966
10000
9805
9999
10000
9991
9998
10000
9999
10000
10000
9979
9996
10000
10000
10000
10000
9899
9953
10000
10000
9834
10000
10000
9974
9970
9998
10000
9998
9997
9968
9995
9834
10000
9981
9929
10000
10000
9998
10000
9999
9999
9992
9996
9999
10000
9995
9981
10000
9966
9880
9990
10000
9990
10000
9999
9999
9997
10000
9947
9941
10000
10000
9998
10000
9994
9999
9999
9996
10000
10000
9956
9989
10000
10000
9972
9946
10000
9962
9996
9917
9996
10000
9996
9998
9998
10000
10000
10000
9982
9986
9856
9935
9994
9997
9999
10000
10000
10000
9995
10000
9906
9997
9999
9943
9999
9993
9998
10000
10000
10000
10000
9998
9999
10000
9936
9916
9998
9984
10000
10000
9997
9977
9997
9989
10000
9995
10000
9995
9922
9903
10000
9999
10000
9953
9947
10000
9985
10000
10000
9908
10000
9935
10000
9957
9956
9989
10000
10000
9989
10000
10000
9877
9980
9948
9930
10000
9985
9979
9999
10000
9990
10000
10000
10000
9999
9998
10000
10000
10000
10000
10000
10000
9949
9969
9858
9910
10000
9934
9900
10000
10000
9991
10000
10000
9995
9996
10000
9998
10000
9988
10000
9999
10000
10000
9995
10000
9955
9966
10000
9994
9837
9937
9998
10000
10000
9968
9956
9892
9968
9998
9880
9995
10000
9956
9947
9993
10000
10000
9999
10000
9998
10000
9999
10000
9998
10000
9999
9977
9999
9877
9992
10000
9988
9876
10000
10000
9948
9990
10000
9999
10000
9998
10000
9995
9950
9999
9998
10000
9997
10000
9999
10000
9998
9999
9998
10000
9980
9996
10000
10000
9980
9999
9999
9923
9997
10000
10000
10000
10000
9909
10000
10000
9989
9986
10000
10000
9997
9998
9979
10000
9985
10000
9971
9944
9994
10000
9983
10000
10000
9998
10000
10000
10000
9999
