9938
9897
9871
9980
9854
9867
9881
9907
9931
9857
9768
9810
9644
9692
9768
9900
9850
9910
10000
9797
9927
9721
9507
9819
9895
9852
9696
10000
9872
9896
9988
10000
9940
9794
10000
9897
9951
10000
9952
9809
9910
9901
9862
9882
9829
10000
9861
9820
9859
10000
9927
9710
9760
9880
9932
9913
9988
9968
10000
9970
9889
9978
9976
9828
9786
9809
9748
9782
9885
9694
9961
9962
9763
9868
9516
9526
9581
10000
9825
9714
10000
9827
9807
9479
9649
9729
9723
9922
9943
9861
9926
9897
9883
9940
9929
9367
9956
9860
9435
9908
9860
9988
9745
9989
9632
9660
9744
9886
9355
9910
9712
10000
9978
9940
9853
9905
9897
9928
9951
9392
9938
9941
9964
10000
9311
9813
10000
9862
9894
9990
9880
10000
9627
10000
9531
9743
9970
9970
9897
9885
10000
9910
9803
9993
9921
9824
9970
9997
9451
9954
9936
9921
9898
9867
9838
9749
9924
9838
10000
9869
9468
9698
9788
9373
9923
9894
9939
9487
9896
9941
9833
9811
9801
9752
10000
9617
9880
9966
9575
10000
9090
9882
9992
9882
9875
9843
9795
9723
9486
9989
9927
9896
9945
9813
9839
9938
9941
9894
9799
9881
9912
9443
9692
9769
9141
9934
9256
9920
9733
9603
9881
9877
9827
9773
9931
9612
9524
9899
9946
10000
9829
9827
9946
9941
9861
9927
9683
9891
9750
9985
9754
9919
9881
9835
9904
9878
9635
9947
10000
9757
9655
9574
10000
9505
9766
9473
9884
9920
9857
9898
9778
9576
9517
9954
9949
9989
9855
9904
9930
9870
9889
10000
9520
9768
9700
9724
9694
9851
9473
9667
9891
9540
9789
9701
9673
9998
9724
9863
9231
10000
10000
9819
9998
9893
9769
9749
9677
9962
9983
9912
9602
9974
9903
9748
9877
9991
9848
9820
9507
9800
9782
9904
9891
9969
9875
9945
9741
9449
9521
10000
9685
9451
9973
9612
9809
9815
9790
9923
9972
10000
10000
10000
9964
9800
9735
9924
9822
9798
10000
9904
10000
9977
9629
9475
9751
9656
9658
9906
9970
9836
9866
9506
9867
9539
9531
9887
9977
9453
9576
9797
9948
9470
9449
9716
10000
9887
9933
9863
9996
10000
9682
9687
9703
9804
9817
10000
10000
9478
9719
9877
9844
9805
9840
9650
9867
10000
9738
9417
9873
9943
10000
9935
9734
9891
9951
9321
9949
9904
10000
9848
9871
9723
9982
9664
9870
9854
9966
9895
9895
9936
9802
9991
10000
9582
10000
9643
9365
9789
9272
9757
9902
9876
9904
9931
9837
9922
9537
9852
9503
9796
9765
9811
9922
9940
9613
9839
9928
10000
9969
9512
10000
9988
9518
9945
9801
9821
9934
9993
9532
9796
9698
9958
9851
9840
9802
9910
10000
9912
9867
9879
9947
9855
9886
9717
9873
9311
9742
9976
9615
9666
10000
10000
9920
9894
9939
9893
9568
10000
9299
9079
9893
9892
9915
9788
9878
9471
9463
9844
9638
9725
9910
9395
9995
9897
9881
9836
9691
9645
9973
9904
10000
9769
9645
9702
9379
9896
10000
9837
9558
9879
9561
9859
9902
9909
9519
9821
9920
9934
9850
9741
9371
9843
9920
9828
9785
9904
10000
9850
9909
9532
9430
9948
9850
9920
9842
9771
9921
9852
9870
9918
9801
9773
10000
9828
9777
9832
9863
9897
9868
9811
9783
9903
9842
10000
9871
10000
9904
9959
9685
9899
9746
9853
10000
9870
9759
9834
9816
9884
9921
9862
9833
9749
9962
9920
9866
9700
9781
9946
9901
9715
9700
9907
9973
9900
9608
9646
9916
9821
9803
9505
9669
9785
9904
9766
9817
9746
9909
9957
9516
10000
9811
9857
9720
9727
9886
9784
9898
9362
10000
9939
9787
9768
9927
9733
9815
9892
9539
9875
9794
9596
9772
9769
9950
9686
9360
9889
9964
10000
9628
9762
9870
9798
9930
9937
9872
9861
9752
9854
9911
9769
10000
9688
9237
9370
9786
9882
9813
9625
9902
9915
9454
9961
9859
9809
9834
9787
10000
9874
9905
9888
9459
9850
9822
9636
9638
9970
9394
9940
9881
9708
9834
9936
9837
9817
9965
9937
9600
9846
9552
9973
9837
9760
9667
9981
9950
9619
9859
9854
10000
9936
9832
9843
9826
9538
9811
9658
9920
9789
9718
9862
9944
9770
9768
9883
9819
9659
9888
9874
9787
10000
9812
9859
10000
9442
10000
9845
9910
9747
9852
10000
9934
9567
9867
9944
9826
9843
9915
9830
9905
9986
9696
9789
9874
9893
9741
9491
10000
10000
9927
9721
9710
9960
10000
9857
9828
9921
9981
9656
9676
9673
9771
9914
9658
9907
9830
9753
9897
9970
9901
9854
9301
10000
9517
9477
9941
9890
9942
9910
9539
10000
9842
9375
9959
9920
9976
9745
9931
9856
9854
9870
9756
9872
9842
9818
9860
10000
9895
9603
9695
9886
9887
9965
9781
9830
9840
9747
9869
9892
9778
9928
9753
9908
9675
9940
9813
9701
9717
9170
9732
9996
9999
9903
9288
9893
9741
9710
9692
9948
9942
9894
9810
9908
9710
9415
9836
10000
9521
9486
9868
9863
9904
9743
9887
9376
9686
9828
9799
9675
10000
9725
10000
9984
9703
10000
10000
9687
9884
9852
9818
9934
9617
9941
9877
9651
9799
9490
9874
9942
9753
9978
9718
9852
9927
9863
9851
9960
10000
9929
9601
9916
9865
9589
9747
9679
9845
9942
9597
9918
9350
9898
9892
10000
9765
9930
9833
9718
9873
9864
9999
9878
9897
9741
9699
9765
9752
9938
9704
9888
9846
9823
9779
9806
9547
10000
9849
9835
9919
9913
9826
10000
9294
9921
9910
9402
9850
9897
9828
9851
9769
9881
9643
9938
10000
9595
9813
10000
9903
9664
10000
9737
9847
9895
9875
9949
10000
9847
9924
9869
9941
9952
9594
9729
9932
9832
9730
9680
9925
9898
9762
9579
9752
9919
9793
9848
9726
9765
9814
9769
9612
9919
9296
9948
9332
9927
9644
9842
9936
9910
9831
9870
9771
9912
9915
9887
9850
9449
9986
9740
9671
9924
9802
9881
9929
9899
9922
9787
9915
9778
9621
9723
9859
9782
9917
9839
9924
9826
9937
9872
9194
9692
10000
9254
9925
9973
10000
9826
9926
9815
9867
9805
