9783
9763
9583
9966
9816
9995
9772
9756
9912
9809
9865
9888
9896
9305
9905
9893
9776
9885
9851
9937
9937
9937
9821
9774
10000
9886
10000
9838
9941
9908
9666
10000
9714
9725
9795
9904
9805
9831
10000
9929
9821
9834
10000
9431
9942
9629
9273
9709
9865
9778
9931
9904
9773
9936
9940
9759
9827
9538
9909
9707
9981
10000
9921
10000
9657
9665
9981
9997
9494
9801
9875
9953
9729
9904
9840
9629
9824
9725
9891
9930
9687
9738
9944
9971
9808
9930
9564
9871
9833
9843
9919
9798
9983
9985
9747
9816
9810
9913
9581
9883
9920
9880
9835
9596
9988
9809
9951
9844
9605
9751
9907
9868
9813
9915
9836
9773
9810
9733
9470
9757
9441
9721
9944
9960
10000
9494
9939
9872
9789
9754
9914
9908
9877
9930
9954
9845
9914
9929
9933
9843
9968
9880
9872
9974
9842
9891
9798
9794
9638
9687
9816
9807
9814
9801
9868
9856
9736
9840
9269
9555
10000
9881
9795
10000
9726
9731
9848
9968
9980
9919
9998
9935
9907
9900
9411
9984
9691
9898
9825
10000
9856
9906
9314
9959
9931
9821
9914
9794
9783
9879
9538
9888
9682
9920
10000
10000
9915
9659
9685
9874
10000
10000
9983
9921
9962
9923
9868
9976
9823
9666
9890
9536
9842
9804
9799
9841
9884
9880
9444
9959
9974
9912
9890
9669
9926
9894
9467
9945
9671
9950
9897
9984
10000
9930
9949
9924
9901
9652
9844
9916
9817
9937
9718
9781
9676
9913
9529
9802
9666
9365
9703
9942
9926
9859
9694
9887
9679
9825
9782
9937
9877
9918
9977
9730
9850
9978
10000
10000
9827
9914
9899
9844
9843
9956
9841
9843
9741
9941
9861
9931
9896
9507
9968
9858
9494
10000
9781
9688
9788
9868
9865
9813
9953
9944
9013
9891
9911
9753
9724
9887
10000
9844
9796
9744
9897
9584
9650
9840
9676
9993
9988
9618
9868
9795
9975
9913
9641
9870
9921
9973
9744
9746
9834
9905
9907
9677
9744
9867
9898
9956
9945
9887
9936
9780
9938
10000
9675
9828
9878
9949
9938
9953
9692
9823
9239
9634
9885
9751
9710
9950
9915
9742
9890
9805
9911
9819
9788
9706
9864
9952
9559
9901
9900
9922
9696
9882
9788
9867
9819
9891
9859
9719
9864
9785
9958
9973
9777
9882
9429
9983
9842
9952
9882
9890
9916
9882
10000
9885
9953
9872
9795
9757
9952
9692
9525
9298
9876
9810
9925
9743
9957
9677
9461
9896
9645
9853
10000
9919
10000
9818
9688
9922
9853
9872
9746
9789
9928
10000
9557
9943
9939
9687
9881
9944
9878
9559
9717
9890
9909
10000
9653
9376
9760
9824
9642
9831
9900
9683
9810
9885
9690
9641
9813
9841
9923
9933
9686
9854
9819
9655
9717
9905
9472
9875
10000
9932
9755
9447
9921
9992
9769
9824
9709
9751
9967
9902
9876
9907
10000
9822
9868
9976
9985
9629
9909
9889
9928
10000
9913
10000
9915
9966
9618
9901
9485
9801
9711
9920
9882
9893
9909
9893
9834
9920
9827
9887
9882
9937
9844
9914
9984
9999
9764
9764
9925
9786
9873
9924
9950
9835
9874
9764
9809
9879
9933
10000
9647
9492
10000
9502
9899
9867
9927
9916
9686
9797
9665
9667
9821
9872
9697
9866
9886
10000
9997
9811
10000
9849
9896
9883
9806
10000
8958
9912
9945
10000
9897
9900
9869
9740
9817
9596
9799
10000
9896
9861
9742
9895
9745
9823
9648
9688
9885
9906
9868
9937
10000
9959
9747
9632
9934
9837
9909
9773
9671
9874
9312
9868
9868
9898
9795
9916
9922
9289
9798
9627
9859
9714
9896
9741
9519
9827
9999
9659
9775
9941
9983
9923
9972
9995
9806
9831
9897
9917
9840
9751
9703
9609
9635
9820
9502
9817
9689
9885
9531
9869
9946
9638
9985
9828
9856
9910
9952
9859
9915
9669
9863
9938
9816
9822
8897
9957
9808
9735
9926
9559
9184
9852
9931
9558
9754
9426
9959
9926
9916
9898
9699
9414
9336
9851
9905
9671
9938
9881
9764
9910
10000
9880
9875
9858
9867
10000
9822
9957
9815
9901
9892
9859
9655
9983
9890
9550
9622
9810
9917
9792
9739
9754
9801
9900
9860
9777
9500
10000
9938
10000
9816
9778
9980
9906
9966
9625
9703
9943
9945
9888
9633
9809
9830
9821
9659
9960
9923
9821
10000
9925
10000
9980
9759
9803
9899
9921
9300
9772
9845
9845
9693
9707
9913
9957
9970
9887
9889
9923
9357
9637
9761
9957
9518
9812
9873
9892
9606
9548
9482
9576
10000
9884
9934
9166
9489
9894
9762
9881
9360
9844
9784
9901
9950
9779
9748
9895
9923
9812
9782
9999
9928
9867
9881
9914
9762
9959
9863
9680
9902
10000
9841
9423
9950
9594
9793
9925
9845
9866
9760
9859
9954
9453
9918
9845
9617
9979
9710
9849
9794
9946
10000
9718
9561
9995
9923
9758
9919
9929
9588
9842
9724
9736
9940
9883
10000
9957
9968
9827
9992
9979
9954
9805
9904
9498
9933
10000
9989
9825
10000
9859
9871
9941
9880
9897
9654
9700
9554
9957
9666
9829
9859
9612
9820
9766
9934
9771
9913
10000
9795
9879
9857
9782
9881
9937
9871
9898
9856
10000
9935
10000
9856
9729
9908
9947
9673
9850
9804
9907
9872
9916
9633
9889
9778
9850
9859
9783
9906
9885
9379
9870
9809
9881
9908
9986
9835
9625
9734
10000
9845
9902
9888
9786
9885
9986
9734
9856
9676
9932
9845
9893
9812
9928
9918
9842
9733
9902
9889
9346
9837
9923
9781
9859
9972
9620
9946
9942
9956
9785
9878
9769
9807
9912
9691
9948
9800
10000
9870
9756
9863
9799
9861
10000
10000
9898
9930
9934
9895
9867
9923
9921
9749
9851
9464
9857
9835
9748
9854
9489
9917
9762
9841
9927
9882
10000
9864
9575
9913
9601
9652
9794
9801
9763
9826
10000
9798
9879
9950
9939
9690
9937
9914
9945
9824
9945
9881
10000
9866
9784
9811
9962
9950
9883
9941
9922
9851
9957
9841
9802
9597
9784
9944
9959
9955
9824
9953
9873
9860
9937
9930
9672
9928
9615
9944
9974
9728
9776
9888
9723
9869
9698
9813
9907
9835
9752
