9995
9944
10000
10000
9999
10000
10000
10000
9902
10000
10000
10000
9999
10000
9911
10000
9949
9998
9999
9969
10000
10000
10000
10000
9987
9994
10000
10000
10000
10000
9998
10000
10000
10000
10000
10000
10000
9942
10000
10000
9989
9992
10000
9879
10000
10000
9940
9991
10000
10000
9989
10000
10000
9946
10000
10000
9999
10000
9997
9988
10000
9997
9875
9966
10000
9996
10000
10000
9997
9990
10000
10000
9945
9972
9991
10000
10000
9992
9992
10000
9999
9927
9921
10000
9884
9926
10000
9979
9998
10000
9996
10000
9833
9998
9999
9988
10000
10000
9999
10000
9997
9945
10000
10000
9969
10000
10000
9997
9992
9994
10000
10000
10000
10000
10000
9863
9986
9954
10000
9907
9975
10000
10000
9900
9994
10000
9998
10000
9996
9998
9982
9982
10000
10000
9988
9998
10000
10000
9913
10000
10000
9997
9962
9939
9878
9998
9935
9998
9914
10000
9999
10000
9960
9887
10000
10000
9966
9822
10000
10000
9989
10000
10000
9987
9997
9988
9999
10000
10000
9993
9990
10000
10000
9994
9852
10000
9915
10000
9976
9999
9828
10000
10000
9999
9995
9988
9943
10000
10000
9921
9995
10000
10000
10000
10000
10000
10000
10000
10000
10000
10000
10000
9996
9997
9978
10000
10000
9861
9992
9977
9911
10000
10000
10000
10000
10000
9948
9937
9955
9868
9959
10000
9999
9999
9995
10000
9998
10000
9969
10000
10000
9989
10000
9994
10000
10000
9758
9998
10000
10000
10000
10000
9989
9896
10000
9999
10000
10000
10000
10000
9988
9991
10000
10000
10000
10000
10000
10000
10000
10000
10000
9986
10000
9985
9874
9988
10000
10000
9996
9991
9918
10000
10000
9886
9919
10000
9912
9928
10000
9940
9999
10000
9838
9999
10000
10000
9994
9959
9995
9975
9980
9822
10000
10000
9972
10000
10000
10000
9944
10000
10000
10000
9958
9989
9960
9977
9912
9919
10000
10000
10000
9922
9978
10000
9851
9842
9999
9998
10000
10000
10000
9945
9974
10000
9796
10000
10000
9991
10000
9998
10000
10000
10000
9990
10000
9997
10000
10000
9987
9995
10000
9959
10000
10000
9993
10000
9992
9921
10000
10000
10000
10000
9975
9881
9983
10000
10000
10000
10000
9968
9997
10000
9966
9999
9992
9998
10000
10000
10000
9870
10000
9908
9939
10000
9967
9921
9953
10000
9998
10000
9652
9934
9965
10000
9998
9943
10000
9970
9988
9999
9996
9891
10000
9999
9990
9881
10000
9890
10000
10000
9871
9888
10000
10000
10000
10000
10000
10000
9933
9999
9775
10000
9998
10000
10000
9966
9915
10000
9998
10000
10000
9866
9986
9999
9977
10000
10000
9996
9955
9987
9996
10000
9984
9961
9902
9930
9875
9913
9942
9959
9972
9999
10000
10000
9960
9969
9999
9999
10000
9866
9946
10000
9993
10000
9978
9886
9999
9998
9983
9990
9917
10000
9989
10000
9994
9942
10000
9946
10000
9995
9999
10000
9998
9999
9925
9965
10000
9999
9957
9999
9996
9972
9998
9972
9998
10000
10000
9992
9993
9927
10000
9906
10000
9979
9981
9965
10000
9908
9892
9858
9991
9958
9999
10000
9998
10000
9869
9940
10000
9996
9892
9996
9993
10000
9809
9964
9998
9965
9930
10000
10000
9975
10000
9994
10000
9955
9944
9997
9944
10000
9999
9939
9916
9999
10000
9923
10000
10000
9833
9915
9994
10000
9751
10000
10000
9882
10000
9997
9944
10000
10000
10000
9921
9995
9885
9983
9991
10000
10000
10000
9966
9999
9899
10000
9993
10000
10000
9905
10000
9924
10000
9900
9976
10000
9995
10000
9994
10000
9919
9995
9929
10000
9945
9859
9999
10000
9859
9991
10000
10000
9998
9996
9944
9997
9943
10000
10000
10000
10000
10000
9903
10000
9914
10000
10000
9775
10000
9996
10000
10000
10000
10000
9994
9925
9932
10000
9998
10000
9943
9921
10000
9990
9999
10000
10000
10000
10000
10000
9999
10000
10000
9947
10000
9925
9992
9971
10000
10000
9975
9999
9883
9993
9991
10000
9985
9998
10000
10000
10000
9832
10000
10000
10000
9996
9992
9995
10000
10000
10000
10000
10000
9911
10000
10000
9992
10000
9967
9991
9887
9967
10000
9932
9929
9963
10000
9995
9984
9938
10000
10000
9997
10000
9972
10000
10000
10000
9999
10000
9983
10000
10000
10000
9989
10000
9904
10000
9993
9933
10000
9917
9900
10000
9935
9896
9838
9994
10000
9922
10000
9970
9976
10000
9888
9999
10000
10000
10000
9978
9999
10000
10000
9996
9967
9997
9999
9881
9981
10000
9999
9920
9993
10000
10000
10000
9994
9982
10000
9997
9956
9977
9982
9919
9991
9995
9987
9981
9988
9969
10000
9967
9998
9992
9998
9887
9922
9989
10000
9996
9998
9988
9976
9984
10000
10000
9999
10000
10000
10000
10000
9982
9997
10000
9954
10000
10000
10000
9882
10000
10000
10000
9966
9894
10000
10000
10000
9997
10000
9835
10000
10000
10000
9992
9956
9856
10000
10000
9940
9998
9900
9949
9956
9997
9996
9996
10000
9874
9874
10000
10000
10000
10000
9829
9836
9808
10000
9998
10000
9920
10000
9991
9897
10000
10000
10000
9971
9980
10000
9987
9878
9987
9980
9876
10000
9788
9997
10000
10000
10000
10000
9911
9992
10000
10000
10000
9999
10000
9999
9966
10000
9996
10000
9964
10000
9946
9763
10000
10000
10000
10000
9937
10000
9975
9990
10000
10000
9999
10000
10000
9926
10000
9839
10000
10000
10000
10000
10000
10000
10000
10000
9979
10000
9961
10000
10000
10000
10000
10000
9992
10000
9999
10000
10000
10000
10000
9984
9879
10000
9903
10000
9999
9980
9842
9997
10000
10000
10000
10000
10000
10000
9796
10000
10000
10000
9965
10000
10000
9928
10000
9999
9997
9962
9947
10000
10000
9990
9999
9999
10000
10000
10000
9951
9981
9990
10000
9830
9942
9937
10000
10000
9947
9919
10000
9998
9998
9996
10000
10000
9995
9954
10000
9971
10000
9941
10000
9909
10000
9999
9931
10000
9978
9891
10000
9998
10000
9990
9976
9999
10000
10000
9997
9997
10000
9999
10000
9975
9999
9943
10000
10000
9995
9990
10000
10000
9960
10000
10000
9990
10000
9997
9999
10000
9907
10000
9998
10000
9805
9997
10000
10000
10000
