9972
10000
9934
10000
10000
9939
10000
9998
10000
9894
9914
10000
10000
10000
10000
9818
9971
9946
10000
9941
9993
10000
10000
9999
9999
10000
9926
9944
10000
9746
10000
9835
9979
9911
10000
10000
9998
9846
9999
9999
9995
10000
10000
9999
9923
9967
9999
9999
10000
9909
10000
9853
9987
9997
9993
9986
9997
9969
10000
9998
10000
9871
9998
9868
9960
9996
9970
10000
9990
9973
9901
10000
9980
10000
9999
10000
9947
10000
9867
9999
9941
9961
9992
10000
9979
9997
9943
9911
10000
9968
9877
9983
9999
9997
10000
10000
9979
9985
9998
9997
9965
9997
10000
9969
9999
9977
10000
9889
9911
9997
9958
10000
10000
9962
10000
9996
10000
9999
9950
9948
9995
9919
9999
10000
9992
10000
9966
10000
10000
9999
9903
10000
9977
9987
9997
9980
9973
9943
10000
9999
9961
10000
9921
9999
9946
10000
9999
9998
9970
9988
10000
10000
9996
9946
10000
9785
10000
9988
9965
9999
9955
9961
10000
9996
10000
9954
10000
9971
10000
10000
9999
9994
10000
9927
9999
10000
10000
9999
9998
9992
10000
9798
9977
9995
10000
9974
10000
10000
9997
9988
9956
9995
10000
9999
9968
9991
10000
9929
10000
9908
10000
9999
9993
9999
9999
10000
9923
10000
9998
10000
9920
10000
10000
10000
9987
9912
9998
10000
10000
9975
9999
9998
9994
10000
9999
10000
9998
10000
9987
9996
9999
9997
9995
10000
9993
10000
9998
9966
10000
9938
9996
10000
10000
9997
10000
9934
9999
9997
9999
9982
9930
9991
9998
10000
9874
9919
9961
9999
9999
10000
9936
9970
9982
9876
10000
10000
9962
9881
9997
9986
9982
10000
10000
9999
9988
9998
9979
9997
9998
9951
9777
10000
10000
10000
9993
10000
9996
9819
9998
9999
9936
9999
9942
10000
9990
9957
9999
10000
10000
9957
9945
9998
10000
10000
9960
9977
9907
9961
9994
10000
9991
9962
9998
9946
9987
9999
9996
9963
10000
10000
9999
9872
10000
9999
9999
9999
10000
9997
9998
9998
10000
10000
9999
9970
10000
9998
10000
9908
9999
9996
10000
9999
9987
9990
9855
9800
9898
9912
9990
9999
10000
9971
9978
10000
10000
9999
9921
9989
10000
9926
9953
10000
9993
9986
10000
10000
10000
9996
9996
10000
9923
9997
10000
10000
9999
10000
9997
9948
10000
9984
9994
10000
9994
9927
9813
9977
10000
10000
9991
9920
9999
9996
9992
10000
10000
9913
9998
9988
10000
9971
10000
10000
10000
9945
9987
10000
9867
10000
9999
9999
9973
9972
10000
9999
9999
9914
9922
9938
9999
9989
9999
9985
9993
9965
9999
9940
10000
10000
9933
9995
9999
10000
9981
9999
9998
9951
9998
9973
10000
9997
10000
9996
10000
10000
9923
9998
10000
9999
9956
10000
9987
9959
9952
10000
9968
9913
10000
10000
10000
10000
9992
9916
9879
9892
9889
9981
9964
9890
9942
9998
10000
9999
9998
9998
9997
9999
9956
10000
9990
9909
9951
9972
9981
10000
9998
10000
9983
9998
9998
9939
10000
9999
9990
9988
9902
10000
10000
10000
10000
9992
10000
9999
10000
10000
9998
9971
9998
9884
9999
10000
10000
10000
9926
9998
9981
9929
9897
9897
10000
9864
9998
9978
9741
9986
9915
9992
9972
9927
10000
10000
9998
9999
9996
9988
9959
9938
9988
9849
9917
9970
9998
9995
9999
9961
9996
9915
9999
10000
9834
9999
10000
10000
9989
10000
9949
9918
9990
9833
9916
10000
9997
10000
10000
9888
9999
10000
9929
9963
10000
9999
9901
9999
9997
9990
9915
9996
9991
10000
9996
9903
10000
10000
10000
9974
9974
10000
9996
9995
9943
10000
9893
9990
10000
10000
10000
9977
9977
9956
10000
9967
9954
10000
9998
9999
9998
9991
9985
9863
9888
10000
9995
9995
9998
9904
9882
10000
10000
10000
9908
9998
9990
9999
9984
10000
9999
9937
9900
9978
9999
10000
10000
9935
10000
9999
10000
10000
9965
10000
9999
10000
9998
9928
10000
9878
9986
10000
10000
10000
9999
9950
9992
10000
10000
9969
9909
9884
10000
9985
10000
10000
9997
10000
10000
9998
9965
10000
10000
9997
9940
10000
9999
9952
10000
9950
9934
9965
9875
10000
9997
9999
10000
9999
9998
9995
9998
9717
10000
10000
10000
9940
9987
9922
9916
9996
9919
10000
9944
10000
9984
10000
9917
9990
9997
10000
9961
10000
9962
9999
9994
9979
9995
9991
9997
10000
9988
10000
10000
9959
9999
9993
9954
9890
9984
10000
10000
9972
9881
10000
10000
9979
9997
10000
9997
9993
9972
10000
9897
9997
9942
9982
10000
9999
9992
10000
9994
10000
10000
9998
9983
9952
9995
9997
9998
9999
10000
9886
10000
9988
10000
9924
9999
10000
10000
10000
9791
9963
9960
9973
9957
9966
10000
10000
9994
9944
10000
9961
9994
9966
9992
10000
9938
9939
9989
10000
9929
9998
10000
9999
9996
10000
10000
10000
9998
10000
10000
9916
9981
10000
10000
9997
9973
9989
9988
9924
9883
9997
9977
9910
9998
9996
9959
9852
9948
9875
9957
9833
10000
9995
10000
10000
9998
9970
9998
9934
9995
10000
9887
9985
9995
9999
9978
9976
10000
9993
9998
9996
10000
9992
10000
9909
9970
9999
9997
9995
9992
10000
9913
9939
9972
10000
9883
10000
9952
10000
9999
10000
9977
9960
10000
9992
9999
9999
9998
9926
10000
9999
9793
9997
10000
9987
9947
10000
9996
10000
10000
10000
10000
9999
9845
10000
9950
9999
9999
9969
10000
9992
9913
10000
9999
9998
9925
9896
9910
10000
9996
10000
9979
9872
9949
10000
9966
10000
9999
9954
9962
9941
9949
10000
9998
9965
10000
10000
9997
9993
10000
10000
9999
10000
9999
9940
9999
10000
9993
9867
9998
9997
9926
9999
9911
10000
10000
9999
9999
10000
9901
10000
10000
9992
9995
10000
10000
10000
9946
9996
10000
10000
9966
9987
9957
9996
9986
10000
9999
10000
9965
9997
9903
9904
9989
9996
10000
9977
10000
9993
9980
10000
10000
9994
9996
10000
9982
9924
9999
10000
10000
10000
9939
9982
9972
10000
9973
10000
10000
9978
9952
9999
9777
9967
10000
9997
10000
9876
10000
9998
10000
10000
9994
10000
10000
9998
