9539
9880
9902
9597
9891
9633
9961
9816
9844
9867
9853
9945
9237
9763
10000
9854
9690
9723
9921
9859
9702
9929
9823
9858
10000
9794
9631
9856
9853
9942
9755
9755
9822
9965
9742
9400
9954
9770
9824
10000
9915
9910
9846
9973
9902
9887
9924
9869
10000
9918
9947
9879
9951
9581
9862
9772
9955
9931
9827
9960
9993
10000
9860
9572
9909
9882
9824
9891
9872
9909
9571
9883
9994
9731
9823
9930
10000
9922
9971
9692
9979
9909
9859
9775
10000
9948
9820
9870
9965
9937
9893
9983
9996
9756
9678
9800
9979
9867
9859
9862
9749
10000
10000
9601
9900
9864
9350
9586
9947
9862
9929
9870
9953
9953
9716
9963
9718
9532
9921
9797
9906
9992
9707
9944
9949
9772
9861
9822
9854
9954
9943
9871
9774
9935
9598
9732
9936
9877
9769
9920
9911
9906
9886
9835
9953
9839
10000
9995
9927
9858
9892
9542
9845
9437
9889
9925
9532
9908
9822
9916
9932
9964
9978
9952
9579
9960
10000
10000
9916
9929
9819
10000
9871
9960
9452
9721
9268
9691
9994
9815
9856
9895
9868
9964
9669
9893
9810
9645
9886
9854
9885
9972
9938
9873
9855
9549
9866
9930
9862
10000
9920
9793
9891
9816
9867
9873
9968
9832
9837
9630
9673
9630
9755
9832
9968
9920
9759
9898
9407
9844
9922
9920
9255
10000
9844
9742
9778
9772
9734
9515
10000
9930
9506
9640
9509
9741
10000
9843
9785
9928
9913
9895
9856
9881
9912
9509
9942
9819
9425
9970
9979
9947
9978
9905
9900
9992
10000
9709
9936
9886
9959
9980
9803
9771
9841
9870
9816
9864
9933
9857
9803
9966
9489
9957
9712
9820
9946
9963
9977
9922
9889
9948
9690
9929
10000
9861
9921
10000
9964
9859
9828
9574
9811
9878
9642
9837
9793
9928
9876
9228
9795
9994
9292
9724
9857
9926
9962
9951
9813
9890
9910
9560
9851
9515
9898
9931
9844
9342
9976
9979
9988
10000
9850
9974
9681
9862
9635
9688
9846
9932
9818
9884
9683
9924
10000
9893
9706
9910
9876
9703
9764
9922
10000
9908
9928
9682
9843
9763
10000
9872
9713
9735
9402
9750
9876
9823
9750
9944
9669
9775
9826
9878
9908
9995
9839
9719
9754
9899
9719
9887
9916
9898
9798
9968
9851
9876
9887
9795
9826
9866
9834
9989
9914
9867
9632
9785
9818
10000
9831
9459
9990
9875
9865
10000
9921
9893
9775
9918
9880
9897
9791
9997
9852
9921
9923
9783
9909
10000
9887
9971
9852
9832
9916
9895
9994
9888
9884
9808
9909
9888
10000
9561
9754
9905
10000
9911
9888
9721
9856
9752
9783
9921
9955
9858
9906
9916
9689
9877
9814
9913
9875
9824
10000
9803
9633
9937
9461
9448
9856
9731
10000
9940
9768
9776
9977
9855
9936
9861
9899
10000
9890
9915
9908
9662
9928
9868
9847
9884
9789
9806
10000
10000
9745
9994
9888
9367
9985
9955
9898
9774
9919
9885
9661
9890
9947
9852
9946
9607
9742
9770
9813
9924
9997
9514
9628
9779
9809
9817
9712
9899
10000
9993
9986
9670
9919
9760
9771
9687
9815
9849
10000
9914
9916
9808
9699
9558
9355
9603
9930
9896
9954
9846
9922
9900
9952
9688
9920
9788
9876
9487
9892
9850
9823
9936
10000
9908
9749
9838
10000
9870
9906
9961
9886
9930
9930
9893
9979
9982
9883
9733
9933
10000
9930
10000
9763
9887
9823
9883
9834
9951
9728
10000
9956
10000
10000
10000
9522
9988
9819
9462
9665
10000
9977
9879
9971
9970
9892
9949
9740
10000
9812
9878
10000
9849
9503
9559
9602
9649
10000
9840
9953
9867
9978
9840
9925
9946
9856
9909
9836
9573
9731
9971
9705
9708
9816
9885
9963
9861
10000
9829
9980
9879
9671
9728
9896
9763
9993
9939
9904
9836
9625
9959
9256
9952
9862
9681
9943
9874
9126
9920
9835
10000
9766
9905
9859
9919
9640
9886
9396
9779
9864
9904
9926
9957
9941
9714
9724
9831
9578
9958
9868
9819
10000
9745
10000
9894
9841
9648
9506
9953
9401
9950
9671
9774
9276
9902
9685
9930
9424
9858
9943
9750
9884
10000
9552
9992
9861
9944
9787
9859
9959
9435
9988
9867
9863
9903
9871
9958
9805
9950
9985
9887
9985
9655
10000
9810
9693
9807
9965
9808
9885
9947
9870
9665
9867
9801
9994
9858
9756
9961
9920
9908
9721
9954
9680
9969
9168
9737
9731
9885
9848
9959
9752
9714
9591
10000
10000
9733
9985
9789
9514
9869
9763
9785
9873
9851
9914
9861
9769
9941
9927
9243
9949
9829
9788
9772
9934
9893
9801
9546
10000
9839
9840
9935
9914
9939
9862
9805
9898
9563
9807
9792
9729
9899
9758
9939
9876
9529
9653
9807
9891
9882
9998
9885
9948
9673
9775
9845
9742
9925
9908
9547
9671
9981
9837
9903
9826
9884
9898
9759
9808
9896
9707
10000
9393
9406
9860
9926
9816
9684
9873
9923
9914
9705
9906
9578
9813
9901
9966
9995
9561
9890
9923
9849
9893
9501
9946
9916
9921
9853
9905
9426
9389
9689
10000
9905
9906
9506
9915
9915
9966
9767
9868
9888
9722
9934
9660
9957
9879
10000
10000
9735
9742
9811
9863
9884
9835
9953
9797
9963
9264
9977
9934
10000
9824
10000
9932
9710
9941
9934
9523
9562
9915
9959
9824
9842
9692
9915
9890
10000
9860
9667
9808
10000
9587
9777
9621
9655
9990
10000
9914
9273
9937
9894
9932
9805
9926
9926
9866
9930
9789
9933
9663
9931
9911
9690
9681
9925
9943
9809
9965
9912
9483
9770
9829
9775
9864
9866
9873
9918
9927
9873
9906
9987
9788
9952
9843
9441
9881
9847
9681
9716
10000
9839
9634
9857
9973
9842
10000
9646
10000
9911
9765
9866
10000
9428
9937
9531
9663
9693
9957
9814
9841
9797
9888
9800
9959
9624
10000
9925
9625
9915
9982
9740
9860
9924
9694
9964
9850
9893
9822
9784
10000
9851
9988
9421
9958
9820
9761
9837
9909
9925
9878
9946
9825
9877
9392
9869
9784
9819
9756
9943
9328
9979
9636
10000
10000
9600
9935
9875
9452
9945
9997
9928
9949
9932
10000
9770
9489
9859
