9916
10000
9999
9986
9812
10000
9987
9934
9998
9850
10000
10000
9994
10000
9965
10000
9999
10000
9844
9929
9893
10000
10000
9945
9986
9909
10000
10000
10000
10000
10000
9957
9998
9990
10000
9843
9972
9977
9923
10000
10000
9999
9953
9997
9999
9999
10000
9998
9996
9999
9983
10000
9997
9997
9997
9999
9991
9956
9987
10000
9863
10000
9995
9836
9873
10000
9789
9973
10000
9997
10000
9937
9915
9999
9901
9977
9995
10000
9925
9989
10000
9992
9998
9986
10000
9994
9954
9982
9953
9980
10000
10000
9975
9991
10000
10000
9996
9921
10000
9909
10000
9963
10000
9998
9999
10000
10000
10000
9999
9991
9985
9995
9997
9883
10000
9998
9958
9980
10000
10000
10000
10000
9991
9923
10000
10000
10000
9993
9997
9771
9997
9964
9988
9976
10000
9955
9992
9803
9999
9996
10000
9950
9930
9993
9999
10000
10000
10000
9887
9998
9999
10000
10000
9998
10000
9956
9992
9960
9998
9977
9791
9996
9971
9985
10000
9762
9999
10000
9955
9924
10000
9999
10000
9998
10000
9999
9986
9987
9990
9984
9887
10000
10000
10000
9990
9996
10000
10000
9999
10000
9995
10000
9986
10000
9993
9999
10000
10000
10000
9998
10000
10000
9976
9998
9999
10000
9885
9993
9984
10000
9991
9978
10000
10000
9995
9997
10000
10000
9973
9998
10000
9999
10000
9972
9905
9975
9998
9904
10000
9998
9865
9999
9982
9999
9986
9923
10000
9995
9999
10000
9997
9981
9944
9866
9945
9999
9994
9989
9936
9997
9973
10000
9946
10000
9996
9899
10000
10000
9932
9981
10000
10000
9836
10000
9951
9934
10000
9990
10000
9993
9912
9992
10000
9988
9904
9924
9988
9998
9960
10000
9993
9967
9997
10000
9998
10000
9993
10000
9993
10000
9986
10000
9995
10000
9989
9999
10000
10000
10000
9998
9882
10000
9996
9998
9922
10000
9998
10000
9998
10000
10000
9991
9938
10000
9988
9911
10000
10000
10000
9983
10000
10000
10000
10000
9885
10000
10000
9997
10000
9995
9976
9933
9973
10000
10000
9994
10000
9996
10000
10000
9876
10000
10000
10000
10000
9995
9890
9999
9992
9984
10000
10000
9944
9992
9903
9905
9888
9979
10000
10000
9977
10000
9866
9942
10000
9997
9992
9954
9995
10000
10000
10000
9976
10000
9998
10000
9954
9978
10000
9968
10000
9998
9999
10000
9984
9883
10000
10000
9997
9959
9977
10000
9959
9975
10000
9990
9961
10000
9999
9999
10000
10000
9996
9999
9995
10000
9998
10000
9946
9948
9945
9968
10000
9988
9986
10000
10000
10000
9980
10000
10000
9986
9998
10000
10000
9882
9996
9999
9998
10000
10000
10000
9823
9995
9903
9981
9998
9862
9962
10000
10000
9984
10000
10000
9986
9961
9921
10000
10000
9991
9996
9972
10000
10000
9934
9998
10000
10000
10000
9930
10000
10000
9878
9971
9985
9958
10000
9998
9966
9935
10000
10000
10000
10000
9989
10000
10000
9996
9935
9983
9977
10000
9998
9988
10000
10000
10000
9998
10000
9977
9895
9957
9981
10000
10000
9929
9987
9998
10000
9999
9997
9995
9971
9905
10000
10000
10000
10000
10000
10000
10000
10000
9996
10000
10000
9964
9974
10000
9996
9962
9996
9792
9957
9873
9991
9980
9991
9999
10000
10000
9999
9911
9977
9975
9990
9999
9999
9948
10000
9982
9997
9998
10000
9987
9989
9998
9917
9996
10000
10000
9999
10000
9999
10000
9872
9958
9923
10000
9906
9745
10000
9998
9919
9998
9902
9982
9998
9866
9995
10000
9996
9955
9959
10000
9938
9967
10000
9995
10000
10000
9988
10000
9981
9967
9994
9995
10000
9931
9975
10000
10000
9967
9927
9999
9999
10000
9924
10000
9999
10000
10000
9994
10000
10000
9944
10000
9994
9999
10000
10000
10000
10000
9983
9869
9998
9876
9911
10000
9918
9993
10000
10000
9823
9976
9877
10000
9962
9990
9980
10000
9999
9924
9996
10000
9997
10000
10000
10000
10000
9901
10000
10000
10000
9994
9958
9999
10000
9949
9999
10000
10000
9998
10000
9982
9951
9997
9865
9971
9909
10000
10000
9998
9920
9970
10000
10000
9986
10000
10000
9942
10000
9974
9994
9997
9930
10000
9996
9957
9950
10000
9981
9994
10000
10000
10000
9999
10000
9994
9999
9893
10000
10000
9934
10000
9924
10000
9954
10000
9999
9996
9998
10000
9997
9923
9875
10000
9995
9989
9994
9998
9965
9999
9909
9915
9954
10000
10000
10000
9965
9999
9980
9975
9992
10000
9991
9968
10000
10000
9996
9993
9899
9954
10000
10000
9992
9996
10000
10000
9992
9957
9968
10000
9924
9986
9977
9999
10000
10000
9992
10000
9989
9977
9891
9999
9989
10000
9932
9999
10000
10000
10000
9965
9987
9893
9998
10000
9929
9978
9999
10000
10000
9760
9980
9999
9983
9965
9997
9969
9996
9998
9999
9945
9993
9985
10000
9986
9897
9993
9928
10000
9979
10000
9990
9997
9999
10000
9891
9924
10000
10000
9995
9995
10000
9987
10000
10000
9997
9924
10000
9999
9979
9995
9980
9815
9952
9995
9991
9998
9981
9750
9981
9964
9998
9977
10000
10000
9958
9983
9998
9886
10000
9901
9980
10000
10000
10000
9902
9972
10000
10000
9997
10000
10000
10000
9902
9961
9939
10000
10000
10000
10000
9899
9962
9998
10000
9999
9901
10000
9997
10000
9951
9834
9984
9991
9944
9991
9975
10000
9997
10000
10000
10000
9989
9997
10000
9989
9705
9926
9987
10000
10000
9995
10000
9999
9971
10000
9983
9964
9980
9966
9915
9890
9910
10000
9924
9987
9953
10000
9998
9929
10000
10000
10000
9999
9905
9999
9930
9999
9971
9998
9997
9999
10000
9943
9990
9999
9996
10000
9980
9998
10000
10000
9943
9950
9998
10000
9999
10000
9841
10000
9968
10000
10000
10000
10000
9988
9967
9971
9996
10000
9971
10000
10000
9989
9989
10000
9982
9923
9993
10000
10000
9928
9999
9947
10000
9993
9992
9995
10000
10000
9999
9842
9981
9964
9974
9998
10000
9993
9909
9955
9897
10000
9942
10000
9960
9980
10000
10000
9997
10000
10000
9996
9983
9999
9992
10000
9998
10000
10000
10000
9873
10000
9928
9998
9999
10000
9974
9999
9945
9923
