9970
9998
9998
9933
10000
9936
9996
10000
10000
9997
9998
10000
9991
10000
9999
9999
10000
10000
9996
9999
9983
9950
10000
10000
9972
9997
9995
9998
9997
10000
9995
10000
10000
10000
10000
9996
10000
10000
10000
10000
10000
9998
9953
10000
9982
10000
10000
9986
10000
9971
10000
10000
9993
9999
9943
9998
9998
9998
9941
10000
10000
9993
9986
9989
10000
9986
9979
10000
10000
9993
10000
10000
9991
9982
10000
10000
9993
10000
10000
10000
9958
10000
9998
10000
10000
9998
10000
10000
10000
9991
10000
10000
9977
10000
9999
9976
10000
9988
10000
9945
9977
10000
10000
9956
10000
10000
9979
9999
9990
10000
10000
9994
10000
10000
10000
10000
9999
9998
10000
9991
10000
9991
9999
9940
9994
10000
10000
9999
9999
9997
9972
9998
10000
9996
9958
9999
9979
9973
9981
9999
9997
10000
9998
10000
10000
10000
10000
10000
10000
9998
9999
10000
9975
10000
10000
9999
10000
9992
10000
9999
9956
9992
10000
10000
10000
9997
9997
9990
9997
10000
9969
9999
10000
9994
10000
9999
10000
10000
9966
9996
10000
10000
10000
9993
10000
10000
10000
9999
10000
10000
9993
10000
9999
9997
9968
9991
10000
10000
9924
10000
9974
9934
9997
9996
9999
9995
10000
10000
10000
10000
10000
9953
9992
9963
10000
10000
10000
9996
9994
9935
9999
10000
9999
9999
10000
10000
9999
9999
9988
10000
9998
9980
9990
10000
9997
10000
10000
10000
10000
9996
10000
9989
9963
9999
10000
9997
10000
10000
10000
9963
10000
10000
9995
10000
10000
9988
9999
10000
9996
10000
9999
10000
10000
10000
9994
9998
10000
10000
10000
10000
9958
9976
10000
10000
9994
10000
9998
10000
9999
9776
9920
9872
10000
9906
10000
9975
9997
10000
10000
10000
10000
9994
10000
9990
9995
9995
9999
10000
10000
10000
9996
9974
9989
10000
9998
10000
10000
9972
9970
10000
9974
10000
10000
9999
10000
10000
9995
9998
10000
9999
9996
9991
10000
9939
10000
10000
9997
9988
9998
9999
9999
9890
9994
9979
9997
10000
9996
10000
9999
10000
9980
10000
9966
10000
10000
10000
10000
9999
10000
9991
10000
9999
10000
9994
10000
10000
10000
9990
9984
9997
10000
9969
10000
10000
9999
10000
9985
10000
10000
10000
9997
10000
9999
10000
10000
9960
9978
9941
10000
10000
9992
9998
10000
10000
9969
9910
10000
9995
10000
10000
10000
10000
9972
10000
9999
10000
9963
9993
9994
10000
10000
10000
10000
9960
10000
9995
10000
10000
9998
10000
10000
9999
10000
9998
9999
10000
9981
9994
10000
10000
10000
9999
9999
10000
10000
9957
10000
9958
9983
10000
10000
10000
10000
9999
9996
10000
9977
9996
10000
9885
9914
10000
9996
10000
9963
9991
9994
9996
9927
9997
10000
9999
9998
9988
10000
10000
10000
9978
10000
9974
9994
10000
9998
10000
10000
10000
9996
9999
10000
9988
10000
9996
9998
9974
9932
10000
9941
10000
10000
10000
9999
9990
9998
9939
10000
10000
9904
9974
10000
9976
10000
9997
10000
10000
9964
10000
9982
10000
10000
9998
9997
9995
9986
9921
10000
10000
9999
9999
10000
9994
9933
10000
9997
9986
10000
10000
10000
10000
10000
10000
9993
9937
9961
9897
9999
10000
10000
9975
9974
10000
9940
9972
9999
10000
9996
9997
10000
10000
10000
10000
10000
10000
9993
10000
9993
10000
10000
10000
9999
10000
9999
9997
10000
9974
10000
9997
10000
10000
10000
10000
10000
10000
9978
10000
10000
10000
10000
9980
9996
9999
10000
10000
9992
9989
9998
10000
10000
10000
10000
9999
10000
10000
9994
9992
10000
10000
9974
10000
9999
9990
9968
10000
10000
10000
9999
9990
9984
9996
10000
9996
10000
10000
9999
10000
9999
10000
10000
9941
10000
9951
10000
9999
9999
9993
9994
10000
9999
10000
9999
9925
10000
9999
9929
9998
9999
10000
9997
9998
9998
9947
10000
9999
10000
10000
9998
10000
10000
10000
9995
10000
10000
9992
9971
10000
10000
10000
9996
10000
10000
10000
10000
10000
10000
9999
9999
10000
9997
9991
9993
10000
9998
10000
9994
10000
10000
9993
10000
10000
9936
10000
10000
9924
9997
10000
9990
10000
9932
9997
9909
9994
9998
10000
9948
9986
10000
10000
9922
9990
9999
9988
9957
10000
10000
10000
10000
10000
10000
10000
9965
10000
10000
10000
9997
10000
9984
9999
9999
9960
10000
10000
10000
10000
9990
10000
10000
10000
9984
9982
9992
10000
9999
10000
9991
9985
9999
9999
10000
9994
9999
9991
9999
9989
10000
10000
10000
10000
10000
9998
10000
10000
9997
9978
10000
10000
9947
10000
9998
10000
9916
10000
9993
9997
10000
10000
9895
10000
10000
10000
9998
9998
9913
10000
10000
9983
10000
9931
9996
10000
9984
10000
9993
10000
10000
10000
10000
10000
10000
9999
9961
9963
9991
10000
9990
9969
9962
9999
10000
10000
10000
10000
10000
9993
9999
9991
10000
9981
10000
10000
10000
10000
10000
10000
10000
9975
10000
9999
10000
10000
10000
10000
10000
9998
10000
9998
9999
10000
9990
9931
10000
9861
10000
10000
9991
10000
10000
9999
10000
10000
10000
9962
9984
10000
9988
9989
9984
9965
10000
10000
10000
9965
9989
10000
9871
9999
10000
9999
9999
10000
10000
10000
10000
10000
9990
9983
9997
9941
9996
9985
10000
9883
10000
10000
9953
9993
10000
10000
9996
10000
10000
9998
10000
9998
10000
10000
10000
10000
10000
9999
9878
9999
10000
10000
9998
10000
10000
9998
10000
10000
10000
9941
9986
10000
10000
9982
10000
10000
10000
9958
10000
10000
9995
9998
9977
9993
10000
10000
10000
9872
9999
10000
9998
9999
10000
10000
10000
10000
9999
10000
9996
9991
9976
9999
10000
10000
10000
9967
10000
9990
9940
10000
9993
9996
10000
9998
10000
9915
9996
10000
10000
10000
10000
9999
10000
9999
10000
10000
9987
10000
10000
9996
9999
9999
10000
10000
10000
9988
10000
9999
9994
10000
9999
9991
10000
10000
10000
9996
10000
10000
10000
9992
9992
10000
9997
9904
9947
9922
10000
10000
9986
9999
9987
9995
10000
9997
10000
10000
10000
9999
9991
10000
10000
9999
9976
9852
10000
10000
10000
10000
9998
9997
