9960
10000
9939
10000
9937
10000
9965
9992
9981
10000
9999
9928
10000
9982
9999
10000
10000
10000
9765
10000
9859
9969
9980
9916
10000
9998
9964
9988
9962
9898
9986
10000
9992
10000
9961
9947
9976
9912
9988
9990
9879
10000
10000
10000
10000
10000
10000
9992
9979
10000
9938
10000
10000
9979
9999
10000
9973
9988
10000
10000
9998
10000
10000
10000
9894
10000
9932
10000
9949
9973
9997
9946
9998
9988
9962
10000
10000
10000
9997
10000
10000
9999
9955
10000
9954
9994
9943
10000
9931
9991
9993
9958
10000
10000
10000
9985
9813
9717
10000
9957
10000
9979
10000
9999
10000
9997
9996
10000
10000
10000
9955
9939
9985
10000
10000
9996
9998
9997
9982
9983
9946
9848
9876
9911
9876
9996
9985
10000
9870
9947
10000
9876
10000
9879
10000
10000
9908
9998
10000
9990
9917
10000
9916
9994
9986
10000
10000
10000
9997
9883
9932
9978
9963
9998
10000
9993
9947
9983
10000
9928
10000
9976
10000
9942
9975
10000
9866
9992
9986
9992
9983
9929
9906
9972
10000
9903
10000
9972
10000
10000
9999
9990
9977
9992
9913
9917
10000
9789
10000
10000
9986
9901
9998
9948
9997
9997
10000
9948
9916
9917
9994
10000
10000
9983
10000
9978
9997
9929
9949
10000
9999
10000
10000
10000
9999
9895
9984
10000
9989
10000
9995
10000
10000
10000
10000
9969
10000
9932
9977
10000
9998
9992
10000
10000
10000
9992
9923
10000
9936
10000
10000
9952
10000
10000
9997
9886
9845
9986
10000
10000
10000
9946
10000
9959
9984
10000
9879
9880
9919
9994
9936
9997
10000
9954
9999
9995
10000
9995
9919
10000
9985
9992
10000
9999
9923
9999
9988
9997
9828
9997
9946
10000
9975
9992
10000
10000
9963
9940
9850
10000
10000
9908
9999
9996
9824
9978
10000
9896
9960
9927
9986
9995
9989
9994
9948
10000
9968
9997
9994
10000
10000
9999
9998
9920
9989
10000
10000
9993
9906
10000
10000
9807
10000
9990
9968
9959
9999
9976
9993
10000
9957
9866
9936
9997
10000
9996
9999
9898
9994
9999
10000
10000
9998
9992
9807
9999
10000
9870
9910
9997
9961
9972
9930
9954
9979
9995
9986
9998
10000
10000
9988
10000
9999
9998
10000
10000
10000
10000
9948
10000
10000
9994
9999
9999
9922
10000
9986
9937
9995
9991
9999
9923
9924
10000
9999
9993
9998
9998
9941
9947
9997
9989
9868
9999
9984
9960
10000
9999
10000
10000
9908
10000
9982
9999
9999
9893
9929
9943
9806
10000
10000
9997
10000
10000
10000
9990
10000
9969
9954
10000
9998
9982
9949
9996
9986
9980
9978
9994
10000
10000
10000
10000
10000
9956
9968
9979
9910
9999
9999
10000
10000
9997
9925
10000
10000
10000
9935
10000
9998
10000
10000
10000
9995
9996
9999
9857
10000
10000
10000
10000
9962
9999
9963
10000
9919
10000
10000
10000
9997
9923
9994
9999
9987
9997
9999
9922
10000
10000
9889
9995
9981
10000
9996
9992
9983
9975
9965
9997
10000
9992
9994
9998
9887
10000
9994
10000
9900
10000
9998
10000
10000
9792
10000
9998
9993
9994
10000
9910
10000
9958
9997
9973
10000
10000
9947
9999
9988
9889
9920
10000
10000
9981
9969
9971
10000
9999
9898
9990
9994
9948
9972
10000
9942
10000
9993
10000
9917
10000
9970
9987
9906
9977
10000
10000
9999
10000
9987
9985
9998
9970
10000
9937
10000
10000
9941
10000
10000
10000
10000
9993
10000
10000
9999
9883
9945
9993
9985
9971
10000
9983
10000
9936
9948
10000
9986
9920
10000
10000
10000
9808
10000
10000
9999
10000
9939
9945
9998
10000
10000
10000
10000
9997
10000
9947
10000
10000
9995
9974
9822
9967
9994
9965
10000
10000
10000
9984
9966
10000
9745
9971
9977
9903
9969
9996
9994
9990
9988
10000
9998
10000
9996
9986
9961
9920
10000
10000
9998
10000
9992
9998
10000
9902
9999
9946
10000
9873
9976
9904
9997
9816
9878
9993
10000
9931
9999
9997
9932
9971
9998
9969
10000
10000
9913
9998
9992
9994
9881
9901
10000
9994
9997
10000
9995
9920
9998
9993
9909
10000
10000
9992
9999
10000
9992
9895
9961
9995
9870
9998
9995
9988
9999
10000
9979
9999
9995
10000
9944
10000
9999
10000
10000
9997
10000
10000
9986
9996
10000
9995
9957
10000
9985
10000
10000
9961
10000
9994
9958
9999
9998
9946
9989
9996
9950
10000
9999
9995
9930
9999
9971
10000
9999
10000
9992
9999
10000
10000
9966
10000
9962
10000
9971
9999
9981
10000
10000
9984
9997
9988
9876
10000
10000
9995
10000
9986
10000
9960
10000
9963
10000
9999
9934
10000
10000
9823
9999
9900
10000
9992
9686
10000
9890
9994
9833
9956
9983
9995
9998
9999
10000
9949
10000
9943
9999
9912
9966
9987
9977
9998
9988
9951
10000
9972
9974
9993
9996
9998
9993
9999
9999
9990
9994
10000
9989
9994
9990
10000
9987
9972
10000
9999
9996
10000
9925
9978
10000
9856
10000
9978
10000
10000
9900
10000
9982
9990
9948
9986
9930
9968
9999
9975
9881
10000
9976
10000
9968
9998
9992
10000
9927
9961
10000
9997
9989
10000
10000
9993
9999
9997
9930
10000
9971
10000
10000
9984
10000
9998
10000
9997
9872
10000
10000
9997
9992
9957
10000
9927
10000
10000
9855
9992
9990
9698
9981
9972
10000
9999
10000
9999
10000
10000
9921
10000
9996
10000
10000
10000
9996
9924
9957
9998
10000
10000
9960
9968
10000
9984
9997
9884
9929
9984
10000
10000
9996
9999
9979
9997
10000
10000
9994
9995
9989
10000
9826
10000
9991
9994
9979
10000
9997
9895
9990
10000
9938
9850
9956
9997
10000
10000
9993
9977
9999
9958
9995
9996
10000
10000
10000
9989
9987
9997
9999
9991
9991
9887
10000
9990
10000
9903
10000
10000
9938
9954
10000
9975
9952
9918
9938
10000
10000
9953
9933
10000
9999
10000
9967
9976
9822
10000
9911
9927
10000
10000
10000
9996
9932
9979
9999
9905
9961
9910
9842
10000
9995
10000
9980
9995
10000
10000
9926
9996
9995
9911
9991
9992
10000
9984
9935
9980
10000
9946
10000
9805
9993
9998
9999
9934
10000
9920
9994
9997
