9737
9932
9907
9489
9668
9512
9712
9796
9881
9955
9854
9829
9524
9946
9739
9652
9523
9738
9843
9807
9497
9705
9927
9826
9685
10000
9624
9845
9724
9899
9874
9432
9782
9908
10000
9915
9897
10000
9970
9616
9825
9603
10000
9986
9828
9959
9463
9950
9988
9894
9157
9882
9617
9878
9317
9922
9660
9849
9980
9936
9955
9909
9926
9876
9938
10000
9942
9576
9893
9779
9761
9959
9605
9856
9651
9886
9913
9642
9867
9778
9794
9785
9893
10000
9605
9948
9959
9912
9940
9859
9952
9700
9358
9993
9720
9812
9570
9691
9979
9787
9515
9929
9863
9719
9953
9942
9804
9822
9857
9517
10000
9891
9861
9807
9945
9964
9616
9854
9853
9840
9680
9721
9968
10000
9910
9992
9586
9878
9798
9882
9882
9693
10000
9924
9244
9366
9854
9524
9864
9788
9962
9912
10000
9809
9698
9838
9764
9891
9909
10000
9849
9694
9995
9918
9548
9861
9876
9698
9951
9926
10000
9742
9816
9726
9913
9894
9854
9936
9916
9983
9847
9822
9975
9879
9958
9855
9859
9909
10000
9931
9783
9906
9940
9864
9885
9817
9951
9500
9604
9665
9255
9433
9877
10000
9234
9897
9967
9760
9824
9859
9969
9895
9837
9765
9833
9815
9868
9947
9872
9977
9850
9813
9882
9643
9440
9938
9782
9520
9926
9786
10000
10000
9751
9941
9820
9802
9803
9782
9491
10000
9923
9582
9872
9900
9868
9887
9960
9510
9914
9867
9901
9329
9762
10000
9652
9621
9912
9917
10000
9685
10000
9899
9854
9784
9857
9319
9888
9889
9915
9849
9676
9907
9738
9997
9889
10000
9977
9921
9999
9964
10000
9451
9858
9892
10000
9829
9796
10000
9946
9949
9950
9936
9889
9904
9734
9907
9482
9859
9903
9846
10000
9721
9842
9813
9900
9896
9957
10000
9249
9852
9863
9921
9821
9726
9600
9966
9879
9850
9838
9827
9855
9755
9815
9904
9514
9872
9652
9848
9976
10000
9716
9855
9862
9914
9969
9855
9996
9875
10000
9963
9927
10000
9761
9739
9771
9566
9833
9894
9908
9926
9867
9893
9513
9806
9932
9903
9970
9671
9912
9772
9952
9750
9869
9805
9630
9823
10000
9857
9957
9971
9901
10000
9926
9908
9797
9573
9902
9651
9614
9895
9937
9705
9676
10000
9915
9800
9238
9859
9960
10000
9954
9848
9759
9875
9857
9969
9943
9694
9797
9878
9831
9825
9875
9617
9972
9627
9654
9825
9744
9727
9843
9847
9927
9848
9893
9972
9829
9843
9893
9837
9843
9852
9985
10000
9480
9895
9875
9722
9959
9791
9833
9951
9946
9685
9820
9933
10000
9808
9851
9634
9335
9434
9847
9479
9847
9961
9772
9855
9740
9946
9683
9454
9769
9737
9948
9871
9530
9902
9750
9871
9914
10000
9834
9992
9208
9951
9604
9845
9950
9881
9697
9821
9880
9969
9535
9989
9760
9831
9833
9360
9818
9908
9849
9799
9799
9906
9837
9879
9734
9520
9917
9745
9836
9808
9779
9526
9942
9933
9561
9792
9811
9656
9903
9895
9931
9856
9784
9734
9722
9971
9851
9407
9853
9768
9705
9713
9694
10000
9964
9910
10000
9826
9444
9401
9928
9922
9912
9414
9921
9855
9864
9823
9793
9937
9905
10000
9754
9502
9987
10000
10000
9815
9697
9307
9791
9994
9857
9762
9831
9963
9576
9833
9799
10000
9766
9916
9705
10000
9923
9896
9803
9870
9702
9994
9632
9885
9928
10000
9903
9892
9745
9901
9606
9911
9611
9792
9896
10000
9731
9844
9945
9938
9736
9878
9946
9749
9419
9022
9848
9750
9202
9665
9475
9546
9854
9945
9754
9874
9991
9438
9768
9888
9970
9903
9741
9922
9997
9991
9911
9781
9982
9979
9691
9397
9898
9813
9943
9950
9925
9841
10000
9838
9958
9908
9797
9969
9877
9898
9900
9962
9532
9876
9736
9704
9879
9327
9641
9780
9760
9720
9875
9947
9453
9874
9853
9829
9746
9918
9891
9919
10000
9794
9952
9929
9907
9793
9730
9840
9756
9766
9860
9945
9909
9796
9972
9808
9894
10000
9903
9837
9831
10000
10000
9900
9740
9925
10000
9907
9954
9898
9986
9895
9785
9896
9806
9652
9995
9875
9497
9900
9727
9992
9748
9561
9384
9967
9929
9931
9951
9871
9801
9882
9883
9928
9808
9947
9537
9984
9246
9877
9976
9929
9656
9676
10000
9672
9529
9296
9781
9907
9896
9730
9897
9965
9753
9837
9842
9890
10000
9874
9735
10000
9426
9852
9723
9726
10000
9932
9884
9893
9390
9870
9799
9921
9799
9855
9900
9944
9778
9825
9967
9992
9941
9891
9851
9779
9848
9919
9916
9774
9902
10000
9862
9697
10000
9761
9919
9808
9767
9879
9851
9693
10000
9916
9705
10000
9949
10000
9848
9899
9869
9929
9606
9884
9915
10000
9841
9577
9826
9697
9943
9765
9848
9920
10000
9929
9456
9725
9806
10000
9860
9974
9925
10000
9782
9842
9949
9970
10000
9958
9976
9940
10000
9438
9918
9622
10000
9705
9936
9816
9950
9878
9779
9843
9673
9940
9497
9807
9811
9353
9939
9976
9892
10000
9831
9858
9919
9934
9899
9861
9835
9869
9608
9744
9864
10000
9926
9801
9871
9861
9794
9880
10000
9750
9900
9739
9703
9381
9928
9652
9834
9897
9752
10000
10000
9923
9822
9809
9885
9848
9996
9803
9931
9718
9907
9992
9790
9894
9894
9756
9951
9840
9883
9861
9838
9887
9855
9793
9922
9897
9942
10000
9881
9928
9477
9624
10000
9639
9930
9320
9871
9896
9851
9762
9868
9942
9980
9728
10000
9636
9845
9958
9918
9592
9855
9903
9718
9957
9963
9694
9913
9912
9785
9978
9888
9865
9804
10000
9772
9506
9951
9451
9242
9734
9907
9812
9989
9415
9251
9912
9940
9932
9548
9777
10000
9770
9883
9689
9821
10000
9822
9935
9879
9798
9712
9806
9890
9923
9647
9694
10000
9943
9795
9908
9818
10000
9866
9791
9460
10000
9892
9910
9957
9858
9942
9955
9864
9772
9674
9906
9630
9971
9534
9928
9818
9850
9752
9675
9914
9752
9951
9891
9461
9506
9791
9603
9920
9851
9912
9870
9803
9615
9943
9692
9911
9358
9898
9659
9912
9801
