10000
10000
9409
9608
9194
9923
9946
10000
10000
10000
10000
9196
10000
10000
10000
10000
9366
10000
10000
9404
10000
9403
9973
10000
9701
10000
10000
9806
10000
10000
10000
10000
9884
10000
10000
10000
10000
8837
10000
9654
10000
9627
10000
10000
9664
9753
10000
8654
10000
9290
10000
10000
10000
9792
10000
8562
10000
10000
10000
9748
9665
10000
9608
9230
10000
10000
10000
10000
10000
9450
9902
9837
10000
9791
10000
10000
10000
9930
10000
10000
10000
10000
10000
10000
10000
10000
10000
10000
10000
10000
9892
10000
10000
10000
10000
10000
10000
9121
9844
10000
10000
10000
10000
10000
9531
9368
10000
10000
9703
10000
8410
10000
9609
10000
8780
10000
9721
9327
10000
9818
10000
10000
10000
10000
10000
9773
9745
10000
10000
9769
9491
9215
10000
10000
9365
8974
9584
10000
10000
10000
10000
10000
10000
10000
10000
10000
10000
10000
8912
9989
10000
10000
10000
10000
10000
10000
8531
10000
9669
9601
9709
9372
10000
10000
10000
10000
10000
10000
10000
9981
10000
10000
10000
10000
10000
10000
10000
9065
10000
10000
10000
9695
9589
8680
9320
9088
10000
10000
9845
10000
9919
10000
10000
8879
10000
10000
10000
9871
10000
9921
10000
10000
10000
10000
9689
9412
9173
10000
9407
9107
10000
10000
9383
10000
9461
10000
9595
9079
8555
10000
8863
10000
10000
10000
10000
10000
9639
10000
10000
10000
10000
10000
10000
10000
9730
9376
9983
10000
9483
10000
10000
10000
9078
10000
9514
9978
10000
10000
10000
10000
9421
10000
9033
10000
10000
9838
10000
10000
8936
9737
8881
10000
10000
10000
9336
10000
10000
10000
10000
9801
9160
10000
10000
9942
10000
9851
9409
10000
9981
10000
9611
8609
10000
10000
9891
10000
10000
10000
9771
10000
8697
10000
10000
10000
10000
10000
10000
9851
10000
10000
10000
10000
9367
10000
10000
8400
10000
10000
10000
10000
10000
10000
9604
10000
10000
10000
9995
10000
10000
10000
9837
10000
10000
10000
10000
9805
9703
10000
9012
9157
10000
10000
10000
10000
10000
10000
10000
10000
9841
9746
10000
10000
10000
9991
9382
10000
10000
10000
9583
10000
10000
10000
10000
10000
9461
10000
8714
9678
10000
10000
10000
10000
10000
10000
10000
10000
8884
10000
10000
10000
9575
9911
10000
10000
8466
10000
10000
10000
10000
10000
10000
8997
10000
9657
10000
10000
9538
9699
10000
10000
10000
10000
10000
10000
9429
10000
9765
9726
10000
9372
10000
9843
9322
9770
9057
10000
10000
10000
10000
9760
9965
10000
9309
10000
10000
10000
9733
10000
10000
10000
10000
10000
9183
9301
10000
10000
9874
10000
9809
10000
10000
9765
9590
10000
10000
10000
10000
10000
9609
9494
10000
8918
10000
10000
9511
10000
9240
9610
10000
10000
10000
9712
9373
9081
10000
9167
9052
9791
9623
10000
9535
10000
9623
10000
9753
9815
10000
10000
10000
10000
10000
10000
10000
9958
9708
10000
10000
10000
10000
9947
9537
10000
10000
8686
10000
10000
10000
10000
9293
10000
9823
10000
9361
10000
10000
10000
10000
9922
10000
10000
9903
9581
9573
10000
10000
10000
10000
10000
10000
9383
9820
10000
9925
9816
10000
9250
8639
10000
10000
9701
8958
10000
10000
10000
10000
10000
10000
9138
10000
10000
10000
10000
8710
10000
9930
10000
10000
10000
10000
10000
9193
10000
10000
10000
10000
10000
10000
10000
10000
9425
9983
9243
10000
10000
10000
10000
10000
10000
10000
9662
10000
10000
10000
10000
10000
10000
10000
10000
10000
10000
10000
10000
10000
10000
10000
9372
10000
9359
10000
9775
9841
10000
9525
9719
10000
10000
10000
9531
10000
10000
9574
10000
10000
10000
10000
9928
10000
9004
10000
10000
10000
10000
9831
10000
10000
9488
9814
10000
10000
9879
10000
10000
10000
10000
9871
10000
10000
8872
10000
10000
10000
10000
10000
9653
10000
9941
10000
10000
10000
10000
10000
9776
10000
10000
9744
9197
9810
10000
10000
10000
9719
10000
10000
10000
10000
10000
10000
10000
10000
10000
10000
9965
9791
9529
8695
10000
8945
10000
10000
9924
9881
10000
10000
10000
10000
9587
10000
10000
10000
10000
10000
10000
9316
10000
8887
9566
10000
9866
9889
10000
10000
10000
8215
9713
10000
9459
9631
10000
9094
9575
9457
10000
9063
10000
9607
10000
10000
10000
10000
10000
8726
9614
10000
9429
10000
9704
10000
8667
9829
9612
9310
9005
10000
10000
10000
10000
10000
10000
10000
10000
10000
10000
9561
9923
10000
9182
10000
9949
10000
10000
9091
10000
10000
9129
9601
10000
9675
10000
10000
10000
10000
10000
10000
10000
10000
10000
8983
10000
8823
8901
9568
10000
10000
9926
9838
10000
8440
9988
9547
10000
10000
10000
10000
10000
10000
10000
10000
10000
9758
8994
10000
10000
10000
10000
10000
10000
10000
9715
10000
10000
10000
9311
10000
10000
10000
10000
10000
9029
10000
10000
10000
9777
8924
10000
10000
9481
10000
8721
10000
9595
9279
10000
9297
10000
9336
10000
10000
10000
9684
10000
9747
10000
10000
10000
9884
10000
9930
9108
10000
9526
10000
10000
10000
10000
10000
9443
9774
9880
9862
10000
10000
10000
10000
9746
9979
10000
10000
9943
10000
8984
10000
10000
10000
9801
10000
10000
10000
9588
9319
10000
9645
9113
10000
10000
10000
10000
9106
9825
10000
10000
10000
10000
10000
10000
10000
10000
10000
9560
10000
10000
10000
10000
10000
10000
9794
10000
10000
10000
10000
10000
10000
10000
9180
9313
10000
10000
10000
10000
10000
10000
10000
10000
10000
10000
10000
10000
10000
9911
10000
9645
10000
10000
9446
10000
10000
10000
10000
10000
10000
9305
10000
10000
10000
10000
10000
9538
10000
10000
10000
9423
10000
10000
10000
10000
10000
10000
9918
10000
8744
10000
10000
9959
9439
10000
9880
10000
10000
9865
10000
9064
9567
10000
10000
10000
9512
10000
10000
8952
10000
10000
9112
10000
10000
10000
9622
9771
9321
9034
10000
10000
10000
10000
10000
8707
9485
10000
10000
10000
9281
9774
10000
9821
10000
9555
10000
10000
9820
10000
10000
9675
9619
9571
10000
9920
10000
10000
10000
10000
10000
10000
10000
10000
9964
9793
9742
10000
9527
10000
10000
9811
