9943
9922
9377
9717
9806
9956
10000
9969
9898
9862
9908
9979
9855
9947
10000
9912
9836
9926
9903
9946
9902
9837
10000
9846
9897
9885
10000
9794
9664
9870
9925
9929
9803
9947
9921
9997
9750
9683
9929
9452
9828
9953
10000
10000
9896
9631
9541
9807
9684
9783
9890
9857
9852
9595
9925
9952
9904
9977
9980
9788
9500
9595
9840
9944
9876
9882
10000
9573
9874
9883
9927
9837
9763
9813
9865
9826
9821
9880
9571
9840
9568
9887
9861
9740
9943
10000
9963
9714
9770
9873
9850
9953
9690
9909
9797
9811
10000
9687
9876
9901
9988
9870
9901
9910
9922
9981
9923
9893
9831
9650
9849
9386
9529
9846
9950
9664
9855
9716
9753
9775
9843
9727
9863
9498
10000
9952
9845
9806
9650
9920
9903
9474
9842
9693
9847
9855
9928
10000
9680
9933
9855
9827
9901
9812
9886
9841
9771
9896
9934
9895
10000
9944
9843
9749
9930
9820
9888
9737
9928
9902
9787
9917
9942
9938
9909
9936
9864
9972
9639
9766
9826
9917
9863
9831
9820
9981
9894
9945
9812
9814
9893
9933
9948
9858
9918
9733
9769
9799
9987
9878
9888
9907
9725
9834
9621
9821
9889
9926
9934
9934
9954
10000
9921
9862
9703
10000
9578
9766
9890
9967
9830
9886
9807
10000
9547
9806
10000
10000
9877
9811
10000
9933
9371
9997
9426
9327
9964
9917
10000
9760
9930
9673
9829
9838
9809
9887
9983
9818
9822
9961
9948
9716
9932
9751
9872
9825
9666
9779
9750
9822
9864
9151
9649
9827
9840
9995
9880
9934
9807
9928
9931
9937
9938
9961
9693
9364
9671
9909
9727
9692
9896
9824
10000
9900
9801
9835
9740
9565
9653
9997
9959
9880
9805
9780
9874
9987
9759
9915
9887
9939
9734
9676
9838
10000
9867
9806
9508
9899
9967
9697
9447
9592
9336
9739
9497
10000
9764
9837
9515
9704
9871
9990
10000
9898
9647
9825
9526
9912
9886
9911
9745
10000
9913
9915
9738
9525
9894
9569
9756
9885
9922
9832
9750
9924
10000
9653
9954
9825
9888
9982
9833
9976
9834
9864
10000
9949
9928
10000
9808
9810
9970
9846
9925
9851
9939
9869
9897
9876
9942
9718
9709
9834
9935
9785
9478
9701
9940
9889
9939
9447
9855
9900
9955
10000
9843
9970
9686
9564
9892
9991
9279
9897
9919
9814
9665
9973
9991
9826
9794
9894
9955
9958
9625
9871
9857
9882
9904
9832
9661
9890
9821
9615
9850
9780
9895
9852
9985
9811
9992
10000
9907
9933
9955
10000
9917
9737
9560
9954
9929
9954
9931
9956
10000
9949
9963
9421
9858
9901
9955
9785
9963
9939
9313
9405
9899
10000
9913
9941
9510
9924
9735
9922
9862
9917
9975
9871
9704
9912
9938
9976
9889
9740
9796
9611
9716
9774
9891
9625
9789
9956
9943
9646
9502
10000
9850
9941
10000
9746
9988
9588
10000
9815
9778
9865
9994
9557
9920
9911
9898
9970
9850
9885
9841
9625
9952
9804
9915
9844
9922
9901
9855
9921
9900
9772
9845
9895
9896
9382
9958
9444
9964
9888
9739
9835
9884
9913
9522
9868
9837
9967
9954
9524
9832
9881
9851
9909
9941
9632
9646
9853
9587
9776
9920
9707
9632
9705
9882
9895
9817
9930
9918
9952
9802
10000
9722
9409
9829
9737
9751
9997
9493
9913
9946
9696
9861
9808
9994
9751
9980
10000
9538
9580
9824
9956
9704
9804
9891
9916
10000
9738
9938
9866
10000
9981
10000
9854
9849
9870
9756
9602
9959
9966
9329
9814
9936
9757
10000
9713
9754
9738
9835
9692
9383
9829
10000
9726
9758
9873
9886
9453
9225
9954
10000
9631
9816
9685
9741
9851
9943
9827
9906
9552
9818
9890
9814
9922
10000
9666
9967
9816
9995
9743
9885
9927
9399
9571
9513
9487
9883
10000
9945
9879
9881
9499
9773
9710
9538
9166
9793
9764
9376
10000
9827
9907
9843
9893
9832
9888
9871
9781
9665
9789
9756
9364
9917
9659
9700
9956
9858
9796
9926
9419
9775
9639
9931
9751
9866
9887
9801
9671
9876
9976
9946
9996
9841
9623
9580
9894
9893
9991
9931
9866
9950
9345
9558
10000
9844
9710
9962
9895
9779
9948
9608
9734
9936
9989
9826
9935
9862
9843
9665
9757
9916
9833
9906
9695
9870
9878
9925
9844
9892
9578
9957
10000
9769
9699
9720
9894
9824
9841
9576
9652
9957
9799
9933
9936
9908
9416
9957
9704
9952
9755
9871
9737
9516
9848
9676
9991
9868
9854
10000
9953
9893
9924
9748
9915
9719
9682
10000
9695
9767
9751
9994
9835
9879
9895
9912
9872
9969
10000
9910
9827
9632
9940
9808
9721
9417
9855
9996
9838
9850
9907
9848
9866
9846
9702
9936
9669
9944
9928
10000
9940
9906
9880
9730
9970
9928
9788
9809
9780
9926
9890
9988
9994
9776
9857
9884
9670
9405
9904
9929
9784
9943
9624
9898
9963
9837
9810
9795
9991
9902
9932
9939
9938
9897
9716
9751
9799
9690
10000
9906
9890
9639
9926
9932
9764
9834
9807
9788
9797
9684
9429
9794
9750
9896
9944
9902
9891
9935
9900
9931
9902
10000
9961
9812
9822
9849
9860
9879
9746
9877
9435
9931
9691
9778
9652
9514
9680
9915
9915
9679
9775
9697
9942
9928
9922
9840
9701
10000
9831
9889
9959
9810
9659
9764
9877
9257
9544
9843
9785
9676
9648
9885
9896
9980
9951
9945
9730
9608
9955
9991
9886
9944
9837
9893
9721
9821
9453
9909
9733
9849
9846
9710
9846
9907
9258
9774
9900
9988
9854
9702
10000
9896
10000
9969
9798
9940
9555
9934
9657
9931
9962
10000
9907
9882
9711
9827
9887
9850
9758
9764
9827
9817
9646
9889
9891
9781
9738
9819
9644
9689
9737
9830
9696
9864
9948
9925
9837
9921
9483
9897
9941
9940
9894
9767
9747
9945
9942
9433
9898
9941
9881
9990
9911
10000
9943
9990
9934
9888
9801
9902
9800
9958
10000
9807
9592
9719
9956
9915
9882
9476
9572
9898
9975
9947
9908
9868
9336
9864
9869
9854
9881
9836
9982
9706
9886
10000
10000
10000
9682
9832
9880
9990
9767
9791
9890
9738
9870
9896
9849
