10000
9989
10000
9952
9954
9998
9999
9917
10000
10000
10000
9998
9985
9880
10000
9944
9979
9997
9948
10000
9999
9995
9997
9992
9926
9968
10000
9997
9967
10000
10000
9962
9907
9983
9951
9904
10000
10000
9941
10000
10000
9839
9963
9893
9984
9947
9978
9941
10000
9982
10000
9999
10000
9986
9885
10000
9984
9998
9980
10000
10000
9999
9992
9958
10000
9959
9932
9883
9997
9990
9903
10000
9943
10000
9837
9999
9895
9958
10000
9999
9995
10000
10000
9995
9941
9996
10000
10000
9999
10000
10000
9999
9999
9999
9918
9999
9893
9998
9997
9948
10000
9964
10000
9998
9999
9999
9886
10000
9961
9994
9997
9952
10000
9999
9904
9917
10000
9999
10000
10000
9888
10000
10000
10000
10000
10000
9848
9980
9960
9994
9950
9998
10000
9994
10000
10000
9971
9998
10000
10000
9878
9971
9999
9999
9969
9997
9996
9970
10000
9926
9851
10000
9940
9909
10000
9880
9944
10000
10000
10000
10000
9999
9928
10000
10000
9996
9970
9999
9940
10000
9998
9960
9994
10000
10000
10000
9867
9998
10000
9992
10000
10000
10000
9997
9992
10000
9844
9930
10000
9999
9999
9903
10000
9968
9981
9988
10000
9991
10000
10000
9996
9969
9915
9997
10000
9992
9961
10000
10000
9998
9995
9986
9974
9963
9882
10000
9997
10000
10000
9792
10000
9995
9996
9998
9997
9931
9994
10000
9953
10000
10000
9999
9818
9998
10000
9974
9983
10000
9999
9998
9912
9993
9999
10000
9969
9975
9991
10000
10000
9999
9952
9999
10000
9999
9999
9966
10000
9988
10000
9996
10000
10000
10000
9906
9979
10000
10000
9996
9978
10000
10000
10000
9998
10000
10000
9950
9996
9750
9940
9998
9934
9928
10000
10000
9980
10000
10000
10000
9998
9899
10000
9997
9950
9994
10000
9970
10000
9997
9999
10000
10000
9985
9998
9917
9992
9982
9946
9967
9939
10000
9903
10000
9995
10000
10000
9999
9997
10000
10000
9999
10000
9990
9960
10000
10000
10000
10000
9978
9956
10000
9985
9926
9988
9944
9996
10000
10000
10000
10000
9992
9861
10000
9969
9982
9999
10000
10000
9945
10000
9998
9995
9999
9998
9914
10000
10000
10000
10000
9952
10000
10000
10000
9998
9907
10000
9988
9995
10000
10000
9999
9886
9987
9956
10000
9974
10000
9912
9999
10000
10000
9999
9991
10000
10000
10000
9998
9996
10000
9996
10000
10000
9965
10000
10000
9892
9999
10000
9943
10000
9968
10000
9999
10000
10000
9911
9928
9884
9996
10000
9913
9958
9964
9992
9982
10000
10000
10000
10000
10000
10000
9997
10000
9998
9982
9997
9986
9891
9999
10000
9949
10000
9996
9990
10000
10000
9884
10000
9939
10000
9999
9988
10000
10000
9945
10000
10000
10000
9997
9995
9976
9981
9973
9907
10000
10000
10000
9961
9995
9884
9999
9998
9902
9783
9992
9999
10000
10000
9942
10000
9998
10000
9996
9755
10000
9985
9999
10000
9986
9968
9904
9994
10000
10000
10000
10000
9998
9998
10000
9984
10000
10000
9986
9994
9932
9991
9876
10000
10000
9997
9987
10000
9959
9999
10000
10000
10000
10000
9858
10000
10000
10000
10000
9999
9998
10000
10000
9991
9999
9997
10000
10000
9999
9995
9973
10000
9930
10000
10000
9963
9998
9931
10000
9999
10000
9974
9992
9982
9994
9934
9969
9987
9805
9994
10000
9911
9997
9964
9972
10000
9976
10000
10000
9945
9998
10000
9584
10000
9975
9996
9998
9995
9994
9996
9993
9930
9981
9988
9958
9932
9992
9889
10000
9863
10000
9996
10000
10000
9948
10000
10000
10000
10000
9999
10000
10000
10000
9998
9993
9929
9995
9996
9936
9959
10000
9942
9994
9999
9998
9989
9998
10000
10000
9997
9998
9906
10000
9999
9998
10000
9991
10000
9995
9879
9984
9995
9971
9979
10000
10000
9999
10000
9999
10000
9997
10000
9999
9990
9999
9958
10000
9973
9983
10000
9988
9992
10000
9969
10000
9994
9997
9998
9999
10000
9927
9957
10000
9997
9977
10000
10000
9989
9981
9992
9975
9954
9998
10000
10000
9992
9999
10000
9984
10000
10000
9967
9996
9983
10000
9955
9946
9994
10000
9933
9984
9974
9952
9996
9941
9900
9956
9993
10000
9926
9754
9996
10000
9999
9941
9998
9961
9999
9999
9999
9988
9858
9985
9998
10000
9937
9993
9949
9996
10000
9998
9845
10000
9999
9913
9931
10000
9940
9877
9943
9997
9998
9996
9965
9994
9978
9990
9972
9928
9967
9875
9999
9997
9997
9981
9988
9983
9865
9973
10000
10000
9996
9991
9961
10000
9996
9999
9964
9991
9957
9996
10000
9992
9994
9993
10000
10000
9999
10000
9971
9974
10000
10000
9996
9958
9989
9784
10000
9999
10000
9999
9995
10000
9922
9941
9949
9998
9981
10000
9999
10000
9888
10000
9934
9994
9998
9999
10000
9993
9927
9989
9999
9969
9993
10000
10000
9923
10000
9920
10000
9901
9911
9902
10000
9960
9997
10000
10000
9976
10000
10000
10000
9991
9825
9999
9924
10000
10000
9985
9901
9960
9965
9924
9976
10000
10000
9906
9974
10000
9958
9891
9990
9998
10000
9999
10000
10000
9997
10000
9999
10000
9804
10000
9996
10000
10000
9999
9986
10000
9998
10000
9998
9987
9999
9798
9879
9932
9998
9986
10000
9999
9996
10000
10000
10000
10000
9991
9908
10000
9986
9970
9959
9992
9999
9967
9942
10000
10000
10000
9986
9999
9999
9936
9999
10000
10000
9979
9943
9991
10000
9999
10000
9998
9999
9888
9994
9997
9992
10000
9944
9998
9994
9999
9982
9928
9997
9999
9992
9991
9873
9976
9958
9998
9997
10000
10000
9830
9997
9911
9970
10000
9961
9951
10000
9854
10000
9880
9946
10000
9983
9980
10000
10000
9995
10000
9891
10000
9998
9951
9981
9953
9949
9946
9996
9712
9971
9736
9910
9993
9968
9997
9929
9980
10000
10000
10000
9926
10000
9997
9937
9926
10000
9996
10000
10000
9831
10000
9997
10000
9996
9841
10000
9999
10000
9998
9901
9985
9996
9949
9956
9997
9994
9993
9906
9996
9937
9970
10000
9834
9875
9993
10000
9971
9982
9992
9998
9999
10000
9997
10000
10000
10000
10000
9931
9960
10000
10000
