9971
10000
9999
10000
10000
10000
9999
10000
10000
10000
9971
9987
10000
9920
10000
10000
9997
10000
9998
9982
10000
10000
10000
9970
9869
9868
9997
9914
10000
10000
9997
10000
9977
10000
9911
9996
9928
10000
9981
9907
9946
9991
10000
10000
9995
9891
9956
9995
10000
10000
10000
10000
10000
10000
10000
10000
10000
9989
9967
10000
9996
9994
9986
9999
10000
9978
9968
10000
9991
9999
10000
9872
9997
9999
9989
9893
10000
10000
9999
10000
10000
10000
10000
10000
9999
10000
9994
10000
9998
9983
9986
10000
9998
9907
10000
9999
9996
9998
9990
9999
10000
9997
10000
10000
10000
10000
10000
10000
10000
10000
9918
10000
10000
9994
10000
9963
10000
9996
10000
10000
9947
9999
9993
10000
9965
9995
9998
10000
9991
9979
10000
9999
9946
10000
10000
10000
9999
10000
10000
9982
10000
9988
9999
9970
10000
9977
9996
10000
10000
9979
9992
10000
10000
9994
10000
10000
10000
9972
9997
9993
9996
9998
10000
9999
9994
9997
9999
10000
9996
10000
10000
10000
9924
9972
10000
10000
9999
10000
10000
9962
9999
10000
9994
9987
10000
10000
10000
10000
10000
10000
9984
10000
9884
10000
9950
10000
10000
9999
9983
9935
10000
9999
10000
10000
10000
10000
9982
10000
9995
9998
10000
10000
9993
9999
10000
10000
10000
9998
9980
9969
9999
9995
9994
9999
9931
10000
10000
10000
9998
10000
9891
9977
10000
9895
10000
10000
9999
10000
10000
9996
10000
9999
10000
9997
9999
9999
10000
10000
10000
9999
10000
10000
9998
10000
9986
10000
10000
9999
9992
10000
10000
9979
10000
9998
9859
10000
9993
10000
9997
10000
10000
9965
9997
9908
9843
10000
9999
10000
9999
9997
10000
10000
10000
10000
9729
9998
9748
10000
9925
10000
10000
10000
10000
10000
9785
10000
10000
9992
10000
9993
10000
10000
9992
9999
10000
9999
10000
10000
10000
9973
9956
10000
9943
10000
9999
10000
9956
10000
9971
10000
10000
10000
9996
10000
9999
9997
9997
9999
9997
9858
10000
9997
9931
9996
9968
10000
9970
10000
9997
9998
9951
9999
9861
9973
9992
9989
9967
9995
9999
10000
10000
9868
10000
9968
9963
9942
10000
9999
9998
10000
9992
10000
10000
10000
10000
9976
9992
9997
10000
9999
10000
9974
9995
10000
9999
9920
9999
10000
10000
9993
10000
10000
9999
9842
9924
9993
10000
9999
10000
10000
9985
10000
10000
10000
9943
9991
9996
10000
9997
9995
10000
10000
10000
10000
10000
9999
9999
10000
9999
10000
9994
9978
9996
9959
10000
9998
10000
9994
9992
9998
10000
9998
10000
10000
10000
9968
9997
10000
10000
10000
9990
10000
9996
10000
9996
10000
10000
9999
9992
10000
9924
9951
10000
10000
10000
10000
10000
9808
9976
9884
10000
10000
9998
10000
9995
10000
9999
10000
10000
10000
10000
9999
10000
9995
10000
10000
10000
9989
10000
10000
9997
10000
9993
10000
9961
9983
10000
10000
9999
10000
9993
10000
9998
9995
9975
9983
10000
9964
9999
9997
9997
10000
9999
10000
9964
9968
9994
9996
9992
10000
9992
10000
10000
10000
9995
9999
9996
10000
9990
10000
10000
9993
10000
10000
9884
10000
10000
10000
9927
10000
9939
10000
10000
9998
10000
9922
10000
10000
10000
10000
9960
10000
10000
10000
10000
9998
9998
10000
9999
10000
9995
10000
10000
9977
10000
9999
10000
10000
10000
9999
10000
9999
10000
9997
10000
9993
10000
10000
9992
9997
10000
10000
9946
10000
10000
9979
9945
9997
9982
9989
10000
10000
10000
9893
10000
10000
10000
9995
9991
10000
10000
10000
10000
9992
9907
10000
9998
10000
9941
10000
10000
9999
9999
9999
9998
9999
9997
10000
9970
9955
9996
10000
9957
9999
10000
10000
9999
10000
9989
10000
10000
9975
9997
9970
9914
10000
9999
10000
10000
9999
10000
10000
9996
9931
10000
10000
10000
10000
10000
9937
10000
10000
9988
10000
9849
10000
9739
9997
9978
9985
10000
9980
9946
9989
10000
9990
9999
10000
9998
9950
9995
10000
9984
9987
10000
10000
9938
9999
10000
9999
9996
10000
10000
10000
9964
10000
10000
10000
10000
10000
9992
10000
10000
9984
10000
9855
9999
9961
10000
10000
9999
10000
10000
10000
10000
10000
10000
10000
10000
9994
9915
9999
9973
10000
9992
9974
9999
10000
9997
9997
9978
9968
9999
9948
9937
10000
10000
9999
9996
9932
10000
9999
10000
10000
9981
9993
9999
10000
9999
10000
9994
10000
9996
10000
10000
9998
10000
9993
10000
10000
10000
10000
9942
10000
10000
10000
9993
9994
9971
9982
9999
10000
9936
9903
10000
10000
9971
10000
9999
9965
10000
10000
10000
9999
9994
9982
9992
10000
10000
10000
10000
10000
9999
9913
9924
9959
9992
9995
9993
9982
9948
10000
10000
10000
9941
10000
10000
9995
9909
10000
10000
9979
9900
10000
9999
9996
9911
9982
9997
9997
9962
10000
9964
10000
10000
10000
9999
10000
9970
9724
9976
10000
9993
10000
9941
9992
10000
9950
10000
10000
10000
9967
9997
9996
10000
10000
9998
9989
10000
9989
10000
9999
10000
9974
10000
9999
10000
10000
10000
9999
10000
9998
10000
10000
10000
10000
9999
9998
10000
10000
9999
9907
10000
10000
9999
10000
9999
10000
10000
10000
9999
9983
9942
9999
9999
10000
9947
10000
9993
10000
9964
10000
10000
9991
9993
9995
9942
9991
9999
10000
9998
9969
10000
9994
10000
9991
9972
9987
10000
9999
10000
9966
10000
10000
10000
9999
9968
9998
9996
9997
10000
9997
10000
10000
9995
9995
9910
9989
10000
9985
9996
10000
10000
10000
9995
9900
9981
10000
10000
10000
9943
9994
9999
9998
9997
10000
10000
9997
10000
10000
9998
10000
10000
10000
9956
9997
9999
10000
9894
10000
9973
10000
9869
10000
10000
10000
9998
10000
9999
10000
10000
10000
10000
9997
9993
10000
9977
10000
10000
10000
9992
10000
9997
10000
10000
10000
10000
9860
9999
9999
10000
9995
9972
10000
9989
9999
10000
9992
10000
9991
10000
9967
10000
9949
10000
10000
10000
9999
10000
9993
9994
10000
10000
10000
9991
10000
10000
10000
10000
9996
10000
9999
10000
9984
9956
10000
10000
10000
10000
10000
