9787
9713
9453
9922
10000
10000
9924
9846
9685
10000
9656
9837
9771
9782
9715
9626
9863
9661
9796
9898
9750
9967
9973
9888
9913
9728
9853
9721
9774
9943
9752
9918
9905
9785
9674
9709
9800
9861
9840
9954
9891
9853
9942
9623
9992
9923
9950
9640
9846
9994
10000
9983
9824
9454
9840
9456
9849
9800
9795
9955
9807
9964
9785
9786
9653
9944
9488
9802
9611
9936
9617
9898
9533
9539
9919
9780
9820
9813
9784
9852
9860
9791
9908
9853
9973
9442
9968
9911
9852
9854
9956
9830
9610
9761
9858
9578
9830
9693
9812
9851
10000
9913
9724
9722
9823
9925
9787
9816
9956
9832
9799
9457
9886
9718
9807
9846
9768
9820
9676
9864
9685
9739
9809
9828
9900
9757
9872
9888
9939
9997
9779
9982
9867
9712
9846
10000
9564
9967
9900
9971
9791
9852
9439
9999
9546
9427
9960
9561
9751
9591
9817
9648
9803
9903
9617
9899
9871
9667
9823
9975
9787
9685
9881
9773
9972
9913
9837
9845
9830
9852
9886
9989
9699
10000
9941
9779
9935
9689
9901
9387
9506
9944
9903
9443
10000
9936
9943
9702
9835
9913
9960
9733
9899
9966
9720
9895
9762
9958
9934
9949
9855
9708
9909
9840
9796
9977
9934
9917
9800
9843
9672
10000
9842
9708
9806
9634
9821
9235
9746
9733
9539
9843
9871
9765
9251
9751
9959
9657
9794
9963
9909
9772
9940
9667
9978
9596
9891
9873
10000
9850
10000
9888
9209
9898
10000
9867
9770
9758
9797
9730
9955
9935
9925
9816
9889
9959
9989
9906
9765
9762
9836
9956
9935
9956
9618
9754
10000
9658
9536
9980
9858
9797
9613
9976
10000
9790
9569
9815
9705
9479
9873
9898
9934
9559
9861
9772
9715
9896
9854
9906
9922
9806
9567
9897
9641
9630
9935
9928
9917
10000
9833
9904
9811
10000
9843
9849
9870
9907
9983
9807
9890
9721
9744
9752
9939
9539
9836
9935
9689
9862
9892
9794
9818
10000
9880
9924
9518
9925
9823
9537
9569
9842
9915
9598
9861
9847
9690
9994
9704
9971
9675
9937
9836
9780
9654
10000
9884
9911
9305
9956
10000
9591
10000
9840
10000
9842
9884
9930
9997
9869
9783
9504
9738
9907
9564
10000
9869
10000
9781
9563
9680
9550
9942
9777
9582
9914
9936
9945
9875
9846
9834
9784
9625
9877
10000
9901
10000
9690
9888
9858
9867
9926
9561
9907
9662
9852
9985
10000
9769
9997
9720
9969
10000
9577
9678
9881
9813
9886
9624
10000
9567
9642
9950
9784
9587
9944
9900
9821
9884
9969
9908
10000
9930
9726
9859
9618
9923
9866
9677
9775
10000
9702
9754
9857
9693
9993
9801
9808
9821
9915
10000
9842
9932
9885
9988
9644
9841
9288
9871
9701
9698
9978
9890
9683
9158
9845
10000
10000
9822
9895
9893
9824
9887
9918
9785
9927
9692
10000
10000
9965
9781
9604
9883
9342
9905
9649
9950
9897
9912
9403
9843
9743
9857
9812
9752
9953
9869
9794
9601
10000
9860
9774
9855
9664
9975
9867
9950
9811
9995
9801
9767
9887
9788
9856
9868
9595
9964
9469
9907
9757
9970
9898
9852
9928
9690
10000
9971
9804
10000
10000
9918
9994
9886
9214
9704
9957
9862
9896
9165
9781
9910
9672
9719
9931
9921
9827
9822
9805
9943
9778
9812
9884
9815
9903
9860
9933
9869
9860
10000
9929
9885
9996
9924
9961
9801
9866
9826
9879
9889
9886
9683
9702
9285
9960
9842
9591
9904
9759
9238
10000
9778
9871
9805
9946
9805
9387
9408
9831
9687
9577
9846
9752
9916
9845
9936
9939
9954
9761
10000
10000
9834
9859
9879
9888
9401
10000
9666
9766
9373
9926
9651
10000
9745
9390
9951
9987
9857
10000
9894
9846
9867
9684
9919
9913
9901
9780
9751
10000
9907
9636
9979
9923
9716
10000
9689
9854
9735
9756
9858
9621
9995
9913
9979
9863
9954
10000
9892
9821
9941
9933
10000
9960
9453
9963
9847
9911
9885
10000
9759
9984
9515
9825
10000
9858
9642
9767
9996
9896
9849
9804
9881
9898
9662
9891
9982
9753
9808
9875
9960
9855
9891
9334
9927
9805
9846
9815
9780
9766
9897
9624
9551
9915
9829
9608
9751
9863
9866
9674
9913
9885
9795
9930
9883
9849
9831
9841
9925
9713
9388
10000
9926
9826
9966
9623
9827
10000
9800
9651
9771
9941
9824
9607
9901
9945
9777
9920
9767
10000
9907
9965
9464
9945
9826
9891
9922
9810
9954
9879
9873
9911
9872
9889
9879
9966
9843
9941
9801
9775
9461
9977
9933
9866
9546
9749
9749
9913
9919
9961
9860
9874
9803
10000
9893
9952
9920
9798
9952
9682
9644
9796
9339
9929
9926
9849
9930
9906
9816
9855
9938
9967
9992
9829
9413
9654
9806
9794
9770
9522
10000
9561
9777
9816
9840
9895
9883
9779
9599
9860
9777
10000
9878
9880
9851
10000
9650
9735
9531
10000
9447
9758
9700
9569
9834
9908
9996
9491
9963
9904
9809
9923
9831
10000
9890
10000
10000
10000
9833
10000
9316
10000
9598
9757
9906
9977
9755
9865
9855
9804
9674
9457
9777
9346
9893
9776
9859
9933
9881
9830
9818
9681
9981
9899
9784
9918
9775
9503
9448
9885
9819
9844
9923
9867
9855
9993
9838
9255
9663
9963
9731
9599
9928
9869
9849
9940
9581
9729
9921
9848
9836
9687
9923
9758
9617
9497
9850
9958
9906
9949
9955
9939
10000
9934
9725
9908
9907
10000
9893
9710
9716
9850
9910
9893
9900
9749
9906
9995
10000
9837
9917
9590
9962
9845
9852
9872
9869
9777
10000
9867
9968
9949
9863
9991
9624
9695
9810
9892
9888
9655
9574
9811
9674
9864
9804
9531
9834
9795
9774
9986
10000
9779
9782
10000
9903
9862
10000
9786
9755
9968
9777
9878
9985
9453
9766
10000
9998
9441
9726
10000
9808
9579
9798
10000
9892
9865
9873
9813
9630
9920
9908
9972
9942
9763
9854
9376
9883
9530
9958
10000
9545
9945
9827
9849
9892
9979
9725
9776
9828
9967
9947
9973
9798
9821
9748
9972
9948
9940
10000
9660
9594
9676
9947
9588
9901
9959
9912
9689
10000
9942
10000
9876
