9752
9841
9942
9202
9832
9915
9837
9807
9805
9770
9918
9830
9868
9988
9731
9731
9735
9803
10000
9980
9365
10000
9828
9887
9887
9955
9612
9491
9783
9859
9993
9935
9874
9945
9935
9908
9872
9698
9933
9851
9795
9928
9865
9497
9973
9787
9425
10000
9805
9822
9897
9659
9859
9913
9715
9995
9764
9152
9733
9747
9997
9784
9902
9990
9893
9997
9919
9795
9896
9785
9938
9893
9863
9895
9555
9960
9964
9872
9796
9828
9883
9345
9671
9871
9839
9472
9234
9877
9821
9792
9877
9947
10000
9546
9506
9796
9704
9925
9737
9831
9920
9637
9716
9906
9803
10000
9928
9805
9693
9775
9696
10000
9700
9875
9891
9920
9845
9700
9669
9715
9770
9475
9732
9908
9981
9930
9831
10000
9811
9942
9877
9922
9891
10000
9908
9960
9947
9952
9957
9911
9716
9773
9804
10000
10000
9935
9873
9906
9858
9595
9614
9878
9925
9917
9992
9983
9749
9916
9346
9848
9592
9616
9920
9667
9911
9628
9592
9909
9952
9852
9975
9908
9895
9702
9944
9932
9959
9927
9373
9779
9901
9833
9739
9893
9910
9807
9860
9860
9975
9839
9896
9510
9751
9924
9722
9752
9893
9830
9883
9838
10000
9896
9858
9675
9662
9922
9525
9840
9852
9712
9882
9405
9755
9938
9714
9999
9995
9861
9807
10000
9925
9303
9889
9949
9836
10000
10000
9591
9800
9821
9651
9973
9887
9971
9866
9467
9642
9613
9917
9479
10000
9885
9909
9834
9806
9663
9979
10000
9839
9905
9886
9872
9856
9871
9943
9855
9623
9929
9904
9724
9550
9968
9923
9967
9917
9844
9967
9873
9935
9880
9426
9705
9833
9931
10000
9935
9787
9509
9868
9884
9957
9923
9889
9892
9825
9949
9674
9868
9908
9552
9965
9916
9780
9804
10000
9784
9561
9863
9669
9951
9928
9839
9851
9740
9788
9837
9905
9790
9867
9887
9780
9840
9745
9866
10000
9892
9957
9742
9926
10000
9586
9899
9641
9935
9649
9610
9823
10000
9869
9872
9954
9923
9990
9896
9640
9903
9932
9640
9930
9888
9998
9761
9945
9969
10000
9863
9889
9575
9488
9851
9976
9821
9660
9660
9761
9849
9889
9934
9850
9915
9903
9676
9899
9451
9831
10000
9928
9865
9720
9889
9915
9814
9814
9406
9849
9898
9889
10000
9837
9848
9969
9894
9773
9946
9347
9824
9905
9911
9654
9669
9825
9412
9572
9997
9393
9948
10000
9981
9819
10000
9927
9754
9870
9810
9863
9834
10000
9654
9743
9923
9620
9849
9709
9936
9621
9731
9820
9798
9951
9852
9877
9860
9871
9998
9911
9987
9909
9842
9982
10000
9788
10000
9827
9806
9897
9906
9825
10000
9874
9655
10000
9735
9574
9990
9746
9827
9706
9872
9948
9375
9766
9808
9733
9946
9916
9898
9731
9775
9910
9946
9871
9967
9901
9814
9578
9898
9470
9873
9550
9892
9933
9863
9859
9970
9716
9141
9435
9801
9908
9739
9998
9861
9929
9884
9574
9930
9972
9892
10000
9758
9897
9840
9845
9818
9861
9773
9554
9639
9982
10000
9932
9744
9917
9915
9930
9785
9578
9809
9472
9359
9707
9986
9865
9921
9928
9672
9809
9829
9949
9668
9963
9903
9948
9864
9883
9937
9833
10000
9891
9843
10000
9889
9967
9831
9835
9900
9814
9754
9677
9966
9821
9869
9891
9645
9938
9811
9904
9814
10000
9415
9480
9876
9575
9271
9950
9525
9813
10000
9935
9880
9944
9967
9936
9837
9926
9819
9545
9513
9957
9858
9914
9883
9859
9925
9863
9600
9919
9480
9737
9963
9894
9935
9872
9793
9886
9856
9998
9439
9841
10000
9623
9953
9444
9726
9577
9737
9968
9818
9914
9898
9541
9707
10000
9733
9870
9892
10000
9682
9726
9441
9971
9937
9858
9847
9476
9600
9520
9807
9861
9980
9712
9916
9741
9811
9924
9851
9856
9688
9963
9873
9942
9881
9844
9727
9931
10000
9954
9915
9624
9909
9912
9947
9825
9879
9913
10000
9974
9721
9468
9708
9963
9681
9868
9615
9479
9993
9843
9941
10000
9897
9685
9931
9888
9746
10000
9858
10000
9937
9911
9482
9887
9386
9828
9909
9716
9931
9825
9766
9980
9952
9843
9921
9851
9569
9818
9839
9981
9645
9648
10000
9835
9819
9880
9814
9950
9880
9818
9904
9823
9544
9963
9860
9610
9927
9796
9718
9887
9691
9994
9841
9686
9773
9712
9891
9936
9980
9792
9985
9930
9767
9621
9818
9586
9772
9779
9923
9926
9645
9932
9737
10000
9781
9889
9888
10000
9937
9452
9856
9925
9983
9862
9878
9369
9963
10000
9824
10000
9870
9801
9938
9917
9921
9508
9902
9947
9882
9974
9685
9832
9855
9885
9694
9848
9385
9912
9750
9909
9965
9876
9667
9314
9819
9916
9711
9603
9947
9836
9768
9893
9777
9901
9943
9854
9809
9531
9819
9943
9592
9693
9537
9892
9872
9791
10000
9597
9900
9866
10000
9899
9961
10000
9893
10000
9882
9823
9984
9748
9811
9922
9653
9977
9913
9846
9876
9945
9921
9775
9736
9800
9818
9669
9998
9811
9904
9906
9876
9949
9922
9825
9885
9732
9972
9939
9928
9944
9891
10000
9785
9600
9948
9908
9743
9789
10000
9549
9785
9566
9954
9665
10000
9855
9699
9881
10000
9850
9990
10000
9735
9338
9848
9968
9827
9857
9767
9649
9723
9521
9492
9944
9954
10000
9883
9294
9991
9883
9737
9867
10000
9864
9810
9643
9872
9856
9814
10000
9874
9712
9815
9605
9740
9750
9783
10000
9929
9761
9730
9877
9864
9912
9938
9875
10000
9484
9920
10000
9861
9887
9881
9877
9868
9947
9817
9425
9628
10000
9928
9941
9630
9793
9996
9891
9863
9801
10000
9735
9959
9767
10000
9976
10000
9901
9798
9959
9771
9876
9689
9927
9732
9986
9838
9583
9945
10000
9816
9883
9920
9493
9874
9892
9961
9493
9843
9883
9792
9873
9592
9409
9976
9984
9840
9928
9961
9874
9933
9922
9621
9909
10000
9918
9585
9938
9669
9890
9923
9930
9918
9824
9913
9937
9773
9794
9911
9955
9839
9583
9949
9690
9874
9564
9939
9680
9517
9662
9778
9212
9797
9836
9764
9980
9736
