10000
9999
9725
9826
10000
9780
9779
9158
9757
9857
9585
9932
9922
9709
9401
9796
9959
9900
9808
9953
9706
9819
9066
9339
10000
9927
9919
9864
9698
9818
9280
9564
9631
9837
10000
10000
9592
9890
9697
9982
9759
9878
9647
9515
9886
9703
9587
8725
9877
9903
10000
9914
10000
9859
9849
9784
9965
9953
9635
10000
9934
9771
9717
9828
10000
9685
9731
10000
9620
10000
9752
9719
9559
9779
9910
9290
9942
9797
10000
9849
9802
9803
9005
10000
9832
9939
9704
9865
9631
9693
9888
9778
9389
9836
9930
9954
9215
9832
9760
9017
9943
9682
9532
9808
9597
9899
9536
9988
9945
9742
9999
9701
9614
9822
10000
10000
9622
9809
9879
9891
10000
9937
10000
9756
9388
9085
9774
9724
9830
9332
9845
9851
9646
9102
9817
9999
9798
9884
10000
9630
9296
9837
9787
9813
9922
9564
9931
9901
9788
9872
9624
9780
9596
9516
9862
9877
9802
9789
9772
10000
9533
9731
9716
9743
9580
9812
10000
9862
9869
10000
10000
9845
9984
9842
9806
9897
9754
10000
10000
9927
9462
9227
9283
9888
9952
9740
9627
9190
10000
10000
9728
9873
9811
9848
9590
10000
9871
9550
9744
9763
9756
9739
9887
9857
9840
9801
9099
10000
10000
9793
9359
9516
9808
9784
9959
9716
9979
9657
10000
9848
9686
9914
9643
9445
9950
9822
9854
9784
10000
9951
9266
8755
9352
9635
9706
9839
9569
9977
9855
9532
9559
9833
9925
10000
9538
9875
10000
10000
9593
9996
9312
9725
9768
9796
9296
9835
9608
9905
9099
9889
10000
10000
9888
9306
9482
9816
9467
9931
8831
9429
9809
9686
9484
10000
9507
9593
9833
9586
9765
9826
9187
9529
9473
8972
10000
9361
9922
9605
9977
9566
9918
9825
9813
10000
10000
10000
10000
10000
9115
9872
9854
10000
9737
9994
9722
10000
10000
9758
9326
9967
9691
10000
10000
9897
9932
9903
9569
9856
9875
9770
10000
10000
9539
10000
9812
9644
9665
9658
9330
10000
9748
9657
9889
9878
9848
9828
9827
9735
10000
9818
9674
10000
9747
8951
9855
9427
9931
9665
9806
10000
9740
10000
9405
9802
10000
9743
9202
9914
9798
9721
9883
9487
9164
9889
9895
10000
9368
9966
9122
9896
9834
9341
9673
10000
9829
9942
10000
9874
8449
9951
10000
9268
9770
9920
9924
9023
9778
9658
9899
9708
9799
9221
9960
9108
8904
9278
9650
9688
9668
9536
9785
8757
9920
10000
9852
10000
9387
9841
9663
9846
10000
9678
9655
9824
10000
9721
9957
9254
9842
9619
9113
9967
10000
9625
9618
8868
9828
9955
9965
9989
10000
8889
9460
9219
9841
9918
9392
9902
9867
10000
9898
9130
9729
9985
9989
9859
9857
9823
9891
10000
9650
9802
9977
9786
10000
10000
10000
10000
9968
9905
9881
9909
9782
9911
10000
9933
9887
9133
10000
9582
9791
9559
9784
10000
9652
9534
10000
9581
9931
9882
9415
9813
9368
9746
9761
9704
9827
10000
9887
9685
10000
9772
9802
9898
9694
9529
9855
9580
9855
9838
9473
9810
9972
9733
9909
9824
9924
9606
9897
9804
9607
9917
9495
9659
9988
10000
9909
10000
9442
8997
9830
9784
9723
9841
10000
9662
9886
9662
10000
9896
9622
9933
8631
9930
9453
9860
9394
10000
9880
9786
9895
9807
9972
10000
9333
9942
10000
9837
9649
9785
9804
9721
9887
9795
9887
9979
9966
9791
9575
10000
9996
9791
9865
9865
9872
9756
9433
9867
9539
9911
9879
9789
9954
9905
9307
9986
9800
9136
9270
9905
9830
9948
9979
9775
10000
9840
9469
9997
9931
9891
10000
9595
9561
9777
9947
9880
9879
9847
10000
9537
9602
9874
9293
9785
9928
9883
9882
9430
8988
10000
9785
9624
9538
9814
9829
8659
9732
9617
10000
9631
10000
9503
9625
9843
10000
9679
9707
9409
9799
9840
9913
10000
9772
9859
10000
10000
10000
9197
9412
9829
10000
9429
9311
9801
9620
9711
9589
9067
10000
9692
9842
9829
9840
9854
9840
9877
10000
9753
10000
9827
9916
9924
10000
9847
9863
9873
9829
9694
9800
8512
9499
8985
9896
9766
9870
9877
9892
9822
9581
9572
9776
9849
9785
8929
9836
9873
9517
9741
9374
9118
9532
10000
10000
9763
10000
9745
10000
9895
9926
9236
9345
9838
9807
10000
9764
9655
9573
9285
9483
10000
9755
9852
9399
9936
9604
9312
9803
9883
9567
9833
10000
9753
9819
10000
10000
10000
9971
9698
9806
10000
9940
9839
10000
10000
9902
9644
9852
9483
9931
9414
9561
9609
9757
10000
9681
9902
9890
9418
10000
10000
9725
9375
9874
9881
9789
9935
10000
9543
9695
9671
9643
9233
9921
9226
9840
10000
8997
8922
9869
10000
9852
9864
10000
9814
9788
9853
9491
9810
9941
9923
10000
9770
9775
10000
9842
9152
9726
9648
9584
10000
9941
9500
9465
9751
10000
10000
9922
10000
9727
9537
9688
10000
9550
9903
9824
10000
9372
9663
9036
9278
9869
9675
9659
9921
9146
9977
9914
9853
9653
9876
9935
9840
10000
9457
9832
10000
9520
9853
9988
10000
9606
9852
9817
9803
9474
9622
9870
10000
9593
9810
10000
9796
9863
9678
10000
10000
8330
9983
9111
10000
9839
9849
9901
10000
9931
9494
9825
9861
8856
10000
9109
9552
9852
10000
10000
9058
9348
9784
10000
9759
9891
9930
9607
9776
10000
9890
9542
9046
9916
9929
9946
9396
10000
9434
10000
9840
9910
9939
9925
9053
9846
10000
9891
9822
9421
9577
10000
9932
9319
9866
9626
9706
8904
9797
10000
10000
9870
8935
9454
9487
9828
9664
9800
9588
9482
9640
10000
9961
9405
10000
10000
9959
9999
9335
9881
9567
9985
9781
9712
9893
10000
10000
10000
9792
10000
9757
9807
9481
9475
9155
9717
9796
9988
9913
9834
10000
9273
9849
9750
9812
9749
9820
9871
10000
9874
9844
9691
9413
9842
9859
8929
9839
9774
9450
9778
9857
9733
9856
9693
9840
9985
10000
9842
9798
9915
10000
9673
9907
9792
9849
9626
10000
9579
10000
10000
9653
10000
9824
9801
9609
9670
9685
9990
10000
9966
9677
9514
9585
9941
8967
