10000
10000
10000
9960
10000
10000
10000
10000
10000
10000
9998
9960
10000
10000
9868
10000
10000
10000
10000
10000
9975
10000
10000
10000
10000
9998
10000
10000
10000
10000
10000
10000
10000
10000
10000
10000
10000
10000
9933
10000
10000
10000
10000
10000
10000
10000
10000
10000
10000
10000
10000
10000
10000
10000
9928
10000
10000
10000
10000
10000
10000
10000
10000
10000
10000
10000
10000
10000
10000
10000
10000
10000
10000
10000
10000
10000
10000
10000
10000
9998
10000
10000
10000
10000
10000
10000
10000
10000
10000
10000
10000
10000
9993
9996
10000
10000
9965
10000
10000
10000
10000
10000
10000
10000
10000
10000
10000
10000
10000
10000
10000
9952
10000
9897
10000
10000
10000
10000
10000
10000
10000
10000
10000
10000
10000
10000
10000
10000
10000
10000
9884
10000
10000
10000
10000
10000
10000
9998
10000
10000
10000
10000
10000
9998
10000
10000
10000
10000
10000
10000
10000
10000
10000
10000
9911
10000
9919
9955
10000
10000
10000
9993
9981
10000
10000
10000
10000
10000
10000
10000
10000
10000
10000
10000
10000
10000
10000
10000
10000
10000
9968
10000
10000
10000
10000
10000
10000
9999
10000
10000
10000
10000
10000
10000
9996
10000
10000
10000
10000
10000
10000
10000
10000
10000
10000
10000
10000
10000
10000
10000
10000
10000
10000
10000
10000
10000
10000
9919
10000
10000
10000
10000
10000
10000
10000
10000
10000
10000
9902
10000
10000
10000
10000
10000
9968
9997
10000
10000
10000
10000
10000
10000
10000
9984
10000
10000
10000
10000
10000
10000
10000
10000
9997
10000
10000
10000
10000
10000
10000
10000
10000
10000
10000
10000
10000
10000
10000
10000
10000
10000
10000
10000
10000
10000
10000
10000
10000
10000
10000
10000
10000
10000
10000
10000
10000
10000
10000
9996
10000
10000
10000
10000
10000
10000
10000
10000
10000
10000
10000
10000
10000
10000
10000
10000
10000
10000
10000
9999
10000
10000
10000
10000
10000
10000
10000
9999
10000
10000
10000
10000
10000
10000
10000
10000
10000
10000
10000
10000
10000
10000
10000
10000
10000
10000
10000
10000
10000
10000
10000
10000
10000
10000
10000
10000
10000
9995
10000
10000
10000
10000
10000
10000
10000
10000
10000
10000
9981
10000
10000
10000
9797
10000
10000
10000
10000
10000
9986
10000
10000
10000
9990
10000
10000
10000
10000
10000
10000
10000
9988
10000
10000
10000
10000
10000
10000
10000
10000
10000
9945
10000
10000
10000
10000
10000
10000
10000
10000
9997
10000
10000
10000
9971
10000
10000
10000
10000
10000
10000
10000
10000
10000
10000
10000
9936
10000
10000
10000
10000
10000
10000
10000
10000
10000
10000
10000
10000
10000
10000
9999
10000
10000
10000
10000
10000
10000
9996
10000
10000
10000
9996
10000
10000
10000
10000
10000
10000
9999
9985
10000
9797
10000
10000
10000
10000
10000
9943
10000
10000
10000
10000
9991
10000
10000
10000
10000
10000
10000
10000
10000
10000
10000
10000
10000
9994
10000
10000
10000
10000
10000
9837
10000
10000
10000
10000
10000
10000
9915
10000
10000
10000
10000
10000
10000
10000
10000
10000
10000
10000
10000
10000
10000
10000
10000
10000
10000
10000
10000
10000
10000
9996
9996
10000
10000
9972
10000
10000
10000
10000
10000
9884
9993
9996
10000
10000
10000
10000
10000
10000
10000
10000
10000
9964
10000
10000
10000
10000
10000
10000
9981
10000
10000
10000
10000
10000
10000
10000
10000
10000
10000
10000
10000
10000
10000
10000
10000
10000
10000
10000
10000
10000
10000
10000
9995
10000
10000
10000
10000
10000
10000
10000
10000
10000
9977
10000
10000
10000
9999
10000
10000
10000
10000
10000
10000
10000
10000
10000
10000
10000
10000
10000
10000
10000
10000
10000
10000
9955
10000
10000
10000
10000
10000
10000
10000
10000
10000
10000
10000
10000
10000
10000
10000
10000
10000
10000
10000
10000
10000
10000
10000
10000
9970
10000
10000
10000
10000
10000
9995
10000
10000
10000
10000
10000
10000
10000
10000
10000
10000
10000
10000
10000
10000
10000
10000
9992
10000
10000
10000
10000
10000
10000
10000
10000
10000
10000
10000
10000
10000
10000
10000
10000
10000
10000
10000
10000
10000
10000
10000
10000
10000
9998
10000
10000
10000
10000
9998
10000
10000
10000
10000
10000
10000
10000
9997
10000
10000
10000
10000
10000
10000
10000
10000
10000
10000
10000
10000
9990
9999
10000
10000
10000
10000
10000
10000
10000
10000
9989
10000
10000
9998
10000
10000
10000
10000
10000
10000
9997
10000
9996
10000
9999
10000
10000
10000
9964
10000
10000
9947
10000
10000
10000
10000
9964
10000
10000
10000
10000
10000
10000
10000
10000
10000
10000
10000
10000
10000
10000
10000
9951
10000
10000
10000
10000
10000
10000
10000
10000
10000
9998
10000
10000
10000
10000
10000
10000
10000
10000
10000
10000
10000
10000
10000
10000
9891
10000
10000
10000
10000
10000
10000
10000
10000
10000
10000
10000
10000
9995
10000
10000
10000
10000
10000
10000
10000
10000
10000
10000
10000
10000
10000
10000
10000
10000
10000
10000
10000
10000
10000
10000
10000
10000
10000
10000
10000
10000
9945
10000
10000
10000
10000
10000
10000
10000
10000
10000
10000
10000
10000
10000
10000
10000
10000
10000
10000
10000
10000
10000
10000
9995
10000
10000
10000
10000
10000
10000
10000
9999
10000
10000
10000
10000
10000
10000
10000
10000
10000
10000
10000
10000
10000
10000
10000
10000
10000
10000
10000
9537
10000
10000
10000
10000
9894
10000
10000
10000
10000
9997
10000
10000
10000
10000
9958
10000
10000
10000
10000
10000
10000
10000
10000
10000
10000
10000
10000
10000
9968
10000
10000
10000
10000
10000
9994
10000
10000
9873
10000
10000
10000
10000
10000
10000
10000
10000
10000
10000
10000
10000
10000
9851
10000
10000
10000
10000
10000
10000
10000
10000
10000
10000
10000
10000
10000
10000
10000
10000
10000
10000
10000
10000
10000
10000
9932
9987
10000
10000
10000
10000
10000
9998
10000
10000
9905
10000
10000
10000
10000
10000
9997
10000
10000
10000
10000
10000
10000
10000
9980
10000
9969
10000
10000
10000
10000
10000
10000
10000
10000
9996
10000
10000
10000
10000
10000
10000
10000
10000
10000
10000
10000
10000
10000
10000
10000
10000
10000
10000
10000
10000
9998
10000
10000
10000
