10000
10000
9880
10000
9996
10000
10000
10000
10000
10000
10000
10000
10000
10000
10000
10000
10000
10000
10000
10000
9961
10000
10000
10000
10000
10000
10000
10000
10000
10000
9920
10000
10000
10000
10000
10000
10000
10000
10000
10000
10000
10000
10000
10000
10000
9965
10000
10000
10000
10000
10000
10000
10000
10000
10000
10000
10000
10000
10000
10000
10000
10000
9944
10000
10000
10000
10000
10000
10000
10000
10000
10000
10000
10000
9881
10000
10000
10000
10000
10000
10000
10000
10000
10000
10000
10000
9896
10000
10000
10000
9981
9998
10000
10000
9970
10000
10000
10000
9937
9952
10000
10000
10000
10000
10000
10000
10000
10000
10000
10000
10000
10000
10000
10000
10000
9999
10000
10000
10000
10000
10000
10000
10000
10000
10000
9977
10000
10000
10000
10000
10000
10000
10000
10000
10000
10000
10000
10000
10000
10000
9953
10000
10000
10000
10000
10000
10000
10000
9980
10000
10000
10000
10000
10000
10000
10000
10000
10000
10000
10000
10000
10000
10000
10000
10000
10000
10000
10000
10000
10000
10000
10000
10000
9990
10000
10000
10000
10000
10000
10000
10000
10000
10000
10000
10000
10000
10000
10000
10000
9963
10000
10000
10000
10000
10000
10000
10000
10000
10000
10000
10000
9999
10000
10000
10000
10000
10000
10000
10000
10000
10000
10000
10000
10000
9804
9909
10000
10000
10000
10000
10000
10000
10000
10000
10000
9996
10000
10000
10000
10000
10000
10000
10000
10000
10000
10000
10000
10000
10000
10000
10000
10000
10000
10000
10000
10000
10000
10000
10000
10000
10000
10000
10000
10000
10000
10000
10000
10000
10000
10000
10000
10000
10000
10000
10000
10000
10000
10000
10000
10000
10000
10000
10000
10000
9926
10000
10000
10000
10000
10000
10000
10000
10000
10000
10000
10000
10000
10000
10000
10000
10000
10000
10000
10000
10000
10000
10000
9996
10000
10000
10000
10000
10000
10000
10000
10000
10000
10000
9987
10000
10000
10000
10000
9989
9863
10000
10000
10000
10000
9999
10000
10000
10000
10000
10000
10000
10000
10000
10000
10000
10000
10000
10000
10000
10000
10000
10000
10000
10000
9921
9953
10000
10000
9995
10000
10000
10000
10000
9998
9930
10000
10000
9999
10000
10000
10000
10000
10000
10000
10000
10000
10000
10000
10000
9856
10000
10000
10000
10000
9997
10000
10000
10000
9997
10000
10000
10000
10000
10000
10000
10000
10000
10000
10000
10000
10000
10000
10000
10000
10000
10000
10000
9997
9991
9972
10000
10000
10000
10000
10000
10000
10000
10000
10000
10000
10000
10000
10000
10000
10000
10000
10000
10000
10000
10000
10000
10000
10000
10000
10000
10000
10000
10000
10000
10000
10000
10000
10000
10000
10000
10000
9955
10000
10000
9996
10000
10000
10000
10000
10000
10000
10000
10000
10000
10000
10000
9815
10000
10000
10000
10000
10000
10000
10000
10000
10000
10000
10000
10000
10000
10000
10000
10000
10000
9808
10000
9998
10000
10000
10000
10000
10000
9997
10000
10000
10000
10000
9997
10000
7791
10000
9946
10000
10000
10000
10000
10000
10000
10000
10000
10000
10000
10000
10000
10000
10000
10000
10000
9899
9907
10000
10000
10000
10000
10000
10000
10000
9999
10000
10000
10000
10000
10000
10000
10000
10000
10000
10000
9998
10000
10000
10000
10000
10000
10000
10000
10000
10000
10000
10000
10000
10000
10000
10000
10000
10000
10000
10000
9960
10000
10000
10000
10000
10000
10000
10000
10000
9951
10000
10000
10000
10000
10000
10000
10000
10000
10000
9998
10000
10000
10000
10000
9949
10000
9773
10000
10000
10000
10000
10000
10000
10000
10000
10000
10000
10000
10000
10000
10000
10000
10000
10000
10000
10000
10000
10000
10000
10000
10000
10000
10000
10000
10000
10000
10000
10000
10000
10000
10000
10000
10000
10000
10000
10000
10000
10000
10000
9996
9986
10000
10000
9933
10000
10000
10000
10000
10000
10000
10000
10000
9982
10000
10000
10000
10000
10000
10000
10000
10000
10000
10000
10000
10000
10000
10000
10000
10000
10000
10000
10000
10000
10000
10000
10000
10000
10000
10000
10000
10000
10000
10000
10000
10000
10000
9976
10000
9945
10000
10000
10000
10000
10000
10000
9991
10000
10000
10000
9263
10000
9999
10000
10000
10000
10000
10000
10000
10000
10000
10000
9999
10000
10000
10000
10000
10000
10000
10000
10000
10000
10000
10000
10000
10000
10000
10000
10000
10000
10000
10000
10000
10000
10000
10000
10000
10000
10000
10000
10000
10000
10000
10000
10000
9947
10000
9999
9971
10000
10000
10000
10000
9992
10000
10000
9999
10000
10000
10000
10000
10000
10000
10000
10000
9999
10000
10000
10000
9941
9984
10000
10000
9978
10000
10000
10000
10000
10000
9978
10000
10000
10000
10000
10000
10000
10000
10000
10000
9946
10000
10000
10000
10000
9998
10000
10000
10000
10000
10000
10000
10000
10000
10000
10000
10000
10000
10000
10000
9997
10000
10000
10000
10000
10000
10000
10000
10000
10000
10000
10000
10000
10000
10000
10000
9927
10000
9998
10000
10000
10000
10000
10000
10000
10000
10000
10000
10000
10000
10000
10000
10000
10000
10000
10000
10000
10000
10000
10000
10000
10000
10000
10000
10000
10000
10000
10000
10000
10000
10000
10000
10000
10000
10000
10000
10000
10000
10000
10000
10000
10000
10000
10000
10000
10000
10000
10000
10000
10000
9998
10000
10000
10000
10000
9997
10000
10000
10000
10000
10000
10000
10000
10000
10000
10000
10000
10000
10000
10000
10000
10000
10000
9993
10000
10000
10000
9989
10000
10000
9919
9782
10000
10000
10000
10000
10000
10000
10000
10000
10000
10000
10000
10000
10000
10000
10000
10000
10000
10000
10000
10000
10000
9991
10000
10000
10000
10000
10000
9983
10000
10000
10000
10000
10000
10000
10000
10000
10000
9999
10000
10000
10000
10000
10000
9989
10000
9998
10000
9987
9929
10000
9991
10000
10000
10000
10000
10000
10000
10000
10000
10000
10000
10000
9999
10000
10000
10000
10000
10000
10000
9992
10000
10000
10000
10000
10000
10000
10000
10000
10000
10000
10000
10000
10000
10000
10000
10000
10000
10000
10000
10000
10000
10000
10000
9914
10000
10000
10000
10000
10000
10000
10000
10000
10000
10000
10000
9971
10000
10000
9936
10000
10000
10000
10000
10000
10000
10000
10000
10000
10000
10000
10000
10000
