9707
9919
9907
9935
9851
9896
9940
9928
9965
9909
9978
9860
9917
9903
9979
9899
9909
9938
9964
9906
9959
9873
9934
9944
9912
9897
9955
9795
9975
9953
9898
9898
9833
9812
9926
9842
9930
9936
9899
9940
9907
9916
9912
9897
9889
9899
9863
9912
9937
9921
9938
9887
9798
9962
9903
9922
9990
9930
9895
9871
9878
9868
9956
9740
9855
9887
9833
9939
9940
9909
9910
9932
9838
9892
9973
9915
9929
9979
9941
9930
9868
9852
9920
9904
9943
9893
9909
9863
9935
9937
9944
9914
9894
9899
9911
9897
9826
9865
9790
9819
9898
9955
9967
9961
9938
9890
9960
9885
9980
9921
9933
9945
9832
9943
9899
9936
9984
9875
9875
9935
9822
9964
9978
9957
9944
9977
9869
9930
9904
9919
9883
9905
9943
9891
9924
9863
9872
9868
9946
9873
9967
9919
9938
9841
9907
9904
9911
9934
9997
9895
9880
9940
9869
9988
9918
9868
9937
9908
9910
9828
9892
9878
9861
9927
9924
9962
9922
9882
9853
9905
9903
9987
9991
9867
9829
9906
9893
9838
9996
9976
9939
9757
9941
9879
9709
9933
9902
9919
9921
9883
9938
9870
9953
9829
9912
9856
9857
9908
9900
9761
9769
9908
9914
9863
9831
9867
9855
9998
9926
9938
9969
9848
9972
9924
9935
9769
9883
9941
9989
9740
9939
9902
9964
9968
9902
9943
9789
9906
9957
9906
9993
9936
9964
9820
9946
9967
9920
9988
9800
9887
9945
9986
9934
9934
9956
9891
9863
9883
9988
9968
9711
9926
9897
9867
9882
9864
9958
9815
9914
9864
9929
9872
9942
9905
9956
9892
9963
9949
9893
9928
9932
9958
9853
9940
9869
9870
10000
9827
9753
9919
9943
9974
9920
9963
9928
9926
9807
9941
9853
9888
9960
9955
9834
9913
9965
9915
9829
9843
9874
9900
9908
9878
9962
9910
9949
9905
9882
9899
9983
9946
9909
9859
9955
9932
9908
9938
9977
9963
9926
9917
9858
9840
9860
9934
9960
9959
9826
9886
9957
9953
9801
9935
9855
9842
9877
9911
9953
9880
9944
9924
9974
9970
9904
9838
9844
9898
9901
9944
9962
9879
9911
9830
9693
9943
9966
9947
9885
9916
9875
9795
9944
9938
9766
9949
9888
9909
9917
9937
9872
9778
9881
9922
9964
9812
9873
9907
9713
9879
9829
9914
9952
9924
9894
9885
9853
9891
9962
9926
9875
9916
9947
9965
9935
9957
9920
9912
9796
9944
9949
9897
9921
9998
9926
9893
9904
9930
9948
9921
9901
9793
9762
9922
9849
9896
9954
9883
9842
9955
9867
9952
9938
9917
9980
9922
9990
9918
9906
9965
9929
9832
9855
9831
9938
9831
9890
9818
9949
9888
9860
9957
9877
9927
9879
9966
9907
9783
9918
9985
9951
9899
9870
9938
9860
9967
9902
9896
9859
9876
9856
9848
9905
9966
9900
9999
9952
9928
9934
9911
9905
9940
9932
9951
9900
9949
9930
9906
9875
9866
9925
9903
9789
9886
9968
9841
9921
9948
9874
9969
9961
9971
9934
9889
9903
9983
9916
9844
9989
9849
9944
9937
9919
9921
9886
9929
9583
9844
9932
9876
9932
9979
9913
9919
9915
9843
9972
9912
9961
9802
9955
9874
9871
9941
9934
9953
9804
9987
9930
9963
9918
9879
9906
9803
9891
9875
9829
9962
9842
9875
9889
9909
9755
9836
9883
9899
9905
9870
9865
9772
9832
9833
9928
9996
9870
9861
9955
9969
9929
9808
9930
9839
9996
9970
9910
9921
9885
9859
9957
9920
9901
9825
9881
9955
9957
9941
9944
9857
9973
9938
9849
9780
9911
9874
9902
9846
9833
9875
9932
9929
9876
9977
9896
9927
9960
9919
9691
9941
9921
9877
9874
9903
9892
9881
9909
9846
9928
9942
9926
9847
9863
9874
9945
9885
9939
9837
9907
9930
9946
9840
9930
9953
9976
9839
9895
9953
9945
9930
9954
9914
9971
9775
9822
9889
9736
9956
9745
9914
9929
9978
9928
9940
9890
9904
9793
9942
9955
9951
9886
9878
9928
9758
9938
9883
9960
9923
9873
9890
9874
9905
9908
9947
9738
9851
9908
9812
9909
9926
9963
9939
9842
9893
9933
9922
9929
9923
9958
9938
9905
9877
9931
9952
9900
9921
9929
9875
9946
9826
9937
9901
9759
9889
9810
9900
9949
9854
9961
9906
9960
9992
9914
9930
9778
9959
9789
9924
9919
9865
9944
9859
9962
9862
9950
9926
9737
9958
9972
9937
9778
9963
9953
9830
9952
9906
9942
9832
9991
9923
9854
9923
9959
9859
9932
9889
9847
9941
9793
9829
9845
9932
9880
9867
9909
9926
9998
9936
9965
9946
9934
9854
9920
9850
9930
9905
9894
9976
9888
9962
9996
9928
9971
9881
9899
9987
9836
9918
9927
9904
9925
9905
9851
9831
9943
9907
9915
9907
9968
9641
9991
9845
9965
9905
9772
9929
9870
9904
9973
9956
9924
9905
9933
9907
9888
9808
9923
9874
9985
9878
9924
9998
9881
9867
9860
9877
9917
9951
9914
9743
9964
9914
9987
9993
9953
9781
9948
9916
9855
9833
9913
9870
9906
9926
9885
9762
9861
9965
9929
9938
9957
9934
9966
9751
9955
9860
9942
9829
9942
9870
9734
9933
9826
9894
9954
9833
9896
9876
9781
9980
9890
9984
9872
9822
9950
9915
9942
9961
9928
9921
9992
9935
9872
9730
9965
9920
9920
9891
9906
9941
9858
9958
9888
9877
9910
9886
9889
9967
9917
9783
9860
9894
9941
9920
9915
9961
9963
9877
9905
9890
9904
9905
9967
9939
9866
9921
9984
9907
9815
9955
9876
9864
9930
9938
9967
9851
9948
9859
9895
9775
9922
9971
9842
9960
9896
9904
9891
9892
9870
9843
9937
9911
9996
9816
9992
9838
9898
9946
9869
9900
9867
9902
9845
9893
9964
9887
9869
9930
9992
9851
9796
9767
9912
9941
9949
9836
9828
9873
9822
9956
9864
9909
9918
9805
9921
9887
9926
9868
9896
9923
9872
9953
9921
9994
9907
9925
9898
9824
9955
9895
9938
9888
9899
9892
9904
9878
9957
9856
9909
9958
9957
9941
9920
9785
9926
9910
9952
9950
9770
9930
9911
9797
9942
9793
9755
9869
9802
9931
9828
9958
9889
9916
9795
9922
