9900
9899
9878
9939
9913
9884
9951
9979
9954
9920
9892
9987
9840
9899
9730
9956
9827
9920
9803
9952
9971
9913
9929
9955
9897
9999
9940
9920
9926
9897
9825
9789
9868
9896
9942
9884
9872
9827
9921
9820
9828
9887
9844
9786
9929
9885
9917
9861
9885
9900
9864
9953
9909
9907
9924
9837
9912
9889
9937
9865
9897
9940
9924
9939
9995
9893
9852
9929
9919
9716
9889
9873
9905
9839
9729
9982
9937
9930
9901
9804
9950
9969
9973
9794
9820
9924
9832
9828
9990
9918
9912
9971
9920
9936
9937
9824
9969
9956
9962
9875
9878
9852
9946
9999
9866
9934
9913
9974
9893
9938
9870
9955
9832
9926
9870
9884
9936
9910
9966
9918
9920
9994
9920
9940
9955
9847
9926
9911
9939
9961
9826
9926
9971
9896
9850
9498
9903
9967
9922
9878
9903
9910
9866
9999
9920
9879
9907
9805
9987
9901
9936
9903
9950
9865
9959
9851
9977
9811
9865
9880
9881
9963
9931
9849
9934
9958
9822
9913
9849
9986
9885
9997
9922
9953
9864
9887
9897
9842
9938
9919
9968
9983
9903
9953
9978
9915
9916
9844
9960
9925
9926
9793
9948
9925
9885
9840
9951
9980
9985
9956
9926
9879
9965
9921
9899
9985
9935
9924
9970
9896
9792
9919
9902
9893
9894
9845
9922
9998
9871
9907
9914
9866
9707
9919
9848
9853
9896
9847
9925
9971
9957
9935
9752
9952
9854
9826
9908
9961
9993
9875
9968
9893
9829
9857
9838
9835
9851
9906
9893
9768
9979
9921
9962
9905
9753
9839
9939
9915
9973
9900
9897
9798
9918
9949
9889
9876
9945
9795
9840
9962
9939
9893
9998
9944
9917
9789
9985
9878
9907
9995
9924
9987
9968
9946
9923
9881
9835
9919
9976
9901
9920
9861
9818
9896
9856
9998
9844
9649
9878
9861
9941
9896
9907
9953
9869
9953
9882
9878
9906
9920
9898
9831
9972
9696
9909
9959
9935
9940
9867
9681
9932
9935
9888
9932
10000
9909
9852
9919
9892
9902
9965
9913
9933
10000
9960
9932
9811
9994
9942
9979
9868
9919
9890
9925
9907
9774
9930
9965
9880
9908
9940
9860
9852
9958
9762
9930
9865
9751
9756
9902
9954
9971
9978
9898
9944
9928
9865
9974
9954
9937
9924
9983
9904
9845
9958
9859
9698
9983
9922
9849
9915
9932
9932
9806
9861
9954
9879
9854
9916
9997
9873
9884
9855
9860
9932
9977
9871
9961
9939
9945
9958
9843
9888
9994
9911
9862
9963
9823
9999
9893
9932
9738
9949
9881
9937
9849
9932
9959
9925
9922
9892
9669
9852
9989
9869
9876
9860
9836
9965
9970
9895
9941
9904
9967
9854
9975
9926
9928
9843
9790
9980
9932
9857
9999
9895
9852
9893
9943
9843
9900
9874
9941
9904
9755
9862
9964
9999
9916
9911
9785
9967
9907
9890
9962
9951
9953
9902
9938
9981
9894
9906
9973
9913
9923
9946
9830
9832
9958
9958
9976
9896
9935
9939
9941
9931
9814
9921
9908
9913
9954
9815
9932
9849
9912
9965
9904
9919
9946
9955
9901
9958
9931
9950
9870
9786
9961
9906
9733
9891
9816
9985
9716
9904
9932
9950
9945
9948
9928
9922
9881
9861
9853
9955
9877
9893
9820
9912
9824
9763
9958
9958
9914
9925
9938
9903
9916
9825
9930
9917
9947
9938
9935
9843
9930
9941
9921
9939
9905
9915
9964
9995
9870
9978
9974
9891
9924
9942
9824
9925
9894
9931
9964
9806
9875
9965
10000
9875
9965
9933
9937
9872
9862
9926
9916
9833
9633
9962
9954
9953
9913
9875
9905
9890
9798
9934
9854
9873
9925
9928
9949
9947
9933
9905
9958
9814
9839
9934
9927
9897
9820
9957
9807
9941
9909
9913
9932
9906
9980
9909
9952
9899
9910
9861
9975
9886
9985
9886
9820
9921
9939
9979
9933
9831
9886
9880
9838
9935
9815
9965
9797
9893
9840
9960
9938
9922
9951
9883
9917
9886
9916
9966
9935
9950
9897
9937
9885
9960
9878
9982
9960
9917
9898
9815
9949
9877
9915
9966
9992
9907
9820
9848
9874
9929
9787
9974
9832
9949
9962
9886
9977
9925
9871
9897
9939
9920
9961
9912
9970
9855
9895
9947
9858
9812
9946
9872
9895
9863
9883
9926
9985
9965
9980
9919
9946
9951
9985
9925
9956
9875
9982
9993
9863
9828
9994
9929
9946
9999
9889
9701
9958
9937
9907
9949
9991
9937
9893
9944
9831
9993
9899
9977
9960
9857
9944
9886
9775
9936
9759
9828
9873
9831
9978
9929
9932
9954
9918
9839
9927
9910
9985
9984
9954
9908
9879
9908
9995
9934
9962
10000
9855
9902
9915
9828
9960
9854
9885
9784
9960
9862
9868
9899
9920
9869
9922
9824
9995
9852
9963
9943
9995
9944
9934
9901
9790
9851
9786
9955
9863
9913
9995
9847
9996
9973
9919
9910
9926
9883
9965
9973
9951
9955
9846
9924
9943
9915
9768
9888
9899
9961
9965
9934
9949
9915
9854
9972
9882
9846
9940
9857
9940
9994
9905
9845
9912
9937
9884
9956
9834
9886
9929
9838
9880
9781
9914
9991
9900
9922
9864
9830
9857
9934
9800
9901
9950
9949
9934
9797
9881
9920
9981
9876
9940
9921
9928
9971
9952
9944
9864
9805
9859
9994
9962
9949
9904
9947
9914
9863
9924
9893
9872
9917
9907
9919
9860
9889
9927
9954
9948
9915
9974
9905
9899
9858
9884
9933
9962
9877
9754
9931
9906
9977
9931
9891
9927
9813
9861
9929
9933
9860
9868
9962
9960
9862
9950
9960
9977
9878
9952
9884
9906
9811
9925
9826
9854
9893
9845
9873
9949
10000
9789
9862
9870
9666
9925
9980
9942
9780
9923
9869
9971
9860
9905
9963
9935
9874
9950
9900
9962
9828
9803
9928
9882
9973
9906
9739
9949
9854
9865
9936
9904
9785
9955
9819
9873
9951
9844
9921
9841
9812
9956
9963
9885
9770
9952
9988
9846
9830
9808
9961
9965
9920
9926
9946
9970
9923
9894
9924
9850
9940
9919
9877
9761
9919
9876
9781
9955
9865
9989
9892
9851
9861
9954
9859
9909
9881
9926
10000
9825
9950
9900
9897
9901
9910
9885
9944
9860
9910
9935
9921
9986
