10000
9825
9890
9897
10000
9939
9999
10000
10000
9999
10000
9934
9833
9913
9899
9874
9934
9899
9914
10000
9946
10000
10000
9901
9963
9887
10000
9881
9875
10000
9987
9998
9771
9780
9744
9950
9851
9807
9929
10000
9699
9870
9931
9997
10000
10000
10000
10000
9840
9887
9964
9929
9861
10000
9934
9961
9718
9814
9901
9860
10000
10000
9844
10000
10000
9935
9931
10000
10000
10000
10000
9901
10000
9932
9897
9933
10000
9666
9955
9948
9853
9996
9899
10000
9883
9931
9858
9908
9985
9808
10000
9930
9899
9942
9861
9897
9936
9787
10000
9931
9909
9927
9886
9869
9897
9964
9941
9856
9904
9915
9966
10000
9957
9915
9938
9843
10000
9886
10000
9852
9991
9933
9846
9940
10000
9952
10000
9915
9829
9943
9896
9915
9999
9923
9981
9950
9854
9866
9869
10000
9883
9822
10000
10000
9910
9997
10000
9921
9942
9964
9894
9708
9980
10000
9859
9892
9899
10000
9912
9929
9913
10000
9898
9768
10000
9912
10000
10000
10000
9835
9952
9939
9891
10000
9883
9830
9955
9917
9973
10000
9889
9949
9916
9772
9846
9737
9895
9885
9977
9910
10000
10000
9999
9914
10000
9999
9936
9925
10000
9992
9877
10000
9967
9972
9904
9996
9892
9953
10000
9981
9864
9865
10000
10000
9922
10000
9929
10000
9934
10000
9938
9869
9925
10000
9922
9866
10000
10000
9867
9878
9873
10000
9897
10000
9911
9837
9919
9960
9814
9875
9999
9882
9892
10000
9999
9968
9890
9935
9999
9989
9866
9941
10000
9924
9865
10000
9791
9926
9997
10000
10000
9928
9862
9997
10000
10000
9818
9951
9998
10000
10000
10000
9860
9826
10000
9910
9957
9860
9828
9908
9924
9902
9916
9892
10000
9904
9973
9832
10000
10000
9894
10000
9924
9903
9913
9882
10000
9850
9961
9896
9948
9997
10000
9904
10000
9973
10000
9997
9889
9999
9964
9917
9843
9850
10000
10000
10000
9864
9764
9955
9881
10000
9867
9944
9875
10000
9950
10000
9801
10000
9952
9772
10000
9945
10000
10000
10000
9853
9950
9994
10000
10000
10000
10000
10000
9804
9815
9982
9958
9990
9901
9992
9958
9959
9931
9952
9999
9907
9962
9967
10000
9930
10000
9978
10000
10000
9870
10000
9862
10000
9807
9917
10000
10000
9987
9871
10000
10000
9946
9927
9937
9906
10000
9905
9964
10000
9853
9886
9869
9925
9934
9918
9885
10000
10000
10000
9953
9722
10000
9715
9999
9874
9949
9901
10000
9999
9864
9999
9943
9901
10000
9926
9831
9931
10000
9928
9944
9898
9978
9932
9808
9881
9879
10000
9871
9968
9878
9644
9987
9818
9999
9910
9913
10000
9953
9853
9981
10000
9913
10000
10000
9919
10000
9963
10000
9796
9907
9873
9941
9956
9804
9937
9998
10000
9951
10000
9888
9903
10000
9860
10000
10000
10000
9878
9882
9932
9915
10000
9992
9870
9989
10000
9940
9958
9893
10000
10000
9935
9905
10000
9812
9929
9823
9762
10000
9703
9875
10000
9812
9968
9890
10000
10000
9838
10000
9858
10000
9918
9999
9944
10000
9968
9810
9820
10000
10000
10000
9964
9957
9980
9932
10000
10000
9933
10000
10000
9973
9947
9992
9863
9914
10000
9999
10000
9869
10000
9921
9945
9913
10000
10000
9967
9946
9850
9965
9858
9818
10000
10000
10000
10000
10000
9845
9827
9905
9917
9943
9960
10000
9928
10000
9849
9919
9994
9999
9922
10000
9960
10000
9886
9963
9852
10000
10000
9972
9926
9819
9861
10000
10000
9918
9959
10000
9910
9933
9868
9947
9966
10000
10000
9870
9937
9956
9896
9896
9789
9933
9985
9998
10000
9968
9905
9820
10000
9894
9886
9915
9812
10000
9970
9952
9879
9999
10000
10000
9937
9989
9997
9911
9867
9790
9944
9994
9861
10000
9912
10000
9929
10000
9787
10000
10000
9990
10000
9999
10000
9845
9874
10000
10000
10000
9999
9934
9995
10000
9917
9919
9999
9887
9867
10000
9874
10000
9923
9855
10000
9942
9871
9997
9924
10000
9773
9701
9680
9980
9936
9903
9862
9987
9908
9898
10000
9891
9830
9920
10000
10000
9989
9972
9783
10000
9965
9958
9949
9934
10000
9849
9965
10000
9855
9771
10000
9924
10000
10000
10000
9895
9984
10000
9967
9885
9984
9862
9899
9941
10000
9848
10000
9880
10000
9945
9960
10000
9991
9946
10000
9908
10000
9869
10000
9990
9882
9884
9898
10000
9788
10000
9869
10000
9932
9874
10000
10000
9844
9952
9922
10000
9840
9914
10000
9987
9723
9888
9980
9921
9955
9990
10000
10000
9922
10000
10000
9922
9970
9907
9711
9962
9901
9939
10000
9999
10000
9982
9899
9999
9851
10000
10000
10000
9913
9989
9895
9948
9900
9805
9966
10000
9734
10000
9930
9973
9951
10000
10000
9950
9925
10000
10000
9998
10000
9885
10000
9913
9974
10000
10000
9863
9984
9841
9786
10000
9934
10000
9673
9785
9899
9970
9920
9925
9889
10000
9795
9917
9820
10000
9789
9960
10000
10000
9879
9930
10000
9923
9886
10000
10000
9910
10000
10000
10000
10000
9922
9926
9986
9791
9843
9877
9891
10000
10000
10000
9960
9952
10000
10000
9924
10000
9867
9855
10000
10000
9925
10000
9984
10000
9999
9987
10000
10000
9895
10000
9893
9930
9999
9874
10000
9969
9836
9963
9933
9999
9896
10000
10000
9959
9847
9804
10000
10000
10000
9800
9885
10000
9946
9884
10000
10000
9883
9902
9923
9942
9915
10000
9876
9817
9870
9977
9944
9867
9902
9882
9836
9970
10000
9869
10000
9883
9939
10000
10000
9929
10000
9894
9881
10000
9880
9962
9865
9999
9977
9923
9930
9961
10000
10000
10000
9931
10000
9841
9996
10000
10000
9929
10000
9961
9862
9954
9887
10000
9915
9978
9910
10000
9942
9915
10000
9998
9834
9870
10000
10000
10000
9972
10000
9950
10000
9916
9897
9869
9810
9948
10000
9950
9950
9907
9780
9968
10000
9932
9932
10000
9946
9903
9957
9999
9990
9990
10000
9972
9911
9958
9887
10000
9885
9843
9938
10000
9925
9870
9851
9942
9943
9919
9867
9862
9911
9868
10000
10000
9999
10000
10000
9924
9906
9906
9936
9925
10000
9920
9911
