9793
9875
9904
9998
9944
9987
9980
9917
9965
9940
9956
9987
9836
9986
9905
9983
9889
9982
9881
10000
9999
9877
9953
9916
9916
9897
9965
9877
9988
9932
9999
10000
9971
9905
9897
9902
9912
9952
9862
9962
9963
9931
9850
9868
9967
9938
9878
9893
9905
9685
9908
9954
9926
9991
9902
9996
9951
9977
9855
9949
9994
9923
9982
9844
9995
9881
9958
9962
9936
9887
9952
9978
9938
9882
9903
9890
9960
9842
9984
9965
9933
9924
9897
9908
9929
9987
9914
9999
9919
9990
9903
9960
9845
9924
9969
9978
9975
9885
9883
9895
9998
9998
9958
9924
9992
9986
9871
9922
9939
9965
9964
9955
9999
9925
9993
9989
9912
9950
9875
9894
9889
9973
9991
9894
9938
9860
9965
9996
9889
9873
9963
9925
9939
9937
9930
9888
9967
9995
9732
9884
9990
9995
9997
9938
9935
9797
9998
9920
9736
9918
9999
9997
9996
9972
9978
9858
9827
9887
9926
9883
9952
9922
9930
9958
9849
9910
9871
9993
9958
9816
9912
9976
9919
9959
9974
9891
9970
9981
9946
9919
9788
9980
9995
9923
9872
9862
10000
9935
9879
9978
9969
9941
9939
9965
9864
9889
9993
9900
9991
9872
9948
9978
9977
9945
9949
9905
9941
9917
9890
9820
9998
9976
9942
9874
9953
9777
9875
10000
9855
9965
9872
9991
9929
9866
9869
9866
9918
9935
9899
9947
9810
9920
9985
9999
9994
9753
9887
9855
9985
9994
9946
9924
9963
9979
9980
9921
9959
9823
9947
9956
9899
9898
9991
9978
9984
9846
9983
9951
9880
9990
9883
9736
10000
9824
9905
9996
9770
9998
9892
9988
9963
9986
9935
9901
9998
9900
9980
9949
9977
9919
9952
9898
9951
9933
9964
9921
9962
9929
9975
9894
9938
9782
9908
9872
9922
9924
9836
9981
9997
9941
9962
9922
9864
9965
9952
9937
9953
9884
9931
9924
9956
9922
9965
10000
9969
9993
9996
9965
9964
9991
9962
9944
9924
9947
9979
9937
9937
9849
9824
9843
9968
9896
9991
9983
9915
9906
9814
9998
9931
9900
9965
9916
9950
9996
9962
9935
9970
9975
9898
9895
9958
9996
9979
9929
9953
9903
9922
9969
9944
9904
9996
9854
9927
9950
9960
9961
9835
9939
9935
9924
9922
9946
9893
9880
9962
9910
9954
9905
9996
9942
9896
9954
9906
9914
9974
9932
9947
9848
9983
9995
9958
9748
9999
9950
9987
9931
9960
9960
9937
9823
9978
9984
9908
9966
9894
9992
9909
9993
9986
9922
9791
9875
9930
9948
9898
9953
9999
9967
9949
9965
9855
9979
9958
9977
9878
9963
9951
9977
9933
9906
9957
9993
9913
9907
9992
9953
9862
9915
9984
9969
9919
9976
9876
9885
9921
9961
9897
9940
9973
9885
9987
9901
9956
9950
9994
9954
9850
9901
9995
9899
9953
10000
9996
10000
9877
9873
9910
9963
9879
9844
9904
10000
9901
9958
9982
9993
9907
9961
9982
9924
9979
9973
9924
9991
9866
9904
9917
9935
9883
9986
9951
9707
9887
9901
9967
9937
9871
9841
9931
9811
9998
9958
9925
9984
9892
9882
10000
9930
9908
9908
9943
9986
9997
9903
9893
10000
9893
9893
9874
9854
9902
9951
9815
9811
9933
9839
9931
9899
9967
9936
9893
9901
9914
9912
9899
9914
9923
9999
9923
9897
10000
9991
10000
9898
9917
9888
9894
9966
9922
9993
9973
9974
10000
9959
9890
9915
9917
9912
9908
9966
9877
9939
9964
9978
9797
10000
9903
9976
9965
9971
9901
9998
9978
9772
9984
9997
9969
9948
9987
9943
9979
9924
9992
9930
9967
9897
9854
9941
9998
9945
9981
9854
9929
9808
9741
9918
9951
9884
9890
9913
9946
9936
9884
9997
9946
9895
9949
9935
9933
9907
9994
9989
10000
9960
9860
9946
9979
9961
9983
9995
9946
9935
9905
9918
9960
9999
9903
10000
9973
9943
9861
9913
9802
9843
9816
9974
9944
9958
9990
9947
9959
9934
9927
9972
9862
9983
9872
9844
9929
9911
9878
9888
9915
9934
9992
9958
9924
9957
9842
9952
9929
9992
10000
9911
9987
9988
9898
9951
9871
9854
9885
9948
9868
9984
9927
9974
9945
9949
9903
9997
9976
9995
9970
9975
9945
9884
9828
9902
9862
9832
10000
9958
9942
9998
9967
9942
9838
9972
9875
9956
9937
9888
9882
9956
9944
9927
9998
9943
9929
9855
9966
9840
9973
9928
9897
10000
9950
9963
9791
9987
9934
9951
9876
9923
9954
9936
9949
10000
9956
9995
9969
9848
9900
9948
9941
9929
9837
9896
9957
9910
9977
9941
9937
9974
9929
9854
9990
9951
9918
9961
9969
9983
9948
9962
9954
9960
9939
9998
9920
9887
9906
9934
9969
9946
9995
9998
9974
9999
9853
9898
9959
9821
9923
9847
9930
9940
9955
9989
9977
9947
9999
9880
9880
9888
9951
10000
9964
9981
9996
9969
9818
9988
9934
9942
9997
9948
9868
9943
9970
9938
9968
9994
9985
9956
9976
9950
9958
9785
9929
9862
9886
9946
9949
9982
9955
9977
9958
9935
9928
9932
9918
9887
9873
9925
9812
9920
9914
9988
9884
9855
9897
9927
9943
9956
9973
9927
9998
9938
9888
9897
9936
9951
9968
9976
9998
9982
9865
9913
9914
9918
9991
9943
9979
9796
9953
9787
9877
10000
9871
9871
9997
9945
9848
9958
9848
9869
9986
9969
9998
9984
9742
9946
9999
9862
9979
9946
9942
9878
9922
9928
9890
9943
9927
9990
9904
9967
9941
9839
9933
9939
9936
9958
9901
9839
10000
9940
9943
9938
9974
9855
9965
9919
9997
9949
9877
9919
9837
9959
9976
9858
9973
9980
9942
9897
9982
9995
9854
9985
9910
9992
9957
9988
9861
9902
9924
9947
9908
9882
9996
9996
9914
9960
9959
9937
9862
9982
9978
9903
9863
9987
9956
9933
9799
9983
9926
9965
9998
9965
9978
9955
9943
9985
10000
9975
9983
9839
9985
9961
9943
9943
9955
9995
9990
9949
9964
9837
9992
9978
9919
9962
9771
9896
9814
9896
9956
9892
9902
9916
9819
9942
9943
9992
9907
9968
9911
9991
9950
9963
9932
9975
9870
9992
9874
9960
9961
9919
9978
9942
9943
9913
