9925
9949
9826
9966
9980
9930
9951
9857
9936
9900
9800
9930
9999
9905
9956
9932
9929
9875
9995
9959
9909
9966
9966
9910
9839
9973
9919
9894
9995
9878
9980
9965
9867
9885
9961
9946
9922
9998
9785
9938
9946
9866
9947
9829
9980
9900
9907
9934
9918
9980
9774
9942
9927
9884
9905
9827
9861
9980
9998
9971
9903
9953
9982
9972
9996
9968
9980
9898
9967
9919
9960
9989
9877
9918
9997
9959
9950
9925
9902
9973
9931
9962
9926
9940
9856
9951
9932
9966
9813
9949
9749
9984
9978
9970
9918
9855
9880
9945
9886
9930
9846
9930
9996
9996
9858
9820
9982
9977
9999
9946
9910
9905
9984
9903
9924
9991
9936
9956
9971
9930
9822
10000
9977
9997
9985
9913
9987
9924
9901
9992
9963
9958
9955
9879
9948
9869
9980
9976
9988
9999
9965
9888
9941
9923
9960
9871
9930
9918
9975
9805
9957
9977
9966
9888
9949
9969
9894
9881
9924
9983
9966
9979
9823
9906
9894
9887
9950
9908
9966
9995
9954
10000
9977
9945
9905
9978
9975
9978
9949
9907
9964
9956
9987
9925
9991
9921
9804
9896
9929
9979
9850
9941
9966
9920
9933
9932
9978
9994
9837
9886
9954
9995
10000
9976
9994
9951
9999
9987
9969
9974
9972
9989
9955
9987
9872
9980
9894
9969
9953
9999
9986
9961
9976
9937
9874
9973
9882
9934
9917
9966
9974
9770
9942
9887
9898
9894
9964
9962
9841
9938
9928
9962
9997
9924
9867
9841
9935
9961
9966
9901
9968
9894
9996
9969
9900
9984
9973
9903
9884
9993
9935
9973
9985
9935
9995
9859
9871
9823
9973
9980
9913
9975
9958
9987
9976
9900
9813
9942
9956
9970
9868
9868
9999
9911
9889
9921
9976
9931
9957
9994
9990
9977
9984
9908
9936
9961
9823
9974
9873
9940
9857
9916
9940
9943
9893
9922
9958
9999
9800
9884
9987
9958
9995
9839
9919
9983
9939
9814
9885
9934
9967
9920
9955
10000
9930
9962
9922
9868
9899
9916
9931
9923
9822
9922
9945
9922
9880
9900
9933
9921
10000
9964
9880
9959
9909
9841
9956
9989
9888
9945
9999
9946
9991
9967
9817
9945
9868
9928
9932
9882
9956
9963
9950
9957
9965
9841
9998
9907
9993
9912
9896
9960
9981
9958
9971
9863
9905
9902
9928
9943
9911
9963
9880
9883
9982
9888
9990
9908
9897
9800
9941
9928
9778
9902
9989
9971
9946
9959
9827
9963
9998
9893
9946
9864
9995
9874
9944
9912
9998
9978
9989
9944
9922
9943
9876
9919
9892
9958
9910
9999
9979
9988
9993
9961
9931
9858
9945
9788
9955
9911
9994
9941
9870
9966
9918
9931
10000
9856
9977
9939
9980
9907
9999
9911
9982
9916
9966
9879
9888
9978
9829
9942
9952
9953
9950
9954
9828
9943
9999
9976
9915
9901
9876
9987
9885
9953
9984
9988
9908
9960
9980
9955
9989
9959
9914
9892
9977
9992
9854
9987
9988
9946
9842
9995
9919
9892
9895
9984
9971
9918
9892
9917
9989
9995
9954
9935
10000
9953
9996
9861
9989
9856
9939
9877
9932
9919
9827
9994
9918
9972
9908
9955
9918
9792
9903
9982
9912
9964
9925
9895
9919
9892
9982
9959
9996
9977
9844
9967
9944
9918
9960
9847
9975
9969
9941
9970
9849
9919
9956
9988
9982
9861
9975
9818
9878
9890
9994
9844
9957
9972
9964
9954
9969
9884
9999
9982
9975
10000
9957
9888
9873
9961
9936
9959
9982
9927
9986
9775
9994
9895
9889
9893
9936
9879
9952
9974
9974
9930
9919
9923
9987
9905
9930
9936
9912
9990
9864
9906
9991
9917
9913
9860
9997
9969
9874
9964
9982
9849
10000
9932
9942
9988
9907
9862
9975
9840
9890
9912
9999
9980
9966
9918
9920
9992
9938
9999
9998
10000
9898
9957
9899
9954
9989
9887
9892
9857
9920
9976
9978
9999
9860
9974
9969
9973
9992
9740
9998
9951
9943
9873
9990
9925
9966
9952
9948
9925
9983
9969
9853
9979
9913
9942
9962
9906
9924
9993
9925
9955
9971
9851
9994
9915
9993
9993
9897
9910
9934
9960
9976
9877
9981
9872
9996
9942
9899
9993
9883
9966
9926
9941
9969
9989
9941
9951
9956
9900
9962
9934
9958
9823
9786
9949
9918
9986
9912
10000
9982
9904
9852
9933
9896
9901
9902
9925
9940
9970
9918
9903
9944
9957
9978
9922
9844
9947
9996
9901
9927
9804
9935
9897
9969
10000
9965
9949
9966
9930
9998
10000
9946
9943
9966
9997
9966
9991
9806
9896
9927
9981
9918
9956
9907
9968
9993
9975
9862
9988
9969
9942
9918
9918
9946
9928
9925
9939
9999
9974
9943
9990
9902
9957
9972
9865
9861
9922
9984
9980
9848
9935
9907
9969
9933
9977
9857
9990
9916
9839
9921
9893
9975
9964
9899
9900
9945
9992
9909
9973
9950
9948
9959
9999
9891
9936
9950
9996
9992
9919
9925
9919
9923
9981
9958
9904
9946
9968
9910
9981
9946
9879
9928
9859
9890
9917
9932
9889
9911
9999
9973
9905
9941
9997
9899
9896
9997
9934
9971
9999
9958
9948
9914
9929
9889
9812
9887
9917
9981
9999
9974
9947
9877
9936
9946
9994
9989
9918
9959
9993
9889
9893
9993
9873
9882
9980
9937
9963
9954
9967
9888
9843
9956
9937
9980
9888
9947
9968
9799
9930
9952
9824
9992
9946
9863
9951
9993
9876
9881
9981
9940
9987
9890
9880
9956
9957
9898
9943
9989
9994
9980
9888
9923
9997
9876
9998
9915
9954
9933
9722
10000
9990
9974
10000
9997
9878
10000
9973
9953
9855
10000
9872
9870
9897
9970
9881
9931
9947
9950
9978
9960
9879
9957
9986
9976
9982
9928
9904
9928
9936
9996
9964
9997
9876
9927
9974
9998
9970
9871
9985
9947
9944
9887
9950
9946
9904
9990
9992
9818
9936
9954
9956
9916
9947
9911
9879
9841
9958
9933
9950
9938
9975
9900
9838
9925
9864
9945
9924
9998
9821
9786
9794
9989
9940
9981
9899
9982
9997
9983
9980
9982
9899
9957
9925
9924
9895
9914
9990
9912
9992
9990
9913
9930
9922
9918
9918
9978
9998
9854
9829
9923
9958
9885
9948
