9867
9852
9955
9958
9943
9858
9886
9965
9891
9857
9970
9899
9878
9964
9952
9938
9861
9879
9957
9954
9931
9941
9866
9837
9954
9924
9842
9928
9910
9740
9922
9889
9885
9839
9903
9945
9910
9910
9928
9835
9962
9861
9922
9867
9853
9892
9944
9887
9903
9923
9986
9948
9911
9937
9931
9939
9907
9887
9882
9879
9900
9919
9968
9905
9836
9923
9868
9767
9853
9951
9929
9770
9889
9947
9968
9879
9978
9957
9781
9945
9916
9983
9889
9938
9959
9900
9899
9920
9965
9953
9940
9916
9883
9902
9978
9970
9933
9914
9931
9920
9942
9906
9975
9943
9917
9972
9888
9865
9860
9887
9852
9927
9826
9927
9958
9898
9939
9913
9999
9851
9928
9938
9970
9919
9772
9927
9841
9949
9978
9798
9888
9791
9995
9839
9926
9830
9859
9971
9957
9969
9962
9894
9909
9892
9898
9896
9866
9952
9874
9889
9932
9810
9938
9977
9931
9973
9924
9885
9884
9925
9967
9911
9827
9915
9944
9911
9940
9862
9982
9863
9903
9976
9926
9902
9902
9950
9929
9844
9862
9984
9958
9871
9899
9962
9944
9923
9922
9953
9901
9960
9880
9943
9860
9873
9864
9932
9903
9842
9982
9930
9911
9985
9961
9945
9837
9926
9964
9999
9886
9935
9965
9899
9919
9929
9996
9924
9972
9856
9814
9943
9945
9945
9919
9931
9944
9947
9870
9894
9900
9897
9936
9985
9917
9920
9873
9839
9918
9838
9991
9908
9900
9970
9943
9905
9944
9908
9889
9901
9896
9769
9943
9911
9934
9966
9903
9889
9947
9924
9934
9879
9904
9968
9941
9856
9952
9950
9937
9986
9864
9951
9888
9877
9990
9845
9995
9865
9874
9937
9836
9889
9799
9912
9859
9890
9926
9826
9929
9985
9926
9902
9870
9947
9867
9934
9934
9976
9851
9912
9917
9948
9961
9849
9908
9879
9883
9915
9907
9823
9895
9955
9943
9884
9990
9904
9952
9841
9947
9802
9922
9892
9851
9920
9988
9885
9866
9942
9922
9846
9990
9974
9927
9836
9899
9826
9879
9856
9733
9898
9922
9971
9715
9954
9953
9940
9964
9914
9912
9920
9920
9914
9892
9903
9934
9928
9894
9866
9944
9910
9910
9966
9946
9845
9974
9862
9816
9904
9861
9760
9944
9978
9938
9969
9951
9796
9886
9926
9913
9904
9885
9932
9894
9986
9854
9885
9807
9904
9914
9871
9911
9865
9931
9972
9881
9949
9919
9868
9840
9981
9922
9927
9911
9878
9961
9961
9892
9895
9927
9900
9948
9869
9921
9874
9942
9716
9966
9969
9947
9945
9819
9874
9909
9786
9972
9880
9891
9910
9961
9893
9964
9951
9992
9893
9921
9906
9996
9844
9912
9812
9901
9911
9870
9780
9946
9929
9904
9963
9973
9914
9860
9975
9893
9947
9942
9980
9875
9877
9935
9771
9923
9931
9939
9942
9875
9927
9842
9941
9930
9792
9934
9950
9806
9926
9734
9885
9861
9942
9931
9879
9893
9932
9813
9828
9928
9940
9960
9877
9852
9899
9850
9914
9936
9681
9855
9922
9945
9827
9968
9948
9984
9910
9837
9969
9841
9966
9660
9924
9962
9999
9956
9959
9954
9836
9906
9839
9879
9911
9846
9938
9815
9930
9975
9948
9963
9926
9996
9884
9946
9826
9855
9894
9997
9936
9860
9933
9959
9904
9990
9961
9873
9919
9940
9915
9892
9970
9992
9763
9922
9951
9924
9975
9900
9911
9897
9984
9939
9853
9763
9858
9979
9925
9908
9977
9928
9825
9853
9897
9764
9966
9967
9919
9834
9938
9925
9899
9803
9906
9826
9866
9959
9833
9909
9963
9904
9878
9858
9867
9895
9933
9922
9932
9865
9825
9956
9927
9891
9979
9781
9869
9801
9925
9954
9894
9961
9948
9948
9825
9891
9923
9894
9995
9942
9867
9881
9986
9951
9922
9871
9957
9829
9978
9961
9952
10000
9941
9818
9896
9948
9917
9900
9857
9881
9780
9816
9778
9943
9904
9927
9949
9908
9861
9875
9856
9938
9954
9925
9978
9905
9886
9860
9879
9876
9885
9921
9865
9885
9918
9968
9926
9960
9965
9815
9776
9996
9976
9877
9849
9837
9942
9856
9987
10000
9929
9940
9871
9908
9975
9939
9992
9880
9936
9858
9930
9951
9834
9886
9867
9918
9972
9933
9908
9888
9876
9955
9897
9885
9969
9744
9814
9858
9936
9878
9889
9965
9887
9891
9884
9906
9935
9889
9808
9810
9885
9937
9940
9977
9918
9965
9950
9951
9913
9946
9989
9848
9949
9949
9878
9943
9947
9835
9996
9935
9884
9834
9867
9877
9916
9957
9917
9991
9888
9858
9970
9936
9913
9757
9948
9834
9898
9855
9700
9893
9868
9928
9799
9670
9836
9837
9735
9958
9758
9947
9888
9900
9914
9951
9884
9963
9950
9924
9936
9968
9878
9848
9889
9977
9875
9913
9967
9869
9895
9840
9935
9945
9909
9904
9867
9913
9951
9941
9925
9955
9840
9969
9966
9898
9939
9943
9920
9858
9882
9999
9900
9915
9969
9911
9935
9912
9980
9909
9850
9822
9879
9955
9923
9980
9906
9874
9925
9958
9833
9745
9950
9979
9891
9908
9949
9929
9839
9879
9906
9910
9938
9899
9898
9875
9831
9814
9909
9982
9782
9892
9858
9917
9988
9956
9885
9871
9857
9950
9875
9900
9655
9957
9859
9939
9844
9957
9926
9932
9967
9837
9970
9967
9954
9904
9866
9908
9966
9929
9979
9824
9932
9889
9933
9892
9812
9953
9971
9823
9809
9907
9896
9910
9950
9940
9935
9912
9945
9993
10000
9989
9884
9890
9887
9919
9910
9847
9898
9845
9966
9901
9879
9874
9879
9814
9976
9860
9831
9966
9980
9811
9954
9853
9914
9926
9797
9956
9825
9955
9965
9804
9885
9976
9843
9952
9923
9870
9892
9759
9684
9899
9851
9860
9863
9889
9979
9964
9945
9905
9961
9884
9858
9899
9914
9886
9913
9970
9909
9856
9799
9887
9936
9917
9978
9975
9885
9933
9901
9891
9967
9949
9913
9863
9947
9818
9982
9877
9939
9934
9926
9860
9939
9926
9912
9949
9894
9835
9906
9889
9949
9883
9867
9931
9929
9956
9945
9901
9987
9900
9963
9850
9840
9907
9867
9912
9951
9860
9991
9988
9913
