9987
9960
9979
9997
9918
9974
9958
9988
9999
9998
9991
9995
9998
9996
9996
9996
9992
9986
10000
9975
9969
9990
9991
9999
9975
9984
9986
9983
9941
9991
9947
9990
9991
10000
9940
9999
9990
9918
9996
9990
9968
10000
9907
9930
9969
9896
9961
9869
9948
10000
9984
9981
9986
9990
9995
9987
9990
9995
9973
9979
9918
9956
9997
9969
9976
9987
10000
9993
9975
9988
9939
9985
9961
9991
9996
9996
9992
9969
9980
9994
9985
9985
9993
10000
9958
9994
9983
10000
9999
9996
9980
9996
9980
10000
9988
10000
9993
9999
9981
9964
10000
9994
9987
9999
9963
9984
9998
9914
9988
9996
9987
9949
9996
9971
9982
9949
9998
9994
9953
10000
9999
9936
9998
9991
9979
9993
9998
9876
9919
9998
9997
9946
10000
9953
9999
9995
9984
9995
9976
9986
9994
10000
9978
9989
9999
9995
9999
9997
9998
9992
9999
9996
9999
9937
9993
10000
9997
9983
9930
9969
9975
9999
9983
9984
9965
9987
9975
9984
10000
9996
9999
10000
9983
9980
10000
9989
9984
9999
9891
9951
9987
9972
9967
9997
9997
10000
9999
9988
9986
9981
9986
9988
9960
9971
10000
9984
9984
9967
9965
9998
9838
9976
9995
9994
9997
9978
9973
9987
9970
9998
9998
9991
9900
9993
9959
9994
9987
9985
9998
9997
9995
9937
9998
9990
9897
9997
9992
10000
9973
9964
9976
9978
9977
9999
9966
9999
9990
9996
10000
9976
9977
9997
9980
10000
9946
9977
9995
9991
9963
9959
9998
9986
9947
9999
9999
9989
9969
9992
9964
9996
10000
9986
9980
10000
9991
10000
9988
10000
9896
9974
9999
9976
9886
9965
9959
9988
9864
9936
9989
9993
9993
9990
9912
10000
9963
9973
9972
9985
9973
9999
9999
9969
9980
9999
9971
9925
10000
10000
9970
9950
9993
9853
9999
9989
10000
9961
9917
9988
9987
9979
9977
9961
9983
10000
9963
9992
9977
9926
9937
10000
9999
9997
9968
9998
10000
10000
9985
9951
10000
9986
10000
9992
10000
9993
9914
9987
9977
9994
9965
9913
9906
9994
9954
9897
9948
10000
9991
9941
9959
9996
9900
9980
9995
9973
9961
9966
9977
9909
9994
9997
9965
9995
9991
9999
9993
9986
9998
9988
9996
10000
9989
9990
9988
10000
9997
9994
10000
9993
9994
9816
9951
9998
9984
10000
9999
9981
9979
9980
9945
9957
9979
9981
9986
9997
9977
9951
9962
9979
9997
9998
9998
9983
9950
9980
9979
9949
10000
9993
9983
9994
9993
10000
9979
9982
9999
10000
9998
9945
9991
9993
10000
10000
9999
9988
9992
10000
9996
9983
9924
9833
10000
10000
9995
9999
9994
9932
9980
9990
9999
9930
9957
9926
9972
9995
9969
10000
9990
9964
10000
9964
9886
9987
9997
9937
9998
9999
9956
9992
10000
9998
9992
9989
10000
9966
9994
9954
9998
9936
9945
9930
9989
9997
9940
9999
9991
9999
9964
9989
9992
9992
10000
9890
10000
9965
9928
9987
9995
9965
9998
9979
10000
9986
9993
9944
10000
9994
9998
9905
9984
9958
10000
9982
10000
9986
9999
9986
10000
9991
9995
9998
9998
9968
10000
9976
10000
9999
9994
9984
9996
9980
9943
9997
9978
9960
9991
9972
9997
9952
9999
9987
10000
9996
9955
9999
9947
9998
9991
9999
9992
9915
10000
9977
9976
9969
9984
9980
9997
9882
9998
10000
9990
9980
9926
9961
9995
9981
9982
9912
9980
9991
9999
9991
9995
9928
9966
10000
9919
9988
9933
9959
9992
9989
9962
9986
9991
9995
9994
9997
9976
9995
9993
9999
9997
9981
10000
9999
9999
9991
9992
10000
9994
9987
9999
9996
9912
9942
9935
9977
9999
9996
9981
10000
9973
10000
9983
9978
9884
9995
9998
9997
9994
9958
9968
9940
9998
9966
9984
9983
9988
9997
9984
10000
10000
9982
9999
9984
9990
9995
9990
9995
9914
10000
9992
9982
9994
9999
9996
9997
9998
9939
9986
9999
9996
9999
9962
9990
9999
9909
9998
9910
9992
10000
9995
9994
10000
9997
10000
9935
9997
9990
9979
9971
9993
9983
9989
9995
9999
9998
9933
10000
9991
9997
9983
9968
9992
9998
9998
10000
9959
9897
9990
9992
10000
9997
10000
9997
9919
9998
9997
9977
9992
10000
10000
9990
10000
9981
9958
9990
9975
9999
9997
9988
10000
9990
9996
9996
9945
9962
9865
9984
9999
9989
9943
9994
10000
9957
9919
9994
9984
10000
9997
9978
10000
9996
9994
9998
9996
9994
9999
9994
9997
9927
9992
9978
9967
9983
9909
9996
9999
10000
9838
9991
9995
9984
9980
9983
9969
9987
9998
9981
9988
9963
9999
9964
9996
9929
10000
9979
9926
9897
9998
9972
9999
9978
10000
9957
10000
9969
9940
9996
10000
9942
9976
9998
10000
9967
9998
9999
10000
9986
9998
10000
9997
9944
9984
9998
9961
9921
9992
9997
9996
10000
9994
10000
9998
9988
9976
9916
9998
9969
9974
9996
9941
9995
9971
9980
9959
10000
10000
9995
9991
9991
9992
9971
9998
9998
9991
9955
10000
9935
9999
9874
9971
9991
9987
9995
9999
9949
9979
9951
10000
9999
9962
9918
9998
9943
10000
9919
9941
9911
9987
9990
9990
9997
9863
9976
9936
9984
9976
9997
9977
9987
9923
10000
9987
9991
9984
9981
9955
9981
10000
9995
9992
9965
9996
9987
9993
9977
9956
9906
9970
9989
9999
9999
9993
9993
9994
10000
9988
9992
10000
9996
9946
10000
9910
9994
9997
9922
9979
9998
9941
9983
10000
9982
9802
10000
9998
9999
9939
10000
9935
10000
9982
9988
9995
9997
9994
9988
9941
9974
10000
9952
9965
9977
9983
9987
9943
9999
9960
10000
9964
9970
9957
9959
9986
9879
9925
9996
9969
9976
10000
9989
9981
9990
9993
10000
9972
9999
9999
9983
9992
10000
9993
9896
9992
10000
9995
9988
9959
9999
9950
9997
10000
9968
9919
10000
9989
9995
9993
9977
9995
9946
9973
9997
9995
9868
10000
9951
9993
10000
10000
9997
9982
9962
9934
9935
9996
9964
9980
9998
9993
10000
9962
9982
9994
9986
9988
9995
9985
9981
9983
9929
9995
9981
9992
9999
9989
10000
9995
9951
