9911
9916
9991
9870
9997
9908
9889
9779
9987
9915
9929
9919
9966
9936
9985
9871
9853
9874
9800
9990
9901
9866
9849
9897
9933
9899
9844
9930
9835
9928
9906
9953
9924
9990
9848
9960
9877
10000
9949
9812
9815
9898
9941
9931
9882
9934
9866
9939
9928
9968
9939
9860
9953
9856
9951
9906
9826
9848
9835
9944
9962
9977
9979
9909
9887
9935
9816
9972
9907
9950
9977
9875
9860
9951
9915
9989
9857
9845
9977
9978
9821
9941
9924
9929
9942
9853
9914
9953
9902
9953
9819
9938
9796
9828
9909
9890
9902
9905
9995
9971
9930
9627
9866
9931
9919
9992
9854
9943
9896
9963
9724
9938
9951
9918
9953
9905
9957
9933
9877
9913
9873
9932
9972
9952
9985
9918
9874
9943
9918
9887
9807
9788
9996
9971
9912
9952
9898
9992
9878
9936
9860
9866
9870
9889
9966
9933
9865
9994
9920
9980
9964
9961
9896
9839
9833
9929
9906
9824
9970
9849
9921
9838
9953
9976
9970
9843
9909
9802
9842
9882
9724
9952
9878
9930
9944
9928
9917
9904
9864
9786
9891
9878
9892
9941
9928
9887
9924
9920
9900
9916
9928
9851
9947
9906
9883
9807
9940
9846
9952
9927
9899
9974
9939
9780
9843
9870
9817
9852
9973
9979
9825
9867
9816
9934
9850
9924
9967
9821
9896
9928
9890
9911
9889
9898
9963
9851
9922
9957
9921
9923
9870
9943
9934
9902
9913
9900
9878
9860
9943
9851
9955
9926
9913
9877
9911
9913
9995
9939
9861
9936
9971
9944
9854
9878
9936
9865
9981
9933
9918
9981
9814
9860
9959
9946
9957
9927
9947
9879
9764
9914
9964
9868
9957
9850
9788
9926
9931
9899
9881
9889
9853
9886
9964
9839
9979
9882
9875
9835
9915
9989
9977
9860
9878
9951
9759
9798
9938
9864
9984
9882
9765
9881
9991
9916
9880
9983
9788
9854
9893
9972
9862
9931
9841
9955
9913
9908
9849
9928
9940
9977
9878
9875
9872
9874
9957
9897
9907
9942
9902
9948
9938
9867
9974
9935
9934
9956
9837
9937
9819
9976
9914
9917
9899
9907
9924
9932
9957
9849
9894
9913
9956
9876
9963
9898
9928
9826
9868
9876
9919
9924
9975
9968
9807
9795
9792
9962
9828
9796
9812
9906
9918
9935
9909
9913
9913
9990
9961
9939
9895
9875
9987
9940
9889
9870
9869
9850
9967
9960
9817
9976
9976
9899
9919
9907
9827
9928
9820
9928
9907
9767
9957
9893
9840
9813
9936
9954
9861
9924
9922
9983
9974
9787
9940
9932
9893
9974
9872
9917
9897
9958
9899
9869
9937
9887
9864
9891
9967
9905
9908
9954
9955
9891
9922
9979
9941
9939
9947
9876
9872
9878
9959
9941
9846
9890
9941
9909
9973
9966
9912
9909
9948
9947
9906
9858
9889
9905
9902
9912
9919
9989
9862
9917
9953
9733
9973
9938
9922
9872
9972
9882
9959
9959
9770
9937
9886
9899
9875
9887
9937
9907
9898
9919
9883
9855
9889
9871
9965
9915
9945
9975
9868
9916
9977
9908
9911
9885
9886
9838
9899
9866
9964
9978
9894
9872
9990
9931
9916
9930
9846
9944
9916
9933
9978
9969
9875
9935
9938
9997
9973
9953
9919
9949
9913
9906
9924
9938
9963
9930
9942
9993
9842
9916
9897
9931
9823
9898
9983
9891
9953
9915
10000
9954
9717
9890
9973
9981
9954
9767
9930
9889
9921
9910
9936
9963
9866
9897
9868
9936
9825
9913
9977
9879
9908
9978
9923
9936
9835
9993
9912
9948
9886
9983
9930
9883
9812
9880
9888
9947
9851
9919
9833
9998
9928
9886
9929
9934
9869
9959
9957
9876
9920
9802
9906
9867
9961
9923
9940
9902
9853
9996
9857
9975
9854
9894
9744
9774
9932
9949
9961
9892
9870
9966
9902
9896
9830
9997
9916
9953
9961
9955
9882
9908
9897
9857
9833
9925
9803
9788
9904
9833
9774
9809
9912
9920
9954
9920
9792
9787
9958
9905
9884
9879
9925
10000
9957
9935
9924
9925
9850
9937
9807
9851
9950
9925
9931
9839
9923
9993
9911
9903
9906
9994
9921
9895
9957
9860
9934
9892
9919
9920
9942
9928
9922
9968
9850
9952
9855
9924
9921
9930
9964
9889
9947
9911
9892
9962
9959
9920
9951
9862
9987
9953
9905
9887
9908
9922
9888
9882
9880
9893
9981
9978
9886
9845
9958
9931
9896
9929
9906
9834
9872
9977
9957
9932
9920
9886
9926
9876
9961
9861
9844
9812
9927
9901
9870
9896
9958
9988
9903
9867
9935
9857
9797
9985
9978
9945
9826
9943
9918
9921
9947
9932
9821
9786
9943
9827
9943
9911
9997
9952
9987
9873
9932
9973
9873
9826
9908
9986
9852
9855
9883
10000
9856
9845
9976
9979
9941
9810
9943
9905
9944
9879
9798
9955
9928
9891
9921
9954
9759
9924
9995
9821
9799
9892
9998
9912
9869
9742
9887
9786
9953
9874
9994
9963
9873
9920
9864
9973
9839
9940
9985
9841
9816
9965
9967
9962
9928
9777
9969
9806
9868
9921
9878
9959
9999
9928
9965
9966
9927
9907
9915
9923
9906
9965
9904
9889
9911
9991
9988
9940
9862
9896
9727
9909
9899
9899
9935
9919
9840
9867
9891
9834
9976
9861
9967
9934
9899
9912
9916
9912
9871
9965
9942
9921
9938
9776
9859
9906
9927
9921
9887
9913
9889
9887
9916
9853
9908
9954
9853
9879
9952
9959
9998
9881
9897
9956
10000
9851
9913
9902
9870
9853
9955
9986
9874
9815
9997
9890
9926
9951
9886
9906
9891
9907
9929
9810
9970
9873
9954
9921
9970
9964
9908
10000
9965
9916
9826
9983
9781
9853
9906
9892
9937
9940
9907
9914
9944
9918
9981
9988
9891
9894
9809
9637
9929
9935
9912
9956
9875
9937
9872
9944
9978
9905
9951
9853
9993
9905
9944
9815
9916
9871
9964
9920
9850
9849
9936
9907
9883
9893
9922
9964
9924
9916
9998
9832
9991
9927
9710
9701
9935
9895
9779
9856
9940
9912
9950
9797
9952
9880
9921
9947
9864
9867
9932
9881
9914
9898
9859
9992
9879
9909
9944
9862
9876
9934
9982
9949
9895
9971
9915
9846
9971
9915
9931
9805
9929
9932
9903
9896
