9930
9921
9831
9896
9907
9825
9859
9902
9875
9980
9989
9883
9856
9927
9864
9977
9910
9937
9978
9917
9874
9842
9917
9942
9957
9790
9910
9967
9964
9944
9954
9978
9868
9933
9979
9949
9839
9844
9963
9893
9810
9874
9907
9914
9862
9911
9696
9981
9919
9805
9908
9849
9835
9926
9941
9901
9978
9855
9937
9724
9941
9897
9894
9806
9946
9957
9961
9941
9903
9906
9935
9934
9989
9925
9959
9936
9860
9964
9963
9981
9908
9910
9940
9949
9859
9922
9937
9923
9909
9941
9746
9893
9899
9898
9996
9899
9948
9809
9871
9831
9956
9870
9917
9895
9956
9843
9840
9860
9916
9911
9992
9880
9940
9839
9929
9900
9964
9925
9983
9968
9931
9889
9923
9954
9906
9878
9904
9981
9956
9795
9853
9946
9933
9913
9874
9892
9941
9959
9924
9883
9952
9938
9847
9901
9968
9882
9950
9944
9927
9919
9790
9993
9911
9909
9905
9966
9975
9871
9856
9971
9924
9972
9905
9860
9949
9958
9737
9964
9987
9921
9892
9888
9960
9932
9963
9889
9933
9963
9991
9921
9960
9940
9900
9925
9953
9962
9884
9959
9838
9909
9900
9870
9870
9933
9879
9926
9904
9946
9936
9935
9818
9798
9930
9920
9848
9906
9868
9971
9848
9843
9850
9844
9905
9915
9792
9721
9953
9757
9899
9922
9896
9911
9988
9933
9911
9784
9868
9921
9891
9837
9910
9897
9947
9963
9926
9727
9933
9836
9901
9960
9831
9937
9850
9831
9995
9944
9962
9999
9908
9940
9892
9894
9922
9902
9865
9941
9874
9913
9912
9960
9867
9943
9835
9903
9920
9916
9776
9898
9938
9976
9855
9732
9803
9938
9853
9983
9843
9862
9885
9995
9999
9855
9802
9922
9904
9944
9908
9891
9967
9867
9828
9837
9949
9943
9988
9879
9957
9913
9863
9871
9893
9920
9922
9928
9998
9921
9894
9936
9880
9902
9952
9777
9907
9918
9927
9937
9914
9923
9904
9960
9992
9971
9889
9950
9916
9956
9939
9968
9939
9785
9929
9940
9932
9895
9921
9846
9925
9863
9957
9992
9902
9913
9912
9873
9985
9928
9926
9948
9936
9933
9954
9843
9844
9908
9993
9956
9947
9916
9951
9965
9987
9867
9975
9950
9926
9866
9813
9959
9920
9969
9939
9961
9926
9929
9975
9953
9905
9756
9896
9931
9881
9973
9935
9972
9930
9910
9981
9910
9884
9910
9936
9837
9888
9894
9923
9887
9803
9902
9950
9868
9932
9841
9999
9928
9811
9911
9902
9924
9945
9895
9922
9761
9890
9918
9961
9981
9969
9937
9981
9887
9855
9955
9952
9801
9791
9919
9999
9919
9931
9921
9943
9917
9876
9854
9870
9968
9806
9965
9948
9898
9819
9971
9864
9917
9901
9931
9816
9902
9894
9961
9862
9902
9889
9819
9939
9846
9700
9929
9968
9982
9848
9974
9856
9766
9921
9934
9893
9941
9854
9671
9936
9923
9945
9944
9945
9899
9931
9928
9948
9923
9924
9852
9957
9831
9926
9943
9961
9925
9875
9963
9866
9937
9869
9980
9929
9938
9873
9969
9927
9860
9829
9925
9839
9905
9909
9853
9915
9855
9865
9951
9892
9805
9816
9805
9885
9927
9921
9997
9891
9928
9814
9878
9948
9860
9841
9919
9935
9878
9999
9670
9710
9908
9895
9956
9963
9971
9894
9897
9962
9841
9780
9916
9898
9913
9942
9891
9904
9892
9946
9890
9917
9928
9874
9962
9895
9889
9975
9894
9937
9906
9935
9936
9774
9974
9857
9967
9907
9919
9953
9974
10000
9860
9921
9777
9794
9907
9877
9761
9827
9909
9859
9903
9871
9956
9887
9947
9934
9901
9918
9906
9951
9959
9959
9966
9725
9912
9953
9891
9811
9966
9867
9908
9999
9839
9919
9856
9783
9905
9905
9875
9868
9914
9916
9886
9860
9751
9923
9876
9950
9898
9924
9878
9931
9909
9760
9924
9974
9934
9857
9896
9932
9971
9910
9925
9915
9885
9804
9952
9965
9961
9874
9783
9980
9885
9846
9893
9873
9952
9865
9985
9947
9771
9780
9853
9887
9909
9911
9602
9918
9991
9904
9813
9914
9885
9917
9985
9913
9961
9900
9915
9986
9910
9872
9935
9898
9856
9944
9657
9924
9943
9924
9906
9947
9968
9905
9786
9913
9834
9937
9957
9801
9820
9921
9801
9845
9884
9771
9872
9891
9852
9751
9734
9914
9915
9914
9766
9850
9869
9880
9937
9932
9998
9880
9850
9924
9808
9907
9956
9939
9975
9912
9884
9846
9928
9868
9885
9915
9944
9904
9946
9906
9943
9899
9908
9910
9979
9866
9906
9873
9925
9875
9850
9869
9860
9865
9878
9896
9857
9885
9889
9986
9842
9932
9928
9875
9949
9895
9867
9726
9952
9993
9900
9870
9909
9930
9968
9967
9943
9846
9966
9897
9997
9974
9877
9923
9926
9956
9926
9898
9980
9872
9881
9893
9911
9887
9935
9871
9909
9921
9970
9964
9734
9800
9934
9916
9838
9948
9948
9842
9903
9786
9899
9911
9894
9934
9936
9917
9921
9885
9951
9948
9787
9918
9943
9929
9965
9710
9910
9889
9891
9845
9943
9861
9972
9789
9976
9895
9852
9825
9975
9872
9951
9959
9976
9878
9954
9927
9953
9862
9885
9822
9864
9976
9894
9877
9926
9952
9917
9910
9872
9910
9880
9949
9910
9948
9887
9924
9965
9921
9955
9912
9879
9951
9942
9927
9819
9964
9951
9972
9928
9970
9847
9874
9873
9843
9900
9923
9796
9885
9922
9873
9903
9985
9947
9961
9924
9900
9911
9934
9934
9880
9912
9854
9889
9830
9833
9955
9912
9909
9926
9928
9906
9895
9931
9901
9997
9939
9963
9916
9956
9934
9920
9938
9879
9882
9907
9952
9893
9852
9877
9892
9845
9818
9937
9907
9893
9961
9953
9992
9898
9863
9830
9905
9953
9899
9754
9925
9923
9794
9972
9911
9820
9871
9906
9930
9875
9942
9821
9959
9986
9923
9868
9986
9922
9867
9827
9942
9920
9863
9905
9797
9902
9784
9900
9945
9901
9829
9857
9913
9913
9799
9889
9942
9948
9827
9876
9814
9803
9933
9885
9880
9940
9974
9877
9870
9821
9843
9868
9935
9957
9967
9899
9895
9975
9913
9958
9914
9936
9860
9896
