9958
9912
9973
9996
9897
9883
9888
9849
9885
9999
9919
9903
9963
9819
9835
9965
9937
9855
9886
9860
9903
9825
9998
9914
9907
9941
9951
9908
9950
9991
9936
9897
9937
9986
9849
9881
9971
9949
9883
9953
9907
9861
9945
9962
9967
9939
9915
9917
9902
9870
9955
9903
9944
9845
9892
9953
9878
9913
9848
9843
9925
9907
9935
9967
9866
9883
9997
9947
9873
9928
9769
9860
9853
9862
9858
9970
9979
9925
9863
9883
9914
9925
10000
9891
9870
9772
9942
9940
9868
9846
9917
9927
9862
9952
9804
9908
9922
9899
9882
9919
9941
9854
9890
9954
9919
9919
9705
9916
9939
9806
9952
9945
9824
9986
9963
9879
9978
9906
9863
9960
9829
9962
9942
9869
9931
9859
9873
9923
9904
9988
9876
9949
9907
9859
9950
9897
9910
9828
9886
9803
9923
9903
9898
9998
9870
9902
9867
9956
9885
9936
9996
9920
9888
9961
9881
9877
9939
9849
9929
9709
9923
9799
9917
9906
9958
9892
9996
9914
9881
9937
9931
9898
9953
9957
9950
9875
9880
9846
9824
9879
9757
9806
9946
9847
9917
9770
9986
9952
9948
9965
9851
9918
9952
9985
9959
9919
9914
9965
9863
9927
9831
9906
9898
9928
9935
9920
9925
9793
9996
9890
9896
9875
9963
9926
9836
9926
9932
9973
9851
9908
9904
9942
9809
9909
9878
9948
9877
9927
9871
9946
9908
9886
9892
9961
9755
9862
9925
9980
9942
9786
9978
9838
9905
9937
9973
9957
9924
9911
9969
9959
9883
9852
9983
9933
9853
9818
9944
9990
9942
9899
9984
9831
9932
9911
9964
9919
9911
9952
9966
9829
9886
9944
9999
9905
9891
9900
9902
9922
9917
9900
9970
9818
9900
9928
9865
9889
9802
9966
9911
9912
9767
9952
9924
9851
9750
9906
9983
9847
9953
9943
9954
9945
9929
9876
9750
9832
9926
9977
9916
9742
9991
9947
9937
9921
9955
9886
9903
9989
9996
9964
9943
9835
9926
9941
9971
9938
9903
9895
9866
9918
9942
9883
9934
9962
9896
9845
9903
9975
9954
9971
9843
9889
9949
9893
9996
9945
9891
9945
9933
9872
9926
9968
9890
9829
9885
9948
9972
9951
9922
9940
9987
9918
9924
9948
9888
9765
9919
9903
9945
9834
9945
9951
9936
9913
9955
9860
9979
9968
9947
9960
9891
9962
9812
9956
9987
9846
9938
9920
9923
9914
9865
9951
9893
9912
9919
9944
9876
9635
9853
9948
9886
9916
9919
9917
9918
9816
9856
9880
9893
9869
9974
9908
9950
9929
9927
9960
9845
9924
9919
9918
9939
9949
9970
9969
9891
9981
9925
9956
9781
9977
9997
9873
9882
9926
9835
9937
9900
9900
9876
9960
9960
9810
9905
9927
9976
9882
9907
9913
9945
9910
9936
9900
9829
9937
9957
9873
9919
9775
9930
9965
9855
9848
9865
9966
9951
9922
9957
9953
9904
9869
9921
9923
9910
9856
9859
9922
9861
9961
9874
9940
9921
9901
9985
9880
9905
9902
9928
9923
9959
9973
9878
9884
9984
9952
9919
9924
9922
9899
9829
9869
9944
9895
9986
9867
9909
9975
9878
9943
9938
9985
9923
9955
9924
9892
9951
9844
9977
9985
9914
9843
9767
9885
9975
9961
9882
9743
9837
9925
9938
9949
9845
9853
9909
9951
9709
9922
9879
9847
9948
9922
9946
9897
9912
9849
9847
9895
9924
9983
9993
9867
9927
9692
9896
9814
9906
9959
9902
9938
9927
9909
9935
9952
9803
9870
9920
9894
9988
9837
9929
9784
9788
9955
9882
9809
9954
9928
9928
9862
9883
9858
9782
9881
9937
9998
9932
9951
9877
9903
9953
9847
9841
9989
9895
9975
9893
9973
9885
9872
9940
9929
9922
9935
9948
9900
9910
9906
9848
9901
9927
9990
9966
9924
9908
9904
9891
9829
9800
9875
9923
9833
9905
9943
9997
9958
9922
9946
9974
9957
9962
9937
9798
9944
9892
9909
9856
9751
9922
9983
9887
9921
9908
9937
9949
9934
9867
9873
9911
9917
9889
9894
9805
9749
9977
9890
9836
9857
9823
9800
9921
9981
9920
9904
9934
9944
9952
9948
9887
9978
9949
9972
9958
9838
9931
9929
9873
9787
9906
9944
9880
9835
9935
9877
9945
9888
9921
9974
9995
9963
9909
9888
9878
9875
9950
9919
9814
9960
9919
9908
9899
9985
9946
9877
9999
9912
9852
9878
9926
9930
9805
9947
9784
9911
9963
9868
9876
9894
9873
9919
9952
9971
9943
9869
9914
9917
9900
9844
9885
9939
9864
9813
9910
9918
9952
9888
9936
9949
9863
9955
9887
9796
9924
9995
9985
9928
9894
9857
9798
9922
9935
9902
9855
9886
9979
9953
9940
9889
9868
9949
9931
9821
9894
9854
9950
9867
9980
9874
9898
9846
9798
9932
9925
9929
9887
9994
9899
9982
9906
9947
9906
9934
9816
9835
9929
9948
9943
9907
9848
9868
9896
9980
9924
9998
9957
9906
9881
9997
9891
9853
9923
9873
9855
9896
10000
9835
9840
9956
9995
9896
9859
9976
9828
9860
9931
9907
9904
9904
9904
9975
9902
9888
9957
9871
9933
9926
9916
9949
9957
9944
9999
9765
9826
9953
9931
9942
9851
9810
9952
9948
9858
9844
9832
9902
9844
9809
9883
9988
9934
9951
9632
9970
9850
9818
9884
9858
9830
9994
9804
9819
9957
9929
9907
9942
9953
9968
9825
9864
9905
9992
9928
9870
9738
9947
9988
9858
9841
9943
9929
9922
9916
9992
9947
9910
9936
9943
9805
9832
9931
9809
9878
9935
9841
9905
9925
9895
9852
9964
9998
9900
9885
9799
9904
9859
9956
9891
9806
9947
9964
9902
9923
9888
9946
9878
9939
9783
9937
9891
9934
9864
9814
9921
9827
9911
9958
9962
9902
9991
9894
9955
9888
9957
9923
9911
9892
9918
9973
9941
9932
9797
9881
9985
9844
9889
9935
9974
9859
9884
9892
9944
9863
9914
9991
9820
9916
9900
9917
9941
9878
9951
9884
9928
9923
9955
9953
9961
9869
9978
9967
9996
9922
9896
9929
9981
9871
9812
9889
9921
9907
9884
9896
9997
9937
9891
9907
9885
9922
9978
9892
9926
9905
9746
9955
9798
9896
9926
9903
9990
9993
9938
9949
9891
