9784
9964
9057
9309
9964
10000
10000
10000
8866
9972
10000
9207
10000
9653
10000
9856
9823
9856
10000
10000
9000
9885
9705
9970
9871
10000
9983
10000
10000
9292
10000
9553
9979
10000
9169
9842
9854
9012
9686
9645
9663
9931
9875
10000
9937
9550
10000
9684
10000
9891
9729
9960
9797
9773
9674
9862
9800
9494
8793
9705
8980
10000
9868
9460
9910
9800
9291
9591
9555
9643
10000
10000
9631
9351
9673
10000
10000
9636
9943
10000
9727
10000
9863
9309
9913
9703
9660
9832
9573
8979
9918
10000
10000
10000
10000
10000
9396
10000
10000
9916
9191
9941
9633
9257
9959
10000
9922
9910
9439
10000
9199
9885
10000
9297
9388
9898
9970
10000
9664
9412
9965
9475
10000
9926
10000
9738
9525
9792
9557
9470
10000
9544
9842
9507
9407
9764
9810
9478
9686
9829
8771
9897
10000
9858
9146
8932
9412
9048
9617
9317
9808
10000
9831
9948
9704
8817
9208
10000
10000
9254
10000
9771
9803
9858
10000
9923
10000
10000
9160
10000
9840
10000
8833
9498
9862
8521
9886
9038
9868
10000
10000
9933
9560
10000
9622
10000
10000
10000
9899
9855
9673
10000
10000
10000
10000
9985
9818
10000
10000
9383
10000
9346
9606
9855
9918
10000
9688
9357
9892
9818
10000
10000
9078
9848
10000
9898
9772
8617
9489
9378
9905
9859
10000
9391
9827
9599
9766
9657
9948
9994
10000
9639
10000
9952
9282
9519
9791
9415
9116
9880
9551
9504
9557
10000
9059
9771
9822
10000
9847
9781
9886
10000
10000
10000
8782
9368
9804
9012
9859
10000
10000
10000
8883
10000
9877
9666
10000
9604
9648
9741
9340
9205
10000
9646
9914
8848
10000
8973
10000
9978
9935
9667
10000
9955
9055
10000
9987
9303
9521
10000
10000
9022
9797
9543
9484
10000
9890
9468
9325
9782
9661
8956
9790
9789
10000
10000
9351
10000
9665
10000
9635
9756
9680
10000
10000
10000
10000
9828
9787
9826
9135
9004
9949
9934
10000
9594
9814
9023
9679
9825
9763
10000
9209
9709
9955
9878
9600
9528
10000
8830
10000
10000
9677
10000
9815
9503
8884
9861
9703
9442
10000
9746
9985
9725
10000
9931
10000
9469
9823
9664
9819
10000
9521
9798
9840
9307
9555
10000
9974
9114
10000
8977
8867
9710
9956
9771
10000
9482
10000
10000
10000
9911
9935
9786
9245
9286
10000
9724
10000
9575
10000
9304
9629
9906
10000
9862
10000
9685
10000
9574
9802
10000
9996
9695
9709
9862
9597
9923
10000
10000
9859
10000
9651
9747
9865
9616
10000
9726
9626
10000
9568
9734
8189
9692
10000
10000
9842
9957
10000
10000
9337
8964
10000
9688
9769
9334
9751
9096
9173
10000
9610
9159
9200
10000
10000
9779
9557
10000
8423
9933
9756
8538
9623
10000
10000
10000
8854
10000
9721
9927
9867
9409
9703
9875
9859
10000
9787
9863
9234
9560
9792
9953
9386
9906
9697
9911
10000
9146
9739
9376
9966
10000
10000
10000
10000
9731
10000
9407
9940
9608
9277
9055
10000
9453
9429
10000
10000
9797
9828
9413
8902
9351
8920
10000
9211
10000
9558
9590
9796
9834
9866
9531
9587
9929
10000
9133
9315
9673
9877
9933
10000
8628
9624
10000
9527
10000
10000
8684
9984
10000
8742
9741
10000
9791
9963
10000
10000
9832
9242
9848
9889
9568
9272
9780
9599
9880
9387
10000
9884
10000
9025
9364
10000
10000
9600
9521
8893
9929
8907
10000
9569
9265
9845
9685
9740
9389
10000
9393
10000
8605
9744
9933
9871
9953
9400
10000
9616
10000
9192
9963
10000
9542
9822
8826
10000
9354
9677
9753
9614
9690
9522
9970
9689
10000
9260
9773
9927
10000
8963
10000
9952
9346
9377
9293
10000
10000
9813
10000
10000
9695
9608
8927
10000
10000
9730
10000
9872
10000
9188
9902
10000
10000
10000
9666
10000
10000
10000
9727
9904
9220
9833
9853
9980
9462
10000
9864
9579
10000
10000
10000
10000
8971
9974
8933
9683
9921
10000
9830
8782
10000
10000
9824
8580
9465
9855
10000
10000
9679
9653
9749
10000
10000
9914
9899
9321
9771
9000
9631
9003
8689
10000
9143
10000
10000
9847
9961
9531
9782
10000
9963
9437
9735
9724
9289
9784
9926
9683
10000
9729
8960
10000
9824
10000
9539
9871
9811
10000
9665
9700
9915
9286
10000
10000
10000
9801
10000
8876
9856
10000
10000
10000
9414
9692
9292
9984
9999
9484
9816
9781
9750
9924
10000
9863
10000
9033
9907
10000
10000
9818
9879
9386
10000
10000
9846
10000
9855
9631
9772
9403
10000
9518
9652
9833
8889
9977
9527
9917
9846
9834
9959
9910
9915
9843
10000
9619
9114
10000
10000
8645
9671
9364
9875
9778
9319
10000
10000
9470
9560
9990
9747
10000
10000
9181
9746
9944
9443
9810
9103
9870
9528
10000
9746
10000
9706
10000
10000
9523
9368
10000
9394
9209
8968
9639
10000
10000
9512
9868
9939
10000
9958
9866
9869
9512
10000
10000
9454
10000
9419
10000
10000
9540
9775
10000
9831
10000
10000
9933
9381
9845
9823
9577
10000
9884
9436
9525
8894
9933
9990
10000
9968
9770
10000
9429
10000
10000
9809
9243
9738
9607
10000
9955
9815
9456
8940
10000
9498
9821
9760
9111
10000
10000
9023
9669
9965
9703
10000
10000
8646
9859
9643
9419
9947
9984
8628
9829
9428
9960
9968
9379
9566
10000
9284
9867
9053
9220
9899
9473
10000
10000
10000
9326
10000
9711
9997
9369
10000
9781
9859
9824
8895
10000
9925
9920
9910
9088
9749
9552
9356
9341
9525
10000
10000
10000
9079
10000
10000
10000
10000
9743
8981
8907
9740
8917
9896
9736
10000
9956
9993
9958
9634
9708
9601
9192
9675
9928
10000
9938
9441
8797
9884
10000
9833
10000
9118
9253
9433
9848
9284
9978
10000
9840
9900
8613
10000
9382
9597
9599
9891
9939
9976
9555
10000
9516
9828
9501
10000
8758
8219
9212
9967
9787
9688
9686
10000
10000
9862
10000
9179
9579
9181
9499
8763
9751
9993
8997
9864
10000
10000
9661
10000
9672
9795
9829
9850
9770
9172
10000
9629
8923
9946
9822
9286
9778
10000
9747
9813
8871
9919
9572
10000
