9893
9918
9945
9962
9951
9886
9844
9934
9863
9974
9975
9963
9923
9957
9913
10000
9957
9957
9844
9922
9985
9867
9736
9917
9952
9883
9950
9961
9888
9824
9870
9951
9911
9901
9903
9898
9952
9883
9951
9934
9871
9825
9966
9932
9945
9962
9869
9912
9831
9946
9990
9899
9866
9926
9954
9843
9931
9892
9882
9832
9881
9966
9923
9949
9948
9851
9845
9898
9650
9881
9814
9903
9919
9915
9999
9942
9982
9918
9911
9905
9983
9888
9941
9887
9902
9851
9895
9803
9865
9935
9975
9950
9953
9864
9841
9718
9799
9901
9928
9894
9893
9941
9907
9962
9854
9999
9929
9994
9815
9908
9963
9869
9894
9887
9854
9863
9849
9938
9955
9815
9915
9942
9908
9957
9861
9932
9886
9863
9984
9960
9956
9850
9947
9927
9845
9910
9871
9935
9896
9836
9868
9913
9783
9833
9910
9947
9911
9856
9917
9799
9916
9709
9947
9946
9973
9839
9912
9893
9897
9902
9874
9962
9955
9894
9927
9954
9913
9904
9714
9891
9964
9887
9890
9953
9926
9849
9836
9980
9885
9753
9889
9893
9822
9910
9870
9918
9962
9892
9896
9965
9937
9911
9946
9873
9895
9872
9946
9924
9761
9812
9879
9752
9894
9880
9874
9903
9882
9955
9828
9889
9847
9992
9893
9884
9937
9927
9914
9829
9927
9800
9822
9847
9958
9852
9942
9927
9936
9948
9763
9970
9939
9902
9895
9897
9911
9970
9879
9939
9904
9883
9962
9916
9886
9947
9901
10000
9893
9836
9980
9916
9912
9763
9873
9881
9928
9950
9837
9833
9912
9937
9930
9858
9926
9935
9874
9841
9972
9964
9939
9867
9916
9802
9932
9855
9815
9936
9885
9867
9792
9904
9891
9990
9961
9872
9817
9998
9920
9971
9919
9910
9948
9951
9880
9988
9926
9925
9923
9939
9978
9792
9961
9982
9988
9899
9915
9861
9931
9876
9762
9892
9930
9894
9888
9984
9917
9977
9883
9949
9887
9964
9902
9927
9881
9901
9888
9941
9894
9830
9869
9830
9935
9946
9859
9894
9819
9934
9767
9903
9883
9851
9944
9927
9949
9925
9937
9964
9969
9898
9915
9882
9945
9985
9800
9952
9875
9935
9830
9867
9997
9885
9938
9949
9973
9968
9812
9863
9918
9936
9965
9916
9919
9839
9943
9988
9909
9942
9960
9937
9930
9940
9891
9964
9810
9915
9965
9917
9957
9823
9870
9892
9997
9967
9892
9960
9773
9878
9866
9910
9840
9972
9871
9947
9858
9844
9901
9926
9778
9924
9923
9839
9890
9862
9976
9941
9919
9874
9921
9918
9937
9926
9840
9874
9988
9954
9919
9930
9913
9914
9883
9873
9900
9924
9872
9914
9923
9812
9884
9813
9951
9906
9911
9928
9979
9926
9857
9932
9815
9988
9738
9914
9785
9910
9885
9859
9948
9676
9926
9923
9868
9923
9886
9850
9904
9935
9908
9914
9973
9925
9902
9915
9910
9793
9995
9964
9985
9953
9866
9869
9868
9925
9944
9954
10000
9859
9882
9729
9903
9972
9903
9941
9916
9931
9855
9923
9963
9890
9818
9947
9711
9934
9845
9939
9919
9897
9926
9950
9969
9939
9929
9873
9889
9902
9850
9935
9920
9988
9809
9978
9963
9918
9958
9870
9981
9951
9942
9992
9909
9897
9945
9977
9949
9903
9871
9867
9910
10000
9958
9952
9805
9933
9938
9907
9982
9951
9843
9761
9905
9932
9914
9915
9796
9826
9883
9979
9915
9966
9647
9910
9961
9886
9936
9907
9747
9953
9866
9931
9918
9917
9918
9968
9873
9962
9897
9888
9893
9996
9893
9895
9898
9868
9961
9838
9877
9828
9871
9924
9838
9851
9974
9966
9927
9973
9870
9766
9814
9950
9941
9914
9916
9929
9867
9934
9877
9788
9997
9970
9883
9896
9960
9995
9909
9835
9980
9963
9912
9945
9932
9798
9953
9947
9894
9884
9818
9842
9903
9885
9875
9909
9968
9922
9888
9879
9882
9751
9919
9928
9808
9905
9917
9958
9998
9896
9984
9953
9911
9947
9896
9884
9944
9881
9836
9790
9923
9937
9982
9886
9929
9831
9912
9789
9952
9976
9939
9928
9957
9861
9886
9956
9907
9979
9934
9984
9736
9966
9997
9887
9920
9871
9884
9849
9886
9951
9974
9936
9887
9964
9823
9857
9953
9900
9941
9889
9950
9860
9918
9837
9958
9905
9916
9966
9690
9955
9964
9924
9982
9863
9915
9936
9907
9914
9908
9859
9922
9907
9827
9963
9949
9955
9897
9935
9901
9919
9900
9981
9873
9840
9869
9871
9999
9909
9932
9923
9936
9968
9846
9843
9873
9803
9944
9991
9827
9909
9909
9902
9824
9935
9921
9926
9975
9772
9885
9885
9873
9954
9878
9946
9882
9887
9886
9896
9946
9898
9978
9963
9901
9985
9922
9906
9901
9920
9897
9932
9838
10000
9867
9823
9870
10000
9881
9874
9923
9862
10000
9800
9962
9929
9825
9880
9938
9847
9871
9830
9910
9890
9908
9945
9874
9903
9843
9870
9713
9898
9924
9790
9990
9834
9935
9897
9965
9963
9956
9872
9956
9983
9883
9849
9981
9835
9965
9908
9876
9910
9921
9963
9964
9906
9923
9890
9863
9916
9928
9986
9975
9884
9973
9865
9997
9911
9888
9908
9937
9863
9799
9976
9892
9872
9745
9875
9907
9980
9727
9910
9900
9835
9846
9996
9927
9936
9937
9911
9884
9913
9922
9955
9979
9971
9962
9863
9940
9979
9831
10000
9979
9781
9859
9846
9948
9937
9999
9960
9900
9866
9999
9884
9912
9903
9799
9898
9883
9791
9839
9930
9812
9873
9968
9947
9881
9869
9847
9812
9970
9866
9837
9860
9928
9932
9914
9958
9937
9983
9947
9961
9916
9913
9820
9919
9908
9958
9936
9944
9902
9912
9938
9876
9999
9971
9892
9819
9927
9952
9930
9824
9913
9965
9891
9934
9920
9930
9894
9926
9874
9855
9940
9933
9914
9914
9879
9852
9835
9952
9763
9999
9907
9970
9769
9954
9821
9959
9998
9900
9923
9903
9862
9923
9947
9902
9918
9854
9876
9923
9883
9965
9833
9871
9954
9963
9892
9944
9919
9947
9905
9973
9955
9862
9871
9998
9865
9891
9990
9949
9937
9936
9819
9963
9891
9926
9957
9883
9887
9818
