9892
9846
9973
9840
9912
9945
9845
9842
9918
9917
10000
9927
9934
9942
9928
9966
9923
9953
9856
9977
9888
9871
9894
9907
9871
9977
9977
9941
9906
9891
9939
9920
9898
9996
9903
9882
9978
9894
9937
9895
9928
9914
9902
9911
9836
9916
9937
9925
9849
9860
9789
9939
9968
9822
9909
9955
9904
9934
9962
9938
9847
9878
9912
9804
9834
9939
9919
9905
9896
9936
9952
9955
9808
9852
9880
9926
9905
9958
9885
9876
9893
9957
9802
9866
9915
9911
9908
9943
9797
9930
9975
9949
9889
9900
9941
9936
9835
9797
9908
9744
9946
9959
9923
9939
9869
9901
9824
9968
9932
9795
9765
9883
9938
9814
9946
9898
9678
9935
9903
9885
9818
9897
9924
9808
9907
9924
9903
9939
9843
9922
9950
9885
9864
9809
9928
9877
9848
9970
9966
9914
9955
9976
9880
9871
9914
9880
9933
9839
9942
9895
9894
9957
9876
9792
9896
9672
9919
9858
9830
9947
9896
9937
9926
9998
9911
9898
9997
9944
9873
9853
9889
9914
9856
9952
9815
9913
9981
9919
9952
9893
9904
9891
9953
9937
9890
9954
9923
9944
9834
9912
9930
9875
9967
9931
9955
9905
9880
9998
9988
9906
9922
9898
9834
9874
9982
9803
9882
9928
9924
9945
9947
9915
9911
9911
9862
9951
9930
9929
9805
9913
9788
9878
9982
9837
9859
9950
9952
9984
9906
9947
9930
9995
9851
9931
9932
9779
9996
9817
9966
9949
10000
9929
9952
9858
9931
9897
9809
9927
9822
9936
9935
9921
9924
9902
9956
9944
9922
9831
9973
9897
9921
9860
9989
9820
9905
9878
9931
9828
9925
9941
9938
9953
9976
9957
9857
9932
9887
9916
9893
9911
9919
9948
9882
9899
9922
9720
9912
9924
9892
9826
9978
9885
9987
9907
9829
9934
9931
9885
9916
9936
9945
9922
9874
9882
9960
9925
9850
9919
9866
9932
9875
9857
9813
9933
9897
9899
9974
9757
9866
9943
9922
9880
9957
9881
9945
9837
9838
9851
9930
9810
9934
9954
9802
9818
9857
9904
9955
9909
9976
9981
9944
9796
9909
9972
9911
9874
9962
9836
9976
9926
9888
9945
9932
9861
9942
9973
9933
9943
9967
9843
9695
9944
9920
9926
9879
9866
9912
9923
9887
9892
9886
9938
9934
9885
9780
9887
9956
9875
9959
9844
9877
9893
9903
9909
9919
9892
9739
9865
9901
9956
9751
9858
9922
9925
9905
9931
9936
9859
9792
9880
9895
9901
9950
9954
9963
9850
9883
9982
9888
9945
9905
9943
9884
9916
9792
9786
9882
9781
9945
9957
9904
9779
9911
9935
9960
9980
9828
9906
9837
9882
9873
9997
9839
9862
9888
9967
9979
9851
9871
9914
9969
9954
9944
9896
9914
9858
9869
9956
9917
9897
9887
9928
9809
9990
9903
9893
9957
9967
9904
9935
9930
9942
9984
9867
9860
9951
9933
9951
9904
9900
9982
9876
9858
9847
9938
9683
9884
9880
9958
9968
9933
9960
9815
9858
9999
9785
9987
9802
9908
9841
9887
9794
9911
9932
9878
9967
9941
9901
9851
9852
9853
9968
9890
9894
9951
9831
9864
9869
9843
9783
9864
9960
9903
9972
9906
9904
9942
9901
9712
9864
9893
9923
9891
9913
9906
9936
9901
9659
9956
9913
9854
9959
9815
9918
9937
9863
9954
9926
9973
9936
9876
9963
9844
9909
9866
9985
9979
9954
9838
9928
9938
9912
9914
9960
9862
9914
9843
9931
9893
9888
9693
9896
9963
9778
9956
9959
9936
9820
9925
9954
9918
9943
9932
9829
9979
9906
9934
9744
9904
9966
9848
9970
9925
9918
9973
9914
9896
9852
9801
9875
10000
9956
9913
9899
9974
9967
9883
9827
9876
9917
9919
9886
9995
9930
9891
9938
9905
9927
9940
9942
9861
9849
9978
9885
9954
9892
9992
9856
9961
9846
9803
9957
9954
9950
9970
9965
9909
9977
9935
9946
9890
9924
9936
9898
9889
9867
9881
9927
9961
9957
9939
9892
9946
9930
9778
9866
9914
9889
9868
9947
9901
9998
9842
9928
9933
9838
9829
9973
9969
9992
9932
9899
9924
9854
9933
9919
9978
9936
9927
9867
9973
9815
9949
9967
9978
9908
9877
9926
9851
9863
9865
9944
9896
9911
9890
9926
9933
9945
9913
9856
9866
9837
9941
9970
9925
9948
9951
9948
9925
9942
9971
9956
9955
9803
9688
9940
9797
9870
9973
9993
9911
9851
9826
9895
9985
9826
9931
9830
9807
9923
9874
9861
9856
9790
9880
9952
9872
9800
9928
9856
9962
9941
9897
9967
9860
9932
9875
9901
9957
9806
9890
9862
9879
9975
9904
9931
9806
9935
9827
9943
10000
9950
9878
9964
9979
9967
9929
9976
9886
9922
9922
9881
9833
9906
9911
9978
9815
9920
9954
9865
9900
9973
9873
9833
9983
9892
9965
9893
9947
9906
9922
9896
9859
9877
9843
9793
9928
9820
10000
9790
9873
9866
9892
9920
9907
9962
9804
9829
9917
9928
9883
9881
9959
9944
9753
9862
9916
9963
9885
9925
9909
9954
9803
9954
9967
9835
9885
9837
9785
9963
9875
9936
9903
9946
9854
9989
9960
9951
9943
9933
9972
9880
9795
9952
9946
9941
9883
9894
9885
9953
9865
9886
9881
9925
9878
9900
9910
9945
9900
9852
9828
9961
9970
9745
9868
9950
9988
9877
9951
9892
9947
9849
9875
9927
9950
9860
9949
9875
9891
9933
9904
9875
9924
9941
9893
9870
9934
9819
9921
9932
9813
9935
9829
9903
9931
9899
9814
9966
9922
9883
9894
9896
9831
9817
9833
9817
9930
9874
9892
9948
9877
9968
9832
9808
9858
9956
9874
9852
9868
9860
9922
9988
9836
9860
9847
9976
9996
9917
9935
9933
9901
9890
9861
9881
9914
9903
9899
9951
9952
9881
9858
9897
9918
9967
9888
9958
9904
9889
9956
9813
9949
9959
9974
9879
9776
9853
9986
9925
9950
9920
9832
9802
9879
9790
9930
9936
9993
9956
9867
9892
9951
9959
9811
9937
9954
9811
9962
9935
9871
9844
9904
9902
9943
9997
9845
9911
9867
9845
9945
9773
9930
9845
9742
9919
9848
9925
9925
9948
9850
9882
9809
9908
9945
9990
9794
9947
9893
9935
9922
9942
