9708
9864
9856
9925
9913
9883
9915
9974
10000
9902
9936
9896
9927
9955
9838
9930
9954
10000
9955
9928
9976
9895
9871
9915
9959
9884
9919
9745
9935
9953
9925
9916
9868
9878
9918
9923
9953
9822
9932
9978
9959
9935
9856
9890
9955
9933
9939
9911
9833
9884
9857
9914
9957
9893
9875
9935
10000
9959
9888
9856
9913
9950
9931
9922
9997
9894
9885
9884
9885
9996
9848
9896
9923
9894
9928
9942
9841
9869
9970
9859
9930
9869
9980
9910
9937
9846
9879
9888
9839
9996
9902
9882
9899
9791
9958
9770
9832
9984
9956
9737
9924
9880
9938
9875
9844
9832
9897
9980
9936
9995
9956
9822
9935
9871
9910
9981
10000
9816
9798
9920
9923
9918
9903
9941
9983
9808
9954
9849
9958
9818
9835
9949
9968
9869
9957
9938
9969
9899
9824
9982
9890
9835
9881
9884
9935
9908
9845
9873
9926
9906
9947
10000
9893
9988
9966
9996
9934
9889
9964
9999
9797
9828
9883
9992
9923
9893
9910
9905
9891
9908
9988
9905
9894
9949
9938
9944
9920
9993
9943
9881
9961
9937
9875
9977
9776
9779
9905
9867
9958
9932
9801
9854
9936
9955
9908
9897
9816
9950
9921
9900
9864
9854
9894
9842
9850
9846
9965
9809
9898
9927
9938
9812
9849
9829
9949
9897
10000
9882
9937
9990
9827
9883
9995
9922
9976
9963
9958
9923
9896
9975
9918
9935
9889
9927
9924
9862
9912
9865
9904
9805
9851
9959
9930
9818
9959
9873
9813
9979
9933
9856
9969
9968
9886
9939
9901
9898
9904
9917
9919
9830
9874
9759
9979
9899
9877
9940
9926
9955
9875
9931
9980
9982
9817
9935
9968
9951
9886
9791
9999
9884
9890
9958
9973
9831
9910
9959
9913
9861
9865
9846
9996
9705
9908
9974
9807
9969
9926
9937
9827
9880
9974
9963
9848
9987
9984
10000
9893
9767
9895
9950
9960
9994
9889
9955
9997
9953
9924
9898
9924
9991
9922
9796
9879
9949
9919
9927
9926
9822
9911
9885
9949
9880
9891
9628
9855
9909
9841
9917
9918
9922
9844
9935
9898
9785
9910
9998
9897
9944
9946
9908
9961
9927
9975
9891
9979
9998
9925
9883
9808
9968
9775
9841
9934
9868
9907
9917
9807
9958
9802
9893
9888
9947
9795
9799
9793
9913
9945
9872
9948
9918
9857
9918
9997
9990
9798
9828
9960
9907
9916
9747
9973
9932
9953
9998
9889
10000
9964
9821
9858
9902
9979
9815
9940
9834
9951
9953
9851
9970
9890
9759
9926
9981
9960
9974
9926
9916
9879
9934
9711
9880
9812
9825
9889
9932
9992
9904
9939
9845
9899
9903
10000
9999
9934
9870
9969
9879
9894
9921
9954
9948
9906
9948
10000
9915
9903
9921
9911
9920
9961
9926
9858
9858
9991
9882
9909
9947
9875
9894
9962
9736
9865
9952
9895
9914
9878
9774
9922
9795
9888
9920
9869
9948
9977
9862
9968
9744
9944
9850
9749
9886
9891
9930
9899
9887
9991
9887
9906
9928
9976
9884
9856
9935
9731
9856
9985
9934
9938
9899
9987
9998
9864
9977
9874
9754
9963
9990
9867
9918
9948
9849
9945
9942
9967
9949
9983
9883
9900
9888
9982
9982
9894
9955
9819
9990
9894
9959
9967
9896
9921
9906
9938
9848
9749
9943
9796
9909
9994
9916
9984
9965
9830
9939
9743
9947
9944
9853
9940
9937
9881
9911
9899
9844
9895
9879
9813
9923
9974
9954
9916
9942
9917
9902
9952
9794
9890
9772
9948
9906
9895
9979
9921
9887
9904
9970
9900
9949
9864
9899
9999
9989
9955
9935
9945
9783
9817
9971
9959
9871
9894
9813
9959
9971
9944
9994
9853
9884
9965
9797
10000
9868
9700
9967
9768
9913
9811
9827
9908
9738
9835
9842
9899
9999
9951
9883
9945
9894
9791
9855
9890
9906
9958
9862
9971
9902
9930
9993
9879
9962
9890
9787
9987
9924
9875
9944
9891
9935
9928
9901
9906
9895
9883
9909
9987
9864
9903
9950
9924
9913
9875
9936
9808
9883
9924
9827
9793
9846
9945
9992
9954
9913
9771
9869
9928
9857
9923
9979
9914
9910
9953
9796
9742
9970
9911
9850
9855
9819
9882
9872
9932
10000
9941
9998
9982
9802
9877
9937
9953
9840
9946
9844
9908
9891
9958
9922
9851
9960
9999
9878
9939
9892
9894
9999
9900
9876
9944
9855
9971
9869
9993
9930
9852
9810
9958
9948
9868
9870
9949
9873
9834
9901
9941
9882
9919
9939
9872
9856
9919
9925
9928
9871
9893
9955
9966
9880
9908
9978
9916
9927
9850
9942
9966
9902
9990
9969
9933
9947
9913
9880
9873
9845
9861
9943
9893
9894
9966
9824
9941
9897
9914
9921
9896
9942
9768
9831
9744
9939
9987
9905
9959
9970
9883
9915
9701
9922
9983
9807
9971
9947
9823
9925
9870
9943
9988
9999
9878
9912
9853
9828
9808
9896
9972
9934
9863
9881
9899
9836
9941
9948
10000
9949
9891
9968
9991
9953
9969
9934
9984
9939
9882
9831
9906
9855
9794
9798
9997
9832
9865
9877
9913
10000
9998
9956
9875
9909
9961
9867
9936
9923
9998
9954
9880
9915
9701
9783
9967
9946
9879
9856
9924
9957
10000
9936
9952
9749
9909
9865
9966
9960
9871
9919
9921
9964
9930
9952
9913
9939
9840
9854
9892
9896
9902
9824
9951
9933
9908
9984
9980
9883
9886
9876
9940
9930
9877
9893
9901
9969
9926
9902
9913
9913
9710
10000
9901
9917
9937
9950
9887
9791
9713
9673
9837
9859
9859
9952
9954
9971
9994
9875
9929
9841
9846
9830
10000
9991
9824
9926
9885
9871
9998
9846
9866
9881
9872
9946
9926
9905
9885
9951
9828
9982
9876
9982
9931
9775
9980
9715
9934
9824
9965
9938
9902
9971
9954
9754
9882
9906
9838
9971
9921
9878
9896
9792
9916
9928
9854
10000
9918
9893
9876
9914
9933
9866
9967
9910
9872
9971
9953
9879
9936
9933
9928
9890
9852
9880
9986
9910
9872
9912
9995
9867
9923
9801
9919
10000
9970
9978
9798
9941
9874
9943
10000
9936
9999
9991
9765
9970
9945
9894
9809
9859
9837
9963
9845
9903
9874
9894
9791
9891
9859
9940
