10000
9829
9938
9997
9933
9840
9903
9990
9983
10000
9848
9968
9974
9922
9999
10000
10000
9998
10000
9977
9998
9822
9815
9899
9995
9898
9999
9909
9931
9940
9945
10000
9947
9915
9965
9984
9973
9986
9996
10000
10000
10000
9766
9956
9804
9974
9900
9974
10000
9997
9830
9827
9943
9929
9999
9992
9980
9882
9916
9858
10000
9887
9907
9842
9899
10000
9878
9898
9987
10000
9955
10000
9996
9924
9947
9887
9913
9962
9869
10000
10000
9799
9990
9998
9999
9925
9850
9995
10000
9880
10000
10000
10000
9832
9997
9992
9998
9961
9766
9995
9956
9986
9965
9775
9850
9761
9891
9908
9885
9898
9933
9998
9840
9996
9941
9929
10000
9938
9906
9999
9927
10000
9940
10000
9866
9892
9927
10000
9990
9952
9854
9923
9988
10000
9897
9895
9984
10000
9882
10000
9978
9820
9967
9941
9974
10000
9901
9853
9930
9956
9945
9950
10000
9966
9898
9852
9935
9910
9988
9999
9900
9869
9853
10000
9896
9978
10000
10000
9984
9845
10000
9903
9897
9987
9997
9864
9990
9888
9919
9989
9896
10000
9901
9901
10000
9801
9882
9996
9881
9984
9921
9901
9891
9922
9888
9999
9945
9911
10000
9840
9941
9886
10000
9830
9994
9835
9916
9889
9885
9912
9821
9825
9967
9884
9910
9812
9983
10000
9940
9760
10000
9975
9963
9922
10000
9875
10000
9944
9982
9985
9990
10000
9935
9814
9938
9798
10000
9998
9852
9737
9977
9977
9879
9903
9996
9893
9874
9690
9965
9903
9870
9999
10000
9953
9911
9960
10000
10000
9896
9999
10000
9944
9921
9994
10000
9902
9834
9921
9977
9998
9998
9817
9894
10000
9873
10000
9964
10000
9998
9908
10000
9836
9970
10000
10000
9901
10000
10000
9939
9897
9986
9874
9909
10000
9915
9915
9798
10000
9952
9964
10000
10000
9826
10000
9951
9900
9735
9975
9998
9890
9899
9862
10000
10000
9921
9908
9984
9986
9947
10000
9936
9909
10000
9965
9909
9850
9925
9943
9849
9941
9912
10000
9999
9793
9995
9993
9849
9887
9967
9895
9883
10000
9941
9851
9961
9902
9999
10000
9850
9930
10000
9914
9665
9936
10000
9915
9999
9928
9846
9822
10000
10000
9986
9932
9919
9999
9946
9887
9916
10000
10000
9937
10000
9895
9915
9882
9994
9984
9943
9893
9869
10000
10000
9928
9930
9998
10000
9944
10000
9862
9769
9909
9867
9768
10000
9935
10000
10000
9994
9997
9957
9887
10000
9861
10000
10000
10000
9952
9907
10000
10000
9866
9885
9997
9696
10000
9899
9962
9978
9899
9983
10000
9998
9930
10000
9890
10000
9896
9898
10000
9813
10000
9856
9858
9904
9907
9790
9937
9967
9930
10000
9995
9904
9962
9934
9936
9890
9900
9999
9920
9912
9972
10000
9590
9825
9867
9969
9998
9949
9902
9999
10000
9839
10000
9919
10000
9998
9924
9956
10000
10000
9990
9994
9726
10000
10000
9830
9992
9926
9820
9881
9816
10000
9866
9999
9820
10000
9926
9986
9878
9879
10000
9744
9999
9905
10000
9814
10000
10000
9943
9941
9864
9998
9923
9869
9885
9996
9736
9814
9905
10000
9990
10000
9933
9738
10000
10000
9913
9999
9811
9991
9907
9816
9890
9998
9868
9823
10000
10000
10000
9977
9986
9789
10000
9879
9964
9735
9930
9954
9999
9977
9962
9998
10000
9925
9827
9958
10000
9929
9867
9885
9878
9887
10000
9952
9885
9892
9980
9870
9975
9917
9864
9921
9994
9909
9960
10000
9888
9984
9946
9926
9943
9946
9978
9942
9736
10000
9998
9992
9999
9986
9945
9950
9818
10000
9786
9923
9831
10000
10000
9923
9844
9870
9803
9986
9996
9999
9843
9928
9898
9842
9870
9855
9874
10000
9946
10000
9850
9963
9971
9959
9881
9913
9847
9854
9946
9924
10000
9987
9925
9925
10000
9932
9892
10000
10000
9855
9865
10000
9955
9952
9999
10000
9860
9986
9831
9964
9885
9991
9866
9999
9988
10000
9907
10000
9896
10000
10000
9897
9887
9887
9905
9915
9999
9945
9855
10000
9907
10000
9985
10000
9945
10000
9835
9976
10000
9826
10000
9886
9964
10000
9776
9999
10000
10000
9980
9969
10000
9921
9912
9898
9995
9906
9951
9991
9890
10000
9877
9880
9965
10000
9931
9894
9932
9918
9999
10000
9974
9842
9925
9902
9941
9914
9700
9874
9875
9903
9948
9993
10000
9953
9825
9975
9892
9925
9871
9768
9911
9853
9997
9842
9993
9946
9869
9922
9886
9943
9929
9843
9997
9967
9972
10000
9943
9987
9998
9996
9968
9976
9909
10000
10000
9998
9985
9967
10000
9891
9970
10000
9759
9941
10000
9910
9944
10000
10000
9936
10000
10000
9831
9972
9749
9889
9996
9749
9924
9862
9854
9975
9854
9852
9914
9900
9919
9852
9885
9999
9856
9815
9918
10000
9931
9833
9843
9992
9799
10000
10000
9872
10000
9928
9922
9946
10000
9875
10000
9943
9862
9839
9999
9886
9947
9852
10000
9935
9969
9920
9970
9869
9993
9915
10000
10000
9886
9994
9906
9917
10000
9965
10000
9859
9831
10000
10000
10000
9925
9889
9921
9942
9946
9751
9994
9846
9781
9986
10000
10000
10000
9866
9990
9968
9985
10000
10000
9938
9836
9945
9912
9949
9976
9784
9917
9983
9866
9994
9916
10000
9996
9956
9987
9829
9997
9831
9838
10000
9835
10000
9942
10000
9972
10000
10000
9923
9817
9772
10000
9945
9903
9924
10000
9926
10000
9963
9984
9911
10000
9928
10000
9938
9930
9869
9997
9964
9922
9927
9694
10000
9881
9999
10000
9944
10000
9920
9998
9961
9888
10000
9922
9961
9905
9908
9975
9995
9885
9934
10000
9942
9728
9917
9919
9887
9999
9819
9996
9923
9915
9777
9900
9937
9834
9865
10000
9836
9892
9883
9861
10000
9885
9940
9989
9933
9950
9901
9998
9860
10000
9911
10000
9992
9938
10000
9888
9827
9938
10000
9993
9759
9885
9920
9798
9792
9889
9959
9883
9880
9934
9995
9944
9822
9937
9846
9995
9960
9834
9893
9938
10000
9949
10000
9954
10000
9956
9894
10000
9829
10000
9919
9941
9861
9931
10000
10000
9881
9794
9873
10000
9989
9890
9862
9990
