9936
9890
9928
9983
9999
9924
9905
9859
9733
9979
9828
9830
9955
9764
9941
9888
9845
9939
9894
9947
9917
9785
9854
9878
9899
9834
9830
9908
9997
9909
9919
9899
9912
9897
9959
9898
9873
9874
9904
9886
9890
9871
9917
9939
9963
9832
9881
9827
9928
9891
9927
9882
9928
9822
9915
9928
9942
9954
9942
9913
9899
9956
9824
9935
9912
9847
9812
9939
9970
9952
9852
9874
9885
9852
9983
9914
9877
9872
9948
9845
9900
9859
9887
9965
9838
9912
9915
9935
9886
9964
9908
9942
9910
9820
9948
9961
9953
9908
9985
9941
9889
9904
9921
9839
9947
9955
9867
9919
9970
9767
9967
9879
9858
9968
9956
9916
9893
9912
9958
9921
9885
9754
9860
9836
9942
9855
9881
9961
9919
9833
9932
9931
9897
9851
9785
9868
9984
9911
9781
9944
9977
9816
9829
9954
9898
9861
9985
9960
9808
9911
9891
9873
9912
9935
9852
9831
9952
9928
9987
9799
9905
9852
9899
9910
9999
9936
9908
9945
9876
9889
9932
9887
9898
9917
9992
9914
9837
9861
9807
9889
9794
9915
9930
9944
9957
9855
9832
9900
9855
9933
9947
9920
9934
9906
9913
9910
9951
9937
9873
9857
9868
9900
9941
9881
9960
9913
9918
9949
9933
9896
9927
9930
9691
9918
9974
9903
9906
9866
9878
9867
9912
9931
9847
9979
9863
9802
9945
9935
9947
9875
9917
9918
9878
9907
9902
9935
9924
9915
9869
9807
9943
9905
9948
9943
9947
9905
9957
9973
9969
9840
9930
9912
9895
9887
9976
9879
9996
9938
9914
9801
9889
9752
9823
9937
9898
9877
9859
9847
9947
9859
9888
9831
9987
9898
9936
9874
9912
9905
9959
9868
9976
9918
9994
9930
9852
9816
9763
9933
9788
9931
9923
9957
9833
9832
9945
9949
9901
9890
9885
9942
9958
9828
9949
9911
9868
9927
9778
9881
9966
9930
9961
9953
9941
9843
9828
9890
9908
9874
9886
9941
9971
9886
9891
9771
9958
9935
9915
9989
9875
9887
9916
9830
9865
9871
9931
9878
9897
9878
9886
9849
9925
9959
9867
9984
9875
9892
9875
9822
9903
9915
9922
9907
9923
9934
9943
9766
9941
9952
9938
9936
9851
9899
9987
9864
9876
9899
9906
9941
9963
9943
9877
9875
9954
9862
9814
9943
9771
9842
9946
9805
9930
9938
9926
9797
9880
9854
9863
9957
9972
9954
9880
9963
9951
9982
9864
9939
9854
9917
9926
9961
9957
9902
9972
9931
9922
9895
9963
9867
9923
9964
9939
9953
9944
9856
9914
9988
9979
9900
9930
9932
9999
9963
9892
9872
9967
9867
9942
9869
9856
9835
9948
9859
9936
9950
9955
9901
9929
9927
9806
9979
9933
9914
9852
9917
9937
9824
9900
9850
9935
9756
9911
9813
9936
9894
10000
9909
9791
9938
9987
9872
9898
9991
9890
9939
9820
9886
9913
9930
9920
9962
9953
9925
9884
9929
9912
9926
9786
9777
9934
9932
9941
9892
9799
9819
9942
9894
9960
9864
9928
9911
9891
9855
9847
9904
9993
9901
9895
9770
9930
9884
9877
9892
9926
9822
9887
9856
9936
9949
9840
9898
9997
9850
9954
9781
9794
9945
9927
9962
9997
9889
9901
9958
9897
9836
9905
9919
9937
9911
9840
9868
9948
9879
9939
9912
9896
9913
9898
9924
9950
9858
9890
9895
9852
9934
9894
9991
9883
9932
9918
9918
9876
9928
9805
9930
9927
9876
9904
9928
9913
9880
9839
9806
9911
9904
9944
9887
9959
9880
9899
9835
9741
9840
9914
9945
9907
9954
9939
9920
9781
9916
9902
9841
9979
9884
9966
9894
9869
9937
9933
9931
9888
9887
9910
9782
9926
9815
9962
9849
9902
9833
9903
9943
9965
9897
9741
9973
9886
9914
9955
9822
9831
9799
9919
9981
9919
9804
9973
9874
9906
9943
9992
9956
9952
9948
9796
9940
9870
9899
9829
9972
9893
9882
9929
9950
9881
9951
9840
9911
9908
9928
9855
9927
9949
9967
9901
9915
9929
9962
9720
9797
9974
9789
9951
9896
9915
9902
9965
9859
9951
9950
9975
9893
9879
9878
9968
9930
9892
9907
9957
9794
9809
9912
9981
9930
9935
9900
9911
9953
9878
9745
9943
9875
9887
9821
9935
9898
9869
9893
9797
9942
9877
9829
9924
9908
9878
9902
9955
9894
9866
9844
9928
9894
9832
9986
9975
9958
9879
9954
9965
9638
9808
9840
9837
9927
9860
9951
9908
9947
9983
9907
9843
9938
9888
9990
9952
9975
9949
9961
9896
9916
9968
9862
9901
9830
9977
9944
9929
9969
9832
9970
9943
9936
9984
9861
9887
9961
9926
9820
9874
9925
9831
9965
9958
9928
9815
9925
9814
9857
9762
9845
9973
9961
9922
9916
9869
9775
9922
9931
9819
9886
9955
9943
9870
9898
9959
9892
9936
9873
9928
9912
9923
9957
9943
9824
9888
9875
9893
9960
9959
9937
9876
9930
9898
9779
9901
9927
9956
9900
9730
9847
9835
9975
9945
9918
9953
9876
9878
9884
9918
9899
9963
9979
9878
9926
9958
9907
9915
9858
9844
9842
9949
9916
9855
9872
9954
9864
9939
9882
9917
9854
9995
9836
9940
9947
9854
9888
9866
9877
9764
9862
9917
9921
9764
9876
9975
9865
9912
9935
9820
9871
9903
9909
9907
9911
9889
9874
9830
9939
9770
9824
9867
9851
9855
9930
9871
9899
9989
9863
9907
9970
9940
9994
9909
9930
9907
9800
9970
9722
9817
9899
9924
9894
9873
9962
9850
9967
9938
9840
9841
9658
9921
9879
9869
9865
9863
9959
9939
9903
9922
9903
9859
9880
9878
9962
9972
9905
9995
9937
9965
9742
9930
9967
9793
9967
9943
9969
9920
9944
9832
9999
9957
9894
9973
9957
9919
9910
9914
9941
9942
9887
9935
9918
9960
9951
9922
9868
9842
9862
9927
9952
9922
9974
9912
9927
9975
9941
9716
9931
9853
9871
9848
9970
9900
9929
9917
9767
9894
9904
9932
9999
9928
9842
9737
9960
9883
9961
9872
9903
9949
9940
9940
9941
9954
9960
9919
9918
9911
9936
9931
9833
9905
9927
9968
9942
9956
9869
9907
9891
9817
9837
9929
9835
9930
9983
9906
9951
9889
9955
9929
9938
