9945
9994
10000
9856
9884
9932
9967
9802
9907
9897
9849
9880
9908
9999
9920
9960
9969
9885
9864
9862
9994
9904
9860
9997
9931
9983
9965
10000
9888
9903
9853
9900
9850
9807
9818
9896
9916
9989
9999
9948
9855
9913
9876
10000
10000
9951
9862
9972
9959
9862
9892
9996
9816
9966
9957
9915
9925
9934
9828
9883
9951
9940
10000
9943
9797
10000
9998
9866
9997
9960
9968
9997
9989
9808
9995
9846
9873
9880
9926
9895
9915
9956
9885
9799
9854
9947
9956
9797
9995
9841
9996
9998
9972
9954
9972
9866
9928
9936
9913
9766
9925
9957
9936
9974
9936
9952
9942
9898
9837
10000
9870
9906
10000
9951
9956
9824
9885
9851
9793
9981
9989
9990
9954
9959
9818
9842
9835
9986
9869
9970
9994
9661
9924
9905
9948
9854
10000
9873
9936
9890
9981
9802
9968
9901
9850
9971
9994
9881
9903
9770
9991
9936
9962
9990
9957
9883
9989
10000
9958
9930
9997
9993
9888
9967
9943
10000
9994
9999
9988
9965
10000
9873
9822
9946
9914
9850
9817
9956
9902
9913
9842
9943
9933
9824
9921
9926
9958
9869
9921
9995
9996
9934
9890
10000
9849
9921
9961
10000
9917
9709
9843
9926
9944
9917
9882
9877
9928
9776
9953
9908
9905
9910
9673
10000
10000
9895
9817
9890
9989
9967
10000
9936
9872
9907
9999
9987
9965
9854
10000
10000
9904
9898
9792
9889
9933
9982
10000
9852
9891
9908
9850
10000
9971
9808
9926
9950
9876
9886
9872
9937
9818
9908
9894
9934
9907
9990
9982
9764
9874
9863
9889
9895
9935
9864
9833
9938
9867
9860
9860
9905
9878
10000
9912
9982
9969
9967
9974
9860
9996
9996
9915
9889
9962
9982
9909
9931
9881
9935
9995
9936
9830
9899
9941
9903
9916
9891
9917
9965
9944
9995
9849
9999
9896
9920
9968
9862
9851
10000
9977
9886
9921
9808
9898
9905
9911
9913
9840
9998
9734
9883
9935
10000
9934
9947
9923
9901
9871
9784
9851
9889
9910
9953
9857
9919
9891
9970
9943
9998
9847
9931
9955
9950
9994
9993
9903
9911
9979
9998
9890
9890
10000
9986
10000
10000
9952
9935
9941
9956
9942
10000
9966
9664
9950
9906
9841
9924
9993
9902
9779
9836
9927
9931
10000
9895
9905
9887
9793
9868
9965
9811
9889
9890
9952
9909
9877
9971
9914
9785
9942
9890
10000
9974
9910
9885
9882
9865
9992
9962
9999
9989
9953
9949
9849
9929
9815
9968
9846
9939
9918
9807
9938
9914
9990
9984
9798
9882
9908
9976
9884
9857
9918
9896
9834
9878
9992
9982
9732
9938
10000
9872
9944
9930
9928
9921
9999
9935
9905
9817
9889
9962
9897
9869
9895
9998
9918
9952
9994
9919
9864
9916
9853
9981
9944
9730
10000
9992
9999
9908
9830
10000
9851
9915
9998
9952
9914
9930
9977
9933
9939
9780
9932
9902
9787
9957
9936
9940
9823
9987
9957
10000
9898
9945
9971
9931
9774
9922
9962
10000
10000
10000
9888
9907
9978
9916
9891
9914
9845
9983
9948
9943
9948
9894
9962
9957
9913
9988
9905
9899
9933
9912
9859
9988
9972
9878
9913
9922
9836
9962
9921
9927
9856
9989
9959
9873
10000
9951
9919
10000
10000
9990
9966
9812
9800
9943
9948
9853
9879
9897
9930
9994
9853
9960
9916
9934
9959
9920
9940
9910
9917
9889
9908
9875
9846
9881
9925
9907
9848
9882
9949
9902
9934
9899
9774
9777
9862
9956
10000
10000
9749
9915
10000
9912
9938
9690
9937
9949
10000
9865
9973
9948
9799
9999
9940
9912
9955
9879
9911
9878
9893
9893
9958
9890
9928
10000
9937
9826
9950
9999
9951
9900
9935
9900
9906
9907
9963
9995
9997
9996
9942
9890
9986
9938
9912
9968
9961
9799
9987
9880
9993
9837
9941
9879
9994
9991
9970
9982
9949
9878
9897
9913
9883
9922
10000
9964
9927
9910
9993
9885
9929
9966
9758
9938
9886
9958
9908
9942
9988
9854
9883
9934
9938
9795
9843
9933
10000
9706
9926
9972
9880
10000
9944
9906
9997
9946
10000
10000
9878
9935
9878
9980
9982
9905
9987
9908
9814
9985
9992
9866
9988
9829
10000
9901
9834
9919
9812
9987
9859
9861
9741
9912
9996
9963
9914
9888
9839
9834
9861
9999
9862
9884
9972
10000
9962
9949
10000
9867
9906
10000
9793
9891
9864
9951
9905
9911
9938
9903
10000
9768
9993
9935
9905
9930
9935
9923
9867
9779
9957
9945
9827
9892
9918
9810
10000
9868
10000
9954
9998
9875
9965
9999
9984
9766
9999
9963
9863
9935
9977
10000
9902
9924
9997
9959
9908
9994
9927
9909
9990
9835
9887
9937
9849
9929
9695
9966
9999
9936
9967
9884
9979
9879
9935
9936
9906
10000
10000
9915
9960
9873
9964
9970
9877
9903
10000
9996
9944
9832
9927
9878
9862
9987
9936
9998
9903
9817
9998
9905
9987
9927
9932
9889
9876
9907
9947
9993
9777
9969
9840
9977
9986
9833
9929
9926
9964
9833
9890
9990
9883
10000
9992
9919
9869
9997
9998
9968
9996
9852
9830
10000
9837
9944
9996
9924
9852
9825
9764
9957
9838
10000
9959
9905
9889
9922
9885
9737
9918
9969
9900
9941
9862
9896
9928
9998
10000
10000
9998
9901
9983
9844
9915
9837
9819
10000
9920
9856
9902
9981
9888
9894
9887
9867
9879
9898
9835
9906
9922
9832
9904
9930
9878
9955
9959
9998
9916
9987
9985
9796
9930
9997
9909
9905
9812
9988
9936
9905
9874
9986
9962
9944
10000
9907
9998
9967
9983
9869
9969
9952
9999
9811
9915
9914
9885
9927
10000
9823
9969
9944
9858
9897
9968
9884
10000
9867
9929
9890
9760
9962
9803
9888
9989
9722
9950
9937
9960
9958
10000
9915
9858
9924
9991
9816
9916
9998
9932
9927
9962
9977
9999
9854
9905
9961
9935
10000
9982
9918
9888
9928
10000
9888
9944
9999
9950
9923
9984
9881
9961
9953
9869
9855
9935
9846
9908
9890
10000
10000
9990
9809
9809
9984
9927
9960
9781
9916
9944
9905
9916
9998
9853
9887
9885
9886
9877
10000
9782
9947
9743
9922
9873
10000
9885
9943
