9938
9945
9816
9809
9958
9787
9883
9947
9929
9908
9873
9879
9804
9900
9856
9797
9939
9861
10000
9794
9998
9882
9891
9960
9960
9846
9877
9782
9995
9930
9977
9977
9958
9898
9957
9912
9833
9920
9971
9968
9911
9893
9918
9898
9876
9909
9969
9843
9881
9946
9955
9906
9865
9932
9983
9863
9814
9828
9889
9865
9936
9924
9979
9863
9992
9865
9705
9902
9889
9852
9870
9901
9843
9951
9884
9936
9946
9851
9946
9850
9914
9916
9906
9850
9918
9899
9908
9924
9924
9885
9941
9876
9887
9854
9962
9985
9915
9855
9891
9893
9944
9845
9913
9931
9912
9875
9749
9870
9870
9972
9898
9954
9914
9847
9905
9829
9959
9880
9899
9830
9813
9911
9884
9885
9932
9945
9944
9971
9951
9911
9883
9860
9872
9952
9895
9875
9837
9859
9890
9874
9997
9930
9972
9895
9957
9891
9950
9871
9868
9895
9957
9975
9961
9958
9897
9891
9849
9992
9901
9876
9909
9952
9913
9888
9930
9896
9910
9933
9881
9931
9826
9817
9744
9849
9933
9946
9877
9904
9954
9857
9897
9924
9942
9954
9883
9904
9967
9946
9870
9955
9842
9896
9971
9923
9796
9872
9921
9929
9864
9838
9960
9967
9953
9873
9850
9908
9867
9923
9924
9963
9928
9935
9902
9934
9939
9899
9860
9970
9923
9800
9910
9911
9870
9958
9950
9915
9921
9909
9758
9934
9965
9959
9886
9899
9835
9892
9952
9904
9911
9873
9872
9909
9837
9931
9911
9820
9939
9980
9869
9938
9844
9868
9928
9841
9870
9929
9852
9936
9910
9838
9930
9818
9833
9853
9910
9951
9881
9939
9945
9891
9877
9949
9852
9900
9958
9930
9836
9886
9957
9947
9816
9919
9983
9931
9895
9862
9898
9927
9931
9868
9833
9906
9923
9974
9917
9919
9938
9888
9873
9782
9963
9873
9902
9924
9985
9898
9914
9792
9863
9905
9827
9903
9966
9851
9978
9943
9895
9940
9902
9960
9862
9933
9854
9915
9908
9839
9889
9815
9949
9962
9834
9827
9920
9913
9934
9917
9806
9928
9903
9848
9876
9885
9909
9957
9849
9959
9879
9911
9902
9886
9814
9899
9908
9847
9869
9852
9958
9912
9867
9963
9881
9973
9939
9905
9940
9957
9885
9905
9935
9863
9921
9842
9901
9803
9972
9892
9941
9865
9985
9840
9871
9984
9783
9951
9883
9982
9859
9914
9915
9888
9961
9907
9928
9930
9811
9949
9913
9952
9901
9911
9813
9946
9892
9900
9956
9834
9919
9962
9875
9905
9916
9854
9959
9953
9897
9806
9861
9869
9912
9831
9899
9834
9937
9756
9903
9815
9964
9825
9982
9880
9864
9898
9781
9888
10000
9990
9895
9968
9892
9878
9964
9963
9854
9886
9894
9910
9833
9887
9949
9953
9933
9948
9824
9937
9894
9772
9944
9945
9856
9710
9906
9928
9881
9926
9965
9903
9926
9898
9916
9858
9879
9882
9984
9916
9905
9911
9885
9901
9986
9816
9853
9824
9969
9954
9996
9835
9875
9920
9934
9822
9911
9748
9745
9875
9901
9753
9960
9958
9800
9725
9949
9961
9926
9896
9984
9821
9899
9911
9864
9974
9888
9884
9953
9937
9872
9907
9932
9795
9903
9832
9950
9978
9872
9891
9868
9916
9956
9938
9915
9832
9951
9967
9994
9866
9916
9879
9916
9968
9890
9892
9945
9992
9941
9851
9954
9863
9901
9869
9963
9958
9943
9932
9952
9961
9903
9945
9809
9822
9934
9829
9886
9919
9821
9818
9900
9854
9856
9945
9885
9923
9925
9852
9943
9889
9869
9888
9886
9864
9919
9906
9985
9981
9960
9892
9840
9888
9936
9862
9951
9909
9945
9921
9793
9882
9945
9920
9932
9870
9894
9873
9967
9755
9947
9886
9877
9923
9841
9973
9922
9775
9941
9902
9894
9923
9842
9946
9844
9954
9801
9863
9946
9858
9954
9929
9980
9886
9906
9977
9899
9928
9954
9926
9991
10000
9901
9858
9945
9937
9996
9819
9957
9940
9853
9877
9895
9878
9896
9927
9990
9964
9977
9893
9877
9966
9975
9749
9942
9932
9940
9849
9976
9932
9937
9814
9955
9835
9982
9880
9939
9903
9903
9878
9926
9913
9950
9924
9857
9882
9922
9956
9888
9881
9854
9939
9944
9820
9929
9951
9860
9907
9921
9897
9962
9954
9958
9886
9865
9883
9937
9984
9952
9920
9824
9940
9875
9941
9859
9878
9783
9849
9943
9940
9826
9975
9985
9895
9967
9879
9903
9947
9976
9969
9876
9954
9898
9934
9946
9960
9910
9904
9945
9911
9951
9964
9975
9917
9917
9818
9900
9837
9938
9899
9930
9946
9976
9912
9925
9907
9819
9900
9971
9865
9889
9878
9966
9820
9914
9782
9922
9942
9859
9973
9771
9927
9863
9970
9938
9887
9958
9795
9941
9858
9950
9904
9907
9934
9930
9897
9924
9954
9815
9905
9902
9906
9920
9868
9920
9923
9900
9844
9923
9793
9967
10000
9902
9911
9965
9943
9914
9821
9960
9901
9960
9911
9978
9935
9940
9971
9850
9695
9876
9874
9898
9912
9940
9849
9826
9914
9914
9771
9872
9952
9875
9819
9924
9901
9899
9905
9856
9966
9932
9748
9858
9968
9940
9939
9870
9954
9881
9833
9983
9918
9911
9844
9935
9987
9972
9941
9872
9948
9875
9946
9945
9868
9938
9905
9909
9863
9939
9899
9843
9880
9903
9901
9892
9961
9890
9830
9918
9938
9964
9959
9936
9814
9950
9925
9946
9929
9855
9909
9872
9951
9758
9902
9883
9932
9897
9854
9927
9925
9945
9960
9894
9983
9792
9913
9889
9945
9934
9824
9900
9871
9801
9865
9967
9908
9908
9796
9887
9905
9936
9974
9807
9876
9908
9921
9867
9902
9903
9907
9855
9951
9905
9906
9861
9925
9922
9789
9934
9860
9801
9912
9822
9917
9877
9902
9765
9869
9913
9908
9898
9890
9747
9781
9963
9785
9910
9879
9811
9943
9924
9906
9865
9903
9720
9906
9967
9881
9996
9832
9823
9916
9963
9979
9967
9936
9966
9804
9938
9903
9838
9803
9936
9839
9993
9826
9926
9923
9969
9961
9867
9941
9870
9772
9869
9949
9773
9918
9925
9868
9937
9983
9857
9852
9856
9937
9928
9855
9885
9843
