9912
9928
9975
9924
9956
9932
9844
9936
9978
9804
9883
9947
9901
9897
9832
9945
9976
9893
9913
9871
9782
9941
9802
9935
9845
9863
9938
9966
9915
9871
9960
9818
9970
9918
9944
9917
9902
9990
9909
9850
9924
9742
9778
9952
9917
9925
9845
9989
9899
9960
9935
9923
9962
9943
9913
9926
9926
9893
9936
9875
9974
9950
9940
9875
9928
9888
9867
9898
9892
9945
9927
9952
9973
9836
9934
9893
9888
9967
9902
9884
9935
9805
9991
9883
9900
9964
9920
9952
9958
9942
9936
9924
9811
9944
9973
9918
9951
9953
9886
9978
9887
9936
9853
9883
9940
9960
9865
9888
9957
9946
9823
9899
9912
9970
9858
9898
9896
9858
9952
9840
9917
9848
9902
9962
9899
9961
9919
9924
9900
9787
9951
9912
9912
9969
9886
9821
9940
9876
9809
9971
9822
9974
9880
9922
9824
9898
9870
9963
9942
9908
9911
9947
9933
9840
9936
9884
9976
9981
9962
9880
9877
9869
9995
9798
9929
9813
9910
9887
9853
9813
9927
9891
9756
9886
9964
9894
9962
9947
9924
9868
9954
9991
9921
9836
9922
9941
9877
9952
9897
9901
9835
9936
9924
9627
9946
9943
9903
9829
9984
9932
9817
9917
9902
9937
9902
9788
9946
9878
9953
9977
9904
9900
9919
9833
9895
9907
9919
9897
9857
9850
9964
9938
9938
9887
9910
9880
9851
9825
9881
9835
9927
9964
9956
9903
9857
9901
9778
9941
9825
9787
9913
9903
9778
9977
9892
9941
9993
9879
9866
9910
9803
9966
9953
9806
9914
9940
9925
9881
9850
9911
9926
9957
9978
9880
9917
9955
9954
9935
9943
9919
9944
9951
9830
9935
9950
9954
9832
9827
9993
9976
9931
9850
9962
9918
9942
9923
9940
9993
9987
9927
9987
9866
9899
9960
9945
9943
9745
9929
9930
9843
9875
9734
9905
9913
9889
9794
9989
9898
9765
9971
9865
9917
9920
9943
9904
9933
9936
9910
9931
9957
9917
9949
9881
9890
9913
9878
9946
9862
9953
9821
9941
9757
9958
9936
9950
9952
9865
9923
9864
9867
9995
9924
9767
9807
9905
9920
9876
9948
9899
9955
9976
9935
9834
9857
9921
9954
9945
9932
9924
9983
9997
9859
9973
9910
9998
9905
9931
9857
9868
9871
9901
9947
9904
9942
9807
9800
9883
9923
9650
9894
9883
9885
9926
9893
9789
9868
9900
9854
9870
9941
9931
9912
9865
9954
9935
9842
9919
9922
9881
9987
9940
9998
9886
9856
9917
9938
9862
9969
9851
9812
9860
9873
9894
9849
9924
9970
9790
9754
9896
9948
9900
9918
9864
9940
9891
9976
9925
9918
9905
9768
9867
9938
9916
9973
9916
9909
9880
9942
9976
9864
9938
9920
9967
9909
9954
9935
9981
9914
9889
9921
9711
9795
9935
9811
9929
9969
9883
9977
9888
9938
9888
9932
9885
9821
9902
9884
9926
9956
9776
9947
9840
9838
9798
9894
9910
9868
9923
9886
9878
9982
9901
9921
9998
9853
9937
9929
9953
9954
9932
9811
9908
9819
9948
9936
9994
9837
9900
9901
9810
9875
9902
9905
9904
9949
9940
9886
9848
9960
9893
9925
9927
9961
9901
9881
9948
9982
9900
9940
9821
9869
9911
9877
9924
9917
9931
9712
9873
9949
9904
9921
9956
9954
9840
9835
9955
9973
9933
9744
9963
9889
9875
9924
9891
9825
9881
9948
9931
9925
9915
9940
9994
9901
9867
9969
9915
9900
9929
9913
9912
9934
9970
9923
9917
9843
9909
9949
9935
9916
9927
9885
9886
9883
9995
9986
9993
9946
9899
9825
9997
9962
9937
9960
9893
9974
9955
9838
9848
9929
9848
9919
9964
9909
9938
9995
9962
9873
9906
9775
9943
9892
9895
9887
9934
9804
9915
9878
9982
9952
9937
9906
9962
9887
9941
9813
9918
9935
9938
9905
9917
9941
9903
9944
9935
9915
9865
9894
9968
9824
9926
9874
9814
9839
9928
9902
9895
9980
9906
9876
9890
9957
9966
9855
9988
9935
9930
9873
9812
9820
9878
9892
9938
9863
9998
9938
9924
9918
9941
9952
9902
9930
9958
9914
9906
9830
9952
9851
9977
9855
9811
9887
9905
9874
9890
9916
9927
9907
9962
9999
9995
9903
9756
9902
9917
9957
9867
9957
9878
9932
9958
9898
9939
9909
9846
9995
9992
9878
9891
9813
9886
9938
9922
9902
9952
9908
9828
9949
9909
9952
9941
9954
9982
9992
9941
9891
9867
9837
9898
9890
9926
9936
9937
9892
9862
9959
9927
9852
9910
9868
9764
9934
9930
9975
9908
9936
9870
9917
9882
9896
9792
9911
9921
9862
9966
9859
9819
9978
9967
9943
9947
9841
9832
9908
9912
9859
9867
9867
9810
9879
9877
9877
9870
9884
9892
9985
9841
9891
9927
9865
9954
9864
9922
9829
9940
9887
9867
9923
9966
9879
9867
9898
9883
9920
9963
9970
9974
9846
9974
9969
9896
9927
9892
9895
9938
9919
9922
9870
9929
9955
9908
9963
9895
9985
9994
9907
9845
9990
9968
9928
9910
9954
9955
9963
9974
9949
9881
9859
9958
9869
9954
9916
9887
9913
9912
9964
9901
9960
9881
9960
9959
9945
9864
9840
9990
9918
9940
9965
9926
9899
9822
9983
9831
9960
9921
9990
9883
9805
9928
9925
9894
9929
9915
9990
9933
9912
9954
9958
9987
9967
9848
9944
9938
9894
9850
9958
9980
9982
9900
9828
9914
9859
9928
9952
9974
9990
9853
9877
9827
9930
9917
9919
9837
9869
9947
9941
9893
9832
9839
9864
9804
9882
9850
9976
9828
9926
9904
9997
9882
9929
9940
9904
9910
9930
9958
9903
9955
9886
9810
9900
9916
9856
9949
9866
9961
9865
9865
9885
9808
9948
9929
9930
9954
9817
9894
9922
9902
9904
9842
9900
9844
9944
9853
9956
9948
9928
9931
9957
9912
9885
9984
9879
9942
9886
9887
9931
9939
9849
9882
9854
9837
9970
9874
9895
9847
9952
9945
9921
9944
9865
9830
9946
9998
9902
9949
9905
9863
9895
9898
9957
9866
9954
9958
9891
9887
9927
9855
9944
9978
9864
9918
9940
9905
9846
9934
9910
9821
9742
9899
9961
9979
9905
9718
9967
9988
9992
9951
9798
9888
9761
9993
9915
