9900
9882
9968
9935
9978
9921
9909
9981
9942
9891
9834
9890
9875
9905
9829
9911
9868
9931
9873
9948
9886
9950
9923
9911
9916
9802
9834
9910
9943
9892
9865
9964
9841
9922
9949
9939
9854
9981
9931
9926
9938
9827
9947
9910
9937
9912
9884
9933
9979
9960
9912
9814
9981
9862
9903
9859
9913
9910
9961
9905
9889
9843
9989
9934
9989
9664
9932
9803
9959
9942
9798
9932
9888
9910
9846
9917
9934
9768
9876
9917
9885
9905
9923
9953
9869
9914
9900
9888
9940
9933
9995
9976
9813
9869
9867
9855
10000
9853
9775
9920
9896
9983
9900
9895
9919
9936
9944
9927
9890
9997
9934
9915
9945
9919
9800
9911
9983
9858
9995
9856
9921
9931
9922
9996
9897
9898
9893
9811
9925
9972
9944
9948
9995
9873
9941
9799
9942
9885
9824
9920
9899
9970
9918
9978
9984
9942
9915
9957
9853
9870
9957
9969
9885
9889
9828
9888
9889
9806
9909
9902
9874
9916
9911
9858
9845
9906
9826
9940
9979
9828
9914
9935
9889
9970
9896
9974
9789
9946
9949
9871
9935
9922
9948
9983
9937
9949
9790
9909
9882
9919
9974
9954
9783
9899
9983
9948
9849
9886
9977
9953
9889
9884
9986
9855
9898
9848
9948
9992
9945
9885
9928
9874
9893
9869
9946
9877
9812
9939
9863
9846
9958
9795
9981
9831
9867
9990
9955
9870
9975
9969
9953
9892
9991
9997
9883
9872
9894
9826
9936
9717
9928
9921
9925
9950
9952
9902
9918
9882
9905
9971
9977
9946
9862
9943
9779
9903
9931
9886
9977
9950
9931
9929
9949
9964
9914
9882
9820
9889
9916
9900
9899
9874
9942
9751
9848
9940
9847
9943
9924
9954
9991
9940
9882
9820
9891
9956
9952
9958
9934
9881
9894
9918
9753
9864
9878
9927
9953
9821
9877
9934
9787
9907
9901
9866
9848
9908
9858
9873
9926
9605
9978
9908
9894
9945
9925
9942
9948
9925
9807
9987
9924
9938
9908
9919
9865
9915
9859
9904
9918
9944
9847
9932
9896
9869
9888
9936
9967
9928
9684
9952
9935
9912
9890
9877
9855
9990
9817
9882
9974
9929
9877
9946
9907
9920
9844
9956
9911
9936
9878
9923
9870
9951
9822
9804
9943
9893
9857
9877
9950
9946
9893
9901
9852
9924
9968
9895
9962
9897
9961
9887
9880
9934
9933
9954
9858
9951
9972
9947
9851
9906
9880
9856
9887
9820
9880
9939
9766
9995
9927
9930
9937
9832
9917
9750
9949
9912
9894
9930
9962
9836
9828
9911
9917
9889
9965
9913
9935
9883
9874
9957
9851
9942
9851
9836
9935
9926
9848
9930
9963
9902
9826
9897
9926
9982
9941
9922
9959
9991
9888
9941
9852
9874
9944
9955
9875
9938
9935
9909
9907
9766
9831
9969
9917
9836
9794
9944
9985
9929
9907
9862
9888
9971
9958
9922
9957
9820
9998
9949
9864
9937
9914
9952
9990
9989
9935
9909
9817
9946
9922
9880
9932
9931
9876
9963
9849
9925
9754
9850
9912
9935
9815
9906
9906
9844
9957
9971
9930
9923
9989
9882
9916
9966
9938
9935
9835
9925
9878
9935
9909
10000
9961
9911
9817
9948
9953
9900
9845
9826
9939
9781
9984
9914
9699
9929
9938
9876
9907
9918
9935
9867
9657
9944
9948
9942
9864
9853
9877
9955
9945
9914
9835
9917
9823
9914
9979
9795
9917
9927
9933
9956
9873
9860
9871
9865
9996
9973
9853
9798
9912
9917
9936
9950
9828
10000
9899
9934
9935
9888
9952
9951
9885
9762
9950
9924
9938
9942
9930
9836
9992
9960
9910
9955
9941
9908
9855
9934
9900
9942
9930
9966
9896
9847
9906
9787
9845
9886
9899
9932
9918
9898
9885
9987
9853
9831
9887
9926
9870
9734
10000
9904
9917
9856
9944
9993
9990
9892
9945
9919
9947
9978
9873
9931
9967
9875
9881
9972
9732
9933
9751
9783
9931
9869
9906
9940
9906
9907
9906
9978
9873
9963
9909
9931
9962
9946
9786
9898
9921
9875
9962
9869
9871
9966
9920
9950
9948
9862
9833
9855
9945
9927
9868
9888
9901
9936
9951
9946
9930
9902
9971
9934
9905
9957
9792
9685
9977
9928
9922
9846
9908
9861
9929
9744
9738
9943
9977
9993
9909
9962
9894
9958
9916
9914
9938
9918
9912
9882
9932
9958
9951
9845
9881
9867
9761
9773
9941
9853
9927
9884
9862
9872
9832
9818
9927
9994
9943
9900
9895
9903
9995
9922
9850
9974
9814
9852
9732
9905
9918
9795
9999
9900
9776
9788
9997
9880
9936
9973
9923
9899
10000
9807
9947
9941
9965
9905
9936
9984
9944
9967
9981
9972
9985
9826
9896
9920
9928
9902
9973
9987
9845
9810
9921
9868
9973
9887
9871
9922
9983
9845
9820
9885
9914
9974
9910
9935
9953
9937
9926
9982
9923
9918
9941
9922
9880
9895
9792
9893
9969
9966
9960
9958
9981
9833
9960
9956
9815
9906
9891
9970
9956
9886
9927
9838
9905
9814
9982
9976
9761
9761
9882
9953
9933
9875
9968
9959
9926
9930
9906
9849
9929
9732
9909
9822
9858
9854
9864
9892
9929
9846
9923
9937
9885
9928
9869
9935
9698
9901
9868
9896
9806
9864
9954
9944
9993
9950
9897
9885
9878
9808
9915
9915
9911
9946
9935
9984
9920
9932
9902
9882
9905
9922
9914
9957
9885
9891
9858
9887
9923
9997
9887
9926
9890
9941
9795
9886
9873
9880
9872
9916
9768
9871
9871
9943
9773
9942
9957
9922
9806
9938
9841
9986
9823
9978
9962
9902
9824
9867
9951
9845
9977
9943
9959
9929
9765
9861
9967
9950
9921
9910
9942
9894
9915
9924
9864
9855
9807
9886
9993
9984
9924
9894
9971
9936
9973
9992
9909
9948
9960
9953
9941
9895
9921
9904
9865
9952
9855
9908
9921
9955
9916
9924
9839
9969
9863
9947
9921
9864
9964
9858
9933
9950
9876
9892
9892
9923
9940
9924
9875
9949
9932
9885
9944
9886
9917
9951
9860
9958
9708
9897
9901
9986
9997
9934
9920
9884
9958
9921
9955
9904
9952
9884
9935
9972
9900
9890
9883
9979
9922
9901
9901
9952
9934
9972
9883
9892
9925
9866
9834
9807
9911
9866
