9887
9990
9881
9897
9747
9908
9910
9739
9940
9886
9776
9942
9940
9934
9862
9896
9835
9928
9901
9953
9808
9944
9868
9839
9955
9898
9874
9931
9899
9923
9962
9918
9849
9902
9820
9898
9916
9910
9835
9909
9991
9992
9881
9889
9953
9911
9919
9932
9848
9897
9909
9920
9951
9950
9823
9903
9911
9816
9882
9870
9872
9797
9932
9868
9949
9870
9937
9807
9992
9955
9917
9823
9869
9892
9895
9901
9892
9834
9977
9720
9969
9995
9867
9965
9858
9883
9923
9886
9943
9824
9920
9919
9871
9862
9914
9862
9874
9849
9968
9872
9813
9889
9933
9825
9952
9852
9877
9944
9923
9794
9753
9856
9979
9895
9937
9850
9924
9880
9915
9776
9992
9892
9825
9898
9932
9917
9859
9955
9965
9915
9939
9952
9963
9963
9955
9921
9986
9931
9828
9939
9910
9910
9847
9976
9899
9972
9855
9897
9981
9989
9916
9957
9951
9952
9788
9950
9937
9973
9881
9932
9794
9851
9975
9903
9894
9960
9967
9941
9976
9750
9877
9994
9953
9925
9874
9986
9903
9884
9931
9858
9912
9883
9866
9965
9910
9909
9899
9975
9956
9950
9926
9948
9929
9901
9893
9983
9966
9911
9871
9888
9954
9963
9939
9965
9809
9868
9839
9909
9910
9973
9908
9865
9943
9913
9832
9824
9961
9942
9944
9867
9897
9931
9858
9934
9864
9841
9827
9950
9871
9940
9943
9916
9971
9879
9936
9861
9917
9914
9932
9853
9921
9942
9993
9968
9971
9845
9853
9933
9999
9928
9932
9939
9852
9937
9916
9840
9867
9881
9913
9976
9941
9981
9933
9883
9929
9819
9904
9952
9960
9926
9921
9954
9778
9993
9869
9894
9821
9859
9920
9889
9971
9862
9929
9782
9746
9974
9918
9922
9900
9923
9843
9959
9946
9821
9888
9889
9975
9886
9882
9961
9939
9882
9897
9895
9798
9754
9890
9959
9833
9813
9868
9936
9903
9917
9978
9932
9864
9941
9834
9997
9913
9887
9843
9806
9948
9852
9848
9963
9878
9845
9928
9924
9937
9935
9908
9930
9873
9867
9968
9960
9919
9863
9857
9937
9854
9933
9959
9924
9962
10000
9749
9862
9910
9869
9927
9888
9938
9865
9965
9776
9867
9938
9913
9926
9974
9925
9986
9895
9941
9940
9846
9928
10000
9965
9935
9854
9936
9914
9785
9907
9963
9965
9920
9940
9788
9892
9961
9916
9978
9990
9839
9821
9978
9938
9822
9944
9866
9847
9883
9934
9872
9912
9958
9875
9871
9932
9985
9858
9947
9682
9969
9849
9972
9754
9897
9897
9862
9947
9827
9931
9864
9938
9831
9962
9951
9906
9830
9891
9696
9677
9930
9935
9920
9950
9869
9943
9907
9812
9924
9849
9942
9871
9973
9882
9864
9910
9708
9913
9873
9894
9964
9953
9851
9833
9938
9891
9953
9975
9890
9901
9910
9918
9924
9856
9866
9897
9938
9888
9908
9954
9977
9783
9934
9961
9857
9964
9941
9816
9895
9935
9843
9863
9911
9843
9920
9952
9805
9996
9809
9955
9973
9887
9899
9959
9877
9880
9824
9958
9846
9898
9936
9962
9922
10000
9886
9912
9913
9978
9965
9898
9858
9824
9927
9950
9954
9850
9934
9931
9871
9977
9934
9877
9841
9880
9924
9909
9969
9943
9934
9893
9900
9888
9859
9933
9881
9947
9796
9978
9866
9966
9960
9954
9904
9907
9952
9918
9976
9859
9916
9942
9961
9900
9877
9944
9838
9982
9914
9928
9794
9728
9913
9907
9744
9939
9976
9741
9918
9936
9862
9856
9946
9854
9793
9798
9746
9850
9926
9972
9841
9846
9939
9896
9821
9931
9927
9922
9941
9922
9913
9885
9961
9965
9918
9893
9848
9849
9938
9909
9856
9901
9836
9902
9822
9944
9974
9799
9955
9968
9971
9803
9856
9982
9847
9848
9959
9898
9982
9885
9885
9949
9787
9881
9927
9951
9983
9916
9948
9762
9921
9999
9809
9931
9895
9881
9942
9926
9934
9945
9909
9808
9879
9963
9887
9937
9905
9841
9879
9921
9968
9907
9980
9898
9946
9933
9814
9986
9985
9934
9843
9890
9940
9866
9880
9945
9983
9864
9950
9873
9917
9923
9855
9845
9950
9890
9908
9928
9953
9909
9966
9961
9855
9899
9884
9965
9986
9852
9991
9871
9947
9981
9951
9951
9976
9903
9884
9894
9916
9928
9886
9862
9827
9939
9979
9929
9945
9912
9910
9937
9926
9890
9910
9925
9962
9949
9803
9913
10000
9900
9931
9926
9888
9980
9976
9872
9932
9775
9842
9916
9940
9921
9914
9936
9937
9912
9857
9898
9904
9956
9930
9905
9882
9849
9956
9980
9787
9880
9859
9939
9847
9885
9946
9899
9910
9932
9984
9933
9932
9953
9893
9959
9959
9900
9938
9983
9940
9901
9858
9963
9893
9847
9906
9983
9946
9898
9903
9894
9992
9925
9965
9742
9891
9895
9998
9833
9837
9848
9896
9944
9849
9870
9879
9862
9861
9871
9822
9941
9995
9857
9841
9852
9933
9878
9925
9960
9954
9952
9879
9966
9969
9952
9853
9883
9825
9909
9891
9859
9914
9814
9948
9929
9861
9917
9946
9969
9987
9959
9857
9969
9894
9936
9879
9911
9986
9935
9881
9967
9831
9921
9906
9989
9939
9902
9928
9963
9893
9927
9894
9851
9987
9909
9947
9922
9957
9915
9961
9958
9934
9888
9882
9957
9911
9854
9935
9931
9930
9921
9942
9922
9969
9935
9711
9777
9909
9925
9975
9986
9926
9860
9884
9801
9900
9850
9900
9857
9895
9851
9937
9887
9727
9916
9871
9841
9921
9799
9773
9814
9904
9912
9889
9899
9928
9915
9975
9921
9969
9786
9953
9910
9927
9778
9909
9913
9942
9919
9931
9855
9973
10000
9852
9958
9930
9891
9912
9802
9772
9930
9933
9955
9965
9802
9919
9912
9878
9933
9938
9876
9904
9896
9967
9746
9938
9871
9889
9694
9973
9869
9995
9910
9983
9814
9986
9904
9974
9900
9992
9909
9973
9887
9990
9899
9995
9827
9938
9835
9925
9851
9940
9890
9866
9946
9807
9852
9862
9988
9973
9920
9918
9922
9896
9918
9879
9907
9936
9984
9692
9931
9998
9859
9877
9866
9963
9866
9824
9910
9841
9847
9855
9952
9797
9709
