9982
9847
9919
9898
9940
10000
9955
9878
9717
9839
9859
9730
9932
9998
9807
10000
9992
9857
9974
9956
9893
9933
9936
9949
9864
9896
9857
9862
9830
9915
10000
9952
9913
9999
9926
9817
9903
9885
9903
9940
9883
9999
9912
9874
9876
9908
9844
9778
9936
9924
9873
9895
9999
9805
9886
9822
9843
9936
9933
9919
9768
10000
9953
9949
9947
9918
9810
9926
9896
9909
9922
9976
9951
9950
9844
9872
9997
9960
9988
9975
9934
9880
9836
9935
9937
9999
9890
9979
9921
9858
9937
9958
9964
9960
9993
9959
9926
9994
10000
9890
9877
9847
10000
9858
9831
9954
9883
9898
9943
9870
9917
9988
9988
9961
9884
9866
9945
9930
9915
9962
9902
9972
9955
9919
9903
9960
9889
9905
9847
9869
9901
9877
9966
9994
9897
9822
9823
9924
9908
9794
10000
9908
9975
9906
9903
9932
9903
9808
9885
9887
9916
9862
9969
9943
9934
9905
9999
9863
9905
9902
9930
9997
9939
9986
9893
9701
9862
9873
9945
10000
9778
9922
9839
9931
9740
9911
9949
9915
9917
9913
9934
9820
9862
9810
9925
9999
9879
9880
9938
9927
10000
9780
9942
9908
9907
9920
9947
9871
9995
9859
9943
9987
9837
9935
9937
9953
9999
9997
9749
9994
9872
9922
9845
9952
9884
9930
9798
9814
9851
9985
9767
9810
9955
9831
10000
9940
9966
9910
9980
9896
9897
9929
9942
9953
10000
9862
9890
9924
9939
9996
9895
9961
9914
9903
9953
9939
9957
9900
9933
9918
9999
9967
9856
9838
9973
9974
9979
9974
9946
9955
9982
9970
9961
9935
9936
9941
9914
9990
9871
9963
9780
10000
9943
9876
9899
10000
9943
9953
9899
9951
9910
9896
9892
9927
9884
9991
9906
9946
9959
9746
9958
9886
9967
9878
9968
9908
9961
9845
9910
9908
9879
9926
9985
9838
9884
10000
9809
9860
9889
9907
9945
10000
9813
9989
9902
9846
9889
10000
9877
9825
10000
9942
9927
9934
9962
9879
9933
9974
9955
9956
9759
9969
9945
9973
9830
9868
9803
9928
9893
9964
9930
9888
9805
9956
9993
9995
9849
9980
9969
9890
9934
9880
9996
9902
9937
9949
10000
10000
9950
9950
9828
9931
9775
9900
9983
10000
9846
9963
9820
9999
10000
9767
9856
9789
9894
9912
9911
9874
9929
9885
9945
9923
9966
9903
9776
9971
9856
9927
9934
9851
10000
9934
9837
9924
9994
9999
9979
9997
9879
9950
9886
9879
9774
9865
9815
9961
9906
9849
9912
9842
9793
9945
9877
9827
9902
9992
9888
9924
9839
9983
9984
9813
9805
9955
9961
9824
9841
9968
9918
9995
9944
9964
9908
9957
9989
9986
10000
9779
9884
9888
9979
9874
9888
9849
9750
9999
9801
9889
9921
9949
9863
9917
9903
9776
9983
9994
9992
9884
9864
9931
9923
9930
9852
9997
9881
9755
9820
9927
9839
9859
9880
9911
9994
9902
9958
9942
9788
9835
9838
10000
9893
9982
9877
9899
9886
9975
9803
9916
9999
9927
9879
9999
9860
9932
9908
9986
10000
9887
9860
9832
9930
9990
9891
9717
9931
9995
9891
9829
9859
9999
9691
9923
9876
9889
9949
9941
9997
9852
9773
9861
10000
9853
9931
9940
9774
9901
10000
9999
9953
9961
9931
10000
9900
10000
9960
9907
9927
9772
9891
9994
9930
9784
9946
9810
9833
9840
9973
9952
9998
9917
9992
9997
9954
9951
9979
9944
9963
9986
9946
9831
9924
9977
9897
10000
9898
9941
9959
9905
9988
9986
10000
9982
9993
9878
9926
9835
9870
9950
9976
9998
9897
9958
9936
9942
9994
9966
9924
9944
9942
9877
9922
9815
9757
9915
9824
9882
10000
9862
10000
9970
9836
9854
9771
9889
9897
9919
9850
9800
9922
9897
9897
9811
9979
9804
9860
9877
9948
9809
9973
9858
9995
9950
9914
9762
9932
9856
9911
9906
9992
10000
9744
9875
9931
9866
9927
9910
9924
9957
9868
9905
9804
9895
9947
9843
9803
10000
9786
9897
9913
9828
9905
9874
9888
9888
9884
9836
10000
10000
9904
9740
9878
9990
9845
9950
9926
9767
9999
9866
9922
9839
9977
9902
9982
9965
9937
9967
9945
9892
9908
9983
9971
10000
9959
9941
9922
9924
9794
9975
9968
9881
9937
9965
9967
9791
9952
9962
9998
10000
9934
9926
9893
9867
9784
9997
9912
9948
9924
9898
9771
10000
9997
9962
9981
9925
9893
9999
9993
9942
9970
9873
10000
9857
9801
9968
9953
9999
9932
9774
9892
9979
9849
9977
9862
9993
9906
9997
9903
9898
9893
9849
9819
9850
9889
9925
9950
9951
9875
9746
9949
9987
9868
9921
9885
9914
9956
9910
9886
9902
9888
9954
9917
9950
9836
9972
9965
9959
9935
9941
9873
9892
9998
9877
9949
9855
9997
9949
9948
9940
9938
9930
9869
9930
9993
9890
9813
9921
9842
9965
9879
9983
9882
9984
9841
9936
9925
9832
9947
9967
9904
9836
9944
9871
9902
9882
9997
9965
9924
9885
9937
10000
9897
9992
9939
9902
9927
9976
9839
9887
9885
9824
9992
9826
9995
9864
10000
9998
9985
9814
9950
9830
9761
9969
9942
9965
9910
9966
9946
9940
9965
9959
9890
10000
10000
9986
9914
9920
9938
9843
9887
10000
9798
9930
9987
9934
9997
9625
9925
9799
9952
9923
9842
9872
9969
9995
9947
9851
9851
9829
9848
9998
9961
9704
9999
9804
9986
9890
9859
9953
9943
9930
9822
9888
9998
9931
9822
9979
9977
9880
9895
9944
9873
9891
9812
9959
9861
9934
9821
9946
9868
9929
9952
9900
9973
9891
9918
9948
9977
9874
9963
9968
9956
9866
9999
9916
9829
9876
9879
9788
9853
9931
9919
9918
9975
9939
9995
9969
9862
9950
9955
9886
9955
9929
9919
9957
9922
9974
9807
9961
9930
9871
9886
9883
9873
9948
9853
9712
9924
9868
9998
9991
9922
9885
10000
9768
9901
9868
9896
9998
9990
9894
9971
9947
9999
9909
9881
9822
9896
9829
9973
9925
9873
9917
9878
9946
9701
9850
9950
9879
9934
9862
9952
9947
9886
9953
9999
9821
9782
9941
9973
9857
9937
9918
9886
9834
9936
9971
10000
9845
9972
9849
