9834
9914
9944
9855
9969
9835
9963
9913
9891
9867
9782
9895
9724
9919
9926
9959
9986
9993
9849
9880
9933
9945
9901
9876
9932
9901
9924
9883
9942
9893
9893
9836
9944
9833
9841
9871
9857
9938
9797
9877
9866
9957
9802
9931
9893
9927
9828
9963
9952
9828
9905
9931
9843
9906
9845
9931
9984
9967
9768
9808
9913
9918
9851
9925
9928
9925
9906
9868
9884
9913
9882
9904
9943
9879
9996
9880
9918
9933
9838
9911
9955
9933
9989
9942
9868
9940
9969
9903
9812
9939
9980
9919
9871
9938
9966
9972
9804
9943
9978
9896
9960
9913
9917
9823
9940
9948
9950
9701
9945
9867
9929
9803
9933
9851
9762
9866
9809
9888
9965
9916
9888
9962
9769
9926
9933
9913
10000
9925
9819
9892
9889
9878
9734
9917
9879
9775
9840
9979
9841
9896
9966
9840
9959
9911
9878
9918
9948
9939
9895
9850
9939
9984
9948
9896
9935
9822
9862
9948
9945
9926
9883
9881
9991
9907
9931
9937
9902
9944
9940
9971
9966
9865
9978
9975
9967
9952
9916
9888
9911
9711
9856
9937
9970
9708
9855
9974
9951
9885
9900
9887
9802
9922
9928
9932
9860
9857
9807
9994
9887
9938
9947
9825
9951
9894
9849
9801
9985
9957
9856
9799
9931
9873
9949
9912
9948
9922
9898
9893
9932
9908
9952
9889
9812
9911
9926
9872
9874
9877
9845
9861
9847
9834
9923
9897
9916
9969
9868
9930
9879
9892
9943
9920
9958
9848
9857
9854
9833
9891
9993
9979
9948
9775
9853
9916
9941
9961
9956
9979
9949
9936
9990
9959
9968
9865
9990
9925
9784
9937
9910
9917
9938
9953
9932
9838
9916
9861
9998
9943
9867
9949
9952
9952
9774
9902
9931
9992
9911
9962
9921
9919
9898
9988
9823
9895
9900
9960
9943
9953
9883
9866
9993
9890
9978
9940
9833
9899
9894
9999
9775
9999
9889
9867
9818
9939
9866
9874
9916
9826
9833
9918
9932
9909
9845
9884
9915
9928
9938
9918
9949
9957
9936
9878
9948
9896
9839
9937
9941
9988
9910
9633
9731
9922
9816
9897
9861
9927
9774
9944
9823
9929
9912
9936
9894
9854
9933
9870
9927
9810
9972
9884
9914
9934
9999
9969
9809
9918
9948
9989
9933
9835
9983
9908
9938
9932
9915
9876
9949
9902
9794
9874
9922
9788
9839
9937
9920
9960
9796
9899
9931
9905
9954
9915
9954
9936
9897
9867
9820
9866
9968
9990
9907
9854
9887
9837
9939
9930
9857
9860
9887
9903
9958
9971
9995
9910
9998
9846
9941
9931
9887
9909
9902
9984
9915
9895
9829
9941
9880
9986
9955
9886
9939
9907
9977
9884
9833
9953
9907
9926
9862
9848
9783
9910
9950
9929
9942
9952
9935
9948
9814
9933
9928
9876
9949
9923
9919
9946
9890
9948
9913
9840
9943
9942
9980
9991
9944
9997
9838
9909
9966
9959
9843
9922
9931
9899
9875
9881
9800
9951
9818
9880
9885
9924
9829
9894
9874
9890
9901
9952
9847
9987
9963
9902
9843
9916
9842
9932
9950
9933
9874
9888
9819
9959
9828
9971
9881
9851
9933
9955
9906
9867
9852
9884
9936
9916
9942
9931
9894
9878
9898
9995
9828
9904
9898
9784
9839
9932
9962
9843
9911
9854
9952
9903
9938
9925
9901
9906
9864
9938
9800
9800
9958
9870
9916
9904
9935
9942
9958
9873
9858
9908
9973
9873
9737
9893
9813
9873
9835
9907
9999
9812
9985
9947
9856
9966
9868
9935
9740
9926
9960
9722
9880
10000
9887
9996
9878
9898
9875
9854
9810
9895
9923
9941
9858
9970
9925
10000
9919
9960
9935
9906
9867
9936
9890
9887
9923
9937
9925
9874
9955
9854
9886
9979
9973
9903
9953
9952
9935
9956
9947
9849
9880
9939
9908
9880
9759
9880
9800
9912
9812
9909
9712
9992
9967
9900
9858
9907
9943
9955
9911
9856
9901
9890
9960
9853
9931
9856
9731
9907
9950
9940
9914
9995
9929
9834
9916
9915
9963
9966
9832
9881
9952
9863
9934
9909
9860
9924
9950
9920
9845
9932
9812
9915
9956
9951
9886
9891
9911
9933
9900
9936
9967
9929
9939
9868
9858
9980
9870
9843
9834
9950
9901
9998
9745
9838
9900
9919
9963
9817
9900
9929
9971
9882
9890
9931
9991
9924
9876
9853
9965
9926
9873
9902
9894
9794
9965
9919
9884
9983
9997
9943
9935
9944
9915
9917
9888
9837
9976
9823
9933
9903
9828
9931
9993
9898
9949
9971
9849
9853
9881
9944
9951
9814
9924
9913
9920
9939
9866
9981
9859
9964
9866
9895
9894
9826
9934
9804
9858
9952
9810
9919
9931
9948
9903
9767
9935
9975
9901
9883
9936
9913
9936
9905
9921
9928
9866
9977
9964
9936
9888
9907
9786
10000
9924
9913
9963
9845
9969
9816
9917
9907
9976
9917
9871
9824
9926
9950
9895
9909
9804
9951
9964
9881
9994
9868
9901
9959
9895
9856
9961
9918
9969
9901
9895
9807
9971
9848
9942
9755
9897
9975
9957
9905
9845
9902
9945
9963
9993
9945
9853
9872
9964
9928
9958
9863
9808
9923
9926
9934
9982
9950
9896
9972
9898
9917
9822
9932
9881
9949
9946
9892
9834
9862
9814
9927
9889
9922
9915
9948
9820
9826
9914
9929
9896
9996
9967
9896
9955
9904
9898
9883
9957
9915
9904
9892
9840
9841
9971
9910
9916
9880
9887
9904
9967
9868
9844
9941
9958
9896
9782
9919
9879
9938
9923
9862
9939
9900
9913
10000
9954
9921
9930
9938
9905
9794
9912
9879
9925
9916
9928
9889
9849
9852
9794
9932
9941
9864
9934
9904
9863
9945
9943
9921
9948
9839
9963
9927
9945
9914
9938
9834
9882
9923
9873
9826
9934
9985
9844
9927
9891
9874
9928
9901
9922
9967
9898
9906
9888
9896
9873
9874
9978
9916
9941
9947
9936
9849
9855
9923
9877
9877
9922
9994
9889
9840
9923
9942
9764
9897
9955
9926
9843
9884
9926
9893
9945
9937
9921
9926
9996
9929
9859
9870
9909
9769
9937
9901
9875
9864
9960
9992
9898
9911
9903
9906
9925
9903
9897
9866
9914
9962
9898
9892
9850
9910
9949
9899
9817
9962
9821
9868
