9820
9924
10000
9708
10000
10000
9547
9624
9875
9805
9619
10000
9792
9791
9865
9853
9371
9909
9738
9877
9438
10000
10000
9618
9975
9613
9555
9686
10000
9787
9936
9783
9925
10000
10000
9261
9895
9483
9708
9829
9835
10000
9933
9775
9760
10000
9908
9450
9418
9809
10000
10000
9683
9765
9927
9931
9701
9940
8795
9759
10000
9872
9943
9875
9060
9969
10000
9794
8402
9909
9595
10000
9897
9230
9904
10000
9933
10000
10000
9874
10000
9065
10000
9663
9641
9471
9874
9511
9446
9862
9734
9956
9528
9894
8830
9929
9396
9551
9865
9732
9905
10000
9699
9726
9564
9624
9300
9222
9697
9390
9779
9855
9519
9905
9607
9952
9622
9991
9409
9197
9785
10000
9699
9791
9846
9757
9604
9150
9197
9951
9791
9852
9804
9911
9618
10000
9396
10000
9763
9762
10000
9933
9870
9230
9935
9853
9801
10000
9848
9853
9720
9898
9901
9378
9659
9900
9567
9611
9789
9786
10000
9596
9926
9886
9329
9125
9372
9720
9944
9808
10000
10000
9997
9812
9965
9543
10000
9876
9709
9940
9762
9857
9467
9870
9711
10000
10000
9939
9826
10000
9794
9932
10000
9898
9968
9877
9762
9419
9972
9652
9565
10000
9860
9023
9340
9562
9884
9661
10000
9959
9867
9521
10000
10000
9969
10000
9762
9940
10000
9904
9616
9754
9872
9941
9750
9792
9697
9948
9389
9679
9902
9942
9929
9648
9910
9556
9841
9863
9911
9256
9948
9602
10000
8743
9167
9956
10000
9989
10000
9854
9578
9746
9843
9182
9934
9282
9897
9867
10000
9347
9650
10000
9761
9789
9838
10000
9803
9977
9709
9809
9585
10000
10000
9834
9894
9834
9960
9664
9974
9996
9520
9788
9389
9835
9944
9995
9849
10000
9414
9952
9597
9789
9923
10000
9705
9622
9346
9935
8873
9764
10000
9612
9870
9021
9896
9438
9842
9892
9261
9831
9818
9973
8985
10000
9895
9922
10000
9906
9888
9753
9785
9624
10000
9503
9797
9671
9759
9679
9681
9808
9690
9478
9883
9748
9563
9803
9947
9841
9658
9763
9115
9878
9799
9698
9997
9804
9584
9697
9948
9600
9765
9581
9755
9463
9680
9978
9841
9956
9746
9817
9665
9959
9992
9184
9558
9908
9790
9921
9945
9939
9395
10000
9844
9780
9811
9661
9781
10000
9850
9656
9764
10000
9926
10000
9347
9910
9642
9709
9821
9177
9823
9503
9984
10000
9846
8947
9847
9056
9887
9528
9225
10000
9679
8673
10000
9960
10000
9360
9854
10000
9987
8802
9900
9929
9503
9938
9776
9998
9805
9885
9882
9381
9980
9890
9902
9984
9808
10000
9842
9851
10000
9339
9688
10000
9939
9224
9821
9925
9822
9708
9734
9001
9750
9683
8760
9807
9758
9793
9730
9860
9681
9277
9711
10000
9829
9855
9909
10000
9455
9837
9522
9911
9829
9503
9831
9691
9802
9726
9915
9847
9293
9839
9400
10000
9865
10000
9932
9502
9875
9894
9841
9570
9895
9978
9736
9898
9499
9830
9473
9769
9636
9900
9895
10000
9882
9264
10000
9912
9683
10000
9371
9821
9890
9812
9876
9787
9248
9955
9811
9863
9541
10000
9930
9901
9552
9942
9198
9886
9950
8925
8950
9999
9882
9452
9948
10000
10000
10000
9760
9498
9656
9602
9846
9798
9993
9880
9415
9701
9810
9751
9605
9408
9954
9926
9938
9738
10000
8767
9964
9921
9296
9855
9874
9522
9689
9599
10000
9807
9480
9962
9110
9916
9762
9020
10000
9667
9065
9648
9818
9904
9911
9647
9649
10000
9817
9745
9862
8905
9833
10000
9832
9668
9735
9553
9880
9841
9814
9912
9770
9862
9544
9836
9942
10000
9829
10000
9877
9989
9652
9385
9368
9436
9323
9903
9561
9937
9690
9941
9926
9849
10000
8995
9564
9831
9760
9620
9695
9474
9801
9532
9998
9545
9832
9966
10000
9836
9714
10000
9105
9970
9908
9622
9948
10000
9176
9835
10000
10000
9636
9707
9961
9725
9860
9776
9712
9718
9949
10000
9286
8827
9822
9936
9535
9863
9930
9504
9693
9876
9856
9786
9879
9604
10000
9922
9793
9661
9299
9454
10000
9617
10000
9459
9825
9162
9730
9695
9792
9675
9546
9835
9676
9859
9837
9888
9927
9913
9664
9732
9829
10000
9722
9157
9896
9799
9540
10000
10000
10000
9832
9899
9855
9742
9881
9841
9695
9955
9942
9935
9879
9723
9898
9815
9843
9881
9809
9696
9677
9921
9744
9900
9625
9838
10000
10000
9993
10000
9635
9897
9965
10000
9870
9350
9611
9584
9408
10000
9614
9746
9808
9572
9924
10000
8887
10000
9411
9833
10000
9825
9973
9950
9935
9864
9871
9550
9625
9317
9725
10000
10000
10000
9784
9697
10000
9266
9807
10000
9549
9933
9682
9949
9622
9934
9840
9875
9401
10000
10000
9284
9926
9791
9477
9595
9977
9891
9834
9744
9900
9749
9683
9823
9648
9822
9850
9882
9849
9794
9929
9829
10000
9475
9800
9656
9853
9923
10000
9591
9610
9689
9897
10000
10000
9802
9635
9758
9846
9326
9967
9744
9821
9957
10000
10000
9655
9584
9537
9854
9831
9679
9884
9865
9937
9716
9828
9543
10000
10000
9991
9884
10000
9941
9517
9901
9977
9744
9611
9637
9941
10000
9901
9322
9830
9594
9888
9820
9842
9756
9797
9845
9522
9816
9834
9704
9021
9712
9724
9856
10000
9873
10000
9492
9945
9877
9352
9899
9949
9874
9701
9763
9949
9841
9925
9247
9347
9884
10000
9853
9650
9870
10000
9772
9957
10000
9877
9764
9058
9660
9469
9425
9742
9843
9700
9311
10000
9431
9749
9777
9936
9862
9640
9984
10000
9668
9768
9999
9668
9858
9040
9303
9743
9821
9882
9878
9885
9948
9922
10000
9613
9794
9677
9837
10000
10000
9529
9233
9860
9819
9888
9458
9504
9947
9502
10000
9471
10000
10000
9865
10000
10000
9868
9876
9207
10000
9445
9795
9232
9676
9813
9824
10000
9733
9887
9671
9234
10000
9924
9369
10000
9700
9785
9697
9776
8940
9841
9932
9462
9543
9872
9656
9920
9922
9945
10000
9831
9353
10000
9876
9905
9225
10000
9722
9980
10000
9765
9161
9444
9088
9943
8686
9289
9233
