9924
9913
9925
9947
9763
9815
9971
9899
9905
9840
9904
9867
9947
9931
9897
9950
9979
9915
9799
9860
9909
9944
9777
9962
9735
9835
9883
9945
9978
9820
9759
9944
9852
9898
9913
9974
9906
9987
9924
9870
9930
9924
9965
9972
9913
9850
9953
9988
9920
9999
9959
9933
9864
9946
9898
9883
9964
9976
9956
9901
9957
9860
9920
9915
9978
9785
9844
9937
9961
9914
9908
9908
9948
9884
9864
9881
9833
9995
9973
9927
9906
9874
9977
9909
9920
9984
9847
9936
9840
9907
9835
9812
9803
9901
9888
9995
9998
9917
9890
9939
9942
9746
9983
9909
9887
9815
9899
9939
9871
9892
9927
9927
9879
9826
9976
9857
9959
9981
9877
9922
9958
9898
9808
9883
9862
9890
9977
9947
9845
9877
9906
9925
9861
9899
9870
9933
9907
9884
9845
9743
9817
9960
9954
9973
9993
9845
9856
9937
9980
9905
9952
9910
9952
9893
9915
9839
9894
9915
9923
9928
9830
9925
9820
9906
9886
9922
9878
9871
9851
9844
9960
9935
9857
9924
9808
9954
9777
9873
9833
9849
9898
9860
9851
9935
9801
9993
9911
9851
9854
9898
9976
9938
9797
9915
9966
9948
9968
9925
9984
9891
9792
9895
9861
9888
9968
9957
9960
9935
9869
9825
9923
9814
9875
9882
9806
9923
9835
9931
9876
9908
9855
9926
9935
9908
9870
10000
9846
9812
9947
9928
9904
9966
9985
9926
9879
9790
9855
9974
9911
9764
9961
9842
9860
9926
9845
9936
9918
9808
9852
9950
9921
9907
10000
9925
9868
9890
9997
9765
9957
9981
9944
9854
9897
9920
9979
9936
9958
9957
9923
9858
9895
9925
9966
9915
9984
9805
9841
9928
9807
9863
9907
9853
9900
9975
9984
9964
9880
9923
9886
9832
9963
9943
9996
9918
9944
9902
9968
9943
9976
9907
9930
9903
9917
9938
9870
9918
9919
9874
9868
9905
9904
9912
9954
9979
9962
9919
9878
9877
9952
9916
9887
9894
9856
9964
9843
9892
9874
9940
9798
9909
9940
9881
9870
9978
9829
9921
9921
9847
9911
9863
9947
9876
9906
9785
9853
9837
9879
9920
9998
9848
9926
9961
9897
9902
9823
9935
9779
9929
9996
9944
9794
9903
9859
9908
9909
9857
9976
9986
9775
9814
9965
9956
9871
9988
9960
9931
9963
9809
9939
9913
9864
9934
9961
9985
9980
9977
9852
9918
9855
9901
9963
9861
9850
9915
9863
9870
9794
9952
9880
9962
9911
9857
9955
9818
9952
9916
9971
9875
9982
9966
9947
9903
9858
9817
9931
9913
9841
9826
9891
9983
9883
9923
9906
9921
9885
9890
9940
9813
9875
9864
9897
9959
9854
9842
9885
9956
9935
9933
9985
9835
9914
9867
9943
9890
9938
9944
9884
9861
9908
9946
9915
9947
9891
9945
9921
9787
9858
9839
9820
9888
9957
9886
9983
9889
9921
9897
9967
9949
9884
9808
9982
9840
9918
9934
9914
9943
9870
9778
9937
9886
9837
9895
9940
9907
9939
9879
9847
9854
9954
9791
9892
9872
9841
9898
9938
9880
9908
9938
9910
9820
9996
9940
9883
9891
9932
9926
9936
9779
9936
9956
9904
9875
9782
9889
9903
9989
9930
9949
9926
9843
9941
9898
9865
9761
9903
9936
9941
9920
9927
9888
9930
9832
9938
9894
9900
9858
9950
9936
9873
9936
9809
9693
9902
9942
9892
9765
9947
9862
9986
9909
9936
9900
9926
9876
9918
9886
9856
9951
9911
9931
9964
9974
9856
9920
9877
9928
9957
9976
9859
9980
9918
9741
9918
9911
9834
9951
9949
9762
9840
9890
9921
9928
9954
9934
9959
9810
9916
9826
9947
9925
9975
9910
9783
9921
9856
9957
9877
9867
9875
9872
9923
9968
9949
9932
9903
9890
9863
9871
9943
9948
9854
9824
9943
9818
9979
9906
9867
9780
9828
9947
9950
9978
9956
9957
9938
9901
9903
9909
9759
9906
9976
9845
9866
9935
9849
9856
9957
9709
9902
9866
9931
9866
9920
9950
9957
9865
9874
9970
9881
9871
9864
9945
9846
9879
9895
9988
9868
9877
9915
9890
9923
9895
9854
9976
9926
9824
9930
9905
9829
9954
9820
9862
9894
9851
9836
9912
9968
9998
9873
9969
9861
9972
9925
9930
9840
9933
9926
9862
9960
9898
9906
9872
9943
9869
9954
9848
9978
9961
9908
9920
9927
9997
9986
9849
9936
9891
9850
9858
9967
9906
9940
9933
9917
9867
9882
9892
9905
9978
9842
9849
9966
9876
9777
9991
9852
9844
9877
9922
9954
9903
9944
9960
9924
9931
9956
9882
9838
9949
9955
9971
9740
9974
9922
9941
9910
9882
9934
9772
9916
9897
9843
9870
9907
9980
9822
9939
9938
9996
9899
9862
9944
9914
9938
9967
9909
9957
9904
9901
9873
9891
9927
9900
9952
9910
9895
9922
10000
9846
9789
9885
9983
10000
9936
9931
9846
9931
9962
9925
9966
9888
9966
9881
9988
9902
9888
9904
9930
9938
9932
9760
9947
9946
9802
9958
9819
9981
9939
9855
9965
9917
9958
9930
9914
9934
9945
9788
9923
9888
9876
9965
9848
9926
9655
9965
9895
9900
9937
9989
9815
9867
9973
9970
9854
9933
9819
9731
9939
9901
9911
9975
9810
9925
9965
9785
9915
9954
9879
9943
9760
9891
9996
9851
9923
9926
9901
9927
9843
9859
9925
9994
9938
9796
9851
9947
9938
9928
9874
9926
9908
9870
9979
9841
9796
9888
9897
9973
9943
9892
9980
9867
9780
9965
9867
9769
9868
9853
9856
9866
9821
9889
9857
9783
9946
9854
9830
9841
9962
9977
9820
9963
9937
9905
9868
9984
9790
9842
9750
9958
9872
9806
9870
9964
9923
9871
9893
9881
9962
9910
9929
9965
9850
9939
9994
9894
9943
9942
9666
9787
9965
9929
9950
9990
9998
9942
9922
9910
9808
9963
9909
9941
9976
9902
9983
9946
9951
9879
9997
9867
9920
9911
9922
9871
9967
9879
9990
9895
9765
9916
9993
9947
9904
9826
9941
9800
9947
9821
9976
9854
9883
9847
9879
9930
9956
9936
9878
9897
9908
9960
9896
9959
9965
9892
9919
9972
9966
9995
9923
9837
9888
9983
9783
9998
9862
9844
9983
9897
9873
9973
9900
9975
