9985
9862
9984
9889
9792
9908
9934
9853
9832
9787
9908
9899
9719
9966
9909
9774
9911
9932
9953
9739
9967
9964
9842
9868
9993
9659
9920
9908
9951
9849
9947
9939
9831
9916
9893
9854
9965
9906
9906
9930
9937
9858
9987
9893
9894
9908
9862
9899
9899
9846
9982
9934
9840
9955
9992
9940
9954
9730
9874
9867
9863
9952
9883
9907
9914
9884
9888
10000
9861
9976
9954
9969
9748
9958
9856
9989
9837
9863
9842
9855
9882
9894
9911
9946
9913
9860
9943
9818
9865
9904
9933
9873
9862
9698
9763
9923
9899
9788
9973
9903
9908
9975
9919
9904
9886
9934
9797
9913
9799
9874
9926
9856
9897
9826
9900
9977
9992
9992
9918
9966
9961
9925
9941
9911
9886
9920
9820
9943
9897
9867
9916
9858
9887
9892
9861
9989
9796
9894
9871
9913
9914
9928
9828
9900
9922
9979
9878
9765
9882
9942
9990
9914
9935
9848
9922
9932
9916
9947
9809
9966
9924
9767
9902
9751
9809
9886
9937
9902
9879
9923
9914
9900
9860
9938
9893
9860
9909
9788
9913
9899
9927
9890
9959
9954
9911
9944
9948
9943
9862
9934
9902
9893
9957
9921
9924
9967
9932
9835
9926
9934
9928
9885
9975
9921
9940
9911
9978
9953
9893
9846
9951
9962
9876
9921
9913
9911
9963
9915
9925
9911
9966
9801
9864
9877
9965
9758
9872
9879
9938
9961
9985
9941
9870
9962
9942
9863
9891
9914
9942
9970
9953
9881
9934
9800
9966
9902
9911
9843
9879
9927
9890
9861
9968
9886
9899
9815
9807
9908
9939
9882
9868
9928
9906
9944
9941
9919
9922
9927
9951
9952
9971
9953
9944
9977
9911
9952
9864
9816
9948
9872
9964
9808
9976
9957
9977
9908
9981
9843
9876
9969
9800
9871
9854
9885
9989
9947
9969
9930
9890
9940
9938
9856
9959
9939
9928
9862
9918
9985
9837
9888
9973
9894
9873
9904
9853
9924
9959
9908
9794
9833
9970
9915
9846
9950
9921
9982
9854
9918
9819
9925
9884
9931
9972
9855
9913
9909
9836
9951
9931
9951
9836
9894
9935
9882
9972
9951
9825
9880
9954
9894
9906
9917
9928
9920
9955
9916
9953
9933
9922
9865
9961
9996
9893
9948
9949
9927
9825
9825
9818
9863
9985
9917
9999
9930
9938
9965
9956
9918
9885
9847
9864
9818
9849
9895
9900
9942
9884
9876
9924
9910
9920
9846
9838
9907
9870
9807
9954
9898
9916
9812
9878
9947
9981
9930
9928
9914
9847
9895
9940
9917
9896
9877
9828
9665
9988
9895
9785
9810
9926
9835
9854
9944
9929
9892
9933
9907
9896
9948
9814
9931
9951
9961
9926
9969
9976
9877
9822
9982
9963
9876
9921
9910
9952
9841
9885
9816
9781
9907
9864
9975
9953
9868
9944
9868
9882
9872
9845
9997
9945
9892
9909
9851
9941
9892
9732
9975
9945
9854
9888
9927
9883
9938
9901
9941
9927
9755
9922
9940
9996
9959
9910
9892
9809
9870
9928
9909
9836
9907
9941
9828
9980
9818
9858
9789
9923
9943
9862
9843
9927
9983
9878
9912
9868
9905
9974
9810
9927
9905
9961
9981
9939
9940
9897
9948
9941
9896
9971
9915
9924
9927
9997
9978
9740
9864
9859
9987
9918
9819
9883
9898
9772
9964
9985
9824
9875
9946
9742
9902
10000
9949
9958
9920
9877
9908
9902
9880
9923
9820
9854
9848
9864
9911
9942
9916
9965
9905
9944
9906
9747
9939
9925
9907
9789
9965
9918
9896
9955
9910
9894
9966
9818
9996
9829
9880
9969
9799
9861
9908
9816
9893
9943
9920
9962
9936
9947
9911
9883
9953
9741
9966
9960
9861
9860
9929
9926
9870
9867
9898
9944
9904
9928
9909
9856
9918
9921
9961
9925
9796
9903
9904
9956
9948
9834
9939
9958
9907
9844
9986
9977
9899
9951
9955
9952
9944
9958
9792
9947
9942
9766
9868
9965
9971
9885
9931
9827
9853
9923
9966
9777
9895
9914
9696
9939
9900
9897
9841
9907
9916
9846
9971
9872
9927
9932
9948
9973
9923
9874
9901
9908
9988
9955
9900
9793
9834
9988
9952
9945
9895
9914
9946
9933
9861
9908
9920
9862
9898
9938
9807
9826
9950
9893
9977
9978
9875
9901
9818
9954
9926
9992
9899
9873
9920
9955
9984
9819
9811
9898
9928
9934
9926
9921
9795
9915
9974
9796
9906
9908
9934
9954
9890
9867
9920
9949
9868
9896
9983
9925
9791
9882
9863
9910
9858
9957
9945
9939
9761
9985
9848
9884
9965
9876
9962
9744
9957
9872
9853
9934
9890
9884
9991
9941
9987
9786
9903
9888
9922
9913
9911
9895
9987
9914
9900
9921
9950
9843
9990
9899
9889
9913
9923
9928
9951
9910
9933
9893
9844
9901
9898
9885
9909
9809
9945
9835
9945
9846
9869
9876
9867
9767
9887
9944
9972
9907
9905
9928
9912
9913
9903
9976
9955
9855
9944
9947
9910
9917
9940
9997
9999
9924
9961
9914
9891
9898
9937
9948
9874
9955
9999
9888
9943
9818
9915
9949
9924
9898
9874
9965
9933
9946
9894
9959
9879
9884
9897
9959
9767
9857
9919
9862
9928
9763
9920
9960
9840
9952
9983
9957
9953
9915
9978
9915
9797
9928
9942
9909
9921
9907
9868
9915
9880
9861
9909
9919
9865
9936
9969
9927
9933
9755
9925
9898
9934
9952
9987
9958
9952
9969
9935
9753
9747
9951
9867
9880
9955
9920
9880
9910
9944
9888
9902
9812
9976
9864
9906
9831
9858
9922
9908
9874
9897
9896
9942
9966
9926
9839
9974
9942
9966
9867
9929
9952
9937
9942
9907
9966
9826
9806
9958
9975
9961
9917
9888
9937
9862
9878
9975
9971
9861
9785
9923
9943
9896
9885
9814
9944
9886
9918
9880
9981
9894
9878
9853
9908
9929
9899
9952
9958
9692
9870
9817
9908
9943
9839
9927
9887
9937
9857
9942
9877
9897
9729
9862
9880
9947
9939
9892
9934
9946
9953
9972
9920
9836
9888
9961
9928
9963
9800
9789
9887
9884
9972
9935
9908
9929
9870
9931
9850
9943
9941
9878
9928
9920
9926
9894
9956
9911
9931
9906
9867
9992
9929
9928
9957
9810
9912
9943
9910
9909
9999
9927
