9853
9976
9900
9919
9917
9879
9839
9986
9879
9967
9964
9950
9982
9910
9948
9947
9824
9861
9903
9845
9863
9900
9968
9937
9974
9892
9971
9912
9902
9893
9753
9907
9961
9950
9920
9817
9834
9646
9914
9908
9849
9834
9913
9929
9932
9898
9900
9790
10000
9897
9769
9958
9915
9873
9919
9886
9943
9949
9947
9896
9808
9907
9886
9836
9853
9939
9902
9897
9896
9836
9817
9984
9891
9911
9984
9942
9962
9902
9941
9819
9877
9931
9820
9936
9782
9794
9746
9945
9954
9776
9846
9924
9963
9968
9944
9972
9910
9888
9787
9859
9711
9876
9939
9707
9857
9880
9833
9911
9919
9898
9899
9826
9890
9872
9951
9916
9920
9891
9924
9940
9928
9920
9850
9912
9868
9990
9895
9954
9953
9875
9914
9925
9886
9998
9885
9885
9941
9997
9883
9884
9943
9968
9684
9912
9950
9985
9753
9955
9889
9976
9854
9920
9856
9885
9880
9832
9947
9813
9975
9869
9890
9916
9997
9944
9913
9937
9947
9968
9845
9908
9870
9996
9967
9868
9831
9897
9881
9911
9907
9837
9922
9860
9966
9851
9725
9774
9910
9945
9998
9884
9939
9862
9847
9828
9793
9951
9965
9807
9962
9986
9959
9770
9875
9865
9912
9878
9932
9747
9987
9999
9894
9882
9954
9955
9923
9985
9943
9806
9833
9960
9914
9975
9893
9847
9971
9944
9796
9894
9912
9840
9899
9936
9931
9880
9912
9808
9935
9913
9880
9912
9897
9939
9735
9917
9922
9814
9911
9908
9912
9831
9950
9758
9884
9919
9961
9923
9772
9978
9887
9988
9831
9884
9848
9909
9981
9847
9902
9858
9958
9849
9900
9836
9963
9941
9839
9891
9909
9907
9939
9953
9931
9783
9971
9990
9815
9973
9884
9955
9974
9894
9972
9844
9937
9999
9921
9869
9895
9845
9973
9924
9989
9897
9929
9905
9926
9894
9722
9955
9935
9840
9904
9882
9912
9868
9906
9971
9871
9966
9896
9979
9994
9921
9868
9972
9964
9965
9981
9797
9952
9867
9947
9917
9983
9898
9940
9804
9852
9943
9903
9973
9840
9851
9883
9970
9898
9959
9877
9874
9928
9778
9966
9893
9914
9870
9933
9939
9980
9808
9934
9982
9878
9829
9847
9933
9923
9843
9893
9839
9919
9899
9864
9759
9880
9949
9740
9954
9846
9921
9706
9833
9827
9879
9966
9977
9905
9953
9919
9920
9979
9852
9973
9821
9951
9935
9876
9959
9933
9867
9855
9965
9871
9914
9941
9953
9870
9868
9893
9875
9893
9905
9891
9882
9901
9918
9814
9926
9874
9959
9972
9917
9770
9964
9994
9774
9974
9887
9847
9769
9948
9957
9882
9784
9881
9949
9941
9998
9904
9789
9906
9870
9882
9970
9980
9902
9862
9931
9931
9956
10000
9818
9911
9873
9913
9954
9785
9883
9854
9829
9829
9947
9860
9801
9968
9960
9929
9910
9849
9993
9884
9960
9994
9945
9872
9800
9914
9948
9841
9805
9849
9857
9894
9990
9912
9855
9972
9940
9885
9913
9948
9887
9946
9880
9936
9855
9867
9870
9948
9791
9863
9933
9901
9974
9988
9905
9891
9906
9960
9928
9944
9770
9912
9940
9899
9863
9876
9955
9916
9858
9966
9969
9926
9963
9809
9853
9872
9963
9951
9863
9889
9816
9875
9911
9970
9872
9859
9967
9981
9894
9924
9971
9883
9832
9957
9944
9903
9906
9976
9917
9871
9780
9961
9934
9842
9941
9894
9878
9955
9941
9921
9904
9845
9911
9897
9785
9985
9792
9959
9979
9940
9950
9845
9835
9872
9929
9855
9920
9922
9897
9936
9933
9970
9928
9902
9906
9888
9785
9891
9864
9971
9909
9957
9863
9939
9999
9943
9841
9877
9909
9977
9946
9835
9875
9803
9933
9878
9876
9943
9740
9936
9910
9887
9899
9871
9927
9944
9970
9894
9959
9967
9853
9903
9800
9918
9951
9917
9909
9954
9929
9967
9790
9898
9976
9829
9936
9966
9926
9874
9826
9859
9782
9791
9926
9793
9900
9921
9854
9939
9873
9926
9959
9957
9961
9851
9945
9992
9920
9937
9938
9879
9871
9968
9953
9916
9846
9916
9913
9924
9949
9820
9911
9944
9929
9837
9945
9817
9904
9948
9894
9907
9936
9941
9926
9916
9879
9935
9910
9901
9953
9932
9718
9881
9900
9863
9948
9914
9938
9999
9833
9919
9925
9976
9940
9963
9954
9917
9922
9928
9848
9886
9861
9950
9891
9965
9926
9857
9895
9944
9963
9896
9826
9892
9808
9757
9943
9870
9874
9972
9887
9970
9774
9923
9921
9914
9915
9842
9964
9924
9894
9843
9872
9875
9725
9856
9986
9949
9918
9986
9979
9962
9933
9842
9922
9835
9934
9833
9874
9897
9932
9980
9978
9859
9872
9895
9873
9954
9929
9814
9923
9868
9972
9824
9965
9936
9936
9956
9910
9877
9963
9913
9903
9961
9768
9942
9968
9931
9972
9908
9918
9992
9784
9946
9897
9979
9923
9942
9930
9966
9924
9925
9947
9939
9927
9617
9729
9901
9939
9897
9938
9930
9969
9831
9889
9931
9996
9899
9966
9810
9785
9810
9964
9953
9965
9897
9916
9891
9916
9739
9973
9932
9841
9767
9934
9837
9939
9930
9824
9945
9933
9929
9963
9954
9824
9920
9790
9965
9866
9925
9931
9981
9904
9800
9830
9865
9899
9931
9845
9978
9962
9885
9955
9996
9953
9819
9829
9808
9934
9917
9893
9910
9919
9927
9906
9933
9949
9899
9935
9830
9756
9779
9978
9928
9886
9933
9867
9914
9793
9930
9876
9934
9927
9890
9920
9915
9860
9932
9976
9905
9948
9891
9982
9907
9987
9933
9851
9955
9954
9925
9911
9878
9931
9858
9922
9996
9951
9923
9941
9942
9898
9903
9951
9820
9858
9934
9866
9939
9914
9936
9859
9881
9933
9841
9900
9886
9887
9899
9907
9877
9905
9891
9874
9726
9978
9943
9959
9915
9957
9902
9914
9854
9827
9999
9935
9949
9900
9915
9957
9959
9947
9920
9866
9909
9941
9909
9790
9874
9937
9947
9890
9999
9888
9812
9891
9813
9972
9871
9824
9917
9842
9964
10000
9897
9946
9890
9852
9829
9900
9861
9838
9929
9905
9885
9919
9923
9905
9974
9865
9908
9871
9828
9948
