9827
9911
9967
9860
9895
9914
9944
9915
9885
9946
9935
9817
9995
9827
9870
9945
9873
9976
9881
9918
9802
9950
9929
9949
9856
10000
9956
9891
9896
9996
9992
9864
9979
9923
9981
9998
9893
9771
9877
9824
9945
9910
9933
9965
9881
9958
9907
9989
9908
9918
9932
9837
9891
9920
9877
9893
9889
9966
9766
9926
9928
9954
10000
9872
9818
9921
9946
9882
9902
9864
9956
9977
10000
9991
10000
9998
9964
9932
9940
9835
9973
9952
9830
9986
9977
9939
9923
9881
9973
9999
9999
9847
9841
9910
9884
9734
9883
9996
9914
9916
9900
9889
9997
9860
9947
9998
9895
9911
9903
9884
9862
9861
9886
9761
9855
9913
9883
9848
9898
9922
9941
9974
9960
9954
9931
9929
9866
9948
9722
9942
9857
9951
9973
9992
9959
9960
9878
9908
9902
10000
9888
9864
9945
9895
9772
9997
9878
10000
9825
9948
9999
9891
9986
9939
9747
9968
9995
9957
9999
9883
9955
9972
9998
10000
9873
10000
9930
9899
9784
9971
9968
9964
9845
9992
9973
9872
9773
9988
9940
9886
9925
9931
9996
9958
9845
9984
9889
9849
9894
9959
9819
10000
9997
9885
9905
9952
9979
9915
9736
9839
10000
9922
9920
9999
9871
9944
9941
9910
9891
9917
9993
9950
9872
9915
9909
9865
9810
9967
10000
9788
9948
9905
9945
9888
9898
9878
9910
9876
9819
9904
9903
9939
9834
9886
9946
9938
9910
9995
10000
9814
9948
9938
9992
9785
9970
9999
9889
9827
9887
9878
9999
10000
9943
9979
9929
9997
9845
9984
9858
9844
9997
9939
9975
9977
9972
9868
9965
9904
9972
9819
9832
9975
9876
9926
9887
9970
9895
9998
9944
10000
9897
9968
9968
9855
9880
9882
10000
9884
9870
10000
9848
9791
9989
9966
9961
9954
9889
9817
9854
9845
10000
9921
9921
9893
9875
10000
9927
9851
9849
9916
10000
9915
9943
9953
10000
9926
9960
10000
9909
9935
9981
9888
10000
9871
9820
10000
9866
9947
9934
9869
9900
9897
9901
9906
9964
9895
9888
9946
9955
9986
9983
9932
9963
9843
9984
9829
9837
9999
9899
9999
9880
9834
9954
9911
9953
9843
10000
9916
9841
9945
9830
9999
9966
9923
9910
9824
9953
9685
9879
9895
9999
9893
9887
9964
9969
9865
9873
9918
10000
9947
9925
9902
9942
9932
9887
9917
10000
9871
9854
9931
9913
9898
9963
9958
9917
9926
9960
9999
9962
9920
9999
10000
9867
10000
9970
9986
9998
10000
9936
9901
9996
10000
9884
9905
9962
9916
10000
9930
9932
9913
9920
9929
9931
9994
9999
9920
9848
9975
9967
9951
9946
10000
9868
10000
9950
9951
9956
9932
9867
9966
9899
9868
9939
9776
9883
9914
9932
9903
9947
9892
9993
9932
9957
9925
9919
10000
9884
9826
9912
9922
9930
9862
9905
10000
9898
9912
9897
9904
9982
10000
9939
9922
9880
9983
9815
9976
9864
9926
9875
9882
9909
9841
9997
9898
9783
9978
9985
10000
9789
9928
9892
9928
9934
9872
9933
9905
9876
9998
9978
9997
10000
9947
9924
9848
9944
10000
9981
10000
9961
9881
9895
9842
9862
9987
9893
9806
9962
9930
9995
9998
9883
9944
9895
9860
9814
9968
9975
9916
9912
9999
9929
9900
9763
9991
9756
9951
9920
9894
9923
9895
9932
9957
9927
9890
9907
9780
9959
9931
9921
9835
9902
9888
9931
9998
9886
9942
9970
9894
10000
9943
9934
9960
9981
9968
9928
9876
9921
9893
9972
9957
9830
9890
9922
9900
9858
9879
9730
9847
9940
9910
9980
9902
9872
9987
9986
10000
9863
9909
9912
9922
9954
9913
9945
9833
9655
9798
10000
10000
9900
9840
9846
9992
10000
9916
9863
9863
9990
9956
9948
9958
9870
9974
9979
9898
9897
9976
9985
9893
9961
9816
10000
9856
9923
9964
9895
9937
9934
9959
9930
9929
9875
9901
9998
10000
9910
9964
9932
9943
9909
9877
9984
9929
9894
9926
9923
9988
9918
9889
9999
9962
9955
9873
9887
9870
9937
9908
9921
9873
9891
9898
9862
9851
9995
9851
9913
9931
9931
9893
9961
9998
9968
9891
9842
9869
9952
9844
9999
9923
9958
9942
9998
9872
9981
9990
10000
9871
9838
9987
9931
9999
9937
9878
9964
9998
9941
9998
9985
9907
9948
9810
9966
9964
9919
9860
9911
9990
9997
9957
9964
9826
9807
10000
9744
9926
9858
10000
9911
9955
9946
9922
9953
9947
9977
9811
9884
9984
9876
10000
9858
9965
9819
9999
9931
9956
9930
9825
9925
9890
10000
9999
10000
9883
9824
9808
9813
9913
9991
9958
9951
9917
9939
9907
9933
9922
9921
9951
9958
9927
10000
10000
9971
9915
9966
9988
9978
9958
10000
10000
9883
9934
9918
9922
9971
9797
9855
9837
9955
9983
9942
9889
9985
9966
9943
9875
9879
9764
9985
10000
9964
9976
10000
9854
9946
9957
9967
9921
9948
9980
9809
9842
9892
9883
9943
9862
10000
9909
9996
9997
9875
9896
9905
10000
9945
9907
9817
9911
9993
9926
9847
9972
9918
9961
9940
9949
9950
9965
9919
9927
9885
9921
9907
9936
10000
9960
9982
9889
9928
9916
9961
9974
9972
9971
9935
9806
9959
9997
9919
9893
9886
9993
9900
9892
9990
9806
9907
9932
9948
9911
9945
9875
9921
9882
9981
9804
10000
9744
9950
9945
9902
9926
9939
9920
9960
9805
9935
9887
9918
9864
9998
9842
9942
9759
9865
10000
9891
9818
9957
9895
9797
9931
9999
9970
9968
9998
9931
9897
9991
9859
9974
9953
10000
9871
9900
9994
9959
9829
9922
9825
9945
9959
9911
9999
10000
10000
9892
9943
9940
9925
9904
9972
9997
9817
9921
9970
9924
9834
9920
9995
9917
9958
9881
9894
9919
9916
9895
9951
9946
9933
9980
9996
9872
9839
9788
9944
9894
9897
9995
9864
9895
9740
9955
9835
9901
9897
10000
9863
9804
9902
9871
9769
9959
9886
9917
9884
9982
9875
9844
9855
9882
9977
9994
9880
9998
9963
9832
9955
9863
9931
9839
9812
9903
9925
9904
9950
9930
9995
9884
9872
9999
9992
9886
9881
9899
9951
9910
10000
9928
9999
9908
9947
