9895
9892
9959
9919
9911
9962
9950
9897
9901
9889
9908
9964
9869
9944
9911
9854
9930
9869
9889
9919
9942
9965
9857
9912
9872
9997
9892
9985
9888
9955
9903
9910
9921
9971
9763
9826
9936
9968
9901
9970
9953
9916
9813
9994
9879
9955
9815
9919
9874
9831
9932
9862
9806
9995
9946
9933
9992
9951
9799
9824
9929
9801
9879
9851
9843
9940
9895
9991
9910
9955
9933
9945
9989
9855
9812
9843
9883
9930
9844
9956
9970
9885
9916
9998
9826
9905
9914
9926
9892
9862
9824
9854
9916
9908
9906
9973
9900
9897
9943
9962
9932
9950
9899
9844
9971
9865
9927
9901
9854
9992
9863
9991
9939
9922
9946
9936
9806
9812
9916
9771
9931
9932
9889
9930
9800
9886
9739
9834
9789
9961
9841
9901
9845
9915
9972
9937
9942
9881
9925
9849
9906
9874
9886
9841
9893
9936
9914
9853
9714
9923
9904
9957
9868
9853
9855
9864
9869
9820
9986
9946
9972
9835
9907
9992
9812
9640
9897
9949
9925
9927
9941
9937
9934
9992
9930
9914
9943
9875
9932
9909
9872
9860
9858
9890
9937
9852
9897
9926
9877
9963
9951
9956
9692
9925
9848
9956
9851
9831
9972
9893
9890
9819
9959
9875
9929
9968
9924
9878
9951
9783
9907
9858
9827
9965
9939
9932
9894
9944
9864
9905
9917
9857
9944
9867
9921
9921
9839
9923
9902
9921
9969
9937
9892
9881
9957
9928
9969
9834
9838
9940
9944
9914
9921
9904
9908
9976
9938
9911
9911
9972
9936
9911
9937
9892
9895
9907
9955
9876
9826
9966
9842
9902
9949
9957
9880
9960
9822
9956
9963
9941
9898
9872
9897
9898
9933
9919
9873
9886
9731
9828
9892
9910
9859
9903
9914
9960
9908
9801
9909
9858
9869
9899
9908
9951
9961
9978
9852
9900
9913
9944
9874
9911
9922
9907
10000
9916
9858
9694
9891
9929
9896
9862
9922
9819
9882
9887
9908
9902
9964
9952
9954
9778
9874
9942
9757
9921
9964
9928
9835
9939
9961
9908
9895
9962
9912
9926
9868
9900
9974
9991
9865
9867
9836
9862
9885
9965
9898
9915
9924
9952
9809
9924
9868
9886
9959
9880
9956
9928
9997
9870
9892
9782
9874
9792
9918
9898
9888
9932
9968
9955
9799
9990
9946
9930
9904
9920
9896
9909
9870
9944
9703
9919
9888
9869
9962
9954
9806
9888
9985
9950
9945
9773
9937
9912
9817
9942
9922
9892
9909
9913
9868
9929
9969
9954
9904
9806
9900
9974
9924
9854
9873
9928
9835
9948
9945
9965
9819
9754
9924
9895
9858
9958
9931
9857
9877
9903
9803
9969
9815
9975
9972
9873
9946
9850
9872
9763
9932
9988
9926
9929
9913
9942
9915
9820
9842
9919
9957
9863
9836
9948
9944
9983
9797
9910
9880
9934
9827
9881
9965
9963
9897
9987
9968
9823
9935
9924
9846
9896
9968
9942
9742
9948
9954
9902
9884
9986
9895
9801
9959
9842
9836
9966
9926
9914
9999
9869
9931
9951
9971
9862
9900
9910
9817
9896
9930
9945
9870
9949
9833
9867
9881
9955
9904
9840
9861
9788
9889
9830
9814
9922
9930
9847
9874
9933
9947
9933
9951
9861
9820
9854
9906
9937
9912
9983
9883
9878
9941
9897
9999
9859
9951
9964
9947
9946
9867
9964
9943
9996
9888
9965
9931
9783
9935
9937
9839
9907
9878
9958
9947
9920
9868
9975
9897
9929
9927
9914
9909
9832
9899
9961
9891
9750
9932
9612
9844
9915
9831
9964
9928
9954
9987
9805
9945
9993
9868
9931
9960
9801
9913
9886
9814
9911
9875
9924
9779
9951
9950
9889
9912
9954
9937
9955
9958
9959
9880
9874
9937
9903
9914
9883
9920
9937
9745
9941
9874
9874
9788
9940
9940
9961
9938
9881
9963
9906
9891
9852
9913
9892
9893
9885
9885
9951
9839
9925
9953
9954
9969
9862
9927
9977
9836
9876
9848
9910
9976
9775
9948
9917
9895
9898
9851
9866
9901
9922
10000
9874
9934
9921
9903
9854
9901
9930
9859
9899
9907
9861
9913
9837
9938
9958
9888
9947
9929
9944
9897
9907
9952
9980
9964
9933
9948
9950
9926
9930
9914
9919
9979
9897
9860
9928
9916
9905
9957
9932
9849
9848
9872
9968
9818
9948
9977
9915
9917
9922
9918
9778
9931
9958
9898
9938
9976
9815
9876
9869
9942
9909
9913
9982
9779
9930
9847
9935
9901
9944
9888
9930
9869
9948
9856
9957
9928
9917
9882
9746
9979
9901
9863
9939
9887
9942
9853
9972
9942
9843
9899
9887
9950
9971
9916
9789
9845
9965
9868
9926
9850
9943
9872
9986
9909
9683
9874
9797
9956
9948
9897
9994
9865
9991
9903
9915
9930
9863
9900
9761
9896
9959
9961
9919
9867
9896
9830
9963
9986
9884
9918
9968
9997
9926
9950
9896
9919
9914
9905
9878
9941
9997
9798
9927
9873
9961
9938
9949
9967
9972
9893
9844
9822
9890
9787
9868
9863
9933
9930
9921
9949
9983
9901
9881
9952
9915
9926
9879
9936
9710
9867
9934
9927
9940
9884
9903
9834
9981
9945
9969
9845
9914
9961
9993
9917
9872
9850
9926
9860
9936
9928
9963
9911
9836
9909
9835
9924
9876
9870
9969
9951
9920
9891
9892
9838
9950
9947
9928
9876
9826
9962
9954
9858
9919
9973
9865
10000
9963
9903
9914
9941
9945
9916
9932
9876
9972
9935
9907
9932
9878
9969
9926
9831
9916
9929
9772
9822
9808
9944
9977
9894
9893
9952
9909
9993
9914
9890
9887
9974
9883
9982
9921
9924
9920
9923
9894
9861
9856
9932
9837
9942
9930
9980
9908
9935
9956
9821
9905
9910
9958
9935
9766
9937
9891
9897
9886
9966
9933
9865
9833
9986
9976
9943
9957
9956
9848
9893
9965
9965
9911
9938
9922
9882
9926
9941
9926
9904
9960
9907
9970
9827
9911
9866
9989
9989
9969
9873
9894
9842
9864
9808
9830
9885
9817
9935
9896
9752
9907
9892
9851
9959
9853
9959
9961
9883
9916
9919
9964
9832
9862
9881
9965
9908
9870
9923
9923
9812
9940
9947
9839
9874
9875
9956
9821
9866
9971
9895
9913
9900
9889
9829
9934
9832
9953
9872
9943
