9853
9902
9864
9861
9874
9882
9969
9957
9965
9925
9844
9973
9945
9914
9834
9962
9948
9927
9932
9800
9885
9880
9786
9880
9902
9927
9946
9943
9833
9816
9731
9875
9911
9972
9819
9849
9912
9864
9968
9882
9956
9863
9882
9957
9859
9916
9878
9917
9868
9905
9936
9946
9951
9893
9849
9938
9934
9860
9928
9967
9934
9950
9983
9908
9843
9844
9899
9967
9922
9835
9818
9955
9838
9893
9941
9961
9870
9849
9914
9941
9943
9887
9840
9976
9856
9884
9808
9874
9925
9917
9928
9869
9876
9867
9914
9939
9931
9948
9937
9847
9879
9882
9983
9753
9962
9810
9908
9951
9901
9890
9932
9967
9852
9978
9905
9979
9933
9771
9860
9899
9898
9927
9789
9927
9902
9943
9851
9935
9894
9822
9914
9902
9998
9801
9910
9784
9860
9938
9948
9953
9889
9910
9915
9987
9983
9830
9846
9841
9934
9953
9821
9866
9833
9929
9840
9845
9938
9949
9947
9919
9974
9886
9825
9753
9848
9958
9810
9889
9905
9941
9859
9918
9810
9924
9963
9911
9861
9897
9902
9882
9933
9878
9970
9883
9907
9911
9954
9949
9947
9897
9970
9897
9941
9889
9989
9922
9938
9743
9938
9913
9919
9855
9891
9915
9840
9865
9881
9856
9948
9876
9986
9664
9717
9919
9841
9840
9806
9953
9804
9864
9902
9983
9855
9734
9814
9848
9921
9904
9938
9857
9883
9945
9934
9951
9938
9909
9960
9991
9970
9895
9961
9993
9879
9903
9877
9928
9952
9938
9915
9961
9829
9890
9897
9869
9908
9887
9925
9935
9961
9794
9859
9905
9882
9815
9846
9853
9952
9873
9928
9913
9902
9984
9890
9895
9973
9960
9933
9925
9996
9782
9915
9932
9875
9894
9960
9931
9997
9870
9921
9931
9915
9951
9904
9904
10000
9897
9923
9942
9881
9956
9945
9796
9896
9966
9850
9915
9910
9882
9874
9870
9935
9994
9915
9778
9990
9959
9958
9979
9994
9894
9890
9940
9837
9910
9794
9948
9956
9988
9925
9913
9847
9767
9866
9883
9824
9874
9914
9969
9953
9772
9879
9930
9931
9904
9896
9864
9878
9850
9805
9784
9897
9786
9892
9797
9906
9864
9898
9826
9869
9947
9817
9852
9961
9955
9962
9946
9998
9855
9946
9997
9885
9919
9848
9925
9965
9856
9847
9917
9903
9951
9791
9920
9939
9979
9926
9890
9953
9872
9949
9983
9932
9902
9928
9987
9982
9952
9859
9914
9967
9927
9928
9907
9881
9938
9893
9951
9858
9801
9810
9908
9933
9828
9874
9983
9899
9898
9897
9900
9810
9742
9906
9964
9957
9979
9946
9890
9987
9976
9863
9962
9892
9876
9913
9911
9869
9909
9904
9968
9881
9934
9969
9963
9778
9954
9808
9942
9857
9851
9924
9907
9882
9931
9973
9856
9931
9929
9964
9848
9926
9864
9900
9841
9867
9958
9935
9845
9972
9944
9976
9868
9944
9939
9900
9927
9947
9904
9996
9859
9958
9841
9890
9951
9952
9884
9875
9830
9851
9944
9918
9868
9928
9925
9940
9930
9908
9966
9944
9848
9880
9885
9890
9940
9928
9941
9879
9933
9915
9903
9918
9935
9949
9974
9965
9926
9928
9859
9780
9934
9968
9938
9901
9905
9797
9624
9982
9900
9942
9797
9733
9856
9918
9959
9775
9872
9907
9997
9897
9873
9868
9926
9901
9956
9908
9867
9957
9888
9862
9944
9873
9849
9809
9997
9802
9883
9912
9959
9992
9940
9942
9818
9954
9921
9880
9887
9936
9922
9875
9942
9893
9897
9891
9949
9911
9967
9893
9872
9914
9859
9905
9915
9958
9896
9946
9914
9900
9932
9870
9860
9913
9957
9945
9871
9914
9927
9933
9830
9933
9944
9949
9872
9874
9827
9919
9911
9974
9781
9830
9844
9939
9940
9920
9909
9757
9967
9996
9929
9835
9960
9941
9932
9936
9927
9898
9857
9921
9964
9930
9927
9885
9892
9923
9869
9948
10000
9869
9994
9914
9988
9868
9827
9920
9858
9806
9865
9770
9908
9993
9969
9959
9937
9888
9864
9829
9842
9973
9974
9821
9956
9975
9945
9776
9994
9893
9954
9996
9824
9879
9818
9906
9868
9912
9875
9935
9904
9917
9959
9904
9963
9909
9925
9885
9913
9872
9954
9942
9913
9937
9998
9942
9919
9944
9944
9966
9905
9628
9913
9833
9967
9967
9940
9871
9883
9757
9993
9936
9879
9959
9866
9882
9934
9914
9801
9794
9737
9952
9888
9749
9926
9900
9914
9862
9936
9963
9857
9954
9955
9917
9967
9971
9921
9848
9861
9947
9908
9859
9829
9969
9945
9985
9935
9938
9852
9929
9879
9951
9921
9914
9970
9829
9764
9934
9815
9910
9860
9872
9968
9855
9902
9841
9790
9923
9892
9915
9866
9873
9953
9959
9895
9839
9923
9948
9917
9846
9999
9851
9875
9942
9819
9811
9884
9909
9858
9880
9873
9955
9927
9869
9819
9999
9981
9865
9958
9886
9909
9935
9841
9933
9932
9729
9943
9944
9918
9972
9901
9894
9938
9958
9938
9922
9927
9987
9801
9870
9964
9984
9936
9972
9908
9984
9981
9875
9947
9903
9911
9914
9998
9965
9851
9858
9862
9917
9830
9941
9954
9980
9947
9889
9938
9987
9963
9918
9885
9848
9856
9911
9863
9817
9896
9927
9848
9856
9954
9952
9913
9949
9901
9901
9918
9927
9967
9835
9813
9795
9926
9963
9953
9959
10000
9908
9953
9811
9957
9798
9951
9942
10000
9965
9892
9863
9952
9849
9801
9791
9792
9897
9991
9882
9832
10000
9890
9868
9816
9901
9858
9961
9958
9886
9867
9936
9881
9856
9826
9973
9960
9943
9874
9859
9840
9916
9955
9895
9960
9960
9941
9791
9905
9870
9926
9816
9875
9846
9875
9870
9970
9864
9923
9878
9856
9953
9913
9847
9977
9904
9852
9850
9923
9869
9797
9952
9945
9807
9992
9883
9920
9886
9925
9974
9957
9854
9926
9844
9979
9928
9858
9940
9898
9883
9867
9974
9977
9885
9845
9880
9947
9928
9970
9930
9889
9980
9923
9846
9928
9878
9781
9990
9974
9875
9998
9946
9796
9825
9927
9864
9887
9929
9942
9865
9895
9934
9772
9946
9896
9905
9972
9864
9868
9925
9923
9844
9869
