9945
9446
9775
10000
9962
9748
9924
9838
9815
9588
9957
9861
9908
9834
9886
9769
9582
9859
10000
9834
9824
9550
9740
9900
9955
9557
9932
9859
9770
9978
9894
9987
9886
9710
9507
10000
9760
9838
9841
9555
9913
9248
9917
9953
9514
9830
9798
9428
9871
9877
9917
9741
9688
9966
9873
9940
9872
9871
10000
9819
9469
9897
9957
9603
9691
9769
9905
9978
9829
9845
9949
9857
9893
9738
9904
9817
9736
9805
9718
9857
9974
9784
9856
9907
9637
9875
9793
9730
9707
10000
9486
9693
9724
9885
9972
9931
10000
9839
10000
9745
9935
9885
9963
9851
9943
9790
9727
9768
9656
10000
9836
9774
9856
9942
9918
9907
9785
9724
10000
9812
9845
9962
9802
9938
9879
9951
9997
9792
9969
9803
9653
9969
9931
9882
9908
9991
10000
9917
9894
9604
9279
9822
9791
9957
9832
9700
9627
9825
9895
9809
9934
9797
9753
9928
9854
9843
9823
9768
9851
10000
9364
9906
9910
9876
9817
9847
9813
9304
10000
9902
9826
9857
9812
9867
9991
9828
9942
9529
9521
9796
9938
9549
9765
9770
9736
9993
9950
9860
10000
9875
9435
9657
10000
9983
9996
9909
9960
9784
9932
9872
9882
9885
9752
9482
9868
9966
9844
9949
9888
9818
9588
9952
9853
9575
9876
9851
9858
9966
9788
9921
9734
9823
9923
9997
9566
9960
9880
9899
9882
9840
10000
9649
9864
9698
9937
9861
9544
9581
9791
9809
9652
9834
9908
9683
9898
9957
9946
10000
9949
9881
9867
9920
9841
10000
10000
9831
9884
9873
9837
9933
9806
9822
9821
9470
9836
9909
9904
9923
10000
10000
9771
9791
9830
9791
9856
9812
9944
9628
9943
9746
9719
9711
9914
9716
9636
9897
9904
9988
9950
9907
9899
9784
9869
9851
9884
9826
9889
9969
9748
9850
9919
9807
9941
9877
9535
10000
10000
9892
9872
9836
10000
9771
9744
9856
9970
9976
9798
9809
9903
9517
9839
9709
10000
9882
9850
9932
9877
9886
9779
9761
9852
9859
9887
9929
9910
9973
9916
9720
9355
9910
9738
9887
9741
9553
9868
9922
9505
9751
9936
9969
9903
9856
9294
9543
9671
9941
9974
9999
9432
9872
9635
9399
9746
10000
9980
9891
9771
9511
9933
10000
9799
9881
9809
9841
9841
9931
9724
9968
9848
9704
9917
9769
9890
9211
9889
9994
10000
9957
10000
10000
9802
9845
10000
9841
9918
9809
9843
9896
9888
9890
9906
9963
9689
9494
9832
9345
9741
10000
9705
9903
9640
9884
9502
9764
9600
9740
9936
9791
9868
9384
9722
9883
10000
9755
9843
10000
9789
9661
9761
9876
9384
9928
9892
9824
9879
9904
9897
9360
9847
9849
9888
9864
9884
9910
9607
10000
9885
9926
9970
9889
9792
9741
9797
9935
9913
9942
9868
9729
9678
9863
9703
9864
9945
10000
9841
9558
9923
9897
10000
9387
9868
9734
9830
10000
9828
10000
9898
9826
9768
9833
9509
9899
10000
9713
9936
10000
9900
9384
9877
9864
9936
9993
9654
9886
9908
9880
9897
9961
9666
9755
9976
9765
9981
9833
9895
9688
9842
9958
9876
9740
9787
9874
9638
9681
9819
9692
10000
9879
9877
9878
9877
9950
9838
9798
9666
9744
9918
9379
9951
9416
9835
9983
9971
9710
9770
9952
9847
9849
9948
9652
9636
9782
9889
9737
9344
9857
9696
9894
9795
9598
9845
10000
9780
9667
9706
9825
10000
9910
9516
9815
9893
9854
10000
9890
9533
9924
9427
9957
9641
9935
9573
9977
9400
9755
9759
9925
9182
9788
9808
9757
9693
9978
9929
9973
9619
9825
9659
9300
9952
9964
9784
9357
10000
9885
9895
9885
10000
9917
9797
9783
10000
9935
9870
9919
9903
9762
9819
9500
9938
9986
9895
9370
9882
9859
9615
10000
9866
9808
9883
9940
9495
9641
9625
9781
9639
9789
9830
9882
9724
9730
9547
9988
9692
9801
9863
9878
9779
9902
9677
9961
9798
9833
9420
10000
9912
9464
9827
9991
9908
9988
9630
9857
9724
9916
9895
9950
9901
9965
9943
9888
9709
9551
9967
9785
9855
9921
9790
9788
9909
9735
9875
9795
9879
9815
9873
9804
9740
9739
9928
9801
9908
9999
9956
9970
9853
9894
9929
9905
9772
10000
9962
9954
9729
9995
9939
9783
9810
9750
9877
9735
9912
9900
9837
9695
9805
9924
9595
9961
9825
9999
9961
10000
9555
9944
10000
10000
9883
9876
9874
9824
9749
9869
9834
9933
9800
9881
9945
9352
9670
9569
9834
9515
9811
9721
9729
10000
9933
9494
9977
9891
10000
10000
9725
9863
9797
9828
9991
9908
9740
9983
9922
9959
9590
9963
9759
9727
9595
9888
9819
10000
9862
9939
9835
9879
9755
9986
9757
9515
9836
9979
10000
9873
9912
10000
9929
9921
9523
9896
9758
9689
9908
9749
10000
9385
9963
9884
9987
9817
9729
9933
9902
9801
9866
9892
9771
9930
9919
9860
9795
9794
9824
9744
9845
10000
9935
9871
9745
9467
9679
10000
9982
9779
9878
9689
10000
9852
10000
9802
9933
9639
9961
9739
9832
9582
9439
9941
9980
9639
9895
9361
9929
9955
9716
9790
9910
9991
10000
9903
9914
9986
9311
9586
9948
9819
9772
9975
9207
9507
9791
9992
9491
9632
9844
9925
9623
9738
10000
9974
9856
9904
9640
9926
9879
9557
9883
9564
9886
9866
9702
9790
9917
9995
9701
10000
9815
9795
9976
9753
9869
9820
9885
9739
9923
9899
9973
9932
10000
9957
9836
10000
9783
9699
9904
9964
9752
9813
10000
10000
9971
9214
9844
9898
9893
9907
10000
9833
9394
9834
9876
9721
10000
9649
9838
9836
9745
10000
9775
9938
9894
9750
9903
9918
9737
9881
9479
10000
10000
9957
9705
9348
9800
9929
9963
9898
9278
9841
9820
9827
9741
9685
9681
10000
9956
9986
9893
9482
9673
9573
9956
9907
9925
9795
9606
9896
9815
9791
9926
9806
9717
10000
9882
9804
9950
9226
9826
9764
9234
9928
9879
9733
9905
9996
9705
9809
9965
9884
9911
9829
9397
9434
9916
9880
9905
9776
10000
9709
9774
9925
10000
9873
9789
9914
9845
9817
9826
9883
9463
9855
9875
9826
