10000
9885
9912
9873
9888
9920
9751
9916
10000
9792
9965
10000
10000
10000
10000
9732
9942
9815
10000
10000
9954
10000
10000
10000
9931
9873
9956
9971
10000
10000
10000
9907
9887
10000
10000
9805
10000
9783
10000
9853
9999
9655
9804
10000
9936
9831
10000
9932
9997
9929
10000
10000
9898
9929
10000
9845
9945
10000
10000
9850
10000
10000
10000
9975
9877
9898
10000
10000
10000
10000
9825
9887
9935
10000
10000
10000
9907
10000
10000
9916
9847
9929
10000
10000
10000
9924
9927
10000
9945
9941
9864
9939
9784
9939
9824
10000
9997
10000
10000
9896
9865
10000
9940
9976
9950
9901
10000
10000
10000
10000
10000
9986
9851
9828
9865
10000
10000
9942
9818
9931
9983
10000
10000
10000
10000
10000
9898
9857
9909
9860
10000
9938
10000
10000
10000
9892
9911
10000
9972
9753
9916
9860
10000
9803
10000
10000
10000
9848
10000
9801
9993
9682
9946
9918
10000
9946
10000
10000
10000
9995
9865
9893
10000
9964
10000
9929
9881
9998
9938
9985
10000
10000
9918
9914
10000
9746
10000
9893
9834
10000
9846
9837
9872
10000
9918
9932
9995
9958
10000
9884
10000
9958
9966
9924
9842
10000
9812
9882
9956
9973
9873
10000
9872
9922
9887
9846
9794
10000
9868
9993
10000
10000
9939
10000
9896
9829
9948
9866
10000
10000
9916
10000
10000
10000
10000
9871
9892
10000
10000
10000
9956
10000
9869
9919
9999
9897
10000
9958
9913
10000
10000
9901
10000
9920
10000
9796
9935
9864
10000
9825
10000
9982
9912
10000
9881
10000
9842
9953
10000
9897
9964
10000
9894
9841
10000
9970
10000
10000
9799
9997
9995
10000
10000
9981
9898
9867
9760
9770
10000
10000
9890
9880
9859
10000
9913
10000
9804
9926
9736
9933
9949
10000
9903
9879
9904
9841
9958
10000
9855
9731
9892
10000
9964
10000
9990
9883
10000
10000
10000
10000
10000
9801
9990
9953
10000
10000
10000
10000
9969
10000
9959
9893
9871
9909
10000
9861
9981
10000
9978
10000
9988
9964
9887
9885
9992
10000
10000
9906
10000
9829
10000
9994
9856
9805
9917
9864
10000
9958
9867
9894
9997
9849
10000
10000
9865
9930
9919
9902
10000
9897
10000
9821
10000
9917
10000
10000
10000
10000
10000
9981
10000
9982
10000
10000
9930
9882
10000
9941
10000
10000
10000
10000
9879
9811
9868
10000
10000
10000
9879
10000
10000
9878
9918
10000
9951
10000
9946
10000
9827
9891
9865
10000
9854
10000
9900
9911
10000
10000
9985
9924
10000
9893
9932
9985
9874
9944
10000
10000
10000
10000
9906
9970
9888
10000
10000
9952
9989
9858
10000
9867
9928
10000
9828
9778
10000
9904
10000
10000
10000
10000
9949
9874
9900
10000
9928
10000
10000
9978
9954
9863
10000
9899
10000
10000
9952
10000
9998
9915
10000
10000
9911
10000
9796
10000
10000
9955
9904
10000
10000
9914
9936
10000
9815
10000
10000
9947
9780
10000
9821
9857
10000
9966
10000
9906
9911
9886
9785
9924
10000
9919
10000
9901
9932
9929
10000
9886
10000
10000
9883
9873
10000
9863
9890
9919
9973
9898
10000
9920
9845
9920
9892
10000
9766
9873
10000
10000
10000
9933
9684
10000
10000
9988
10000
9876
9894
9969
10000
10000
9886
9870
10000
10000
9882
9941
10000
10000
9936
9929
10000
9991
10000
9999
10000
10000
9903
9966
10000
10000
9976
10000
10000
10000
9901
10000
10000
10000
10000
9900
10000
10000
10000
9915
10000
9840
9812
9936
9860
9911
9898
9920
9947
9809
9978
10000
9882
9907
10000
10000
9907
9872
10000
10000
10000
10000
9903
9958
10000
9932
10000
10000
9937
9904
9845
9873
9954
9842
9901
9850
10000
10000
9800
9871
10000
10000
10000
10000
10000
10000
10000
9988
9954
9807
9937
10000
10000
10000
10000
9870
9951
10000
9916
9865
9921
9993
9765
10000
9920
10000
10000
10000
10000
9918
9897
9968
10000
9947
10000
9944
10000
10000
9920
10000
9917
10000
9830
9907
9901
9875
9813
9908
10000
10000
10000
9944
10000
9999
10000
9984
10000
9941
9971
10000
10000
9958
9882
9888
9923
9873
10000
9878
10000
10000
9795
10000
9927
10000
9974
10000
9873
10000
9951
9936
9903
10000
10000
9901
9930
9824
9756
9867
9865
9919
9971
10000
9872
9928
9790
9968
9801
10000
9958
9923
9949
9897
10000
9935
9855
10000
9850
10000
10000
9916
9836
10000
9763
10000
9851
9895
9943
9946
10000
9832
9955
9892
9826
10000
10000
9864
9799
9948
9932
10000
9860
10000
9935
9923
10000
9796
9884
9957
10000
9767
10000
10000
10000
9908
10000
9948
10000
9899
9932
9916
9889
10000
9913
9895
9967
9831
9886
9819
9999
9946
10000
9937
10000
9887
10000
9862
9924
10000
10000
9841
9920
10000
10000
10000
9916
9902
9889
10000
9882
10000
9893
9885
10000
9943
9969
10000
9862
10000
10000
9949
10000
9906
10000
10000
9910
9881
9838
10000
10000
9876
10000
9893
9927
10000
10000
10000
9909
10000
10000
10000
9881
10000
9898
9891
9947
9969
9808
10000
10000
9962
9911
9912
9990
10000
9870
9890
10000
9852
10000
9939
9951
10000
9950
9928
9899
10000
9890
9923
9904
9962
10000
9748
9861
10000
9866
10000
9872
9753
10000
10000
9977
9926
9939
9978
9959
9917
9889
9880
9917
10000
9967
9896
9896
10000
10000
10000
10000
10000
10000
9798
10000
9876
10000
10000
9882
9912
9967
10000
9946
9915
9933
10000
9840
9764
9779
9991
9948
10000
9944
9865
9932
9981
9900
10000
10000
10000
10000
10000
9973
10000
9926
9928
10000
10000
9850
9921
9944
9824
9707
10000
9955
9969
10000
9969
9937
10000
10000
10000
9981
10000
9926
9922
9886
9849
9889
10000
10000
10000
10000
10000
10000
9963
9956
9885
9913
9965
9764
9980
10000
10000
9887
9854
9964
9841
10000
9898
9915
10000
9942
10000
10000
10000
10000
9853
10000
10000
9953
9896
9817
9810
9952
9839
9892
9998
10000
9806
9896
10000
9880
9844
9904
9892
10000
9998
9977
9888
9867
9893
9912
10000
10000
9910
9955
9775
9934
9905
10000
9945
10000
9919
10000
10000
10000
10000
10000
9939
9698
9870
