10000
10000
9884
9883
9998
9918
10000
9845
9910
10000
10000
9857
9900
9960
10000
10000
10000
10000
9861
9934
9915
9924
10000
9898
10000
9863
9998
9955
10000
9910
10000
9904
9901
9871
10000
9942
9957
9897
10000
10000
10000
9907
9951
10000
10000
10000
9999
10000
9802
10000
9691
9786
9898
9948
10000
10000
10000
10000
10000
9835
9928
10000
10000
9999
9951
9939
10000
10000
10000
9938
9976
10000
10000
9599
10000
9943
10000
10000
10000
9829
9791
10000
9862
9902
9975
10000
10000
10000
9924
10000
10000
9870
10000
9807
10000
9999
9892
9929
9930
10000
10000
9940
9938
9962
9782
10000
9900
10000
9976
10000
9931
10000
9904
10000
9878
9938
10000
10000
9991
9754
10000
9874
10000
10000
10000
9941
10000
10000
9962
9962
9808
10000
10000
10000
9890
10000
10000
9792
10000
9884
9969
9851
9953
9816
9908
9938
10000
9950
9967
9985
9894
10000
9901
9791
9923
10000
9895
9934
9933
10000
9863
9770
9944
9868
9811
9724
9868
10000
10000
10000
9999
9888
9971
10000
9914
9944
10000
10000
9841
10000
9872
10000
9992
10000
9924
10000
10000
9962
10000
10000
10000
10000
10000
9921
10000
9921
10000
9846
10000
9882
10000
10000
9835
9900
9865
10000
9938
10000
10000
10000
9829
10000
9957
10000
10000
9921
9983
10000
9910
10000
9959
10000
10000
10000
9968
9819
9879
9931
9870
10000
9879
9911
9943
9936
9857
9971
10000
10000
9998
10000
10000
9992
9956
10000
10000
9936
10000
9925
10000
9980
9891
9955
10000
9957
10000
9921
9759
10000
9901
9937
10000
9958
10000
10000
9962
10000
10000
9767
10000
10000
9999
10000
9921
10000
10000
10000
9936
9858
9856
9884
10000
10000
9869
9924
9961
10000
9985
9862
10000
9792
10000
10000
9998
9873
9942
10000
10000
9982
10000
10000
10000
9927
9903
9907
10000
10000
10000
9835
9874
9963
10000
9956
10000
10000
10000
10000
10000
10000
10000
10000
10000
9970
9899
9998
9874
9960
10000
9866
10000
10000
9935
9948
10000
10000
9910
10000
9852
9920
9857
9820
9916
9969
9862
10000
10000
10000
9858
9950
10000
9952
9911
9943
9927
9836
10000
9731
9870
9984
9910
10000
10000
10000
9944
9923
9954
9884
9850
9817
10000
9955
10000
10000
10000
10000
10000
9803
9866
9882
9983
9762
10000
10000
9823
10000
9839
9925
10000
10000
10000
10000
10000
9922
9983
9904
10000
10000
10000
9887
10000
9872
10000
10000
10000
10000
10000
9874
10000
9831
10000
10000
10000
9884
9924
9767
10000
10000
10000
10000
9885
9917
10000
9666
9999
9931
10000
9948
10000
9922
10000
9901
10000
9957
9924
10000
9898
9863
10000
10000
10000
9972
9804
9936
9785
10000
9882
9971
9859
9887
10000
9852
10000
9995
9996
9892
9915
10000
9988
9940
9955
10000
9955
10000
10000
10000
10000
9909
10000
9756
9898
10000
9846
9953
9843
9829
9997
9925
9882
9952
10000
10000
9938
9951
10000
9935
9791
9831
10000
10000
10000
9946
10000
10000
10000
10000
10000
10000
9981
9842
10000
10000
9965
9993
10000
10000
10000
9869
10000
10000
10000
10000
9894
10000
10000
10000
9921
9989
10000
9870
9935
10000
10000
10000
10000
9787
10000
9811
9864
9994
9907
9972
9879
9995
9955
9957
9970
9876
10000
9914
10000
9907
10000
9926
10000
9976
10000
10000
9907
10000
9930
9997
10000
9957
9906
9921
10000
9932
9792
10000
9926
10000
10000
10000
10000
9995
9878
9872
9958
9897
10000
10000
10000
10000
10000
10000
9900
9794
9983
9929
10000
9845
9926
9966
9873
9916
10000
10000
9908
10000
9918
10000
9965
10000
9920
9825
10000
9958
9971
9930
10000
9999
10000
10000
9999
10000
9919
9942
9842
10000
10000
9991
10000
9783
9913
10000
10000
10000
10000
10000
10000
9956
9968
9981
9930
9804
9859
10000
9987
9999
9923
9915
9990
9945
9964
9829
10000
9913
9928
10000
9960
9886
10000
9850
9865
9919
10000
9752
10000
9954
9896
10000
10000
9956
10000
10000
10000
9968
9850
9999
9898
9948
10000
9998
9761
9994
10000
9937
9928
9944
10000
9792
9911
9934
10000
9999
10000
10000
10000
9896
9839
10000
9877
10000
10000
10000
9989
10000
10000
9935
9988
9889
9873
10000
10000
9863
10000
10000
10000
9841
10000
10000
9904
9913
9856
9887
10000
9898
9886
9841
9906
9963
10000
9890
9935
10000
9904
10000
9782
9868
10000
9940
9962
9840
9954
9940
9943
9858
9939
9890
10000
9788
10000
9831
9928
10000
10000
10000
9925
9900
9890
9945
10000
10000
9906
10000
10000
10000
9872
9909
10000
9935
10000
9813
10000
9855
10000
10000
9951
9873
9911
10000
9934
9904
10000
9704
9912
9888
10000
10000
9933
10000
10000
10000
10000
10000
9862
10000
9985
10000
10000
9906
9942
10000
9767
9998
9850
9950
9696
10000
10000
9849
10000
10000
10000
10000
9889
9969
9904
9880
10000
9876
9859
9871
9882
9995
9966
9998
9911
10000
10000
9967
10000
9955
10000
10000
9889
9943
9941
9908
9836
9898
9945
9811
10000
10000
9934
9755
9985
10000
9914
10000
9906
9851
10000
9882
10000
10000
10000
9941
9901
9928
9979
10000
9863
9838
9790
9930
10000
9902
10000
10000
10000
9941
10000
9893
9939
9921
9885
10000
10000
10000
9915
10000
9922
10000
9832
9924
10000
9913
9896
9762
9902
10000
10000
10000
9622
10000
10000
10000
9940
10000
9742
9935
9878
10000
10000
10000
10000
9980
10000
9970
10000
10000
9820
9893
9887
9991
9908
9918
9817
10000
10000
9991
9790
9857
10000
9888
9920
9997
9858
10000
9901
9879
10000
10000
9889
9997
10000
9934
9922
10000
9962
9906
9977
9877
10000
9918
9896
10000
9857
9954
10000
9979
9845
9868
10000
9842
10000
10000
9999
9933
9808
10000
10000
9839
9886
10000
9977
9906
9867
10000
10000
9840
9980
9829
9871
9999
9981
10000
9999
9892
9800
10000
10000
9842
10000
9887
10000
10000
9925
9993
9971
10000
9953
10000
10000
9791
10000
10000
10000
10000
10000
9923
10000
9845
10000
9909
10000
9943
9900
10000
9911
10000
10000
10000
10000
10000
9847
10000
9879
10000
