9936
9945
9928
9926
9872
9931
9927
9906
9989
9868
9993
9921
9783
9909
9971
9791
9918
9867
9950
9893
9899
9859
9711
9917
9933
9863
10000
9898
9926
9876
9607
9763
9904
9722
9912
9888
9916
9869
9888
9785
9910
9752
10000
9884
9773
9868
9760
9825
9931
9943
9405
9423
9915
9929
9771
9784
9893
9936
9834
9826
9874
9957
9795
9794
9997
9663
9892
9970
10000
9897
9912
9907
9787
9925
10000
9697
9902
9904
9967
9603
9858
9878
9921
9896
9934
9902
9890
9730
9809
9750
9835
9934
9883
10000
9728
9803
9922
9853
9836
9863
9752
9932
9796
9745
9902
9963
9827
9933
9888
9953
9965
9909
9903
9892
9920
9778
10000
9887
9624
9987
9967
10000
9898
9934
9973
9802
9759
9939
9900
9788
9695
9950
9841
9971
9962
9763
10000
9838
9980
9715
9755
9829
9943
9971
9998
9886
9861
9457
9875
9955
9766
9895
9944
9885
9959
9889
9855
9989
9699
9969
9909
9901
9917
9904
9896
9525
9913
9831
9789
9533
9940
9961
9655
9880
9953
9941
9856
9786
9894
9788
9547
9799
9846
9959
9542
9785
9754
9779
9927
9870
9903
9930
9800
9816
9910
10000
9992
10000
9967
10000
9958
9986
9855
9856
9890
9966
9922
9718
9873
9936
9820
10000
9503
9968
9785
9862
9953
9917
9901
9898
9900
9910
9925
9897
9860
9913
9702
9985
9547
9928
9905
9897
9906
9841
9922
9540
9947
9855
9916
9712
9839
9858
9983
9715
9860
9933
9881
9774
10000
9942
9924
9877
9721
9646
9685
9848
9854
9890
9968
9771
9952
9602
9872
9973
9801
9817
9812
9866
9731
9704
9801
9933
9941
9755
9867
9772
9835
9969
9815
9831
9824
9913
9949
9603
9951
9892
9964
9972
9845
9419
9751
9867
9930
9952
9954
9945
9987
9908
9989
9943
9777
9718
9917
9722
9867
9899
9878
9916
9954
9875
9822
9949
10000
9754
9942
9904
9861
9930
9584
9482
9801
9837
9712
9882
10000
9802
9888
9784
9632
9984
9862
9842
9958
9924
9923
9841
9792
9791
9911
9677
10000
9778
9861
9935
9926
9929
9957
9895
9948
9798
9772
9871
9950
9771
10000
9883
9681
9744
9879
9903
9795
10000
9911
9686
9893
9910
9582
9920
9831
9937
9860
9713
9889
9845
9893
9923
9938
9854
9487
9997
9781
9880
9915
9877
9980
9941
9921
9869
9943
9881
9769
9839
9725
9784
9781
9885
10000
9720
9696
9715
9915
9870
9805
9851
9456
9916
9827
9874
9894
10000
9908
9939
9819
9902
9941
9818
9816
9962
9890
9876
9966
9715
9590
9842
9973
9850
9983
9537
9879
9833
9684
9969
9958
9815
9948
9842
9955
9958
9883
9642
9972
9877
9927
9903
9891
9986
9886
9899
9875
9620
9823
9808
9807
9609
9884
9850
10000
9870
9723
9809
9930
9975
9966
9935
9878
9844
9935
9962
9942
9567
9508
9573
9821
9864
9907
9900
9904
9708
9913
9952
9855
9853
9696
10000
9886
9746
9744
9936
9622
9781
9896
9930
9886
9945
9858
9884
9837
9784
9923
9822
9917
9959
9838
9936
9925
9850
9442
9721
9985
9901
9901
9919
9954
9843
9933
9821
9925
9714
9898
9541
9992
9916
9918
9647
9969
9903
9900
9898
9809
9892
9984
9775
9958
9950
9916
9944
9796
9672
9859
9946
9813
9937
9823
9934
9823
9878
9891
9898
10000
9652
9674
10000
9891
9605
9789
9689
9582
9949
9886
9926
9970
9842
9766
9860
9738
9748
9902
9899
9814
9956
9920
9925
9812
9624
9881
9965
9983
9871
9457
9817
9908
9705
9955
9945
9806
9750
9706
9978
9721
9910
9778
9985
9954
9904
9970
9873
9775
9541
9939
9948
9830
10000
9869
10000
9967
9843
9948
9683
9585
9892
9886
9975
9937
9854
9862
9678
9876
9735
9818
9828
9826
9812
9963
9909
9962
9843
9851
9912
9944
9841
9969
9690
9458
10000
9892
9855
9979
9924
9691
9850
9706
9973
9890
9719
9901
9868
9935
10000
9899
9962
9934
9919
9908
9827
9930
9850
9867
9967
9865
9664
9874
9928
9908
9899
9993
9771
10000
9935
9856
9963
9812
9873
9824
9934
9879
9911
9873
9924
9879
9941
9997
9896
9948
9918
9765
9908
9874
9833
9902
9878
9956
9806
9741
9808
9820
9884
9685
9964
9904
9862
9573
9962
9735
9944
9732
9922
9891
9814
10000
9889
9751
9923
9732
9905
9721
9952
9962
9856
9994
9975
9927
9845
9867
9832
9757
9913
9914
9902
9847
9781
9935
9880
9888
9818
9724
9937
9916
9686
9918
9819
9751
9865
9659
9938
9979
9888
9922
9840
9780
9802
9915
9972
9923
9904
9845
9803
10000
9789
9916
9677
9900
9973
9987
9845
9871
10000
9855
9770
10000
9903
9717
9841
9733
9872
9718
9664
9889
9804
9788
9587
9921
9862
9862
9881
9808
9995
9532
9691
10000
10000
9885
9836
9740
9910
9847
9921
9863
9597
9900
9774
9753
9946
9995
9938
9674
9548
9785
9992
9514
10000
10000
9867
9890
9911
9952
9793
9886
9800
9860
9917
9924
9666
9714
9882
9873
9917
9959
9846
9823
9779
9833
9754
9862
9868
9490
9798
9808
9779
9945
9803
9863
9669
9927
9837
9719
9788
10000
9724
9844
9791
9832
9493
9951
9861
9870
9726
9794
9688
9895
9880
9859
9834
9938
9885
9937
9918
9916
9874
9909
9946
9904
9654
9810
9977
9826
9755
9919
9927
9957
9859
9874
9628
9782
9806
9499
9906
10000
9817
10000
9827
9819
9899
9934
9866
9427
9889
9900
9878
9904
9992
9551
9980
9898
9971
9725
9852
10000
9725
9830
9867
9851
9854
9816
9811
9618
9755
9463
9925
9713
10000
9830
9853
9929
9872
9836
9920
9810
9744
9944
9767
9931
10000
9744
9454
9745
9858
9965
9992
9893
9861
9845
9879
9880
9980
9949
9875
9816
9946
9836
9797
9855
9761
9907
9861
9899
9711
9905
9906
9794
9958
9959
9915
9989
9970
9979
9854
9939
9730
9751
9950
9772
9842
9755
9863
9704
9824
9873
9972
9881
9922
9900
9683
9932
9908
9911
9837
9808
10000
9740
9936
9907
9996
9939
9952
9933
9369
9958
9841
9738
9969
