10000
9927
10000
10000
10000
10000
9853
10000
9940
9945
10000
9859
10000
10000
10000
10000
10000
9984
9839
10000
10000
9838
9838
10000
10000
9567
9998
10000
9934
9891
9956
9935
9933
10000
9984
10000
9893
9815
10000
9946
9844
10000
9860
10000
9957
9752
9941
10000
10000
9795
9908
9884
9922
10000
9962
10000
9820
10000
9860
9866
9945
9941
9912
9842
10000
9912
10000
9949
10000
9814
10000
10000
9948
10000
10000
9899
10000
9892
9933
9942
10000
10000
10000
9913
9957
9955
10000
9916
10000
10000
9932
9908
10000
9891
9874
9952
9869
10000
9890
10000
10000
9881
9953
9946
9944
9765
10000
10000
10000
10000
9986
9906
9898
9855
9931
9957
10000
10000
10000
9858
9919
10000
9913
10000
9941
9887
10000
9882
9879
10000
10000
10000
10000
9941
9896
10000
9933
9896
10000
9844
9863
9908
9796
9871
9970
9875
9999
9932
9894
9874
9891
9851
10000
10000
9903
9902
10000
10000
9957
9957
9928
10000
9822
9954
10000
10000
9865
9760
10000
9904
9939
9955
10000
10000
10000
9803
10000
9934
9890
9980
9919
9998
10000
9990
10000
10000
9977
9896
9850
9831
9902
10000
9884
10000
9966
10000
9885
10000
10000
9914
10000
10000
10000
9889
9832
10000
9903
9962
10000
9860
10000
10000
10000
9952
10000
9946
9928
9874
10000
9879
10000
10000
10000
9883
10000
9931
9861
9964
10000
9904
10000
9928
10000
9871
10000
9875
9944
9851
9937
9947
9922
9955
9927
10000
10000
10000
10000
10000
10000
9959
10000
10000
9952
9970
10000
9996
9933
10000
9909
9890
9911
9972
9872
9999
9997
10000
9917
10000
9765
9805
10000
9847
9929
9913
10000
10000
9921
9920
9932
9939
10000
9922
9799
10000
10000
10000
9771
10000
9970
10000
10000
9867
10000
9935
10000
9807
9897
9856
9985
9837
10000
9875
9893
10000
10000
10000
9885
9900
9907
10000
10000
9900
9890
9882
9831
10000
9898
9923
10000
9948
10000
9949
9890
10000
9888
10000
9876
10000
9812
10000
10000
9918
9954
9972
9878
10000
9890
9952
9930
9953
10000
9794
10000
10000
10000
10000
9914
10000
9895
9869
10000
10000
9949
9892
9832
9851
9902
9880
10000
10000
9867
9846
10000
9949
10000
10000
9927
9864
9924
9904
9885
10000
10000
10000
9856
9941
9854
9800
10000
9881
9882
9987
9850
10000
10000
10000
9857
10000
9746
9835
9867
10000
9959
9903
10000
9884
9898
9931
10000
9769
10000
9901
9888
9928
9941
9816
9998
9951
10000
9926
10000
10000
10000
9982
10000
9917
10000
10000
10000
9920
9950
9793
10000
9905
10000
10000
9754
10000
10000
10000
9799
10000
9878
9898
10000
9897
9890
9973
9922
9966
9887
9764
10000
9918
10000
9922
10000
9958
10000
9792
10000
10000
9901
10000
9933
9943
10000
10000
10000
9951
9891
10000
9989
9943
10000
10000
9960
9848
9880
10000
10000
9901
9924
10000
9930
9918
9918
10000
10000
9976
9963
9852
9948
9914
9833
10000
9816
9912
9957
9922
10000
10000
10000
10000
10000
10000
9917
10000
10000
9903
9974
9916
10000
10000
9854
9894
10000
9860
9795
9890
10000
10000
9917
9873
10000
9842
10000
10000
10000
10000
9884
9961
10000
9930
9912
9939
9998
9791
9986
10000
9939
9936
10000
10000
10000
9930
9757
9899
9843
9980
9883
10000
9853
9910
9929
9926
9825
9765
9892
9876
10000
9931
9978
10000
9861
9945
9590
10000
9957
10000
10000
9878
9900
9869
9870
9935
9948
9929
10000
9916
10000
10000
10000
10000
10000
10000
10000
9956
9876
10000
9945
9767
9890
9908
9908
9853
10000
10000
9846
10000
9919
10000
10000
9929
10000
10000
9959
9757
9803
9846
10000
9976
10000
10000
9868
9906
9959
9765
10000
9896
9916
10000
9974
10000
9959
9913
9914
9897
9992
10000
10000
10000
10000
9939
9894
9867
10000
10000
9999
10000
9961
10000
9697
10000
9911
9820
10000
10000
9857
9957
10000
9915
9874
9962
9808
9918
9893
9996
10000
10000
9960
10000
10000
9940
9873
10000
9835
9827
9887
9813
9919
9866
10000
9932
9907
10000
10000
10000
9879
9852
9887
9883
10000
10000
10000
10000
9927
10000
10000
10000
9941
10000
10000
9860
10000
9840
10000
10000
10000
10000
10000
10000
9846
10000
10000
9914
9844
9950
10000
10000
10000
9974
9841
9954
10000
9919
9808
10000
9968
10000
9748
9883
9898
9980
9850
10000
10000
9955
9887
9895
9945
10000
9921
9923
9822
10000
10000
9892
10000
9899
9907
9814
9971
9869
9900
9819
10000
10000
10000
9785
9904
9867
9925
9968
9907
9962
10000
10000
10000
9896
9912
9955
9883
9886
10000
9908
9837
10000
9831
10000
10000
9916
10000
10000
9936
9912
9869
9849
9876
10000
9939
10000
10000
9884
10000
9931
9895
9870
9856
9931
9933
9883
10000
10000
10000
9894
9872
9906
9945
9890
10000
9880
10000
9947
9906
9973
9929
10000
9917
9898
9982
9827
10000
10000
9946
9948
10000
9874
9929
10000
9887
9920
10000
10000
10000
10000
9754
9871
10000
10000
10000
10000
10000
9795
10000
10000
10000
9868
10000
9905
10000
9817
9943
9838
10000
9926
9873
9895
9938
9905
10000
10000
10000
10000
9724
9943
10000
9895
10000
9918
10000
9911
9964
9931
9830
10000
9922
9681
9864
10000
10000
9823
9794
10000
10000
9953
9839
9974
9964
9880
9756
9837
10000
9905
9917
9883
9968
9911
9905
9931
9845
9993
9937
9952
10000
10000
10000
9772
9808
9928
10000
9930
9833
10000
9866
10000
9915
9815
9936
9932
10000
10000
9906
10000
10000
9751
9883
10000
9973
9856
9928
9836
10000
10000
9831
9879
9845
10000
9889
9909
10000
10000
9954
9834
10000
9825
10000
9932
9766
10000
9952
9955
10000
9998
10000
10000
10000
9934
9780
10000
9645
9808
9992
9987
10000
9908
10000
9986
9866
10000
10000
9979
9972
9969
10000
9826
9889
10000
9999
10000
10000
10000
9866
10000
9606
10000
9857
9926
9952
9853
9800
9894
9988
10000
9922
9896
9899
10000
10000
9975
10000
10000
10000
9882
10000
9962
10000
9857
9802
9914
9901
9827
9902
10000
9853
9970
10000
9798
9964
9912
