9927
9980
9974
9974
9914
9901
9884
9968
9820
9986
9888
9947
9932
9899
9868
9933
9939
9967
9834
9707
9945
9893
9889
9995
9841
9960
9904
9910
9962
9922
9901
9897
9907
9939
9941
9983
9976
9930
9967
9861
9898
9902
9903
9912
9976
9949
9881
9944
9862
9926
9904
9907
9904
9850
9992
9941
9820
9910
9908
9936
9885
9889
9906
9920
9912
9843
9981
9822
9980
9803
9986
9934
9923
9877
9966
9895
9878
9940
9899
9947
9950
9918
9875
9982
9878
9937
9877
9897
9873
9947
9935
9940
9962
9928
9931
9784
9901
9985
9891
9857
9965
9934
9881
9912
9949
9893
9899
9737
9920
9904
9947
9920
9787
9880
9898
9969
9974
9917
9912
9904
9998
9911
9884
9899
9856
9967
9948
9927
9986
9880
9870
9970
9841
9908
9881
9859
9968
9893
9965
9920
9940
9912
9904
9772
9904
9940
9903
9895
9991
9849
9975
9931
9932
10000
9750
9881
9877
9897
9711
9968
9931
9965
9951
9964
9842
9954
9935
9777
9939
9907
9972
9950
9875
9815
9857
9939
9954
9927
9876
9944
9962
9943
9933
9883
9951
9984
9933
9904
9658
9937
9844
9912
9945
9923
9956
9916
9967
9962
9933
9888
9834
9872
9868
9865
10000
9942
9887
9947
9976
9802
9930
9928
9871
9724
9923
9922
10000
9926
9945
9941
9860
9888
9719
9999
9898
9899
9934
9877
9902
9912
9915
9956
9951
9996
9874
9849
9868
9856
9951
9916
9928
9841
9905
9836
9867
9953
9977
9924
9917
9902
9761
9970
9897
9797
9920
9832
9837
9869
9867
9858
9884
9902
9983
9887
9940
9924
9920
9928
9898
9887
9819
9918
9975
9877
9930
9956
9891
9876
9929
9899
9949
9947
9939
9818
9794
9968
9931
9921
9914
9923
9845
9943
9979
9915
9978
9883
9905
9935
9922
9895
9969
9797
9830
9869
9902
9909
9867
9942
9782
9833
9982
9947
9938
9755
9791
9773
9969
9902
9958
9936
9817
9972
9932
9900
9879
9967
9853
9904
9947
9916
9953
9879
9911
9849
9984
9972
9844
9669
9934
9861
9927
9961
9934
9850
9893
9914
9911
9969
9756
9965
9746
9914
9896
9975
9952
9953
9893
9729
9866
9851
9871
9963
9956
9825
9911
9897
9910
9905
9832
9843
9829
9951
9929
9859
9980
9947
9950
9932
9914
9901
9803
9880
9839
9793
9883
9966
9897
9965
9769
9938
9961
9918
9930
9906
9927
9948
9887
9807
9950
9962
9889
9916
9904
9691
9800
9897
9931
9763
9973
9864
9775
9886
9780
9932
9877
9951
9920
9909
9891
9809
9918
9852
9922
9930
9710
9897
9894
9925
9940
9933
9799
9842
9937
9912
9904
9860
9788
9945
9882
9913
9784
9836
9933
9861
9906
9955
9996
9980
9819
9918
9968
9843
9875
9965
9965
9837
9875
9812
9881
9890
9827
9889
9943
9852
9926
9821
9886
9837
9932
9894
9971
9953
9835
9905
9968
9831
9909
9824
9902
9856
9754
9972
9935
9953
9898
9948
9785
9961
9966
9912
9892
9909
9908
9918
9939
9963
9924
9943
9954
9949
9795
9951
9772
9971
9947
9918
9910
9901
9871
9796
9771
9959
9937
9803
9972
9899
9958
9873
9916
9935
9928
9904
9913
9939
9929
9914
9900
9932
9919
9857
9863
9909
9955
9812
9999
9942
9983
9854
9907
9924
9958
9899
9950
9942
9935
9798
9949
9860
9943
9923
9856
9972
9873
9950
9941
9898
9799
9885
9904
9914
9953
9817
9865
9948
9910
9864
9895
9978
9915
9698
9861
9860
9955
9944
9983
9917
9987
9928
9847
9839
9906
9984
9812
9952
9920
9888
9879
9869
9958
9939
9996
9884
9857
9917
9852
9993
9926
9835
9867
9893
9927
9961
9986
9836
9904
9903
9847
9974
9868
9917
9939
9873
9929
9954
9863
9982
9885
9865
9922
9972
9989
9854
9884
9808
9848
9956
9938
9975
9958
9955
9938
9950
9922
9847
9900
9962
9923
9947
9928
9926
9897
9912
9858
9915
9884
9857
9924
9750
9694
9938
9898
9886
9978
9870
9963
9790
9945
9906
9984
9924
9933
9959
9925
9987
9941
9658
9919
9907
9910
9881
9799
9873
9922
9927
9968
9952
9889
9970
9852
9949
9927
9928
9925
9929
9947
9781
9848
9938
9851
9925
9900
9941
9878
9831
9951
9947
9862
9855
9859
9866
9924
9919
9928
9960
9930
9863
9888
9921
9955
9866
9865
9889
10000
9946
9844
9890
9927
9934
9953
9933
9917
9942
9955
9777
9886
9981
9997
9942
9886
9955
9959
9865
9759
9971
9889
9903
9856
9877
9814
9943
9914
9744
9863
9932
9954
9947
9926
9841
9765
9872
9937
9925
9888
9871
9876
9791
9852
9805
9932
9825
9913
9956
9886
9780
9842
9980
9969
9758
9917
9914
9810
9903
9829
9962
9911
9922
9860
9838
9784
9937
9887
9916
9951
9835
9894
9838
9847
9961
9999
9880
9913
9929
9915
9934
9918
9831
9958
9893
9836
9948
9929
9870
9960
9876
9911
9914
9973
9918
9967
9904
9940
9881
9924
9827
9804
9917
9930
9960
9899
9923
10000
9963
9969
9979
9938
9810
9918
9953
9905
9891
9871
9831
9816
9819
9913
9862
9862
9962
9957
9811
9855
9988
9893
9918
9974
9872
9885
9985
9846
9906
9840
9894
9929
9907
9918
9889
9909
9854
9913
9930
9933
9948
9818
9827
9796
9896
9961
9823
9894
9972
9962
9820
9904
9974
9951
9917
9867
9984
9869
9821
9891
9894
9895
9935
9917
9906
9933
9867
9938
9818
9893
9911
9912
9803
9859
9922
9824
9926
9763
9944
9885
9953
9850
9903
9928
9925
9985
9968
9935
9854
9859
9939
9810
9916
9957
9920
9886
9717
9884
9938
9918
9962
9938
9929
9943
9842
9842
9832
9970
9970
9893
9789
9805
9920
9920
9876
9956
9887
9950
9882
9800
9916
9878
9877
9784
9921
9907
9978
9849
9945
9886
9904
9839
9959
9899
9940
9855
9867
9853
9838
9774
9983
9913
9850
9952
9941
9827
9985
9878
9919
9882
9984
9946
9881
9904
9861
9959
9933
9874
9923
9919
9945
9876
9916
9948
9875
9998
9924
9960
9955
9989
9964
9932
9921
9921
9862
9745
9926
9934
9826
