9615
9757
9905
9555
9783
9918
9147
9344
10000
9542
9739
9509
9127
10000
9990
9507
9616
9922
9115
9696
9779
10000
10000
10000
9871
10000
10000
9960
10000
9827
9654
9881
10000
9487
9181
9116
10000
9539
10000
9537
9891
10000
10000
9924
10000
9746
8753
9640
9234
10000
9089
9721
10000
10000
9755
10000
10000
10000
9936
9824
8916
10000
9932
9363
10000
9910
10000
9609
9700
9875
10000
9819
9887
10000
9702
9837
10000
9692
9946
10000
9412
10000
9596
9566
9966
9495
10000
9644
10000
9751
9051
10000
9625
10000
10000
8843
9238
9590
9526
9851
9870
10000
10000
9803
10000
8790
9751
10000
9036
9745
9082
9985
10000
8627
9692
9744
9112
8944
10000
9747
9273
9770
9925
9904
9918
8993
10000
8945
10000
10000
10000
8895
10000
9850
9920
8975
10000
10000
10000
9078
9795
10000
9523
9714
10000
9697
9905
10000
9914
10000
9648
9739
9000
9789
9521
9801
9706
9576
10000
9655
9933
9296
9899
9261
9923
9728
10000
9412
9718
10000
9597
9977
10000
9997
9406
10000
9958
9391
10000
8948
9213
9025
9526
9897
9355
9167
9565
10000
9503
9883
9896
9620
9733
9882
9876
10000
10000
9906
9752
10000
8721
9277
8823
10000
8833
9894
10000
9424
9115
10000
10000
9369
8861
9875
10000
9709
10000
10000
9704
9736
9880
9888
10000
9886
9687
9999
9996
10000
10000
9700
8783
9922
9408
9774
9914
9194
10000
9905
8740
10000
9911
10000
10000
10000
9634
9232
9629
9575
9957
9667
9715
9822
10000
9881
9143
9652
10000
9136
10000
10000
9780
9365
9102
9835
8869
9915
10000
9522
9999
10000
9431
9801
9876
10000
10000
10000
9548
9440
9887
9191
10000
10000
9722
10000
9866
10000
9431
9875
9840
9858
9654
9908
8768
10000
10000
10000
9982
8762
9924
9822
9986
9631
10000
9987
10000
9708
10000
10000
9919
10000
9837
9869
10000
9096
9868
10000
9746
9857
9785
9395
10000
10000
8917
10000
9823
9670
10000
10000
9796
10000
10000
9896
9732
8975
10000
9717
9640
9385
9803
9835
10000
10000
8908
9928
9913
9960
9835
9616
9906
9267
10000
9822
9513
9820
9385
9080
8932
9744
9009
10000
10000
10000
8970
10000
9536
9169
9511
9460
9772
10000
9216
9532
9698
10000
9267
9909
9882
9458
9505
9510
9912
9875
9972
9867
10000
10000
9342
10000
10000
10000
10000
9929
10000
10000
9943
10000
10000
8941
9910
9898
9867
9432
8742
10000
10000
10000
10000
9422
9689
8750
9463
9499
9689
9596
9926
10000
9494
10000
9921
9198
10000
10000
9093
9828
9709
9552
9257
9005
10000
9978
9676
10000
10000
10000
9464
9893
10000
9919
9815
9726
9651
9677
8670
9960
10000
9689
10000
10000
9939
8913
10000
10000
10000
10000
10000
10000
9784
9721
9581
10000
9110
9743
9982
9994
10000
9905
9631
9802
10000
9081
9430
9683
9857
9947
10000
9546
9830
8868
10000
9763
9753
9690
9917
9923
10000
10000
10000
9781
10000
9313
9770
9825
9230
10000
9892
10000
9993
9469
10000
9587
9864
9791
10000
9668
9868
9937
9839
10000
9583
10000
9833
9636
8934
9654
9772
9833
8918
9556
10000
10000
9933
9445
9517
9763
9344
9680
9686
9695
9898
9457
9746
9084
8519
9337
10000
9855
10000
10000
10000
10000
9721
9800
9907
9385
9693
10000
9108
9886
10000
9754
9853
9785
9760
9787
10000
10000
10000
10000
9800
9911
9865
10000
10000
8724
10000
9823
9911
9591
10000
9753
9950
10000
10000
10000
9999
8767
9098
9631
10000
8549
9913
9915
9851
9952
10000
9398
10000
10000
9806
9565
10000
9712
9341
9666
9772
9545
9562
9971
9951
9723
10000
9325
9961
9955
8670
9898
9791
8678
9862
10000
9915
9986
9900
9895
10000
9355
9859
9799
10000
9376
9509
9343
9516
10000
9970
9147
9094
9424
10000
10000
9976
9894
9798
10000
10000
10000
10000
10000
10000
9123
9953
10000
10000
10000
9839
9750
10000
9479
9156
9486
9402
10000
9935
9880
10000
10000
9069
9898
9300
9738
9153
9395
9804
10000
10000
10000
10000
9358
9401
9835
9795
9851
9967
9505
9889
9480
10000
9580
9843
10000
10000
9729
10000
10000
9819
9437
9963
10000
10000
9806
9967
10000
9763
10000
9809
9862
10000
10000
9942
10000
9734
10000
10000
9551
8513
9547
9801
10000
10000
10000
10000
9991
10000
9816
9544
9860
9800
9277
9356
10000
9683
10000
9995
9974
10000
10000
9932
9005
9887
9285
9707
8786
9827
9776
9310
8431
8271
10000
9030
10000
9096
10000
10000
9736
9079
9104
10000
9377
9130
8697
10000
9328
9818
9800
9596
9493
10000
9874
10000
9828
10000
10000
9704
10000
9368
10000
10000
9846
10000
9340
9750
9919
10000
9472
9170
10000
8843
9793
9886
9471
9998
9669
9935
9910
10000
10000
9482
9165
9862
9825
9180
9941
10000
10000
9435
9475
9864
10000
10000
9937
9154
9549
9754
10000
9477
9785
9954
9181
10000
9376
9517
9633
9711
9771
10000
9846
9260
10000
9354
10000
9172
10000
10000
9775
10000
9938
9144
9549
9625
8848
9686
9202
9498
9871
8739
9411
9994
9748
10000
9871
9296
9867
9780
9903
10000
9282
9705
9839
9444
10000
9665
9634
9461
10000
9708
8437
9794
9992
9783
10000
8893
9269
9785
10000
9907
9889
9588
9682
8876
10000
9920
9159
9744
10000
9772
9802
9323
9558
8939
10000
9601
9862
9822
9039
10000
10000
9810
9357
9958
9590
8504
9928
9863
9668
9421
9665
9810
9973
9869
9894
10000
9859
9827
9858
10000
9762
9894
10000
10000
10000
9219
9903
9925
9322
9503
10000
9784
10000
9250
9946
9877
9944
9699
10000
9410
9744
9264
10000
9262
9618
9752
9574
9783
10000
9766
9685
10000
9837
10000
9953
8975
9762
10000
10000
10000
10000
10000
9454
10000
9956
8955
10000
10000
10000
10000
10000
9725
9951
8842
9747
9253
9057
9480
10000
10000
9608
9937
9905
9708
10000
9274
9467
10000
8677
9131
9364
9052
9557
9914
10000
9622
9590
9877
9914
10000
9672
9543
10000
9712
9826
9624
10000
9833
10000
9961
9711
9589
10000
10000
9704
