9895
10000
10000
10000
10000
9951
10000
9930
9941
9921
10000
10000
10000
10000
10000
10000
10000
9935
9910
9903
9886
10000
9931
9936
10000
10000
10000
9932
9924
10000
10000
9848
10000
9987
9895
9924
9887
9917
10000
9726
10000
9927
9898
9952
10000
10000
9793
9916
10000
9861
9904
10000
10000
9939
10000
9765
9926
10000
9936
9918
9831
9896
10000
9995
9925
10000
9914
10000
9869
9750
10000
10000
9801
10000
10000
9975
9819
9921
10000
9768
9870
9754
10000
9936
10000
9873
9942
9864
9930
10000
9921
9767
10000
10000
10000
9836
10000
10000
9919
10000
10000
10000
9858
10000
9926
10000
10000
10000
9902
9900
9986
10000
9918
9883
9891
9930
9938
10000
9955
9831
9898
10000
10000
9908
10000
10000
10000
9828
10000
9877
9984
9961
9825
9927
10000
10000
9936
9896
9960
9864
9803
9895
10000
10000
10000
9856
9927
10000
10000
10000
10000
9820
10000
10000
9888
9788
10000
9937
10000
9878
10000
9928
9970
10000
9928
9987
9934
9825
10000
9913
9985
10000
9875
9964
9852
10000
9877
9994
9925
9902
10000
10000
9870
9923
9998
10000
10000
9912
9834
10000
9753
10000
9934
9935
10000
10000
10000
10000
9928
9890
10000
10000
9786
9896
9892
9801
9896
10000
10000
9932
10000
10000
9926
10000
9906
10000
9813
10000
9797
9951
10000
10000
9914
9924
10000
10000
10000
9863
9945
10000
9897
9998
10000
9908
9878
10000
10000
10000
9907
9922
9927
9944
9817
9942
9999
9931
10000
10000
9983
10000
9943
9908
9735
10000
10000
9915
9878
9762
9985
9841
9909
9926
10000
10000
9968
9810
9958
9853
10000
9906
9915
9924
9942
9981
10000
9880
9923
9838
10000
10000
10000
10000
9971
10000
10000
9885
9889
9909
10000
9838
9984
10000
10000
9883
10000
10000
10000
9922
9943
10000
10000
9913
10000
10000
10000
9986
10000
10000
9894
9803
9791
10000
9941
10000
9976
9962
9876
9838
10000
10000
9975
9689
9920
9946
10000
9819
9761
10000
9934
9894
10000
9808
10000
9839
10000
9861
9893
9928
9867
10000
9868
10000
9863
9893
9908
9935
9917
9859
9979
9900
9946
9850
10000
9816
10000
10000
9890
9805
10000
9875
10000
10000
9962
9961
9942
10000
9847
10000
9937
9927
10000
10000
10000
10000
9918
9949
10000
9861
9930
10000
9867
10000
10000
10000
10000
10000
10000
9947
10000
9843
9948
9921
9915
10000
10000
9855
9897
9824
9898
10000
10000
10000
9899
9927
10000
10000
10000
10000
10000
9953
10000
9916
10000
9925
10000
10000
9861
9964
9906
9888
9857
9959
10000
9949
9983
10000
10000
10000
10000
9912
9916
9856
10000
10000
9911
9971
9859
10000
9936
9964
10000
9864
10000
9910
10000
9979
10000
10000
10000
10000
10000
9896
9919
9917
9945
9806
10000
9933
9875
9935
9862
9899
9944
10000
9947
10000
9883
9994
9941
10000
9890
10000
9982
9856
10000
9888
9944
9951
10000
9887
9907
9888
10000
9999
9932
9921
9919
9897
9910
10000
9921
9883
10000
10000
9869
9936
10000
9884
9804
9895
9919
10000
9797
9918
9873
10000
10000
10000
9915
10000
10000
9875
10000
10000
9934
9944
9867
9939
10000
9864
9858
9867
10000
10000
9646
9962
10000
10000
10000
9837
9925
10000
10000
9871
9879
9924
9974
10000
9797
9962
9917
9908
9918
9998
10000
9905
10000
10000
9837
9915
10000
9882
9995
9843
9928
9904
10000
10000
10000
9933
9944
9811
9929
10000
10000
9935
10000
9806
9948
9774
10000
9854
10000
9895
10000
9840
9854
9897
9753
10000
9943
9839
9959
10000
10000
9791
9858
10000
10000
10000
10000
10000
9859
9895
10000
9731
9895
9849
10000
10000
10000
9922
9891
9910
10000
9999
10000
10000
9943
9926
9838
9993
10000
10000
10000
10000
10000
9874
9891
9897
10000
9791
9863
9924
10000
9957
10000
9994
10000
9867
10000
10000
9895
9913
10000
9886
9925
9830
10000
9912
9924
9964
9929
10000
9990
9881
9850
9881
9875
10000
10000
10000
10000
9915
10000
9930
10000
9906
10000
9870
9925
9917
9948
9804
9854
9856
9873
9935
10000
9869
10000
10000
10000
9951
9900
10000
9847
10000
9943
10000
9930
10000
10000
9919
9938
10000
9913
9863
9882
10000
9924
10000
9882
10000
9944
10000
10000
9871
10000
10000
10000
9906
9910
10000
10000
10000
9999
10000
10000
9887
10000
10000
10000
9851
9943
9939
9895
9874
10000
10000
9853
10000
9875
9903
10000
9956
10000
10000
10000
9898
9882
10000
10000
9915
9806
10000
10000
9889
9952
10000
10000
9934
10000
10000
9824
9899
9877
9923
10000
9838
9970
10000
9900
9873
9876
9963
10000
10000
10000
10000
9997
9898
10000
10000
9956
9874
10000
10000
9950
10000
10000
10000
9808
9861
9915
9848
9869
9908
10000
10000
9899
10000
9900
9911
10000
10000
9953
9879
9920
9903
9850
9858
9904
10000
9884
10000
10000
9964
10000
9855
9860
9937
10000
10000
10000
10000
9893
9933
9919
9799
9940
9893
10000
10000
9963
9851
9935
10000
9995
10000
10000
9825
9901
9934
10000
9913
10000
9890
9860
9912
9924
9910
9938
10000
9910
10000
9949
9886
10000
9789
10000
10000
9992
9961
9911
9903
9959
9965
9959
9968
10000
9982
9896
9839
9911
9905
10000
9912
9939
9913
9907
9941
10000
10000
9815
9913
9968
10000
10000
9888
10000
9836
10000
10000
10000
9893
9932
9772
10000
9906
9901
9850
10000
9972
9954
9824
9790
9932
10000
10000
9938
9778
10000
9987
9963
9904
9898
10000
9869
9881
10000
10000
9848
9899
9949
9899
10000
9939
10000
9911
9849
9934
10000
10000
9920
10000
10000
9884
9920
10000
10000
10000
10000
9908
10000
10000
9943
10000
10000
10000
9918
9903
9854
10000
9931
9913
9866
9935
9900
10000
10000
10000
10000
9867
10000
9915
9936
9816
10000
10000
10000
9991
9856
10000
10000
9902
9958
9835
10000
9974
9864
9832
9980
10000
9921
10000
9771
9808
9926
9920
10000
9871
10000
10000
9810
9927
10000
9954
9998
10000
9940
9935
9845
10000
9928
10000
9869
10000
9972
9955
10000
9855
10000
10000
9998
9870
9758
10000
9958
9856
