9876
9896
9943
10000
9860
10000
10000
9957
9889
10000
9930
10000
9894
10000
10000
9918
10000
9979
10000
9883
10000
10000
9814
9887
10000
9935
9978
9938
9917
10000
9946
10000
9923
9926
9899
10000
9883
9900
9889
10000
10000
10000
9878
9987
9900
10000
10000
9887
10000
9830
9992
10000
10000
9891
9890
9876
9931
10000
10000
10000
9927
9966
10000
9884
9861
9831
10000
9957
9945
10000
10000
10000
10000
9900
10000
9847
9906
10000
9980
9943
9757
9935
10000
10000
9885
9998
10000
9802
10000
10000
9992
9889
10000
9917
9935
9921
9930
10000
10000
10000
10000
10000
9947
10000
9988
10000
9926
10000
10000
10000
9854
10000
10000
10000
9808
10000
10000
9925
9886
9938
9898
9789
10000
10000
10000
9875
9760
10000
9852
9999
9957
10000
9895
9964
9935
9931
10000
10000
10000
10000
10000
10000
10000
9939
9918
10000
10000
9926
9890
9664
10000
9909
9875
9926
10000
9838
10000
9861
10000
10000
10000
10000
10000
9862
9935
10000
10000
9800
10000
10000
10000
10000
9946
9776
10000
9950
9950
10000
9809
10000
10000
9764
10000
9877
9927
10000
10000
9823
9957
9893
9991
9862
9887
10000
9999
9912
10000
9982
9812
10000
10000
9931
9966
9942
9944
9880
10000
10000
9775
9943
10000
9806
9864
10000
10000
9923
9790
10000
10000
10000
10000
9926
10000
10000
9864
9930
9846
9943
9951
9799
10000
10000
10000
9864
10000
10000
10000
9832
9863
9793
9925
10000
9893
9948
9901
10000
9940
9872
9850
10000
10000
9902
10000
9933
9880
9885
9980
10000
9814
9909
9862
9865
9911
10000
9888
10000
10000
10000
9906
10000
10000
10000
10000
10000
9976
10000
9883
9893
10000
10000
10000
10000
10000
10000
10000
10000
10000
10000
10000
9992
10000
10000
10000
10000
10000
10000
10000
10000
9961
10000
9881
9907
10000
9999
10000
9968
9895
9917
10000
10000
9956
9942
10000
10000
9963
10000
10000
9969
9924
9926
9895
10000
9816
10000
9910
9936
10000
9860
9998
9903
9842
10000
9780
9914
9940
10000
9941
10000
10000
9904
9925
9884
10000
10000
10000
10000
9835
10000
10000
9914
10000
9962
9905
9906
10000
9851
10000
10000
10000
10000
9874
10000
10000
10000
10000
9969
10000
10000
9834
10000
9897
9909
9960
10000
10000
9898
10000
10000
10000
9911
9877
10000
10000
10000
10000
10000
10000
9995
9966
10000
10000
9936
9860
9882
10000
9949
9929
10000
9860
10000
10000
9819
10000
10000
10000
9915
9882
9934
9982
9920
10000
10000
9993
9887
10000
9899
9879
9971
10000
9936
10000
9817
9854
10000
10000
9906
9892
9885
9952
10000
9998
10000
9869
9971
10000
10000
9853
9841
10000
9774
9866
10000
9937
9942
10000
10000
9965
10000
10000
10000
10000
9897
10000
9901
10000
10000
9918
9902
10000
10000
9989
10000
9904
9921
9896
9963
10000
10000
9882
9865
10000
10000
9926
10000
9733
10000
10000
10000
10000
10000
10000
9910
9933
10000
9881
9935
10000
9971
9804
9951
9838
9885
9928
10000
10000
9855
10000
10000
9922
10000
9950
9868
10000
9946
10000
10000
10000
10000
9745
9925
9928
10000
9925
9949
10000
10000
9874
9869
9802
9887
9923
10000
9933
10000
10000
9907
10000
9911
9974
9851
9870
10000
9716
10000
9933
10000
10000
9796
9940
9960
10000
9899
9860
9901
10000
9924
9771
9849
10000
9999
9946
10000
10000
9820
9843
10000
9885
9866
10000
9890
9880
10000
10000
10000
9993
9841
10000
9923
9836
10000
9855
9866
9903
10000
9868
10000
9923
9944
10000
10000
10000
10000
9999
9938
10000
9938
9938
9842
10000
9828
10000
9744
9773
9952
9955
9915
10000
9901
9890
9927
9979
9920
10000
10000
9920
9962
9958
10000
9944
9843
10000
9882
10000
10000
9931
9990
10000
9942
10000
10000
9864
10000
9899
9802
9887
9883
9960
9918
9913
10000
10000
9847
10000
9952
9925
9880
10000
10000
10000
9845
9836
9888
10000
10000
9945
10000
10000
9918
9887
10000
10000
9888
9971
10000
9908
10000
10000
10000
9902
9736
9855
9988
10000
9966
9931
9910
9984
9932
10000
9924
9754
9916
9908
10000
10000
9838
10000
10000
9854
10000
10000
9775
10000
10000
9886
10000
9905
10000
9975
9870
9936
10000
9963
10000
9921
10000
9886
10000
9911
9856
9772
10000
10000
10000
10000
10000
9938
9924
9902
9916
9753
9956
9912
9687
9792
9940
10000
10000
10000
10000
10000
10000
9952
9850
9866
9828
10000
9746
9960
9937
9830
9826
10000
9852
10000
10000
10000
10000
10000
9801
10000
9833
10000
9851
9904
9893
9853
10000
10000
9959
10000
9873
9887
9819
9944
10000
10000
9851
10000
9908
10000
9892
9818
10000
10000
10000
9731
9894
9998
10000
9800
10000
9869
9957
9811
10000
9931
9931
9910
10000
9974
9953
9916
9954
9931
10000
10000
10000
10000
10000
9823
9896
10000
10000
9963
9931
9897
9958
10000
10000
9939
9894
10000
10000
9901
9941
9913
10000
9953
9983
9932
10000
9967
10000
10000
9998
10000
9832
9936
10000
10000
10000
10000
9887
10000
9954
10000
9901
9867
9840
10000
9930
9911
9917
10000
10000
10000
9829
10000
9952
9924
10000
9665
10000
9965
9920
9937
9962
9972
9826
10000
9920
9906
9850
9884
9920
9900
9883
10000
10000
9779
9920
9854
9780
10000
9871
9880
9956
9941
9993
9842
10000
9910
9812
10000
10000
10000
9859
10000
9859
10000
10000
10000
10000
10000
10000
9857
9789
10000
9913
9915
9827
9973
9842
9819
10000
10000
9932
9937
9784
9758
10000
10000
10000
10000
10000
9896
10000
10000
9891
9837
10000
9972
10000
10000
9799
9949
9872
9862
9880
10000
9947
9916
9933
9988
10000
10000
9857
9948
10000
9882
10000
10000
9934
10000
9855
10000
9856
9919
10000
9963
10000
10000
9977
10000
10000
10000
10000
10000
9927
9913
10000
10000
9853
10000
10000
9817
9765
9909
9890
9941
9920
9830
9909
10000
9910
10000
10000
9913
9905
10000
10000
9907
10000
10000
9969
9877
9920
9900
10000
10000
9964
9757
10000
10000
9896
9926
10000
10000
9934
9882
9874
10000
9957
10000
9876
9957
9747
10000
10000
