9988
9884
10000
10000
9888
10000
9985
10000
9873
9915
10000
9971
9955
9902
9872
10000
10000
9963
10000
9997
10000
10000
10000
10000
10000
10000
9982
10000
9929
10000
10000
9940
9899
10000
10000
10000
9970
9997
9728
9975
10000
9958
10000
9847
10000
10000
10000
10000
9918
9677
10000
9811
9860
9741
9823
9927
10000
9996
9861
10000
9937
10000
9960
9929
10000
10000
9843
10000
10000
10000
9951
9873
9975
10000
10000
9915
9920
9901
10000
10000
10000
10000
10000
10000
10000
10000
9980
10000
9757
10000
9895
10000
9979
10000
9938
10000
10000
10000
9906
10000
10000
9917
10000
10000
10000
9879
10000
10000
10000
9982
10000
9872
9967
10000
9895
10000
10000
9891
10000
10000
9894
10000
9906
10000
10000
9837
10000
9801
9907
9872
9971
9982
9969
10000
10000
10000
10000
10000
9863
9978
9699
10000
9922
9891
9934
10000
10000
9941
9946
9824
10000
9871
9900
9964
10000
10000
9932
9949
9967
9998
9954
9996
9991
9878
9840
10000
9829
10000
10000
9866
9950
9808
9957
9962
9925
10000
9937
10000
9880
10000
10000
9978
10000
9927
10000
9659
10000
10000
9865
10000
9879
9993
9887
9830
9933
9998
10000
10000
10000
9958
9888
9919
10000
9963
9746
10000
9980
9903
10000
9971
9895
10000
10000
9931
10000
9979
9944
9821
10000
9892
10000
9927
10000
9864
10000
10000
9987
10000
10000
9993
10000
9946
9856
10000
9849
10000
10000
9854
9999
9977
9963
9974
10000
9963
9913
10000
9967
10000
10000
10000
9890
10000
10000
9777
9787
9905
10000
10000
10000
9850
9887
10000
10000
10000
10000
9867
10000
9920
10000
10000
9886
10000
9952
9925
9940
10000
9817
10000
10000
10000
10000
9877
9801
9897
9926
9954
9924
9868
9832
10000
9929
9864
10000
9925
9923
10000
9809
9882
10000
9949
9961
9996
9796
10000
10000
9843
10000
10000
10000
10000
10000
9966
10000
9960
10000
9893
10000
10000
9931
9801
10000
9880
10000
10000
10000
10000
9814
10000
9934
10000
10000
9889
9839
10000
10000
10000
10000
10000
10000
9824
9908
10000
10000
9800
9926
9894
9999
9893
10000
9757
10000
10000
10000
9999
10000
10000
9905
9881
9926
10000
9950
10000
9871
9917
9836
10000
10000
9892
10000
9924
9848
10000
10000
10000
9916
9900
10000
10000
9934
10000
10000
10000
10000
9821
9781
10000
9781
10000
10000
10000
9934
9854
9902
10000
10000
10000
10000
9816
10000
10000
9889
10000
10000
10000
9839
9730
9901
9928
10000
10000
10000
9841
10000
9905
10000
9849
9628
9956
9955
9926
10000
10000
9896
9950
10000
9907
10000
10000
10000
9907
10000
10000
10000
9734
10000
9694
10000
10000
10000
9848
10000
10000
9804
10000
9789
10000
9965
10000
9980
10000
9848
10000
10000
9959
9938
10000
10000
9854
9917
9874
9951
9995
10000
10000
9923
10000
10000
9808
9879
9927
10000
9980
9842
10000
10000
10000
9986
9939
10000
10000
9861
10000
9954
9932
9861
9937
10000
10000
9906
10000
10000
9882
10000
9906
10000
10000
9894
9813
9766
9795
9996
10000
10000
10000
10000
10000
9999
10000
9940
9963
9929
9959
9898
9915
10000
9900
9847
9876
9829
9920
10000
10000
9897
9892
10000
9995
10000
9981
9866
10000
10000
10000
9927
10000
9939
10000
9894
10000
10000
10000
10000
9895
9937
10000
10000
9860
9958
10000
9993
9857
9944
9962
9907
9877
9898
9873
9873
10000
10000
9948
9871
9912
9922
10000
10000
10000
9828
10000
10000
10000
9908
10000
9897
10000
9830
9872
10000
9898
10000
9827
10000
10000
9904
10000
10000
9884
10000
10000
10000
10000
10000
9949
10000
10000
10000
9871
9898
9932
9824
10000
10000
9915
9824
9909
10000
10000
10000
10000
10000
10000
10000
10000
10000
9913
10000
10000
9921
9965
10000
10000
10000
9887
9973
9902
9964
9928
9909
10000
10000
10000
10000
9966
9890
10000
9928
9981
10000
10000
9987
10000
10000
10000
10000
10000
10000
9976
10000
10000
10000
9740
9888
9872
9946
10000
9770
9880
10000
9928
9816
10000
10000
10000
10000
9882
9805
10000
10000
9953
9948
10000
9880
10000
9745
10000
10000
10000
9944
9968
10000
9957
10000
10000
9899
10000
9963
9955
9651
10000
10000
10000
10000
9838
10000
10000
10000
10000
10000
9894
9878
9968
9864
10000
9904
10000
9894
10000
10000
9900
9889
9967
10000
9999
9999
9800
9780
9998
9998
9969
9835
10000
10000
9961
9795
10000
10000
10000
9940
10000
9879
10000
9887
10000
9924
10000
9831
9883
10000
9999
10000
9746
9891
9904
10000
9855
10000
9966
9916
9976
10000
9885
10000
9793
10000
10000
10000
10000
9897
9841
9999
9931
9862
10000
9824
9824
10000
10000
9993
10000
10000
9900
10000
10000
9944
10000
9838
10000
10000
10000
9860
10000
10000
9950
9950
9924
10000
9972
9892
9911
10000
10000
9825
9954
10000
9909
9914
9915
9919
9998
10000
10000
10000
10000
9882
9854
9947
9854
10000
9945
10000
10000
9976
9894
10000
9843
9998
10000
9992
9805
9923
10000
9924
9934
9911
10000
10000
10000
9836
10000
10000
9924
9891
10000
9854
10000
9931
10000
9919
9946
9988
9981
10000
9954
10000
9813
10000
9987
9993
9892
9944
10000
10000
10000
10000
10000
9897
9759
9722
9868
9896
9842
9895
9920
10000
9938
9922
10000
10000
9865
9999
10000
10000
9932
9930
10000
10000
10000
10000
9858
9960
9874
10000
10000
10000
10000
9918
9931
10000
10000
9906
10000
10000
10000
10000
10000
9806
10000
9888
10000
9976
10000
9895
10000
9996
10000
9521
10000
10000
10000
9942
9830
10000
9871
9957
9982
9854
10000
9931
10000
9968
9924
9978
10000
9804
10000
10000
9956
9889
9827
9933
9950
10000
9975
10000
10000
9854
9931
10000
9882
10000
10000
9997
10000
9896
10000
9897
10000
9834
10000
10000
10000
10000
10000
9948
10000
10000
9858
10000
9822
9898
9859
9851
9905
9732
10000
10000
10000
10000
10000
9879
10000
10000
9905
10000
9950
10000
9996
9928
9848
9871
9861
10000
10000
10000
10000
10000
10000
9863
10000
9878
9871
10000
9915
10000
9915
9941
9881
10000
10000
9984
10000
