9944
9864
9886
9976
9843
9927
9981
9927
9899
9929
9943
9783
9902
9871
9861
9770
9890
9911
9927
9872
9865
9999
9884
9906
9901
9892
9915
9995
9883
9916
9935
9907
9905
9804
9932
9842
9885
9852
9781
9879
9890
9925
9875
9907
9898
9939
9885
9961
9976
9918
9950
9937
9847
9928
9828
9978
9827
9957
9979
9934
9916
9977
9904
9922
9942
9880
9878
9949
9791
9938
9947
9938
9833
9855
9877
9917
9851
9972
9773
10000
9913
9904
9895
9869
9859
9867
9911
9836
9929
9914
9866
9950
9932
9985
9947
9965
9958
9891
9946
9984
9942
9875
9814
9972
9912
9797
9947
9841
9974
9780
9924
9915
9928
9808
9912
9948
9870
9943
9988
9900
9858
9918
9901
9968
9896
9741
9960
9947
9991
9919
9864
9923
9898
9975
9957
9964
9935
9849
9888
9993
9973
9770
9953
9895
9897
9973
9931
9927
9956
9923
9834
9901
9878
9932
9935
9936
9862
9930
9931
9883
9907
9947
9925
9905
9798
9841
9928
9878
9854
9922
9930
9962
9987
9925
9944
9838
9871
9896
9930
9986
9927
9784
9972
9920
9880
9923
9848
9881
9971
9875
9817
9793
9925
9888
9960
9968
9944
9936
9883
9949
9946
9961
9920
9935
9862
9907
9774
9896
9905
9826
9906
9936
9916
9914
9906
9961
9889
9929
9917
9949
9808
9926
9890
9970
9868
9923
9772
9848
9947
9934
9793
9894
9952
9803
9970
9906
9948
9880
9932
9820
9943
9913
9920
9900
9933
9964
9938
9960
9962
9913
9945
9806
9916
9899
9887
9899
9994
9850
9973
9822
9909
9847
9887
9773
9839
9881
9946
9941
9979
9958
9884
9982
9992
9898
9908
9959
9906
9929
9927
9988
9786
9856
9934
9903
9946
9888
9892
9881
9918
9960
9915
9934
9963
9925
9945
9911
9913
9653
9984
9837
9935
9782
9907
9966
9875
9835
9907
9868
9924
9933
9818
9919
9857
9930
9844
9925
9939
9918
9840
9939
9933
9867
9975
9923
9943
9923
9888
9902
9987
9931
9902
9847
9920
9978
9948
9983
9819
9955
9905
9879
9814
9911
9938
9826
9759
9925
9878
9888
9928
9916
9857
9985
9898
9969
9922
9962
9962
9930
9951
9848
9870
9878
9932
9950
9863
9896
9802
9767
9946
9899
9929
9869
9965
9901
9960
9932
9789
9870
9908
9935
9874
9806
9902
9915
9944
9980
9937
9750
9946
9955
9850
9970
9990
9946
9839
9869
9911
9985
9927
9921
9943
9889
9884
9932
9921
9925
9885
9903
9982
9777
9926
9957
9939
9939
9873
9852
9742
9875
9928
9912
9985
9990
9943
9962
9958
9945
9809
9933
9901
9812
9851
9975
9892
9793
9922
9935
9903
9889
9904
9966
9948
9853
9979
9943
9941
9877
9940
9941
9922
9927
9948
9838
9895
9936
9899
9860
9855
9995
9901
9945
9977
9870
9928
9855
9911
9960
9922
9965
9923
9773
9907
9840
9970
9984
9931
9913
9882
9928
9956
9868
9874
9918
9934
9847
9905
9955
9902
9862
9876
9905
9934
9918
9827
9830
9943
9939
9876
9870
9852
9951
9875
9894
9879
9886
9934
9960
9921
9893
9840
9929
9913
9824
9882
9860
9933
9880
9936
9938
9932
9961
9862
9920
9798
9949
9838
9943
9852
9827
9931
9984
9938
9960
9905
9626
9917
9950
9975
9890
9902
9887
9914
9929
9848
9826
9967
9940
9885
9945
9949
9912
9775
9950
9960
9915
9913
9896
9997
9883
9872
9910
9952
9857
9870
9873
9931
9924
9945
9959
9960
9856
9865
9978
9892
9862
9912
9802
9919
9885
9957
9936
9904
9912
9880
9963
9825
9970
9903
9866
9869
9830
9934
9914
9816
9944
9990
9920
9947
9848
9861
9909
9891
9886
9988
9946
9923
9945
9969
9880
9920
9927
9959
9912
9875
9918
9964
9969
9810
9936
9943
9930
9961
9893
9831
9864
9940
9958
9928
9964
9959
9952
9927
9946
9875
9915
9882
9928
9965
9893
9996
9790
9940
9860
9894
9846
9910
9940
9635
9980
9926
9986
9921
9782
9932
9840
9921
9991
9914
9890
9911
9845
9967
9981
9833
9972
9917
9945
9864
9888
9797
9936
9792
9839
9941
9983
9931
9940
9941
9880
9877
9953
9924
9936
9999
9754
9934
9899
9847
9967
9967
9933
9858
9978
9924
9798
9835
9957
9801
9940
9881
9906
9933
9872
9947
9925
9916
9919
9999
9912
9979
9840
9881
9851
9975
9980
9750
9939
9832
9907
9931
9917
9953
9952
9858
9907
9870
9923
9869
9872
9939
9989
9927
9837
9774
9799
9919
9807
9924
9899
9974
9921
9924
9864
9931
9936
9923
9803
9894
9944
9963
9857
9952
9937
9972
9814
9915
9931
9913
9890
9897
9876
9982
9900
9827
9914
9857
9934
9959
9846
9995
9937
9864
9947
9962
9951
9964
9927
9965
9882
9715
9877
9929
9927
9923
9993
9862
9909
9940
9853
9845
9937
9938
9971
9704
9961
9963
9815
9958
9862
9928
9785
9949
9897
9925
9945
9904
9963
9864
9958
9942
9904
9930
9918
9973
9934
9999
9885
9855
9930
9858
9955
9988
9924
9956
9960
9935
9883
9886
9868
9823
9879
9956
9976
9977
9806
9910
9763
9942
9850
9727
9913
9814
9937
9945
9973
9957
9872
9951
9911
9761
9902
9939
9934
9970
9921
9917
9873
9962
9954
9880
9846
9894
9883
9784
9918
9892
9975
9918
9906
9906
9916
9777
9892
9886
9919
9907
9764
9734
9984
9954
9904
9922
9936
9963
9920
9933
9907
9915
9929
9986
9846
9999
9899
9828
9898
9837
9905
9843
9901
9930
9921
9994
9941
9877
9905
9919
9951
9926
9872
9937
9896
9866
9962
9865
9930
9934
9826
9857
9908
9928
9911
9937
9843
9928
9944
9891
9943
9921
9971
9970
9871
9834
9836
9898
9941
9890
9811
9937
9857
9937
9965
9993
9936
9892
9914
9808
9945
9899
9921
9706
9894
9861
9929
9968
9922
9967
9890
9981
9951
9862
9805
9929
9961
9957
9907
9963
9968
9956
9930
9892
9896
9798
9862
9961
9902
9924
9944
9931
9918
9944
9826
9867
9913
9898
9828
9934
9906
9980
9950
9930
9958
9845
9962
9940
9852
9929
9936
9971
9966
9926
9985
