9908
9810
9898
9913
9928
9935
9993
9995
9911
9886
10000
9894
9949
9899
9899
9863
9885
9950
9950
9846
9897
9867
9983
9960
9967
9792
9828
9966
9884
9951
9893
9840
9893
9920
10000
9982
9938
9959
9928
9820
9900
9956
9858
9804
9989
9981
9988
9912
9944
9840
9935
9958
9992
9950
9928
9999
9918
9802
9980
9842
9795
10000
9999
9932
9999
9893
9877
9939
9996
10000
9970
9956
9768
9923
9921
9694
9963
9981
10000
9989
9807
9908
9792
9914
10000
9812
9930
9869
9883
9917
9958
9940
9961
9899
9976
9961
9996
9987
9805
9821
9982
9991
9941
9860
9978
10000
9827
9915
9770
9930
9873
9923
9962
9957
9961
9960
10000
9897
9917
9923
9942
9814
9863
9916
9931
9927
9972
9767
9871
9896
9988
9895
10000
9936
9959
9842
9819
9879
10000
9903
9958
9906
9944
9861
9947
9906
10000
9963
9891
9882
9927
9988
9987
9927
9906
9907
9753
9822
9977
9818
10000
9986
9970
9986
9929
10000
9929
9931
9922
9892
9935
9900
9747
9944
9882
9710
9942
9887
9894
9820
9931
10000
9947
9965
10000
9915
9940
9947
9813
9930
9898
9949
9859
9876
9999
9970
9934
9883
9887
9943
9858
9981
9873
9980
9958
9949
9937
9903
9946
9868
9943
9908
9861
9986
9998
9823
9896
9961
9894
9906
9918
9934
9961
9885
9997
9996
9993
9955
9992
10000
9935
9882
9877
9915
9931
9790
9938
9787
9918
9951
9956
9961
9988
10000
9913
9894
9843
10000
9925
9786
9898
9862
9848
9888
9977
9712
9860
9838
9950
9902
9876
9694
9904
9870
9867
9937
9838
9786
9953
9887
9995
9822
9839
10000
10000
9912
9906
9882
9905
9955
10000
9830
9877
9991
9909
9898
9886
9886
10000
9886
9913
10000
9916
9987
9902
10000
9971
9967
9981
9919
9923
9901
9903
9729
9985
9958
9808
9918
9958
9860
9905
9913
9994
9951
9920
10000
9869
9950
9873
9848
9793
9848
9862
9984
9983
10000
9841
9894
9922
9882
9864
9937
9995
9801
9912
10000
9937
9887
9803
9929
9842
9950
9887
9915
9959
10000
9950
10000
9919
9958
9926
9903
9917
9997
9972
9830
10000
9963
9751
9826
9987
9955
10000
9804
9896
9944
9978
9998
9852
9935
9936
9955
9920
9922
9997
9824
9816
9960
9873
10000
9791
9920
9924
9947
9884
9974
9998
9852
9935
9845
9953
9871
9941
9886
9968
9946
9855
9956
9872
9903
9917
9987
9836
9997
9828
9860
10000
9934
9962
9923
9925
10000
9961
9763
9885
9897
9888
9928
9802
9971
10000
9929
9963
9936
9913
9862
9958
9972
9939
9977
9928
9952
9816
9882
9944
9906
9952
9932
9934
9914
9902
9933
9902
9841
9880
9957
9855
9923
9934
9933
9893
9836
9942
9865
9921
9928
9955
9881
9878
9933
9915
9948
9988
9934
9996
9999
9898
9865
9998
10000
9898
9924
10000
10000
9794
9924
9750
9886
9888
9752
9897
9703
10000
9901
9926
9925
9842
9899
9978
9843
9826
9947
9925
9913
9879
10000
9997
9954
9928
9906
9894
9918
9928
9993
9994
9949
9989
10000
9873
9926
10000
9928
9954
9842
9962
9957
9841
9915
9943
9901
9888
9897
9985
10000
9840
9859
9943
10000
9955
9908
9930
9854
9963
9996
9923
10000
9808
9820
9993
9980
9986
9955
10000
9828
9880
9802
9920
9897
9913
9916
9915
9853
9857
9940
9998
9928
9855
9841
9953
9999
9969
9856
10000
9769
9902
9717
9795
9946
9955
9914
9795
9964
9947
9951
10000
9952
9953
9925
9860
9875
9772
9918
9931
9939
9960
9945
9994
9937
9834
9938
9897
9861
9920
9996
9921
9773
9904
9916
9936
9954
9958
9854
9893
9893
9836
9927
9910
9904
9920
9875
9794
9999
9897
9998
9972
9972
9956
9898
9928
9823
9923
9805
9881
9925
9925
9883
9933
9908
9991
9931
9928
9838
9955
9946
9926
9843
9899
9926
9876
10000
9924
9928
9910
9971
9886
9819
9936
9999
9946
9794
9898
9803
9963
9876
9947
9934
9895
9921
10000
9941
9916
9960
9953
10000
9971
9865
10000
9946
9949
9969
10000
9938
9806
9914
9896
10000
9895
9950
9857
9997
9917
9871
9982
9923
9993
9999
9847
10000
9976
9911
9869
9950
9956
9847
9939
9851
9957
9836
9816
9853
9892
9918
9902
9909
9995
9954
9937
9890
9914
9968
9940
9852
9995
9990
9962
9966
9916
9881
9882
9952
9902
9943
10000
9915
9878
9922
9938
9949
9991
9968
9845
9787
9998
9938
10000
9942
9998
9890
9924
9871
9937
9961
10000
9996
9947
9998
9864
9998
9796
9985
9898
9846
9940
9843
9896
10000
9986
9811
9910
9850
9897
9938
9982
9773
9930
9998
9958
9864
9924
9923
9913
9901
9952
9833
9896
9874
9921
10000
9942
9960
10000
9920
9847
9978
9997
9992
9983
9948
10000
9934
9988
9931
9948
9896
9952
10000
9906
9957
9959
9852
9827
9888
9854
9940
9852
9874
9884
9929
9959
9836
9836
9900
9999
9961
9893
10000
9932
9893
9874
9930
10000
9906
9895
9947
9859
9937
10000
9888
10000
9898
9932
9962
9917
9874
10000
10000
9999
9935
9918
10000
9950
9923
10000
10000
9940
9874
9857
9927
9984
9982
9980
9858
9863
10000
10000
9885
9886
9931
9950
9935
9929
9992
9957
9975
9918
9972
9932
9742
9990
9989
9842
9915
9947
9958
9966
9998
9884
9870
9995
9986
9946
9831
9978
9898
9927
10000
9878
9931
9898
9964
9907
9844
9984
9883
9759
9867
9779
9927
9833
9956
9957
9932
9950
9999
9815
9991
9899
9850
9921
9893
9935
9916
9979
9949
9977
10000
9933
9824
9934
9873
10000
9958
9916
10000
9877
10000
9829
9908
10000
9808
9705
9915
9980
10000
9885
9924
9958
9874
9973
10000
10000
9997
9886
9717
9883
9929
9827
9815
9899
9973
9861
10000
9994
9924
9989
9920
9916
9937
9917
9874
9982
9901
10000
9974
9844
9878
9881
9951
9958
9858
9879
9842
9947
9897
9873
9989
9967
10000
9889
9938
9995
9952
9913
9937
9878
9868
9937
9934
9897
9995
9944
10000
9852
9928
9993
9926
9943
9912
9911
9939
