9999
9943
9983
9784
9905
9883
9880
9834
9902
9855
9995
9882
9829
9901
9987
9933
9997
9993
9889
9823
9998
9864
9931
9936
9769
9888
9968
9843
9910
9866
9760
9877
9997
9949
9943
9936
9999
9784
9911
9980
9936
9974
9891
9981
9944
9957
9968
9880
9906
9875
9873
9962
9991
9899
9992
9961
9899
9971
9986
9997
9826
9820
9903
10000
9998
9939
9948
9912
9836
9918
9920
9947
9978
9999
9977
9897
10000
9957
9935
9745
9913
9873
9955
9986
9999
9842
9757
10000
9915
9920
9891
9991
9886
9878
9880
9951
9840
9932
9934
9909
9999
9936
9928
9899
9810
9992
9881
9979
9945
9857
10000
9884
9944
9924
10000
9768
9805
9929
9860
9999
9975
9969
9914
9926
9774
9937
9932
10000
9926
9919
9931
9923
9923
10000
9965
9972
9871
9974
9906
9939
9970
10000
9935
9901
9941
9760
9961
9949
9999
9927
9983
9956
9992
9931
9947
9797
9980
9940
9829
9896
9932
9990
9922
9951
9856
9846
9904
9989
9888
9941
9925
9940
9941
9963
10000
9739
9974
9943
9926
9995
9909
9866
9947
9871
9828
9949
9969
9939
9860
9953
9906
9979
9939
9997
9951
9802
9890
9832
9998
9905
9941
9979
9991
9971
9917
9876
9990
9776
9953
9966
9886
9936
9885
9825
9924
10000
9820
9907
9998
9889
9922
9943
9969
9855
9830
9741
9996
9921
9937
9987
9996
9890
9938
9902
9999
9924
9883
9837
9969
9982
9929
9792
9892
9994
9997
9895
9913
9884
9804
9832
9946
9846
9910
9961
9855
9958
9936
9933
9837
9992
9859
9937
9852
9996
9869
9950
9816
9947
9985
9900
9910
9857
9775
9999
9778
9911
9975
9951
9996
9993
9962
9951
9822
9963
9949
9892
9981
9895
9810
9889
9978
9932
9998
9997
9936
9964
9870
9979
9901
9906
9900
9971
9853
9845
9907
9874
9938
9874
9869
9965
9806
9922
9949
9905
9999
9931
9934
9842
9949
9863
9999
9837
10000
9857
9895
9918
9956
9993
9918
9880
9923
9946
9975
9891
10000
10000
9913
9925
9931
9880
9866
9918
9909
9870
10000
9823
9999
9901
9996
9854
9771
9897
9950
9828
9869
9995
9868
9880
9934
9945
9928
9951
9823
9884
9942
9951
9927
9990
9894
9875
9903
9997
9946
9980
9862
9945
9910
9920
9955
9995
9983
9948
10000
9897
9962
9940
9985
10000
9838
9942
9838
9861
9982
9839
9937
9953
9999
9970
9998
9943
9906
9939
9979
9951
9995
10000
9800
9929
9866
9996
9993
9898
9956
10000
10000
9977
9894
9905
9959
9757
9943
9876
10000
9938
10000
9972
9999
9924
9876
9919
9886
9990
9921
9862
10000
9982
9919
9898
9897
9992
9949
9942
9824
9949
9906
9952
9992
9918
9870
9908
9965
9844
9852
9994
9827
9773
9913
10000
9839
10000
9877
9911
9997
9889
9933
9904
9878
9995
9888
9925
9832
9942
9961
9797
9821
9948
9870
10000
9972
9970
9839
9903
9868
9939
9788
10000
9945
9959
9936
9982
9883
9852
9903
9962
10000
9941
9893
9991
9951
9992
9905
9999
9751
9944
9990
9797
9996
9914
9947
9997
9959
9932
9996
9999
9909
9894
9963
9969
9996
9882
9833
9742
9847
9909
9999
9832
9921
9893
9977
9998
9979
9997
9934
9955
10000
9888
9944
9897
9762
9857
10000
9965
9956
10000
9860
9999
9863
9896
9928
9910
9968
9971
9999
9948
9887
9921
9999
9876
10000
9957
9875
9892
9952
9835
10000
10000
9936
9861
9937
9905
9910
9900
9849
9853
9946
9827
9886
9804
9857
9985
9945
9849
9990
9844
9918
9860
9999
9873
9922
9913
9995
9987
9768
9943
9946
9888
9903
9932
9966
9791
9891
9941
9931
9993
9914
9969
9884
9987
9885
9990
9962
9958
9869
9942
9868
9961
9995
9917
9967
9996
9896
9992
9980
9916
9970
9870
9878
9757
9937
9992
9978
9871
9875
9889
9825
9880
9961
9921
9991
9842
9938
9945
10000
9940
9985
9973
9949
10000
9998
9916
9974
9992
9822
9886
9999
9884
9912
9810
10000
9870
9929
9937
9975
10000
9906
9817
9905
9840
9945
9911
9863
9998
9941
9888
10000
9938
9796
9954
9967
9986
9903
9922
9823
9893
9838
9898
9839
9898
10000
9898
9925
9974
9940
9908
9963
9898
9801
9881
9921
9922
9916
9883
9974
9952
9999
9993
9947
9964
9999
9869
9955
9898
9925
9937
9927
9961
9999
9898
9961
9866
9958
9953
9933
9997
9907
9808
9860
9939
9940
9991
9921
9990
9888
9908
9929
9929
9884
9915
9952
9919
9844
10000
9827
9997
9786
9953
9915
9902
10000
9948
9930
9887
9968
9850
9878
10000
9946
9943
10000
10000
9983
9891
9952
9989
9781
9958
9977
9907
9907
9903
10000
9905
9959
9989
9930
9993
9999
9860
9957
9922
9897
10000
9953
10000
9984
9875
9996
9907
9895
9724
9996
9874
9958
9966
9935
9994
9964
9942
9965
9822
9775
9927
9940
9999
9867
9790
9956
9899
9881
9994
9845
9882
9971
9969
9851
9995
10000
9901
9908
9955
9970
9939
9883
9964
9957
9975
9893
9816
9991
10000
9945
9997
9942
9962
9958
9928
9941
9940
9991
9988
9961
9996
9899
9938
9855
9998
9958
10000
9882
9842
9960
9866
9971
9918
9991
9998
9885
9874
9959
9861
9992
9942
9840
9970
9998
9887
9943
9788
9864
9826
9902
9859
9825
9995
9896
9991
9871
9924
9879
9958
9911
9900
10000
9998
9877
9899
9867
9940
9963
9882
9944
9919
9989
9999
9929
9932
9771
9949
9948
9967
9974
9880
9894
9887
9967
9927
9892
9801
9817
9914
9933
9983
9919
9881
9968
9817
9905
9883
9918
9994
9929
9854
9932
9966
9855
9895
9915
9885
9915
9998
9941
9879
9913
9928
9926
9999
9962
9902
9911
9825
9888
9847
9951
9945
9966
9872
9972
9851
9883
9954
9927
9827
9809
9913
9917
9905
9974
9941
9913
9977
9807
9904
9876
10000
9996
9970
9947
10000
9952
9995
9916
9847
9872
9983
9916
9861
9987
9883
9930
9855
9973
9952
9885
9820
9931
9958
9793
9953
9954
9848
9848
9997
9924
9899
9979
10000
9883
9951
9923
9891
