9988
9989
9926
9878
9992
9998
9987
9995
9987
9964
9979
9969
9908
9999
9960
9886
9933
9937
9990
9999
9999
9905
9913
9991
9960
9987
9957
9994
9959
9996
9901
9923
9999
9939
9924
9988
9895
9831
9866
9932
9842
9935
9986
9993
9914
9999
9911
9995
9999
9978
9969
9979
9913
9959
9968
9923
9994
9957
10000
9995
9998
9950
9929
9954
9983
9964
9963
9959
9988
9902
9995
9989
9846
9993
9958
9945
9982
9952
9906
10000
9988
9999
9932
9997
9966
9918
9987
9981
9932
9997
9995
9895
9957
10000
9935
9936
9856
9962
9995
9977
9980
9974
9952
9793
9996
9911
9930
9968
9995
10000
9999
9787
9939
9996
9999
9967
9996
10000
9963
9961
9992
9939
9992
9989
9949
9987
9913
9919
9906
9968
9990
9994
9951
9968
9999
9991
9933
9926
10000
9915
9912
9946
9950
9985
9977
9943
9999
9984
9995
9960
9992
9927
9860
9889
10000
9995
9976
9995
9973
9959
9931
9852
9940
9993
9994
9922
9974
9973
9966
9976
9897
9949
9905
9935
9949
9986
9914
9906
10000
9976
9945
9958
9915
9974
9772
9942
9998
9998
9964
9983
9861
9989
9984
9932
9932
9867
9975
9996
9950
9966
9984
9998
10000
9980
9814
9992
9947
9993
9947
9949
9991
9969
9925
9987
9944
9950
9943
9823
9912
9940
9954
9974
9991
9916
9985
9919
9923
9956
9940
9970
10000
9997
9983
9825
9989
9970
9980
10000
9933
10000
9985
9936
9966
9962
9924
9945
9997
9984
9973
9876
9983
9909
9979
9999
9873
10000
9965
9980
9999
9973
9994
9916
9957
9997
9949
9868
9940
9995
9972
10000
9987
9979
9980
9907
9925
9989
10000
9989
9968
9995
9935
9978
9961
9988
9985
9950
9982
9934
9984
9794
9992
9846
9875
9901
9902
9951
9975
9968
9998
9988
9988
9994
9981
9986
9984
9996
9996
9941
9979
9965
9994
9883
9981
9998
9961
9990
10000
9997
9990
9993
9990
9853
9977
9935
9952
9991
9903
9876
9977
9999
9982
9973
9989
9981
9954
9939
9860
9996
9989
9933
9890
10000
9996
9996
9958
9998
9991
9972
9843
9981
9993
9997
9910
9963
9945
9898
9945
9968
9946
9998
9992
9997
9888
9997
9938
9956
9965
9956
9948
9936
9995
9891
9974
9964
10000
9993
9990
9976
9938
9971
9934
9965
9973
9920
9809
9989
9975
9981
9961
9967
9922
9965
10000
9999
9983
9981
9989
9964
9963
9920
9960
9942
9958
9940
9919
9961
9913
9980
9987
9991
9987
9979
9963
9992
9963
9914
9960
9986
9983
9933
9939
9999
9989
9980
9835
9984
9920
9993
9919
9943
9948
9973
9978
9966
9987
9937
9932
9956
9936
9978
9810
9926
9995
9991
9963
9910
9954
9882
9992
9947
9997
9949
9938
9931
10000
10000
9994
9963
9886
9953
9888
9924
9974
9998
9961
9917
9960
9980
9954
9897
9985
9986
9984
9992
9967
9849
9998
9935
9956
9997
9880
9963
9975
9997
9978
9950
9984
9994
9933
9979
9945
9982
9989
9960
9906
9994
9993
9851
9995
10000
9983
9995
9974
9999
9973
9991
9997
9986
9999
9945
9999
9957
9955
9989
9963
9993
9985
9995
9939
9953
9998
9999
9929
9911
9984
9964
9997
9924
9999
9879
9949
10000
9977
9977
9911
9964
10000
9912
9979
9998
9874
9933
9995
9999
9984
9909
10000
9944
9996
9949
9840
9974
9941
9979
9970
9928
9973
9910
9868
10000
9966
9998
9929
9999
9966
9989
9968
9960
9985
9962
9960
9998
9940
9983
9998
10000
9998
9865
9944
9943
9976
9906
9986
10000
9998
9980
9996
9958
9980
9974
9952
9904
9970
9971
9858
9986
9992
9966
9968
10000
9959
9881
9994
9957
9927
9977
9911
9918
9951
9989
9942
9910
9999
9980
9999
9994
9995
9992
9992
9983
9968
9995
9980
9929
9971
9954
9932
9995
9993
9937
9977
9993
9931
10000
9936
9998
9995
9987
9912
9989
9981
9991
9965
9973
9891
9918
9880
9973
9966
10000
9995
9927
9937
9963
9990
9926
9995
9999
9999
9989
9888
9948
9893
9941
9951
9936
9964
9932
9957
9994
9906
9990
9914
9996
9950
9927
9930
9940
9949
9950
9951
9975
10000
9942
10000
9983
9925
9910
9992
9985
9998
10000
9962
9952
9999
9993
9949
9981
9982
9908
9912
9994
9947
9995
9994
9965
9977
9910
9999
9832
9994
9953
9926
9903
9933
9934
9996
10000
9985
9986
9994
9881
9985
9975
9940
9991
9939
9962
9877
9881
9897
9942
9946
9907
9998
9977
9982
9973
9997
9895
9892
9997
9975
9998
9930
9900
9996
9943
9954
9981
9966
9966
9990
9988
9964
9995
9989
9970
9999
10000
9967
9972
9908
9996
9957
9955
9901
9928
9999
9998
9999
9956
9887
9958
9994
9939
9913
9995
10000
9955
9993
9999
9990
9987
9987
9983
9923
9881
9967
9769
9907
9976
9999
9990
9956
9910
9945
9998
9997
9909
9826
9998
9997
9969
9995
10000
9998
9963
9994
9951
9967
9925
9942
9992
10000
9975
9959
9925
9968
9998
9935
9947
9986
9966
9971
9992
9934
9996
9985
9995
9947
9995
9978
9999
9972
9837
9976
9972
10000
9965
9834
9969
9998
9987
9946
9991
9895
9921
9924
9937
9920
9880
9940
9981
9906
9984
9983
9941
9971
9996
9992
9999
9945
9996
9986
9915
9907
9969
9973
9986
9991
9946
9984
9992
9919
9945
9966
9925
9985
9948
9986
9999
9927
9969
9993
9971
9986
9901
9933
9994
10000
9977
9852
9999
9995
9962
10000
9999
9965
9963
9979
9953
9970
9997
9924
9986
9946
9989
9970
9992
9949
9935
9921
9992
9982
9902
9981
9995
9981
10000
9974
9912
9966
9986
9976
9964
9971
9944
9869
9907
9991
10000
9966
9941
9973
9996
9958
9926
9999
9998
9998
9908
9956
9987
9987
9964
9931
9881
9958
9999
9885
9923
9949
9961
9999
10000
9999
9943
9884
10000
9886
9996
9972
10000
9964
9842
9988
9992
9990
9963
9997
9983
9945
9943
9955
9971
9956
9803
9978
9997
9997
9992
9987
10000
9975
9908
9839
9973
9977
9961
9960
9949
9992
9907
9918
9963
9996
9879
9975
9969
