9832
9918
9888
9984
9916
9809
9824
9968
9940
9895
9997
9906
9838
9921
9881
9940
9931
9839
9931
9841
9944
9918
9993
9815
9885
9952
9890
9938
9924
9851
9884
9943
9885
9947
9954
9886
9905
9979
9896
9855
9901
9876
9906
9835
9893
9901
9934
9952
9935
9964
9900
9953
9942
9923
9900
9998
9878
9860
9943
9920
9893
9914
9892
9989
9930
9915
9973
9895
9915
9940
9850
9938
9977
9942
9969
9819
9838
9910
9973
9917
9939
9950
9919
9887
9912
9859
9994
9888
9945
9922
9914
9975
9922
9885
9883
9865
9933
9917
9920
9824
9876
9896
9901
9927
9871
9930
9854
9939
9954
9800
9736
9725
9913
9891
9949
9859
9916
9977
9935
9940
9868
9966
9935
9740
9872
9855
9947
9900
9983
9886
9914
9961
9938
9906
9927
9903
9924
9940
9963
9934
9973
9857
9896
9854
9911
9926
9924
9845
9955
9852
9956
9998
9954
9921
9907
9816
9856
9877
9894
9919
9905
9927
9999
9965
9984
9948
9961
9860
9902
9771
9922
9916
9800
9964
9985
9950
9994
9875
9881
9979
9908
9905
9801
9961
9961
9986
9981
9933
9945
9867
9911
9970
9791
9991
9892
9891
9905
9956
9964
9967
9893
9935
9825
9950
9847
9888
9956
9976
9961
9699
9960
9812
9833
9931
9987
9954
9892
9870
9938
9969
9959
9906
9927
9849
9966
9846
9955
9972
9956
9965
9910
9941
9927
9917
9925
9906
9908
9967
9916
9907
9978
9835
9964
9819
9899
9917
9925
9993
9865
9935
9957
9910
9757
9945
9939
9933
9885
9828
9919
9855
9917
9817
9872
9819
9821
9901
9963
9887
9867
9894
9956
9969
9838
9900
9854
9828
9951
9888
9893
9859
9919
9919
9885
9981
9785
9950
9874
9777
9937
9960
9972
9854
9919
9962
9871
9877
9890
9886
9897
9899
9896
9987
10000
9936
9916
9897
9967
9877
9953
9936
9964
9999
9902
9817
9685
9992
9920
9943
9929
9856
9914
9821
9881
9859
9887
9947
9911
9952
9933
9918
9792
9909
9790
9878
9840
9869
9746
9908
9902
9910
9996
9864
9953
9905
9926
9909
9955
9983
9911
9862
9908
9971
9936
9782
9907
9856
9941
9963
9954
9764
9952
9740
9907
9791
9917
9922
9972
9872
9995
9870
9931
9868
9911
9914
9696
9936
9899
9865
9998
9929
9787
9867
9850
9911
9844
9722
9938
9911
9735
9868
9932
9968
9929
9888
9894
9975
9940
9924
9818
9844
9897
9933
9822
9884
9883
9768
9849
9907
9945
9933
9961
9932
9901
9850
9843
9904
9857
9885
9951
9857
9912
9821
9874
9805
9951
9892
9889
9965
9954
9862
9940
9905
9921
9951
9886
9818
9945
9920
9751
9902
9904
9957
9908
9862
9804
9907
9889
9925
9896
9824
9930
9942
9974
9905
9917
9827
9972
9819
9821
9899
9942
9897
9940
9897
9885
9866
9852
9889
9914
9928
9827
9854
9877
9931
9773
9947
9898
9821
9962
9885
9996
9959
9925
9900
9863
9908
9760
9847
9881
9898
9874
9937
9909
9928
9894
9867
9846
9949
9837
9929
9896
9928
9851
9835
9983
9915
9909
9936
9930
9903
9956
9808
9824
9980
9932
9856
9923
9918
9849
9885
9900
9946
9934
9953
9915
9860
9979
9954
9959
9905
9902
9989
9795
9819
9930
9897
9894
9802
9896
9953
9998
9840
9889
9953
9920
9828
9873
9916
9886
9911
9808
9876
9931
9972
9910
9950
9905
9974
9855
9915
9905
9921
9929
9805
9875
9963
9958
9960
9853
9937
9985
9927
9864
9972
9780
9918
9985
9870
9895
9980
9936
9887
9852
9911
9830
9914
9934
9984
9857
9999
9934
9884
9867
9689
9946
9940
9920
9971
9983
9933
9930
9977
9969
9922
9899
9997
9941
9918
9894
9836
9972
9896
9822
9952
9943
9932
9908
9868
9909
9928
9759
9972
9841
9883
9974
9910
9857
9958
9840
9800
9850
9794
9925
9975
9781
9903
9795
9955
9975
9863
9877
9927
9877
9898
9852
9872
9934
9914
9910
9873
9846
9848
9917
9969
9943
9948
9887
9926
9905
9925
9808
9919
9994
9890
9816
9801
9911
9934
9959
9971
9996
9801
9950
9919
9916
9887
9914
9933
9808
9832
9881
9973
9744
9916
9934
9975
9954
9915
9866
9899
9932
9864
9895
9943
9968
9960
9935
9958
9917
9981
9790
9999
9910
9978
9903
9821
9911
9927
9902
9908
9969
9778
9964
9937
9925
9942
9899
9910
9911
9958
9953
9888
10000
9989
9947
9747
9951
9930
9889
9933
9850
9932
9927
9911
9920
9724
9903
9944
9980
9845
9922
9929
9977
9902
9851
9790
9907
9927
9999
9959
9820
9910
9929
9931
9945
9937
9999
9950
9949
9893
9964
9935
9976
9931
9816
9928
9957
9839
9935
9929
9994
9907
9848
9869
9907
9818
9953
9695
9988
9862
9870
9869
9884
9929
9945
9950
9960
9898
9747
9849
9998
9919
9952
9927
9845
9961
9945
9922
9989
9866
9760
9974
9862
9960
9991
9888
9913
9782
9761
9941
9813
9988
9917
9949
9860
9901
9991
9947
9903
9913
9946
9874
9938
10000
9912
9889
9922
9959
9920
9961
9841
9888
9922
9899
9812
9789
9856
9910
9858
9973
9909
9915
9955
9886
9900
9902
9888
9869
9923
9819
9847
9968
9920
9954
9870
9921
9903
9961
9933
9883
9885
9811
9952
9793
9843
9936
9854
9987
9840
9907
9923
9839
9865
9954
9926
9865
9794
9849
9956
9981
9905
9951
9917
9898
9916
9949
9955
9920
9994
9917
9888
9910
9965
9963
9908
9906
9945
9932
9969
9932
9957
9842
9963
9973
9855
9915
9873
9908
9927
9914
9944
9958
9983
9933
9771
9774
9798
9964
9940
9705
9967
9920
9891
9879
9959
9889
9912
9924
9922
9884
9780
9918
9922
9924
9863
9933
9923
9910
9949
9918
9933
9974
9942
9777
9868
9921
9776
9896
9924
9866
9854
9928
9874
9894
9968
9967
9929
9915
9896
9822
9909
9979
9957
9878
9858
9878
9955
9863
9924
9854
9845
9907
9899
9909
9862
9913
9905
9970
9978
9951
9907
9938
9930
9901
9788
9872
9908
9941
9972
9969
9883
9969
9782
9825
9847
9991
9996
9842
9881
9925
