9861
9948
9982
9974
9990
9994
9951
9976
9905
9967
9986
9895
9909
9981
9936
9965
9954
9993
9951
9876
9890
9935
9970
9934
9996
9961
9905
9887
9797
9970
9862
9920
9846
9973
9998
9907
9984
9948
9774
9896
9956
9977
9898
9956
9940
9969
9948
9921
9965
9802
9862
9899
9997
10000
9898
9989
9932
9901
10000
9882
9898
9932
9961
9961
9983
9879
9992
9962
9997
9920
9994
9926
9944
9991
9921
9989
10000
9935
9971
9987
9938
9955
9867
9952
9921
9819
9978
9997
10000
9902
9990
9987
9970
9960
9975
9903
9999
9940
9984
9920
9963
10000
9911
9889
9832
9974
9920
9917
9979
9975
9845
9999
9880
9990
9980
9915
9999
9950
9942
9989
9995
9999
9977
9939
9994
9844
9949
9961
9992
9999
9868
9999
9931
9935
9958
9902
9901
9930
9994
9999
9918
9896
9991
9999
9913
9979
9945
9985
9994
9986
9875
9911
9968
9913
10000
9943
10000
9922
9997
9996
9879
9753
9940
9992
9869
9972
9932
9839
9984
9857
9942
9975
9779
9874
9980
10000
9946
9945
9976
9978
9996
9981
9863
9968
9929
9934
9916
10000
9999
9987
9875
10000
9991
9909
9968
9995
9990
9999
9948
10000
9706
9988
9981
9974
9993
9927
9975
9979
9999
9975
9931
9951
9992
9955
9957
9920
9975
9944
10000
9919
9933
9873
9993
9979
9973
9949
9992
9998
9944
9951
9995
9834
9972
9997
9991
9847
9924
9955
9970
9953
9983
9995
9945
9993
9947
10000
10000
9930
9930
9991
9927
9964
9973
9998
9904
9909
9995
9896
9911
9942
9918
9981
9956
9999
9935
9865
9955
9967
9979
9985
9878
9793
9801
9925
9773
9922
9986
9980
9998
9993
9898
9968
9996
9901
9983
9971
9973
9998
9832
10000
9879
9892
9989
9999
9834
9990
9977
9939
9893
9978
9909
9868
9920
10000
9973
9995
9974
9991
9913
9985
9972
9951
9892
9977
9878
9992
9999
9997
9910
9900
9954
9967
10000
9984
9958
9917
9984
9967
9960
9945
9980
9870
9932
9973
9860
10000
9699
9962
9908
9899
9920
9918
9922
9890
9797
9826
9988
9994
9899
9968
9939
9972
9998
9918
9964
9969
9945
9861
9963
9914
9962
9867
9914
9983
9919
9944
9997
9878
9869
9931
9930
9863
10000
9951
9933
9919
9940
9949
9974
9846
9935
9974
9951
9879
9941
9881
9891
9853
9960
9809
9994
10000
9965
9894
9923
9897
9937
9892
9837
9995
9808
9837
9867
9992
9885
9992
9848
9994
9865
9969
9949
9980
9984
9974
9955
10000
9983
9978
9922
9894
9954
9997
9892
9904
9974
9988
9928
9948
9929
9990
9999
9969
9939
9962
9954
9986
9998
9816
9982
9955
9886
9983
9883
9938
9905
9967
9926
9977
9923
9998
9884
9998
9932
9923
9943
9918
10000
9855
9971
9970
10000
9897
9996
9983
9963
10000
9967
9828
9998
9919
9820
9983
9899
9942
9985
9879
9997
9925
9915
9961
10000
10000
9952
9964
9992
9940
9867
9903
9947
9991
9977
9913
9939
9998
9999
9996
9841
9951
9952
9998
9899
9994
9996
9986
9993
9995
9987
9880
9950
9903
9978
9997
9983
9969
9992
9877
9929
9891
9977
9951
9978
9888
9971
9947
9958
9972
9888
9956
9999
9999
9989
9804
9969
9972
9974
10000
9972
9894
9994
9886
9945
9991
9870
9862
9952
9902
9954
9932
9967
9888
9936
9995
9889
9916
9993
9846
9886
10000
10000
9899
9967
9992
9957
9943
9991
9949
9910
10000
9912
9952
9957
9998
9800
9974
9938
9993
9990
9929
9927
9901
9848
9999
9884
9855
9903
9924
9955
9894
9995
9985
9856
9941
9817
9911
10000
9982
9860
9990
9984
9867
9993
9986
9910
9978
9986
9899
9966
9986
9857
9853
9948
9928
9993
9832
9908
9932
9854
9998
9985
9999
10000
9997
9888
9977
9999
9995
9845
9989
9865
9945
9970
9889
9940
9931
9838
9924
9882
9920
9987
9884
9914
9980
9937
9959
9926
9898
9994
9908
10000
9950
9984
9990
9997
9991
9920
9991
9824
10000
9988
9923
9999
9971
9890
9998
9996
9978
9907
10000
10000
9979
9968
9933
9960
9986
9915
9995
9989
9856
9993
9915
9848
9995
9983
9971
9973
9884
9978
9983
9988
9955
9920
9987
9979
9992
9966
9927
9950
9999
9970
9994
9868
9918
10000
9988
10000
9973
9997
9996
9790
9899
9954
9936
9978
9924
9959
9830
9999
9946
9914
9999
9891
9819
9916
9990
9904
9948
9999
9997
9994
9938
9894
9961
9943
9927
10000
9976
9923
9864
9800
9848
9955
9940
9966
9988
9925
9858
9986
10000
10000
9907
9909
9930
9954
9928
9995
9965
9931
10000
9910
9938
10000
9912
9920
9999
9867
9955
9944
9884
9998
10000
9976
9880
10000
9982
9974
9923
9998
9997
9922
9977
9892
9923
9954
9991
9779
9915
9988
9998
9984
9964
9972
9999
9923
9969
9991
9879
9997
9963
9960
9976
9971
9946
9916
9828
9859
9921
9941
9919
9999
10000
9944
9942
9995
9999
9878
9931
9996
9984
9897
9994
9868
9925
9964
9937
9920
9867
9981
9983
9962
9979
9994
9949
9959
9965
10000
9882
9829
9898
9868
9933
9839
10000
9966
9982
9995
9767
9901
9958
9959
9954
9934
9857
9984
9852
9983
9979
9985
9995
9901
9904
9961
9949
9972
9942
9927
9952
9935
9895
9972
9966
9868
9930
9996
9797
9984
9980
9971
9897
9990
9861
9923
9960
9990
10000
9945
9976
9993
9803
9994
9953
9946
10000
9994
9920
9896
9958
9868
9963
9972
9977
9910
9982
9921
9992
9998
9861
9945
9814
9915
9967
9974
9994
9922
9940
9930
9941
9909
9997
9957
9976
9940
9934
10000
9958
9982
9997
9960
9815
9980
9905
9931
9845
9927
9890
9996
10000
9924
9998
9994
9995
9920
9859
10000
9945
9937
10000
9963
9986
9998
9925
9873
9999
9920
9998
9932
9958
9897
9952
9988
9916
9961
9993
9760
9893
9908
9852
9833
10000
9893
9917
9996
9938
9833
9983
9914
9879
9969
10000
9930
9990
10000
10000
9964
9797
9952
9997
9985
9998
9990
9963
9919
9964
9961
9918
9808
9772
9945
9890
9995
9888
