9889
9886
9910
9903
9879
9740
9742
9771
9902
9926
9916
9923
9965
9915
9921
9943
9867
9958
9938
9915
9898
9976
9850
9953
9905
9906
9984
9913
9991
9949
9772
9947
9921
9951
9915
9989
9979
9933
9944
9895
9937
9852
9867
9904
9879
9883
9996
9917
9898
9877
9874
9832
9885
9913
9759
9921
9863
10000
9991
9925
9867
9877
9884
9880
9963
9806
9870
9914
9677
9825
9957
9759
9945
9883
9880
9897
9944
9965
9934
9804
9984
9907
9919
9898
9866
9820
9814
9848
9945
9979
9988
9967
9852
9896
9906
9871
9924
9905
9738
9970
9863
9884
9785
9951
9897
9839
9951
9908
9916
9957
9880
10000
9886
9947
9963
9706
9955
9903
9913
9909
9998
9993
9994
9871
9747
9988
9831
9874
9966
9941
9798
9926
9959
9930
9996
9885
9999
9972
9842
9954
9975
9881
9851
9898
9981
9955
9951
9965
9781
9830
9961
9994
9860
9944
9951
9822
10000
9962
9836
9821
9886
9942
9979
9925
9940
9855
9847
9876
9832
9918
9913
9871
9901
9868
9923
9928
9998
9905
10000
9914
9889
9943
9924
9900
9957
9911
9889
9928
9931
9906
9922
9860
9848
9938
9897
9952
9843
9966
9793
9847
9993
9840
9787
9943
9873
9881
9946
9908
9867
9912
9927
9873
9921
9952
9919
9893
9701
9997
9984
9934
9866
9917
9914
9893
9933
9903
9956
10000
9931
9879
9832
9882
9811
9905
9944
9749
9958
9930
9915
9971
9910
9944
9904
9854
9895
9828
9988
9903
9994
9845
9885
9934
9865
9907
9913
9914
9911
9972
9926
9930
9942
9864
9972
9977
9893
9932
9873
9994
9898
9967
9964
9976
9927
9809
9812
9860
9966
9912
9953
9876
9889
9956
9943
9849
9905
9874
9928
9989
9962
9974
9746
9865
9904
9942
9998
9868
9866
9998
9973
9883
9851
10000
9942
9977
9831
9857
9960
9841
9926
9992
9905
9859
9979
9924
9881
9993
9988
9905
9887
9986
9894
9964
9906
9948
9996
9922
9705
9907
9872
9881
9915
9970
9787
9922
9885
9864
9919
9901
9901
9912
9877
9842
9980
9908
9934
9943
9986
9921
9913
9865
9872
9735
9811
9829
9897
9853
9812
9893
9883
9978
9923
9851
9934
9854
9907
9862
9862
9837
9904
9945
9919
9931
9928
9948
9948
9801
9910
9878
9959
9866
9851
9872
9944
9858
9850
9948
9855
9861
9930
9998
9944
9897
9828
9957
9988
9923
10000
9902
9886
9867
9842
9759
9941
9836
9999
9970
9903
9878
9918
9884
9862
9899
9936
9997
9902
9865
9915
9985
9930
9997
9946
9921
9986
9882
9939
9791
9875
9856
9998
9925
9885
9846
9762
9824
9954
9849
9948
9963
9894
9805
9934
9919
9954
9865
9829
9987
9966
9915
9925
9966
9974
9978
9748
9864
9783
9887
9906
9836
9856
9903
9937
9942
9940
9894
9995
9810
9881
9852
9944
9924
9949
9991
9991
9869
9932
9897
9898
9920
9879
9974
9887
9761
9915
9925
9945
9858
9837
9925
9925
9929
9910
9908
9922
9992
9794
9953
9969
9910
9923
9905
9948
9846
9815
9958
9882
9886
9939
9944
9998
9947
9927
9922
9944
9944
9958
9931
9961
9918
9909
9913
9970
9952
9988
9902
9946
9947
9849
9943
9873
9986
9960
9858
9952
9928
9897
9999
9887
9975
9847
9798
9933
9955
9933
9909
9914
9926
9882
9944
9926
9857
9888
9955
9978
9887
9839
9925
9974
9918
9929
9817
9955
9991
9777
9819
9929
9903
9893
9718
9882
9973
9918
9945
9984
9909
9905
9818
9957
9893
9828
9947
9993
9929
9901
9782
9967
9957
9934
9846
9933
9935
9940
9763
9956
9980
9930
9983
9978
9857
9940
9911
9745
9922
10000
9820
9883
9878
9863
9905
9955
9950
9989
9911
9849
9918
9988
9961
9946
9839
9883
9929
9982
9894
9931
9988
9932
9887
9964
9896
9896
9930
9846
9932
9820
9914
9932
9909
9842
9871
9996
9908
9899
9927
9934
9941
9931
9747
9946
9948
9858
9889
9890
9793
9868
9940
9876
9933
9967
9937
9961
9959
9947
9957
9947
9952
9981
9886
9914
9917
9884
9910
9914
9968
9933
9929
9842
9966
9945
9981
9882
9994
9912
9930
9902
9944
9974
9956
9976
9972
9975
9916
9968
9947
9974
9934
9918
9881
9911
9892
9942
9840
9910
9990
9993
9849
9945
9857
9897
9971
9852
9928
9810
9966
9908
9943
9960
9924
9932
9962
9985
9970
9896
9933
9883
9974
9982
9970
9931
9817
9957
9883
9886
9927
9922
9860
9959
9911
9943
9971
9936
9977
9885
9925
9926
9940
9922
9947
9958
9959
9967
9999
9867
9976
9917
9874
9889
9812
9815
9930
9917
9894
9932
9858
9828
9890
9772
9926
9899
9913
9980
9891
9894
9930
9963
9996
9861
9970
9889
9969
9895
9918
9852
9987
9997
9949
9946
9846
9910
9986
9954
9955
9927
9888
9924
9879
9942
9946
9937
9985
9905
9916
9898
9994
9992
9934
9945
9951
10000
9909
9909
9862
9868
9968
9943
9916
9947
9939
9948
9893
9903
9771
9921
9885
9851
9911
9891
9936
9914
9966
9913
9940
9909
9872
9858
9924
9916
9977
9777
9997
9934
9907
9956
9849
10000
9924
9925
9863
9948
9893
9919
9936
9894
9885
9915
9954
9938
9882
9887
9971
9741
9874
9935
9939
9923
9837
9978
9862
9831
9858
9836
9972
9960
9946
9913
9974
9895
9921
9862
9828
9862
9906
9885
9978
9862
9922
10000
9911
9868
9959
9949
9906
9871
9924
9860
9997
9928
9907
9912
9760
9884
9968
9862
9931
9933
9931
9911
9895
9865
9891
9920
9878
9870
9862
9896
9881
9942
9862
9848
9993
9902
9921
9923
9968
9992
9944
9921
9788
9917
9916
9893
9907
9968
9871
9961
9998
9960
9919
9938
9672
9862
9985
9928
9889
9895
9939
9921
9798
9759
9890
9845
9944
9954
9867
9941
9978
9850
9878
9892
9894
9903
9837
9846
9977
9925
9900
9848
9815
9899
9922
9836
9942
9885
9953
9959
9933
9778
9943
10000
10000
9865
9924
9903
9980
9838
9898
9959
9965
9969
9924
9817
9870
9836
9944
9930
9920
9959
9878
9879
9844
9838
9889
