9943
9889
9750
9957
9992
9847
9953
9902
9939
9927
9905
9940
9970
9953
9937
9956
9928
9914
9858
9923
9874
9766
9920
9980
9857
9908
9920
9847
9957
9830
9942
9943
9939
9825
9936
9881
9930
9973
9877
9870
9684
9788
9889
9836
9942
9932
9875
9957
9757
9947
9943
9982
9949
9905
9935
9957
9917
9939
9913
9859
9895
9895
9928
9867
9924
10000
9911
9882
9739
9903
9968
9913
9890
9938
9887
9857
9918
9930
9843
9870
9900
9927
9932
9933
9923
9889
9805
9907
9957
9940
9954
9866
9883
9835
9897
9976
9986
9960
9988
9891
9955
9872
9998
9898
9746
9972
9951
9956
9843
9873
9860
9949
9991
9787
9876
9927
9947
9872
9662
9798
9955
9910
9965
9947
9921
9919
9914
9932
9965
9845
9953
9919
9877
9930
9945
9882
9907
9877
9905
9918
9948
9887
9995
9998
9906
9824
9889
9876
9793
9945
9957
9960
9922
9846
9892
9919
9954
9907
9916
9858
9981
9972
9935
9842
9972
9761
9958
9859
9927
9982
9903
9874
9841
9752
9792
9955
9958
9936
9938
9946
9847
9918
9941
9812
9921
9949
9925
9982
9924
9807
9833
9852
9901
9836
9816
9881
9801
9940
9944
9940
9865
9993
9845
9815
9934
9954
9940
9916
9793
9944
9933
9949
9914
9956
9744
9940
9886
9921
9774
9890
9941
9871
9807
9919
9954
9861
9876
9870
9805
9913
9909
9869
9957
9917
9896
9941
9993
9933
9652
9945
9935
9859
9833
9817
9913
9966
9793
9927
9891
9950
9937
9989
9788
9917
9867
9963
9856
9958
9911
9837
9969
9954
9983
9871
9844
9805
9942
9891
9999
9875
9896
9888
9947
9762
9761
9936
9944
9786
9830
9964
9945
9967
9958
9968
9909
9941
9930
9880
9921
9924
9860
9875
9857
9806
9999
9927
9958
9870
9880
9913
9934
9928
9803
9901
9871
9847
9801
9961
9950
9895
9798
9858
9922
9985
9989
9937
9888
9862
9957
9968
9942
9786
9908
9906
9956
9895
9896
9950
9973
9893
9956
9802
9933
9901
9947
9715
9851
9881
9909
9913
9961
9839
9934
9885
9863
9968
9996
9914
9931
9898
9968
9980
9933
9918
9835
9958
9897
9933
9871
9936
9880
9665
9954
9899
9891
9843
9873
9922
9918
9925
9961
9957
9934
9934
9905
9840
9865
9933
9946
9890
9888
9945
9960
9966
9967
9905
9909
9980
9906
9874
9891
9944
9850
9855
9918
9888
9781
9871
9868
9816
9942
9981
9939
9849
9990
9884
9979
9874
9836
9936
9913
9830
9918
9977
9865
9917
9896
9953
9889
9910
9949
9936
9892
9891
9922
9994
9834
9890
9935
9808
9994
9915
9978
9863
9953
9837
9895
9829
9926
9972
9801
9940
9957
9951
9880
9994
9751
9960
9998
9950
9869
9871
9873
9945
9907
9985
9863
9989
9967
9942
9987
9878
9886
9840
9909
9955
9922
9826
9877
9835
9930
9881
9879
9905
9954
9937
9950
9889
9924
9981
10000
9943
9830
9886
9845
9913
9959
9823
9980
9909
9854
9973
9936
9935
9912
9854
9854
9981
9984
9913
9827
9844
9889
9947
9923
9974
9932
9895
9856
9912
9856
9922
9959
9907
9918
9779
9844
9850
9849
9997
9900
9861
9786
9969
9923
9888
9873
9833
9959
9876
9896
9878
9789
9950
9900
9774
9872
9851
9981
9966
9948
9929
9824
9956
9968
9999
9808
9867
9717
9902
9969
9952
9979
9961
9924
9899
9927
9841
9938
9903
9955
9917
9905
9922
9963
9795
9918
9848
9932
9935
9926
9948
9964
9874
9913
9956
9889
9996
9904
9904
9926
9893
9991
9935
9973
9940
9864
9906
9915
9887
9721
9786
9788
9902
9913
9938
9889
9973
9809
9864
9847
9909
9840
9908
9922
9940
9919
9966
9940
9879
9910
9945
9948
9847
9880
9968
9924
9934
9850
9965
9957
9918
9903
9938
9894
9875
9831
9910
9792
9823
9938
9969
9914
9862
9942
9956
9905
9921
9877
9922
9845
9832
9942
9985
9895
9912
9971
9942
9940
9955
9892
9887
9897
9954
9860
9913
9979
9802
9896
9921
9923
9931
9962
9961
9969
9918
9998
9909
9794
9850
9855
9856
9896
9871
9868
9884
9918
9923
9930
9811
9735
9728
9900
9866
9911
9925
9965
9958
9970
9945
9881
9901
9878
9974
9713
9911
9914
9925
9964
9807
9863
9901
9955
9947
9932
9929
9954
9971
9977
9898
9870
9975
9933
9864
9876
9906
9858
9872
9998
9932
9899
9849
9873
9901
9946
9830
9909
9948
9936
9852
9884
9965
9856
9872
9967
9944
9927
9989
9932
9807
9869
9957
9866
9994
9927
9996
9903
9940
9880
9849
9871
9923
9932
9928
9984
9995
9935
9927
9918
9975
9897
9978
9970
9968
9878
9920
9930
9800
9852
9910
9954
9910
9953
9854
9943
9849
9984
9850
9945
9936
9943
9840
9942
9995
9885
9923
9888
9934
9963
9807
9903
9913
9896
9879
9924
9862
9919
9902
9794
9991
9939
9936
9942
9909
9961
9921
9984
9927
9899
9852
9917
9865
9927
9911
9958
9713
9949
9951
9746
9951
9869
9916
9837
9734
9929
9890
9910
9966
9930
9832
9919
9878
9936
9867
9941
9902
9990
9815
9899
9846
9952
9797
9965
9913
9968
9839
9934
9946
9928
9863
9898
9858
9914
9922
9949
9971
9842
9865
9929
9966
9881
9911
9959
9955
9898
9914
9775
9939
9943
9912
9920
9989
9925
9844
9838
9945
9903
9910
9864
9941
9968
9923
9837
9799
9939
9996
9935
9981
9902
9938
9876
9827
9820
9932
9834
9922
9891
9899
9938
9948
9920
9955
9863
9659
9872
9884
9970
9905
9872
9939
9916
9863
9867
9946
9853
9920
9916
9939
9884
9851
9920
9962
9985
9938
9970
9872
9913
9757
9751
9751
9937
9923
9963
9681
9904
9829
9939
9913
9935
9917
9852
9893
9879
9798
9818
9822
9953
9880
9861
9962
9929
9948
9915
9906
9956
9943
9948
9876
9924
9829
9971
9884
9875
9852
9941
9921
9992
9816
9974
9882
9871
9873
9927
9781
9932
9869
9932
9952
9824
9938
9988
9868
9972
9869
9921
9906
9949
9951
9891
10000
9918
9874
9916
9945
9947
9937
9857
9942
9849
9964
