9986
9816
9891
9954
9901
9949
9904
9923
9994
9861
9979
9903
9915
9960
9955
9837
9994
9876
9879
9861
9881
9872
9859
9825
9878
9933
9848
9848
9877
9933
9898
9893
9972
9800
9984
9852
9960
9941
9966
9850
9840
9969
9908
9885
9921
9920
9824
9825
9776
9913
9964
9977
9933
9868
9930
9906
9889
9953
9892
9957
9679
9899
9915
9800
9915
9891
9941
9836
9948
9975
9942
9803
9960
9954
9840
9984
9990
9998
9935
9906
9957
9916
9840
9850
9902
9907
9873
9806
9968
9898
9877
9983
9999
9939
9919
9832
9882
9839
9953
9943
9908
9756
9970
9948
9827
9953
9895
9918
9971
9866
9827
9952
9916
9960
9921
9900
9958
9812
9907
9942
9907
9889
9792
9808
9921
9867
9899
9935
9804
9941
9969
9884
9976
9900
9910
9882
9929
9856
9947
9924
9868
9931
9920
9949
9885
9916
9808
9865
9962
9948
9958
9902
9906
9887
9847
9841
9911
9968
9942
9950
9942
9938
9944
9974
9865
9920
9848
9898
9926
9943
9890
9999
9916
9915
9942
9961
9909
9844
9866
9943
9891
9950
9890
9822
9926
9913
9949
9896
9929
9972
9905
9854
9940
9929
9954
9921
9914
9964
9921
9959
9845
9906
9939
9948
9973
9852
9952
9933
9958
9854
9961
9901
9897
9964
9963
9905
9925
9889
9896
9867
9910
9930
9903
9993
9806
9897
9941
9895
9884
9932
9946
9902
9967
9935
9839
9975
9962
9890
9903
9906
9910
9961
9926
9977
9943
9814
9897
9959
9902
9943
9863
9937
9813
9942
9847
9952
9793
9993
9866
9880
9938
9948
9807
9981
9886
9998
9968
9982
9963
9849
9787
9974
9920
9945
9934
9826
9935
9933
9930
9840
9882
9870
9952
9981
9891
9929
9877
9884
9864
9836
9856
9881
9934
9902
9903
9910
9963
9905
9875
9881
9913
9918
9996
9960
9947
9913
9862
9848
9938
9848
9896
9926
9922
9887
9741
9972
9899
9922
9900
9890
9957
9926
9869
9773
9975
9952
9935
9949
9930
9875
9914
9830
9952
9900
9949
9902
9955
9872
9882
9912
9943
9938
9917
9936
9934
9932
9828
9949
9897
9825
9950
9846
9896
9963
9759
9835
9913
9966
9942
9879
9849
9945
9932
9963
9896
9963
9932
9813
9934
9938
9763
9904
9918
9810
9929
9862
9929
9931
9944
9930
9921
9875
9852
9960
9985
9841
9934
9900
9849
9963
9851
9907
9880
9983
9856
9963
9893
9917
9939
9951
9956
9854
9919
9979
9897
9875
9834
9983
9921
9949
9879
9924
9902
9656
9925
9857
9868
9961
9907
9901
9813
9900
9820
9899
9894
9896
9838
9899
9880
9940
9847
9897
9775
9891
9824
9866
9954
9849
9883
9795
9810
9929
9918
9944
9975
9922
9948
9884
9919
9884
9850
9802
9937
9886
9899
9924
9921
9937
9863
9918
9681
9880
9937
9906
9928
9935
9893
9882
9766
9852
9903
9747
9809
9958
9885
9891
9857
9931
9909
9841
9907
9817
9876
9782
9973
9936
9978
9851
9920
9805
9942
9866
9896
9915
9924
9896
9985
9970
9921
9918
9935
9834
9896
9738
9918
9910
9875
9977
9826
9953
9939
9884
9958
9917
9854
9870
9816
9910
9931
9837
9852
9883
9704
9887
9920
9855
9926
9993
9779
9864
9928
9828
9933
9840
9948
9890
9870
9926
9799
9880
9939
9872
9879
9867
9863
9937
9925
9970
9681
9939
9938
9926
9777
9927
9871
9870
9788
9923
9865
9851
9925
9961
9852
9941
9903
9951
9904
9970
9993
9904
9861
9975
9911
9893
9862
9914
9839
9861
9871
9761
9973
9948
9958
9765
9998
9834
9962
9950
9958
9756
9850
9954
9869
9912
9919
9896
9993
9905
9884
9894
9924
9887
9886
9740
9943
9895
9957
9855
9889
9913
9917
9935
9901
9958
9951
9976
9956
9874
9967
9958
9846
9943
9935
9894
9871
9912
9831
9863
9909
9872
9964
9919
9885
9910
9878
9888
9809
9900
9958
9841
9963
9916
9822
9899
9778
9942
9918
9948
9903
9919
9949
9854
9902
9952
9994
9986
9907
9813
9947
9942
9907
9968
9922
9960
9966
9915
9850
9931
9934
9827
9842
9817
9959
9872
9958
9891
9981
9957
9958
9916
9870
9983
9972
9892
9942
9868
9930
9984
9891
9808
9941
9786
9913
9903
9950
9952
9891
9963
9906
9990
9886
9848
9964
9887
9854
9913
9952
9807
9884
9887
9811
9927
9983
9904
9891
9933
9970
9834
9925
9886
9926
9973
9902
9894
9981
10000
9937
9884
9926
9935
9868
9932
9950
9938
9913
9903
9875
9903
9908
9962
9800
9916
9865
9951
9880
9938
9905
9933
9873
9949
9865
9939
9868
9878
9764
9971
9862
9909
9963
9871
9812
9830
9856
9888
9882
9929
9935
9920
9918
9994
9921
9936
9931
9869
9916
9904
9935
9934
9767
9944
9844
9847
9789
9865
9990
9889
9874
9950
9890
9930
9929
9710
9758
9987
9864
9928
9888
9879
9911
9989
9936
9917
9912
9908
9894
9788
9904
9975
9860
9853
9969
9927
9930
9869
9947
9882
9906
9908
9987
9913
9929
9916
9825
9933
9966
9683
9928
9976
9953
9933
9989
9955
9957
9941
9945
9961
9954
9934
9910
9913
9964
9923
9818
9799
9849
9888
9875
9933
9795
9968
9954
9921
9971
9919
9782
9903
9938
9800
9921
9879
9953
9972
9915
9930
9829
9998
9887
9936
9954
9874
9872
9911
9918
9870
9852
9808
9901
9947
9812
9961
9869
9877
9973
9872
9895
9814
9904
9847
9884
9943
9913
9920
9738
9938
9897
9856
9921
9737
9915
9934
9902
9926
9900
9952
9934
9949
9889
9826
9939
9807
9936
9999
9923
9935
9949
9983
9814
9914
9978
9935
9748
9833
9864
9970
9952
9952
9946
9912
9784
9945
9819
9966
9941
9983
9908
9847
9861
9960
9931
9951
9821
9923
9876
9926
9926
9981
9895
9858
9923
9928
9947
9900
9775
9811
9839
9943
9885
9813
9939
9882
9644
9905
9937
9962
9904
9864
9921
9862
9895
9883
9888
9895
9956
9849
9804
9949
9912
9960
9881
9902
9929
9896
9888
9907
9931
9868
9920
9877
9999
9972
9929
9968
9917
9937
9917
9910
9933
9956
9915
9921
