9779
9910
9978
9899
9956
9950
9888
9860
9791
9899
9906
9972
9955
9737
9864
9888
9857
9854
9920
9912
9900
9878
9922
9865
9954
9780
9990
9902
9907
9951
9894
9968
9918
9885
9898
9934
9877
9924
9845
9908
9865
9906
9893
9913
9941
9859
9863
9960
9959
9965
9729
9784
9954
9913
9944
9953
9840
9941
9922
9933
9931
9778
9901
9834
9794
9958
9879
9904
9864
9806
9969
9946
9985
9944
9971
9785
9949
9959
9747
9881
9954
9881
9857
9817
9858
9890
9921
9938
9964
9909
9962
9927
9942
9838
9966
9893
9926
9943
9921
9836
9872
9948
9964
9903
9904
9858
9886
10000
9914
9806
9975
9906
9954
9933
9946
9790
9917
9879
9880
9838
9939
9839
9785
9904
9937
9987
9864
9876
9862
9985
9784
9901
9924
9926
9896
9873
9877
9866
9855
9954
9947
9922
9892
9900
9886
9939
9933
9949
9898
9942
9923
9917
9978
9865
9966
9842
9901
9890
9999
9967
9787
9936
9891
9955
9869
9833
9920
9934
9877
9971
9929
9775
9949
9914
9919
9790
9870
9994
9952
9846
9909
9932
9954
9922
9786
9962
9947
9895
9834
9954
9904
9960
9905
9936
9866
9875
9941
9870
9919
9950
9923
9912
9918
9855
9911
9860
9940
9944
9873
9870
9878
9990
9888
9874
9905
9960
9963
9913
9900
9862
9852
9857
9876
9961
9945
9879
9919
9873
9869
9899
9956
9929
9856
9897
9736
9964
9943
9864
9941
9982
9933
9946
9899
9997
9870
9976
9996
9962
9971
9934
9878
9904
9883
9734
9944
9924
9872
9869
9907
9940
9985
9933
9936
9926
9823
9948
9808
9967
9912
9923
9865
9940
9901
9807
9869
9855
9829
9887
9821
9970
9902
9895
9869
9909
9948
9942
9865
9927
9975
9979
9964
9905
9966
9921
9919
9946
9796
9879
9914
9976
9722
9938
9867
9865
9803
9887
9928
9906
9843
9946
9753
9940
9810
9864
9931
9768
9753
9969
9895
9853
9915
9961
9958
9931
9912
9923
9941
9857
9891
9938
9944
9846
9776
9887
9822
9827
9988
9999
9855
9834
9813
10000
9948
9752
9922
9931
9927
9915
9898
9927
9801
9909
9890
9906
9904
9974
9981
9872
9813
9878
9911
9866
9893
9873
9886
9841
9925
9954
9899
9903
9883
9967
9897
9970
9882
9978
9873
9828
9976
9758
9941
9953
9700
9863
9967
9796
9896
9920
9946
9840
9973
9945
9925
9913
9923
9842
9905
9948
9865
9948
9979
9891
9844
9966
9802
9981
9874
9973
9916
9793
9926
9983
9985
9856
9909
9950
9861
9908
9876
9775
9998
9804
9986
9848
9844
9827
9932
9863
9942
9713
9949
9843
9923
9945
9874
9923
9800
9885
9837
9865
9943
9938
9939
9806
9924
9916
9915
9963
9958
9939
9948
9860
9947
9810
9948
9974
9909
9909
9910
9851
9974
9927
9963
9876
9889
9953
9952
9947
9849
9921
9951
9795
9920
9880
9821
9874
9983
9787
9927
9853
9846
9894
9879
9963
9957
9760
9842
9878
9913
9841
9876
9878
9871
9880
9918
9876
9925
9890
9885
9936
9938
9894
9905
9931
9888
9935
9890
9862
9925
9779
9856
9898
9968
9908
9971
9960
9921
9929
9945
9914
9955
9792
9912
9965
9939
9983
9807
9933
9932
9922
9843
9963
9957
9884
9763
9933
9976
9864
9946
9829
9943
9808
9916
9811
9864
9942
9862
9944
9959
9855
9920
9879
9935
9862
9968
9930
9847
9875
9835
9937
9830
9855
9967
9924
9859
9917
9847
9921
9902
9895
9833
9995
9865
9867
9884
9903
9798
9961
9854
9957
9905
9941
9907
9834
9930
9872
9825
9896
9954
9995
9957
9883
9998
9854
9931
9899
9923
9874
9907
9805
9731
9853
9964
9927
9991
9857
9976
9876
9852
9937
9875
9817
9901
9964
9829
9976
9914
9909
9907
9890
9955
9884
9941
9831
9957
9923
9881
9828
9839
9860
9855
9814
9960
9879
9923
9952
9880
9928
9856
9990
9894
9926
9933
9923
9646
9841
9947
9988
9845
9974
9807
9994
9897
9969
9848
9929
9897
9815
9911
9904
9883
9951
9929
9799
9731
9873
9938
9936
9930
9894
9865
9969
9912
9938
9937
9753
9964
9823
9989
9984
9956
9895
9859
9853
9881
9955
9965
9994
9913
9844
9850
9953
9859
9970
9992
9961
9942
9929
9954
9912
9954
9945
9834
9949
9914
9870
9887
9995
9936
9937
9846
9954
9955
9989
9816
9931
9772
9846
9902
9963
9924
9909
9946
9827
9970
9885
9936
9874
9960
9914
9950
9962
9961
9783
9872
9787
9940
9935
9980
9932
9891
9849
9917
9927
9915
9964
9778
9934
9935
9776
9918
9920
9865
9882
9884
9839
9933
9817
9805
9900
9942
9794
9894
9939
9923
9876
9979
9951
9885
9916
9861
9881
9998
9946
9854
9886
9900
9978
9849
9891
9857
9836
9922
9889
9848
9901
9966
9972
9908
9953
9950
9990
9959
9945
9868
9938
9946
9876
9900
9929
9935
9862
9947
9851
9924
9731
9908
9921
9920
9880
9972
9905
9926
9871
9849
9840
9964
9945
9988
9889
9906
9843
9923
9833
9907
9862
9842
9963
9956
9859
9889
9915
9858
9786
9946
9922
9905
9801
9933
9912
9964
9875
9926
9930
9890
9949
9792
9704
9941
9960
9951
9953
9837
9960
9738
9923
9939
9833
9913
9934
9900
9921
9852
9926
9964
9971
9956
9900
9946
9889
9913
9964
9923
9922
9915
9924
9902
9960
9838
9860
9868
9975
9965
9933
9908
9718
9952
9861
9929
9923
9940
9858
9924
9951
9963
9929
9921
9826
9943
9880
9957
9877
9890
9883
9965
9842
9983
9789
9858
9874
9959
9975
9926
9897
9891
9860
9946
9883
9957
9918
9908
9836
9873
9937
9965
9890
9941
9928
9966
9917
9956
9917
9930
9934
9824
9938
9803
9916
9987
9848
9910
9890
9888
9965
9912
9892
9920
9875
9838
9972
9900
9720
9995
9947
9920
9987
9851
9921
9931
9845
9949
9920
9925
9957
9914
9901
9732
9931
9932
9919
9948
9876
9918
9896
9981
9907
9879
9851
9931
9941
9932
9960
9868
9885
9806
9878
9876
9924
9932
9875
9871
9894
9924
9944
9841
9937
9800
9888
9952
9818
