9921
9921
9891
9896
9924
9804
9948
9964
9977
9963
9894
9999
9942
9802
9889
9852
9857
9958
9903
9834
9839
9955
9906
9802
9949
9838
9808
9855
9899
9853
9988
9897
9848
9933
9917
9938
9967
9917
9988
9970
9838
9898
9913
9989
9892
9910
9946
9960
9899
9876
9950
9817
9856
9963
9956
9996
9930
9986
9922
9896
9926
9898
9854
9946
9975
9967
9900
9820
9943
9948
9960
9971
9992
9943
9956
9943
9957
9895
9821
9919
9890
9975
9999
9948
9957
9864
9915
9954
10000
9779
9826
9994
9936
9874
9891
9961
9904
9990
9860
9949
9952
9940
9880
9923
9712
9800
10000
9934
9827
9997
9960
9959
9906
9898
9961
9921
9926
9970
9869
9950
9911
9909
9935
9983
9963
9928
9969
10000
9869
9925
9902
9891
9868
9890
9920
9994
9762
9926
9857
9922
9900
9921
9998
9848
9907
9842
9878
9980
9957
9983
9966
9960
9842
9939
9951
9924
9848
9935
9895
9863
9929
9885
9941
9925
9951
9876
9943
9873
9864
9959
9987
9916
9971
9891
9999
9948
9998
9873
9987
9851
10000
9965
9868
9979
9934
9894
10000
9758
9867
9973
9868
10000
9934
9948
9914
9944
9916
9891
9930
9950
9951
9927
9868
9915
9981
9894
9913
9979
9956
9966
9988
9932
10000
9903
9868
9950
9935
9901
9870
9991
9755
9888
9828
9948
9887
9955
9930
9948
9831
9976
9934
9948
9864
9920
9969
9834
9934
9955
9886
10000
9895
9959
9913
9887
9993
9568
9862
9973
9864
9882
9884
9907
9959
9981
9922
9881
9961
9972
9959
9849
9831
9952
9909
9919
9984
9951
9915
9978
9988
9913
9929
9982
9803
9919
9921
9977
9929
9916
9998
9979
9800
9974
9876
9908
9868
9935
9913
9887
9999
9875
9770
9854
9854
9881
9912
9954
9975
9738
9950
9918
9901
9977
9911
9824
9971
9957
9888
9893
9953
9892
9944
9988
9809
9940
9944
9844
9931
9920
9997
9892
9875
9842
9969
9912
9847
9896
9992
9850
9897
9921
9990
9967
9918
9892
9889
9917
9937
9862
9911
9930
9977
9916
9853
9966
9682
9821
9957
9822
9999
9983
9874
9861
9930
9884
9892
9948
9984
9967
9853
9902
9965
9938
9946
9945
9972
9936
9749
9857
9947
9862
9869
9856
9941
9978
9797
9955
9941
9947
9907
9884
9928
9891
9936
9924
9884
9991
9993
9947
9828
9892
9971
9901
9886
9869
9909
9999
9847
9966
9861
9972
9998
9866
9937
9980
9917
9974
9858
9830
9874
9901
9935
9907
9943
9837
9972
9963
9849
9902
9999
9799
9979
9896
9909
9965
9955
9925
9924
9812
9917
9908
9995
9846
9926
9841
9948
9927
9904
9872
9968
9804
9969
9817
9829
9885
9935
9905
9986
9960
9955
9938
9907
9917
9999
9967
9920
9841
9802
9958
9891
9902
9978
9978
9974
9833
9828
9928
9954
9924
9999
9922
9910
9912
9957
9932
9937
9927
9918
9952
9884
9973
9901
9934
9913
9895
9923
9886
9853
9931
9909
9945
9841
9994
9785
9909
9969
9741
9973
9880
9980
9871
9923
9875
9994
9841
9930
9877
9866
9923
9949
9973
9924
9971
9940
9989
9876
9944
9902
9966
9890
9893
9937
9998
9986
9908
9977
9948
9975
9928
9820
9815
9876
9830
9916
9847
9998
9883
9956
9868
9983
9858
9921
9989
9962
9953
9860
9911
9975
9991
9862
9943
9908
9818
9990
9952
9884
9892
9972
9823
9841
9959
9918
9884
9928
9923
9795
9971
9919
9933
9908
9986
9927
9938
9952
9957
10000
9884
9993
9928
9961
9886
9934
9935
9753
9880
9952
9874
9962
9985
9934
10000
9740
9943
9969
9988
9925
9962
9984
9911
9931
9869
9893
9918
9865
9892
9936
9856
9848
9982
9956
9963
9989
9864
9990
9919
9887
9854
9948
9992
9870
9846
9998
9894
9916
10000
9830
9782
9917
9933
9922
9939
9787
9910
9853
9824
9899
9899
9966
9942
9873
9840
9926
9917
9787
9962
9978
9985
9973
9818
9902
9837
9991
9895
9898
9981
9898
9976
9986
9872
9905
9915
9849
9836
9939
9794
9993
9972
9970
9870
9949
9879
9896
10000
9934
9949
9916
9912
9985
9876
9952
9996
9929
9976
9918
9996
9829
9915
9906
9979
9910
9949
9787
9974
9814
9837
9899
9897
9914
9914
9863
9941
9887
9934
9982
9959
9963
9880
9906
9943
9865
9895
9970
9896
9982
9933
9993
9935
9990
9866
9909
9921
9922
9902
9993
9897
9910
9918
9773
9892
9984
9975
9878
9893
9959
9896
9989
9929
9876
9997
9933
9984
9998
9917
9959
9941
9953
9934
9840
9958
9968
9948
9909
9958
9829
9988
9952
9904
9920
9893
9889
9952
9876
9829
9839
9895
9913
9912
9928
9919
9801
9918
9939
9986
9883
9943
9783
9985
9970
9904
9957
9929
9942
9919
9905
9965
9930
9951
9843
9915
9934
9902
9976
9906
9910
9903
9893
9992
9849
9973
9892
9785
9937
9909
9867
9993
9908
9957
9848
9919
9921
9953
9873
9987
9983
9912
9950
9926
9991
9926
9954
9965
9911
9943
10000
9877
9884
9946
9945
9970
9986
9901
9956
9898
9743
9834
9894
9911
9919
9814
9920
9964
9897
9936
9935
9971
9974
9994
9999
9978
10000
9999
9934
9999
9927
9937
9963
9907
9952
9898
9917
9889
9992
9881
9839
9890
9902
9918
9920
9996
9900
9807
9990
9937
9918
9837
9913
9829
9906
9993
9926
9949
10000
9922
9947
9923
9932
9899
9956
9937
9908
9833
9942
9934
9829
9958
9865
9949
9911
9914
9933
9970
9893
9897
9898
9934
9946
9888
9965
9943
9813
9946
9945
9924
9832
9936
9997
9925
9885
9921
9823
9874
9946
10000
9840
9913
9937
9926
9918
9983
9912
9990
9931
9911
9922
9983
9908
9882
9844
9981
9973
9990
9892
9976
9952
9855
9848
9945
9950
9804
9783
9995
9992
9973
9999
9846
9905
9862
9897
9922
9918
9815
9923
9903
9927
9868
9879
9986
9934
9976
9967
9968
9807
9995
9872
9929
9905
9965
9943
9805
9870
9948
9976
9864
9935
9856
9855
9999
9936
9942
9844
9866
9899
10000
9856
9982
9938
9890
9954
9964
9870
9875
