9948
9958
10000
9951
9967
9970
9955
9990
9890
10000
9976
9952
9999
9921
9998
9963
9949
9978
9918
9998
9992
9941
10000
9982
9989
9979
9983
9885
9995
9846
9996
9994
9954
9972
9942
9909
10000
9833
10000
9958
9913
9815
9897
10000
9974
9948
9954
9919
9999
9945
10000
9938
9974
9953
9916
9917
9969
9867
9936
9898
9860
10000
9943
9991
9990
9931
9956
9936
9889
9993
9976
9878
9952
9958
9983
9940
9878
9976
9991
9892
9910
9804
9996
9960
9984
9995
9981
9950
9992
9975
9956
9994
9972
9982
9964
9988
10000
9952
9940
9986
9999
9958
9990
9939
9965
9896
9997
9998
9970
9896
9998
9945
10000
9958
9904
9980
9989
9990
9901
9946
9876
9943
9995
10000
9884
9988
9989
9998
9880
9921
10000
9973
9998
9999
9924
9912
10000
9973
9946
9865
9979
9862
9888
9992
9940
9940
9951
9914
9998
9955
9990
9982
9891
9990
9905
9791
9934
9990
9985
9932
9969
9966
9886
9993
9828
9907
10000
9987
9906
9998
9970
9992
9893
9965
9866
9955
9867
9874
9947
9932
9997
9969
9986
9968
9893
9796
9931
9958
9976
9907
9945
9990
9992
9940
9964
9919
9977
9919
9989
9916
9930
9956
9993
9912
9978
9963
9969
9861
9974
9981
9921
9985
9982
9998
9947
9998
9944
9956
9998
9947
9999
9904
9913
9984
9901
9906
9940
9908
9931
9945
9895
9969
9959
9929
9944
9994
9988
10000
9892
9919
9981
9989
9917
9913
9952
9883
9915
9903
9987
9817
9995
9967
9959
9938
9978
9969
9964
9966
9960
9916
9931
9903
9968
9948
9879
9931
9960
9945
9988
9996
9999
9970
9948
9997
9970
9856
9894
9896
9988
9921
9991
9877
9964
9960
9937
9978
9892
9997
9990
9994
9992
9997
9901
9989
9982
9915
9823
9872
9969
9999
9949
9987
9951
9998
9999
10000
9954
10000
9945
9953
9935
9998
9999
9973
9955
9955
9842
9963
9995
9963
9971
9952
9985
9979
9985
9934
9994
9992
9957
9961
9953
9983
9843
9889
9959
9746
9975
9996
9960
9914
9994
9920
9930
9937
9902
9969
9907
9950
9980
9906
9979
9982
9999
9993
9917
9926
9998
9976
9866
9966
9993
9996
9989
9980
9991
9993
9960
9928
9966
9971
9979
9948
9902
9972
9994
9936
9997
9868
9998
9960
9975
9921
9935
9967
9977
9996
9948
9977
9922
9999
9970
9838
9994
9869
9903
9944
9997
9983
9858
9998
9874
9924
9883
9881
9953
9948
9980
9891
9954
9958
9954
9999
9991
9991
9999
9875
9982
9978
9944
9959
9971
9979
9991
9999
9978
9923
9956
9988
9895
9995
9998
9992
9942
9945
9797
9993
9902
9978
9809
9968
9940
9817
9890
9913
9967
9926
9942
9949
9973
9879
9934
9956
9989
9947
9923
9999
9875
9967
9999
9909
9905
9945
9999
9926
9974
9931
9983
9979
9916
9948
9979
9835
9963
9999
9910
9942
10000
9854
9927
9832
9927
9962
9999
9839
9901
9998
9882
9915
9958
10000
9995
9926
9979
9987
9965
9900
9859
9997
10000
9992
9983
10000
9998
9966
9824
9942
9870
9888
9937
9901
9998
9982
9930
9969
9895
9985
9979
9988
9952
10000
9999
9998
9947
9994
9880
9838
9939
9967
9997
9994
9983
10000
9994
9898
9963
9941
9964
9807
9997
9958
9943
9994
9968
9982
9835
9908
9938
9987
10000
9965
9987
9984
9949
9760
9945
9973
9984
9903
9930
9982
9980
9958
9988
9872
9905
9999
10000
9986
9957
9822
9998
9881
9940
9959
10000
9970
9956
9957
9954
9941
9914
9929
9982
9846
9938
9958
9962
9981
9943
9972
9959
9919
9878
9993
9841
10000
9809
9998
9910
9933
9909
9990
9926
9999
9989
9964
9963
9932
9865
9975
9970
9987
10000
9956
9999
9938
10000
9981
9927
9891
9830
9829
9936
9982
9994
9983
9996
9907
9934
9996
9998
9983
9998
9962
10000
10000
9923
9974
9987
9959
9991
9931
9981
9890
9989
9913
9884
9957
9989
9973
9995
9996
9999
9977
9880
9993
9992
9943
9961
9892
9919
9977
9960
9976
9964
9994
9957
9989
9998
9849
9972
9900
9999
9982
9943
9992
9860
9956
9827
9918
9997
9981
9952
9987
9965
9999
9890
9968
9894
9979
9953
9998
9998
9989
9988
9877
9905
9930
9904
9999
9963
9931
10000
9931
9982
9984
9994
9981
9923
9825
9949
9981
9976
9986
9996
9870
9978
9944
9987
9954
9991
9948
9993
9856
9994
9911
10000
9912
9992
9954
9994
9928
9867
9929
9943
9849
9980
9922
9988
9968
9919
9826
9874
9917
9924
9952
10000
9998
9969
10000
9985
9965
9951
9948
9981
9966
9991
9832
9992
9925
9889
9736
9966
9908
9958
9926
9974
9909
9910
9891
9949
9947
9912
9987
9993
9914
9964
9899
9997
10000
9941
9792
9993
9962
9959
9990
9996
9866
9883
9992
9972
9968
9941
9916
9962
9968
9961
10000
9801
10000
9990
9936
9854
9991
9968
10000
9966
9951
9936
9985
9952
9969
9990
9947
9967
9887
9936
9871
9999
9872
9951
9916
9887
9965
9827
9948
9966
9990
9979
9980
10000
9959
9874
9948
9968
9989
9982
9836
9931
9867
9968
9997
9995
9911
9933
9977
9848
10000
9908
9984
9997
9941
9959
10000
9993
9997
9922
9992
9987
9934
9954
9859
9973
9931
9908
9969
9960
9968
9935
9998
9990
9972
9991
9946
9932
9985
9905
10000
9993
9987
9937
9999
9894
9903
9993
9866
9994
9899
9832
9942
9992
9906
9970
9983
9948
9990
9977
9944
9994
9947
10000
9914
9945
9999
9983
9931
9953
9971
9970
9968
9984
9976
9999
9970
9894
9996
9960
9988
9945
9963
9971
9920
9879
9972
9890
9941
9998
9936
9981
9984
9919
9935
9890
9996
9969
10000
9935
9950
9986
9870
9999
9869
9983
9881
9953
9930
9972
9958
9990
9998
9914
9942
9928
9982
9901
9998
9912
9969
9926
9940
9911
9986
9946
9899
9985
9914
9968
9961
9961
9940
9901
9988
9974
10000
9990
9997
10000
9915
9997
9920
9947
9980
9926
9921
9943
9956
9942
9986
9868
9931
9971
9882
9996
9893
9939
9893
9976
9860
9957
9932
