9936
9972
9942
9927
9875
9848
9895
9789
9904
9955
9964
9955
9911
9944
9839
9852
9859
9910
9854
9882
9944
9849
9852
9863
9882
9855
9967
9903
9948
9913
9857
9909
9905
9956
9892
9789
9951
9982
9939
9941
9917
9865
9923
9917
9852
9846
9939
9955
9803
9768
9920
9827
9982
9988
9913
9936
9968
9932
9873
9853
9879
9930
9821
9815
9949
9887
9940
9941
9939
9967
9891
9977
9874
9952
9831
9875
9877
9855
9960
9959
9946
9883
9959
9944
9913
9952
9831
9849
9932
9834
9806
9933
9965
9816
9900
9960
9947
9806
9874
9932
9927
9877
9903
9978
9976
9914
9922
9887
9946
9856
9926
9965
9964
9934
9872
9815
9899
9809
9957
9907
9842
9898
9987
9964
9993
9926
9899
9916
9939
9889
9811
9867
9847
9975
9673
9880
9959
9834
9979
9965
10000
9914
9834
9934
9929
9929
9810
9900
9873
9942
9911
9931
9905
9849
9928
9967
9929
9893
9848
9953
9999
9856
9970
9864
9893
9968
9894
9892
9838
9900
9952
9729
9999
9988
9872
9961
9902
9927
9929
9914
9774
9735
9867
9908
9897
9855
9900
9843
9932
9934
9885
9885
9946
9951
9859
9944
9932
9835
9996
9886
9783
9963
9911
9956
9901
9916
9922
9925
9842
9890
9945
9888
9921
9875
9924
9878
9920
9962
9947
9844
9974
9979
9916
9917
9974
9919
9953
9986
9937
9809
9951
9861
9894
9878
9906
9833
9895
9999
9874
9944
9723
9932
9946
9905
9897
9975
9834
9844
9952
9991
9903
9897
9875
9981
9905
9974
9858
9877
9885
9868
9907
9854
9954
9902
9873
9831
9845
9928
9909
9936
9883
9921
9935
9852
9962
9992
9860
9920
9998
9870
9952
9861
9910
9961
9808
9911
9923
9892
9882
9947
9868
9903
9923
9903
9902
9919
9804
9895
9978
9879
9855
9807
9897
9986
9842
9776
9865
9940
9936
9909
9792
9822
9920
9930
9894
9983
9898
9992
9903
9916
9853
9882
9838
9870
9932
9814
9977
9923
9842
9940
9899
9837
9938
9961
9922
9875
9953
9874
9939
9829
9776
9881
9986
9832
9876
9976
9912
9903
9858
9882
9889
9866
9902
9920
9947
9909
9802
9948
9960
9975
9950
9901
9955
9960
9851
9904
9913
9879
9967
9842
9912
9928
9830
9908
9911
9970
9888
9956
9899
9928
9838
9940
9969
9985
9907
9905
9781
9968
9919
9880
9731
9809
9931
9885
9918
9875
9901
9859
9924
9992
9998
9889
9923
9928
9854
9841
9965
9969
9954
9903
9937
9800
9915
9901
9796
9902
9886
9873
9919
9897
9896
9843
9793
9860
9901
9962
9923
9880
9862
9916
9838
9938
9856
9895
9966
9859
9966
9942
9929
9866
9751
9876
9928
9711
9890
9913
9952
9923
9996
9890
9854
9864
9917
9883
9825
9883
9887
9953
9997
9993
9887
9883
9893
9682
9858
9908
9906
9887
9957
9917
9915
9859
9954
9992
9940
9966
9757
9871
9893
9898
9940
9880
9942
9934
9903
9903
9842
9873
9888
9979
9910
9889
9819
9882
9735
9916
9872
9834
9823
9929
9817
9855
9974
9899
9870
9746
9890
9844
9926
9928
9795
9959
9849
9795
9866
9896
9927
9916
9868
9939
9853
9892
9914
9889
9913
9960
9935
9928
9802
9850
9807
9819
9864
9914
9868
9761
9849
9842
9901
9840
9923
9892
9841
9943
9887
9860
9864
9895
9920
9878
9883
9905
9938
9958
9940
9988
9965
9938
9995
9883
9938
9918
9939
9971
9885
9884
9934
9887
9996
9952
9921
9841
9979
9974
9970
9904
9906
9783
9911
9920
9978
9837
9764
9806
9929
9933
9908
9906
9897
9925
9915
9901
9910
9827
9945
9904
9901
9963
9935
9964
9927
9902
9993
9876
9871
9893
9935
9931
9895
9945
9918
9875
9818
9861
9940
9753
9857
9967
9913
9902
9864
9957
9858
9932
9943
9795
9923
9953
9953
9952
9887
9969
9963
9879
9926
9970
9888
9893
9954
9925
9884
9922
9872
9842
9914
9905
9968
9906
9933
9945
9873
9975
9924
9822
9852
9937
9970
9877
9930
9919
9898
9971
9953
9857
9949
9867
9891
9924
9882
9821
9889
9907
9978
9952
9901
9919
9884
9931
9941
9965
9947
9943
9963
9921
9917
9882
9827
9947
9805
9813
9819
9870
9921
9836
9977
9921
9915
9964
9882
9911
9844
9949
9871
9930
9930
9865
9942
9905
9953
9892
10000
9937
9833
9911
9775
9936
9954
9821
9795
9879
9975
9944
9950
9769
9855
9934
9926
9956
9840
9947
9878
9962
9968
9976
9898
9834
9966
9935
9916
9927
9932
9887
9836
9957
9820
9852
9898
9910
9919
9899
9957
9847
9852
9853
9909
9942
9853
9941
9908
9821
9955
9920
9930
9987
9844
9901
9956
9913
9928
9930
9956
9914
9927
9931
9966
9906
9901
9933
9919
9878
9963
9971
9861
9983
9935
9830
9932
9838
9933
9901
9839
9841
9855
9942
9770
9949
9889
9940
9944
9976
9882
9970
9925
9966
9885
9888
9734
9918
9970
9863
9961
9913
9893
9882
9930
9997
9839
9950
9877
9953
9873
9908
9883
9978
9849
9836
9907
9941
9930
9947
9824
9927
9868
9845
9865
9898
9990
9913
9883
9823
9946
9946
9911
9909
9972
9942
9937
9895
9900
9862
9839
9969
9845
9899
9974
9833
9952
9963
9953
9915
9980
9932
9865
9901
9869
9909
9898
9993
9961
9996
9966
9965
9989
9815
9870
9980
9817
9900
9957
9883
9879
9970
10000
9943
9794
9917
9766
9944
9993
9901
9874
9935
9959
9898
9924
9936
9986
9992
9912
9838
9767
9874
9702
9828
9888
9756
9897
9951
9814
9956
9912
9849
9927
9868
9928
9917
9944
9865
9891
9871
9866
9994
9872
9912
9845
9924
9943
9853
9907
9870
9915
9880
9803
9968
9981
9900
9937
9918
9883
9843
9894
9862
9927
9928
9894
9953
9763
9908
9957
9907
9886
9967
9953
9949
9897
9837
9893
9876
9927
9907
9842
9913
9849
9992
9827
9971
9860
9979
9972
9903
9952
9827
9870
9858
9790
9885
9876
9874
9943
9967
9996
9924
9912
9862
9901
9852
9949
9891
9867
9786
9878
9946
9892
9859
9743
9864
9959
9965
9944
9974
