9704
9411
9765
9653
9907
9859
9442
9943
9418
9820
9007
9589
9547
9960
10000
9906
9790
9867
9839
9746
9658
9786
10000
9909
10000
9877
9852
9837
9822
9814
9816
9738
10000
10000
9852
9826
9911
9540
9993
8538
9591
9709
9924
9779
9373
9794
9380
9604
9884
9870
10000
8785
10000
9785
10000
9439
9791
10000
9852
9116
9479
9874
9741
9948
9419
9373
9900
9806
9633
9996
9846
9853
9539
9897
9882
9551
10000
9886
10000
9748
9579
9824
9292
9605
9808
9863
9434
9840
10000
9859
10000
9392
9970
10000
9824
10000
10000
9569
9767
9698
10000
9045
9761
9063
9824
9908
9893
9562
9950
9251
9800
9831
9866
9588
9375
9283
9890
9727
9885
9883
9621
9918
9984
9836
9484
9256
9229
9897
9887
9892
9440
9643
9792
9947
9825
9798
9608
9882
9699
9864
9931
9463
9828
10000
9930
9991
10000
9877
9788
9819
9835
9918
9704
9771
9909
9806
10000
9984
9026
9918
9995
9906
9743
9710
9927
9814
9520
9906
10000
9790
10000
9867
10000
9909
9827
9920
10000
10000
9876
9709
9458
9747
9888
10000
9762
10000
9892
9916
9887
9955
9542
9937
9886
10000
9826
9902
9959
9758
9853
9872
9733
9563
9845
9571
9759
9864
9645
10000
9744
9851
9545
10000
9699
9912
9796
9048
9298
9791
10000
9694
9888
9200
9939
9953
9991
10000
9858
9472
10000
9422
10000
9539
9799
9503
9773
9834
9920
9682
9820
9825
9683
9974
9712
9958
9933
9896
9859
9604
9743
9896
9625
9952
9890
10000
9679
9883
9524
9835
9811
9817
9983
9737
9754
9846
9988
9644
9923
10000
9666
9853
9884
9735
10000
9738
9767
9663
9536
9472
9806
9281
10000
9913
9805
9776
9840
9699
10000
9912
9825
9930
9286
10000
9989
9927
10000
10000
9792
9882
9976
9754
9783
8928
9932
9450
9878
9868
9273
9553
9952
9210
9747
9938
9722
9129
9923
10000
9695
9646
9163
9320
10000
9949
10000
9916
9997
9754
9972
9907
9816
10000
10000
9976
9920
10000
10000
9944
9770
9840
9263
9855
9293
10000
9591
10000
10000
10000
9933
9641
9004
9839
9976
9604
9837
9544
9510
9217
9717
9730
9535
9719
9839
10000
9814
9550
10000
9795
9804
9990
9700
9965
9604
10000
10000
9852
9805
9838
8522
9373
9861
9446
9853
10000
9695
9864
9800
9858
9516
9254
10000
10000
10000
9998
10000
10000
9813
9943
9814
10000
9715
9531
9956
9904
9703
9946
9834
10000
9427
8508
9722
9416
9892
9733
9718
9989
9620
9929
9754
9935
9530
9837
10000
9785
10000
9560
9901
10000
9716
9801
9807
9641
9897
9457
10000
9878
10000
9367
9875
9222
9093
9954
9563
9130
10000
9741
9900
10000
9929
10000
9727
9701
9811
10000
9130
9698
9992
9658
9170
9564
9525
9851
10000
9995
9530
10000
9428
9295
9671
9950
9807
9442
9695
8959
9778
9531
9840
9883
9402
9743
9660
10000
9448
9903
9843
9901
9857
8984
9887
10000
10000
9296
9956
9789
9421
9877
10000
10000
9895
9714
9611
9736
9934
9922
9936
9742
9926
10000
9457
9304
9792
10000
9741
9826
10000
9720
9720
10000
9697
9364
9732
9990
9423
9674
9888
9973
9697
9762
9852
9928
9693
9903
9906
9834
9761
9792
10000
9459
9923
9848
9671
9857
9875
9226
9436
9672
9924
9879
9860
9778
9679
9888
9742
9940
9566
9549
9975
9695
9942
9877
9705
9718
10000
10000
9862
9840
9499
8975
10000
9810
9981
9947
9844
10000
9330
9778
9689
9942
9673
9910
9621
9678
9880
9588
9943
9995
9953
10000
10000
9889
9658
9796
9485
9476
9497
10000
9393
9852
9856
9862
9927
9605
9954
9690
9613
9231
9591
9737
9761
10000
10000
9987
9863
9580
9525
10000
9882
10000
9215
9866
9660
9949
9950
9923
9946
9329
9879
9935
9966
9783
9986
9839
9743
9413
9796
10000
9563
10000
9665
9903
10000
9781
9689
9801
9528
9725
9913
10000
8973
9899
10000
9639
9663
9385
10000
9712
9783
9913
10000
9365
9710
9379
9937
8765
10000
9184
10000
9877
9363
9557
9753
9810
9804
9672
9447
9662
9887
10000
10000
9864
9845
10000
9548
9957
9917
9767
9953
9480
9811
9922
9445
9954
9816
9990
9065
9696
10000
9928
10000
9980
9637
9834
9681
9432
9764
9858
9440
9725
10000
9309
9745
9573
9896
9136
9626
9475
9823
9880
9991
10000
9499
10000
9248
9788
9917
9884
10000
10000
9904
9377
10000
9473
9586
9825
9749
9949
9990
10000
9913
9893
9880
9926
9669
9528
9381
9704
9924
9770
9435
9960
9640
9837
9446
9657
9524
9756
9862
9932
9910
9796
10000
9993
9368
9516
9908
9886
9928
10000
9659
9536
9510
9914
9819
9907
9986
9375
9926
9875
9734
9828
9548
9892
9605
9228
9711
9950
9704
9490
9703
9671
9875
10000
9949
9795
9304
9544
9854
9093
9710
9124
9732
9799
9631
10000
9390
9746
9836
9619
9682
10000
9971
9999
9979
9665
9104
9940
9769
9988
9791
9606
9631
10000
9955
9769
9539
9776
9869
9747
9110
9738
9510
9015
10000
9876
9808
9684
9972
9790
9864
9867
9775
9894
9852
9697
9732
9834
9737
9932
9911
9772
9718
9460
10000
9779
9755
9806
9943
9574
9819
9788
10000
9964
9955
9173
10000
9744
9795
10000
8978
9916
9888
10000
9743
9852
9955
10000
9679
9521
9770
9507
9825
9812
9022
9766
9737
9637
9991
9876
9809
9607
9854
9716
9718
9582
9777
9924
9851
9760
9786
9752
9972
9794
9932
9846
8913
9915
9626
9760
9764
9734
9641
10000
9873
9467
9756
9869
9773
9828
9873
9752
9906
9893
9756
9642
9427
8924
9505
9628
10000
9856
9874
9703
9247
10000
9983
10000
9957
10000
8788
9937
9883
9682
9861
9605
9439
9776
10000
9592
10000
9612
9798
9915
10000
9560
9843
9942
9459
9601
9998
9719
9899
9220
9863
9844
9764
9549
9882
10000
10000
9761
9442
9781
9831
10000
9934
9996
10000
9619
9861
10000
9682
9889
9698
9633
9826
9507
9696
9702
9986
10000
9792
9343
9926
9860
9913
9969
9646
9802
9774
9139
9964
10000
