9903
9900
9861
9913
9923
9920
9914
9996
9957
9870
9816
9898
9873
9966
9923
9996
9872
9987
9990
9888
9858
9873
9934
9995
9987
9940
9982
9901
9948
9955
9858
9797
9960
9921
9962
9813
9947
9872
9866
9900
9927
9873
9935
9915
9895
9922
9859
9899
9915
9868
9734
9921
9869
9882
9960
9841
9882
9953
9955
9837
9979
9879
9954
9901
9964
9966
9909
9915
9937
9946
9908
9945
9908
9907
9867
9930
9868
9940
9947
9909
9825
9765
9848
9968
9807
9772
9905
9880
9898
9890
9896
9866
9897
9879
9849
9933
9893
9855
9830
9933
9927
9754
9847
9944
9889
9935
9918
9918
9989
9861
9987
9878
9993
9906
9793
9995
9937
9853
9908
9894
9933
9920
9923
9957
9921
9891
9839
9914
9882
9918
9906
9820
9961
9855
9986
9949
9915
9835
9712
9937
9833
9979
9827
9874
9907
9907
9810
9932
9884
9932
9903
9932
9802
9957
9781
9938
9999
9949
9943
9933
9911
9976
9904
9965
9863
9950
9897
9952
9908
9935
9952
9909
9840
9922
9851
9938
9943
9903
9889
9953
9945
9823
9842
9880
9976
9877
9802
9859
9928
9900
9925
9967
9924
9945
9808
9982
9879
9770
9945
9888
9842
9757
9877
9960
9912
9962
9891
9806
9900
9825
9931
9924
9912
9887
9875
9967
9960
9970
9828
9804
9984
9783
9850
9918
9978
9972
9986
9943
9914
9914
9895
9893
9855
9874
9884
9897
9870
9861
9903
9938
9878
9999
9852
9965
9821
9892
9922
9842
9910
9945
9899
9964
9930
9908
9890
9844
9973
9915
9969
9880
9864
9921
9981
9948
9917
9836
9904
9804
9928
9721
9963
9849
9824
9946
9914
9886
9848
9930
9917
9883
9960
9966
9826
9958
9797
9941
9768
9924
9985
9870
9901
9945
9967
9777
9883
9922
9934
9972
9913
9936
9856
9813
9896
9903
9899
9944
9873
9971
9908
9914
9978
9875
9929
9975
9884
9962
9692
9933
9880
9952
9923
9978
9949
9937
9915
9922
9759
9942
9900
9919
9957
9959
9924
9747
9959
9952
9853
9969
9901
9948
9961
9929
9950
9911
9887
9985
9917
9903
9970
9879
9885
9913
9873
9976
9942
9968
9881
9899
9931
9966
9925
9845
9739
9925
9873
9917
9909
9942
9822
9856
9978
9930
9921
9946
9936
9909
9901
9851
9937
9984
9938
9885
9990
9920
9850
9925
9919
9986
9950
9918
9857
9936
9924
9943
9878
9865
9916
9715
9907
9850
9866
9888
9902
9887
9865
9938
9943
9909
9918
9950
9937
9934
9926
9993
9907
9961
9868
9926
9891
9832
9831
9932
9954
9933
9827
9946
9896
9961
9952
9978
9890
9987
9842
9795
9983
9960
9948
9915
9943
9932
9879
9960
9990
9889
9950
9981
9848
9884
9836
9911
9986
9958
9886
9920
9918
9940
9942
9903
9957
9828
9881
9955
9967
9870
9922
9923
9919
9919
9867
9863
9815
9905
9840
9899
9848
9909
9875
9938
9812
9862
9973
9864
9899
9953
9964
9946
9754
9808
9930
9850
9804
9942
9953
9954
9959
9937
9949
9997
9916
9915
9894
9922
10000
9915
9940
9958
9867
9961
9929
9911
9875
9814
9917
9803
9901
9864
9911
9806
9880
9803
9844
9864
9907
9901
9943
9822
9903
9856
9823
9863
9975
9943
9825
9956
9872
9910
9900
9920
9848
9908
9881
9916
9943
9868
9908
9855
9824
9924
9954
9983
9817
9771
9845
9929
9867
9805
9914
9879
9891
9912
9930
9964
9963
9973
9924
9956
9843
9895
9940
9901
9835
9928
9954
9962
9900
9898
9990
9874
9888
9955
9859
9887
9834
9969
9954
9894
9901
9936
9947
9822
9872
9923
9917
9932
9982
9882
9864
9859
9893
9890
9954
9955
9920
9930
9880
9874
9920
9930
9912
9912
9946
9989
9814
9943
9945
9992
9954
9859
9882
9913
9925
9920
9832
9948
9879
9884
9968
9984
9911
9877
9963
9961
9948
9933
9902
9962
9830
9937
9994
9925
9890
9933
9990
9945
9889
9903
9870
9920
9808
9905
9872
9919
9945
9868
9911
9828
9891
9893
9923
9909
9979
9922
9971
9959
9884
9916
9948
9935
9890
9843
9813
9951
9914
9859
9936
9957
9953
9941
9983
9873
9873
9839
9920
9919
9930
9992
9888
9912
9917
9911
9947
9835
9861
9869
9836
9917
9857
9832
9902
9960
9948
9923
9926
9921
9847
9933
9965
9771
9909
9914
9952
9919
9883
9809
9942
9855
9895
9965
9911
9845
9940
9868
9968
9907
9903
9970
9917
9890
9787
9977
9953
9970
9662
9872
9940
9944
9910
9958
9972
9900
9897
9777
9867
9681
9982
9907
9953
9838
9952
9957
9995
9849
9824
9908
9878
9956
9926
9962
9827
9964
9856
9940
9953
9918
9927
9749
9883
9884
9776
9899
9997
9956
9938
9915
9800
9837
9854
9941
9952
9968
9961
9959
9883
9992
9876
9953
9887
9886
9858
9962
9803
9959
9854
9944
9980
9824
9844
9978
9846
9888
9809
9938
9879
9891
9986
9892
9732
9682
9906
9921
9781
9932
9877
9776
9893
9956
9963
9891
9800
9714
9834
9988
9753
9975
9886
9934
9912
9961
9942
9931
9940
9949
9975
9847
9828
9855
9848
9843
9960
9943
9948
9956
9978
9875
9843
9929
9714
9927
9937
9928
9885
9870
9938
9818
9917
9910
9891
9876
9852
9933
9838
9793
9981
9891
9917
9922
9930
9891
9991
9956
9853
9904
9909
9968
9933
9858
9821
9933
9908
9956
9899
9985
9941
9927
9949
9927
9976
9973
9955
9854
9792
9943
9960
9893
9935
9848
9912
9928
9936
9820
9820
9977
9833
9956
9874
9926
9814
9998
9914
9884
9846
9890
9893
9913
9803
9942
9914
9885
9925
9903
9987
9935
9886
9903
9835
9832
9979
9929
9920
9870
9861
9839
9875
9882
9710
9912
9925
9998
9879
9902
9930
9810
9892
9986
9844
9969
9959
9931
9913
9816
9895
9907
9914
9908
9915
9958
9860
9910
9898
9908
9819
9989
9839
10000
9918
9904
9827
9831
9974
9989
9822
9931
9931
9892
9897
9807
9912
9957
9976
9869
9789
9970
9940
9939
9874
9843
9920
9917
9891
9853
9867
9888
9830
9912
9811
9970
9848
9768
9916
9975
