10000
9936
9856
10000
10000
10000
9941
9863
10000
10000
9924
9886
9915
9941
10000
10000
9909
9896
9979
9925
9966
10000
9964
9926
10000
10000
9919
9888
10000
9816
10000
10000
9918
9999
9930
9958
9892
9897
10000
10000
9908
10000
10000
10000
9970
9931
10000
10000
10000
10000
10000
9899
10000
10000
10000
10000
9916
9904
9912
9935
9844
9934
10000
10000
10000
10000
9972
10000
10000
9948
10000
10000
9918
9918
9935
10000
10000
10000
10000
9909
10000
9883
9931
9957
10000
9855
9988
10000
9887
10000
10000
9885
9775
10000
9906
9761
10000
10000
9906
9843
9926
9862
10000
9889
10000
9945
10000
10000
10000
9949
10000
10000
10000
9991
9977
9867
9989
10000
9974
10000
10000
9948
9826
10000
10000
9903
9806
10000
10000
10000
9785
9780
10000
9829
9996
9865
10000
9846
10000
10000
9915
9986
9916
10000
10000
10000
9846
9995
9980
10000
9871
10000
9971
9891
10000
9736
9908
9834
10000
10000
9996
9999
10000
9924
10000
10000
10000
9912
10000
10000
9815
9911
9941
9827
9904
10000
10000
9916
10000
10000
10000
10000
10000
9934
10000
10000
10000
10000
9916
9900
9879
10000
10000
9900
9933
9940
9948
9877
10000
9749
10000
10000
9929
9911
10000
9848
10000
9834
9941
9992
9900
9865
9949
9723
9930
10000
10000
10000
9940
9846
9886
9876
9837
9951
9913
9895
9904
10000
9861
10000
10000
9829
10000
9795
9974
9966
10000
9951
9990
10000
10000
9828
9981
9946
10000
9961
10000
9852
9988
9918
9740
9836
10000
10000
10000
9863
10000
10000
9915
9839
9937
10000
9932
10000
10000
9943
9992
10000
9903
9909
9926
9888
10000
9917
9820
10000
9944
9908
9893
9987
10000
9835
10000
10000
10000
10000
9950
10000
9912
10000
10000
9899
10000
9900
10000
9959
9809
10000
10000
9907
9730
10000
9943
10000
10000
9706
9946
9873
9739
9793
9898
10000
10000
9899
10000
9899
9893
10000
9997
9886
9956
9968
10000
10000
10000
9887
10000
9920
9914
9847
9908
9928
10000
10000
10000
9797
9830
9913
9891
9905
10000
10000
10000
10000
10000
10000
10000
9876
10000
9922
10000
9894
10000
9912
9911
9943
10000
10000
10000
9968
9977
9924
9870
9908
10000
9853
10000
9871
9973
9885
9921
9951
9880
9982
9843
10000
10000
9893
10000
10000
9863
10000
9878
9832
10000
9945
9908
10000
10000
9966
9989
9999
9910
9916
10000
9869
9921
10000
9945
10000
10000
9836
9943
9998
9966
10000
9913
9775
10000
9965
9930
9955
10000
9956
10000
9908
9934
9948
9891
9861
9936
10000
9909
10000
10000
10000
10000
9793
9953
10000
9912
9906
9898
10000
9919
10000
9915
10000
9834
9887
9864
10000
9920
9909
10000
9926
9846
9898
10000
9904
9911
10000
9814
9814
10000
9893
10000
9913
9922
10000
9933
10000
9834
9914
9708
9980
10000
9876
9984
10000
10000
9974
9877
9937
9928
10000
9942
10000
9994
10000
9898
9854
10000
10000
9928
10000
10000
9876
10000
9918
9833
9976
9879
9953
10000
10000
10000
9873
9890
9906
9902
9996
10000
10000
9936
9941
9807
9884
10000
10000
10000
10000
9909
10000
9919
10000
9890
9947
10000
9801
9995
10000
9920
9994
9872
10000
10000
9907
10000
9885
10000
10000
10000
9946
10000
10000
9833
9915
9888
10000
9978
9887
9831
9964
9968
9972
10000
9856
10000
10000
10000
10000
9882
9840
10000
9928
9900
9993
10000
9947
10000
9954
9844
10000
10000
10000
9992
9926
9893
10000
9921
10000
9921
9813
10000
9841
9911
9839
9939
10000
9959
9850
9971
9984
10000
10000
10000
10000
9821
10000
9854
10000
10000
10000
9908
10000
10000
9880
9954
9779
10000
9812
9819
9835
9883
10000
9936
9952
9952
9946
10000
9970
9949
9914
9803
10000
10000
10000
9807
9899
9880
9843
10000
9998
9894
10000
10000
9937
10000
9918
9853
9917
9999
10000
9832
9857
9964
9882
10000
10000
9843
10000
9943
9942
9949
9897
10000
10000
9910
9998
10000
9999
10000
10000
10000
9925
10000
9812
10000
9907
9917
9962
10000
9948
9864
9999
10000
9892
10000
9876
9886
9873
10000
9948
9993
9898
10000
10000
9820
10000
10000
9969
10000
9909
10000
10000
9732
9835
9931
9771
9788
9970
9927
9999
9937
9781
10000
9891
9916
9975
10000
10000
9962
9933
10000
9876
9993
10000
9857
9852
10000
10000
10000
9962
9954
9915
10000
9776
10000
10000
9968
10000
9881
9770
10000
9938
9996
9856
10000
9885
10000
9930
10000
9980
10000
9942
10000
10000
10000
10000
9840
10000
9938
10000
10000
10000
9862
10000
10000
10000
10000
10000
9947
10000
10000
9874
10000
9896
10000
10000
10000
9961
9934
10000
10000
9968
9901
10000
10000
9906
9881
10000
9853
9921
10000
9931
9876
9961
10000
9915
9898
10000
10000
10000
10000
10000
10000
9889
9895
10000
9856
9862
9829
9915
9948
9865
9801
10000
10000
9796
9949
9930
9906
10000
10000
10000
10000
9932
9812
9969
9855
9953
9905
9984
9867
9812
10000
10000
10000
9963
10000
9867
9779
10000
10000
9914
10000
10000
9824
10000
9927
9895
9844
10000
9826
9911
10000
9921
10000
10000
10000
10000
9955
10000
10000
9873
9934
9931
10000
10000
10000
10000
9946
9923
9936
9964
9991
10000
9914
10000
9880
9885
9953
10000
10000
9842
9853
10000
9977
9921
10000
9940
9971
10000
9990
10000
10000
10000
9855
10000
10000
9917
10000
9952
9881
10000
9926
10000
9951
9917
9943
9922
9857
9836
9924
10000
9959
9945
10000
10000
9949
9947
9908
9872
10000
10000
10000
10000
9879
9855
9834
9972
10000
10000
9857
9746
10000
9917
10000
9921
9986
9919
9962
9836
9881
9818
10000
9929
10000
10000
10000
9953
9928
9993
9871
9930
10000
10000
10000
10000
9916
10000
10000
9898
10000
10000
10000
9838
9855
9937
10000
9996
10000
10000
10000
9971
9952
9871
9915
10000
9999
10000
9916
9903
10000
9867
9862
10000
9955
9789
10000
10000
9954
9918
10000
10000
9940
10000
10000
10000
10000
10000
9775
9744
9952
9962
9929
9853
9914
9913
9925
9842
9926
9838
9911
9999
9928
10000
10000
10000
