9924
9965
9971
9852
9780
9884
9821
9945
9834
9898
9925
9979
9942
9916
9941
9867
9941
9862
9996
9972
9921
9978
9927
9813
9883
9902
9907
9899
9918
9960
9989
9932
9913
9899
9960
9902
9996
9875
9979
9897
9929
10000
9936
9977
9918
9672
9910
9967
9874
9906
9919
9894
9906
9994
9871
9846
9924
9977
9997
10000
9996
9997
9969
9906
9882
9948
9957
9853
9963
9998
9898
9878
9976
9884
9989
9918
9917
9905
9920
9998
9944
9942
9894
9924
9885
9922
9866
9919
9917
9906
10000
9705
9958
9958
9791
9849
9843
9839
9908
9934
9906
9851
9809
9962
9921
9993
9972
9910
9787
9860
9912
9955
9999
9916
9917
9894
9780
9918
9999
9875
9964
9939
9974
9988
9960
9976
9869
9944
9914
9999
9895
9981
9885
9943
9953
9935
9918
9928
9992
9986
9833
9975
9994
9971
9958
9998
9963
9947
9889
9852
9743
9931
9854
9987
9934
9926
9990
9799
9887
9959
9951
9951
9853
9777
9870
9866
9988
9829
9941
9957
9943
9903
9964
9971
9842
9958
9909
9958
9963
9930
9842
9939
9894
9991
9939
9919
9951
9853
9760
9938
10000
9999
9897
9950
9987
9999
9871
9941
9922
9836
9962
9924
9880
9881
9924
9997
9952
9998
9800
9944
9851
9885
9999
10000
9906
9930
9961
9804
9929
9998
9993
9946
9874
9925
9996
9909
9919
9855
9941
9955
9681
9826
9984
9939
9864
9991
9888
9898
9938
9998
9966
9895
9955
9970
9768
9911
9967
9913
9840
9970
10000
9928
9830
9705
9888
9976
9859
9995
9912
9988
9925
10000
9895
9998
9963
9974
9930
9770
9876
9994
9899
9967
9993
9894
9815
9836
9849
9911
9981
9957
9957
9997
9837
9904
9975
9951
9916
9805
9900
9938
10000
9911
9837
9913
9813
9964
9873
9961
9864
9909
9939
9935
9793
9971
9994
9952
9895
9999
9836
9932
9937
9863
9997
9870
9943
9967
9977
9999
9895
9853
9880
9848
9904
9999
9887
9856
9988
9938
9952
9909
9872
9860
9958
9981
9935
9969
9960
9963
10000
9802
9880
9926
9925
9955
9889
9936
9972
9868
9883
9945
9872
9751
9856
9974
9920
9906
9878
9920
9900
9931
9820
9798
9830
9955
9855
9988
9990
9948
9845
9973
9972
9958
9892
9901
9948
9971
9998
9909
10000
9950
9918
9954
9915
9929
9998
9903
9980
9830
9958
9919
10000
9873
9955
9896
9933
9946
9854
9780
9952
9946
9955
9940
9887
9926
9846
9980
9998
9855
9936
9876
9994
9897
9946
9867
9902
9980
9928
9950
9924
9819
9942
9921
9910
9978
9929
9998
9896
9965
9962
9950
9935
9938
9930
9885
9980
9978
9891
9980
9987
9882
9975
9922
9974
9914
9937
9863
9940
9884
9995
9861
10000
9986
9985
9835
9937
9923
9956
9893
9725
9991
9908
9828
9900
9964
9837
9813
9906
9997
9896
9844
9926
9906
9961
9934
9972
9933
9913
9939
9805
9861
9935
9952
9901
9844
9937
9977
9965
9885
10000
9895
9885
9986
9954
9915
9999
10000
9719
9920
9865
9880
9922
9918
9892
9928
9873
9863
9964
9883
9951
9965
9783
9973
9962
9835
9893
9971
9858
9959
9951
9963
9930
9923
9840
9923
9922
9849
9805
9945
9899
9977
9998
9951
9945
9942
9993
9877
9963
9849
9960
9901
9912
9926
9930
9895
9913
9910
9835
9906
9927
9937
9895
9904
9936
9904
9939
10000
9925
9990
9977
9831
9898
9915
9865
9804
9930
9971
9927
9816
9896
9924
9929
9971
9948
9897
9847
9714
9901
9790
9994
9946
9859
9945
9960
9936
9997
9916
9880
9945
9924
9890
9955
9954
9951
9971
9977
9987
9975
9870
9879
9934
9953
9907
9893
9955
9986
9941
9964
9891
9968
9869
9858
9859
9819
9932
9880
9943
9963
9950
9889
9955
9993
9999
9848
9974
9933
9876
9920
9993
9934
9970
9996
9996
9990
9930
9950
9845
9960
9810
9999
9929
9869
9931
9960
9837
9941
9900
9872
9942
9885
9859
9808
9857
9960
9950
9984
9870
9936
10000
9923
9921
9939
9927
9990
9938
9951
9869
9924
9995
9939
10000
9996
9845
9895
9850
9897
9973
9925
9933
9889
9824
9890
9980
10000
9865
9926
9775
9752
9815
9889
9974
9932
9926
9931
9924
9932
9862
9987
9958
9991
9968
9865
9961
9928
9908
9974
9996
9991
9916
9954
9984
9875
9894
10000
9956
9986
9969
9885
9892
9888
9872
9833
9896
9890
9954
9949
9824
9878
9713
9906
9812
9894
9974
9934
9918
9850
9892
9894
9924
9983
9951
9971
9900
9705
9996
9998
9937
9905
9963
9989
9955
9911
9932
9918
9910
9839
9865
9864
9977
9918
9946
9948
9979
9942
9877
9858
9866
9969
9969
9952
9859
9864
9997
9983
9874
9979
9905
9882
9978
9897
9870
9933
9958
9919
9879
9966
9996
9960
9935
9917
9838
9881
9959
9884
9922
9904
9876
9902
9938
9968
9873
9958
9865
9919
9889
9865
9980
9975
9962
9834
9891
9850
9885
9961
9884
9994
9923
9887
9934
9911
9989
9983
9849
9924
9867
9990
9992
9982
9904
9963
9926
9896
9937
9975
9947
9956
9856
9970
9979
9998
9933
9976
9877
9868
9893
10000
9970
9955
10000
9883
9929
9955
9942
9967
9896
9852
9930
9830
9894
9872
9911
9927
9817
9999
9950
9894
9858
9931
9936
9835
9976
9910
9926
9835
10000
9917
9948
9998
9879
9859
9911
9826
9952
9790
9811
9983
9985
9919
9981
9943
9948
9938
9961
9894
9863
9959
9926
9783
9987
9877
9999
9934
9919
9728
9899
9922
9901
9947
9922
9967
9936
9906
9929
9776
9802
9940
10000
9957
10000
9929
9906
9959
9912
9880
9963
9949
9859
10000
9934
9965
9735
9671
9900
9939
9892
9778
9991
9964
9874
10000
9784
9952
9914
9866
9970
9851
9950
9819
9852
9854
9864
9957
9821
9956
9960
9826
9751
9837
10000
9974
9989
9895
9952
9979
9959
9784
9789
9859
9972
9936
9935
9882
10000
9926
9948
9913
9961
9967
9954
9905
9847
9924
9738
9918
9955
9822
9921
9936
9957
9994
9863
9950
9988
9999
9999
9893
9950
9803
9921
9870
9992
