9996
9896
9970
9924
9998
9992
9864
9879
9928
9934
9976
9973
9942
9891
9998
9953
9927
9962
9898
9957
9875
9980
9907
9891
9867
9995
9907
9967
10000
9982
9902
9961
9965
9923
9878
9961
9875
9998
9845
9896
9968
9971
9895
9868
9964
9953
9872
9940
9899
9867
10000
9860
9943
9972
9880
9987
9916
9944
9865
9870
9898
9937
9886
9986
9848
9999
9839
9966
9994
9978
9890
9907
9996
9972
9951
9949
9995
9915
9994
9977
9950
9959
9929
9964
9752
9920
9956
9878
9997
9989
9996
9854
9884
9918
9909
9942
9913
9946
9999
9843
9972
9890
9989
9949
9959
9965
9828
9962
9933
9874
9997
9917
9930
9942
9916
9994
9910
9862
9989
9954
9880
9953
9955
9988
9814
9850
9950
9841
9868
9952
9894
9849
9975
9938
10000
9962
9887
9998
9992
9895
9933
9940
9959
9970
9956
9971
9912
9805
9959
9999
9915
9943
9868
9941
9982
9988
9957
9986
9856
9959
9873
9849
9988
9813
9938
9860
9996
9930
9890
9920
9787
9967
9976
9957
9962
9888
9797
9982
9919
9976
9945
9833
9854
9891
9962
9971
9997
10000
9963
9980
9928
9940
9792
9833
9952
9902
9844
9998
9895
9864
9979
9921
9981
9975
9957
9884
9906
9891
9931
9878
9971
9835
9958
9900
9961
9985
9940
9855
9936
9963
9951
9789
9827
9844
9898
9842
9942
9908
9919
9899
9997
9976
9856
9909
9936
9922
9970
9976
9917
9880
9944
9926
9931
9985
9876
9996
9958
9843
9927
9961
9904
9904
9831
9938
9845
9882
9936
9987
9858
9888
9931
9901
9993
9970
9941
9962
9914
9892
9904
9903
9985
9962
9808
9795
9987
9828
9954
9994
9939
10000
9992
9905
9959
9997
9904
9994
9937
9943
9841
9968
9972
9956
9890
9990
9998
9844
9962
9982
9914
9949
9950
10000
9980
9891
9959
9801
9960
9961
9946
9990
9910
9881
9957
9970
10000
9929
9839
9953
9928
9935
9878
9957
9888
9900
9988
9930
9837
9937
9953
9955
9799
9886
9664
9894
9932
9978
9994
9951
9998
9968
10000
9877
9918
9939
9849
9993
9894
9829
9903
9990
9923
9960
9911
9868
9884
9990
9954
9842
9732
9923
9748
9869
9969
9901
9997
9942
9907
9988
9970
9922
9977
9973
9959
9937
9978
9948
9921
9897
9958
9983
9943
9983
9921
9843
9976
9891
9904
9900
9956
9964
9923
9894
9943
9980
9963
9971
9946
9973
9900
9865
9853
9844
9946
9934
9998
9853
9877
9924
9905
9924
9897
9898
9852
9906
9957
9967
10000
9849
9979
9858
9985
9953
9897
9955
9984
9960
9961
9946
9860
9778
9998
9969
9942
9982
9800
9880
9896
9919
9904
9926
9962
9866
9927
9991
9969
9909
9959
9880
9909
10000
9967
9927
9929
9917
9975
9754
10000
10000
9980
9943
9965
9980
9999
9957
9927
9910
9765
9936
9894
9899
9990
9970
9997
9960
9979
9991
9922
9928
9825
9847
9935
9850
9883
9815
9907
9827
9723
9931
9939
9941
9951
9940
9939
9946
9887
9852
9905
9869
9911
10000
9967
9934
9981
9903
9926
9895
9978
9976
9909
9999
9794
9947
9962
9871
9862
9992
9915
9768
9957
9999
9964
9915
9991
9963
9878
9832
9905
9998
9950
9882
9938
9892
9862
9962
9896
9995
9874
9952
9983
9980
9919
9927
9999
9903
9947
9998
9987
9906
9872
9999
9965
9784
9970
9886
9899
9926
9969
9937
9815
9888
9973
9780
9914
9975
9908
9866
9853
9931
9961
9933
9986
9955
9937
9928
9903
9993
9857
9939
9968
9891
9985
9970
9969
9908
9838
9933
9946
9941
9912
9983
9889
9942
9987
9868
9862
9868
9989
9992
9977
9918
9880
9931
9986
9961
9900
9951
9791
9883
9962
9941
9918
9970
9988
9972
9973
9987
9974
9904
9946
9980
9865
9943
9893
9852
9917
9985
9898
9967
9930
9941
9995
9869
9966
9972
9867
9921
9895
9884
9966
9801
9888
9967
9960
9962
9955
9931
9775
9862
9997
9865
9896
9911
9971
9945
9984
9935
9870
9920
9969
9980
9877
9919
9924
9902
9926
9822
9882
9953
9978
10000
9939
10000
9809
9874
9945
9961
9946
9986
9991
9950
9960
9968
9945
9949
9924
9929
9960
9975
9923
9972
9908
9957
9957
9964
9908
9926
9970
9936
9904
9983
9962
9961
9829
9981
9970
9943
9899
9983
9847
9990
9996
9927
9963
9917
9959
9928
9963
10000
9929
9775
9936
9936
9952
9942
9911
9993
9988
9971
9946
9920
9896
9989
9915
9780
9775
9832
10000
9967
9787
9896
9922
9944
9951
9935
9875
9995
9850
9948
9894
9896
9885
9981
9968
9963
9904
9996
9869
9952
9933
9972
9974
9954
9932
9732
9942
9874
9972
9999
9888
9970
9925
9879
9877
9991
9959
9865
9983
9981
9943
9971
9962
9924
9871
9939
9877
9908
9915
9993
9999
9886
9895
9854
9993
9913
9963
9968
9920
9972
9911
9968
9949
9952
9991
9884
9983
9882
9879
9992
9978
9897
9998
9999
9922
10000
10000
9799
9986
9875
9980
10000
9744
9876
9953
9976
9891
9855
9995
9948
9908
9847
9905
9958
9976
9879
9884
9894
9874
9955
9937
9915
9999
9964
9945
10000
9963
9986
9984
9858
9942
9893
9968
9951
9792
9931
9932
9937
9946
9854
9998
9913
9977
9877
9928
9911
9992
9846
9996
9897
9976
9923
9966
9989
9943
9920
9909
9881
9978
9917
9951
9967
9978
9969
9908
9938
9927
9850
9829
9958
9937
9910
9913
9910
9935
9969
9944
9974
9927
9856
9998
9995
9759
9959
9919
9995
9910
9909
9896
9890
9660
9886
9958
9900
9873
9975
9877
9938
9868
9982
9920
9971
9978
9996
9811
9906
9936
9958
9979
9892
9870
9903
9982
9948
9955
9962
9888
9948
9986
9960
9963
9919
9847
9855
9860
9879
9947
9943
9887
9839
9899
9853
9930
9966
9992
9939
9988
9971
9912
9932
10000
9844
9882
9884
9964
9929
9896
9983
9885
9923
9916
9928
9894
9970
9869
9950
9991
9989
9938
9956
9958
9953
9941
9981
9848
9986
9813
9883
10000
9955
9996
9892
9939
9997
9928
9723
9850
9994
9997
10000
9995
9907
