9969
9866
9983
9852
9977
9991
9928
9971
9886
9903
9902
9933
9909
9984
9941
9928
9919
9784
9847
9905
9818
9912
9911
9855
9894
9882
9886
9878
9958
9851
9929
9847
9776
9934
9906
9935
9945
9908
9959
9906
9878
9921
9950
9935
9970
9923
9905
9981
9918
9902
9850
9857
9916
9923
9837
9822
9913
9912
9903
9832
9732
9922
9973
9892
9982
9974
9958
9943
9863
9895
9917
9972
9936
9951
9942
9893
9831
9919
9931
9980
9925
9913
9953
9834
9909
9902
9848
9840
9929
9893
9953
9849
9939
9895
9795
9906
9952
9908
9919
9881
9948
9953
9993
9729
9945
9924
9882
9866
9843
9981
9631
9849
9910
9893
9834
9966
9965
9973
9984
9964
9918
9918
9875
9882
9914
9918
9775
9873
9871
9907
9936
9891
9908
9874
9688
9965
9940
9848
9640
9908
9920
9908
9840
9844
9964
9686
9868
10000
9941
9922
9997
9914
9944
9879
9862
9906
9950
9926
9888
9777
9872
9957
9890
9953
9904
9884
9930
9920
9967
9917
9841
9948
9915
9856
9958
9943
9811
9898
9928
9951
9957
9831
9857
9943
9941
9964
9909
9859
9885
9852
9787
9988
9874
9906
9789
9896
9945
9901
9937
9947
9879
9925
9952
9950
9962
9923
9874
9932
9855
9929
9898
9958
9999
9877
9929
9948
9750
9964
9850
9912
9767
9930
9956
9853
9836
9880
9925
9967
9935
9942
9907
9988
9931
9955
9860
9867
9884
9973
9941
9971
9945
9925
9965
9870
9731
9918
9827
9980
9979
9802
9896
9917
9899
9959
9956
9851
9819
9912
9862
9904
9830
9886
9846
9928
9916
9904
9900
9921
9868
9905
9991
9893
9897
9916
9865
9899
9915
9934
9918
9974
9870
9937
9882
9856
9919
9886
9840
9974
9917
9809
9897
9980
9881
9878
9924
9962
9885
9960
9952
9807
9895
9977
9941
9945
9927
9896
9936
9963
9961
9942
9925
9809
9947
9919
9939
9860
9981
9896
9976
9809
9923
9900
9981
9911
9929
9871
9877
9874
9927
9909
9914
9901
9954
9587
9921
9960
9930
9891
9869
9973
9963
9815
9927
9904
9925
9917
9872
9905
9943
9866
9992
9959
9945
9923
9933
9889
9816
9993
9933
9953
9886
9882
9884
9857
9806
9924
9982
9926
9901
9846
9934
9891
9910
9874
9868
9927
9898
9825
9820
9916
9936
9878
9897
9932
9905
9848
9934
9874
9906
9937
9975
9850
9881
9767
9829
9902
9862
9879
9919
9944
9962
9886
9973
9988
9970
9874
9830
9903
9856
9846
9836
9907
9967
9912
9935
9849
9819
9851
9903
9871
9943
9935
9796
9923
9970
9919
9821
9955
9923
9907
9958
9829
9958
9935
9944
9750
9820
9813
9761
9896
9877
9935
9903
9903
9940
9919
10000
9896
9916
9999
9935
9895
9831
9849
9989
9888
9898
9805
9778
9910
9965
9915
9840
9917
9927
9929
9942
9986
9954
9973
9963
9895
9799
9925
9854
9947
9918
9871
9817
9921
9935
9858
9791
9963
9941
9912
9841
9841
9950
9947
9914
9887
9846
9813
9951
9892
9906
9933
9997
9932
9926
9798
9938
9949
9910
9935
9946
9949
9912
9867
9922
9902
9957
9961
9885
9936
9938
9895
9933
9887
9769
9853
9931
9889
9930
9965
9948
9809
9930
9954
9936
9896
9895
9880
9865
9919
9904
9937
9916
9898
9883
9913
9936
9911
9844
9925
9954
10000
9925
9827
9849
9964
9947
9940
9944
9926
9727
9830
9836
9845
9698
9865
9980
9952
9864
9902
9942
9831
9915
9966
9925
9864
9960
9932
9923
9907
9873
9775
9955
9921
9884
9912
9856
9951
9944
9867
9750
9952
9663
9906
9903
9991
9937
9874
9946
9945
9932
9917
9938
9873
9944
9925
9855
9900
9907
9951
9834
9887
9928
9808
9965
9945
9777
9942
9967
9806
9779
9908
9814
9884
9936
9874
9900
9843
9801
9880
9898
9874
9934
9889
9859
9961
9965
9932
9955
9878
9855
9837
9869
9963
9867
9919
9944
9901
9920
9922
9818
9929
9888
9890
9779
9857
9986
9952
9937
9933
9900
9962
9767
9879
9956
9912
9917
9935
9901
9990
9899
9939
9829
9885
9868
9915
9929
9823
9962
9931
9696
9912
9832
9967
9938
9883
9892
9913
9912
9942
9969
9942
9933
9946
9938
9890
9899
9969
9833
9875
9897
9895
9802
9924
9893
9947
9953
9910
9872
9905
9959
9977
9872
9893
9975
9864
9949
9881
9871
9952
9941
9897
9910
9877
9915
9962
9896
9957
9920
9880
9943
9923
9801
9932
9843
9947
9866
9964
9885
9970
9879
9801
9811
9932
9957
9776
9887
9827
9913
9843
9913
9907
9869
9871
9872
9968
9888
9895
9904
9982
9875
9903
10000
9943
9948
9952
9875
9969
9925
9920
9874
9945
9979
9975
9912
9967
9854
9908
9902
9701
9953
9790
9839
9889
9883
9858
9940
9876
9950
9928
9897
9868
9976
9919
9935
9860
9880
9941
9898
9864
9962
9838
9930
9913
9972
9825
9963
9999
9960
9936
9900
9947
9906
9971
9942
9860
9892
9882
9885
9930
9976
9905
9878
9812
9850
9926
9955
9882
9907
9930
9920
9918
9939
9921
9878
9984
9862
9861
9755
9945
9950
9893
9929
9970
9987
9924
9926
9993
9987
9864
9983
9852
9832
9806
9916
9933
9927
9929
9941
9760
9940
9994
9946
9908
9951
9759
9948
9974
9953
9904
9970
9884
9902
9943
9813
9996
9906
9885
9881
9941
9961
9876
9941
9906
9927
9914
9960
9883
9954
9985
9889
9901
9961
9909
9779
9949
9910
9792
9947
9891
9967
9896
9956
9944
9849
9953
9891
9899
9903
9872
9908
9994
9947
9995
9888
9889
9863
9944
9708
9903
9984
9901
9958
9948
9890
9878
9808
9895
9937
9940
9991
9880
9913
9837
9879
9895
9901
9822
9821
9947
9924
9945
9913
9920
9902
9811
9901
9828
9862
9866
9835
9925
9876
9873
9903
9929
9875
9897
9858
9950
9841
9889
9834
9966
9903
9930
9911
9967
9875
9920
9933
9844
9988
9890
9927
9896
9842
9852
9862
9898
9844
9830
9925
9911
9981
9851
9954
9963
9888
9965
9973
9791
9921
9929
9970
9994
9735
9964
9926
9918
9977
9927
9895
9948
