10000
9997
9938
9993
9997
9970
9931
9887
9999
9789
9762
9828
9874
9989
9868
9910
9899
9798
9998
9993
9916
9929
9827
9815
9973
9957
9771
9923
9972
9939
9912
9952
9993
9956
9858
9995
9973
9935
9975
9862
9878
9947
9802
10000
9939
9915
9947
9871
9845
10000
9990
9932
9996
9920
9999
9933
9841
9890
9969
9870
10000
9787
9906
9954
9997
9996
9998
9867
9977
9894
9956
9957
9957
9899
9912
9909
9968
9894
9878
9917
9981
9831
9912
9937
9948
9897
9904
9879
9886
9871
9995
9969
10000
9998
9947
9865
9853
9950
9728
9950
9992
9968
9976
9786
9977
9939
9787
9995
9870
9954
9915
10000
9931
9925
9917
9981
9963
9954
9996
9933
9956
9978
9828
9942
9957
9910
9956
9886
9965
9989
9705
9985
9955
9887
9851
9798
9822
9867
9982
9931
9921
9876
10000
9884
9998
9994
9917
9997
9990
9969
9966
9905
9936
9968
9824
9865
9950
9998
10000
9915
9960
9946
9951
9987
10000
9959
9922
9993
9846
9845
10000
9828
9885
9981
9941
9893
9998
9939
9875
10000
9962
9979
9926
9919
10000
9971
9923
9964
9938
9991
10000
9944
9992
9887
9842
9965
9903
10000
9939
9721
9975
9935
9971
9994
9999
9843
9976
9980
9938
9913
9967
10000
9995
9921
9963
9934
9923
9917
9895
9998
9884
9954
10000
9845
9841
9886
9965
9962
9999
10000
9917
9997
9933
9939
9953
9985
9890
9865
10000
9898
9852
9990
9884
9906
9942
9975
9968
10000
9906
9931
9987
9927
9947
9945
9998
9905
9915
9897
9995
9983
10000
9920
9998
9923
9968
9885
9923
9949
10000
9921
9911
9997
9940
9984
9950
9923
9944
9935
9944
10000
9807
9998
9997
9953
10000
9953
9994
9806
9968
9990
9936
9859
9874
9819
9971
9968
9920
9986
9946
9953
9984
9976
9976
9876
9926
9984
9942
9947
9948
9987
9999
9958
9892
9921
9992
9989
9917
10000
9999
9996
9914
9944
9938
9803
9818
9926
9902
9797
9970
9923
9964
9961
9912
9959
9939
9942
9930
9960
9984
9903
9814
9896
9994
9788
9944
9957
9969
9990
9979
9984
10000
9999
9976
9891
9864
9963
9928
9970
9890
9875
9878
9896
9991
9948
9878
9930
9979
9925
9975
9885
9994
9833
9913
9998
9999
9858
9899
9956
9996
9973
9876
9863
9996
9963
9934
9916
9947
10000
9883
9996
9999
9979
9988
9951
9979
9927
9931
9990
9951
9820
9989
9958
9909
9910
10000
9998
9943
9986
9903
9877
9990
9988
9980
9924
9985
9902
9969
9998
9987
9890
9962
9970
9937
9946
9975
9917
9873
9876
10000
10000
9941
9876
9918
9943
9868
9924
9982
9915
9988
9933
9853
9976
9945
9871
9998
9846
9910
9882
9981
9999
9929
9990
9818
9833
9961
9816
9979
9943
9996
9913
9952
9833
10000
9948
9996
9874
9978
9941
9931
9961
9920
9970
9970
9988
9868
9959
9894
9961
9890
9948
9961
10000
9978
9977
9933
9814
10000
10000
9892
9870
10000
9991
9999
10000
9844
9936
9950
9966
9894
9903
9998
9936
9975
9901
9893
9897
9943
9995
9893
9921
9977
9847
9918
9928
9998
9911
9881
9998
9925
9852
9925
9909
9994
9831
9921
9910
9966
10000
10000
9915
9914
9979
9946
9880
10000
9781
9984
9953
9761
9921
9925
9988
9957
9918
9824
9988
9881
9896
9919
9953
9892
9906
9990
9864
9980
9976
9983
9985
9909
9982
9898
9965
10000
9874
9931
9936
10000
9966
9926
9727
9874
9887
9954
9967
10000
9984
9910
9805
9986
9965
9922
9965
9876
10000
9947
9994
9901
9971
9966
9883
9778
9958
9747
9978
9965
10000
9899
9823
9887
9963
9898
9972
9950
9987
9965
9877
10000
9900
9952
9901
9989
9942
9877
9840
9980
9922
9998
9920
9987
9919
9843
9914
9967
9978
10000
9947
10000
9861
10000
9965
9930
9859
9970
9956
9943
9968
9998
9926
9949
9850
9969
9826
10000
9905
9956
9907
9976
9883
9994
9963
9857
9908
10000
9916
9914
9862
9953
9948
9947
9973
9838
9874
9956
9966
9981
9964
9946
10000
9971
9922
9956
9890
9964
9967
9944
9982
9986
10000
9965
9994
9948
9903
9904
10000
10000
9997
9990
10000
9901
9872
9881
9997
9953
9911
9838
9981
9902
10000
9946
9952
9928
9968
9993
9966
9998
10000
9870
9901
9934
10000
9959
9994
9999
9925
9924
9954
9996
9975
9947
9997
9969
9793
9872
9869
10000
9978
9996
9949
10000
9976
9948
9995
9999
9994
9957
9921
9991
9982
9835
9953
9950
9879
9828
9991
9865
9829
9956
9937
9918
9947
9993
9949
9996
9914
10000
9912
9997
9943
9929
9938
9944
9841
9922
9885
9999
9933
9963
9998
9994
9903
9997
9992
9919
9900
9972
9887
9872
9989
9977
9941
9918
9867
9827
9857
9788
9923
9964
9920
9895
9743
9992
9978
9858
9867
9984
9983
9833
9892
9901
9907
9956
9818
9975
9971
9832
9829
9928
9960
9935
10000
10000
9936
9848
9953
9927
9955
9896
9904
9900
9917
9871
9944
9929
9917
9990
9990
9991
9907
9793
9924
9892
9977
9922
9927
9904
9859
9895
9927
9960
9901
9963
9836
10000
9988
9859
9947
10000
9862
9906
10000
9915
9966
9855
9972
9957
9906
9818
9862
9973
9998
9805
9944
9962
9987
9871
9898
9983
9899
10000
9833
9955
9999
9850
9943
9877
9802
9920
9991
9915
9984
9951
9977
9995
9929
9986
9898
9925
9996
9989
10000
9935
9987
9977
9869
9994
9929
9882
9955
9989
9902
9986
10000
9951
10000
9995
9912
9991
9931
9894
9957
9994
9851
9836
9886
9825
9871
9862
9962
9952
9993
9915
9819
9935
9990
9974
9914
9884
9982
9884
9884
10000
9954
9937
9957
9996
9958
9987
9907
10000
9948
9881
9875
9905
9881
9919
9903
9984
9963
9891
10000
10000
9999
9989
9882
9910
9823
9914
9961
9983
9970
9920
9996
9856
9886
9907
9901
9939
9895
9927
9998
9923
9882
9882
9989
9867
9911
9929
9977
9923
9953
9934
9880
9919
9939
9915
9898
9892
9946
9870
9948
9998
9915
9994
9998
9914
9937
9999
9990
9906
9931
