9898
9905
9875
9956
9827
9938
9942
9955
9993
9991
9869
9931
9997
9953
9987
9959
9904
9917
9942
9906
9856
10000
9971
9927
9835
9892
9962
9899
9935
9931
9937
9996
9913
9985
9868
9768
9790
9901
9926
9861
9904
9832
9818
9920
9879
9958
9846
9925
9890
9999
9972
9888
9931
9896
9823
9953
9891
9865
9821
9824
9758
9899
9868
9892
9879
9948
9936
9977
9839
9814
9870
9958
9918
9939
9974
9966
9959
9834
9923
9928
9838
9908
9902
9991
10000
9994
9849
9952
9819
9908
9993
9933
9967
9948
9875
9985
9999
9929
9785
9869
9985
9909
9937
9986
9932
9962
9981
9886
9937
9940
9867
9904
9915
9879
9915
9997
9795
9947
9922
9780
9945
9972
9836
9958
9996
10000
9904
9964
9892
9914
9921
9798
9870
9969
9857
9908
9831
9859
9956
9868
9899
9883
9973
9933
9890
9923
9793
9908
9904
9953
9981
9980
9907
9903
9818
9919
9873
9993
9938
9923
9960
9771
9964
9958
9943
9928
9718
9969
9907
9965
9982
9961
9950
9823
9918
9911
9945
9908
9894
9873
9899
9891
9925
9994
9946
9976
9943
9991
9934
9927
9927
9995
9973
9916
9971
9895
9981
9880
9866
9878
9910
9862
9916
9995
9942
9869
9961
9823
9881
9891
9902
9884
9997
9882
9862
9885
9902
9940
9975
9888
9911
9899
9947
9726
9932
9936
9859
9918
9845
9896
9920
9976
9627
9944
9838
9905
9899
9901
9949
9921
9972
9930
9903
9924
9888
9940
9904
9968
9920
9921
9935
9884
9866
9966
9946
9939
9961
9986
9889
9929
9872
9844
9951
9989
9956
9879
9913
9961
9929
9932
9879
9962
9999
9819
9836
9985
9858
9956
9920
9875
9879
9788
9885
9934
9923
9957
9900
9878
9933
9970
9869
9909
9897
9966
9883
9882
9938
9875
9897
9962
9972
9829
9892
9872
9822
9911
9855
9943
9869
9886
9949
9929
9897
10000
9932
9913
9888
9882
9863
9868
9829
9935
9996
9851
9892
9875
9935
9893
9999
9947
9953
9937
9912
9928
9974
9959
9994
9955
9901
9828
9945
9979
9925
9966
9907
9860
9724
9978
9856
9922
9857
9877
9897
9974
9996
9984
9893
9858
9909
9946
9894
9962
9949
9970
9885
9841
9941
9896
9881
9911
9946
9829
9973
9869
9944
9941
9858
9835
9821
9852
9964
9931
9957
9934
9878
9897
9949
9867
9964
9925
9968
9870
9946
9884
9958
9843
9930
9900
9951
9848
9972
9998
9921
9948
9976
9853
9954
9927
9973
9910
9938
9908
9910
9979
9947
9864
9915
9956
9888
9946
9901
9993
9885
9959
9875
9919
9918
9993
9982
9891
9943
10000
9865
9916
9972
9881
9821
9920
9810
9978
9851
9964
9902
9917
9932
9952
9873
9863
9986
9998
9987
9992
9919
9877
9951
9873
9915
9854
9840
9910
9876
9830
9840
9928
9968
9902
9996
9913
9956
9872
9843
9884
9909
9910
9859
9839
9852
9922
9912
9977
9830
9901
9865
9957
9933
9865
9963
9896
9986
9810
9806
9921
9808
9920
9891
9898
9974
9955
9848
9952
9999
9878
9940
9948
9970
9971
9798
9823
9971
9897
9865
9897
9918
9862
9952
9918
9976
9707
9937
9937
9950
9987
10000
9956
9888
9997
9916
9869
9921
9935
9907
9951
9973
9939
9892
9977
9963
9948
9944
9898
9975
9888
9831
9955
9958
9959
9924
9900
9988
9912
9855
9765
9959
9967
9839
9798
9967
9998
9889
9814
9831
9990
9859
9797
9849
9933
9899
9998
9886
9871
9993
9880
9944
9912
9944
9922
9937
9944
9930
9896
9851
9962
9935
9947
9881
9939
9947
9964
9909
9970
9959
9942
9954
9861
9856
9818
9891
9898
10000
9834
9874
9919
9982
9996
9984
9934
9951
9938
9870
9950
9768
9833
9930
9963
9980
9966
9937
9962
9888
9978
9991
9877
9903
9994
9930
9881
9877
9986
9938
9854
9836
9857
9936
9896
9912
9966
9837
9954
9952
9942
9997
9925
9976
9835
9872
9866
9944
9903
9950
9800
9942
9968
9942
9990
9919
9878
9929
9895
9997
9963
9918
9954
9888
9917
9981
9944
9925
9998
9932
9855
9890
9850
9984
9863
9934
9954
9960
9912
9999
9953
9890
9911
9809
9856
9954
9935
9949
9729
9907
9809
9979
9875
9959
9837
9724
9861
9996
9837
9954
9930
9966
9928
9912
9946
9882
9715
10000
9920
9935
9883
9870
9622
9891
9908
9880
9800
9934
9879
9948
9996
9859
9961
9989
9948
9935
9971
9976
9933
9847
9973
9918
9851
9883
9902
9906
9818
9986
9831
9951
9963
9950
9879
9913
9914
9956
10000
9944
10000
9966
9920
9907
9915
9763
9838
9986
9815
9927
9977
10000
9927
9895
9896
9908
9817
9826
9893
9927
9879
9972
9996
9673
9907
9877
9922
9987
9921
9908
9825
9794
9875
9974
9963
9799
9941
9934
9951
9956
9879
9918
9982
9855
9816
9880
9882
9981
9858
9859
9883
9921
9962
9950
9940
9969
9863
9941
9947
9904
9869
9861
9904
9794
10000
9915
9831
9891
9913
9946
9945
9962
9959
10000
9885
9944
9854
9866
9767
9920
9969
9938
9858
9990
9952
9963
9824
9873
9989
9949
9902
9988
9850
9902
9877
9972
9949
9876
9942
9902
9924
9952
9927
9955
9966
9943
9949
9915
9999
9886
9951
9988
9951
9908
9816
9888
9829
9950
9826
9990
9952
9927
9986
9930
9879
9794
9711
9954
9835
9891
9998
9636
9935
9887
9939
9954
9993
9944
9906
10000
9961
9934
9711
9913
9878
9841
9956
9901
9996
9838
9904
9871
9895
9748
9965
9948
9858
9965
10000
9941
9841
9962
9972
9820
9804
9906
9936
9906
9965
9869
9818
9866
9871
9925
9918
9755
9856
9904
9921
9995
9895
9882
9857
9975
9890
9896
9877
9717
10000
9919
9854
9919
9826
9854
9908
9915
9938
9968
9889
9920
9850
9926
9930
9827
9942
9925
9703
9862
9812
9692
9890
9846
9945
9958
9846
9908
9825
9906
9921
9897
9925
10000
9804
9951
9920
9970
9866
9903
9900
9819
9901
9901
9885
9841
9895
9962
9896
9845
9912
9951
9911
9990
9940
9925
9932
9883
9844
9799
9931
9894
9866
9825
9872
