9850
9916
9810
9840
9876
9999
9901
9865
9989
9962
9863
9993
9969
9889
9907
9903
9958
9886
9797
9819
9965
9947
9887
9955
9931
9906
9902
9940
9956
9948
9962
9954
9914
9962
9894
9886
9913
9884
9820
9889
9830
9882
9855
9902
9871
9920
9956
9886
9947
9797
9843
9869
9942
9955
9894
9832
9836
9833
9894
9899
9942
9967
9946
9971
9926
9945
9910
9891
9934
9909
9891
9926
9945
9809
9886
9889
9856
9985
9816
9892
9907
9861
9924
9996
9864
9951
9905
9891
9894
9980
9930
9934
9930
9922
9871
9985
9960
9813
9994
9972
9964
9954
9967
9798
9927
9991
9876
9899
9869
9911
9844
9871
9937
9890
9812
9880
9895
9872
9866
9892
9920
9875
9900
9918
9912
9949
9912
9951
9872
9959
9936
9812
9981
9853
9925
9977
9906
9869
9893
9910
9959
9945
9940
9999
9807
9946
9859
9904
9940
9998
9874
9944
9874
9907
9924
9880
9952
9871
9909
9827
9887
9930
9906
9729
9900
9954
9957
9777
9932
9915
9937
9979
9974
9924
9963
9932
9801
9789
9936
9781
9914
9948
9920
9870
9938
9897
9892
9940
9947
9968
9919
9850
9955
9947
9934
9911
9930
9918
9874
9932
9942
9911
9916
9872
9937
9909
9941
9960
9843
9966
9937
9957
9948
9947
9959
9872
9897
9894
9807
9980
9923
9844
9951
9766
9906
9940
9940
9904
9916
9925
9958
9822
9936
9996
9940
9817
9880
9971
9933
9911
9931
9892
9953
9716
9890
9858
9938
9982
9918
9861
9862
9843
9947
9822
9802
9905
9862
9889
9944
9951
9820
9991
9872
9930
9985
9981
9822
9939
9891
9954
9900
9771
9946
9881
9841
9853
9944
9957
9919
9923
9773
9952
9797
9869
9974
9850
9903
9666
9929
9889
9897
9955
9937
9933
9982
9904
9826
9932
9940
9882
9984
9901
9882
9964
9940
9980
9810
9835
9883
9900
9844
9882
9944
9915
9905
9868
9953
9829
9865
9883
9933
9742
9955
9892
9830
9885
9989
9835
9936
9995
9917
9855
9891
9983
9963
9850
9935
9912
9845
9887
9894
9925
9939
9942
9877
9981
9938
9939
9707
9949
9948
9953
9945
9902
9676
9986
9967
9816
9942
9907
9896
9911
9839
9952
9922
10000
9981
9919
9903
9887
10000
9929
9865
9867
9952
9935
9936
9933
9931
9948
9922
10000
9973
9926
9892
9922
9939
9998
9847
9928
9945
9870
9949
9959
9970
9835
9924
9925
9922
9969
9896
9955
9977
9901
9921
9844
9924
9895
9919
9792
9967
9866
9990
9826
9908
9967
9942
9933
9900
9871
9932
9944
9789
9911
9941
9981
9966
9862
9811
9920
9987
9945
9920
9836
9859
9916
9822
9945
9988
9956
9841
9961
9789
9932
9899
9891
9964
9996
9905
9958
9920
9903
9881
9919
9959
9912
9915
9902
9908
9958
9884
9877
9935
9840
9884
9903
9909
9975
9876
9865
9853
9860
9851
9943
9893
9811
9850
9837
9961
9871
9876
9943
9931
9865
9871
9955
9781
9967
9849
9886
9851
9794
9845
9812
9881
9888
9853
9905
9864
9899
9950
9822
9956
9999
9846
9917
9774
9954
9844
9843
9877
9940
9904
9860
9935
9880
9916
9976
9860
9941
9900
9879
9804
9930
9846
9942
9900
9961
9966
9865
9880
9908
9892
9967
9908
9911
9959
9979
9738
9708
9906
9925
9915
9818
9936
9969
9928
9961
9887
9869
9899
9792
9914
9933
9927
9933
9932
9908
9973
9850
9924
9935
9896
9849
9905
9979
9941
9934
9936
9931
9995
9835
9977
9946
9846
9825
9896
9886
9912
9950
9878
9946
9903
9882
9840
9959
9962
9947
9964
9959
9846
9893
9878
9897
9800
9920
9720
9862
9948
9900
9971
9847
9935
9924
9875
9874
9927
9831
9835
9948
9918
9959
9908
9815
9879
9971
9936
9894
9944
9878
9910
9933
9935
9923
9912
9958
9783
9873
9877
9925
9912
9911
9956
9881
9973
9861
9985
9897
9936
9947
9869
9973
9934
9930
9940
9967
9891
9864
9917
9923
9821
9897
9757
9913
9960
9905
9927
9839
9934
9875
9919
9918
9913
9821
9949
9927
9853
9934
9857
9844
9955
9977
9900
9836
9921
9958
9906
9876
9926
9852
9951
9901
9970
9972
9874
9910
9901
9774
9852
9876
9899
9951
9927
9818
9901
9855
9959
9956
9897
9906
9949
9876
9962
9943
9794
9944
9865
9899
9917
9829
9959
9964
9917
9935
9847
9919
9915
9890
9958
9953
9871
9886
9914
9938
9898
9948
9894
9906
9921
9875
9900
9949
9983
9708
9942
9906
9882
9879
9833
9822
9902
9911
9948
9917
9981
9905
9901
9896
9968
9881
9849
9864
9941
9935
9925
9870
9920
9906
9961
9863
9948
9807
9934
9956
9894
9907
9864
9924
9946
9841
9951
9937
9962
9955
9936
9973
9946
9906
9914
9820
9904
9963
9863
9861
9913
9975
9972
9939
9931
9923
9897
9829
9988
9789
9913
9899
9901
9904
9857
9833
9917
9805
9942
9845
9944
9945
9908
9885
9772
9895
9649
9814
9925
9739
9879
9990
9879
9869
9867
9870
9903
9920
9963
9863
9901
9920
9902
9883
9899
9922
9933
9887
9952
9944
9802
9872
9781
9910
9877
9890
9895
9869
9965
9867
9803
9901
9960
9852
9946
9969
9883
9842
9915
9879
9880
9870
9881
9917
9909
9893
9907
9896
9943
9799
9965
9892
9911
9799
9825
9808
9900
9947
9925
9891
9938
9801
9935
9915
9965
9873
9896
9828
9867
9990
9866
9956
9943
9973
9923
9788
9878
9786
9855
9920
9915
9937
9935
9810
9887
9921
9949
9947
9953
9913
9893
9875
9926
9859
9953
9879
9954
9869
9975
9883
9686
9915
9969
9913
9942
9914
9922
9923
9918
9860
9899
9871
9838
9957
9848
9915
9908
9952
9828
9906
9879
9925
9938
9847
9920
9857
9876
9925
9825
9987
9925
9759
9920
9909
9945
9896
9967
9963
9875
9985
9954
9895
9855
9916
9861
9987
9992
9930
9906
9876
9722
9851
9913
9979
9897
9970
9841
9892
9791
9946
9976
9828
9949
9882
9975
9885
9780
9917
9827
9687
9855
9907
9782
9881
9916
9927
9913
9883
9923
9961
9849
9783
9916
9984
9889
9943
