9994
9942
9888
9994
9957
9893
9912
9941
9894
9947
9941
9948
9886
9897
9901
9925
9943
9964
9952
9960
9888
9894
9884
9908
9949
9947
9950
9992
9902
9925
9992
9976
9869
9893
9912
9951
9943
9939
9893
9916
9995
9925
9917
9936
9873
9931
9953
9946
9927
9993
9908
9811
9946
9886
9867
9926
9938
9963
9962
9863
9921
9854
9939
9849
9825
9801
9966
10000
9937
9859
9912
9806
9953
9926
9929
9872
9983
9916
9990
9969
9937
9830
9880
9963
9842
9950
9929
9992
9994
9754
9988
9891
9984
9930
9994
9782
9936
9940
9877
9977
10000
9757
9911
9890
9899
9949
9933
9967
9692
9822
9963
9894
9922
9942
9997
9996
9884
9931
9735
9959
9855
9859
9846
9880
9813
9935
9825
9848
9896
9965
9773
9930
9939
9970
9939
9942
9956
9796
9939
9865
9914
9995
9792
9989
9918
9894
9962
9818
9918
9850
9959
9797
9991
9710
9932
9968
9943
9925
9968
9843
9946
9960
9887
9882
9918
9949
9908
9993
9894
9850
9924
9868
9863
9940
9793
9911
9976
9884
9741
9782
9858
9912
9941
9850
9854
9958
9924
9922
9978
9939
9732
9931
9903
9926
9958
9972
9853
9945
9877
9927
9962
9948
9915
9931
9917
9817
9900
9919
9921
9902
9900
9967
9894
9793
9896
9821
9983
9916
9930
10000
9850
9799
9947
9868
9898
9790
9995
9968
9903
9998
9936
9952
9865
9901
9894
9807
9912
10000
9938
9911
9865
9876
9938
9868
9869
9934
9971
9867
9962
9883
9949
9882
9927
9913
9940
9910
9949
9913
9981
9906
9964
9887
9933
9927
9875
10000
9864
9983
9836
9974
9912
9980
9894
9927
9878
9892
9854
9955
9932
9835
9983
9856
9861
9990
9917
9983
9965
9861
9825
9916
9910
9931
9931
9927
9767
9991
9934
9988
9954
9938
9890
9981
9953
9950
9920
9917
9965
9961
9928
9968
9882
9961
9954
9962
9944
9950
9860
9970
9967
9921
9854
9911
9973
9919
9840
9918
9899
9837
9837
9967
9988
9950
9965
9972
9963
9928
9877
9952
9911
9973
9958
9771
9905
9944
9993
9919
9934
9925
9879
9924
9929
9921
9981
9868
9967
9941
9972
9904
9911
9977
9907
9965
9986
9919
9827
9948
9991
9966
9914
9937
9922
9805
9913
9844
9864
9881
9966
9884
9883
9957
9998
9948
9972
9948
9917
9968
9929
9987
9921
9955
9985
9986
9955
10000
9981
9954
9970
9945
9903
9869
9935
9962
9941
9897
9994
9959
9890
9901
9961
9868
9923
9967
9975
9984
9882
9896
9789
9914
9913
9816
9896
9891
9948
9876
9961
9890
9902
9900
9996
9924
9873
9986
9948
9920
9851
9889
9911
9918
9921
9893
10000
9916
9919
9973
9942
9921
9961
9853
9929
9787
9991
9774
9951
9986
9937
9936
9906
9975
9929
9979
9872
9932
9993
9995
9888
9777
9974
9918
9683
9924
9874
9964
9867
9949
9979
9988
9913
9979
9842
9895
9930
9881
9934
9926
9991
9917
9939
9985
9946
9917
9853
9869
9972
9941
10000
9890
9930
9964
9953
9885
9911
9976
9997
9955
9908
9870
9971
9781
9947
9964
9922
9961
9939
9990
9940
9964
10000
9901
9971
9964
9865
9866
9789
9923
9857
9837
9915
9956
9929
9908
9969
9870
9897
9942
9988
9924
9998
9919
9804
9964
9856
9998
9950
9894
9991
9995
9964
9902
9939
9817
9957
9890
9925
9896
9981
9917
9925
9953
9942
9848
9885
9897
9938
9982
9978
9940
9881
9964
9957
9873
10000
9961
9965
9918
9941
9812
9960
9950
9857
9827
9871
9872
9918
9953
9934
9933
9864
9802
9935
9862
9956
9932
9933
9795
9904
9911
9983
9975
9965
9992
9884
9932
9882
9930
9934
9931
9939
9949
9993
9841
9890
9832
9970
9954
9915
9868
9947
9983
9935
9872
9978
9946
9946
9989
9810
9874
9937
9950
9895
9934
9931
9994
9998
9902
9957
9833
9991
9986
9892
9845
9941
9901
9910
9908
9986
9906
9906
9815
9776
9948
9989
9993
9870
10000
9876
9796
9920
9953
9904
9921
9927
9967
9920
9914
9952
9979
9988
9983
9948
9950
9957
9859
9964
9843
9891
9882
9861
9874
9804
9884
9971
9957
9938
9912
9982
9953
9982
9922
9862
9902
9908
9901
9939
9923
9951
9818
9815
9794
9939
9946
9924
9961
10000
9967
9940
9824
9897
9826
9958
9904
9836
9894
9891
9979
9962
9950
9932
9981
9832
9980
9842
9938
9920
9916
9874
9975
9952
9972
9924
9961
9972
9897
9867
9898
9963
9844
9952
9875
9939
9920
9681
9860
9881
9934
9994
9907
9972
9813
9729
9932
9917
9942
9883
9939
9867
9917
9979
9806
9842
9875
9944
9880
9961
9959
9872
9854
9894
9948
9908
9992
9832
9904
9914
9951
9929
9865
9936
9890
9913
9961
9863
9901
9870
9913
9925
9876
9978
9966
9916
9898
9930
9770
9933
9928
9930
9872
9795
9909
9946
9834
9962
9972
9881
9935
9866
9887
9734
9935
9928
9991
9963
9802
9862
9959
9952
9903
9943
9959
9907
10000
9888
9895
9911
9985
9869
9947
9951
9997
9987
9946
9961
9913
9974
9914
9990
9904
9928
9951
9872
9787
9969
9960
9871
9938
9983
9976
9850
9884
9723
9917
9899
9815
9944
9965
9912
9955
9924
9968
9868
9904
9848
9999
9974
9907
9919
9871
9996
9968
9985
9932
9889
9869
9927
9941
9968
9833
9985
9856
9859
9968
9945
9944
9993
9818
9917
9969
9931
9955
9938
9983
9960
9829
9947
9984
9925
9950
9999
9971
9904
9943
9782
9939
9896
9966
9959
9960
9921
9922
9923
9904
9979
9811
9976
9963
9843
9885
9936
9917
9936
9943
9881
9949
9857
9929
9785
9937
9965
9932
9930
9930
9940
9950
9944
9897
9913
9924
9888
9932
9994
9972
9946
9951
9957
9973
9769
9996
9979
9914
9850
9918
9927
9962
9979
9953
9858
9908
9962
9932
9888
9976
9966
9821
9978
9814
9898
9948
9844
9891
9973
9815
9905
9988
9955
9969
9833
9917
9996
9995
9956
9970
9921
9834
9999
9927
9863
9929
9894
9938
9837
9967
9997
9944
9945
9834
9811
9881
9894
9901
9995
9993
