9933
9784
9920
9898
9757
9943
9754
9739
9938
9764
9938
9899
9940
9904
9943
9966
9845
9874
9860
9839
9868
9825
9994
9916
9981
9939
9940
9924
9954
9860
9857
9835
9910
9842
9943
9869
9949
9898
9933
9880
9954
9931
9980
9894
9867
9874
9994
9891
9844
9967
9963
9948
9975
9882
9985
9914
9969
9883
9912
9921
9925
9848
9856
9873
9963
9959
9882
9934
9862
9875
9981
9899
9949
9841
9977
9927
9973
9997
9981
9924
9902
10000
9856
9772
9990
9921
9979
9945
9884
9972
9921
9908
9870
9949
9932
9932
9868
9931
9943
9873
9845
9940
9887
9934
9942
9906
9880
9993
9838
9930
9970
9769
9876
9935
9863
9775
9849
9896
9918
9914
9865
9856
9919
9810
9954
9922
9946
9833
9845
9912
9814
9820
9994
9892
9907
9808
9830
9926
9880
9924
10000
9874
9911
9868
9951
9895
9914
9841
9959
9898
9895
9907
9943
9998
9848
9965
9895
9950
9897
9904
9809
9891
9944
9916
9899
9928
9992
9804
9962
9911
9766
9875
9986
9832
9917
9896
9872
9944
9853
9928
9935
9865
9920
9806
9873
9852
9945
9907
9778
9911
9913
9975
9951
9961
9901
9998
9932
9702
9918
9894
9851
9839
9884
9938
9945
9906
9894
9986
9920
9916
9912
9865
9912
9926
9881
9865
9810
9779
9917
9831
9835
9983
9920
9874
9873
9919
9962
9703
9922
9908
9909
9898
9702
9997
9889
9946
9989
9962
9860
9879
9932
9953
9924
9961
9926
9909
9962
9803
9980
9974
9999
9845
9935
9951
9904
9925
9954
9966
9994
9891
9876
9937
9863
9906
9933
9897
9825
9954
9937
9945
9938
9948
9943
9950
9924
9993
9792
9999
9954
9952
9902
9970
9889
9955
9936
9944
9971
9980
9925
9835
9932
9902
9853
9940
9926
9869
9970
9953
9664
9910
9989
9911
9881
9858
9913
9891
9869
9870
9945
9962
9924
9934
9962
9878
9980
9923
9916
9925
9934
9967
9860
9954
9922
9843
9831
9789
10000
9802
9845
9996
9953
9843
9955
9822
9938
9926
9864
9831
9825
9910
9880
9853
9859
9967
9942
9885
9921
9978
9885
9962
9939
9724
9870
9984
9966
9763
9899
9795
9887
9953
9934
9852
9911
9903
9935
9954
9919
9799
9840
9992
9868
9963
9854
9871
9919
9937
9878
9937
9907
9962
9900
9933
9911
9963
9874
9916
9899
9953
9900
9890
9928
9821
9928
9955
9856
9914
9833
9913
9925
9886
9861
9942
9997
9938
9880
9891
9946
9926
9938
9803
9884
9969
9789
9933
9999
9874
9925
9975
9878
9892
9933
9795
9930
9975
9901
9825
9876
9977
9860
9893
9877
9946
9929
9881
9927
9990
9959
9868
9903
9874
9974
9667
9938
9953
9915
9914
9718
9908
9972
9949
9883
9959
9895
9872
9921
9949
9924
9905
9903
9863
9895
9874
9931
9719
9944
9975
9931
9897
9929
9945
9800
9941
9974
9891
9934
9969
9952
9930
9970
9931
9861
9959
9996
9906
9944
9942
9894
9910
9947
9781
9937
9962
9959
9936
9913
9880
9973
9912
9933
9947
9950
9850
9994
9938
9923
9902
9922
9873
9973
9975
9933
9959
9965
9905
9960
9977
9878
9965
9929
9919
9908
9925
9903
9957
9930
9821
9913
9841
9858
9937
9971
9934
9842
9917
9956
9983
9953
9944
9960
9843
9923
9941
9850
9840
9795
9909
9899
9882
9738
9754
9954
9997
9980
9858
9960
9906
9931
9961
9887
9944
9938
9939
9934
9924
9926
9894
9863
9775
9955
9932
9953
9957
9885
9870
9878
9973
9966
9940
9953
9922
9862
9936
9916
9971
9845
9903
9920
9900
9972
9985
9945
9851
9904
9857
9980
9885
9953
9850
9903
9931
9924
9900
9839
9918
9786
9990
9931
9932
9954
9805
9937
9892
9904
9966
9824
9956
9881
9767
9862
9975
9902
9944
9925
9909
9933
9768
9979
9965
9903
9909
9927
9927
9988
9904
9891
9870
9761
9830
9806
9873
9847
9927
9838
9923
9912
9865
9897
9951
9999
9828
9862
9843
9890
9815
9912
9824
9886
9881
9883
9889
9899
9844
9688
9948
9857
9915
9917
9715
9895
9852
9911
9871
9943
9814
9989
9824
9938
9960
9924
9837
9931
9895
9995
9964
9928
9904
9950
9963
9909
9896
9928
9881
9898
9945
9923
9984
9895
9884
9893
9990
9977
9877
9943
9953
9984
9898
9807
9761
9977
9973
9892
9921
9829
9902
9939
9871
9947
9923
9795
9967
9953
9916
9879
9982
9914
9923
9942
9986
9864
9848
9913
9953
9928
9908
9918
9821
9971
9952
9817
9924
9859
9938
9815
9845
9886
9929
9976
9893
9941
9960
9970
9973
9954
9859
9909
9991
9879
9924
9925
9990
9922
9856
9882
9869
9900
9862
9934
9873
9934
9932
9938
9938
9918
9932
9882
9898
9896
9956
9858
9984
9917
9769
9927
9943
9878
9931
9957
9847
9940
9793
9924
9816
9873
9894
9862
9876
9873
9913
9941
9887
9824
9929
9843
9913
9890
9933
9933
9961
9844
9950
9821
9881
9921
9892
9800
9910
9937
9957
9961
9877
9954
9961
9882
9848
9897
9830
9956
9754
9910
9827
9891
9814
9831
9904
9860
9918
9935
9877
9955
9940
9966
9913
9903
9912
9797
9889
9892
9921
9952
9906
9963
9915
9954
9979
9913
9894
9961
9842
9888
9934
9919
9898
9973
9826
9864
9858
9938
9958
9836
9821
9935
9885
9952
9910
9850
9866
9932
9951
9922
9882
9910
9884
9945
9876
9894
9882
9911
9969
9775
9935
9873
9909
9977
9708
9730
9922
9875
9942
9843
9787
9954
9932
9871
9958
9937
9911
9904
9844
9974
9891
9928
9881
9989
9833
9925
9954
9883
9898
9948
9909
9904
9956
9902
9900
9962
9673
9946
9949
9965
9937
9833
9914
9913
9779
9879
9935
9904
9910
9947
9934
9926
9894
9872
9894
9938
9931
9945
9823
9988
9947
9846
9880
9988
9802
9939
9974
9863
9916
9914
9941
9810
9946
9954
9909
9880
9922
9992
9939
9895
9872
9976
9947
9926
9888
9923
9925
9919
9968
9970
9898
9924
9903
9854
9846
9771
9682
9901
9877
9986
9956
9878
9744
9971
9899
9874
9943
9967
9817
9902
9805
