9951
9928
9993
9960
9955
9940
9945
9992
9975
9939
9757
10000
9893
10000
10000
9764
9907
9979
9959
9936
9979
10000
9899
9851
10000
9888
9901
9999
9895
10000
10000
9945
9858
10000
9940
10000
9960
9914
9940
10000
9911
9931
9987
9981
10000
9810
9916
9999
10000
9951
9954
10000
9890
9795
9938
10000
10000
10000
9877
9962
9898
9967
9934
9998
9899
9969
10000
9858
10000
10000
10000
9895
9845
9956
9868
9944
10000
9981
9865
9998
9897
9843
9996
9914
9998
10000
9995
9844
9732
9992
9951
10000
9928
9906
10000
9837
9917
9967
9924
9891
9997
9925
9993
9938
9918
9905
9858
9970
9929
9789
9850
9932
9854
9963
9996
9981
9963
9933
9889
9931
9915
9995
10000
10000
9916
9888
9995
9793
9999
10000
9749
9897
9857
9968
9971
9949
9996
9913
9999
9999
9996
9973
9943
9987
9984
9811
9988
9915
9873
9996
9905
9988
9836
9898
9826
9975
10000
9914
9996
9993
9999
9899
9999
9891
9986
9978
9848
9876
10000
9897
10000
9940
9917
9808
9781
10000
9995
9923
9924
9891
9999
9923
9867
9999
9949
9934
9940
9927
9970
9918
9871
10000
9887
9894
9964
9920
9927
9877
9853
9999
9876
9900
9945
9981
10000
9911
9788
9883
9923
9848
9995
9933
9902
9865
9963
9980
9938
10000
9886
10000
9894
9949
9878
9885
9912
9716
10000
9875
9963
9946
9992
9936
9928
10000
9874
9814
9897
9903
9916
9874
9950
10000
9925
9975
9993
9946
9996
9903
9860
9915
10000
10000
9899
10000
9877
9923
9932
9959
10000
9923
9921
10000
9903
9958
9884
9834
9922
9812
9896
10000
9879
9873
9898
9941
9972
9912
9817
9999
9967
9996
9866
9939
9870
9956
10000
9986
9999
10000
9892
10000
9997
10000
9897
9869
9927
10000
9999
9945
10000
9915
9926
9921
9999
10000
10000
9999
10000
9995
9959
9998
9885
9992
9860
9928
9989
10000
9841
10000
9992
9946
9921
9964
9962
9840
9968
9886
9950
9905
9823
9947
10000
9960
9829
9999
9908
9954
9837
10000
9857
10000
9789
9918
9921
10000
9909
9998
10000
9904
9996
9896
9943
9999
9914
10000
9968
9997
9918
9883
9889
9935
9998
9878
9800
9827
9907
9999
9901
9981
9905
9924
10000
9838
10000
9883
9948
9858
9948
9943
10000
9916
9982
9979
9790
10000
9879
9788
9808
9858
9996
9883
9930
9969
9972
9922
9922
9953
9953
9910
10000
9910
9992
9955
10000
9946
9838
9981
10000
10000
9958
10000
9930
9998
10000
10000
9958
9919
9918
9876
9998
9968
10000
9982
9937
9969
9817
9916
9956
9768
9951
9993
9996
9951
9980
9936
9926
9853
9944
9951
9927
9963
9912
9880
9938
10000
9921
9935
9963
9988
9737
10000
9795
9868
9968
9947
9974
9971
9929
9848
9832
9936
10000
9942
9886
9829
9795
10000
9904
9957
9688
9953
9995
9915
9858
9811
9842
9884
9930
9993
10000
9889
9810
9945
9885
9932
9904
9931
10000
9996
9959
9866
10000
10000
9945
10000
9977
9911
10000
9999
10000
10000
10000
9938
9984
9872
10000
9997
10000
9929
9923
10000
9940
10000
9857
9881
9964
9757
9964
10000
9807
9895
9993
9906
9834
9842
9965
9895
9993
9894
9836
10000
9987
10000
9791
9960
9932
10000
10000
9729
9980
9802
9904
9997
9806
9955
9999
10000
9928
9967
9996
9956
9931
10000
9954
9896
9864
9912
9969
10000
10000
9830
9935
9887
9861
9956
9953
9908
9950
10000
10000
9809
9849
9986
9933
9893
10000
9980
9880
9923
9901
10000
9870
9915
9824
9886
9794
9934
9809
10000
9963
9964
9655
9855
10000
9980
10000
9994
9998
9964
9996
9878
9885
9983
9979
10000
9891
9922
9850
9858
9979
9917
9981
9837
9909
9994
9867
9920
9970
9966
10000
9961
9909
9996
9822
10000
9999
9978
9963
9831
9997
9957
9809
9968
9910
9733
9893
9883
10000
10000
9774
9892
10000
9890
10000
9886
9867
9896
10000
9922
10000
9963
9997
10000
9964
9863
9824
9953
9979
9911
9967
9920
9895
9958
9960
9998
9992
10000
10000
9889
9972
10000
9910
9989
9951
9938
9917
9848
9990
9941
10000
10000
9859
9861
10000
9878
9955
9882
9950
9899
9856
9813
9948
9943
9980
9944
9941
9975
10000
10000
9936
9867
10000
9892
10000
10000
10000
9793
10000
9886
9918
9936
9889
9899
9936
9764
10000
9893
10000
9947
9999
9944
10000
9847
9928
9839
9957
9933
9893
10000
9929
9931
9958
10000
9959
9905
10000
9863
10000
10000
9924
9935
9728
9986
9870
10000
9991
9998
10000
9939
9954
9994
9957
9865
10000
9916
9957
9999
10000
9904
9817
9935
9839
9853
9904
9929
9859
9933
9939
9911
10000
9857
9923
9997
9973
9879
9926
10000
9961
10000
9994
10000
9867
9924
9884
9898
9868
9874
9861
9991
9905
10000
9946
9939
9972
10000
10000
9905
10000
9827
9918
10000
9905
9936
9906
9877
9914
9935
9993
9789
9998
9951
9786
9970
9876
9928
9864
9813
9986
9982
9889
10000
9881
9897
9840
9956
9840
9781
10000
9770
9897
9997
9896
9963
9878
9993
10000
9920
9853
10000
10000
10000
9894
9904
9866
10000
9920
9909
9914
10000
9937
10000
9993
9877
9984
9995
10000
9943
9999
10000
10000
9761
9921
9821
9999
9862
9822
9825
9837
9989
10000
9825
9842
10000
9880
10000
9936
9983
10000
9914
9871
9902
10000
9824
9982
10000
10000
9979
9990
9851
10000
9946
9982
9817
9841
9985
9887
9964
9934
9872
9928
9925
9972
9978
9902
9918
9837
10000
9889
9968
9900
9808
9949
10000
9999
9972
9948
10000
9911
9999
9897
9969
9874
9915
10000
9903
10000
9903
9999
9945
9781
10000
9826
9928
10000
9998
9903
9998
9808
10000
9785
10000
10000
9916
9959
9910
9981
9878
9905
9834
10000
9942
10000
9957
9884
9886
9959
9922
9950
9804
9858
10000
9840
9991
9857
9767
10000
9951
9899
9916
9945
9942
9955
9912
10000
9829
9946
9941
9863
9977
9959
9799
9999
9987
9953
9984
10000
9913
9865
9901
10000
9923
9923
9976
10000
9862
9901
9912
9941
9904
9823
9995
