9968
9971
9994
9905
9995
9994
9995
9909
9999
9945
9945
9935
9974
9998
9888
9963
9986
9962
9997
10000
9997
9982
9956
9971
9980
9988
9974
9982
9996
9931
10000
9916
9905
9981
9907
9912
9929
9884
9960
9995
9970
9992
9849
9791
9801
9994
9994
9897
9931
10000
9926
9840
9993
9859
9948
9952
9943
10000
9974
9756
9985
9989
9913
9922
9960
9974
9997
9982
9991
9930
9962
9924
9948
9991
9892
9999
9991
9913
9966
9867
9950
9996
9988
9917
9983
9999
9977
9933
9902
9950
9997
9832
9999
9947
9914
10000
9966
9998
9917
9800
9996
9828
9943
9976
9990
9971
9933
9868
9988
9976
9996
9949
9998
9965
9998
9995
9977
9994
9966
9975
9880
9960
9965
9989
9984
9945
9944
9987
9893
9980
9988
9998
9885
9935
9926
9936
9986
9979
9999
9886
9927
9855
9972
9782
9919
9796
9997
9851
9996
9995
9948
9985
9895
9991
9822
9973
9982
9990
9947
9973
9995
9937
9965
9933
9993
9997
9949
9979
9880
9978
9921
9958
9981
9894
9931
9952
9992
9989
9994
9940
9942
9909
9883
9962
9947
9988
9928
9814
9990
9902
9960
9955
9994
9948
9939
9880
10000
9987
9973
9996
9863
9969
10000
9978
9937
9992
9929
9986
9972
10000
9844
10000
9965
9867
9993
9914
9998
9920
9970
9956
9948
9987
9991
9960
9972
9861
9989
9963
9999
9860
9977
9996
9998
9983
9936
9994
9874
9981
9999
9900
9917
9774
9957
9979
9935
9967
9991
9873
9999
9992
9924
9924
9899
9979
9996
9816
9966
9953
9933
9899
9927
9906
9985
9948
9951
9999
9995
9923
9902
9970
9854
9999
9968
9970
9866
9837
9889
9965
9899
9891
9941
9989
9824
9998
9999
9999
10000
9960
9779
10000
9999
9939
10000
9976
9863
9977
9802
9990
9847
9942
9997
9949
9984
9999
9936
10000
9898
9816
9995
9954
9982
9997
9983
9910
9953
9994
9902
9907
9996
9971
9982
9972
9986
9878
9984
9928
9996
9994
9944
10000
9995
9967
9957
9910
9972
9880
9992
9776
9925
9943
9788
10000
9984
9923
9885
9982
9956
9999
9985
9930
9980
9992
9952
10000
9973
9952
9910
9847
9949
9999
9947
9943
9988
9861
9879
9997
9915
9966
10000
9888
9992
9814
9983
9914
10000
9996
9916
9863
9973
9921
9957
9999
9977
9903
9922
10000
9978
9985
9968
10000
9961
9995
9961
9926
9934
9988
9951
9932
9903
9981
9864
9972
9932
9999
9912
9998
9950
9995
9998
9998
10000
9864
9998
9969
9956
9942
9920
9951
9994
10000
9940
9920
9921
9967
9888
9978
9954
9978
9939
9853
9957
9888
9972
9999
9884
9891
9891
9985
9925
9927
9858
9998
10000
9995
9989
9948
9854
9915
9992
9995
9998
9895
9879
9972
9880
9958
9953
9987
9999
9909
9953
9992
9900
9966
9974
9980
9949
9999
9802
9888
9997
9985
9992
9884
9993
9960
9972
9965
9981
9867
9973
9816
9876
9935
9997
9783
9897
9991
9968
9999
9983
9988
9943
9932
9999
9959
10000
9936
10000
9996
9942
9939
10000
9966
9928
9947
9944
9968
9799
9976
9957
9983
9889
9847
9985
9842
9961
9897
9902
9867
9962
9895
9900
9955
9910
9906
9890
9944
9963
9992
9990
9961
9982
9998
9988
9876
9923
9994
9999
9974
9998
9963
9998
9993
10000
9908
9942
9835
9973
9900
9974
9871
9974
9982
9983
9984
9996
9839
9996
9986
9999
9912
9991
9890
9974
9990
10000
9954
9906
9989
9951
9996
9922
9879
9996
9972
9896
9966
9909
9971
9960
9970
9884
9981
9974
9965
9810
10000
9992
9918
9966
9987
9997
9972
9961
9997
9985
9978
9988
9996
9984
9747
9988
9948
9953
9997
10000
9869
9961
9958
9997
9939
9990
9992
9998
9999
9993
10000
9998
9848
10000
9907
9992
9956
9988
9975
9948
9925
9980
9886
9945
9994
9941
9894
9804
9999
10000
9926
9872
10000
9919
9960
9850
9922
9975
9926
9942
9917
9999
9925
9845
9995
9959
9960
9876
9970
9894
9995
9998
9997
9936
9987
9895
9931
9993
9999
9984
9767
9932
9930
9943
9959
9854
9895
9910
9936
9981
9988
9987
9934
9948
9998
9773
9990
9963
9923
9973
9997
9975
9979
9929
9999
9922
9866
10000
9983
9975
9929
9878
9993
9908
9924
9922
9957
9934
9930
9998
9994
10000
9992
9947
9943
9956
9967
10000
9963
9947
9842
9854
9949
9999
9991
9940
9893
9997
9993
9997
9992
9947
9962
9975
9993
9982
9974
9945
9855
9970
9954
10000
9863
9999
10000
9957
9913
9999
9956
9981
9935
9846
9986
9973
9940
9971
9984
9861
9983
9955
9986
9989
9944
9957
9942
9994
9924
9912
9940
9898
9986
9967
9999
9903
9907
9941
9975
9984
9977
9986
9962
9936
9947
9900
9940
9986
9997
10000
9994
9977
10000
9946
9986
9997
9930
9985
9865
9892
9999
9896
9906
9966
9955
9933
9916
9970
9975
9906
9988
9873
9949
9937
9975
9894
9993
9955
9959
9900
9999
9973
9996
9851
9997
9998
9928
9877
9998
9977
9893
9922
9828
9961
9959
9966
9904
9942
9940
9983
9982
9964
9896
9988
9989
9922
10000
9989
9976
9965
9908
9983
9949
9967
9975
9885
9996
9999
9993
9762
9964
9926
9962
9943
9996
9979
9979
9983
9989
9902
9980
10000
9950
9993
9885
9861
9931
9911
9988
9960
9904
9981
9928
9852
9963
9996
9902
9841
10000
9852
9984
9970
9928
10000
9964
9924
9971
9927
9978
9975
9972
9999
9881
9848
9966
9837
9916
9995
9891
9937
9911
9944
9976
9962
9981
9965
9948
9940
9981
9987
9998
9936
9959
9999
9942
9992
9998
9932
9997
9933
9971
9926
9950
9887
9961
9884
9925
9996
9914
9994
9924
10000
9922
9973
9853
9970
9788
9941
9851
9966
9906
9990
9939
9960
9973
9932
9982
9937
9947
9977
9987
9929
9982
9999
9990
10000
10000
9993
9962
10000
9954
9960
9828
9999
9848
9941
9950
9831
9912
9737
9888
9977
9872
9944
9902
9967
9913
9980
9968
9987
9988
9960
9889
9959
9973
9902
9948
9929
9933
9984
9926
9927
9982
9990
9999
