9909
9894
9959
9812
9862
9911
9961
9923
9980
9771
9875
9917
9959
9920
9875
9931
9908
9909
9916
9918
9779
9949
9856
9889
9907
9916
9881
9910
9936
9953
9937
9812
9934
9921
9917
9905
9882
9892
9839
9890
9860
9980
9882
9923
9859
9952
9753
9907
9912
9930
10000
9958
9882
9925
9944
9874
9909
9893
9957
9912
9967
9872
9865
9914
9994
9983
9869
9896
9776
9907
9915
9906
9850
9737
9866
9933
9813
9933
9908
9900
9858
9932
9958
9943
9905
9825
9915
9942
9916
9969
9878
9778
9943
9852
9917
9888
9957
9896
9912
9915
9865
9928
9776
9954
9925
9850
9920
9897
9886
9870
9786
9906
9874
9951
9926
9956
9940
9960
9895
9914
9859
9942
9925
9880
9920
9941
9957
9962
9914
9856
9902
9829
9952
9958
9847
9964
9919
9924
9970
9872
9866
9871
9858
9887
9916
9804
9933
9940
9817
9919
9884
9851
9993
9815
9874
9926
9915
9888
9922
9908
9874
9873
9992
9892
9928
9894
9957
9811
9860
9886
9959
9940
9915
9891
9844
9962
9932
9864
9957
9978
9965
9912
9964
9918
9817
9952
9950
9943
9854
9860
9954
9926
9923
9901
9777
9952
9872
9867
9912
9955
9950
9931
9829
9929
9983
9899
9904
9817
9934
9895
9908
9969
9881
9979
9959
9872
9940
9903
9972
9926
9796
9902
9970
9955
9905
9914
9940
9839
9871
9959
9965
9811
9827
9830
9994
9993
9929
9941
9886
9839
9943
9880
9913
9929
9927
9832
9918
9917
9906
9867
9920
9950
9867
9934
9831
9816
9775
9905
9947
9923
9977
9965
9951
9905
9845
9931
9931
9913
9837
9902
9950
9883
9943
9934
9901
9828
9982
9941
9951
9944
9831
9901
9846
9960
9904
9985
9952
9909
9916
9863
9928
9841
9919
9902
9870
9746
9948
9960
9961
9884
9937
9956
9892
9911
9947
9779
9977
9911
9930
9879
9754
9896
9949
9946
9959
9875
9889
9966
9943
9943
9768
9930
9945
9914
9877
9869
9871
9933
9881
9912
9923
9892
9986
9874
9877
9941
9996
9942
9938
9928
9800
9861
9967
9833
9870
9907
9825
9903
9881
9912
9956
9869
9730
9956
9997
9920
9961
9928
9860
9893
9904
9909
9886
9934
9937
9939
9900
9877
9924
9706
9976
9883
9978
9927
9994
9751
9936
9906
9946
9872
9911
9961
9924
9981
9971
9860
9931
9862
9959
9964
9952
9815
9788
9957
9855
9947
9930
9909
9978
9904
9932
9890
9937
9938
9914
9878
9974
9953
9831
9902
9902
9872
9807
9799
9968
9978
9860
9946
9741
9821
9929
9941
9965
9949
9844
9930
9957
9888
9912
9872
9870
9959
9937
9764
9902
9971
9992
9933
10000
9870
9882
9940
9903
9865
9917
9894
9906
9792
9912
9945
9879
9911
9980
9897
9941
9931
9702
9753
9665
9870
9943
9931
9869
9873
9938
9927
9895
9874
9837
9857
9924
9962
9907
9969
9927
9895
9838
9902
9849
9929
9915
9911
9952
9901
9827
9905
9937
9962
9981
9938
9899
9951
9869
9987
9964
9833
9836
9898
9879
9966
9923
9878
9891
9880
9891
9843
9939
9790
9981
9901
9855
9938
9925
9981
9845
9824
9909
9858
9925
9993
9938
9859
9886
9851
9814
9893
9990
9829
9951
9960
9886
9899
9888
9907
9957
9858
9979
9948
9953
9992
9922
10000
9977
9825
9900
9945
9841
9934
9920
9857
9833
9914
9924
9849
9913
9952
9878
9896
9949
9818
9879
9855
9890
9850
9963
9936
9954
9921
9838
9795
9855
9836
9843
9891
9887
9918
9882
9920
9790
9906
9867
9933
9927
9953
9965
9893
9998
9860
9981
9923
9929
9963
9962
9851
9879
9923
9955
9825
9722
9889
9883
9891
9957
9986
9928
9871
9932
9915
9882
9906
9893
9904
9903
9938
9947
9936
9999
9911
9968
9862
9925
9911
9889
9753
9867
9876
9841
9974
9909
9957
9864
9863
9802
9929
9944
9867
9785
9871
9914
9976
9951
9839
9928
9928
9924
9918
9936
9919
9955
9938
9862
9945
9921
9900
9980
9949
9947
9878
9892
9969
9876
9912
9879
9923
9939
9823
9827
9926
9898
9880
9939
9975
9929
9866
9965
9905
9874
9886
9924
9948
9858
9838
9965
9904
9973
9900
9922
9923
9865
9945
9958
9930
9911
9981
9802
9889
9943
9885
9933
9831
9945
9898
9880
9918
9915
9863
9838
9948
9885
9903
9926
9946
9965
9947
9865
9900
9867
9909
9936
9915
9933
9903
9948
9950
9961
9870
9964
9939
9964
9874
9935
9902
9988
9874
9935
9945
9985
9973
9891
9867
9947
9865
9975
9935
9990
9931
9935
9867
9904
9986
9956
9930
9880
9903
9887
9879
9981
9906
9932
9870
9930
9833
9824
9972
9896
9891
9944
9849
9912
9958
9914
9929
9967
9970
9907
9970
9895
9949
9881
9859
9970
9904
9950
9925
9930
9955
9774
9932
9939
9950
9922
9876
9900
9884
9983
9910
9845
9976
9872
9961
9908
9918
9987
9849
9902
9990
9965
9884
9966
9880
9968
9809
9840
9973
9952
9917
9883
9912
9901
9933
9948
9808
9955
9923
9918
9894
9858
9703
9947
9911
9909
9951
9914
9845
9944
9931
9884
9948
9836
9925
9952
9966
9961
9850
9944
9998
9961
9908
9946
9979
9967
9978
9997
9869
9869
9840
9963
9934
9932
9954
9942
9878
9881
9888
9909
9925
9991
9946
9966
9961
9921
9930
9866
9924
9844
9938
9983
9845
9877
9923
9879
9807
9956
9864
9985
9923
9953
9936
9890
9940
9912
9776
9875
9919
9961
9844
9858
9936
9996
9883
9929
9844
9882
9930
9838
9979
9941
9919
9994
9838
9911
9844
9916
9836
9913
9926
9883
9961
9950
9929
9894
9741
9860
9809
9991
9839
9952
9925
9926
9911
9987
9922
9997
9881
9858
9848
9826
9850
9830
9847
9888
9938
9854
9925
9789
9930
9913
9859
9903
9910
9913
9954
9909
9923
9980
9902
9857
9821
9926
9896
9862
9963
9950
9927
9832
9915
9810
9975
9932
9985
9800
9938
9934
9936
9956
9946
9809
9999
9972
9920
9885
9748
9918
9992
9934
9838
9899
9814
9900
9998
10000
9877
9991
9909
9955
9910
9872
9895
9902
9886
