9925
9854
9930
9832
9891
9944
9924
9917
9953
9967
9985
9955
9964
9861
9987
9929
9817
9956
9952
9939
9908
9972
9942
9926
10000
9872
9913
9927
9924
9811
9944
9959
9910
9917
9880
9999
9901
9927
9817
9900
9835
9909
9932
9883
9901
9840
9875
9888
9872
9822
9885
9930
9911
9928
9949
9844
9912
9884
9955
9858
9906
9856
9832
9880
9938
9964
9940
9993
9939
9819
9896
9892
9943
9869
9962
9847
9892
9850
9865
9891
9911
9944
9950
9812
9853
9957
9965
9862
9964
9902
9819
9904
9939
9799
9887
9945
9842
9869
9835
9962
9956
9903
9965
9855
9937
9874
9879
9948
9818
9978
9934
9696
9867
9961
9919
9840
9884
9932
9998
9940
9916
9795
9859
9857
9966
9905
9910
9919
9837
9933
9889
9920
9934
9964
9957
9919
9968
9988
9866
9921
9925
9906
9866
9905
9892
9907
9876
9917
9875
9888
9875
9850
9962
9939
9928
9922
9932
9924
9931
9962
9938
9957
9925
9882
9978
9926
9763
9898
9911
9961
9921
9852
9808
9873
9866
9879
9994
9800
9854
9932
9923
9898
9946
9871
9834
9892
9941
9932
9900
9954
9881
9951
9876
9966
9946
9835
9985
9923
9902
9855
9986
9921
9881
9953
9808
9997
9974
9898
9938
9886
9906
9946
9840
9894
9904
9944
9898
9868
9934
9959
9914
9997
9726
9845
9976
9915
9953
9869
9868
9762
9969
9928
9867
9953
9914
9897
9925
9834
9894
9952
9892
9857
9980
9921
9933
9882
9949
9936
9887
9891
9827
9754
9858
9957
9938
9913
9977
9886
9892
9989
9910
9966
9899
9967
9938
9971
9997
9835
9918
9987
9865
9931
9942
9887
9870
9920
9876
9778
9900
9927
9889
9772
9968
9868
9989
9859
9825
9925
9923
9925
9824
9938
9872
9922
9908
9906
9905
9922
9932
9909
9946
9855
9830
9652
9780
9845
9884
9876
9878
9994
9859
9922
9943
9987
9905
9960
9926
9910
9893
9936
9836
9959
9898
9865
9823
9969
9922
9868
9932
9845
9940
9905
9939
9820
9955
9914
9895
9949
9899
9933
9960
9872
9931
9853
9954
9935
9905
9925
9896
9862
9814
9821
9967
9940
9908
9884
9959
9924
9938
9911
9909
9998
9679
9893
9868
9923
9837
9923
9943
9800
9891
9925
9918
9902
9886
9751
9994
9944
9991
9872
9991
9858
9948
9954
9940
9763
9976
9899
9919
9900
9976
9942
9941
9971
9891
9943
9955
9942
9941
9936
9956
9883
9941
9968
9850
9906
9956
9907
9944
9868
9865
9959
9901
9862
9925
9974
9863
9908
9896
9926
9914
9947
9947
9956
9882
9967
9911
9990
9960
9927
9915
9954
9929
9910
9856
9884
9820
9958
9895
9953
9883
9929
9900
9809
9937
9893
9893
9779
9989
9895
9894
9952
9974
9969
9894
9956
9788
9869
9957
9961
9845
9837
9952
9871
9923
9969
9934
9949
9888
9937
9953
9691
9878
9865
9938
9899
9813
9946
9898
9934
9943
9810
9809
9885
9927
9911
9789
9921
9904
9878
9949
9845
9911
9924
9985
9899
9947
9821
9940
9875
9703
9872
9851
9925
9964
9894
9913
9886
9906
9913
9839
9865
9862
9973
9741
9819
9963
9845
9823
9954
9927
9961
9977
9874
9939
9933
9911
9932
9866
9915
9823
9947
9943
9925
9899
9890
9972
9808
9845
9905
9982
9995
9918
9989
9929
9949
9939
9938
9971
9898
9923
9860
9846
9980
9956
9938
9940
9860
9949
9958
9945
9877
9818
9903
9944
9949
9830
9927
9879
9870
9941
9973
9819
9969
9878
9892
9919
9908
9878
9919
9942
9959
9955
9922
9877
9888
9943
9935
9842
9955
9900
9911
9934
9945
9954
9918
9838
9969
9979
9777
9941
9856
9885
9887
9891
9917
9899
9946
9712
9948
9982
9982
9876
9952
9992
9970
9892
9908
9896
9954
9893
9897
9935
9924
9708
9911
9974
9922
9875
9864
9888
9901
9867
9951
9971
9892
9952
9915
9955
9974
9919
9985
9897
9915
9952
9921
9952
9912
9949
9814
9957
9993
9922
9946
9838
9939
9910
9919
9842
9818
9894
9840
9863
9936
9872
9940
9931
9965
9934
9880
9880
9918
9976
9905
9825
9939
9868
9967
9914
9836
9922
9820
9876
9920
9908
9936
9757
9993
9892
9933
9887
9884
9941
9870
9916
9931
9925
9927
9863
9819
9890
9956
9896
9916
9923
9976
9898
9867
9906
9970
9922
9837
9903
9941
9934
9958
9916
10000
9938
9867
9895
9829
9903
10000
9810
9954
9889
9888
9663
9892
9912
9905
9893
9912
9957
9888
9943
9962
9972
9939
9915
9860
9961
9859
9887
9958
9935
9979
9987
9967
9885
9935
9869
9935
9981
9868
9956
9836
9929
9881
9840
9908
9965
9950
9962
9829
9829
9845
9731
9848
9851
9905
9935
9876
9948
9905
9777
9848
9985
9869
9968
9958
9926
9878
9967
9977
9923
9844
9826
9845
9916
9837
9986
9966
9963
9960
9917
9945
9857
9991
9991
9915
9860
9854
9917
9984
9841
9968
9962
9927
9836
9933
9961
9935
10000
9908
9952
9771
9893
9884
9941
9851
9971
9884
9933
9966
9893
9938
9962
9989
9940
9901
9948
9898
9877
9936
9830
9913
9936
9969
9875
9870
9904
9969
9925
9943
9912
9954
9914
9871
9954
9947
9952
9842
9944
9930
9819
9891
9876
9959
9915
9954
9864
9923
9998
9865
9882
9935
9972
9947
9846
9851
9905
9884
9857
9871
9838
9885
9912
9916
9909
9976
9972
9916
9903
9952
9937
9741
9976
9860
9935
9902
9992
9933
9931
9911
9969
9821
9803
9913
9931
9932
9951
9819
9841
9804
9933
9927
9927
9987
9965
9998
9946
9975
9937
9941
9982
9870
9954
9818
9846
9942
9947
9806
9941
9977
9866
9992
9908
9864
9902
9865
9830
9965
9920
9795
9958
9896
9945
9930
9900
9972
9948
9952
9965
9910
9966
9932
9759
9870
9809
9973
9948
9928
9762
9973
9938
9769
9921
9919
9955
9775
9901
9923
9996
9876
9914
9919
9870
9946
9833
9848
9945
9921
9769
9915
9900
9866
9914
9892
9848
9997
9932
9880
9996
9853
9907
9911
9910
9878
9909
9904
9826
9968
9976
9911
9969
9887
9934
9880
