9941
9911
9922
9995
9998
9830
9987
9892
9923
9960
9993
9911
9881
9831
9988
9891
9950
9938
9894
9910
9839
9822
9939
9984
9806
9957
9880
9999
9933
9975
9991
9938
9901
9873
9920
9870
9950
9793
9824
9966
9959
9795
9878
9978
9943
9956
9895
9951
9917
9957
9992
9955
9860
9976
9898
9809
9990
9993
9904
9968
9879
9971
9942
9965
9962
9949
9921
9744
9911
9901
9773
9891
9921
9908
9908
9921
9699
9942
9999
9966
9987
9975
9998
9974
9941
9921
9984
9996
10000
9863
9834
9997
9867
9971
9913
9980
9816
9988
9991
9915
9961
9983
9960
9956
9840
9913
9854
9940
9990
9914
9884
9998
9947
9748
9924
9966
9891
9833
9914
9937
9914
9922
9765
9978
9991
9903
9996
9967
9880
9946
9976
9996
9936
9968
9930
9887
9859
9880
9796
9940
9907
9947
9924
9908
9935
10000
9913
9935
9974
9974
9913
9967
9973
9920
9877
9834
9872
9999
9858
9936
9927
9929
9925
9907
9929
9971
9913
9966
9857
9954
9964
9884
9949
9908
9933
9956
9938
9971
9935
9966
9918
9865
9919
9962
9777
9858
9919
9961
9952
9868
9953
9957
9975
9999
9828
9938
9839
9973
9893
9997
9990
9836
9930
9954
9901
10000
9978
9981
9962
9968
9940
10000
9782
9918
9892
9904
9854
9990
9963
9928
9943
9904
9960
9846
9898
9878
9907
9988
9969
9979
9852
9893
9969
9931
9996
9795
9936
9874
9982
9908
9975
9905
9984
9983
9726
9940
9876
10000
9928
9872
9949
9810
9918
9969
9968
9891
9964
9999
9878
9911
9944
10000
9914
9990
9960
9944
9940
10000
9953
9971
9882
9812
9857
9978
9996
9893
9872
9964
9922
9916
9869
9874
10000
9997
9879
9960
9880
9956
9924
9867
9860
9937
9904
9875
10000
9960
9919
9942
9999
9917
9909
9845
9971
9812
9963
9937
9984
9948
9878
9991
9960
9789
10000
9896
9911
9917
9994
9987
9989
10000
9853
9989
9902
9982
9831
9925
9933
9871
9927
9953
9873
9992
9884
9928
9909
9929
9965
9963
9935
9980
9891
9877
9886
9890
9951
9958
9893
9889
9982
9976
9885
9999
9979
9827
9998
9868
9903
9974
9882
9998
9974
9894
9829
9969
9885
9893
9873
9911
9984
9900
9981
9945
9931
9903
9859
9980
9958
9892
9862
9937
9909
9969
9999
9963
10000
9952
9932
10000
9935
9976
9879
9973
9890
9835
9944
10000
9885
9845
9836
9985
9743
9929
9874
9925
9886
9952
9918
9929
9964
9994
9905
9868
9940
9869
9946
9823
9932
9908
9999
9939
9904
9972
9962
9909
9972
9995
9986
9896
9923
9949
9977
9902
9999
9936
9941
9883
9885
9908
9968
9949
9998
9996
9886
9903
9862
9975
9948
9861
9998
9863
9845
9938
9918
9965
9978
9860
9960
9895
9969
9928
9963
9918
9851
9880
9988
9909
9986
9947
9983
9818
10000
9961
9917
9901
9956
9832
9931
9946
9846
9872
9857
9998
9955
9942
9908
9997
9948
9908
9888
9944
9985
9996
9969
10000
9995
10000
9941
9997
9915
9939
9898
9999
9949
9955
9955
9973
9968
9879
9986
9989
9929
9998
9892
9942
9899
9998
9943
9954
9837
9724
9980
9881
9751
9916
9909
9852
9923
9970
9942
9862
9894
9908
9949
9903
9856
9836
9994
9930
9983
9865
9993
9981
9898
9881
9979
9998
9916
9752
9909
9989
9820
9792
9980
9996
9996
9943
9994
9770
9872
9920
9994
9887
10000
9916
10000
9982
9974
9997
9967
9988
9913
9916
9890
9937
9747
9992
9920
9883
9997
9920
9815
9866
9949
9993
9970
9997
9832
9897
9970
9926
9868
9968
9918
9950
9920
9841
9969
9934
9884
9931
9855
9785
9893
9953
9811
9929
9938
9993
9862
9993
9819
9910
9952
10000
9948
9933
9806
9912
9982
9875
9958
9972
9929
9746
9934
9986
9951
9875
9949
9841
9924
9883
9909
9827
9920
9976
9955
9830
9960
9948
9968
9742
9921
9936
9851
9997
9966
9904
9884
9944
9855
9840
9726
9867
9973
9950
9929
9960
9930
10000
9940
9988
9836
9889
9963
9924
9960
9936
9922
9990
9910
9979
9905
9973
9992
9985
9955
9952
9982
9966
9999
9895
9873
9940
9962
9901
9954
9940
9785
9797
9891
9854
9888
9940
9916
9898
9971
9821
9906
9989
9973
9986
9927
9938
9984
9914
9843
9833
9878
9960
9876
9992
9998
9998
9841
9843
9926
9830
10000
9884
9910
9926
9929
9936
9988
9825
9955
9996
9930
10000
9892
9992
9969
9837
9946
9942
9978
9907
9987
9941
9847
9810
9892
9997
9951
9892
9913
9864
9793
9895
9843
9949
9902
9932
9910
9938
9948
9876
9914
9940
9947
9939
9907
9994
9987
10000
9827
9933
9827
9946
9975
9935
9871
9810
9892
9870
9953
9863
9868
9974
9947
9950
9905
9929
9933
9872
9916
9996
9960
9991
9900
9933
9955
9905
9954
9853
9900
9982
9855
9951
9949
9910
9942
9955
9893
9978
9874
9817
9736
9651
9945
9993
9968
9951
9931
9921
9777
10000
9943
10000
9927
9871
10000
9967
9839
9904
9980
9806
9757
9857
9959
9904
9937
9972
9929
9976
9933
9979
9866
9812
9971
9958
9942
9816
9964
9934
9955
9947
9941
9932
9964
9674
9886
9992
9879
9932
9913
9886
9918
9954
9879
9962
9992
9898
9997
9771
9970
10000
9949
9879
9816
9946
9931
9921
9771
9896
9978
9886
9969
9879
9819
9859
9802
9999
9955
10000
10000
9997
9984
9999
9910
9856
9865
9994
9934
9925
9866
9844
9825
9999
9896
9874
9833
9747
9936
9991
9953
9932
9845
9889
9883
9998
9863
9994
9919
9995
9884
9894
9999
9998
9845
9816
9950
9970
9923
9901
9999
9981
9958
9715
9836
9963
9917
9849
9991
9955
9949
9894
9898
9815
9836
9962
9985
9985
9898
9808
9989
9906
9913
9968
9888
9971
9906
9920
9999
9949
9921
9876
9888
9865
9941
10000
9893
9698
9997
9896
9823
9845
9959
9928
9902
9951
9991
9881
9984
9968
9927
9952
9846
9797
9937
9879
9995
9889
9968
9938
9942
9924
9812
9963
9779
9988
9985
9996
9970
9950
9969
10000
9998
9979
