9969
9878
9979
9895
9835
9835
9948
9837
9979
9955
9990
9967
9997
9699
9988
9878
10000
9933
9826
9994
9820
9999
9864
9940
9820
9956
9916
9941
9996
9875
9966
10000
9978
9960
9936
9872
9959
9939
9987
9927
9843
9960
9783
9973
9944
9998
9994
9926
9899
9968
10000
9853
9958
9877
9973
9924
10000
9933
9884
9999
9914
9897
9954
9991
9953
9998
9906
9956
9960
9980
9838
9999
10000
9990
10000
10000
9999
9993
9939
9881
9992
9891
9981
9887
9986
9956
9999
9882
9963
9897
9847
9997
9903
9999
9961
9971
9972
9970
10000
9975
9979
9935
9946
9931
9990
9996
9967
9967
9925
9994
9971
9997
9819
9988
9928
9967
10000
9982
9864
10000
9957
9924
9972
9918
9995
9929
9999
9925
9857
9973
9964
9844
9960
9866
9874
9916
10000
9993
9940
9964
9994
10000
9990
9877
9963
9930
9860
9915
9907
9789
9912
9914
9969
9872
9981
9761
9870
9889
9934
9945
9922
9838
9938
9914
10000
9971
9927
9897
9971
9908
9952
9898
9994
9991
9872
9999
9958
9971
9979
9877
9973
9923
9993
9831
9935
9999
9892
9997
9852
9954
9984
9972
9930
10000
9894
9895
9915
9876
9933
9933
9999
9958
9829
9976
9974
9994
9953
9996
9888
9855
9923
9857
9926
9959
9917
9844
9893
9899
9957
9978
9996
9935
9985
10000
9981
9859
9955
9902
9961
9948
9987
9909
9791
9921
9995
9972
9924
9993
9940
9895
9924
9917
9831
9893
9971
9875
9835
9916
9865
9918
10000
9968
9997
9820
10000
9820
10000
9998
9914
9910
9979
9933
9783
9992
9999
9971
9999
9990
9941
9897
9998
9905
9894
9824
9959
9938
9933
9962
9989
9994
9877
9961
9880
9956
9960
9967
9901
9805
9908
9971
9921
9792
9942
9955
9848
9892
9984
9975
9968
9918
9963
9822
9993
9852
9996
9751
9960
9806
9986
10000
9900
9925
9832
9928
9911
9937
9890
9878
9994
9999
9939
9924
9893
9975
9890
9900
9995
9892
9983
10000
9864
9948
9750
9965
9918
10000
9923
9930
9999
9942
9953
10000
10000
10000
9986
9980
9966
9708
9898
9984
9870
9965
9970
9865
9968
10000
9914
9921
9975
9927
10000
9846
10000
9884
9959
9758
9951
9994
9967
9950
9855
9942
9908
9867
9960
9961
9973
9845
9997
9986
9881
9972
10000
9918
10000
9903
9904
9991
9994
9964
9943
9989
9907
9961
10000
10000
9967
9973
9965
9787
9978
9968
9997
9823
9999
9982
9912
9952
9896
9920
9898
9862
9980
9998
9994
9971
9847
9982
9904
9948
9976
9990
9897
9891
9952
9857
9978
9992
9965
9933
9857
9988
9880
9938
9948
9908
9913
9995
9928
9950
9930
9978
9997
9974
9952
9929
9962
9985
9937
9992
9978
9996
9897
9831
9964
9995
9921
9991
9921
9982
9991
9990
9934
9973
9984
9956
9997
9944
9968
9825
9995
9974
9867
9876
9962
9999
9926
9864
10000
9993
9947
9915
9872
9901
9987
9896
9883
9956
9967
9964
9971
9900
9958
9957
9916
10000
9903
9815
9839
9921
9854
9937
9964
9964
9812
9899
9876
9998
9867
9802
9923
10000
9986
9874
9964
9864
9903
9874
9885
9986
9999
9930
9889
9783
9876
9953
10000
9890
9954
9881
9973
10000
9944
9999
9996
9952
9927
9872
9961
9828
9881
9966
9859
9965
9931
9971
9997
10000
9998
10000
9813
9852
9950
9855
9985
9994
9898
10000
9855
9966
9881
9923
9965
9999
9986
9841
9992
9980
9997
9996
9902
10000
9966
9956
9934
9963
9799
9990
9905
9992
9905
9890
9915
10000
9916
9997
9996
9886
9984
9990
9974
9908
9994
9831
9976
9996
9914
9879
9947
9882
9877
9954
9926
9914
9962
9848
9883
9917
9958
9996
9878
9846
9976
9999
9967
9999
10000
9993
9947
9979
9890
9836
9902
9905
9930
9993
9910
9965
9937
9949
9943
9907
9855
9974
9928
10000
9899
9942
9829
9984
9977
9973
9773
9898
9901
9972
9970
9953
9958
9863
9892
9848
10000
9868
9986
9978
9865
10000
9999
9831
9917
9947
9955
9982
9937
9907
9922
9916
9924
9999
9954
9999
9995
9883
9899
9963
10000
9997
9986
9995
9957
9932
9970
9835
10000
9888
9775
9858
9915
9826
9936
9783
9961
9931
9975
9958
9905
9965
9854
9969
9978
9865
9994
9995
9936
9828
9923
9997
9910
9869
9990
10000
9995
9850
9744
9939
9984
9907
9927
9843
9996
9942
9998
9917
9969
9877
9923
9922
9972
9922
9886
9911
9988
9948
9906
9946
9904
9998
9995
9955
9982
9927
9928
9985
9923
10000
9983
9917
9961
9989
9896
9861
9996
10000
9968
9899
9990
10000
9905
9905
9956
9999
10000
9995
9902
10000
9966
9992
9850
9952
9960
9869
10000
9951
9574
9937
9973
9905
9956
9921
9887
9807
9857
9945
9994
9898
9858
9836
9955
9928
9962
9998
9999
9913
9998
9867
9975
9975
9994
9871
9972
9994
9913
9921
10000
9971
9949
10000
9952
9945
9934
10000
9866
9987
9996
9839
9965
9946
10000
9833
9998
9963
9994
9880
9911
9917
9991
9932
9971
9888
9977
9931
9997
9937
10000
9846
9993
9980
9929
9825
9992
9990
9933
10000
9957
9964
9964
10000
9941
9938
9952
9986
10000
9791
9978
9960
9877
9907
9946
9885
9948
9974
9868
9916
9936
10000
9904
9726
9926
9822
9945
9875
9983
9956
9977
9896
10000
9866
9963
9998
9914
9935
9885
9958
9897
10000
9938
9960
9839
9941
9924
9882
9831
9908
9935
9853
9996
9915
9789
9976
9918
9816
9833
9964
9950
9922
9928
9977
9959
10000
9899
9874
9932
9939
9928
10000
9880
9953
9803
9828
9960
9990
9972
9938
10000
9897
9996
9996
9894
9944
10000
9999
9954
9965
9908
9961
9931
9980
10000
9675
9954
9937
9967
9927
9832
9999
9945
9920
9976
9993
9988
9943
9889
9917
9840
9988
9983
9995
9888
9994
9985
9905
10000
9927
9943
9995
9991
10000
9888
9914
9960
9968
10000
9935
9971
9971
9851
9917
9958
9968
9858
9986
9905
9784
9999
9868
9955
10000
9861
9969
9992
9997
9837
9917
9998
9890
9850
9906
9987
9956
