9904
9886
9981
9938
9792
9937
9948
9868
9906
9950
9901
9878
9859
9894
9871
9890
9884
9939
9932
9830
9849
9937
9961
9996
9931
9969
9935
9853
9805
9922
9910
9906
9968
9995
9854
9911
9867
9926
9982
9953
9882
9959
9829
9919
9894
9923
9952
9917
9911
9997
9990
9958
9931
9998
9869
9924
9927
9906
9924
9936
9845
9945
9939
9931
9952
9970
9718
9851
9938
9907
9995
9816
9964
9884
9821
9975
9857
9908
9839
9832
9977
9910
9903
9903
9887
9964
9816
9938
9900
9936
9921
9974
9939
9919
9942
9931
9870
9930
9928
9868
9893
9954
9852
9879
9946
9795
9787
9894
9887
9942
9930
9945
9979
9926
9904
9805
9807
9967
9923
9922
9930
9861
9929
9864
9930
9863
9931
9844
9859
9934
9886
9808
9816
9866
9745
9861
9985
9814
9946
9943
9919
9821
9898
9840
9831
9969
9913
9705
9793
9945
9991
9930
9844
9907
9936
9975
9955
9953
9943
9952
9900
9871
9996
9925
9865
9790
9927
9919
9782
9931
9957
9920
9942
9917
9778
9823
9894
9898
9904
9920
9949
9902
9880
9921
9964
9928
9935
9940
9924
9937
9845
9928
9922
9823
9972
9928
9997
9940
9835
9878
9930
9819
9958
9897
9763
9925
9837
9938
9848
9957
9871
9933
9870
9808
9921
9929
9846
9925
9872
9761
9961
9922
9811
9886
9862
9944
9981
9920
9986
9844
9918
9895
9975
9901
9855
9832
9848
9916
9895
9883
9927
9896
9869
9953
9930
9966
9848
9902
9883
9908
9895
9954
9869
9803
9959
9956
9871
9943
9864
9907
9935
9942
9932
9916
9928
9888
9848
9968
9893
9934
9880
9915
9908
9877
9877
9885
9936
9910
9969
9933
9928
9847
9827
9922
9927
9902
9805
9981
9871
9803
9937
9988
9999
9851
9971
9852
9838
9922
9820
9914
9908
9931
9927
9926
9977
9882
9814
9953
9842
9852
9918
9949
9885
9847
9950
9857
9915
9908
9981
9858
9878
9937
9808
9760
9962
9959
9743
9909
9926
9941
9869
9914
9909
9940
9910
9926
9867
9813
9892
9910
9938
9916
9921
9878
9852
9937
9921
9872
9974
9883
9924
9941
9896
9938
9958
9982
9944
9858
9919
9923
9907
9823
9973
9946
9792
9882
10000
9738
9851
9849
9893
9928
9911
9666
9901
9993
9919
9872
9917
9987
9970
9940
9861
9895
9898
9752
9914
9910
9902
9908
9931
9893
9753
9808
9879
9938
9899
9996
9895
9908
9921
9786
9889
9962
9910
9858
9927
9959
9879
9925
9967
9775
9873
9908
9904
9901
9886
9962
9914
9806
9945
9879
9885
9951
9741
9842
9819
9969
9859
9860
9874
9890
9943
9817
9932
9976
9893
9894
9970
9927
9863
9836
9943
9968
9942
9957
9941
9903
9867
9847
9923
9878
9876
9882
9807
9916
9931
9868
9948
9840
9889
9948
9934
9949
9946
9982
9812
9892
9868
9926
9969
9906
9990
9914
9899
9906
9834
9965
9983
9915
9853
9900
9920
9796
9820
9940
9890
9952
9931
9978
9858
9978
9855
9925
9921
9834
9871
9847
9947
9852
9882
9951
9860
9957
9861
9895
9929
9984
9944
9966
9885
9870
9878
9926
9848
9994
9946
9927
9881
9991
9957
9908
9900
9971
9912
9860
9940
9771
9937
9938
9966
9890
9864
9917
9931
9901
9996
9914
9963
9848
9906
9886
9882
9852
9910
9851
9963
9949
9886
9872
9900
9808
9938
9905
9808
9902
10000
9928
9893
9894
9848
9817
9948
9846
9828
9882
9813
9909
9906
9981
9912
9902
9893
9917
9982
9862
9859
9899
9901
9974
9792
9940
9980
9906
9918
9966
9892
9816
9886
9984
9999
9820
9910
9943
9774
9951
9846
9980
9935
9847
9892
9924
9936
9868
9961
9920
9859
9965
9838
9942
9905
9920
9956
9862
9941
9907
9902
9921
9934
9906
9845
9943
9906
9947
9921
9986
9887
9905
9880
9921
9911
9908
9968
9975
9989
9906
9923
9886
9982
9977
9918
9980
9974
9894
9857
9896
9905
9934
9931
9907
9852
9864
9934
9902
9909
9899
9850
9953
9750
9936
9940
9880
9890
9862
9889
9771
9876
9943
9941
9860
9926
9877
9978
9937
9915
9916
9931
9896
9876
9907
9927
9929
9828
9842
9896
9835
9954
9990
9825
9976
9957
9907
9921
9922
9967
9855
9976
9992
9904
9913
9927
9756
9951
9915
9908
9953
9948
9844
9857
9916
9914
9978
9900
9997
9945
9958
9944
9828
9858
9970
9959
9881
9826
9951
9872
9924
9843
9838
9958
9869
9849
9897
9944
9942
9987
9719
9944
9887
9856
9752
9936
9868
9819
9920
9898
9793
9755
9868
9873
9951
9861
9949
9974
9899
9860
9872
9942
9941
9868
9832
9941
9935
9942
9945
9935
9919
9910
9959
9867
9866
9819
9911
9890
9997
9927
9885
9923
9933
9901
9877
9775
9934
9852
9953
9924
9863
9871
9902
9901
9864
9944
9855
9949
9807
9856
9919
9914
9614
9889
9946
9907
9959
9947
9870
9906
9922
9932
9872
9920
9987
9884
9941
9881
9985
9799
9934
9922
9897
9876
9998
9836
9933
9949
9929
9904
9886
9964
9891
9950
9944
9872
9951
9842
9911
9976
9967
9939
9817
9891
9951
9922
9993
9935
9774
9953
9891
9884
9891
9953
9951
9937
9942
9903
9939
9874
9978
9974
9858
9911
9962
9756
9879
9877
9912
9913
9949
9947
9951
9850
9924
9959
9973
9838
9859
9933
9943
9925
9884
9823
9884
9882
9998
9799
9918
9872
9796
9944
9815
9900
9938
9842
9836
9916
9940
9881
9928
9956
9918
9949
9943
9828
9931
9913
9890
9944
9957
9932
9922
9936
9975
9870
9975
9940
9928
9939
9921
9877
9873
9923
9937
9916
9936
9949
9941
9910
9937
9931
9990
9927
9948
9819
9877
9999
9909
9866
9950
9873
9784
9900
9912
9927
9901
9934
9924
9919
9827
9925
9918
9911
9987
9987
9945
9923
9968
9988
9868
9892
9821
9710
9897
9974
9993
9915
9920
9879
9925
9902
9887
9935
9786
9958
9966
9804
9942
9927
9837
9755
9957
9866
9977
9747
9958
9977
9951
9755
9959
9928
9926
9944
9938
9929
9838
9936
9753
9744
9774
9958
9953
9974
9937
