9939
9906
9968
9988
9916
9920
9838
9921
9868
9919
9777
9863
9976
9925
9987
9909
9987
9848
9883
9908
9959
9823
9885
9898
9847
9838
9999
9951
9780
9934
9943
9916
9850
9941
9995
9946
9920
9836
9965
9932
9988
9733
9922
9875
9924
9724
9982
9965
9931
9985
9941
9951
9866
9972
9945
9809
9960
9947
9866
9893
9913
9974
9840
9968
9951
9644
9868
9907
9953
9984
9875
9948
9862
9972
9942
9955
9861
9901
9952
9990
9928
9805
9814
9846
9851
9899
9909
9862
9859
9921
9964
9948
9971
9906
9989
9954
9790
9887
9941
9930
9946
9816
9959
9916
9963
9859
9854
9958
9946
9928
9959
9965
9847
9920
9908
9950
9891
9905
9736
9988
9924
9893
9936
9859
9973
9938
9956
9985
9887
9977
9902
9797
9928
9995
9968
9974
9809
9893
9913
9898
9933
9992
9990
9912
9878
9907
9890
9941
9889
9923
9983
9932
9932
9944
9922
9893
9893
9947
9923
9925
9901
9845
9912
9904
9814
9931
9889
9993
9982
9978
9950
9953
9991
9998
9998
9962
9859
9904
9969
9923
9881
9845
9919
9954
9914
9958
9957
9991
9902
9964
9983
9919
9963
9815
9833
9936
9963
9955
9869
9869
9951
9942
9879
9904
9862
9857
9890
9887
9921
9959
9890
9828
9769
9913
9962
9933
9906
9910
9979
9924
9935
9942
9895
9957
9909
9880
9821
9994
9938
9862
9910
9918
9918
9978
9845
9924
9964
9908
9856
9912
9788
9943
9979
9964
9930
9891
9938
9996
9908
9955
9940
9908
9999
9874
9914
9929
9939
9931
9953
9986
9915
9978
9981
9999
9933
9934
9872
9958
9875
9941
9873
9853
9891
9925
9919
9940
9942
9844
9926
9849
9956
9842
9971
9998
9827
9993
9877
9901
9893
9887
9994
9940
9890
9912
9946
9797
9879
9843
9891
9988
9946
9867
9959
9938
9956
9925
9835
9888
9993
9828
9865
9916
9939
9872
9849
9935
9955
9955
9959
9972
9945
9920
9909
9835
9942
9999
9913
9919
9884
9872
9890
9844
9919
10000
9912
9810
9956
9911
9937
9936
9967
9919
9887
9961
9986
9941
9985
9871
9808
9923
9952
9927
9953
9979
9986
9885
9950
9903
9996
9942
9829
10000
9815
9943
9914
9895
9947
9906
9900
9814
9965
9920
9931
9854
9968
9938
9917
9999
9994
9921
9908
9874
9928
9957
9918
9941
9965
9913
9830
9997
9908
9900
9945
9962
9998
9881
9862
9936
10000
9925
9896
9961
9994
9978
9935
9939
9954
9909
9911
9940
9841
9789
9968
9875
9934
9962
9918
9873
9782
9961
9918
9997
9962
9976
9992
9942
9873
9934
9999
9906
9999
9886
9989
9873
9988
9868
9943
9954
9953
9921
9995
9992
9999
9904
9973
9961
9898
9925
9926
9940
9898
9920
9976
9839
9901
9944
9887
9961
9945
9892
9948
9948
9936
9999
9993
9951
9995
9995
9979
9951
9949
9825
9979
9912
9930
9881
9866
9872
9909
9972
9999
9994
9958
9911
9956
9883
9978
9876
9950
9931
9949
9959
9849
9987
9989
9914
9901
9982
9945
9904
9900
9972
9970
9930
9922
9777
9933
9811
9885
9907
9860
9886
9897
9998
9938
9736
9933
9909
9839
9937
9848
9934
9792
9945
9829
9932
9902
9915
9976
9932
9829
9913
9817
9858
9902
9894
9829
9895
9894
9968
9983
9881
9919
9891
9955
9836
9870
9909
9969
9847
9949
9973
9881
9917
9917
9833
9930
9907
9873
9916
9913
9961
9906
9905
9900
9958
9885
9991
9865
10000
9665
9865
9847
9915
9902
9927
9931
9853
9894
9993
9881
9950
9888
9786
9833
9914
9918
9863
9882
9889
9881
9984
9952
9914
9906
9940
9922
9825
9967
9952
10000
9978
9996
9893
9881
9905
9799
9937
9922
9961
9987
9958
9924
9937
9951
9875
9933
9812
9987
9788
9781
9983
9870
9976
9992
9886
9808
9963
9870
9906
9906
9899
9964
9927
9915
9996
9990
9971
9731
9922
9811
9949
9928
9998
9792
9873
9908
9976
9899
9985
9928
9914
9872
9868
9943
9767
9821
9882
9948
9835
9975
9720
9844
9999
9975
9970
9965
9961
9944
9829
9935
9915
9883
9825
9871
9900
9921
9955
9996
9930
9992
9881
9833
9896
9908
9979
9942
9992
9945
9920
9920
9863
9954
9899
9766
9940
9876
9855
9940
9886
9955
9862
9907
9885
9976
9825
9924
9884
9909
9864
9906
9918
9908
9857
9879
9995
9960
9954
9990
9932
9985
9934
9974
9999
9941
9889
9863
9893
9901
9958
9879
9895
9877
9915
9963
9917
9838
9929
9954
9851
9967
9936
9859
9855
9992
9970
9949
9887
9932
9903
9903
9975
9952
9940
9955
9900
9995
9961
9761
9890
9928
9926
9922
9891
9868
9902
9952
9819
9938
9979
9896
9955
9974
9807
9992
9964
9802
9953
9923
9942
9914
9834
9939
9869
9781
9829
9888
9856
9925
9909
9882
9805
9868
9978
9900
9923
9882
9933
9998
9949
9885
9837
9967
9862
9913
9995
9879
9934
9946
9882
9952
9930
9919
9985
9997
9946
9939
9951
9944
9920
9951
9862
9885
9920
9962
9935
9862
9877
9995
9737
9920
9996
9899
9962
9975
9932
9832
9773
9944
9921
9925
9969
9937
9913
9994
9887
9984
9960
9873
9767
9974
10000
9855
9836
9933
9933
9772
9971
9887
9948
9860
9985
9884
9862
9954
9983
10000
9923
9860
9880
9892
9977
9958
9949
9925
9988
9940
9890
9929
9905
9947
9977
9959
9988
9915
9711
9955
9941
9897
10000
9999
9986
9939
9943
9947
9963
9908
9985
9860
9949
9882
9915
9921
9942
9843
9942
9827
9941
9917
9983
9887
9883
9817
9846
9981
9882
9936
9879
9920
9930
9799
9981
9926
9889
9929
9914
9895
9885
9948
9883
9820
9977
9872
9986
9998
9932
9894
9998
9996
9958
9859
9897
9966
9896
9974
9949
9868
9922
9991
9922
9937
9883
9931
9826
9887
9971
9934
9849
9922
9933
9915
9988
9844
9856
9942
9984
9978
9872
9975
9925
9965
9920
9995
9941
9927
9992
9893
9862
9882
9972
9966
9967
9939
9829
9899
9855
9940
9999
9900
9898
9896
9888
9887
9968
9979
9919
9821
9882
9960
9952
