9923
9901
9980
9865
9894
9954
9967
9892
9891
9981
9796
9955
9975
9921
9998
9881
9955
9926
9923
10000
9803
9944
9914
9933
9984
9997
9895
10000
9889
10000
9854
9839
9986
10000
10000
9949
9957
9932
9941
9904
9987
9909
9926
9947
9904
9838
9926
9991
9884
9857
9999
9993
9994
9953
9979
9895
9960
9815
9890
9892
9939
9872
9997
9921
9877
9791
9964
9893
9870
9927
9882
9883
9971
9991
9959
9911
9980
9975
9861
9901
9876
9872
9904
9956
9915
9964
10000
9835
9907
9921
9954
9991
9934
9950
9809
9812
9775
9930
9908
9920
9948
9866
9944
9940
9842
9839
9963
9963
9975
9919
9821
10000
9956
9892
9934
9955
9921
9973
9983
9919
9912
9955
9894
9922
9885
9945
9922
9891
9865
9941
9927
9952
9997
9996
9957
9965
9862
9894
9882
9946
9839
9946
9927
9941
9929
9960
9926
9903
9926
9918
9699
9903
9982
10000
9899
9946
9997
9985
9890
9976
9874
9966
9971
9987
9943
9974
9839
9968
9870
9953
9893
9958
9877
9923
9848
9987
9901
9876
10000
9877
9792
9948
9916
9998
9946
9826
9883
9978
9929
9953
9895
9898
9798
10000
9815
10000
9692
9907
9986
9936
9969
9956
9849
9764
9972
9794
9761
9902
9952
9997
9864
9860
9993
9937
9798
9906
9929
9960
9994
9983
9865
9858
9913
9977
10000
9854
9981
9981
9935
9913
9837
9966
9924
9946
9995
9923
9967
9947
9971
9891
9989
9878
9898
9967
9932
9921
10000
9892
9998
9947
9963
9862
9947
9810
9911
9778
9899
9933
9909
9923
9859
9904
9998
9872
9806
9851
10000
9908
9995
10000
9784
9917
10000
9989
9909
9898
9839
9821
9961
9892
9969
9934
9845
9888
9922
9838
9967
9889
9961
9924
9911
10000
9933
9994
9940
9942
9890
9932
9995
9999
9820
9977
10000
9927
9952
9916
9954
9947
9811
9901
9999
9965
9882
9853
9978
9874
9916
9792
9999
9920
9964
9964
9973
9956
9949
9932
9921
9957
9859
9862
9885
9968
9934
9973
9882
9909
9828
9909
9858
9808
9879
9960
9900
9982
9876
9960
10000
9991
9850
9918
9942
9935
9992
9935
9763
9937
9977
9949
9979
9810
9967
9906
9846
9917
9967
9699
9992
9878
9922
9918
9984
9952
9974
9932
9918
10000
9846
9849
9997
9887
9787
9953
9846
9917
9817
9956
9953
9885
9919
9922
9823
9993
9918
9930
9999
9951
9892
9766
9852
9879
9949
9853
9712
9919
9985
9893
9902
9830
9889
9913
9799
9879
9835
9867
10000
9794
9889
9999
9931
9993
9872
9932
9942
9951
9875
9955
9983
9951
9971
9948
9943
9889
9996
9896
9856
9850
9967
9953
9872
9960
9928
9909
9881
9999
9861
9986
9953
9865
9932
9996
9878
10000
9764
9957
9902
10000
9991
9903
9909
9969
9938
9836
9931
9915
10000
9864
9845
9916
9879
9896
9907
9994
9940
9985
9783
9987
9827
9899
9843
9844
9983
10000
9893
9966
9992
9938
9955
9882
9848
9829
9930
9981
9864
9851
9927
9797
9913
10000
9973
9947
9902
9970
9915
9816
9955
9964
9903
9937
9992
9885
9786
9950
9880
9893
9980
9937
9878
9999
9919
9923
9896
9950
9830
9999
9973
9904
9956
9851
9994
9893
9945
9970
9920
9921
9998
9991
9915
9972
9809
9937
9911
9970
9955
9912
9977
9962
9942
9915
9904
9866
9927
9814
9978
9986
9868
9978
9907
9977
9913
9947
9946
9905
9918
9991
9831
9997
9895
9907
9903
9962
9881
9997
9859
9950
9925
9900
9837
9744
9982
9963
9885
9908
9787
9938
9966
9968
9932
9727
9985
9824
9891
10000
9885
9974
9886
9928
9979
9833
9888
9771
9871
9914
9909
9972
9997
9902
9886
9904
9944
9958
9984
9985
9866
9988
9640
9961
9876
9978
9817
9910
9995
9935
9943
9887
9704
10000
9947
9960
9899
9993
9909
9873
9864
9841
9894
9984
9897
9937
9925
9892
9955
9939
9893
9976
9927
9967
9829
9935
9994
9964
9964
9749
9921
9920
9977
9996
9966
9939
9912
9936
9984
9960
9947
9944
9903
9815
9872
9885
9906
9961
9985
9999
9996
9953
9923
9909
9965
9905
9973
9804
9962
9938
9917
9849
9821
9835
9968
9915
9926
9945
9900
9974
9846
9926
9930
9935
9987
9916
9954
9978
9904
9927
9852
9774
9927
9986
9772
9873
9929
9992
9987
9709
9940
9751
9960
9954
9838
9939
9841
9950
9935
9932
9960
9740
9997
9974
9818
9913
9908
9999
9879
9980
9914
9984
9921
9872
9949
9914
9932
9938
9876
9913
9927
9843
9810
9831
9930
9893
9742
9949
9872
9862
9993
9925
9919
9992
9988
9952
9995
9986
9997
9931
9960
9876
9961
9997
9904
9827
9695
9902
9848
9877
9984
9969
9986
9925
9953
9950
9823
9860
9866
9880
9974
9976
9908
9871
9954
9915
9932
9971
9944
9937
9926
9862
9897
9714
9997
9891
9938
9745
9905
9880
9945
9865
9926
9957
9948
9994
9897
9969
9863
9893
9862
9947
9910
9893
9937
9934
9925
9975
9983
9907
9856
9861
9832
9966
9901
9905
9989
9806
9882
9818
9931
9962
9909
9923
9946
9924
9886
9925
9930
9767
9888
9990
9790
9944
9905
9930
9963
9993
9943
9881
9939
9970
9958
9967
9912
9934
9920
9943
9991
10000
9971
9899
9809
9926
9879
9981
9883
9945
9894
9860
9873
9870
9918
9925
9982
9964
9946
9817
9856
9901
9964
9877
9927
9904
9998
9820
9903
9997
9848
9906
9989
9947
9900
9924
9884
9904
9888
9982
9996
9891
9966
9998
9966
9972
9962
9941
9902
10000
9910
9854
9935
9891
9884
9883
9878
9954
9883
9896
9919
9915
9988
9940
9994
9856
9961
10000
9987
9811
9936
9998
9977
9953
9943
9862
9836
9870
9988
9923
9894
9931
9850
9999
9897
9944
9916
10000
9832
9863
9843
9815
9937
9853
9926
10000
9941
9906
9973
9900
9789
9868
9948
9827
9990
9928
9931
9903
9954
9936
9806
9919
9916
9961
9932
9827
9885
9940
9987
9992
9864
9996
9835
9915
9709
9954
9913
9996
9987
9936
9998
9885
9961
9981
9995
9786
9827
9968
9968
9875
