9937
9999
9984
9870
9974
9975
9933
9955
9823
9994
9896
9960
9935
9949
9817
9928
9935
9885
9943
9887
9841
9905
9856
9941
9950
9917
9857
9917
9928
9872
9940
9937
9939
9996
9774
9935
9766
9913
9822
9985
9797
9835
9897
9925
9981
9761
9896
9866
9920
9959
9998
9924
9915
9877
9884
9930
9984
9843
9929
9904
9968
9925
9915
9813
9929
9966
9790
9838
9846
9918
9952
9851
9934
9733
9942
9935
9836
9967
9937
9936
9901
9798
9931
9914
9934
9925
9902
9791
9929
9732
9874
9901
9770
9860
9929
9934
9946
9951
9908
9823
9925
9921
9944
9769
9946
9950
9937
9968
9873
9952
9890
9923
9884
9906
9923
9947
9787
9884
9852
9875
9960
9954
9957
9846
9897
9930
9901
9885
9903
9964
9844
9902
9914
9912
9893
9869
9886
9878
9886
9845
9922
9941
9933
9931
9993
9887
9939
9932
9930
9958
9925
9885
9910
9834
9830
9972
9910
9956
9993
9873
9913
9957
9945
9909
9930
9934
9917
9943
9814
9920
9868
9790
9825
9873
9828
9851
9882
9874
9900
9958
9924
9890
9866
9948
9907
9972
9894
9918
9934
9905
9866
9848
9884
9968
9913
9835
9998
9880
9940
9908
9898
9838
9949
9959
9877
9839
9896
9812
9923
9862
9924
9984
9792
9937
9901
9903
9758
9958
9947
9957
9998
9970
9775
9942
9980
9945
9925
9975
9869
9821
9938
9964
9929
9828
9922
9989
9944
9930
9846
9838
9921
9912
9926
9943
9940
9934
9779
9887
9884
9833
9792
9942
9956
9885
9940
9872
9994
9808
9963
9924
9938
9977
9935
9906
9966
9893
9931
9881
9911
9934
9948
9936
9883
9878
9866
9947
9908
9947
9972
9973
9927
9961
9901
9963
9999
9922
9855
9946
9851
9961
9936
9961
9979
9882
9786
9892
9747
9834
9882
9907
9960
9871
9935
9942
9835
9900
9974
9968
9835
9986
9940
9926
9714
9824
9883
9851
9989
9896
9909
9905
9885
9893
9911
9899
9896
9829
9971
9965
9975
9965
9817
9939
9972
9814
9955
9950
9926
9883
9926
9901
9974
9992
9907
9988
9892
9842
9896
9909
9915
9932
9983
9951
9942
9849
9838
9891
9962
9874
9957
9855
9958
9936
9922
9993
9795
9961
9833
9968
9817
9910
9947
9913
9859
9925
9864
9939
9936
9921
9835
9885
9933
9974
9864
9966
9814
9707
9972
9983
9936
9884
9930
9994
9844
9927
9903
9942
9862
9981
9912
9893
9936
9845
9910
9916
9817
9958
9981
9879
9922
9796
9980
9787
9749
9901
9886
9931
9938
9926
9732
9851
9877
9989
9903
9927
9902
9877
9937
9976
9914
9936
9943
9996
9916
9928
9846
9851
9879
9903
9985
9925
9759
9948
9945
9838
9897
9854
9997
9972
9957
9870
9935
9941
9826
9919
9948
9922
9865
9895
9799
9869
9891
9923
9774
9958
9959
9965
9962
9867
9832
9974
9901
9993
9921
9755
9947
9910
9860
9996
9805
9916
9911
9877
9970
9884
9859
9969
9819
9975
9808
9860
9901
9951
9966
9849
9759
9907
9933
9838
9917
9919
9903
9896
9917
9851
9876
9980
9925
9983
9875
9881
9950
9900
9925
9971
9771
9915
9874
9875
9900
9933
9959
9930
9919
9863
9867
9939
9873
9933
9956
9804
9832
9888
9946
9942
9937
9840
9918
9928
9864
9901
9901
9954
9868
9891
9967
9867
9843
9996
9822
9901
9924
9861
9916
9953
9872
9847
9932
9959
9833
9988
9927
9884
9993
9968
9876
9932
9881
9983
9878
9811
9952
9977
9968
9873
9966
9813
9907
9886
9943
9891
9969
9749
9873
9893
9782
9844
9861
9823
9941
9931
9840
9843
9871
9955
9960
9979
9838
9888
9704
9882
9942
9944
9966
9837
9932
9930
9829
9945
9884
9881
9955
9870
9896
9980
9859
9946
9925
9871
9888
9936
9815
9954
9879
9936
9945
9834
9840
9932
9934
9933
9921
9912
9781
9908
9906
9882
9948
9867
9753
9937
9930
9925
9864
9986
9939
9944
9921
9899
9944
9945
9929
9842
9913
9983
9976
9971
9930
9934
9896
9935
9914
9920
9961
9923
9968
9926
9849
9974
9894
9874
9875
9910
9838
9895
9906
9892
9992
9995
9948
9948
9912
9862
9740
9932
9960
9875
9951
9934
9869
9995
9858
9931
9841
9834
9835
9967
9864
9919
9965
9994
9890
9895
9509
9918
9912
9952
9912
9941
9964
9847
9955
9905
9906
9937
9915
9952
9900
9891
9901
9945
9863
9936
9885
9874
9903
9838
9814
9795
9918
9975
9916
9912
9942
9917
9958
9969
9971
9959
9867
9893
9998
9954
9911
9891
9820
9902
9949
9726
9953
9940
9850
9894
9940
9930
9903
9960
9932
9830
9956
9939
9929
9887
9936
9979
9919
9778
9952
9903
9895
9888
9869
9856
9952
9928
9909
9966
9944
9952
9932
9978
9885
9812
9850
9885
9952
9985
9893
9921
9873
9938
9961
9913
9866
9869
9876
9937
9945
9916
9931
9980
9945
9840
9948
9945
9953
9933
9841
9884
9871
9938
9949
9944
9908
9899
9827
9953
9950
9974
9932
9803
9916
9932
9903
9909
9860
9879
9819
9915
9842
9968
9905
9903
9884
9857
9883
9956
9970
9961
9803
9919
9927
9976
9962
9980
9893
9820
9848
9828
9917
9884
9959
9957
9992
9827
9909
9837
9964
9968
9943
9903
9942
9768
9880
9880
9851
9922
9911
9981
9964
9873
9937
9875
9975
9899
9900
9905
9974
9938
9904
9905
9947
9952
9798
9798
9923
9917
9874
9981
9818
9954
9934
9902
9988
9955
9892
9934
9857
9881
9919
9877
9874
9854
9992
9884
9931
9914
9988
9887
9860
9906
9962
9908
9934
9941
9948
9915
9865
9820
9901
9955
9890
9833
9919
9902
9979
9998
9873
9933
9922
9936
9894
9920
9974
9895
9974
9951
9854
9908
9957
9933
9942
9864
9953
9870
9898
9982
9974
9976
9934
9999
9993
9936
9917
9914
9950
9979
9940
9928
9908
9996
9933
9941
9871
9913
9915
9969
9903
9931
9962
9888
9800
9918
9861
9850
9859
9875
9890
9786
9773
9973
9957
9986
9967
9812
9853
9966
9922
9908
9938
9804
9981
9888
9907
9951
9897
9947
9904
9924
9891
9925
