9902
9928
9881
9889
9988
9945
9919
9961
9906
9935
9942
9911
9925
9844
9963
9771
9953
9863
9900
9892
9888
9963
9814
9892
9889
9972
9854
9888
9872
9925
9926
9967
9913
9857
9931
9945
9855
9737
9958
9955
9942
9871
9914
9940
9784
9901
9958
9915
9888
9869
9898
9995
9931
9854
9881
9968
9926
9984
9891
9932
9917
9914
9987
9845
9958
9964
9929
9926
9881
9946
9924
9970
9967
9863
9951
9835
9876
9795
9933
9932
9915
9829
9873
9892
9914
9881
9903
9987
9931
9912
9904
9906
9909
9831
9971
9912
9912
9904
9888
9898
9919
9940
9936
9998
9809
9953
9852
9822
9941
9944
9925
9959
9976
9934
9875
9905
9920
9930
9916
9966
9987
9945
9923
9894
9974
9857
9944
9954
9784
9995
9882
9902
9951
9989
9964
9908
9908
9983
9930
9947
9964
9908
9941
9967
9928
9969
9996
9946
9819
9962
9942
9911
9911
9900
9834
9955
9908
9770
9927
9998
9767
9906
9814
9985
9938
9843
9966
9826
9978
9873
9875
9924
9968
9825
9958
9659
9952
9973
9892
9770
9902
9787
9970
9929
9964
9878
9893
9824
9934
9945
9927
9933
9889
9957
9933
9904
9914
9907
9882
9904
9858
9903
9878
9865
9889
9960
9910
9963
9863
9917
9864
9886
9836
9942
9867
9911
9969
9943
9877
9934
9841
9830
9862
9996
9974
9825
9947
9862
9961
9902
9903
9918
9948
9890
9857
9915
9902
9878
9908
9901
9773
9883
9857
9929
9992
9944
9932
9802
9917
9964
9824
9898
9847
9979
9936
9969
9937
9890
9987
9924
9877
9959
9866
9809
9906
9916
9945
9790
9891
9909
9807
9980
9939
9811
9898
9997
9835
9938
9819
9872
9668
9907
9953
9938
9938
9955
9741
9929
9994
9940
9885
9832
9854
9839
9825
9865
9895
9858
9934
9944
9898
9937
9845
9728
9811
9935
9854
9939
9874
9883
9949
9932
9853
9954
9787
9888
9901
9879
9930
9857
9993
9943
9933
9864
9934
9925
9918
9922
9933
9883
9931
9970
9875
9953
9997
9939
9943
9881
9928
9896
9930
9952
9907
9981
9990
9878
9804
9779
9910
9933
9991
9918
9934
9919
9881
9890
9940
9881
9909
9954
9904
9885
9948
9786
9895
9851
9740
9930
9898
9853
9653
9865
9872
9775
9957
9868
9853
9983
9975
9934
9896
9944
9972
9963
9925
9879
9859
9874
9914
9894
9889
9902
9943
9976
9964
9887
9837
9904
9977
9981
9972
9970
9873
9919
9976
9929
9953
9923
9954
9899
9981
9924
9906
9899
9954
9903
9902
9823
9891
9882
9672
9879
9940
9970
9915
9942
9877
9742
9907
9813
9960
9856
9947
9908
9835
9927
9912
9925
9947
9875
9892
9863
9783
9948
9960
9919
9937
9843
9886
9907
9876
9850
9754
9952
9902
9881
9924
9877
9921
9962
9995
9929
9873
9881
9867
9786
9871
9924
9944
9901
9967
9871
9895
9968
9938
9943
9869
9822
9863
9921
9778
9931
9855
9884
9869
9988
9864
9865
9869
9932
9910
9926
9893
9791
9982
9871
9894
9887
9907
9975
9831
9994
9972
9940
9881
9883
9880
9769
9946
9970
9920
9922
9852
9944
9884
9902
9968
9946
9883
9942
9805
9970
9842
9789
9894
9853
9880
9923
9884
9772
9878
9715
9917
9914
9995
9931
9920
9941
9985
9876
9801
9867
9881
9966
9997
9827
9926
9893
9863
9909
9821
9781
9971
9954
9971
9926
9915
9853
9937
9838
9875
9938
9819
9958
9935
9929
9942
9809
9939
9959
9897
9844
9862
9954
9829
9941
9827
9956
9975
9830
9878
9927
9895
9860
9933
9972
9953
9844
9929
9919
9931
9934
9928
9907
9892
9862
9902
9901
9973
9818
9831
9970
9943
9803
9902
9940
9887
9822
9944
9928
9841
9944
9916
9935
9886
9866
9959
9849
9939
9963
9858
9920
9915
9996
9888
9885
9941
9940
9891
9966
9943
9910
9970
9872
9776
9896
9991
9918
9959
9881
9949
9978
9888
9777
9934
9871
9720
9822
9892
9802
9903
9896
9985
9857
9940
9819
9920
9886
9964
9905
9944
9958
9953
9909
9962
9961
9767
9952
9862
9893
9916
9805
9896
9891
9870
9893
9951
9917
9913
9796
9981
9931
9808
9809
9974
9876
9879
9962
9891
9888
9855
9904
9939
9912
9948
9911
9882
9835
9865
9899
9776
9933
9896
9997
9900
9806
9953
9841
9813
9878
9726
9990
9921
9953
9936
9781
9989
9871
9955
9863
9786
9968
9905
9901
9896
9934
9998
10000
9922
9899
9942
9820
9962
9867
9945
9937
9918
9908
9961
9895
9942
9934
9849
9934
9855
9883
9873
9963
9913
9890
9832
9931
9975
9898
9984
9893
9906
9853
9901
9954
9922
9913
9875
9989
9911
9970
9973
9960
9930
9906
9911
9880
9950
9886
9887
9812
9928
9902
9926
9971
9966
9873
9914
9949
9882
9827
9975
9913
9913
9872
9933
9936
9934
9881
9931
9985
9953
9839
9912
9996
9962
9957
9871
9937
9937
9963
9800
9864
9935
9876
9871
9869
9906
9900
9897
9947
9949
9922
9931
9933
9914
9912
9822
9950
9924
9866
9930
9944
9946
9939
9907
9964
9919
9947
9903
9932
9932
9912
9915
9815
9901
9822
9952
9973
9963
9911
9897
9871
9910
9942
9993
9888
9960
9965
9835
9958
9944
9937
9969
9889
9822
9835
9829
9787
9908
9964
9718
9909
9821
9995
9907
9909
9884
9914
9884
9891
9752
9937
9928
9888
9899
9940
9940
9901
9966
9903
9869
9837
9883
9960
9932
9909
9944
9789
9862
9745
9909
9877
9874
9836
9857
9922
9869
9740
9960
9959
9860
9903
9831
9958
9949
9863
9876
9930
9941
9958
9990
9877
9871
9897
9968
9856
9902
9992
9930
9969
9859
9955
9923
9948
9927
9897
9907
9847
9759
9754
9819
9850
9873
9950
9776
9929
9934
9907
9796
9893
9839
9866
9893
9883
9947
9882
9880
9893
9885
9934
9937
9954
9905
9934
9917
9795
9938
9832
9775
9906
9936
9865
9961
9924
9935
9859
9906
9863
9883
9886
9851
9954
9853
9856
9838
9822
9952
9856
9952
9990
9883
9959
9922
9988
9878
9930
9883
9969
10000
9938
9926
9710
9900
9863
