10000
9935
9950
9897
9765
9899
9892
9931
9899
9963
9913
9940
9992
9912
9906
9878
9958
9997
9897
9971
9904
9859
9981
9929
9893
9808
9940
9956
9964
9942
9945
9948
9892
9933
9879
9834
9931
9935
9676
9907
9832
9893
9969
9955
9969
9948
9888
9956
9686
9912
9950
9890
9895
9869
9876
9944
9939
9912
9913
9940
9865
9914
9926
9948
9922
9844
9934
9893
9955
9944
9975
9943
9956
9954
9966
9893
9790
9774
9894
9880
9933
9959
9823
9946
9891
9907
9951
9854
9943
9863
9900
9661
9934
9865
9919
9886
9912
9927
9924
9824
9939
9839
9862
9960
9894
9967
9934
9989
9934
9892
9878
9923
9863
9804
9962
9913
9920
9972
9938
9778
9916
9914
9930
9945
9881
9898
9923
9807
9791
9901
9804
9949
9933
9876
9882
9902
9958
9936
9922
9936
9843
9990
9856
9819
9916
9935
9930
9949
9941
9869
9930
9910
9780
9865
9935
9933
9850
9809
9960
9891
9922
9956
9860
9904
9851
9913
9873
9883
9985
9873
9911
9862
9917
9910
9986
9888
9930
9918
9965
9903
9863
9891
9831
9939
9899
9902
9989
9760
9839
9871
9949
9880
9930
9827
9906
9863
9984
9962
9885
9856
9944
9838
9838
9952
9910
9665
9940
9930
9960
9906
9891
9951
9983
9710
9945
9955
9775
9839
9902
9821
9840
9896
9943
9946
9930
9942
9925
9824
9890
9952
9902
9964
9931
9882
9956
9926
9914
9894
9963
9892
9895
9933
9924
9906
9925
9930
9976
9913
9868
9930
9938
9902
9861
9891
9959
9987
9943
9974
9929
9944
9951
9950
9923
9974
9987
9957
9968
9791
9902
9962
9885
9853
9976
9808
9875
9934
9815
9867
9864
9898
9817
9952
9844
9986
9962
9883
9921
9909
9864
9867
9862
9921
9940
9939
9859
9855
9942
9926
9913
9935
9812
9946
9948
9753
9931
9885
9878
9964
9921
9996
9940
9954
9882
9899
9789
9870
9965
9891
9881
9858
9996
9898
9853
9973
9803
9917
9896
9921
9868
9811
9922
9946
9894
9941
9913
9937
9969
9956
9925
9844
9989
9916
9914
9999
9933
9806
9910
9916
9990
9895
9945
9935
9898
9899
9889
9994
9901
9916
9869
9941
9882
9960
9955
9929
9904
9903
9873
9943
9934
9820
9858
9797
9894
9945
9922
9873
9869
9888
9890
9902
9890
9941
9919
9781
9992
9803
9984
9918
9928
9844
9897
9913
9972
9948
9857
9901
9899
9896
9951
9843
9961
9954
9868
9982
9820
9995
10000
9741
9905
9993
9959
9910
9907
9935
9992
9868
9906
9974
9866
9985
9927
9939
9785
9905
9906
9943
9874
9807
9920
9821
9885
9924
9953
9795
9767
9855
9894
9898
9940
9950
9937
9949
9835
9915
9945
9968
9810
9961
9880
9965
9871
9953
9898
9938
9906
9935
9968
9976
9956
9910
9931
9958
9955
9910
9875
9899
9861
9862
9800
9909
9967
9798
9873
9975
9920
9835
9890
9898
9703
9995
9898
9908
9942
9888
9939
9897
9906
9934
9880
9914
9903
9948
9965
9916
9871
9919
9902
9935
9825
9902
9941
9835
9959
9823
9871
9946
9839
9921
9874
9887
9923
9874
9912
9985
9951
9860
9929
9910
9960
9985
9877
9954
9895
9860
9938
9893
9991
9947
9940
9973
9907
9831
9933
9824
9917
9885
9924
9933
9988
9842
9892
9905
9999
9925
10000
9928
9793
9935
9876
9886
9946
9794
9961
9918
9872
9967
9938
9962
9893
9936
9812
9888
9961
9940
9924
9796
9779
9828
9952
9948
9826
9930
9911
9889
9998
9944
9826
9939
9876
9899
9943
9890
9841
9969
9951
9933
9931
9962
9949
9866
9855
9961
9898
9848
9880
9891
9855
9957
9913
9857
9808
9955
9967
9879
9936
9877
9973
9869
9885
9912
9893
9930
9792
9895
9829
9947
9951
9918
9947
9960
9848
9987
9932
9898
9968
9807
9830
9953
9908
9871
9913
9881
9894
9925
9957
9882
9942
9944
9973
9985
9947
9897
9886
9850
9938
9794
9928
9902
9925
9974
9925
9898
9999
9863
9957
9891
9911
9950
9886
9923
9977
9798
9909
9910
9952
9935
9853
9845
9935
9886
9919
9847
9915
9957
9952
9882
9972
9923
9845
9921
9959
9921
9961
9874
9905
9925
9856
9847
9962
9679
9939
9971
9910
9861
9783
9925
9810
9899
9993
9961
9897
9864
9912
9936
9893
9962
9875
9967
9956
9825
9890
9920
9876
9889
9947
9770
9955
9943
9813
9933
9882
9951
9814
9847
9904
9945
9860
9911
9969
9941
9855
9883
9977
9946
9882
9864
9900
9906
9784
9977
9945
9862
9948
9943
9930
9877
9933
9826
9855
9879
9915
9867
9960
9931
9867
9958
9927
9884
9952
9811
9950
9944
9852
9849
9901
9880
9878
9900
9914
9984
9805
9913
9726
9871
9883
9902
9764
9877
9932
9969
9861
9884
9969
9844
9989
9877
9894
9938
9897
9972
9921
9883
9985
9934
9876
9919
9923
9863
9967
9918
9762
9822
9927
9913
9923
9907
9929
9881
9931
9725
9909
9874
9935
9918
9953
9923
9904
9919
9795
9924
9837
9898
9855
9929
9988
9927
9912
9905
9978
9898
9935
9896
9873
9938
9941
9970
9898
9836
9830
9908
9841
9866
9987
9895
9975
9908
9919
9894
9928
9938
9980
9826
9908
9964
9999
9854
9919
9884
9904
9899
9905
9970
9818
9847
9924
9960
9952
9958
9889
9896
9887
9882
9901
9943
9889
9871
9873
9744
9946
9890
9852
9866
9778
9888
9970
9949
9867
9930
9937
9827
9912
9922
9910
9909
9881
9864
9929
9824
9900
9915
9842
9984
9920
9926
9990
9916
9928
9872
9919
9943
9887
9949
9953
9834
9887
9981
9884
9844
9987
9864
9862
9839
9846
9860
9802
9884
9886
9893
9849
9900
9813
9884
9891
9908
9904
9894
9949
9929
9936
9989
9893
9869
9945
9926
9961
9949
9847
9874
9855
9919
9907
9993
9948
9962
9897
9878
9892
9929
9977
9958
9778
9902
9897
9811
9913
9770
9874
9893
9893
9910
9861
9942
9981
9998
9919
9856
9924
9853
9946
9924
9910
9905
9876
9947
9809
9913
9928
9925
9922
9844
9944
9923
9970
9883
9899
9888
9919
9800
9920
9686
