9989
9873
10000
9920
9927
9934
9796
9961
9887
9996
9929
9871
9835
9991
9936
9929
9997
9996
9990
9982
9947
9998
9988
9785
10000
10000
9914
9989
9849
9997
9847
9874
9883
9881
9981
9897
9907
9935
9961
9812
9906
9919
10000
9860
9739
9895
9938
9995
9968
9962
9965
9966
10000
9980
10000
9931
10000
9966
9943
9924
9964
9943
9912
9946
9981
9999
9971
9989
9976
9856
9856
9942
9973
9949
9991
9922
9993
9915
10000
10000
9899
9986
9973
9921
10000
9982
10000
9997
9966
9908
9963
9888
9931
9902
9909
9996
9970
9885
9988
9969
9862
9817
9872
9863
9979
9977
9987
10000
9998
9946
10000
9998
9933
9955
9935
9871
9886
9970
9974
9978
9971
9908
9942
9901
9933
9746
9968
9994
9934
9842
9903
9852
9780
9935
9893
9990
9996
9895
9831
9895
9889
9954
9710
9871
9992
9780
9922
9997
9960
9995
9898
9986
9993
9875
9966
9882
9992
9944
9983
10000
9971
9993
9857
9883
9918
9999
9999
9868
9882
9863
9971
9941
9955
9925
9985
9999
9818
9999
9981
9857
9981
9917
9973
9884
9970
9972
10000
9984
9897
9869
9985
9958
9966
9944
9999
9831
9956
9966
9919
9929
9771
9996
9991
9950
9923
9928
9996
9911
9912
9978
9894
10000
9860
9931
9943
9828
9907
9968
9896
9944
9834
9978
10000
9904
9960
9909
9946
9973
9954
9928
9935
9901
10000
9883
9914
9934
9971
9914
9892
9994
9979
9990
9881
10000
9922
9945
9938
9974
9813
9953
9988
9999
10000
9956
9957
9897
9885
9917
9942
9877
9965
9919
9865
9813
9907
9938
9890
9734
9940
9976
9930
9945
10000
9889
9992
9800
10000
9822
9845
9936
9876
9990
9887
9975
9858
9908
9923
9987
9992
10000
9986
9923
9890
9957
9994
9997
9955
9824
9907
10000
9935
9915
9820
9955
9980
9978
9994
9954
9913
9959
9962
9875
9923
9997
9990
9952
9920
9863
9827
9986
10000
9997
9961
10000
9579
9878
9904
9999
9983
9970
9879
9934
9990
9947
9953
9936
9978
9892
9959
9900
9828
9917
9867
9983
9977
9926
9947
9917
9845
9987
9945
9926
9976
9979
10000
9924
10000
9999
9953
9939
9938
9995
10000
9994
9971
10000
9949
9911
10000
9899
10000
9887
9910
9902
9905
9998
9984
9995
9922
9959
9949
9952
9993
9993
9952
10000
9890
9925
9982
9895
9904
9826
9910
9952
10000
9967
9999
9889
9939
9961
9982
9934
9998
9937
9933
9735
9895
9815
9970
9823
9976
9980
9842
9988
9942
9956
9995
9975
9973
9937
9978
9924
9881
9862
9992
9949
9868
9881
9895
9910
9969
9999
9982
9996
9891
9999
9997
9869
9933
9946
9945
9963
9964
9943
9892
9885
9977
9958
10000
9993
10000
9791
9899
9883
9956
9879
9942
9916
9997
9946
9883
9971
9832
9932
9873
9948
9853
9860
9986
9893
9785
9942
9989
9853
9996
9969
9994
9933
10000
9932
9942
9999
9911
9968
9987
9945
9999
9997
9990
9903
9876
9999
9963
9937
9978
9987
9979
9955
9982
9797
9926
9727
9959
9997
9967
9977
9950
9991
9929
9988
9956
9916
9832
9911
9967
9991
9881
9887
9992
9956
9957
9982
9928
9914
9991
9922
9966
9995
9921
9941
9888
9982
9896
9953
10000
10000
9999
9988
9920
9976
9885
9991
9861
9912
9936
9965
9926
9956
9897
9991
9928
9980
9939
9955
9931
9914
9980
9945
9956
9967
9951
9962
9999
9906
9929
9909
9999
9899
9967
9875
9892
9912
9759
9984
9947
9980
9984
9971
9921
9960
9990
9913
9936
9942
10000
9962
9923
10000
9890
9993
9966
9892
9973
9970
9780
9964
9863
9889
9993
9830
10000
9907
9872
9951
9999
9973
10000
9888
9954
9933
9953
9893
10000
9903
9876
9946
9999
9872
9949
9850
9898
9905
9974
9893
9922
9945
9921
9917
9974
9955
9839
9975
9934
9876
9953
9966
9919
9891
9996
9867
9860
9969
9926
9949
9944
10000
9999
9912
9943
9973
9926
9884
9901
9976
9842
9936
9987
9941
9866
9935
9890
9967
9880
9996
9970
9857
9992
9911
10000
9911
10000
9921
9957
9946
9981
9868
9909
9924
9941
9929
9991
9959
9945
9856
9880
9957
9939
9875
9951
9874
9781
9916
9985
9998
9898
9980
9931
9933
9884
9889
9965
9838
9871
9753
9999
9992
9994
9984
9908
9878
9980
9818
9991
9889
9980
9923
9871
9998
9926
9689
9903
9880
9948
9998
9990
9868
9928
9969
9835
10000
9972
9942
9971
9925
9901
9847
9971
9946
9989
9892
9925
9968
9959
9847
9892
9983
9921
9937
9976
9941
9864
9896
9913
9899
9977
9999
9827
9954
9960
9942
9949
9992
9826
9997
9945
9998
9949
9908
9876
9962
9996
9925
9995
9970
9849
9999
9857
9999
9886
9798
9996
9909
9833
9923
9911
9998
9921
9930
9927
9964
9920
9853
10000
9990
9842
9998
9952
9911
9966
9994
9889
9971
9955
9969
9890
9861
9998
9992
9998
9818
9938
9799
9964
9981
9915
9962
9909
9949
9990
9927
9837
9958
9964
9993
9837
9927
9886
9945
9853
9991
9961
9846
9998
9999
9941
9927
9997
9961
9871
9958
9939
9974
9979
9867
9923
9940
9904
9891
9942
9992
9922
9928
9791
9949
9916
9999
9906
9900
9947
9894
9997
9910
9993
9953
9988
9925
10000
9901
9954
10000
9933
9819
9993
9926
9976
9962
10000
9992
9961
9999
9889
9909
9990
9981
9838
9987
9993
9882
9949
9902
10000
9856
9957
9999
9834
9994
9959
9983
9988
9897
9896
9799
9968
9886
9999
9862
9914
9920
9960
9996
9873
9845
9921
9896
9952
9845
9798
9953
9982
10000
9956
9845
9894
9963
9774
9833
9946
9959
10000
9938
9968
9997
9922
9945
9999
9993
9921
9839
9975
9984
10000
9986
9931
9963
9967
9986
9987
9814
9949
9947
9988
9957
9967
9834
9775
9995
9967
9987
9948
9996
9800
9973
9994
9912
9980
10000
9887
9865
9980
9844
9900
9946
9999
9795
9893
9794
9866
10000
9995
9951
9924
9999
9959
9975
9915
9956
9834
9987
9989
9973
9932
9999
10000
9899
9916
9890
9938
9997
9900
9957
