9956
9927
9974
9893
9946
9944
9950
9982
9952
9956
9948
9957
9798
9945
9821
9926
9837
9918
9875
9814
9899
9734
9937
9878
9905
9857
9832
9913
9885
9965
9962
9922
9879
9975
9962
9834
9934
9941
9899
9967
9729
9994
9902
9973
9934
9938
9965
9914
9907
9933
9864
9962
9957
9943
9880
9937
9917
9948
9878
9888
9998
9897
9875
9966
9848
9871
9830
9885
9845
9922
9908
9942
9896
9999
9880
9845
9750
9911
9938
9922
9903
9854
9957
9837
9851
9994
9816
9946
9881
9869
9938
9957
9870
9960
9921
9968
9954
9902
9955
9937
9734
9873
9862
9926
9936
9896
9873
9849
9937
9895
9919
9791
9865
9926
9968
9914
9818
9927
9924
9915
9959
9955
9917
9852
9922
9932
9867
9876
9913
9916
9930
9907
9877
9878
9895
9910
9746
9977
9944
9967
9896
9928
9912
9912
9946
9916
9952
9928
9943
9927
9900
9917
9968
9902
9989
9970
9973
9816
9910
9969
9995
9784
9849
9904
9951
9906
9920
9974
9956
9964
9873
9920
9850
9815
9889
9998
9855
9901
9913
9948
9877
9999
9903
9967
9876
9805
9988
9929
9909
9839
9809
9902
9936
9937
9979
9941
9924
9986
9764
9898
9889
9825
9903
9892
9891
9917
9922
9888
9918
9899
9811
9997
9928
9850
9960
9920
9894
9923
9967
9818
9926
9931
9950
9935
9996
9952
9905
9775
9887
9907
9949
9924
9931
9948
9864
9943
9932
9961
9929
9908
9853
9788
9965
9808
9931
9940
9886
9961
9837
9958
9857
9964
9872
9853
9954
9861
9837
9996
9921
9950
9951
9874
9950
9961
9931
9889
9837
9922
9970
9969
9849
9909
9892
9869
9938
9859
9969
9992
9813
9977
9909
9907
9907
9951
9910
9994
9959
9956
9891
9953
9864
9772
9941
9853
9883
9835
9898
9894
9944
9943
9839
9924
9983
9918
9909
9885
9997
9851
9935
9914
9966
9805
9948
9886
9996
9828
9951
9867
9802
9805
9987
9860
9957
9825
9956
9862
9843
9882
9795
9937
9946
9961
9867
9955
9951
9980
9893
9877
9890
9929
9855
9925
9946
9877
9873
9859
9951
9928
9876
9904
9958
9883
9880
9866
9900
9909
9926
9919
9908
9832
9902
9814
9892
9971
9850
9796
9952
9832
9936
9908
9960
9990
9862
9849
9901
9969
9978
9957
9943
9957
9945
9895
9923
9909
9895
9852
9915
9974
9816
9921
9931
9966
9754
9881
9848
9932
9878
9848
9960
9925
9840
9931
9867
9927
9965
9859
9714
9925
9971
9952
9894
9963
9866
9956
9801
9830
9801
9939
9947
9941
9943
9857
9965
9996
9875
9813
9916
9927
9942
9927
9885
9900
9960
9915
9938
9957
9865
9956
9908
9952
9958
9825
9918
9953
9895
9909
9852
9984
9995
9743
9968
9911
9819
9799
9923
9909
9935
9966
9876
9880
9783
9949
9911
9884
9867
9805
9941
9857
9885
9922
9926
9966
9896
9890
9818
9921
9906
9990
9929
9911
9910
9766
9955
9872
9958
9895
9934
9919
9917
9905
9845
9900
9954
9901
9978
9953
9956
9962
9922
9841
9952
9892
9918
9951
9922
9807
9857
9868
9778
9920
9906
9925
9893
9968
9796
9942
9855
9972
9729
9953
9906
9852
9873
9900
9983
9961
9926
9837
9744
9909
9864
9934
9894
9998
9989
9989
9933
9904
9943
9971
9768
9840
9768
9857
9680
9867
9907
9940
9947
9916
9911
9833
9862
9718
9879
9876
9930
9961
9897
9881
9951
9952
9824
9894
9841
9930
9888
9755
9867
9829
9961
9896
9969
9916
9867
9898
9950
9909
9904
9844
9896
9789
9913
9938
9848
9929
9930
9845
9945
9915
9962
9919
9887
9876
9960
9990
9956
9972
9897
9907
9980
9921
9933
9934
9935
9922
9891
9894
9963
9954
9962
9880
9984
9969
9959
9937
9929
9906
9986
9863
9874
9885
9965
9953
9915
9810
9886
9968
9780
9850
9691
9895
9861
9944
9996
9934
9935
9946
9986
9923
9953
9872
9937
9853
9880
9837
9863
9898
9935
9921
9881
9701
9802
9937
9960
9885
9800
9913
9878
9925
9892
9911
9774
9935
9907
9884
9887
9812
9868
9952
9903
9982
9975
9928
9921
9876
9936
9907
9916
9931
9759
9963
9954
9932
9933
9910
9860
9906
9972
9835
9846
9875
9859
9948
9954
9934
9887
9952
9908
9898
9936
9857
9863
9898
9908
9984
9819
9956
9821
9705
9850
9839
9973
9919
9794
9800
9928
9965
9880
9990
9963
9871
9933
9934
9933
9902
9960
9934
9919
9918
9851
9960
9952
9952
9946
9921
9860
9948
9924
9896
9945
9885
9852
9933
9914
9984
9923
9861
9862
9839
9975
9868
9933
9975
9869
9885
9882
9966
9960
9959
9927
9943
9907
9858
9929
9932
9997
9872
9845
9906
9983
9925
9653
9821
9875
9962
9936
9772
9919
9893
9873
9839
9899
9989
9926
9990
9855
9972
9919
9959
9970
9916
9913
9863
9905
9921
9832
9816
9954
9932
9958
9988
9984
9951
9867
9868
9870
9976
9902
9953
9931
9971
9919
9965
9809
9922
9769
9950
9860
9871
9757
9898
9885
9886
9901
9936
9974
9897
9944
9808
9885
9815
9789
9900
9886
9891
9874
9989
9816
9950
9957
9792
9999
9907
9908
9910
9892
9902
9899
9889
9943
9901
9895
9786
9933
9828
9931
9835
9908
9889
9857
9908
9867
9895
9931
9848
9910
9843
9792
9903
9871
9925
9861
9939
9880
9889
9841
9968
9911
9887
9893
9876
9840
9962
9963
9934
9949
9897
9958
9936
9964
9890
9933
9775
9971
9934
9929
9932
9859
9877
9930
9900
9877
9940
9892
9878
9839
9892
9928
9960
9922
9909
9925
9947
9745
9909
9982
9772
9943
9916
9957
9939
9867
9919
9860
9900
9938
9839
9825
9896
9934
9892
9936
9947
9846
9860
9908
9845
9879
9924
9974
9912
9951
9890
9903
9930
9927
9857
9843
9933
9879
9910
9954
9964
10000
9933
9940
9903
9803
9905
9945
9878
9984
9980
9874
9906
9943
9845
9835
9975
9927
9956
9982
9908
9899
9944
9932
9913
9933
9920
9934
9949
9939
9911
9958
9973
9986
9969
9938
9881
9959
9913
9932
9849
9880
9884
9950
9945
9943
9973
