9951
9994
9842
9980
9937
9885
9859
9951
9811
9899
9945
9906
9942
9916
9917
9971
9881
9991
9969
9871
9897
9909
9942
9919
9837
9928
9995
9842
9929
9878
9895
9841
9951
9881
9874
9953
9931
9900
9946
9934
9955
9813
9926
9971
9984
9907
9875
9963
9956
9933
9877
9991
9908
9912
9882
9811
9905
9929
9829
9915
9913
9835
9919
9879
9982
9851
9932
9932
9913
9915
9811
9950
9811
9908
9860
9759
9930
9998
9961
9934
9989
9933
9906
9921
9900
9935
9946
9949
9866
9942
9951
9816
9891
9923
9746
9910
9914
9903
9836
9975
9980
9910
9922
9966
9826
9865
9917
9908
9937
9993
9886
9975
9937
9898
9902
9859
9951
9820
9891
9857
9914
9893
9989
9858
9843
9820
9942
9960
9965
9853
9902
9861
9929
9868
9937
9877
9787
9865
9909
9837
9958
9832
9832
9927
9989
9921
9911
9928
9986
9973
9995
9968
9906
9908
9914
9989
9959
9974
9858
9903
9949
9907
9942
9928
9915
9890
9852
9841
9898
9828
9830
9995
9899
9808
9913
9909
9814
9936
9890
9939
9981
9891
9910
9898
9943
9769
9928
9977
9931
9852
9918
9944
9943
9974
9858
9848
9857
9798
9872
9708
9918
9913
9922
9900
9820
9943
9853
9971
9976
9842
9909
9889
9893
9699
9948
9947
9875
9895
9956
9818
9845
9975
9903
9937
9942
9705
9966
9947
9998
9881
9820
9853
9930
9995
9993
9948
9814
9845
9810
9785
9711
9795
9977
9973
9738
9948
9941
9875
9887
9915
9813
9946
9976
9837
9869
9853
9908
9962
9853
9950
9737
9954
9995
9930
9889
9978
9936
9948
9832
9853
9942
9889
9845
9926
9953
9911
9902
9989
9945
9939
9903
9759
9914
9814
9901
9862
9849
9765
9768
9933
9946
9864
9900
9958
9909
9906
9936
9835
9802
9941
9956
9913
9902
9951
9927
9934
9862
9819
9965
9919
9920
9953
9852
9927
9929
9843
9970
9958
9991
9953
9941
9892
9921
9903
9988
9585
9914
9913
9839
9845
9886
9937
9955
9964
9906
9981
9826
9904
9936
9956
9898
9997
9991
9927
9933
9955
9900
9860
9964
9971
9933
9909
9941
9854
9805
9953
9949
9917
9858
9944
9865
9916
9938
9845
9990
9893
9921
9857
9870
9920
9914
9927
9927
9900
9908
9930
9968
9986
9945
9871
9891
9819
9930
9906
9880
9986
9921
9915
9860
9840
9949
9919
9965
9809
9924
9909
9961
9880
9929
9767
9955
9768
9981
9955
9757
9832
9914
9872
9945
9944
9900
9903
9939
9940
9742
9929
9864
9964
9937
9929
9851
9992
9992
9994
9884
9964
9973
9826
9909
9912
9978
9888
9892
9894
9909
9920
9929
9961
9903
9889
9863
9663
9851
9946
9935
9875
10000
9854
9887
9970
9922
9952
9879
9990
9991
9807
9958
9888
9867
9816
9866
9884
9947
9961
9919
9976
9946
9931
9974
9933
9866
9904
9903
9857
9907
9861
9917
9834
9826
9920
9966
9883
9902
9844
9863
9725
9876
9902
9915
9939
9938
9880
9881
9941
9848
9940
9851
9898
9994
9867
9927
9920
9927
9982
9857
9884
9800
9902
9972
9895
9923
9883
9824
9872
9879
9918
9996
9936
9897
9996
9926
9869
9893
9887
9897
9885
9900
9919
9840
9924
9935
9878
9991
9834
9905
9901
9935
9908
9987
9865
9878
9865
9990
9892
9992
9916
9922
9919
9936
9920
9744
9936
9946
9924
9960
9784
9888
9858
9947
9955
9937
9881
9898
9905
9953
9907
9922
9972
9880
9881
9946
9964
9943
9954
9874
9886
9976
9826
9907
9944
9916
9905
9935
9900
9873
9904
9939
9944
9917
9894
9906
9794
9728
9905
9965
9824
9897
9901
9899
9898
9753
9865
9940
9954
9979
9959
9976
9930
9867
9865
9936
9960
9891
9907
9929
9954
9883
9852
9877
9919
9939
9823
9858
9954
9857
9943
9883
9907
9878
9858
9914
9897
9686
9925
9858
9916
9995
9853
9948
9887
9892
9891
9935
9925
9865
9703
9827
9889
9789
9979
9968
9936
9929
9867
9847
9946
9913
9845
9887
9998
9926
9966
9954
9898
9953
9897
9900
9960
9954
9967
9941
9920
9949
9891
9934
9851
9977
9880
9923
9926
9886
9996
9783
9843
9859
9858
9951
9916
9986
9933
9910
9978
9947
9805
9866
10000
9928
9913
9928
9880
9970
9879
9923
9917
9816
9765
9931
9917
9859
9852
9937
9857
9942
9921
9894
9978
9932
9763
9960
9858
9937
9917
9875
9873
9896
9967
9949
9834
9931
9898
9923
9913
9943
9868
9812
9967
9875
9809
9735
9884
9903
9873
9928
9943
9850
9948
9955
9927
9924
9882
9916
9975
9925
9967
9882
9933
10000
9982
9887
9832
9917
9887
9941
9949
9884
9939
9917
9947
9979
9991
9905
9629
9887
9895
9826
9940
9945
9924
9940
9894
9939
9952
9952
9912
9928
9917
9964
9884
9961
9756
9933
9964
9926
9930
9880
9841
9916
9936
9887
9976
9912
9854
9753
9873
9953
9946
9891
9861
9882
9885
9902
9980
9873
9946
9987
9953
9922
9892
9935
9831
9861
9818
9809
9900
9894
9922
9809
9892
9927
9894
9924
9925
9951
9928
9910
9817
9993
9869
9925
9872
9844
9891
9935
9931
9910
9851
9792
9881
9895
9912
9905
9908
9883
9969
9937
9953
9908
9975
9845
9962
9955
9959
9878
9883
9835
9927
9914
9989
9848
9828
9869
9809
9937
9915
9940
9659
9847
9932
9930
9877
9839
9877
9774
9895
9939
9970
9953
9966
9930
9901
9850
9887
9919
9879
9933
9924
9918
9955
9825
9829
9974
9877
9892
9813
9879
9883
9898
9984
9717
9898
9897
9952
9734
9903
9935
9969
9961
9926
9838
9890
9912
9952
9950
9761
9933
9960
9816
9922
9890
9830
9946
9918
9882
9853
9935
9912
9871
9815
9911
9747
9846
9925
9976
9689
9817
9930
9926
9938
9893
9862
9974
9744
9859
9775
9969
9838
9942
9887
9841
9971
9939
9900
9996
9888
9956
9860
9890
9903
9896
9611
9871
9880
9824
9926
9917
9956
9829
9750
9814
9837
9994
9911
9899
9921
9891
9976
9934
9842
9877
9907
9896
9904
9938
9902
9920
9883
9964
9984
9949
9982
