9965
9990
9917
9902
9974
10000
9904
9996
9855
9911
9959
9999
9998
9978
9925
9913
9998
9894
9998
9996
9982
9995
9991
9922
10000
9869
9994
9923
9993
9909
9964
9907
9840
9946
10000
9964
9978
9949
10000
10000
9977
9896
9997
9974
9992
9998
9994
9993
9957
9905
9890
9918
9987
9992
9957
9944
9999
9962
9802
9962
9902
9949
9996
9996
9993
9930
9942
10000
9996
9961
9957
9999
9991
9998
10000
9994
9939
9990
9962
9974
9872
9971
10000
9879
9981
9992
9984
9979
9891
9997
9998
9996
9896
9999
9986
9948
9940
9932
9912
9999
9965
9997
9982
9980
9921
9999
9969
9839
9896
10000
9999
9926
9947
9982
9940
9964
10000
9999
9999
9939
9960
9868
9994
9943
9993
9923
9997
9999
9930
9988
9985
10000
9986
9994
9787
9952
9952
9961
9998
9998
9994
9954
9999
9999
9919
9850
9999
9956
9951
10000
9920
9954
9993
9969
9998
9985
9880
9991
9978
9916
9912
9824
10000
9994
10000
9987
9976
9999
9988
9998
9996
10000
9997
9999
9998
9966
9960
9995
9913
9894
9902
9927
9965
10000
9991
9984
10000
9984
9997
9991
9983
9955
9984
9924
9939
9983
9982
9912
9936
9790
9996
9997
9951
9920
9932
10000
9925
9980
9973
9999
10000
9993
9998
9999
9924
9950
9927
10000
9940
10000
10000
9984
9869
10000
9983
9837
9949
9995
9999
9979
9905
9986
9994
9989
9729
10000
9969
9943
9999
9931
9935
9983
9882
9976
9966
9994
9982
9988
9999
9999
9919
9981
9917
9996
9998
9948
9937
9933
9992
9997
9986
9991
9983
10000
9992
9937
9979
9926
9999
9996
9942
9922
9970
10000
9932
9974
9986
9941
9980
9976
9956
9957
9881
9958
9996
9996
9991
9951
9994
9990
9957
9999
9955
9967
9881
9918
9991
9876
9974
9998
9999
9972
9775
9968
9999
9984
9951
9990
9986
9986
9976
9980
9984
9871
9999
9999
9964
10000
9985
9999
10000
10000
9971
9999
9916
9906
10000
9967
9948
10000
9995
9961
9994
9921
10000
9998
9996
9989
10000
9943
9871
10000
9931
10000
9943
9886
9911
9958
9997
9877
9962
9808
9985
10000
9999
10000
9998
9988
10000
9970
9928
9995
9906
9990
9837
9993
9989
9870
9964
9794
10000
9999
9993
9969
9995
9998
9992
9967
9998
10000
10000
10000
9965
9985
9962
9873
9994
9943
9998
9912
9980
9916
9930
10000
10000
9835
9955
9994
10000
9999
9992
9910
9984
9999
9930
10000
9958
9975
9974
9983
9993
10000
10000
9912
9826
9942
9975
9895
9965
9988
9817
9948
9966
9896
9989
9970
9887
9926
9978
9851
9988
9918
10000
9980
9810
9883
9999
9903
9988
9960
9943
9999
9988
9876
9994
9997
9959
9972
10000
9999
9992
10000
10000
9999
9994
9951
9996
9996
9892
10000
9999
9966
9980
9982
9912
9873
9973
9999
9919
9998
9992
9998
9994
9993
9975
9965
9877
9910
9996
9861
10000
9999
9947
9831
10000
9768
9996
9943
9947
9999
9987
10000
9933
9970
9990
9956
9999
9988
9982
9986
9999
9913
9990
9861
9972
9999
9967
9997
9894
9952
10000
9985
9970
9987
9995
9998
9972
9998
9898
9934
9985
9999
9911
9977
9996
10000
10000
9873
9998
9898
9975
9838
9999
9998
9997
9996
9962
10000
9954
9953
9969
9811
9998
9925
9875
9902
9998
9978
9917
9970
10000
9994
9977
9994
9950
9965
10000
9950
10000
10000
9939
9904
10000
9997
9984
9988
9894
9999
10000
9997
9979
9969
10000
9901
9997
9918
9958
9996
9809
9960
10000
9972
9990
9986
9910
9968
10000
9997
9984
9995
9963
9900
9976
9997
10000
9919
9931
9998
9913
9980
9901
9997
9974
9999
9994
9997
9837
9997
9919
9983
9998
9958
9995
9981
9969
9920
9979
9944
10000
9998
9996
9993
9884
9861
9957
9975
10000
9990
10000
9837
9968
10000
9987
9999
9995
9999
9852
9999
9994
9934
10000
9966
9975
9998
9974
9950
9989
10000
9993
9886
9944
9992
9925
9913
9998
9953
9877
9975
9966
9969
9970
9996
9995
9999
10000
9959
9929
9996
9994
9975
9978
9999
9994
10000
9899
9998
9974
9999
9962
9905
9879
9955
9992
10000
9966
10000
10000
9987
9878
9875
9999
10000
10000
9998
10000
9948
9996
10000
9990
9991
9944
9972
9925
9996
9999
9881
9987
9949
9966
9999
9981
10000
9915
9978
9992
10000
9928
9997
10000
9917
9995
9992
10000
9999
9972
9999
9925
9998
9918
10000
10000
9916
9997
10000
9997
9972
10000
9976
9928
9971
9964
9993
9933
9975
9981
9822
9938
9996
9870
9987
9964
9964
9984
9929
9934
9997
9982
10000
10000
9982
9948
9910
9999
9995
9980
9951
9960
9894
9973
9999
10000
9997
9991
9914
9951
9994
10000
9987
9906
9871
9878
9937
9914
9989
10000
9936
9999
9999
9928
9924
9961
9998
9960
9902
9988
9998
9990
9984
9956
9984
9997
9999
9997
9991
9983
9986
9997
9968
9999
9998
10000
9995
9918
9964
9997
9969
9982
9988
9870
9853
9998
9982
9985
10000
9771
9985
9937
9933
10000
9999
9972
9966
9999
9878
9971
9840
9854
9997
9894
9994
9977
9979
9897
9995
9851
9972
9965
9998
10000
9997
9819
10000
9918
9989
9930
9932
10000
9974
9925
9983
9844
9942
9944
9988
9977
9954
9963
9957
9894
9891
9914
9952
9904
9999
10000
9961
9973
9999
9999
9803
10000
9995
9920
9999
9934
9999
9997
9904
9880
10000
9945
9995
9968
9978
9981
10000
9981
9984
9981
9969
9891
9985
9998
9996
9934
9989
9985
9929
10000
9985
9998
9995
9921
9914
9998
9959
10000
9971
9876
9844
9926
9998
9999
9843
9944
9966
9954
9964
9969
10000
9943
9998
9718
9831
9940
9975
9974
9910
9997
9862
9954
9995
9998
9969
9939
9994
9983
9998
9958
9971
9989
9995
9982
9990
9921
10000
9987
9922
10000
9877
9992
9934
9959
9992
9986
10000
9960
9998
10000
10000
10000
9993
10000
10000
9879
9990
9954
9997
9882
9895
9994
9920
9995
9998
10000
9983
9978
9971
9999
10000
9883
10000
9993
9859
9922
9942
9973
9947
9983
9942
