10000
9997
10000
9999
10000
9999
10000
9995
9991
9999
9984
9992
10000
9999
10000
10000
9985
10000
9994
9998
9998
9992
9981
9936
9932
9998
10000
10000
9888
9999
9999
9896
9891
9998
9920
10000
9990
9991
10000
9999
9923
9999
10000
9984
9982
9985
10000
9991
10000
10000
10000
10000
9994
9995
10000
10000
10000
9997
9955
9994
9999
10000
9996
10000
9994
10000
10000
9989
9986
10000
10000
9998
10000
9997
10000
10000
10000
9999
10000
9993
9988
9997
9995
9995
9998
10000
10000
9929
9984
9999
9993
10000
10000
9995
9999
10000
9998
9996
9982
9992
9995
10000
9988
9991
10000
9999
9897
9995
9985
10000
9997
10000
9988
9997
9888
9990
9996
10000
9991
9999
9952
10000
9950
9979
9992
10000
9983
10000
9942
10000
10000
9987
10000
10000
9999
9999
9991
9983
9996
10000
9993
9999
9999
10000
10000
9983
9950
10000
10000
10000
9905
10000
9992
9995
10000
10000
9986
9971
9995
10000
9995
9993
9997
9995
10000
10000
10000
9996
9999
9924
9986
9982
9997
9999
9981
9999
9998
9998
9998
9992
10000
9956
9958
9990
9996
10000
9999
9997
10000
10000
10000
9832
10000
9991
9999
9960
10000
9970
9999
9956
10000
9964
10000
9998
10000
9988
9994
9999
9996
9980
10000
10000
9999
9995
9994
10000
9999
9997
9994
10000
9999
9990
9997
10000
9968
10000
9998
10000
9996
9991
9993
10000
9998
9940
9989
10000
9998
9987
10000
10000
9998
10000
9880
10000
10000
10000
9999
9998
9970
9937
9997
9982
10000
9997
9994
9999
9998
10000
10000
9999
10000
9998
9999
9946
10000
9997
10000
9993
10000
9978
10000
9990
9999
9992
10000
10000
9993
9997
9999
9978
9995
10000
9997
9990
9997
9963
9998
9997
9988
10000
9988
9996
10000
10000
9956
10000
9969
10000
9994
9999
9939
10000
10000
9999
9999
9995
9995
9999
10000
9991
9996
9996
9999
9974
9940
9999
10000
10000
9994
9995
9998
9999
10000
9992
9934
9995
10000
10000
9941
10000
9990
10000
10000
9993
10000
9996
9983
10000
9988
10000
9975
9992
10000
9986
10000
10000
9986
9991
9996
10000
9992
10000
9995
9992
10000
10000
9906
9987
9994
10000
9993
10000
9999
9980
10000
10000
9888
9946
9993
9997
9979
10000
9999
9999
10000
9980
9998
9995
10000
9990
10000
10000
9957
9999
10000
9997
10000
10000
9998
9993
9997
9999
10000
9969
10000
10000
9999
9955
9996
10000
10000
9950
10000
9997
9959
9996
10000
9968
9999
9971
9994
10000
9999
9993
9993
9997
10000
10000
9970
9997
10000
9958
10000
9999
9954
10000
9962
10000
9987
9984
10000
9994
9987
9971
10000
10000
9924
9981
9989
9995
9998
9997
10000
9997
10000
10000
9996
9994
9998
10000
9996
10000
9996
10000
10000
10000
9987
10000
9999
10000
10000
10000
10000
9995
9994
10000
9986
9970
9997
9998
10000
9997
9913
9999
10000
10000
10000
10000
10000
9997
9985
10000
10000
10000
9998
10000
9993
9998
9975
9984
10000
9999
9999
9948
9998
10000
10000
9984
9997
10000
10000
10000
10000
9999
10000
9968
9999
9998
9999
10000
9997
9984
9995
9910
10000
9999
9999
10000
9988
10000
9986
9992
10000
9989
9995
9976
9986
10000
10000
9866
9999
10000
9999
9964
9995
9995
9981
10000
9999
10000
9996
10000
9994
9999
10000
9999
10000
9997
9991
10000
9995
9999
9994
10000
9994
9999
9998
10000
9994
9996
9960
9999
10000
9996
9996
10000
9999
9962
9931
9952
9928
9999
9952
9997
9993
10000
10000
9999
10000
10000
9999
9997
9992
9924
10000
9999
10000
9994
9975
9969
9999
9999
9999
10000
9995
10000
9997
10000
9991
10000
10000
9998
10000
9987
10000
9975
9989
10000
9933
9998
9998
10000
9997
9997
9986
9999
10000
9982
9997
10000
9977
9957
10000
9999
9999
9999
9999
10000
9997
9991
9999
9993
9991
9995
9994
9999
9995
9909
9938
10000
9999
10000
9967
9997
9971
9988
10000
10000
9999
9985
9998
10000
9997
9998
9992
10000
9996
10000
10000
10000
9995
9985
9997
10000
10000
9941
9896
9998
9995
9971
9999
10000
9985
10000
10000
10000
9999
9990
9993
9994
9999
9999
9980
9995
9999
9996
9996
9997
9996
10000
10000
9999
9993
9972
10000
10000
10000
9993
9990
9999
9895
9968
9999
10000
10000
9998
9999
9993
9986
9984
9999
10000
9974
9999
10000
9937
10000
9958
10000
9996
9981
9994
10000
9990
9998
10000
10000
10000
10000
9999
10000
10000
9999
9998
9999
9969
9993
10000
10000
9996
9972
9970
9996
9998
10000
9996
9999
9999
10000
9995
9997
9995
10000
9997
9993
9999
10000
10000
9999
10000
9987
9883
10000
10000
9999
10000
9962
9989
9995
9999
10000
9986
9984
9966
9998
9996
9986
10000
9999
9994
9924
9982
10000
10000
10000
10000
10000
10000
9918
9993
9996
9994
9988
9999
10000
10000
9999
10000
10000
10000
10000
9997
9991
10000
10000
10000
9999
9981
10000
9999
9999
9997
9998
9957
10000
9980
10000
9974
9999
9922
9989
9997
9986
9983
9996
10000
9998
10000
10000
9998
9897
10000
9999
9969
9961
10000
9999
10000
9998
10000
9998
10000
9996
9998
9987
9997
9997
9999
9997
9977
10000
10000
9979
9999
9999
9990
10000
10000
10000
10000
10000
9983
9997
9946
9970
9991
10000
9989
9980
9996
9891
9999
10000
9976
9999
10000
9997
10000
10000
10000
9981
10000
10000
10000
10000
9997
10000
9981
10000
10000
9990
9986
10000
10000
9975
9977
9999
9971
10000
10000
10000
10000
9962
9942
9997
9995
10000
9991
9990
9986
10000
9974
10000
9998
10000
9973
9997
10000
9998
10000
9986
9999
9985
10000
9990
9993
10000
9999
9946
10000
10000
9992
9986
9996
9834
10000
9999
10000
9997
9996
9983
9998
9915
10000
10000
9997
10000
9912
9999
9998
9993
9974
9997
10000
10000
9953
9990
10000
9990
10000
9998
9999
10000
9985
10000
9975
9997
9967
10000
10000
9968
9998
9994
9927
10000
9988
10000
9997
9998
9999
9994
10000
9916
10000
9949
9971
9990
9999
10000
9996
10000
9998
9977
9999
9999
10000
9898
10000
9980
9984
