9915
9903
9623
10000
10000
9987
9971
9764
9430
10000
10000
9091
9842
9713
10000
9909
9941
9801
10000
9373
9777
9716
10000
9624
9573
10000
10000
9061
9087
9449
9496
9883
8637
9667
9820
10000
9142
10000
9638
9662
9425
10000
10000
9900
10000
10000
10000
10000
9803
10000
9194
9320
9171
9826
9996
10000
10000
9535
8766
9629
9829
9259
9548
9743
10000
9701
9288
9458
9012
10000
10000
9175
9998
10000
9768
8769
9995
10000
9856
10000
10000
9249
9620
9331
10000
9810
10000
9637
9609
9956
9676
9959
9301
9473
9780
10000
9467
9683
10000
9306
9892
8779
9677
9931
9937
10000
9597
10000
9466
10000
10000
10000
9514
9410
10000
9326
10000
9991
10000
9779
10000
9700
10000
10000
10000
10000
9763
9622
9410
10000
9406
9814
10000
9752
10000
9986
9705
10000
9783
9806
10000
9650
9448
10000
10000
10000
9737
9381
10000
10000
10000
9868
9851
8939
10000
9582
10000
10000
9942
10000
9828
9942
10000
9745
9999
10000
10000
9954
9721
9485
9922
9977
10000
9495
9835
9563
9724
9922
10000
9294
9691
9843
9355
10000
10000
9724
10000
9174
9940
9792
10000
10000
10000
9481
10000
10000
9320
10000
10000
9995
9470
9724
10000
9817
9614
8985
9896
10000
9823
9826
10000
9969
9409
9383
10000
9845
9325
9809
9762
9530
9844
9858
9191
9798
9842
9887
9846
10000
10000
9823
9175
9522
9382
10000
9919
10000
10000
10000
9127
10000
10000
9850
9773
9916
10000
10000
8644
9585
10000
10000
9944
9035
10000
10000
9895
9237
9782
9121
9890
10000
10000
9576
9206
9544
9351
9784
9903
8938
10000
10000
9957
10000
10000
9399
10000
10000
9345
9055
10000
10000
9896
10000
9651
9710
9248
10000
10000
9127
9009
9741
9509
9580
9701
9768
8692
9069
10000
9063
9926
9870
9940
9950
8806
10000
10000
8716
9688
9745
9669
10000
9449
9920
9230
9779
9727
9600
10000
9853
9836
9816
10000
9881
10000
10000
9797
10000
9895
9942
10000
10000
9180
9833
9529
9529
9206
9399
9669
10000
9128
10000
9895
9837
10000
9481
9986
8608
9505
9234
9924
8883
9972
9537
9687
9551
9797
10000
9864
9762
9193
9870
9729
10000
9845
9548
10000
9941
10000
9659
9778
10000
9920
9819
10000
9903
9765
9710
9398
9138
9017
9856
9829
9892
9953
9386
9850
9969
9855
9702
9626
9765
9954
9885
9948
10000
9670
9755
10000
9755
9135
9628
8869
9059
9888
9919
10000
9692
9347
10000
9700
9060
9876
9584
9354
10000
9819
9343
9681
9113
9959
9899
9628
9728
9435
9781
10000
10000
10000
9769
10000
10000
10000
10000
9762
9013
10000
9367
10000
10000
9752
9871
10000
9803
9894
10000
9696
9447
9747
9441
9296
10000
9818
9813
9876
9911
10000
10000
9821
9413
10000
10000
9850
9660
9717
10000
9543
9926
9406
8913
10000
9795
9834
9781
10000
9169
9701
9927
9625
9832
10000
9089
9051
9890
10000
10000
10000
10000
10000
9084
9336
9106
9448
9904
9891
9937
9867
9624
10000
9707
9291
9371
9828
10000
9684
9291
9798
9869
9803
9838
9870
9965
9856
10000
9531
10000
9923
10000
9655
10000
10000
10000
8839
10000
10000
10000
10000
10000
10000
9648
8482
10000
9660
10000
10000
9727
9879
9855
10000
9837
9969
9856
9091
10000
9319
9727
9944
10000
9566
8872
9574
9999
9632
9586
9800
9009
9117
10000
9695
9815
10000
9671
9978
9899
8936
9701
9778
9749
9850
9928
8916
9976
10000
10000
9253
8806
9967
9582
9766
9336
10000
10000
10000
9881
9668
8865
9951
9939
9826
9633
10000
9125
9492
9994
8798
9794
9216
9356
9562
9502
9669
10000
8850
10000
9925
9974
9752
9428
10000
10000
9963
9989
9460
10000
10000
9626
9836
9279
10000
9943
9508
10000
10000
9916
10000
9760
9614
10000
10000
9073
10000
8995
9803
10000
10000
9464
10000
9469
9959
9862
9830
9748
9746
10000
10000
9965
9133
9914
9839
10000
9754
9289
10000
9608
9138
9970
9827
9986
9740
9537
10000
9894
8755
9494
9806
10000
9969
10000
10000
10000
10000
8822
9456
9369
9636
10000
9907
9576
9577
9695
9603
9902
10000
9510
10000
9662
9020
9724
9886
9911
9989
9461
9988
9477
9421
9865
8691
8957
9746
10000
10000
10000
9916
9982
8973
9880
9822
8754
10000
9983
9954
10000
10000
10000
10000
9565
9808
10000
8700
10000
10000
10000
9875
9846
10000
10000
10000
9411
9939
10000
9513
9413
10000
9690
9848
10000
9906
9834
9874
9877
9748
9495
10000
10000
10000
8792
9939
9961
10000
10000
9063
8872
9944
9989
10000
10000
9762
9737
10000
9002
9502
9594
9971
9693
9067
10000
9875
8895
9812
10000
9217
10000
9644
9847
9091
10000
9975
9983
9903
10000
9664
9870
10000
10000
9978
9878
9459
9853
9002
10000
10000
9638
9666
10000
9497
10000
10000
10000
9615
10000
10000
9629
10000
9929
10000
9650
9515
9205
9851
9900
9883
9687
9934
10000
9925
9918
9392
9847
9082
10000
9890
9618
9658
10000
10000
9744
9356
9917
9948
9837
9965
9145
10000
9496
9887
9629
10000
9925
9757
9707
9914
10000
9798
9738
9611
9676
9766
10000
9679
10000
10000
9823
9772
9059
9642
9208
9762
9718
9902
9876
10000
10000
9565
10000
9538
9901
8933
8997
10000
8198
9238
10000
9936
9842
8404
9782
10000
9773
10000
9837
8874
9224
8585
10000
10000
9987
9211
9272
9844
9827
10000
9960
10000
10000
9958
9491
10000
10000
9829
9766
9993
10000
9198
9947
9678
10000
10000
9547
9644
10000
9962
9800
10000
9923
10000
10000
8943
9801
9995
8977
9692
9559
9749
9647
10000
9963
10000
9612
9901
9676
10000
9785
10000
9789
10000
9325
10000
9504
10000
9493
9876
9975
9653
9957
9697
8919
9048
9981
9549
9520
10000
9582
9538
8833
10000
9939
9512
9949
9752
9722
9709
10000
9697
9940
9943
10000
9916
9492
9889
9618
10000
10000
10000
9254
9268
10000
9908
9926
9454
9857
9638
10000
10000
9695
9574
9093
9669
9278
9265
9683
9894
9667
9961
9694
10000
9937
9997
10000
9698
9780
9872
9730
