9996
9985
9991
9925
9997
9960
9967
9886
9995
9992
9985
9979
9977
9970
9998
9998
10000
9953
9747
9926
9999
9998
9992
10000
10000
9989
10000
9935
9966
9960
10000
9998
9946
9998
9835
10000
9954
9989
9948
9934
9908
9897
9887
9970
10000
9998
9773
9958
9991
9797
9888
9856
9978
10000
10000
10000
9973
9899
9840
9984
9995
9996
9967
9948
9997
9938
9990
10000
9954
10000
9990
10000
9985
9924
9999
9974
9988
10000
9999
9996
9909
9853
9912
9782
9924
9999
9906
9952
9991
9992
9856
9959
10000
9981
10000
9897
9977
10000
9999
9994
9990
9907
10000
9998
10000
9972
9909
9999
9971
10000
9993
9842
9954
9893
9838
9899
9963
9946
9998
9968
10000
9960
9837
9927
10000
10000
9988
9986
9891
10000
9999
9999
9932
9998
10000
9965
9998
9984
9995
9896
9859
9996
9999
9957
9927
9952
9993
9994
9998
10000
9995
9862
9871
9993
9888
9931
9961
9993
9996
9981
9953
9997
9914
9950
9997
10000
9999
9997
9974
9991
9885
9884
9982
9895
10000
10000
9765
9889
9980
9981
9930
10000
10000
9903
9939
9955
9864
9998
9927
10000
10000
9934
9998
9977
9994
9921
9982
9995
10000
9957
9999
9994
10000
9991
9983
9881
9964
9855
10000
9933
9993
9857
9996
10000
9991
9912
9963
9997
9983
9998
9997
9924
9903
9960
9985
9961
9999
9971
9989
9826
9950
9998
10000
10000
9998
9999
9933
9999
9896
10000
9902
10000
9999
9953
9992
9889
9981
9912
9999
9990
9997
9995
9985
9998
9945
9957
9940
9976
9829
9992
9986
9962
9949
9967
9988
9896
9966
9989
9997
9999
9926
9995
9939
9977
9983
9951
9972
9985
9871
9903
9952
9978
9996
9999
10000
9904
9916
10000
9973
9999
9869
9778
9999
9955
9994
9999
9874
10000
9988
9967
9923
9826
9991
9998
10000
9979
9991
9981
9990
9999
10000
9969
9999
9983
9926
9973
9997
9969
9996
9985
9989
10000
9972
10000
9999
9966
10000
9863
9996
10000
9999
9998
9996
9943
9850
9993
9998
9908
9921
9966
9936
9777
9911
9996
9977
9996
9999
9995
9998
9998
9890
9997
9988
10000
9922
9985
9991
9965
9831
9924
9881
9942
10000
10000
9987
10000
10000
9994
9881
9995
9978
9853
9942
9994
9988
9934
10000
9983
9995
9900
9913
9965
9981
9929
9990
9991
9999
9989
9999
9949
9937
9999
9909
9972
9958
9986
10000
9999
10000
9892
9959
9999
9902
10000
9911
9990
9970
9938
10000
9870
10000
9951
10000
9929
9967
9989
9999
9999
9935
10000
9803
10000
9997
9985
9948
9998
9999
9960
9996
9979
9970
9944
9999
9999
10000
10000
9973
9934
9871
9986
9971
9931
9997
10000
9992
9998
9934
9990
10000
10000
9996
9925
9988
9939
9909
9972
9997
9995
9965
9899
9965
9967
9991
9980
9966
9957
9997
9933
9917
9999
9989
9961
9994
9865
9995
9950
10000
9957
9995
9980
9971
9864
10000
9826
9985
9946
9940
9960
9984
9983
9940
9866
9924
9910
9993
9989
9947
10000
9992
9997
9999
9946
9917
9906
9957
9943
9965
9987
9993
9937
9933
9945
9999
9987
9955
9978
9967
9999
9972
9967
9939
9891
10000
9881
9915
9916
9996
10000
10000
9998
9977
9923
9933
9977
9961
9898
9914
9851
9877
9998
9980
9995
9936
9994
9977
9972
9978
9987
9986
9951
9991
9998
9999
10000
9997
10000
10000
9996
9984
9999
9875
9906
9942
10000
9992
9985
9996
10000
9991
9990
10000
9888
9839
9998
9996
9936
9991
9841
9999
10000
9904
9914
9988
9931
9999
9945
9952
9939
9984
9988
9997
9980
9994
9911
9997
9826
9988
9999
10000
9915
9959
9990
10000
9981
9857
9996
9999
9857
9970
9993
9917
9945
9998
9998
9992
9960
9966
9930
10000
9996
9955
9967
10000
9986
9888
9994
9956
10000
9893
9971
9976
9955
9999
9943
10000
9999
9933
9987
9937
9923
9956
9814
10000
9960
9986
9995
10000
9993
9995
9990
9980
9897
9839
9996
10000
9998
10000
9999
9897
9998
9984
9944
9996
9974
9814
9950
9945
10000
9840
9959
9933
9961
9909
9995
9995
9944
9929
9995
9999
9983
9946
9942
10000
9897
9931
9963
9937
9960
9999
9874
9996
9840
9995
9987
10000
9997
10000
9980
9988
9987
9929
9980
9998
9923
9809
10000
9920
9947
9974
10000
9979
9970
9980
9995
9924
9996
9848
9937
10000
9936
9943
9986
9917
9949
9999
10000
9877
9966
9994
9993
9999
10000
9973
9997
10000
9957
10000
9998
9956
9993
9922
9987
9963
9901
9916
9993
9958
10000
9964
9999
9973
9907
9926
9878
9939
9770
9990
9898
10000
9937
9976
9992
9943
9940
9971
9934
9825
10000
9920
9997
9998
10000
9987
10000
9932
9958
9951
9899
9990
9936
9976
9998
10000
10000
10000
9990
10000
10000
10000
10000
9934
9996
9935
9978
9866
9968
9996
9996
9938
9941
10000
9995
9900
9997
9994
9876
9913
9983
9983
9949
9816
9983
9998
9883
9901
9892
9940
9961
9936
9972
9780
9934
9989
9962
9919
9877
9975
9962
9942
9996
9843
9944
10000
9992
9942
9998
9969
10000
9967
9957
9929
9968
9921
9996
9897
9964
9959
9948
9971
9980
9902
9941
9986
9884
10000
9982
10000
9986
9976
9929
9970
9960
9747
9851
9841
9962
9999
9981
9931
10000
9999
9987
9904
9939
9993
10000
9997
9989
9782
9997
9973
9982
9996
9997
9999
9876
9993
9859
9988
10000
9999
9958
9985
9994
9990
10000
9991
9980
9999
9959
9943
9927
9998
9985
9959
9943
9962
10000
9940
9995
9877
9984
9990
9974
9851
9867
9999
9957
9996
9971
10000
9923
9970
9994
9939
9924
9890
10000
9995
9839
9996
9927
9935
9994
9876
9958
9922
9956
9835
9955
9998
9987
9850
9993
10000
10000
9953
9932
9972
9990
9939
9987
9944
9951
9992
9951
9985
9932
9933
9972
9919
9781
9997
9962
9995
9975
9997
9935
9965
9896
9929
9994
9910
9960
9907
9982
9952
9991
10000
9926
9995
9998
9986
9976
9961
9975
9998
10000
9998
9773
10000
9972
9947
9998
9956
9925
9994
9994
9799
9872
