9948
9946
9843
9696
9911
9884
9914
9911
9929
9923
9931
9897
9872
9944
9877
9866
9866
9969
9929
9947
9964
9824
9930
9969
9669
9814
9951
9889
9981
9901
9939
9876
9948
9705
9859
9877
9856
9921
9887
9908
9909
9964
9934
9880
9927
9734
9822
9916
9946
9872
9948
9899
9971
9881
9926
9956
9869
9903
9910
9946
9685
9882
9986
9610
9895
9935
9994
9887
9929
9981
9864
9935
9957
9907
9927
9799
9968
9881
9932
9997
9961
9833
9968
9907
9989
9874
9982
9878
9904
9917
9877
9946
9870
9884
9878
9986
9993
9861
9868
9851
9938
9883
9892
9898
9874
9927
9925
9945
9903
9943
9814
9935
9977
9952
9880
9865
9891
9879
9944
9904
9918
9944
9910
9858
9942
9888
9935
9869
9842
9849
9939
9984
9959
9955
9929
9949
9975
9878
9976
9856
9951
9946
9942
9813
9928
9906
9774
9923
9842
9792
9867
9930
9900
9937
9742
9913
9992
9931
9876
9797
9934
9895
9709
9949
9926
9936
9928
9915
9799
9790
9886
9817
9933
9817
9909
9932
9878
9920
9943
9943
9846
9970
9961
9887
9915
9914
9904
9803
9742
9877
9895
9923
9864
9935
9978
9891
9939
9950
9842
9939
9851
9891
9969
9863
9975
9886
9859
9874
9839
9912
9943
9862
9922
9915
9902
9822
9888
9970
9920
9812
9979
9989
9952
9919
9920
9798
9889
9896
9917
9805
9769
9923
9960
9727
9821
9912
9921
9852
9877
9784
9923
9900
9887
9914
9996
9851
9718
9933
9883
9754
9916
9906
9971
9937
9777
9974
9700
9931
9916
9866
9917
9936
9943
9874
9860
9909
9922
9945
9835
9929
9925
9822
9880
9965
9854
9964
9846
9911
9968
9901
9762
9971
9767
9965
9747
9944
9772
9899
9963
9870
9901
9991
9940
9860
9933
9919
9916
9963
9882
9965
9856
9948
9793
9983
9929
9989
9950
9972
9912
9927
9917
9958
9916
9907
9839
9990
9987
9952
9868
9917
9881
9875
9922
9921
9882
9897
9896
9911
9754
9911
9934
9865
9909
9920
9976
9937
9937
9951
9806
9949
9852
9826
9774
9936
9949
9954
9909
9990
9931
9926
9913
9959
9934
9912
9707
9900
9957
9919
9909
9888
9872
9933
9860
9890
9959
9888
9842
9993
9922
9935
9887
9943
9885
9937
9916
9814
9926
9911
9955
9935
9761
9895
9747
9901
9957
9893
9754
9888
9950
9923
9787
9909
9921
9936
9864
9877
9931
9978
9883
9969
9866
9883
9923
9905
9921
9908
9926
9843
9926
9839
9928
9881
9923
9959
9945
9952
9912
9951
9942
9862
9845
9861
9943
9919
9876
9895
9968
9944
9954
9875
9842
9945
9822
9727
9766
9774
9958
9863
9943
9932
9962
9868
9852
9914
9949
9961
9895
9874
9994
9900
9943
9905
9797
9916
9987
9934
9950
9963
9893
9915
9914
9989
9875
9916
9988
9874
9972
9894
9926
9844
9919
9850
9942
9952
9902
9921
9958
9880
9772
9981
9884
9873
9948
9907
9961
9929
9895
9949
9945
9973
9892
9949
9910
9988
9964
9891
9873
9953
9915
9888
9966
9891
9939
9998
9917
9947
9929
9914
9911
9913
9961
9812
9930
9869
9956
9950
9896
9976
9814
9961
9924
9763
9952
9906
9895
9866
9899
9856
9937
9891
9915
9847
9943
9867
9929
9891
9936
9934
9839
9902
9967
9961
9951
9941
9920
9931
9849
9847
9914
9833
9847
9874
9905
9997
9930
9953
9826
9936
9914
9847
9872
9951
9845
9987
9936
9965
9807
9907
9851
9958
9968
9810
9977
9946
9901
9884
9777
9982
9968
9849
9906
9829
9956
9974
9894
9929
9924
9961
9938
9924
9892
9848
9801
9859
9939
9942
9833
9893
9852
9879
9782
9912
9863
9866
9849
9879
9879
9997
9982
9774
9845
9908
9960
9991
9958
9865
9974
9837
9955
9983
9874
9955
9965
9870
9973
9941
9912
9812
9911
9885
9939
9908
9831
9781
9930
9935
9958
9882
9947
9769
9839
9815
9963
9837
9868
9833
9956
9869
9893
9868
9905
9901
9979
9964
9923
9960
9944
9968
9862
9949
9917
9965
9895
9959
9910
9836
9892
9962
9964
9856
9903
9981
9954
9953
9779
9986
9877
9928
9981
9911
9903
9954
9929
9984
9998
9836
9957
9983
9867
9900
9828
9947
9925
9961
9959
9847
9905
9959
9892
9943
9976
9876
9896
9947
9869
9901
9918
9875
9954
9999
9862
9918
9930
9935
9949
9870
9927
9939
9837
9886
9907
9927
9878
9830
9747
9850
9788
9809
9944
9890
9865
9943
9909
9933
9928
9987
9970
9910
9947
9950
9943
9980
9880
9920
9906
9878
9888
9899
9885
9994
9889
9953
9883
9853
9933
9952
9921
9941
9871
9950
9962
9851
9968
9887
9818
9860
9871
9964
9921
9886
9873
9931
9769
9917
9894
9927
9800
9944
9902
9892
9840
9900
9921
9903
9896
9856
9995
9898
9937
9959
9971
9967
9860
9928
9938
9913
9895
9872
9853
9916
9925
9910
9737
9865
9750
9862
9943
9902
9917
9879
9926
9944
9866
9986
9895
9949
9937
9936
9918
9955
9885
9966
9896
9825
9961
9874
9963
9932
9889
9851
9910
9878
9921
9981
9879
9962
9954
9933
9993
9943
9810
9915
9933
9915
9815
9944
9942
9950
9862
9917
9949
9944
9939
9943
9896
9855
9899
9956
9981
9965
9904
9959
9941
9853
9825
9933
9944
9803
9981
9847
9990
9939
9963
9880
9902
9851
9972
9928
9941
9946
9902
9835
9929
9865
9932
9936
9980
9859
9927
9878
9948
9953
9910
9950
9845
9964
9905
9843
9879
9890
9913
9869
9966
9919
9866
9930
9836
9968
9874
9971
9851
9873
9914
9882
9952
9846
9912
9934
9888
9978
9916
9945
9948
9881
9870
9923
9947
9900
9849
9937
9957
9908
9883
9801
9970
9950
9970
9851
9897
9883
9927
9975
9890
9979
9826
9922
9801
9893
9912
9961
9978
9770
9845
9959
9908
9868
9919
9759
9948
9989
9951
9930
9791
9946
9850
9955
9944
9913
9960
9952
9780
9946
9831
9944
9915
9952
9921
9807
9891
9865
9964
9993
9989
9764
9896
9935
9955
9959
9938
9876
9747
9900
9932
9947
9690
9937
9962
9896
9885
9946
