9918
9888
9920
9957
9876
9847
9875
9908
9944
9807
9886
9979
9889
9813
9941
9961
9746
9847
9831
9983
9987
9877
9800
9902
9941
9900
9991
9900
9880
9937
9939
9847
9952
9924
9945
9893
9714
9983
9960
9952
9915
9941
9950
9776
9837
9984
9872
9922
9951
9987
9922
9947
9956
9986
9797
9896
9945
9938
9814
9886
9965
9888
9929
9846
9817
10000
9945
9939
9962
9809
9898
9958
9948
9849
9963
9891
9799
9885
9929
9850
9920
9853
9948
9941
9880
9984
9891
9912
9857
9902
9944
9842
9889
9898
9934
9778
9944
9821
9828
9975
9908
9925
9919
9937
9916
9958
9926
9924
9923
9905
9789
9918
9972
9873
9763
9880
9923
9954
9929
9919
9869
9918
9904
9977
9824
9919
9963
9963
9975
9922
9910
9999
9941
9939
9969
9940
9911
9691
9869
9889
9926
9894
9887
9904
9935
9873
9848
9920
9902
9981
9920
9976
9875
9917
9953
9969
9909
9923
9893
9896
9901
9949
9976
9932
9892
9903
9897
9923
9913
9995
9939
9893
9912
9907
9944
9912
9906
9863
9982
9907
9931
9925
9959
9950
9991
9943
9992
9804
9950
9891
9913
9887
9829
9878
9871
9971
9824
9913
9949
9862
9852
9965
9799
9850
9896
9988
9924
9910
9863
9943
9942
9900
9930
9988
9947
9975
9888
9949
9871
9973
9878
9892
9835
9946
9964
9728
9961
9999
9990
9963
9933
9909
9932
9987
9874
9945
9946
9729
9826
9862
9912
9853
9896
9894
9827
9864
9845
9939
9947
9885
9943
9969
9971
9891
9962
9948
9949
9919
9976
9863
9973
9953
9869
9922
9912
9877
9913
9940
9892
9946
9879
9982
9914
9851
9927
9966
9904
9883
9910
9895
9872
9948
9883
9972
9937
10000
9917
9894
9897
9946
9901
9958
9873
9885
9786
9876
9960
9972
9871
9935
9911
9844
9959
9885
9838
9854
9947
9783
9863
9914
9920
9936
9899
9875
9968
9938
9986
9890
9927
9962
9898
9946
9943
9725
9903
9819
9935
9927
9931
9935
9981
9912
9804
9870
9870
9909
9892
9916
9966
9893
9907
9858
9717
9788
9864
9832
9946
9843
9929
9902
9918
9899
9928
9939
9897
9955
9936
9909
9947
9969
9951
9998
9907
9964
9874
9939
9953
9923
9923
9961
9911
9736
9885
9897
9969
9884
9936
9963
9878
9853
9985
9912
9942
9897
9805
9950
9951
9956
9941
9858
9940
9908
9774
9846
9954
9916
9931
9894
9931
9881
9964
9924
9895
9944
9845
9924
9941
9879
9936
9906
9953
9871
9773
9855
9825
9818
9968
9929
9897
9984
9925
9843
9945
9782
9913
9909
9856
9912
9883
9839
9936
9897
9939
9900
9906
9837
9801
9955
9934
9847
9883
9855
9912
9957
9951
9863
9786
9963
9990
9963
9934
9898
9920
9894
10000
9972
9971
9983
9909
9890
9927
9859
9851
9823
9949
9901
9899
9902
9862
9960
9916
9904
9836
9919
9811
9880
9873
9959
9970
9879
9954
9937
9961
9846
9933
9877
9885
9859
9978
9875
9917
9962
9886
9924
9913
9880
9878
9939
9898
9894
9903
9937
9835
9915
9837
9744
9923
9991
9911
9819
9884
9997
9773
9991
9986
9908
9977
9956
9935
9984
9986
9905
9734
9999
9948
9803
9941
9848
9929
9757
9884
9925
9896
9991
9952
9952
9883
9900
9940
9998
9826
9912
9941
9872
9904
9904
9956
9955
9915
9938
9754
9961
9973
9972
9850
9970
9855
9950
9948
9930
9947
9909
9872
9908
9979
9849
9927
9944
9910
9923
9892
9892
9936
9957
9831
9870
9985
9924
9882
9827
9999
9836
9944
9881
9895
9889
9904
9918
9999
9981
9938
9922
9824
9952
9947
9918
9979
9891
9971
9903
9896
9939
9865
9805
9909
9935
9907
9964
9973
9857
9713
9897
9827
9943
9981
9874
9891
9948
9831
9929
9926
9820
9881
9932
9903
9883
9814
9990
9873
9920
9937
9900
9913
9928
9967
9859
9895
9723
9966
9962
9859
9893
9937
9908
9973
9963
9963
9963
9895
9936
9931
9900
9931
9915
9854
9967
9816
9838
9982
9877
9938
9963
9917
9856
9917
9939
9909
9910
9747
9859
9829
9964
9895
9917
9954
9940
9957
9835
9941
9893
9951
9912
9879
9975
9923
9899
9891
9853
9895
9885
9931
9884
9963
9952
9890
9833
9821
9909
9944
9919
9976
9992
9917
9851
9938
9866
9911
9907
9767
9882
9839
9861
9992
9864
9976
9950
9900
9765
9949
9985
9914
9917
9972
9849
9884
9895
9907
9967
9911
9920
9882
9922
9959
9889
9975
9963
9923
9881
9900
9877
9971
9902
9832
9914
9874
9922
9913
9786
9943
9909
9766
9902
9993
9882
9945
9890
9856
9914
9887
9955
9861
9909
9877
9864
9948
9954
9967
9898
9962
9828
9854
9872
9934
9824
9729
9979
9869
9839
9848
9896
9957
9894
9808
9904
9906
9935
9869
9979
9872
9938
9936
9883
9999
9947
9729
9945
9917
9944
9892
9905
9803
9888
9907
9944
9908
9860
9859
9989
9900
9898
9998
9913
9993
9921
9903
9939
9938
9954
9895
9876
9935
9965
9879
9901
9986
10000
9957
9899
9947
9994
9824
9813
9865
9832
9914
9865
9828
9870
9942
9946
9971
9949
9937
9898
9753
9917
9967
9919
9873
9885
9950
9866
9931
9928
9958
9858
9881
9894
9951
9905
9853
9944
9835
9889
9958
9946
9989
9934
9842
9929
9917
9972
9896
9924
9850
9942
9896
9949
9884
9931
9943
9864
9989
9911
9948
9835
9934
9942
9891
9878
9905
9937
9928
9963
9894
9966
9901
10000
9942
9977
9893
9862
9926
9908
9934
9903
9920
9972
9727
9943
9864
9895
9777
9869
9935
9891
9912
9914
9926
9900
9876
9975
9968
9917
9943
9949
9919
9931
9961
9978
9826
9896
9806
9825
9880
9914
9999
9940
9855
9962
9943
9949
9859
9941
9853
9862
9920
9880
9957
9995
9887
9898
9842
9953
9952
9917
9881
9935
9939
9932
9880
9827
9882
9824
9919
9891
9879
9877
9922
9870
9915
9948
9973
9988
9817
9856
9926
9934
9949
9918
9943
9927
9973
9946
9966
9795
9919
9894
9941
9931
9938
9928
9969
9967
9867
9939
9946
9821
9905
9993
