10000
10000
10000
10000
10000
10000
9997
10000
10000
10000
10000
10000
10000
9996
10000
10000
10000
9996
10000
10000
10000
10000
10000
10000
10000
10000
10000
10000
10000
10000
10000
10000
10000
10000
9970
10000
10000
10000
9995
9998
10000
10000
10000
10000
10000
10000
10000
10000
10000
10000
10000
9987
10000
10000
10000
10000
10000
10000
10000
10000
10000
10000
10000
10000
10000
10000
10000
10000
9950
9972
10000
10000
10000
10000
10000
10000
10000
10000
10000
10000
9975
10000
10000
10000
10000
10000
10000
10000
10000
10000
10000
10000
10000
10000
10000
10000
10000
10000
9993
10000
9990
10000
10000
10000
10000
10000
10000
10000
10000
10000
10000
10000
10000
10000
10000
10000
10000
10000
10000
10000
10000
10000
10000
10000
10000
10000
10000
10000
9894
9963
10000
10000
10000
10000
10000
10000
10000
10000
10000
10000
10000
10000
10000
10000
10000
10000
10000
10000
10000
10000
10000
10000
10000
10000
10000
10000
10000
10000
10000
10000
10000
10000
10000
10000
9994
10000
9998
10000
10000
10000
10000
10000
10000
10000
10000
10000
10000
10000
10000
10000
10000
10000
10000
9951
10000
10000
10000
10000
10000
10000
10000
10000
10000
10000
10000
10000
10000
10000
10000
10000
9995
10000
10000
10000
10000
10000
10000
10000
10000
10000
9958
10000
10000
10000
10000
10000
10000
10000
10000
10000
10000
10000
10000
10000
10000
10000
10000
10000
10000
10000
10000
9902
9936
10000
10000
10000
9991
10000
10000
10000
9843
10000
10000
10000
10000
10000
10000
10000
10000
10000
9887
10000
10000
10000
10000
10000
10000
10000
10000
10000
10000
9983
10000
10000
10000
9997
10000
10000
10000
9972
10000
10000
10000
10000
10000
10000
10000
10000
10000
10000
9995
10000
10000
10000
10000
10000
10000
10000
10000
10000
10000
9999
10000
10000
10000
10000
10000
10000
10000
10000
10000
10000
10000
10000
10000
10000
10000
10000
10000
10000
10000
10000
10000
10000
10000
10000
10000
9994
10000
9913
10000
10000
10000
9900
10000
10000
10000
10000
10000
10000
10000
9943
10000
10000
10000
10000
10000
10000
10000
10000
9993
10000
10000
10000
9998
10000
10000
9993
10000
10000
10000
10000
10000
10000
10000
10000
10000
10000
10000
10000
10000
10000
10000
10000
10000
10000
10000
10000
10000
10000
10000
10000
10000
10000
9990
10000
10000
10000
10000
10000
10000
10000
10000
10000
10000
10000
10000
10000
10000
10000
10000
10000
9999
10000
9974
10000
10000
10000
10000
10000
10000
10000
10000
10000
10000
10000
10000
10000
10000
9908
10000
10000
10000
10000
9999
9982
10000
10000
10000
10000
10000
10000
10000
10000
10000
9992
10000
10000
10000
10000
10000
10000
10000
10000
10000
10000
10000
10000
10000
10000
10000
10000
10000
10000
10000
10000
10000
10000
10000
10000
10000
9954
10000
10000
10000
10000
10000
10000
10000
10000
10000
10000
9953
10000
10000
10000
10000
9939
10000
10000
10000
10000
10000
10000
10000
10000
10000
10000
10000
10000
10000
10000
9986
10000
10000
10000
10000
10000
10000
10000
10000
9962
9990
10000
10000
10000
10000
10000
9917
9993
10000
10000
10000
10000
10000
10000
10000
10000
10000
10000
10000
10000
10000
10000
10000
10000
10000
10000
10000
10000
10000
10000
10000
10000
10000
10000
10000
10000
10000
10000
10000
10000
10000
9998
10000
10000
10000
10000
10000
10000
10000
10000
10000
10000
10000
10000
10000
10000
10000
10000
10000
10000
10000
10000
10000
10000
10000
10000
10000
10000
10000
10000
10000
10000
10000
10000
10000
10000
10000
9975
10000
10000
10000
10000
10000
10000
10000
10000
10000
10000
10000
10000
10000
10000
10000
10000
10000
10000
10000
10000
10000
9999
10000
10000
10000
10000
10000
10000
10000
10000
10000
10000
10000
10000
10000
10000
10000
10000
9997
10000
10000
10000
10000
10000
10000
10000
10000
10000
10000
9990
10000
10000
10000
10000
10000
10000
10000
10000
10000
10000
10000
10000
10000
10000
9953
10000
9802
10000
10000
10000
10000
10000
10000
10000
10000
10000
10000
10000
9996
10000
10000
9999
10000
10000
10000
10000
10000
9993
10000
10000
10000
10000
10000
10000
10000
9991
10000
10000
10000
10000
10000
10000
10000
10000
10000
10000
10000
10000
10000
10000
10000
10000
10000
10000
9999
9920
10000
10000
10000
10000
10000
10000
10000
9998
10000
9997
10000
10000
10000
10000
10000
10000
10000
10000
10000
10000
10000
10000
10000
10000
10000
10000
10000
10000
10000
10000
10000
10000
10000
10000
10000
10000
10000
10000
10000
10000
10000
9916
10000
10000
9947
10000
10000
10000
10000
10000
10000
10000
10000
10000
9973
10000
9999
10000
10000
10000
10000
10000
10000
10000
10000
10000
10000
10000
10000
10000
10000
10000
9994
10000
10000
10000
10000
10000
9908
10000
10000
9938
10000
10000
10000
10000
10000
9999
10000
9809
10000
9995
10000
10000
10000
10000
10000
10000
10000
10000
10000
10000
10000
10000
10000
10000
10000
10000
10000
10000
10000
10000
10000
10000
10000
10000
10000
10000
10000
10000
10000
9982
10000
10000
10000
9996
10000
10000
10000
10000
10000
10000
10000
10000
10000
10000
10000
10000
10000
10000
10000
10000
10000
10000
10000
10000
10000
10000
10000
10000
10000
10000
10000
10000
10000
10000
10000
9900
10000
10000
10000
10000
10000
10000
10000
10000
9864
10000
10000
10000
10000
10000
10000
10000
9949
10000
10000
10000
10000
10000
10000
10000
10000
10000
10000
10000
10000
10000
9968
9994
10000
9892
10000
10000
10000
10000
10000
10000
10000
10000
10000
10000
10000
9999
10000
10000
10000
10000
10000
10000
10000
10000
10000
10000
10000
10000
10000
10000
9999
10000
9999
10000
10000
10000
10000
10000
10000
10000
10000
10000
10000
10000
10000
10000
10000
10000
10000
10000
10000
10000
10000
10000
10000
10000
10000
10000
10000
10000
10000
10000
10000
9983
10000
10000
10000
10000
10000
10000
10000
10000
10000
10000
9898
10000
10000
10000
10000
10000
10000
10000
10000
10000
10000
10000
10000
10000
10000
10000
10000
9988
10000
10000
10000
10000
10000
9993
10000
10000
9960
10000
10000
9997
10000
10000
10000
10000
10000
10000
10000
10000
10000
9999
10000
10000
10000
10000
10000
10000
10000
10000
10000
10000
10000
10000
