9910
9988
9854
9928
9905
9924
9975
9986
9877
9938
9778
9909
9927
9939
9813
9930
9868
9919
9939
9862
9879
9926
9969
9866
9951
9846
9786
9813
9847
9906
9875
9925
9862
9906
9878
9852
9899
9829
9921
9894
9881
9955
9919
9889
9944
9893
9945
9892
9945
9889
9850
9934
9903
9965
9873
9883
9905
9875
9816
9832
9901
9886
9886
9947
9897
9857
9696
9956
9871
9836
9905
9959
9823
9942
9933
9979
9875
9956
9939
9990
9952
9950
9979
9845
9927
9889
9906
9809
9845
9896
9933
9874
9914
9893
9923
9745
9941
9918
9979
9959
9975
9917
9887
9890
9961
9936
9939
9887
9969
9991
9976
9852
9911
9797
9862
9850
9910
9854
9755
9976
9888
9930
9933
9936
9969
9885
9883
9931
9894
9910
9925
9851
9959
9941
9924
9897
9962
9974
9930
9851
9739
9730
9981
9953
9943
9978
9989
9815
9920
9963
9814
9893
9910
9873
9816
9897
9936
9815
9900
9889
9973
9843
9947
9961
9909
9924
9949
9822
9918
9842
9915
9887
9900
9912
9795
9842
9964
9958
9914
9919
9835
9939
9967
9857
9951
9928
9970
9961
9704
9979
9990
9990
9925
9845
9990
9834
9943
9838
9917
9916
9952
9764
9840
9916
9969
9949
9943
9961
9841
9847
9791
9947
9880
9980
9793
9885
9945
9897
9993
9907
9958
9958
9960
9967
9962
9940
9940
9876
9793
9842
9845
9870
9922
9963
9942
9922
9821
9942
9840
9858
9908
9992
9961
9919
9914
9938
9917
9946
9908
9840
9971
9931
9901
9895
9914
9896
9880
9934
9826
9954
9977
9936
9967
9932
9951
9901
9868
9859
9878
9837
9824
9856
9898
9908
9967
9834
9976
9982
9887
9946
9918
9936
9899
9931
9954
9984
9869
9925
9855
9950
9859
9929
9937
9952
9942
9849
9921
9866
9952
9986
9972
9946
9990
9825
9881
9947
9826
9940
9835
9916
9880
9892
9880
9939
9956
9935
9828
9732
9923
9843
9914
9860
9897
9862
9867
9918
9890
9909
9838
9856
9887
9947
9967
9997
9987
9923
9772
9994
9893
9807
9989
9987
9848
9927
9960
9948
9956
9981
9957
9911
9936
9955
9860
9861
9937
9906
9890
9875
9821
9802
9761
9907
9918
9835
9930
9957
9779
9872
9952
9918
9933
9891
9963
9845
9860
9809
9958
9824
9920
9929
9875
9853
9921
9782
9924
9992
9846
9899
9885
9864
10000
9817
9910
9872
9857
9940
9878
9975
9924
9845
9917
9885
9929
9922
9942
9897
9899
9879
9915
9901
9894
9930
9958
9966
9939
9915
9869
9897
9800
9775
9832
9980
9862
9874
9913
9911
9867
9906
9945
9968
9917
9848
9955
9871
9997
9910
9863
9918
9907
9984
9914
9954
9936
9932
9937
9875
9992
9930
9968
9817
9908
9943
9914
9946
9850
9887
9904
9889
9800
9981
9931
9924
9909
9953
9819
9862
9888
9879
9914
9708
9863
9968
9974
10000
9886
9840
9959
9611
9910
9895
9939
9979
9846
9870
9829
9860
9953
9870
9836
9936
9937
9927
9811
9989
9720
9857
9860
9925
9902
9934
9939
9861
9967
9906
9830
9944
9879
9950
9909
9767
9891
9806
9905
9837
9933
9804
9840
9818
9906
9931
9964
9848
9893
9929
9994
9825
9966
9957
9882
9923
9878
9953
9865
9980
9887
10000
9799
9882
9722
9918
9924
9924
9912
9957
9921
9968
9953
9989
9930
9974
9927
9957
9929
9929
9855
9910
9921
9936
9940
9907
9905
9927
9893
9840
9890
9744
9960
9823
9977
9908
9877
9989
9999
9957
9912
9751
9898
9937
9933
9961
9887
9905
9925
9958
9953
9958
9958
9873
9883
9970
9848
9951
9866
9959
9871
9827
9931
9897
9992
9953
9965
9861
9974
9849
9852
9838
9961
9946
9842
9955
9972
9934
9837
9967
9924
9960
9903
9918
9844
9950
9948
9960
9901
9797
9924
9832
9917
9796
9901
9953
9977
9917
9969
9878
9870
9905
9926
9892
9928
9873
9831
9815
9905
9925
9701
9922
9973
9961
9968
9909
9833
9881
9917
9882
9962
9981
9853
9967
9893
9942
9840
9945
9875
9911
9899
9869
9921
9828
9935
9886
9941
9974
9880
9678
9989
9874
9939
9893
9871
9951
9873
9960
9898
9940
9922
9967
9995
9853
9881
9945
9893
9878
9893
9925
9999
9948
9892
9999
9892
9920
9894
9961
9926
9965
9932
9866
9884
9870
9917
9923
9801
9915
9846
9986
9858
9895
9845
9827
9835
9943
9888
9950
9927
9869
9959
9872
9997
9933
9968
9904
9954
10000
9993
9976
9893
9972
9838
9794
9915
9940
9712
9833
9891
9901
9871
9847
9941
9915
9984
9935
9909
9794
9947
9860
9919
9840
9903
9845
9924
9821
9878
9966
9798
9981
9859
9916
9779
9922
9888
9935
9911
9937
9908
9985
9850
9951
9927
9847
9949
9729
9937
9902
9887
9935
9941
9908
9907
9962
9833
9621
9885
9908
9883
9999
9902
9829
9873
9951
9984
9900
9903
9986
9916
9870
9917
9875
9920
9801
9976
9931
9936
9888
9865
9835
9943
9931
9956
9868
9999
9817
9937
9920
9948
9934
9921
9855
9899
9820
9810
9989
9887
9879
9916
9816
9761
9934
9962
9902
9896
9887
9950
9744
9908
9800
9918
9893
9997
9937
9893
9831
9956
9581
9946
9857
9839
9846
9893
9799
9803
9904
9930
9984
9857
9756
9921
9888
9886
9990
9834
9831
9902
9944
9913
9978
9840
9868
9965
9993
9930
9784
9878
9792
9934
9875
9943
9984
9874
9907
9946
9756
9946
9932
9955
9897
9903
9901
9869
9877
9893
9999
9933
9929
9896
9897
9912
9917
9882
9939
9968
9826
9998
9897
9941
9927
9910
9957
9912
9990
9809
9965
9940
9873
9908
9927
9894
9821
10000
9921
9867
9814
9908
9973
9993
9787
9866
9901
9941
9932
9923
9976
9891
9903
9939
9953
9777
9768
9885
9853
9916
9885
9962
9892
9862
9785
9929
9946
9890
9879
9731
9993
9949
9878
9902
9889
9905
9929
9801
9879
9964
9806
9968
9911
9924
9981
9876
9949
9944
9936
9902
9955
9933
9905
9832
9913
9906
9840
9878
9969
9874
9895
9902
9962
9825
9985
9924
9915
9955
9819
9934
9940
