8740
9787
10000
10000
10000
10000
10000
10000
9401
10000
10000
10000
10000
10000
9410
10000
9427
10000
10000
10000
10000
9115
9733
10000
10000
9601
9876
10000
10000
10000
10000
10000
9600
9717
10000
10000
9631
10000
10000
8812
9733
9710
10000
9516
9488
10000
10000
9489
10000
10000
9835
9795
8641
10000
10000
9976
9791
10000
10000
10000
9419
9179
10000
10000
10000
9359
10000
9874
10000
10000
10000
10000
10000
9502
10000
9129
9998
10000
10000
10000
10000
10000
10000
10000
9716
10000
9434
9770
8856
9307
9401
10000
10000
10000
10000
9954
10000
10000
10000
8748
9961
10000
9773
10000
9761
10000
10000
10000
9277
8566
10000
10000
10000
9982
9701
9915
10000
10000
10000
10000
10000
10000
10000
9721
10000
10000
10000
9270
10000
10000
9374
10000
9278
10000
9699
10000
9975
10000
10000
9248
9762
10000
9844
10000
10000
10000
9486
10000
10000
9773
10000
10000
9893
10000
9850
10000
10000
10000
10000
9379
10000
10000
10000
9988
9491
10000
10000
9533
9244
8818
10000
10000
10000
9666
9912
10000
9808
9787
9122
10000
9874
9110
9723
9939
10000
9977
9881
9028
8940
10000
8968
10000
10000
10000
10000
10000
9885
10000
10000
10000
10000
10000
10000
10000
10000
9049
9214
10000
10000
9800
10000
9944
10000
9290
10000
9848
10000
10000
8730
10000
9504
10000
10000
10000
10000
10000
10000
9104
9922
9034
9991
10000
10000
10000
10000
9632
10000
10000
9009
9311
9445
10000
10000
8529
10000
8848
9796
9958
10000
9695
10000
8890
8988
10000
10000
10000
10000
9332
8977
10000
10000
9910
9130
10000
8574
8972
9805
10000
10000
10000
9897
10000
9630
10000
9961
9837
10000
10000
9621
10000
10000
10000
9918
10000
9418
9032
10000
9060
9978
9314
9939
10000
10000
10000
9900
9820
9224
8938
9747
10000
10000
10000
10000
8447
10000
9994
9777
8990
9521
10000
10000
10000
10000
10000
9482
9818
9873
10000
9747
10000
10000
10000
9962
10000
10000
10000
10000
10000
9873
10000
10000
10000
9525
9041
9272
10000
10000
10000
10000
10000
10000
10000
10000
10000
9766
9895
10000
10000
10000
9688
9437
10000
10000
10000
9518
10000
10000
9060
10000
10000
10000
10000
10000
10000
10000
10000
10000
9881
10000
9761
10000
10000
10000
10000
10000
10000
9128
9921
9980
10000
10000
10000
9623
10000
9504
10000
10000
10000
10000
10000
8779
9806
10000
10000
10000
10000
9513
10000
10000
9608
10000
10000
9548
9995
10000
10000
9357
10000
9724
9948
9751
9380
9777
10000
10000
9583
8766
10000
10000
9850
9844
9234
10000
10000
9911
10000
9553
10000
10000
10000
10000
10000
9388
10000
9865
10000
9665
9398
10000
10000
10000
9680
9608
9453
9523
10000
9930
9209
10000
9897
9542
9592
10000
10000
10000
10000
9514
10000
9897
10000
9222
9284
10000
9729
10000
9363
10000
10000
10000
10000
10000
9657
9728
10000
9315
9731
9625
9651
9395
10000
10000
10000
9448
9179
9514
10000
9186
9558
9715
10000
9882
10000
10000
9368
10000
10000
10000
10000
9799
10000
8920
10000
10000
8595
10000
9703
10000
10000
10000
10000
10000
10000
10000
10000
8792
10000
9683
10000
9574
10000
10000
9895
9240
9561
10000
9954
10000
9542
10000
10000
10000
10000
10000
10000
8926
9890
10000
9162
10000
9143
10000
9901
10000
8137
10000
10000
10000
10000
9817
9831
10000
9370
10000
9787
10000
10000
10000
9837
10000
10000
8654
9457
9601
8452
9214
10000
10000
8430
10000
10000
10000
10000
10000
10000
10000
9828
9243
10000
9794
9476
10000
10000
10000
8697
10000
10000
10000
10000
10000
10000
9867
9812
9741
10000
10000
10000
9687
10000
10000
9862
10000
10000
9927
10000
10000
9924
10000
10000
10000
10000
9616
8898
10000
10000
10000
9639
10000
9816
10000
8528
10000
9292
10000
10000
9837
9148
10000
10000
10000
9647
9512
9821
9877
9694
9616
10000
8776
9853
10000
10000
9794
9405
10000
9756
10000
10000
9543
10000
10000
9167
10000
10000
10000
8866
9936
9342
10000
9267
10000
10000
10000
10000
10000
9694
10000
9031
10000
9686
10000
9907
9558
10000
10000
9584
10000
10000
9362
10000
10000
9234
10000
10000
10000
10000
10000
9746
8459
10000
9468
9969
8581
9212
9776
10000
9404
10000
10000
8911
10000
8815
10000
10000
9688
10000
9858
10000
10000
10000
10000
10000
10000
9110
10000
9460
10000
10000
9998
10000
10000
10000
9745
9439
9821
10000
9456
10000
9821
9785
9549
9116
10000
10000
10000
9421
9953
10000
9712
9103
9846
10000
10000
10000
10000
10000
10000
10000
10000
10000
10000
10000
9381
10000
8971
9616
10000
10000
10000
10000
10000
9451
9903
9624
10000
10000
10000
9893
10000
8502
10000
10000
10000
10000
10000
9904
9897
9883
9774
10000
10000
10000
9509
10000
10000
10000
10000
9373
10000
10000
10000
10000
10000
10000
9297
10000
10000
10000
10000
9745
9026
9304
9458
10000
10000
10000
9350
10000
10000
10000
10000
10000
10000
9745
9924
9687
10000
10000
9998
9015
9802
9816
10000
9924
10000
9052
9945
10000
10000
10000
10000
10000
10000
10000
9912
10000
9729
9936
9777
10000
10000
9695
10000
9960
10000
10000
10000
10000
10000
10000
10000
9569
10000
10000
9783
10000
9678
10000
9584
9422
8687
9984
9912
9849
10000
9001
10000
10000
8391
10000
9946
9065
9699
10000
10000
10000
10000
10000
10000
10000
10000
10000
8926
9933
9833
10000
8853
10000
9935
10000
10000
10000
9522
10000
10000
8898
10000
9275
9270
10000
9929
9899
10000
9098
10000
10000
10000
10000
8583
10000
7892
10000
10000
10000
9076
10000
10000
10000
10000
8848
10000
10000
9457
8911
9316
10000
10000
10000
10000
9125
9776
9916
10000
10000
10000
8901
10000
10000
10000
10000
10000
10000
10000
10000
10000
9941
10000
10000
9414
9932
9897
9885
10000
10000
10000
9877
10000
10000
10000
9883
10000
9460
9811
9225
9895
10000
10000
10000
10000
9893
10000
10000
9120
9360
9206
10000
9882
10000
10000
10000
10000
8907
10000
10000
10000
10000
8904
10000
10000
10000
10000
10000
10000
10000
10000
9942
9705
10000
10000
10000
9547
10000
