9843
9991
9980
9986
9935
9907
9975
9997
9926
9995
9929
9922
9994
9845
10000
9979
9882
9940
9891
9951
9993
9897
9920
9988
9978
9941
9967
9929
9934
9996
9947
9960
9899
9990
9963
10000
9994
9999
9964
9946
10000
9975
9941
9975
9931
9975
10000
9899
9994
9991
9917
9972
9875
9966
9930
9998
9984
9943
9897
9988
9946
9996
9987
9911
9970
9946
9869
9894
9996
9892
9889
10000
9965
9990
9964
9983
9930
9997
9949
9984
9927
9951
9978
9987
9929
9921
9958
9970
9997
10000
9970
9936
9959
9998
9953
9948
9954
9936
9863
9966
9964
9994
9949
9901
9879
9971
9943
9997
9976
9980
9991
9997
9917
10000
9965
10000
9983
9971
9981
9965
9988
9980
9980
9694
9997
9976
9994
9920
9992
9985
9985
9975
9982
9928
9941
9991
9991
9913
9938
9976
9975
9987
9939
9945
9958
9985
9877
9952
9993
9905
9739
9986
9960
9818
9964
9900
9935
9999
9989
9984
9982
9957
9955
9918
9979
9982
9948
9984
9935
9987
9947
9999
9978
9921
9937
9994
9998
9951
9935
9991
9765
9992
9914
9989
9897
9961
9964
9976
9907
9955
9882
9976
9996
9832
9989
10000
9934
9877
10000
9827
9907
9835
9990
9978
9965
9944
9923
9939
9884
9989
9984
10000
9950
9996
9999
9979
9989
9985
9994
9994
10000
9738
9885
9998
9975
9950
9969
9892
9974
9945
9922
9812
9968
9995
9967
9997
10000
9965
9999
9985
9901
9994
9982
9876
9978
9987
9974
9951
9964
9996
9973
9911
9995
9976
9945
9978
9931
9910
9969
9981
9982
10000
9997
9886
9975
9905
9936
9993
9938
9919
9942
9992
9944
9895
9991
9984
9899
9927
9953
9999
10000
9946
9929
9999
9986
9950
10000
10000
9997
9921
10000
9994
9975
9925
9994
9990
9995
9890
9997
9974
9983
10000
10000
9957
9900
9995
9972
9947
9870
9999
9869
9939
9995
9986
9967
9886
9993
9981
9999
9995
9978
9927
10000
9998
9997
9961
9923
9996
9975
9952
9930
9936
9956
9943
9997
9993
9939
9946
9979
9836
9899
9963
9922
9967
9818
10000
9995
9988
9993
9923
9960
9995
9936
9994
9992
9980
9876
9995
9957
9953
9986
9984
9974
9835
9984
9918
9999
9949
9915
9898
9944
9868
9962
9990
9984
10000
9933
9998
9979
9956
9971
9999
9985
9991
9994
10000
9947
9993
9764
9987
9942
9999
9941
9899
9991
9949
9990
9961
9955
9919
9994
9990
9998
9905
9997
9914
9893
9934
9967
9982
9999
9995
9999
9809
9989
9975
9957
9910
9971
9994
9999
9984
9869
9978
9937
9997
9899
9934
9984
9993
9878
9907
9851
9953
9930
10000
10000
9887
9944
9892
9973
9997
9912
9939
9998
9972
9999
9827
9955
9970
9991
9933
9997
9912
9901
9999
9953
9861
9930
9996
9954
9983
9998
9996
9880
9907
9996
9924
9994
9921
9737
9934
9963
9951
9970
9975
9984
9975
9924
9954
9990
9953
10000
9827
9906
9902
9937
9997
9997
9988
9938
9878
9909
9938
9987
9986
9966
9992
9835
9987
9926
9945
9955
9976
9935
9951
9955
9935
9918
9917
9994
9927
9951
9945
9930
9988
9918
9927
9996
9978
9946
10000
9972
9917
10000
9992
9934
9907
9987
9987
9988
10000
9947
9990
9991
9929
9983
9981
9937
9953
10000
9900
9991
9990
9977
9956
9981
9992
9997
9936
9847
9993
9899
9966
9962
9988
9985
9999
9814
9935
9999
10000
9964
9981
9961
9983
9947
9991
9951
9951
9999
10000
10000
9995
9996
9958
9978
9987
9974
9995
9934
10000
9872
9997
9983
9992
9984
9999
9890
9991
9991
9985
9954
9993
9953
9881
9889
9937
9978
9999
9977
9900
9876
9862
9880
9987
9999
9951
9953
9931
9975
9897
9962
9995
9953
9985
9985
9990
9995
9958
9963
9997
9973
9986
9999
9954
9975
9975
9989
10000
9941
9982
9901
9960
9978
9955
9970
9954
9979
9954
9980
9930
9987
9995
9940
10000
9999
9978
9987
9973
9932
9930
10000
9991
9988
9999
9991
9962
9914
9996
10000
9998
9997
9995
9797
9883
9941
9996
9996
9959
9878
9989
9969
9922
9968
9946
9963
9901
9990
9986
9985
9999
9997
9934
9861
9983
9858
9896
9922
9981
9900
9996
9963
9974
9816
9997
9918
9925
9932
9997
9992
9987
9961
9926
9988
9987
9926
9996
9980
9996
10000
10000
9883
10000
9991
9994
10000
9991
10000
9825
9991
9997
9994
9978
9997
9976
9971
9998
9869
9934
9977
9977
9991
9967
9959
9997
9960
9864
9998
9998
9988
9985
9929
9983
9832
9941
9970
9962
9989
9998
9995
9982
9934
9966
9980
9929
9987
9989
9973
9976
9999
9810
9999
9985
9987
9886
9956
9934
9985
9997
9856
9994
9998
9951
9922
9984
10000
9957
9940
9967
9870
9999
9892
9987
9997
9929
9997
10000
9890
9945
9979
9882
9879
9944
10000
9969
9966
9936
9974
9966
9896
9969
9874
9968
9927
9940
9914
9990
9981
9993
10000
9997
9994
9889
9958
9984
9995
9999
9973
9996
9928
9998
9997
9995
9892
9976
9944
9980
9915
9993
9967
9997
9963
9924
9941
9985
9945
9959
9966
9994
9979
9984
9999
9999
9994
9933
9896
9998
9931
9963
9986
9986
9971
9943
9895
9992
10000
9954
9984
9927
9974
9962
9870
9935
9959
9992
9994
9925
9998
9973
9993
9950
9999
9998
9885
10000
9997
9962
9899
9992
9974
9993
9998
9975
10000
9932
9978
9926
9993
9955
9990
9963
10000
10000
9886
10000
9927
9935
9888
9994
9938
9914
9985
9811
9995
9928
10000
9885
9937
9907
9870
9999
9955
9904
9998
9998
9999
9886
9972
9981
9901
9999
9997
9898
9998
9899
9954
9944
9979
9996
9995
9930
9908
9961
9960
9854
9999
9953
9999
9993
9962
9958
9982
9994
9865
10000
9992
9924
10000
9926
10000
9934
9938
9917
9989
9965
9994
9957
9937
10000
9865
9879
9992
9862
9962
9893
9995
9993
9980
9999
9846
9921
9969
9934
9947
9991
10000
10000
9907
9989
9924
9920
9959
9971
9914
9991
9993
9929
9992
9890
9969
9935
9869
9939
9965
9985
9998
9999
9998
9906
