9882
9864
9967
9990
9828
9842
9940
9851
9884
9910
9942
9797
9947
9987
9807
9901
9752
9947
9887
9879
9966
9881
9966
9879
9946
9943
9927
9875
9890
9987
9945
9977
10000
9831
9898
9873
9899
9854
9761
9879
9916
9958
9909
9832
9940
9948
9941
9930
9880
9843
9872
9914
9927
9879
9873
9898
9907
9907
9908
9899
9954
9935
9871
9845
9940
9891
9919
9823
9906
9999
9953
9881
9928
9811
9846
9921
9803
9944
9932
9950
9921
9915
9950
9883
9861
9714
9823
9956
9921
9894
9842
9928
9925
9879
9904
9962
9773
9857
9962
9942
9821
9964
9885
9977
9889
9710
9910
9924
9957
9895
9910
9981
9873
9949
9911
9956
9808
9852
9933
9967
9940
9847
9956
9898
9948
9922
9798
9910
9857
9797
9799
9912
9880
9911
9879
9778
9901
9862
9912
9887
9821
9929
9948
9915
9901
9832
9939
9821
9933
9817
9927
9984
9841
9971
9805
9968
9976
9932
9953
9892
9939
9925
9862
9904
9983
9926
9908
9907
9961
9871
9913
9908
9898
9839
9872
9851
9964
9935
9896
9980
9875
9932
9847
9992
9936
9913
9926
9898
9850
9937
9973
9924
9816
9876
9965
9981
9943
9980
9885
9892
9969
9977
9902
9942
9914
9886
9853
9914
9821
9879
9871
9849
9934
9801
9830
9772
9922
9901
9924
9898
9932
9861
9905
9819
9911
9907
9950
9911
9901
9915
9841
9913
9860
9868
9951
9954
9861
9937
9903
9884
9889
9921
9997
9962
9911
9908
9908
9840
9920
9936
9935
9921
9949
9971
9931
9823
9910
9903
9943
9948
9952
9894
9938
9847
9914
9898
9944
9872
9943
9848
9737
9941
9918
9907
9809
9944
9929
9873
9968
9743
9917
9777
9835
9885
9945
9968
9922
9839
9843
9893
9904
9933
9794
9913
9920
9856
9814
9930
9711
9970
9990
9956
9807
9912
9898
9881
9998
9913
9914
9995
9938
9878
9934
9980
9854
9870
9852
9936
9802
9850
9993
9964
9888
9855
9940
9874
9775
9949
9968
9892
9954
9825
9968
9952
9848
9946
9917
9900
9926
9903
9878
9880
9836
9874
9970
9951
9911
9917
9884
9957
9986
9874
9687
9855
9880
9897
9885
9808
9872
9943
9799
9829
9940
9904
9900
9893
9988
9851
9927
9831
9906
9987
9838
9920
9922
9933
9963
9926
9929
9712
9847
9931
9950
9878
9934
9912
9936
9897
9978
9959
9974
9834
9823
9969
9961
9912
9912
9956
9918
9915
9927
9987
9965
9874
9970
9865
9765
9959
9871
9906
9937
9970
9921
9842
9897
9885
9968
9862
9940
9781
9919
9878
9951
9950
9914
9921
9945
9999
9839
9935
9849
9898
9888
9901
9924
9824
9955
9684
10000
9951
10000
9809
9988
9864
9822
9963
9947
9994
9986
9886
9898
9895
9951
9876
9947
9948
9854
9953
9939
9926
9963
9907
9949
9940
9725
9967
9850
9924
9890
9999
9923
9888
9924
9845
9907
9938
9939
9867
9913
9958
9942
9918
9927
9906
9925
9893
9950
9814
9934
9955
9849
9905
9942
9857
9865
9900
9614
9945
9959
9865
9955
9929
9952
9922
9898
9801
9939
9861
10000
9933
9827
9955
9909
9844
9937
9876
9928
9914
9885
9891
9844
9855
9951
9942
9856
9997
9896
9970
9933
9887
9889
9913
9907
9987
9943
9925
9999
9917
9859
9882
9902
9858
9956
9954
9830
9896
9960
9927
9830
9956
9879
9930
9957
9992
9836
9903
9899
9822
9904
9886
9954
9961
9891
9926
9893
9950
9907
9933
9915
9809
9948
9962
9964
9860
9904
9906
9913
9939
9847
9887
9956
9893
9820
9883
9889
9848
9747
9958
9724
9800
9946
9870
9931
9913
9954
9945
9760
9938
9899
9952
9930
9722
9844
9896
9956
9911
9950
9918
9906
9925
9904
9888
9897
9948
9952
9906
9931
9906
9886
9832
9852
9816
9999
9731
9938
9878
9909
9895
9861
9963
9910
9958
9908
9931
9904
9935
9969
9955
9974
9733
9947
9913
9917
9814
9973
9889
9987
9930
9830
9902
9832
9902
9836
9974
9932
9944
9978
9890
9944
9823
9978
9955
9907
10000
9930
9925
9897
9918
9937
9837
9913
9907
9975
9897
9950
9918
9896
9926
9857
9873
9926
9885
9968
9954
9832
9939
9894
9925
9918
9851
9854
9880
9933
9890
9960
9940
9903
9954
9803
9939
9912
9948
9900
9926
9867
9941
9940
9911
9895
9854
9935
9882
9889
9901
9999
9903
9850
9954
9843
9890
9913
9935
9902
9896
9915
9967
9949
9945
9998
9855
9917
9897
9895
9905
9920
9964
9860
9966
9990
9891
9948
9924
9996
9891
9916
9881
9936
9879
9942
9875
9880
9949
9984
9934
9945
9913
9939
9909
9832
9924
9946
9946
9892
9798
9920
9905
9888
9896
9748
9890
9950
9894
9964
9929
9908
9959
9951
9837
9791
9801
9893
9857
9848
9900
9894
9927
9839
9935
9805
9925
9944
9904
9855
9906
9877
9934
9769
9910
9925
9807
9958
9737
9863
9896
9908
9840
9931
9935
9962
9891
9857
9893
9888
9809
9863
9887
9955
9804
9939
9939
9925
9773
9985
9860
9739
9862
9947
9890
9869
9929
9974
9983
9926
9966
9901
9949
9866
9950
9889
9933
9943
9869
9812
9877
9921
9923
9920
9880
9920
9914
9997
9957
9987
9924
9953
9842
9921
9989
9864
9928
9904
9976
9963
9915
9975
9969
9913
9983
9735
9870
9925
9737
9883
9927
9950
9827
9947
9942
9954
9850
9911
9870
9973
9957
9944
9909
9999
9891
9913
9776
9821
9923
9960
9750
9906
9759
9927
9968
9936
9942
9806
9917
10000
9847
9841
9941
9973
9813
9886
9894
9935
9937
9765
9870
9983
9908
9899
9869
9885
9933
9891
9949
9756
9915
9905
9910
9889
9938
9928
9965
9923
9881
9957
9944
9991
9945
9952
9809
10000
9989
9935
9787
9937
9903
9949
9983
9719
9870
9889
9887
9884
9941
9842
9968
9919
9909
9902
9932
9990
9906
10000
9963
9894
9915
9871
9929
9979
9892
9845
9972
9886
9758
9933
9889
9847
9923
9914
9915
9920
9948
9939
9937
9850
9958
9964
9868
9946
9882
9951
9839
9954
9943
9997
9872
9930
9946
9947
9975
9858
9982
