9954
9927
9876
9954
9913
9892
9982
9932
9818
9932
9837
9831
9962
9836
9899
9832
9801
9972
9781
9883
9771
9822
9965
9935
9919
9811
9912
9928
9966
9953
9819
9997
9932
9969
9982
9926
9931
9774
9998
9966
9903
9965
9980
9963
9915
9868
9886
9947
9980
9852
9830
9859
9821
9933
9939
9913
9988
9922
9844
9975
9939
9957
9889
9993
9918
9839
9916
9806
9955
9921
9986
9870
9954
9884
9980
9951
9944
9873
9775
9902
9907
9876
9878
9974
9915
9938
9938
9947
9920
9837
9889
9942
9952
9881
9924
9921
9924
9863
9986
9857
9851
9925
9924
9742
9914
9926
9957
9922
9903
9852
9899
9919
9949
9930
9904
9856
9869
9993
9815
9897
9933
9986
9937
9923
9958
9815
9942
9953
9997
9936
9896
9938
9927
9944
9974
9972
9838
9983
9910
9929
9914
9896
9998
9909
9909
9987
9909
9813
9894
9962
9986
9909
9900
9861
9883
9955
9874
9893
9866
9870
9957
9901
9821
9973
9970
9877
9979
9885
9968
9879
9890
9879
9867
9796
9934
9948
9775
9959
9780
9903
9885
9933
9995
9910
9875
9914
9999
9954
10000
9927
9801
9933
9943
9959
9926
9877
9948
9750
9999
9979
9894
9945
9911
9856
9879
9942
9732
9985
9995
9863
9972
9923
9896
9904
9906
9905
9946
9810
9993
9942
9914
9890
9835
9942
9916
9888
9885
9846
9955
9939
9770
9884
9798
9817
9939
9940
9843
9973
9793
9963
9819
9970
9945
9830
9986
9925
9939
9940
9922
9956
9859
9889
9881
9888
9951
9932
9757
9986
9921
9847
9793
9907
9921
9921
9822
9879
9847
9926
9926
9904
9953
9773
9890
9963
9915
9971
9841
9801
9902
9934
9828
9910
9880
9832
9995
9762
9886
9937
9992
9852
9929
9935
9930
9797
9918
9970
10000
9770
9959
9768
9942
9994
9894
9909
9872
9804
9908
9954
9913
9845
9922
9968
9913
9924
9945
9834
9894
9894
9956
9838
9907
9864
9960
9922
9900
9984
9906
9912
9842
9830
9909
9848
9960
9969
10000
9934
9973
9762
9986
9960
9992
9909
9872
9947
9855
9784
9920
9901
9972
10000
9917
9913
9971
9848
9920
9938
9795
9992
9885
9883
9975
9948
9852
9780
9871
9902
9910
9956
9928
9998
9940
9932
9931
9872
9797
9980
9936
9929
9919
9884
9927
9914
9990
9874
9745
9896
9842
9966
9967
9948
9877
9916
9934
9959
9769
10000
9865
9867
9983
9963
9918
9903
9932
9890
9910
9951
9982
9840
9991
9950
9918
9883
9903
9954
9929
9866
9946
9954
9975
9987
9992
9942
9913
9979
9952
9963
9902
9746
9964
9856
9886
9827
9954
9825
9929
10000
9955
9960
9901
9930
9929
9927
9925
9905
9865
9841
9925
9899
9927
9907
9909
9902
9904
9974
9885
9849
9915
9917
9952
9913
9861
9923
9916
9972
9972
9936
9938
9807
9862
9941
9846
9876
9888
9941
9769
9885
9984
9871
9960
9885
9986
9907
9885
9906
9952
9971
9829
9904
9925
9908
9855
9904
9906
9925
9837
9900
9827
9848
9837
9930
9890
9975
9945
9958
9902
9951
9885
9874
9928
9811
9874
9964
9928
9973
9951
9950
9908
9904
9957
9993
9935
9965
9961
9876
9854
9894
9918
9967
9978
9889
9934
9869
9868
9960
9890
9880
9879
9887
9897
9877
9921
9871
9946
9921
9959
9931
9827
9974
9971
9888
9909
9929
9858
9937
9969
9919
9906
9924
9925
9935
9910
9919
9897
9940
9853
9854
9946
9768
9996
9980
9931
9978
9955
9965
9926
9965
9860
9947
9963
9908
9944
9889
9983
9959
9970
9867
9869
9932
9931
9918
9895
9853
9887
9759
9858
9837
9851
9884
9982
9899
9955
9961
9885
9850
9854
9967
9911
9953
9908
9903
9850
9947
9858
9856
9936
9893
9930
9969
9926
9891
9849
9891
9953
9988
9920
9817
9924
9839
9895
9909
9909
9740
9979
9904
9904
9927
9881
9924
9976
9901
9835
9977
9901
9934
9905
9953
9974
9798
9898
9945
9884
9986
9979
9923
9821
9948
9976
9841
9928
9938
9918
9976
9862
9810
9962
9975
9967
9795
9927
9875
9730
9942
9833
9896
9949
9884
9979
9988
9972
9790
9965
9844
9900
9919
9953
9987
9992
9946
9908
9997
9953
9777
9948
9916
9839
9999
9904
9935
9935
9871
9868
9846
9809
9884
9885
9985
9821
9893
9902
9891
9909
9837
9925
9939
9993
9887
9901
9963
9859
9982
9900
9945
9916
9984
9932
9949
9866
9982
9828
9889
9864
9936
9922
9972
9893
9963
9960
9967
9987
9881
9910
9903
9941
9992
9898
9931
9992
9987
9954
9959
9958
9952
9863
9984
9909
9966
9957
9948
9893
9853
9891
9911
9986
9990
9894
9905
9886
9865
9855
9950
9893
9828
9929
9953
9887
9880
9885
9838
9930
9920
9740
9945
9880
9869
9963
9729
9910
9890
9965
9948
9742
9946
9878
9923
9920
9937
9874
9976
9933
9990
9762
9914
9963
9891
9945
9999
9977
9900
9867
9971
9937
9918
9917
9924
9968
9914
9918
9862
9941
9737
9867
9909
9903
9962
9963
9916
9957
9934
9933
9848
9939
9900
9813
9824
9912
9866
9834
9942
9815
9886
9952
9880
9839
9953
9848
9830
9888
9964
9943
9911
9975
9880
9974
9899
9931
9896
9870
9835
9745
9994
9907
9988
9957
9945
9886
9916
9970
9994
9968
9891
9950
9908
9901
9933
9876
9644
9904
9940
10000
9932
9855
9976
9908
9919
9974
9882
9893
9945
9933
9957
9954
9948
9950
9944
9972
9949
9928
9930
9891
9808
9999
9878
9912
9949
9924
9728
9862
9908
9973
9948
9996
9882
9821
9879
9860
9953
9851
9964
9891
9987
9863
9872
9860
9937
9940
9871
9886
9938
9779
9856
9950
9817
10000
9997
9935
9920
9995
9908
9852
9912
9971
9864
10000
9896
9923
9714
9970
9923
9896
9951
9977
9866
9947
9954
9996
9887
9803
9929
9958
9952
9797
9850
9969
9952
9991
9942
9843
9921
9936
9933
9909
9955
9868
9971
9927
9864
9914
9893
9903
10000
9973
9894
9942
9949
9943
9961
9850
9985
9934
9883
9851
9795
9958
9825
9944
9900
9886
9888
9919
9861
