9898
9876
9922
9921
9849
9944
9833
9753
9968
9863
9745
9953
9957
9961
9924
9846
9797
9954
9948
9881
9920
9869
9963
9865
9874
9870
9947
9867
9947
9943
9879
9980
9874
9939
9871
9881
9877
9886
9930
9792
9906
9923
9911
9889
9836
9971
9897
9862
9892
9903
9949
9883
9928
9950
9911
9937
9929
9930
9819
9964
9885
9866
9986
9821
9873
9726
9881
9925
9976
9831
9990
9911
9919
9980
9902
9930
9674
9853
9886
9952
9926
9963
9947
9800
9880
9945
9893
9841
9944
9851
9978
9964
9960
9882
9922
9878
9935
9943
9884
9952
9829
9936
9779
9932
9952
9969
9946
9866
9862
9887
9931
9947
9933
9900
9969
9992
9926
9786
9926
9949
9916
9816
9658
9956
9981
9939
9856
9818
9967
9945
9899
9883
9927
9969
9917
9869
9856
9880
9958
9952
9850
9947
9999
9788
9856
9938
9869
9867
9916
9846
9909
9944
9934
9807
9951
9786
9896
9922
9833
9902
9920
9961
9884
9900
9923
9849
9917
9783
9917
9838
9841
9964
9728
9958
9931
9995
9848
9892
9829
9861
9926
9931
9945
9971
9964
9920
9920
9859
9842
9886
9994
9882
9834
9939
9972
9920
9846
9922
9936
9925
9982
9920
9911
9866
9916
9909
9836
9873
9798
9928
9954
9836
9973
9851
9977
9783
9959
9953
9855
9818
9930
9835
9800
9914
9927
9812
9879
9919
9969
9883
9919
9838
9963
9943
9940
9882
9912
9861
9776
9928
9839
9968
9965
9944
9843
9914
9941
9954
9900
9934
9898
9888
9955
9818
9874
9958
9949
9917
9891
9944
9936
9905
9916
9868
9944
9948
9837
9933
9928
9853
9844
9926
9879
9967
9925
9956
9937
9888
9869
9883
9921
9911
9931
9704
9846
9880
9782
9961
9999
9964
9925
9885
9834
9948
9959
9932
9882
9883
9852
9896
9904
9918
9938
9955
9880
9935
9936
9928
9907
9923
9929
9781
9918
9943
9901
9955
9990
9954
9958
9877
9832
9987
9931
9914
9842
9855
9906
9847
9935
9869
9834
9894
9883
9976
9938
9725
9927
9927
9991
9929
9764
9861
9976
9879
9844
9953
9868
9847
9831
9804
9915
9912
9898
9893
9946
9730
9917
9850
9849
9889
9988
9940
9939
9830
9950
9893
9890
9878
9862
9873
9947
9932
9859
9971
9955
9761
9889
9966
9884
9913
9957
9969
9896
9865
9927
9925
9944
9910
9786
9888
9937
9972
9898
9850
9954
9925
9832
9991
9968
9943
9889
9840
9963
9823
9930
9802
9893
9950
9983
9936
9981
9894
9927
9894
9871
9986
9906
9883
9942
9915
9930
9909
9938
10000
9945
9956
9938
9937
9944
9874
9880
9899
9916
9843
9961
9914
9987
9864
9874
9808
9801
9860
9860
9910
9896
9900
9904
9838
9947
9916
9940
9878
9888
9949
9957
9914
9900
9881
9942
9911
9848
9904
9930
9891
9865
9974
9912
9889
9880
9949
9953
9929
9868
9891
9944
9893
9898
9902
9953
9970
9858
9791
9936
9986
9885
9926
9800
9959
9847
9921
9936
9961
9951
9850
9966
9914
9947
9812
9964
9772
9933
9853
9950
9905
9856
9925
9910
9907
9996
9940
9888
9966
10000
9985
9794
9755
9932
9829
9952
9916
9951
9962
9792
9981
9997
9928
9969
9958
9988
9860
9962
9817
9941
9974
9947
9898
9952
9919
9868
9944
9910
9838
9951
9918
9934
9675
9966
9890
9909
9904
9866
9852
9859
9912
9994
9847
9944
9846
9802
9888
9880
9914
9889
9923
9886
9999
9867
9977
9979
9896
9764
9898
9936
9957
9912
9996
9986
9894
9875
9855
9795
9845
9928
9966
9922
9889
9935
9959
9868
9982
9962
9839
9954
9809
9929
9864
9953
9854
9954
9897
9833
9960
9961
9932
9993
9940
9963
9921
9846
9805
9952
9877
9947
9941
9918
9972
9758
9899
9897
9953
9900
9898
9754
9798
9932
9982
9997
9949
9903
9922
9842
9906
9992
9988
9922
9916
9943
9867
9993
9949
9852
9946
9870
9933
9938
9908
9783
9898
9957
9951
9904
9978
9968
9906
9893
9882
9940
9954
9906
9976
9890
9867
9840
9900
9971
9850
9942
9921
9951
9984
9954
9940
9922
9862
9870
9877
9918
9950
9968
9965
9860
9958
9999
9883
9902
9853
9911
9858
9830
9841
9962
9733
9952
9952
9966
9837
9949
9958
9828
9902
9993
9931
9897
9863
9956
9933
9984
9946
9921
9906
9892
9888
9892
9796
9943
9996
9884
9953
9797
9950
9871
9942
9907
9900
9891
9941
9927
9798
9983
9930
9826
9975
9945
9798
9935
9939
9890
9962
9983
9812
9939
9967
9972
9967
9947
9859
9795
9918
9854
9885
9922
9903
9923
9837
9909
9911
9910
9985
9912
9918
9953
9805
9915
9936
9982
9827
9886
9929
9900
9910
9948
9893
9936
9946
9890
9972
9944
9924
9926
9727
9905
9997
9937
9902
9752
9883
9961
9864
9906
9946
9916
9955
9864
9986
9795
9861
9869
9980
9973
9926
9893
9927
9881
9899
9870
9937
9967
9788
9984
9891
9871
9958
9911
9944
9870
9905
9945
9900
9860
9977
9847
9894
9817
9819
9922
9913
9923
9940
9929
9853
9745
9911
9821
9949
9840
9914
9925
9912
9923
10000
9756
9810
9884
9846
9936
9978
9926
9917
9924
9973
9892
9979
9822
9966
9920
9962
9916
9891
9928
9839
9898
9888
9857
9920
9956
9931
9973
9932
9970
9915
9876
9953
9923
9927
9884
9851
9940
9918
9943
9872
9985
9836
9856
9946
9948
9844
9862
9885
9968
9957
9832
9843
9917
9890
9883
9712
9926
9961
9840
9963
9950
9993
9919
9871
9973
9942
9954
9934
9973
9964
9861
9945
9878
9881
9860
9950
9858
9957
9949
9860
9837
9973
9952
9907
9912
9917
9888
9921
9907
9962
9908
9925
9864
9936
9955
9909
9964
9891
9929
9850
9831
9879
9946
9828
9957
9906
9946
9918
9917
9985
9914
9885
9922
9939
9915
9801
9927
9986
9931
9911
9804
9863
9923
9957
9664
9964
9925
9921
9898
9946
9863
9954
9881
9908
9890
9847
9838
9847
9943
9978
9851
9871
9907
9804
9905
9855
9945
9930
9857
9949
9921
9846
9959
9928
9919
9992
9823
9953
9951
9946
