9933
9949
9920
9925
9979
9954
9890
9998
9905
9801
9900
9871
9977
9802
9929
9673
9975
9927
9907
9931
9927
9870
10000
9995
9901
9950
9976
9868
9989
9881
9954
9857
9873
9960
10000
9975
10000
9816
9911
9995
9839
9882
9985
9918
9959
9942
9817
9961
10000
9814
9804
9955
9988
9964
9912
10000
9891
9885
9912
9932
10000
9941
9776
9871
9987
10000
9932
9923
9864
9997
9946
9969
9957
9963
9950
9848
9994
9829
9931
9915
9987
9989
9867
9973
9999
9935
9996
10000
10000
9882
9865
9957
9926
9998
10000
9927
9953
9935
9921
10000
9915
9999
9918
9899
9979
9998
10000
10000
9988
9867
9996
9947
9973
9958
9912
9860
9993
9964
9927
9976
9955
9978
9900
9968
9939
9929
9834
9889
9983
9971
9985
9998
9868
9999
9902
9906
9932
9864
9969
9817
9999
9890
9960
9891
9998
9999
9933
9998
9610
9946
9870
9937
10000
9954
9998
10000
9849
9942
9848
9918
9998
9996
9999
9962
9784
9847
9996
9924
9916
9922
9937
9992
9916
9929
9959
9968
9993
9857
9904
9972
9858
9969
9849
9826
9994
9953
9904
9951
9907
9869
9984
9921
9933
9868
9981
9845
9995
9990
9936
9939
9995
9886
9991
9993
9969
9991
9899
9995
9910
9767
9999
9977
9999
9998
9979
9995
9995
9861
9953
9996
9807
9893
9990
9999
9931
9995
9961
9896
9940
9952
9939
9760
9967
9992
9996
9993
9985
9913
9968
9926
9991
9995
9877
9954
9997
9995
9892
9996
9941
10000
9865
9947
9956
10000
9912
10000
9956
9966
9859
9986
9953
9970
9930
10000
10000
9970
9881
9887
9986
9921
9984
9995
9994
9926
9921
9986
9917
9955
10000
9995
9969
9922
9973
9939
9908
9929
9895
9880
9881
9997
9994
9988
9872
9999
9999
9944
9844
9958
9985
9938
9990
9998
9917
9844
9888
9871
9792
10000
9980
9946
10000
10000
9997
9989
9997
9960
9912
9905
9805
9837
9871
9973
9960
9845
9955
9902
9897
9926
9962
9869
9834
10000
9954
9918
9929
9905
9897
10000
9985
9981
9966
9994
9842
9949
10000
9933
9882
10000
9903
10000
9947
9951
9875
9860
9894
9912
9878
9998
9868
10000
9991
9832
10000
10000
9886
9897
9981
9996
9972
9991
9995
10000
9969
9939
9932
9908
9978
9955
9850
9815
10000
9985
9876
9922
9948
9930
9999
9986
9935
9974
9999
9996
9914
9933
9919
9927
9975
9912
9873
9937
9927
10000
9903
9966
9808
9981
9933
10000
9913
9999
9983
10000
9983
9899
9950
9841
9868
9946
9943
10000
9885
9841
9877
9815
9987
9960
9888
9999
9893
10000
9986
10000
9993
9900
9996
9946
9969
9953
10000
9945
9787
9929
9999
9927
9885
9880
9805
9942
9916
9993
9882
9999
9853
9951
9950
9996
9946
10000
9968
9987
9998
9780
9997
9970
9895
9968
9899
9960
9913
9977
9947
9985
9941
10000
9999
9917
9953
9923
9894
9905
10000
10000
9982
9983
9993
9937
9898
9923
9938
9879
9937
9930
9999
9980
9941
10000
9878
9897
10000
9851
9922
9955
9923
9927
9917
9886
9997
9985
9970
9999
9991
9899
9920
9796
9909
10000
10000
9982
9892
9838
10000
9993
10000
9959
10000
9994
9996
9966
9999
9995
9974
9902
9959
9907
9895
10000
9999
9981
9993
9829
9979
9948
9996
9897
9901
9996
9903
9979
10000
9996
9992
9832
9998
10000
9979
9961
10000
9967
9834
9932
9996
9959
9888
9974
9838
9967
10000
9994
9980
9950
9901
9948
9916
9985
9999
9985
9979
9885
9996
9974
9998
9904
9947
9975
9906
9980
9955
9894
9868
9982
10000
9989
9969
9970
9913
9983
9938
9974
9888
9920
9977
9916
9812
9966
9974
9995
9889
9987
9948
9879
9961
9937
9891
9898
9964
10000
9997
9917
9952
9953
9987
9998
10000
9979
9920
9947
10000
9902
9915
9912
9975
9894
10000
9963
9851
10000
9988
9813
9848
9960
9935
9793
9922
10000
9998
9931
9980
9900
9855
9993
10000
9987
9894
9862
9901
9897
10000
9987
10000
9940
9952
10000
9944
10000
10000
9913
9996
9913
9999
9990
9942
9997
9998
9929
9896
9981
9967
9914
9851
9918
9929
9818
9921
9998
9990
9949
9840
9971
9988
9999
9975
9996
9999
9813
9917
10000
9875
10000
9912
9983
9949
9885
9998
9942
9928
9998
9987
9897
9926
9998
9921
9998
9960
9996
9869
10000
10000
10000
9935
10000
9870
9962
9887
10000
9875
9875
9996
9999
9993
9999
9991
9826
9992
10000
9962
9903
9935
9946
9907
9999
9918
9945
9922
9926
10000
9951
9974
9763
10000
9874
10000
9993
10000
9899
9910
9994
9982
9899
9941
9985
9920
9899
9991
9796
9991
9972
9956
9960
9974
9987
9878
9833
9890
9987
9916
9931
9899
9992
9824
9996
9932
9937
9923
9947
9992
9954
9953
9945
9967
9951
9989
9997
9904
9891
9968
9904
9932
9919
9995
9999
9998
9949
9976
9995
9977
9999
9963
9963
9907
9912
9994
9949
10000
9884
9910
9954
9947
9982
9949
9999
9978
9988
10000
9992
9866
9999
9838
9892
9857
9999
9999
9956
9999
9998
9956
9989
9824
9894
10000
9998
9941
9977
9944
9961
9955
9994
9994
9963
9898
10000
9998
9998
9908
9919
9999
9930
9947
9978
9957
10000
9877
10000
9787
9908
9978
9856
10000
9911
9878
9969
9999
9989
9924
9998
9933
10000
9996
9962
9803
9989
9990
9832
9958
10000
9990
9993
9906
9999
10000
9936
9894
9997
9910
9845
9969
9908
9919
9910
9990
9915
9903
9966
9820
9880
10000
9913
9994
9831
9878
9952
9997
9974
9915
9880
10000
10000
9903
9983
9861
9956
9946
9998
9995
9939
10000
9925
9997
9960
9990
9943
9807
9942
9994
9941
9998
9919
9918
9997
9904
9972
9908
9999
9996
9890
9952
9997
9992
9849
9969
9941
9786
9962
9825
9916
9966
9945
9994
9901
9914
9927
9892
9952
9975
9952
9977
9945
9890
9927
9998
9932
9988
9939
9892
9923
9877
10000
9840
9961
9937
10000
9996
9889
10000
9853
9998
9990
9841
9982
9998
9971
9962
9959
9892
9999
9991
9984
9968
10000
9928
9970
