9978
9934
9892
9965
9902
9968
9883
9980
9969
9933
9878
9915
9958
9874
10000
9872
9919
9891
9868
9902
9885
9974
9905
9958
9908
9874
9951
9877
9911
9924
9890
9879
9931
9928
9895
9806
9949
9931
9970
9920
9924
9966
9972
9873
9879
9939
9908
9738
9880
9875
9877
9958
9924
9828
9911
9937
9938
9763
9930
9995
9834
9930
9893
9893
9971
9950
9931
9952
9963
9938
9865
9887
9894
9979
9936
9942
9971
9911
9890
9938
9880
9934
9924
9967
9952
9910
9943
9940
9881
9902
9826
9867
9946
9969
9850
9914
9911
9779
9865
9928
9880
9944
9835
9939
9954
9872
9919
9986
9882
9857
9912
9905
9921
9853
9979
9870
9857
9867
9986
9935
9956
9964
9932
9883
9882
9995
9958
9889
9929
9924
9936
9947
9735
9887
9953
9834
9824
9933
9879
9937
9999
9926
9845
9989
9914
9900
9858
9967
9999
9911
9977
9940
9883
9860
9841
9874
9947
9966
9862
9882
9889
9994
9944
9769
9901
9957
9924
9937
9881
9901
9762
9921
9948
9918
9797
9855
9834
9908
9866
9936
9787
9961
9966
9919
9933
9812
9708
9952
9966
9992
9985
9927
9976
9945
9892
9910
9922
9938
9910
9941
9965
9968
9717
9904
9941
9963
9939
9979
9812
9996
9946
9938
9913
9969
9986
9935
9803
9898
9895
9983
9967
9958
9889
9972
9973
9909
9832
9913
9942
9795
9886
9884
9865
9973
9868
9707
9864
9811
9941
9962
9967
9941
9894
9937
9903
9976
9951
9925
9938
9997
9807
9910
9992
9854
9879
9835
9878
9887
9816
9981
9867
9936
9926
9956
9922
9999
9941
9931
9883
9965
9876
9788
9930
9962
9908
9912
9898
9956
9987
9864
9925
9997
9905
9689
9946
9911
9801
9838
9968
9980
9747
9916
9883
9741
9860
9957
9788
9960
9935
9910
9930
9954
9775
9875
9975
9889
9886
9916
9890
9953
9882
9884
9929
9880
9911
9938
9956
9861
9999
9930
9818
9901
9916
9886
9904
9997
9954
9960
9979
9822
9897
9851
9872
9835
9985
9839
9939
9855
9946
9962
9963
9954
9957
9856
9817
9823
9735
9930
9884
9965
9866
9982
9882
9881
9916
9899
9841
9963
9809
9945
9845
9956
9830
9895
9855
9913
9909
9973
9952
9869
9918
9879
9898
9951
9970
9969
9890
9994
9955
9958
9925
9940
9920
9936
9884
9889
9837
9925
9871
9674
9889
9903
9856
9964
9861
9937
9834
9880
9815
9885
9853
9922
9983
9912
9828
9896
9894
9916
9935
9975
9925
9921
9970
9851
9854
9907
9895
9842
9954
9950
9872
9940
9958
9884
9998
9997
9899
9917
9862
9989
9990
9812
9833
9948
9849
9965
9874
9907
9873
9933
9942
9897
9895
9919
9797
9909
9948
9946
9896
9703
9971
9799
9956
9928
9952
9891
9977
9852
9915
9894
9827
9923
9935
9904
9895
9931
9974
9923
9979
9953
9963
9898
9897
9939
9963
9890
9944
9984
9959
9974
9923
9956
9860
9842
9981
9895
9889
9788
9852
9903
9954
9892
9877
9873
9898
9873
9954
9838
9900
9920
9921
9955
9930
9931
9994
9938
9900
9976
9862
9906
9954
9961
9830
9907
9848
9983
9939
9940
9929
9921
9839
9953
9953
9774
9858
9927
9954
9909
9866
9892
9886
9892
9912
9889
9937
9924
9859
9824
9890
9895
9874
9909
9935
9900
9935
9893
9938
9840
9989
9842
9965
9900
9927
9839
9894
9856
9962
9846
9987
9923
9938
9920
9928
9961
9840
9938
9916
9948
9767
9914
9957
9867
9896
9845
9942
9952
9735
9822
9975
9977
9922
9880
9961
9847
9920
9928
9953
9835
9943
9927
9860
9917
9906
9959
9861
9899
9911
9934
9914
9974
9879
9931
9948
9952
9913
9868
9924
9881
9831
9809
9956
9896
9947
9918
9838
9896
9937
9929
9899
9972
9820
9849
9988
9904
9933
9896
9836
9865
9924
9980
9880
9979
9925
9967
9943
9891
9920
9948
9867
9767
9854
9938
9935
9971
9866
9906
9811
9929
9883
9892
9794
9929
9955
9887
9952
9926
9909
9913
9952
9919
9942
9756
9908
9853
9911
9906
9935
9785
9951
9953
9755
9929
9889
9943
9859
9792
9909
9952
9874
9983
9922
9898
9902
9869
9865
9886
9875
9840
9943
9912
9887
9961
9867
9996
9883
9920
9849
9857
9878
9945
9982
9845
9860
9890
9972
9856
9911
9961
9963
9959
9928
9864
9906
9914
9979
9957
9843
9900
9860
9954
9840
9829
9920
9939
9846
9925
9888
9971
9931
9937
9995
9905
9903
9938
9969
9808
9964
9861
9887
9881
9730
9946
9947
9986
9858
9896
9830
9904
9964
9933
9867
9956
9829
9941
9792
9961
9916
9976
9943
9897
9918
9874
9894
9919
9811
9926
9833
9957
9910
9901
9955
9867
9825
9996
9936
9817
9872
9967
9842
9935
9803
9984
9879
9866
9929
9942
9846
9968
9935
9956
9925
9915
9737
9940
9848
9903
9963
9836
9881
9947
9927
9898
9912
9884
9857
9895
9917
9868
9954
9872
9910
9951
9905
9891
9923
9877
9849
9910
9956
9948
9864
9933
9951
9817
9896
9911
9930
9843
9982
9771
9938
9779
9935
9908
9910
9910
9908
9740
9958
9945
9829
9912
9927
9832
9951
9907
9882
9912
9916
9923
9912
9874
9880
9744
9997
9784
9927
9916
9919
9919
9874
9902
9883
9834
9898
9856
9772
9924
9917
9950
9844
9925
9867
9934
9962
9927
9921
9932
9963
9913
9962
9824
9905
9952
9869
9958
9887
9893
9887
9865
9896
9940
9912
9912
9923
9986
9902
9890
9815
9903
9727
9795
9943
9834
10000
9873
9939
9903
9842
9976
9924
9934
9960
9888
9964
9860
9838
9846
9930
9890
9892
9849
9809
9817
9907
9930
9844
9937
9895
9952
9954
9902
9986
9763
9885
9925
9881
9893
9920
9792
9907
9883
9884
9809
9947
9887
9917
9982
9943
9830
9996
9866
9932
9963
9857
9883
9781
9766
9963
9873
9875
9960
9832
9891
9784
9768
9850
9941
9938
9999
9909
9924
9874
9860
9919
9816
9878
9906
9954
9842
9877
9956
9943
9931
9907
9965
9893
9886
9916
9956
9894
9902
9976
9844
9996
9924
9948
9973
9925
9770
