9825
9034
9874
10000
10000
9885
9667
10000
9486
9625
9840
9800
9688
9823
9687
9873
9358
9951
9877
9940
9692
9843
9558
9491
9604
8987
9897
9504
9373
9427
9536
9244
9929
9808
9483
9939
9824
9744
9910
9777
9812
9946
9714
10000
10000
10000
9685
9876
9719
9928
9907
9963
9955
9158
9836
9865
9817
9897
9953
9694
10000
9056
9997
10000
9820
9339
9887
9414
9852
9648
9870
9892
9638
9515
10000
9955
9550
9632
8890
9922
9805
9267
9578
9849
9690
9829
9955
9394
9257
8671
9005
9836
9629
9908
9555
9861
9799
8729
9609
9936
9727
9933
9975
9771
9868
9893
9851
9742
9800
9432
9742
9446
9602
9514
9967
9869
9842
9784
9989
9164
9902
9954
9055
9912
9351
9903
9152
9270
9837
9836
9879
9870
9478
9861
9572
9996
9590
10000
9789
9835
9862
9552
9909
9657
9883
10000
9535
9923
10000
9832
9812
9753
9638
9916
9959
10000
10000
9551
9958
10000
9993
9854
9700
9628
10000
9808
9872
10000
9981
9842
9741
9391
10000
9663
9903
9678
9813
9841
9856
9811
9467
9944
9877
9856
9900
9767
9997
9616
10000
10000
10000
9852
10000
9797
9164
9941
9406
9549
10000
9838
9991
9811
10000
9839
9879
9933
10000
10000
10000
9875
9896
9836
9132
9790
8580
9734
9878
9886
9669
9539
9881
9261
9391
9147
9893
10000
9623
9865
10000
9766
10000
9905
9764
9930
9547
9818
9881
9773
9852
9533
9936
10000
9477
9991
9806
8900
9707
9717
9147
9882
9946
9792
10000
9870
10000
8920
9721
9297
10000
9690
8731
10000
10000
9895
10000
9995
9999
9709
10000
9882
9971
9591
9910
9882
9976
9878
9577
9903
9750
9852
9583
9721
9638
9767
9751
9866
9905
10000
9890
9651
9422
9816
9660
9854
9684
9814
9601
9665
9727
9952
9346
10000
10000
9695
9556
9496
9683
9577
9815
9883
9842
9462
9577
9493
9805
9369
8997
9087
9582
9488
9918
9838
8926
10000
9900
9730
9857
9574
10000
9984
9846
9880
9950
9936
9206
10000
9174
9973
9467
9866
9678
9400
9645
9882
9619
9906
10000
9845
9955
9813
9472
9512
9821
9801
9587
9887
9861
9818
9612
9664
9795
9836
10000
9797
9512
9587
10000
9735
9471
10000
8880
10000
9892
9866
10000
9489
9227
9606
9952
9794
9105
10000
9861
9360
9924
9786
9671
9914
10000
9888
9813
9680
9758
9824
9970
9473
10000
9148
9401
9523
9830
9865
9852
10000
9801
9869
9985
10000
9810
9675
9830
9723
9900
9852
9770
10000
9923
9759
9995
9847
9986
10000
10000
9620
9476
9563
9533
10000
9857
10000
9683
9866
9429
9852
9668
9852
9859
9594
10000
9822
9805
9601
9880
9814
9863
9919
9610
10000
9923
9911
9939
9820
9940
9934
9795
10000
9484
9804
9658
9969
9784
9883
9758
9853
10000
9894
9924
9781
9904
9823
9715
9815
9949
9295
9924
9946
9942
9668
9698
9772
9726
9882
10000
10000
8843
9858
10000
9395
9858
9713
9954
10000
9696
9673
9595
10000
9622
9386
9715
9573
9763
9939
9929
9863
9483
9471
9866
10000
10000
9614
9408
9773
9884
9891
9115
9789
10000
9267
10000
10000
9398
9160
10000
9873
9831
9718
9893
9440
10000
9431
9875
9877
8622
9934
9780
9983
9695
9906
9880
8993
10000
9521
10000
9821
9215
9950
9747
8834
9871
9783
9993
9864
9310
9874
9741
9182
9824
9853
9961
9455
9867
9847
9907
9136
9281
9803
9791
9975
9061
9439
9536
10000
9432
10000
10000
9447
8861
9927
9936
9893
9992
9590
10000
9408
10000
9932
9899
9700
10000
9537
9963
9597
9936
9111
10000
9672
9512
9889
9952
9752
10000
9400
9905
9921
9612
9926
9115
10000
10000
9701
9695
9892
9586
9881
9303
9752
9966
9961
9907
9910
9862
9894
9793
9683
9836
9893
9652
10000
9919
10000
10000
9917
9591
9846
9899
9710
9938
9943
9816
10000
9240
9669
9812
9423
9976
9745
9631
8938
10000
10000
9713
9968
9493
10000
9755
10000
9565
10000
10000
9891
10000
9298
9932
9555
9873
9967
9839
9627
9588
9575
9294
9473
9686
10000
9908
9537
9699
9931
9342
10000
10000
8955
9797
9967
9924
9308
10000
9226
9948
9907
9682
10000
9943
9828
9276
9831
9487
9616
10000
9766
9757
9826
9766
9964
9808
9880
9602
9460
9284
9863
10000
9865
9847
10000
9760
9762
9454
9929
10000
9753
9942
10000
9886
9749
10000
9868
9291
9925
9784
9870
9916
9169
9687
10000
9878
9726
9699
9948
9987
9560
9846
10000
9288
9917
9927
9877
9966
9495
9898
9446
9742
9873
9884
9791
9715
10000
9830
9655
9753
9586
9853
9647
9861
9627
10000
9514
9633
10000
9842
9735
9421
9901
9991
10000
9944
9911
8914
9953
9891
9833
9763
8718
9735
10000
9653
9591
9615
9042
10000
9950
9689
9476
9943
9972
9964
9717
9269
9944
9603
9953
9686
9415
9797
10000
9966
9933
9535
9708
9547
8700
10000
9985
9933
10000
9689
9809
9348
9388
10000
9947
9674
9819
8852
9888
9543
9958
9750
9755
9902
9693
9868
9997
9874
9016
9706
9631
10000
9955
9709
9398
9765
9330
9857
9904
9517
9844
9888
9801
9923
9815
9929
9727
9917
9138
10000
10000
9627
9995
9544
9862
10000
9829
9160
9937
10000
9504
9793
9860
9838
10000
9080
9954
9529
10000
9368
9893
9856
9992
9671
9815
9877
9618
9484
9742
9840
9900
10000
9665
9686
10000
9171
9951
9688
10000
9851
9932
9746
9923
9405
9893
9953
9440
9556
10000
9745
9829
9952
9305
9633
10000
10000
10000
9192
10000
9569
9947
10000
9408
9711
9303
9718
9556
9812
9607
9492
9927
9358
9504
9730
9834
9889
9534
9908
9764
9875
10000
9982
9937
9896
9966
9920
10000
10000
9901
9856
9852
9819
9774
9655
9991
9962
9415
9401
9104
9809
9906
9835
10000
9934
9999
9425
9097
9795
9488
9645
9741
9783
8877
10000
8513
10000
9379
9868
9073
9437
8739
10000
9914
9316
9527
10000
9757
9976
9558
10000
10000
9668
9751
9748
9944
9755
9379
9973
9766
9866
9538
9650
9451
9223
9968
