10000
9158
9276
10000
9512
10000
10000
10000
9773
10000
10000
10000
10000
10000
8727
10000
9202
10000
10000
9694
10000
10000
9594
10000
10000
10000
10000
10000
10000
9809
10000
10000
10000
10000
10000
10000
8995
9868
10000
9151
9848
8594
8651
10000
10000
10000
10000
10000
10000
10000
9584
10000
10000
10000
8867
9802
10000
10000
9739
9659
9586
9751
10000
9783
8663
10000
9462
10000
9909
9862
10000
8614
9433
9421
10000
9953
10000
9727
9120
8753
10000
9956
9994
10000
10000
8630
8403
9575
10000
9876
10000
8102
9468
9982
10000
10000
10000
9016
9425
9960
10000
10000
10000
10000
10000
9489
10000
10000
10000
10000
10000
10000
9824
10000
10000
10000
9512
9663
9576
10000
9693
10000
10000
10000
10000
9203
10000
10000
9926
9292
10000
10000
9657
9632
9924
10000
10000
10000
9321
10000
10000
10000
10000
10000
9594
10000
9696
9423
10000
10000
10000
9857
10000
10000
9907
10000
10000
10000
10000
10000
8765
10000
9744
10000
10000
9828
10000
10000
10000
10000
10000
10000
9705
9673
10000
10000
10000
10000
9136
9769
10000
9967
10000
10000
10000
9337
10000
10000
10000
9624
10000
10000
10000
10000
10000
9468
10000
10000
10000
10000
10000
10000
10000
9769
8941
8622
10000
9844
9170
9556
10000
10000
10000
10000
10000
10000
9544
10000
10000
10000
9786
10000
9078
10000
9694
10000
9955
10000
8852
10000
10000
10000
10000
9427
10000
10000
10000
10000
9157
10000
10000
10000
10000
9120
9530
10000
9886
10000
10000
10000
10000
9539
9657
9263
10000
9918
10000
10000
10000
9456
10000
10000
8199
9859
10000
8899
10000
10000
10000
10000
8773
10000
10000
10000
9803
8668
10000
10000
10000
9842
9177
9884
10000
9718
10000
10000
10000
8897
10000
10000
10000
9954
10000
10000
10000
10000
10000
10000
10000
10000
10000
9573
9163
9136
10000
8592
10000
10000
9368
10000
10000
9883
10000
10000
8977
9143
9055
10000
9766
10000
10000
10000
9783
9640
10000
9798
10000
9963
8989
10000
10000
10000
9553
10000
9922
10000
10000
9713
9373
8749
9537
10000
10000
10000
9286
9988
9773
9849
10000
10000
9660
10000
9908
10000
10000
10000
10000
9793
9823
10000
9812
10000
8683
10000
10000
10000
9178
9577
10000
9785
9987
10000
9746
9336
10000
10000
10000
10000
9070
9294
10000
10000
10000
10000
10000
10000
8676
9235
10000
10000
9833
10000
10000
8952
10000
10000
10000
10000
10000
9624
10000
10000
9463
10000
9975
10000
10000
9144
9364
10000
10000
10000
10000
10000
9699
9817
10000
10000
10000
10000
10000
10000
10000
10000
9956
10000
10000
10000
9591
9129
10000
10000
9936
10000
10000
10000
10000
10000
9042
10000
10000
10000
10000
10000
9548
9832
10000
10000
9482
10000
9600
9875
9779
9081
10000
10000
9828
9616
10000
9952
9545
10000
9920
10000
9184
9903
10000
9624
10000
10000
9458
9763
10000
9548
10000
10000
10000
10000
9366
9804
10000
10000
10000
9908
9548
10000
10000
10000
10000
9685
10000
10000
10000
9276
10000
10000
9470
9162
10000
10000
9791
9990
10000
10000
9887
9420
10000
10000
8826
10000
9835
10000
9805
10000
10000
10000
10000
10000
10000
9327
10000
10000
10000
10000
9645
10000
10000
9888
8788
10000
10000
10000
10000
10000
10000
10000
9872
9635
10000
10000
10000
9184
10000
9255
10000
10000
10000
10000
10000
10000
10000
10000
9705
10000
10000
9597
10000
9994
10000
10000
9391
10000
9998
10000
10000
9745
10000
9398
8978
9964
9214
10000
10000
10000
9875
10000
9640
10000
9816
9811
9632
10000
8829
9154
9886
10000
9787
10000
10000
10000
8879
10000
10000
9959
10000
10000
10000
10000
10000
10000
10000
9761
10000
10000
10000
10000
10000
8650
9765
10000
8614
10000
10000
10000
9429
9937
10000
9754
9749
9689
10000
8728
9240
10000
10000
9647
10000
10000
9460
9871
10000
10000
10000
10000
10000
10000
9730
10000
9006
10000
9967
9799
9957
9962
10000
10000
9731
9616
10000
10000
9040
9548
10000
10000
10000
10000
10000
10000
9917
9780
9851
9578
9038
10000
10000
10000
9568
9514
9577
10000
10000
9757
10000
9088
9609
10000
10000
10000
10000
10000
9900
9702
8685
10000
9464
9933
8818
10000
10000
10000
10000
9795
9402
9721
9751
10000
10000
9878
10000
10000
9666
8889
9859
9934
10000
10000
9694
9977
10000
10000
9805
9556
9035
9089
10000
10000
9500
10000
10000
10000
9648
10000
9802
10000
10000
9944
10000
8584
8777
10000
10000
9750
10000
9920
9166
10000
9773
9851
10000
10000
9752
10000
10000
9964
10000
10000
10000
10000
9320
10000
10000
9289
9358
10000
10000
10000
9410
9427
10000
10000
9315
10000
9564
10000
9763
10000
10000
9600
10000
10000
9253
9503
10000
10000
10000
10000
10000
9173
10000
9838
9053
9515
10000
9791
9778
10000
10000
10000
10000
10000
9872
8796
9931
10000
9186
9701
10000
10000
10000
10000
10000
10000
10000
9479
10000
10000
8816
10000
9828
9092
10000
9685
9485
9815
9164
8492
9629
10000
10000
9794
10000
10000
10000
9782
9060
10000
9745
9574
9703
9974
8944
10000
10000
9617
9283
9692
10000
9386
10000
8783
10000
10000
9981
10000
9682
10000
9750
10000
10000
10000
9319
10000
9932
10000
10000
10000
10000
10000
9667
10000
10000
9378
10000
10000
10000
10000
9764
10000
10000
8693
10000
10000
10000
10000
9238
9591
10000
9746
10000
10000
10000
10000
10000
9528
9685
10000
10000
9904
10000
10000
10000
10000
9967
9368
10000
9581
10000
10000
10000
10000
9876
9655
9867
10000
10000
10000
10000
9943
8777
10000
9623
9559
10000
9300
10000
10000
10000
10000
10000
10000
10000
10000
10000
9753
10000
9689
10000
10000
10000
9790
10000
10000
10000
10000
9996
9222
10000
10000
9938
9182
9479
9863
8910
10000
10000
10000
9704
10000
10000
9502
10000
9315
9362
10000
9669
10000
8874
10000
9054
10000
9776
10000
10000
10000
10000
9227
9636
10000
9533
10000
10000
10000
9012
10000
10000
9663
10000
8767
10000
10000
10000
9946
10000
10000
10000
9408
9559
10000
10000
8712
9470
9915
10000
8790
10000
10000
9802
9874
10000
9958
