9868
9981
9878
9912
9880
9902
9847
9959
9995
9920
9898
9929
9943
9909
9875
9982
9883
9851
9903
9973
9869
9951
9961
9897
9937
9863
9857
9896
9901
9989
9903
9898
9881
9870
9963
9894
9970
9852
9990
9894
9923
9925
9908
9903
9965
9805
9922
9956
9925
9944
9782
9816
9856
9841
9914
9952
9859
9896
9872
9922
9933
9849
9909
9900
9841
9900
9902
9966
9869
9970
9937
9821
9953
9989
9888
9855
9932
9921
9871
9889
9875
9990
9948
9939
9810
9869
9956
9827
9948
9970
9913
9949
9973
9785
9923
9885
9920
9839
9917
9928
9995
9961
9839
9969
9949
9982
9850
9931
9922
9943
9932
9901
9869
9895
9967
9849
9959
9947
9956
9974
9955
9852
9927
9819
9975
9930
9811
9942
9986
9963
9909
9778
10000
9919
9887
9916
9831
9898
9906
9908
9892
9857
9965
9882
9811
9839
9899
9904
9869
9953
9991
9876
9977
9856
9916
9864
9978
9912
9858
9908
9885
9946
9941
9935
9948
9944
9991
9856
9900
9935
9870
9984
9889
9969
9935
9908
9928
9953
9798
9847
9884
9941
9884
9899
9870
9920
9920
9932
9943
9918
9900
9907
9952
9990
9918
9840
9961
9935
9941
9977
9916
9981
9917
9898
9830
9956
9903
9973
9963
9807
9972
9942
9926
9874
9784
9964
9798
9895
9916
9850
9940
9925
9772
9924
9858
9982
9929
9949
9895
9885
9902
9905
9871
9890
9969
9959
9782
9920
9914
9856
9845
9906
9911
9954
9945
9982
9909
9914
9855
9852
9773
9895
9891
9960
9990
9873
9986
9937
9798
9811
9715
9630
9936
9858
9956
9943
9880
9841
9793
9894
9958
9947
9916
9919
9969
9852
9965
9872
9811
9893
9836
9919
9911
9910
9911
9886
9911
9888
9953
9969
9925
9986
9977
9905
9852
9961
9956
9876
9974
9865
9925
9941
9959
9873
9796
9887
9928
9962
9820
9986
9960
9862
9865
9927
9964
9816
9959
9898
9924
9896
9946
9910
9888
9850
9813
9953
9890
9905
9942
9957
9732
9977
9891
9944
9843
9892
9999
9956
9978
9924
9931
9980
9890
9916
9931
9981
9982
9944
9886
9979
9887
9999
9976
9909
9910
9916
9838
9911
9878
9929
9825
9881
9955
9936
9925
9863
9949
9922
9965
9830
9815
9948
9925
9897
9885
9894
9958
9942
9895
9962
9975
9910
9917
9908
9930
9946
9867
9845
9895
9984
9908
9921
9967
9923
9885
9952
9924
9985
9808
9873
9947
9892
9979
9894
9909
9920
9915
9930
9903
9880
9846
9856
9932
9837
9860
9921
9959
9823
9935
9815
9955
9961
9691
9962
9940
9917
9960
9966
9867
9946
9969
9863
9957
9881
9946
9907
9943
9930
9993
9966
9963
9907
9913
9941
9880
9904
9862
9835
9881
9932
9934
9863
9866
9969
9894
9780
9952
9957
9951
9898
9868
9843
9928
9829
9895
9855
9965
9953
9875
9886
9910
9917
9979
9892
9923
9858
9886
9925
9860
9948
9882
9890
9776
9958
9969
9973
9870
9922
9940
9976
9904
9998
9942
9896
9921
9776
9905
9885
9900
9903
9891
9959
9895
9951
9866
9845
9933
9846
9971
9909
9959
9928
9828
9919
9933
9956
9897
9920
9893
9876
9920
9969
9974
9898
9848
9901
9909
9909
9986
9896
9936
9916
9914
9960
9886
9823
9912
9844
9916
9904
9937
9871
9893
9844
9831
9971
9983
9863
9822
9987
9916
9950
9928
9943
9925
9910
9803
9925
9950
9876
9726
9997
9975
9654
9936
9984
9929
9972
9824
9960
9875
9872
9998
9909
9924
9983
9998
9884
9867
9876
9904
9864
9823
9903
9877
9898
9917
9885
9891
9926
9954
9930
9895
9964
9858
9893
9943
9969
9954
9946
9909
9952
9970
9947
9886
9910
9962
9932
9969
9861
9915
9940
9866
9964
9938
9979
9930
9932
9931
9946
9935
9969
9995
9910
9899
9813
9915
9803
9757
9923
9907
9952
9926
9917
9937
9970
9863
9836
9815
9949
9882
9839
9941
9959
9871
9909
9965
9887
9841
9889
9862
9933
9841
9934
9841
9921
9780
9957
9863
9939
9910
9900
9892
9939
9913
9962
9947
9957
9958
9929
9887
9938
9819
9930
9868
9868
9918
9871
9941
9929
9864
9859
9923
9917
9888
9908
9926
9901
9848
9909
9816
9999
9863
9942
9986
9953
9875
9876
9923
9926
9948
9827
9870
9914
9958
9955
9943
9797
9754
9885
9880
9969
9935
9921
9848
9841
9992
9929
9895
9975
9935
9933
9954
9834
9951
9889
9945
9893
9951
9859
9932
9865
9876
9921
9966
9981
9934
9999
9798
9837
9719
9858
9951
9866
9943
9966
9928
9896
9877
9930
9971
9947
9937
9866
9953
9790
9978
9982
9960
9776
9945
9832
9953
9911
9928
9965
9889
9854
9872
9779
9903
9932
9851
9891
9875
9832
9850
9791
9944
9942
9943
9820
9947
9974
9948
9915
9924
9867
9852
9996
9867
9718
9890
9897
9899
9929
9975
9866
9948
9946
9875
9851
9835
9945
9846
9929
9965
9800
9819
9899
9853
9839
9888
9831
9926
9991
9950
9963
9885
9813
9759
10000
9932
9942
9919
9933
9937
9974
9877
9970
9942
9948
9831
9913
9899
9953
9888
9860
9896
9913
9885
9798
9906
9917
9799
9822
9890
9770
9984
9944
9906
9946
9997
9860
9947
9888
9962
9931
9849
9905
9800
9823
9908
9981
9947
9885
9897
9937
9979
9913
9952
9878
9918
9992
9822
9822
9898
9952
9924
9857
9821
9926
9958
9983
9788
9870
9930
9892
9889
9918
9936
9912
9891
9847
9849
9938
9884
9948
9808
9988
9807
9909
9834
9829
9795
9971
9882
9913
9903
9923
9958
9814
9900
9993
9936
9841
9791
9825
9914
9868
9951
9991
9926
9877
9934
9899
9946
9971
9773
9926
9924
9920
9935
9880
9912
9911
9995
9994
9903
9915
9960
9909
9809
9918
9972
9833
9934
9928
9836
9936
9996
9898
9929
9782
9883
9911
9917
9866
9746
9903
9898
9898
9932
9938
9900
9828
9801
9952
9863
9914
9907
9940
9953
9897
9910
9892
9913
9992
9855
9919
9920
9927
9921
9889
9969
9933
9984
9945
9947
9901
9876
9781
9893
9844
9938
9934
9726
10000
9928
9766
