9999
9995
9879
9972
9990
9992
9963
9948
9941
9951
9987
9974
9998
9966
9956
9968
9968
9999
9888
9935
10000
10000
9931
9935
9911
9943
9924
9943
9979
9918
9882
9921
9973
9957
9984
9975
9992
9936
9994
9904
9996
9961
9957
9977
9994
9995
9980
9858
9968
9944
9888
9845
9998
9920
9961
9903
9993
9999
9959
10000
10000
9996
9973
9930
9897
9982
9972
9946
9993
9987
9970
9889
9997
9922
9997
9982
9999
9920
9936
9985
9831
9997
9985
10000
9997
9926
10000
9875
9910
9977
9994
9978
9998
10000
9952
9999
9967
9979
9970
9986
9984
9998
9991
9970
9997
9995
9994
10000
9977
9987
9914
9987
9930
9882
9968
9947
9968
9975
9966
10000
9957
9801
9907
9999
9985
10000
9952
9976
9998
9955
10000
9999
9743
9933
9807
10000
9918
9995
9947
9993
9804
9982
9986
9978
9987
9926
9984
9940
9994
9887
9973
9943
9979
9949
10000
9937
9890
9953
9999
9986
9901
9928
9882
9999
9994
9998
9941
9929
9952
9994
9920
9983
9986
9943
9955
9998
9963
9961
9998
9844
9964
10000
9969
9826
9984
9974
9996
9864
10000
10000
9959
9937
9928
9930
9999
9990
9992
10000
9886
9915
9919
9995
9987
9842
9982
9929
9998
9965
9998
9972
9960
9869
9924
9998
9961
9955
10000
9968
10000
10000
9978
9998
9990
9888
9954
9993
9843
9957
9906
9974
9962
9990
9999
9903
9936
9933
10000
9958
9998
9986
9882
9991
9997
10000
9926
9983
9974
9996
9994
9963
9973
9951
9988
9990
9949
9984
9921
9611
9958
9976
9957
9996
9993
9995
9985
9978
9978
9854
9926
9977
9987
9976
9942
9791
9980
9973
9969
10000
10000
9961
9974
9979
10000
9892
9996
9943
9938
9947
9984
9989
10000
9998
9945
9987
9843
10000
9955
9975
9997
9980
9807
9993
9986
9944
9991
9999
10000
9990
10000
9991
9982
9873
9919
10000
9955
10000
9962
9860
9958
9967
9998
9918
9997
9981
9878
9935
10000
9996
9921
9902
9941
9998
9891
9967
9962
9920
9998
9916
9987
9950
9995
9998
9978
9928
9972
9973
9979
9968
9961
9986
9998
9949
9971
9997
9934
10000
9947
9987
9999
9997
9676
9992
9998
9996
9989
9934
9996
9999
9870
10000
9991
9949
9923
9950
9923
9917
9907
9998
9883
9954
9990
9997
9900
10000
10000
10000
9909
9999
9894
9923
9989
9967
9969
9999
9995
9985
9913
9984
9995
9996
9999
9884
9976
9760
9979
9999
9981
9996
9948
9984
9971
9949
9999
9989
9844
9998
9935
9976
9974
9966
9992
9978
9988
9980
9966
9997
9924
10000
9992
9971
9977
9999
9930
9991
9999
9870
9896
9971
9989
9862
9933
9952
9983
9999
9940
9964
9998
9957
9969
9932
9983
9937
9945
9899
9837
9902
9928
9993
9889
10000
9905
9994
9876
9971
9941
9946
9911
10000
9901
9907
9943
9880
9959
9993
9998
9999
9981
10000
9996
9906
9999
10000
9985
9997
9953
9999
9970
9996
9956
10000
9988
9982
9867
9968
10000
10000
9972
9892
10000
9911
9940
9961
9902
10000
9998
9968
9904
9855
9998
9873
9981
9953
9953
9964
9916
9956
9960
9984
9929
9997
9986
9945
9900
9914
9997
9999
9973
9813
9836
9984
9838
10000
9949
9956
9935
9949
9992
9897
9994
9822
9942
9999
9983
9990
9924
9965
9913
9839
9991
9947
9976
9932
9999
9911
9936
9878
9922
9992
9973
9934
9992
9945
9894
10000
9935
10000
9986
9915
10000
9873
9965
10000
9910
9992
9888
9997
9973
9997
9993
9915
9999
9992
10000
9957
9992
9824
9999
9958
9862
9942
9961
9973
9985
9906
9999
9941
9958
9918
9816
9988
9978
10000
9970
9978
9997
9998
9978
9985
9974
9950
9995
9999
9999
9984
9896
9961
9847
9949
9989
9930
9944
9933
9914
9905
9891
9862
9980
9999
9993
9986
9940
9986
9955
9933
9985
9988
9825
9952
9999
9930
10000
9969
9984
9914
10000
9952
9925
9989
9905
9971
9940
9967
9964
9909
9997
9946
9951
9976
9999
9946
9987
9887
9998
9999
9997
9989
9982
9967
9979
9912
9948
9966
9929
9981
9981
9882
9932
10000
9964
9917
9999
10000
9985
9959
10000
9998
9815
9990
9943
9992
9917
9947
9992
10000
9956
9986
9953
9987
9999
9996
9953
9999
9870
9896
9928
9992
9972
9994
9971
9988
9891
9924
10000
9903
9946
9999
9959
9996
9975
9973
9918
9963
9988
10000
9994
9965
9989
9924
9942
9997
9998
9951
9997
9992
9964
10000
10000
9859
9936
9982
9831
10000
9897
10000
9993
9998
9915
9894
10000
9936
9972
9923
9944
9981
9995
9931
9998
9999
9992
9952
10000
9981
9998
10000
9948
9999
9907
9959
9998
10000
9873
9934
9953
9870
9980
9926
9850
9995
9948
10000
10000
9987
9997
9998
9975
9910
9988
9941
9923
9988
9985
9906
9853
9935
10000
9999
9972
9961
9999
9986
9965
9900
10000
10000
9982
9967
9953
10000
9952
9890
9923
9964
9954
9906
9973
9953
10000
9979
9999
9991
9953
9999
10000
9988
10000
9967
9998
9963
9927
9992
9905
9984
9957
10000
9987
9952
9956
9976
9981
9883
9892
9973
9962
9999
9993
9970
9910
9989
9990
9928
9974
9962
9854
10000
9996
9893
9994
9967
9992
9796
9963
9996
9992
9985
9971
9985
9958
9999
9997
9945
9970
10000
9998
9947
9989
9960
9893
9978
9990
9913
9915
9983
9966
9996
10000
9998
9963
9921
9972
9965
9963
10000
9973
10000
9966
9942
9996
9999
9989
9956
9936
10000
9995
9978
9993
9988
9968
9928
9945
9953
10000
9983
9958
9958
10000
9939
9934
9999
9985
10000
9946
9998
9983
9859
9999
9906
9992
9925
9979
10000
9994
9996
9994
9992
9992
9999
9965
9998
9992
9803
10000
9998
9978
9968
9916
9992
9933
10000
9999
9946
10000
9994
9961
9893
9999
9800
9893
9985
9912
9899
9985
9944
10000
10000
9989
9951
9896
9986
9997
9992
9979
10000
9972
9914
9996
10000
9971
9980
9981
9934
9948
9992
9997
9993
9995
9958
9868
9989
9941
9958
9999
9941
9952
9998
10000
9995
9991
9935
9952
9981
