9693
9883
9866
9895
9917
9795
10000
9826
9881
9878
9943
10000
9873
9784
9927
9999
9851
9978
10000
9903
9824
10000
9986
9945
9874
9999
9996
9993
9895
9844
9861
9807
9885
9916
9797
9965
9926
9914
9999
9915
9893
9875
9893
10000
9949
9893
9767
10000
10000
9877
9772
9906
9999
10000
10000
9864
9846
9915
9841
9797
10000
9926
9786
9868
9999
9827
9883
9912
9847
9882
10000
9845
9917
9918
9943
9952
10000
10000
9868
10000
9971
9898
9973
10000
9891
9934
10000
9900
9896
9948
9993
9864
9848
9997
10000
9934
9963
9999
9998
10000
9998
9960
9996
9802
9942
10000
9906
9962
9952
9811
9859
10000
9947
9646
9807
9884
9877
9880
9884
9987
10000
9919
9961
9996
9960
9980
10000
9975
10000
9945
10000
9927
9839
9922
9788
9940
9869
9844
9939
9987
9922
10000
9918
10000
9926
9867
10000
9885
9934
9960
9971
9972
9941
9944
9992
9976
9974
9881
9990
9885
9917
9956
9914
9927
9840
9793
10000
9934
9996
9813
9939
9769
9892
9931
9966
9883
9890
9980
9997
10000
9967
9858
9930
9860
9956
9999
9900
9864
9872
9948
10000
9893
9919
9936
9997
9986
9945
9912
9962
9920
9860
9949
9743
9882
9887
10000
9826
9990
9966
9915
9953
9940
9833
9903
9843
10000
9992
9944
10000
10000
9852
9999
9857
9857
10000
9896
9817
9997
9927
10000
9929
9910
10000
9946
9889
9904
9937
9911
9961
10000
9907
10000
9956
9822
9955
9942
9894
9857
9950
9936
9839
9879
9889
9989
9759
9804
9824
10000
10000
9945
9909
10000
9962
10000
9967
9876
9972
10000
9888
9909
9973
9909
9881
9948
9882
9994
9895
10000
9950
9847
9889
9752
9907
10000
9930
10000
9898
10000
10000
9894
9847
10000
9851
9909
9968
9939
9953
10000
9959
9970
9743
9777
10000
9991
9992
9962
9953
9863
9900
9999
9949
9997
10000
9906
9936
9807
9883
9915
9889
9968
10000
9864
9957
9915
9886
9998
9925
9848
10000
10000
9998
9935
10000
10000
9992
9804
9873
9862
9912
9862
9926
9890
9888
10000
9953
9826
10000
9830
10000
9919
9878
9950
9903
9897
9785
9917
9999
9933
9908
9856
9938
9933
9949
10000
9960
10000
9983
9909
9964
9802
9818
9887
9875
10000
9999
10000
9915
9829
9933
9921
10000
10000
9917
9971
9909
10000
10000
9903
9974
10000
10000
9927
9930
9929
9802
9939
9945
9864
9889
9914
9966
9833
9947
9947
9897
9841
9943
9792
9882
9872
9957
10000
9866
9930
9910
9824
9867
9856
9986
9749
10000
9861
9967
9735
9930
10000
9937
9923
9945
9879
9835
9886
9860
9842
9997
9921
9997
9941
10000
9948
9830
10000
9877
9999
9865
9873
10000
9894
9876
9898
10000
9922
9993
9905
9963
10000
9999
9930
9832
9923
9961
9973
10000
10000
9906
10000
9991
9916
9847
10000
9920
10000
10000
9917
10000
9801
9932
9907
9864
9898
9943
9850
9888
9966
9931
9839
9854
10000
10000
9896
10000
9958
9869
9901
10000
9875
9905
9863
9886
9886
9994
9888
9943
9796
9959
9897
9999
9901
10000
9977
9987
9956
9855
9937
9999
9943
10000
9841
9989
10000
9920
9873
10000
9751
9843
9871
9813
10000
10000
9893
9874
9999
9992
10000
10000
9974
9938
9938
9963
9876
9897
9920
9894
9815
10000
9866
10000
10000
9923
10000
10000
9896
9869
10000
9999
9998
10000
9924
9818
9897
9972
9991
9866
9886
9837
9930
10000
9900
9910
9931
9969
9879
9746
9873
9934
9959
9908
10000
9875
9905
9887
9940
9917
9846
10000
9964
9969
9910
9953
9962
9938
9864
9991
10000
9885
10000
9911
9971
9841
9862
9937
9977
10000
9914
9857
9891
9745
10000
9936
9879
9922
9960
9882
9853
9922
9900
9912
9890
9925
9989
10000
10000
9842
9959
10000
9999
9946
9986
9921
9942
9988
9940
9997
9865
9971
9840
9928
9905
9902
9891
9913
10000
9983
9991
9953
9988
9965
9970
10000
10000
9914
9825
9967
9968
9870
9768
9959
9984
9932
9844
9881
9852
9995
9752
10000
9896
9930
9897
9933
9999
9999
9985
9830
9931
9906
9909
9865
9946
9961
9917
9901
9861
10000
10000
10000
9782
9998
9995
9995
9952
10000
9942
10000
9970
9828
10000
9953
9856
9883
9939
9956
10000
10000
9963
10000
9906
9998
9951
10000
9876
9839
9977
9902
9968
9987
9833
9951
9960
9903
10000
9893
9873
10000
9900
9949
9991
9946
9941
10000
9882
9996
10000
9870
9927
9825
9626
10000
9936
9984
9846
9830
9859
9894
9960
9886
9914
9993
9857
9889
9929
9900
9963
9977
9930
9878
10000
9842
9907
9887
9997
9998
9945
9885
9932
9725
9979
10000
9940
9954
10000
10000
9771
9911
9954
9974
9920
9912
9847
9922
10000
9992
10000
9866
9957
9939
9808
9982
9882
9915
9959
9999
9986
10000
9921
10000
9866
9945
9938
9999
9965
9811
9927
9954
10000
9927
9962
10000
9922
9999
10000
9988
10000
10000
9939
9909
10000
9954
9971
9875
10000
9922
9844
9903
9960
9898
9932
9903
10000
9850
9860
10000
9786
9990
9806
9858
9844
9882
10000
9850
9858
10000
9936
9953
9995
9962
9959
9938
10000
9926
9862
9858
9944
10000
9847
9920
10000
9896
9861
9835
9841
9919
9882
9911
10000
9905
10000
10000
9819
9999
9999
9824
9963
10000
9974
10000
10000
9977
9915
9882
9809
9982
9942
9877
10000
9908
9854
9863
10000
9894
9902
9936
9954
10000
10000
9900
10000
9892
9794
10000
10000
9895
10000
9944
9938
9899
9901
9768
9931
9879
10000
9988
9876
9946
9956
10000
9796
9892
9906
9999
9921
10000
9940
9979
9947
9999
9794
9909
9860
9999
9979
9953
9898
9935
9960
9924
9922
9996
9626
9948
9957
10000
10000
9795
10000
9769
9891
10000
9890
9849
9899
9917
9872
9939
10000
9879
9891
9934
10000
9900
10000
9965
9994
9984
10000
9932
9970
9860
9912
9997
9995
9923
10000
10000
9825
9938
9949
9943
9923
9848
10000
9869
9903
10000
9944
9933
9929
9993
9909
10000
9999
9902
9989
9731
10000
9989
9830
10000
9844
10000
10000
