9996
9921
9971
9900
10000
9962
9996
9954
9962
9830
9924
9955
9992
9997
9924
9930
9829
9998
9992
9997
9909
9955
9966
9984
9965
9993
9977
9968
9955
9905
9922
9977
9889
9988
9996
9818
9865
9841
10000
9993
9902
9997
9999
9929
10000
9949
9847
9931
9996
9914
9919
9981
9871
9957
10000
9993
9791
9877
9999
9986
9963
9992
9830
9794
9985
9975
9915
10000
9944
9973
9996
9829
9945
9954
9949
10000
9903
10000
9998
9855
9901
9910
9948
9993
9912
9899
9932
9943
9998
9935
9994
9999
9974
9994
9935
9798
10000
9994
9912
9937
9998
9952
9869
9994
9881
9976
9938
9994
9986
9961
9875
9985
9790
9887
9997
9786
9941
10000
9982
9893
10000
9937
9960
9927
9944
9898
9918
9869
9927
9978
10000
9950
9990
9969
9941
9889
9999
9996
9992
9924
9954
9993
9919
9898
9944
9988
9885
9999
9995
9997
9998
9986
9862
9971
9812
9992
9864
9918
9839
9928
9959
9951
9918
9778
9822
9994
9999
9971
9972
9971
9997
9971
9940
9880
9992
9920
9824
9890
9998
9995
9887
9972
9909
9996
9954
9870
9995
10000
9998
9924
9959
9871
9953
9918
9953
9952
10000
9897
9888
9922
9951
9970
9850
9897
9872
9939
9965
9920
9822
9977
9981
9951
9937
9891
10000
9981
9998
9889
9898
10000
9888
9974
9894
10000
9901
9948
10000
9867
9993
9939
9967
9936
9939
9964
9958
9915
9986
9920
9950
9830
10000
9870
9927
9851
9969
9834
9912
9765
9994
9933
9931
9997
9948
9827
9964
9907
10000
9936
9973
10000
9986
9828
9875
9938
9891
9899
9945
9973
9901
9900
9971
9839
9846
9997
9977
9983
9992
9920
9946
9954
9989
9883
9804
9830
9915
9998
9991
10000
9963
9859
9903
9955
9938
9837
9993
9965
9848
10000
9914
9838
9929
9967
9968
9923
9982
9985
9941
9979
9995
9993
9841
9993
9994
9957
9938
9953
10000
9999
9995
9824
9971
9998
9936
9984
10000
9872
9986
9930
9821
9957
9887
9964
9974
9926
9968
9905
9930
9954
10000
9982
9998
9938
9894
9877
9960
9910
9858
9793
9934
10000
9935
9971
9938
9931
9993
10000
9998
9996
9953
9999
9920
9985
10000
9831
9977
9917
10000
9947
9967
9935
9915
9992
9823
10000
9912
9969
9844
9953
9897
9848
9896
9994
9923
9953
9941
9768
9856
9908
9992
10000
9930
9998
9891
9918
9944
9990
9798
9918
9959
9999
9977
9912
10000
10000
9972
9987
9865
9884
9685
9881
9995
9939
10000
9992
9903
9908
9913
9989
9987
9884
9998
9887
9931
9935
9884
9894
10000
9891
9991
9912
9999
9971
9867
9901
9992
9992
9939
9900
9962
9983
9917
9871
9971
9940
9951
9865
9996
9954
9993
9943
9966
9915
9981
9946
9992
9842
9943
10000
9943
9859
9947
9820
9973
9962
9999
9932
9864
10000
9772
9999
9991
9977
9965
9954
9911
9996
9952
9852
10000
9982
9913
9956
9978
9992
9901
9979
9982
9903
9926
9939
9998
9981
10000
9983
9995
10000
9897
9811
9980
9871
9933
10000
10000
9964
10000
9888
9985
9975
9982
9973
9872
9852
9750
9918
10000
9925
9995
9962
9976
9991
9882
9826
9951
10000
9964
10000
9938
9994
9940
9998
9912
9901
9915
9973
9986
9909
9983
9996
9826
9985
9940
9909
10000
9766
9877
9698
9926
9820
9960
9999
9932
9998
10000
9988
9994
9919
9878
9949
9986
9956
9943
9995
9935
9977
9856
9975
9829
10000
9928
9998
9894
9992
9910
9937
9959
10000
9974
9945
9946
9925
9886
9888
9998
9843
10000
9943
9993
9995
9901
10000
9930
9994
9969
9947
9869
9993
9999
9997
9994
9953
9875
9816
9870
9940
10000
10000
9968
9926
9944
9996
9916
9939
10000
9957
9989
9956
10000
9980
10000
9887
10000
10000
9976
9950
9944
9878
9999
9938
9879
9920
9965
9910
9958
9985
10000
9981
9854
9990
9988
9858
9861
9806
9999
9983
9964
9927
9894
9988
9951
9937
9980
10000
10000
9969
10000
9938
10000
9945
9893
9918
9960
9927
9998
9848
9840
9930
9977
9929
9976
9960
9962
10000
9930
9989
9920
10000
9812
9950
9859
9978
9894
9943
9877
9999
9993
9935
9859
9957
9923
9999
9999
9994
9907
9999
9948
9973
10000
9879
9870
9978
9990
9862
9996
9940
10000
9944
9985
9937
9881
9967
9966
9855
9849
9887
9860
9909
9992
9933
9921
9840
9968
9874
9999
9924
9998
10000
9983
9993
9839
9770
9929
9887
9978
9906
9999
9995
9924
9993
9929
10000
10000
9984
9921
9962
9916
9857
9991
9896
9936
9986
9995
9931
9882
9993
10000
9892
9932
9995
9854
9954
9846
9946
9999
9980
9967
9960
9983
9987
9900
9994
9968
9997
9815
9951
9996
9997
9911
10000
9961
9996
9967
9890
9964
9907
9980
9936
9995
9811
9998
9885
9999
9993
9979
9983
9998
9859
9999
9952
9977
9915
9823
9960
9932
9998
9993
9995
9928
9997
9906
9865
9990
9911
9921
9928
9960
9883
9939
9904
9875
9990
9858
9922
9863
9938
9889
9922
9780
9918
9864
9882
10000
9995
9985
9940
9969
9997
9905
9937
9920
9951
9959
9966
9909
9995
9991
9924
9872
9768
9996
10000
9857
9954
9978
9882
9911
10000
9990
9934
9863
9989
9922
9999
9822
9869
9979
9934
9862
9861
9915
9995
10000
9884
9915
9953
9873
9990
10000
9991
9929
10000
9958
9823
9933
9898
9964
9916
10000
9891
9998
9988
9946
9979
9775
10000
9942
9999
9999
9984
9999
9976
9952
9997
9991
9833
9998
9960
9911
9969
9903
9994
9954
9936
9847
9870
9883
9972
9924
9868
10000
9787
9954
9909
9999
9861
9937
10000
9851
9854
9982
9949
9998
9937
9913
9889
9852
9881
9921
9999
9907
9878
9906
9958
9998
9916
9998
9910
9952
9999
9965
9919
9926
9936
9983
9943
9837
10000
9982
9979
9928
9875
9901
9941
9997
9993
9896
9955
10000
9924
9999
9826
9959
9997
9954
9954
10000
9842
9895
9965
9988
9964
9906
10000
9963
9803
9931
9997
9966
9965
9999
9938
9993
9977
9969
9991
9904
9929
9945
9926
9986
9900
