9872
9832
9849
9878
9940
9919
9916
9848
9853
9949
9824
9846
9858
9942
9915
9910
9933
9973
9967
9958
9967
9992
9815
9904
9928
9921
9963
9911
9905
9904
9913
9918
9943
9984
9954
9885
9880
9937
9939
9890
9895
9919
9990
9964
9868
9958
9852
9927
9960
9942
9974
9941
9949
9940
9897
9759
9994
9835
9940
9878
9751
9997
9896
9973
9958
9950
9998
9920
9948
9952
9885
9857
9850
9998
9979
9950
9907
9977
9918
9968
9833
9955
9972
9965
9996
9840
9956
9916
9919
9816
9978
9928
9862
9930
9777
9957
9823
9908
9668
9989
9886
9980
9770
9964
9979
9908
9909
9925
9968
9901
9913
9876
9979
9893
9852
9867
9924
9997
9904
9935
9859
9845
9885
9847
9896
9841
9932
9928
9849
9855
9848
9929
9932
9866
9854
9997
9878
9870
9874
9985
9881
9859
9918
9889
9944
9955
9943
9969
9885
9796
9927
9911
9974
9947
9867
9905
9940
9958
9986
9920
9777
9955
9882
9897
9869
9965
9940
9965
9979
9944
9956
9947
9912
9898
9845
9968
9963
9908
9878
9842
9869
9969
9960
9877
9852
9836
9955
9837
9924
9941
9966
9927
9994
9994
9919
9924
9908
9881
9930
9941
9980
9880
9828
9969
9827
9812
9946
9919
9844
9980
9924
9906
9892
9906
9945
9940
9806
9946
9836
9925
9932
9932
9835
9941
9997
9891
9916
9969
9862
9972
9933
9834
9930
9931
9891
9910
9884
9870
9875
9946
9958
9919
9820
9966
9951
9914
9893
9919
9972
9851
9818
9900
9908
9856
9961
9952
9953
9904
9927
9967
9971
9836
9963
9966
9909
9957
9923
9991
9889
9816
9926
9924
9926
9880
9943
9815
9959
9977
9793
9991
9924
9913
9984
9943
9919
9836
9983
9940
9950
9923
9914
9923
9916
9903
9927
9912
9933
9963
9799
9897
9912
9944
9855
9949
9917
9994
9916
9960
9903
9994
9931
9941
9908
9911
9833
9892
9946
9936
9786
9856
9910
9930
9924
9869
9980
9922
9932
9940
9986
9860
9933
9915
9729
9890
9896
9962
9675
9981
9918
9852
9938
9913
9781
9821
9957
9988
9977
9908
9960
9992
9914
9924
9937
9956
9922
9806
9906
9999
9877
9916
9943
9923
9986
9876
9994
9914
9922
9896
9869
9921
9823
9910
9944
9824
9765
9916
9948
9934
9888
9954
9783
9760
9927
9911
9916
9892
10000
9959
9845
9839
9889
9898
9907
9876
9936
9908
9813
9873
9905
9944
9834
9874
9950
9967
9822
9900
9937
9911
9985
9867
9807
9907
9955
9921
9991
9955
9812
9962
9934
9949
9966
9794
9878
9821
9941
9847
9940
9926
9871
9908
9937
9910
9875
9934
9838
9940
9889
9884
9933
9952
9963
9897
9925
9889
9909
9925
9988
9971
9906
9859
9872
9904
9833
9808
9885
9803
9928
9915
9957
9901
9863
9793
9920
9851
9946
9946
9821
9888
9933
9760
9923
9835
9886
9982
9961
9861
9924
9894
9972
9861
9830
9859
9895
9804
9979
9813
9961
9897
9808
9941
9955
9887
9877
9892
9964
9929
9878
9974
9922
9910
9951
9929
9965
9894
9966
9947
9968
9967
9841
9821
9934
9880
9927
9895
9970
9947
9919
9942
9908
9894
9989
9809
9858
9847
9875
9888
9879
9998
9897
9914
9931
9878
9945
9947
9845
9979
9943
9888
9987
9966
9928
9872
9916
9937
9841
9970
9927
9929
9973
9895
9872
9923
9914
9947
9924
9909
9914
9790
9909
9846
9974
9894
9971
9855
9876
9899
9952
9905
9901
9934
9938
9934
9887
9944
9926
9933
9925
9871
9925
9953
9936
9925
9881
10000
9924
9888
9926
9948
9762
9976
9911
9875
9892
9956
9713
9870
9847
9917
9955
9889
9930
9940
9947
9929
9939
9819
9973
9797
9951
9857
9954
9911
9955
9825
9853
9926
9890
9958
9997
9939
9877
9926
9924
9911
9809
9910
9917
9936
9930
9945
9959
9941
9981
9958
9881
9867
9928
9998
9895
9843
9919
9938
9903
9810
9947
9919
9982
9961
9906
9869
9902
9932
9972
9953
9914
9928
9901
9925
9938
9882
9856
9897
9867
9919
9933
9902
9859
9898
9912
9837
9887
9894
9998
9894
9949
9949
9868
9923
9984
9889
9996
9840
9911
9938
9912
9819
9772
9913
9920
9951
9927
9878
9902
9935
9950
9837
9926
9714
9846
9961
9959
9924
9936
9899
9866
9958
9828
9854
9922
9861
9790
9940
9958
9914
9887
9963
9867
9912
9796
9915
9949
9939
9917
9945
9858
9938
9749
9910
9960
9846
9937
9722
9881
9945
9964
9944
9925
9898
9844
9989
9839
9755
9933
9870
9949
9970
9766
9794
9929
9933
9995
9896
9870
9855
9923
9778
9844
9925
9937
9904
9928
9848
9942
9930
9966
9927
9729
9792
9857
9794
9932
9876
9955
9908
9993
9973
9918
9866
9955
9977
9882
9955
9966
9987
9847
9844
9984
9762
9940
9942
9862
9923
9859
9908
9948
9884
9942
9852
9846
9851
9953
9911
9848
9860
9929
9909
9888
9923
9914
9949
9803
9915
9933
9918
9950
9811
9831
9996
9943
9944
9927
9956
9918
9930
9941
9895
9735
9894
9866
9888
9833
9831
9871
9867
9883
9876
9904
9965
9947
9891
9991
9918
9861
9931
9886
9950
9893
9938
9928
9976
9894
9922
9903
9793
9880
9901
9936
9944
9942
9898
9867
9893
9951
9866
9927
9951
9795
9878
9819
9886
9952
9918
9783
9869
9903
9986
9848
9885
9991
9874
9884
9928
9949
9837
9784
9976
9909
9974
9855
9909
9929
9933
9887
9934
9914
9877
9938
9908
9998
9932
9996
9861
9947
9892
9923
9919
9859
9953
9866
9814
9910
9888
9763
9660
9919
9924
9975
9891
9887
9948
9818
9941
9917
9798
9776
9964
9859
9965
9996
9959
9946
9823
9916
9977
9962
9990
9879
9882
9895
9802
9919
9952
9963
9863
9905
9923
9646
9960
9904
9831
9909
9878
9832
9939
9928
9963
9847
9903
9985
9872
9909
9946
9957
9995
9863
9886
9855
9871
9960
9865
9913
9829
9891
9911
9959
9925
9956
9950
9996
9862
9945
9898
9967
9911
9996
9813
9919
9916
9820
9906
9889
9996
9937
9924
9830
9949
9941
9758
9840
9963
