9953
9871
9993
9952
9937
9912
9891
9840
9995
9997
9710
9909
9993
9918
9989
9890
9893
9917
9971
9928
9862
9920
9971
9920
9921
9910
9924
9871
9939
9931
9960
9979
9841
9940
9970
9813
9949
9875
9843
9887
9872
9855
9859
9888
9961
9929
9905
9924
9947
9964
9935
9916
9858
9975
9936
9944
9885
9824
9843
9871
9878
9916
9958
9897
9907
9762
9964
9934
9898
9903
9899
9923
9866
9686
9958
9880
9949
9921
9735
9874
9980
9960
9946
9880
9912
9976
9926
9892
9899
9971
9786
9861
9956
9972
9924
9845
9889
9952
9897
9962
9934
9935
9841
9907
9830
9939
9871
9922
9998
9913
9811
9901
9930
9902
9878
9869
9929
9974
9900
9787
9956
9905
9884
9939
9859
9849
9889
9882
9901
9832
9801
9888
9918
9940
9888
9948
9979
9883
9979
9931
9920
9841
9867
9909
9913
9882
9960
9982
9954
9967
9996
9951
9840
9852
9850
9945
9998
9793
9936
9918
9874
9579
9882
9965
9904
9897
9867
9883
9931
9871
9896
9835
9917
9800
9903
9939
9882
9933
9899
9926
9897
9955
9952
9999
9911
9974
9961
9987
9967
9884
9871
9929
9904
9919
9936
9852
9918
9795
9866
9894
9906
9952
9931
9948
9948
9875
9958
9792
9946
9936
9795
9886
9904
9897
9995
9964
9914
9918
9928
9913
9837
9938
9795
9926
9936
9889
9894
9843
9938
9892
9985
9806
9896
9860
9917
9957
9970
9917
9942
9865
9872
9861
9913
9838
9879
9917
9930
9976
9966
9855
9865
9812
9881
9877
9915
9932
10000
9839
9922
9935
9922
9998
9861
9752
9826
9894
9930
9846
9845
9933
9837
9820
9911
9947
9921
9963
9873
9947
9985
9943
9966
9917
10000
9968
9930
9966
9876
9934
9819
9995
9965
9857
9908
9933
9891
9839
9940
9875
9974
9920
9734
9909
9813
9908
9830
9869
9962
9969
9919
9873
9896
9970
9918
9887
9982
9912
9935
9995
9865
9888
9858
9940
9941
9875
9861
9906
9973
9975
9831
9916
9951
9920
9955
9883
9881
9864
9924
9899
9941
9809
9819
9788
9944
9969
9887
9888
9940
9835
10000
9944
9904
9949
9872
9922
10000
9875
9857
9997
9905
9895
9851
9901
9995
9857
9899
9887
9897
9965
9908
9754
9888
9939
9685
9989
9902
9934
9833
9934
9800
9927
9902
9933
9945
9909
9865
9929
9882
9912
9815
9910
9879
9942
9855
9961
9914
9960
9879
9920
9896
9939
9875
9866
9925
9937
9954
9922
9951
9929
9851
9872
9937
9896
9894
9899
9992
9965
9952
9953
9948
9850
9869
9914
9874
9908
9736
9903
9944
9930
9883
9942
9871
9853
9904
9855
9973
9959
9859
9914
9880
9919
9940
9889
9984
9965
9912
9904
9950
9887
9937
9928
9901
9955
9995
9880
9903
9898
9805
9935
9947
9975
9941
9783
9941
9977
9953
9809
9971
9848
9956
9856
9961
9987
9827
9999
9828
9869
9853
9905
9846
9856
9893
9911
9932
9929
9793
9998
9949
9821
9928
9887
9975
9891
9925
9999
9962
9928
9925
9944
9879
9899
9856
9889
9902
9883
9896
9965
9918
9831
9837
9996
9874
9852
9886
9943
9920
9908
9905
9893
9821
9953
9894
9954
9874
9929
9999
9910
9898
9911
9944
9773
9871
9848
9888
9955
9991
9907
9900
9770
9891
9907
9922
9910
9928
9981
9941
9949
9886
10000
9797
9935
9870
9798
9988
9907
9873
9825
9977
9989
9855
9954
9855
9893
9916
9740
9921
9919
9908
9875
9981
9911
9876
9926
9971
9853
9822
9949
9922
9790
9914
9945
9903
9926
9943
9874
9978
9895
9911
9936
9991
9909
9945
9862
9796
9919
9967
9910
9895
9946
9956
9973
9977
9899
9895
9922
9934
9935
9961
9899
9880
9920
9972
9872
9969
9966
9981
9968
9935
9867
9946
9846
9914
9807
9971
9860
9908
9945
9945
9966
9919
9961
9949
9902
9865
9967
9892
9970
9867
9902
9931
9945
9972
9869
9929
9887
9976
9916
9901
9936
9774
9971
9964
9894
9847
9839
9817
9827
9898
9951
9818
9837
9926
9926
9930
9920
9923
9919
9935
9975
9875
9897
9963
9903
9899
9930
9959
9817
9976
9966
9968
9976
9991
9998
9839
9974
9874
9793
9887
9924
9813
9883
9978
9959
9964
9927
9850
9855
9943
9921
9857
9966
9905
9946
9960
9938
9892
9934
9876
9978
9881
9914
9946
9727
9937
9899
9921
9912
9925
9985
9916
9969
9885
9833
9947
9860
9925
9895
9835
9907
9960
9913
9971
9915
9955
9917
9928
9893
9889
9800
9869
9921
9822
9912
9946
9932
9930
9956
9800
9947
9955
9703
9942
9940
9987
9846
9834
9979
9776
9917
9957
9845
9837
9957
9943
9966
9963
9971
9936
9952
9916
9984
9899
9966
9911
9845
9869
9953
9959
9955
9878
9911
9989
9903
9948
9899
9926
9909
9827
9963
9999
9949
9966
9973
9891
9883
9863
9864
9940
9872
9797
9940
9848
9945
9926
9908
9861
9983
9905
9932
9846
9904
9808
9832
9979
9961
9977
9845
9948
9924
9846
9948
9948
9930
9921
9853
9880
9867
9919
9933
9878
9934
9863
9922
9955
9923
9833
9965
9806
9903
9808
9871
9997
9962
9961
9890
9951
9966
9961
9990
9919
9956
9912
9925
9899
9921
9940
9919
9823
9866
9868
9873
9774
9897
9954
9983
9935
9903
9920
9889
9800
9944
9947
9983
9905
9927
9955
9970
9872
9945
9954
9920
9939
9921
9928
9968
9979
9869
9862
9934
9931
9885
9904
9870
9950
9908
9852
9844
9743
9899
9935
9863
9968
9772
9748
9933
9836
9942
9941
9876
9957
9754
9955
9829
9851
9979
9948
9948
9925
9892
9846
9935
9926
9838
9945
9960
9892
9842
9992
9818
9921
9839
9936
9882
9890
9854
9877
9981
9892
9941
9989
9829
9902
9854
9900
9897
9999
9860
9877
9854
9881
9925
9846
9935
9912
9964
9961
9866
9939
9896
9900
9907
9876
9990
9937
9987
9816
9974
9840
9833
9886
9974
9958
9894
9944
9981
9917
9914
9959
9853
9884
9928
9803
9920
9869
9969
9843
9833
9817
9880
9938
9915
9945
9948
9940
9949
9996
9976
9989
9961
9925
9828
