9930
9919
9935
9931
9889
9975
9960
9866
9929
9821
9808
9836
9883
9940
9921
9896
9953
9934
9946
9940
9880
9895
9850
9885
9853
9936
9883
9916
9929
9912
9834
9937
9963
9870
9910
9945
9795
9894
9749
9930
9950
9943
9871
9885
9922
9871
9951
9970
9905
9895
9825
9975
9978
9928
9878
9890
9913
9815
9958
9893
9955
9863
9902
9855
9992
9725
9889
9803
9939
9922
9966
9930
9937
9830
9930
9838
9941
9983
9937
9945
9953
9913
9949
9896
9925
9961
9873
9929
9977
9768
9922
9907
9926
9926
9917
9961
9971
9927
9926
9986
9961
9979
9941
9875
9896
9999
9947
9864
9902
9885
9953
9904
9990
9764
9960
9876
9725
9941
9980
9886
9882
9977
9908
9879
9734
9911
9950
9932
9750
9941
9949
9833
9913
9981
9951
9985
9998
9893
9949
9934
9930
9862
9878
9847
9908
9848
9977
9898
9923
9928
9808
9927
9931
9943
9805
9957
9937
9933
9848
9846
9955
9854
9960
9945
9903
9875
9980
9906
9889
9882
9986
9763
9965
9947
9983
9917
9776
9965
9850
9941
9821
9949
9885
9805
9905
9873
9828
9815
9911
9823
9824
9946
9818
9938
9861
9895
9840
9931
9934
9997
9880
9866
9967
9908
9996
9863
9913
9962
9966
9955
9901
9910
9903
9605
9884
9933
9851
9984
9922
9898
9943
9979
9989
9833
9946
9914
9817
9960
9867
9967
9890
9998
9985
9850
9883
9962
9801
9902
9900
9911
9861
9957
9944
9941
9822
9956
9921
9907
9881
9872
9977
9886
9930
9841
9808
9852
9991
9905
9879
9951
9915
9928
9995
9932
9885
9882
9925
9955
9824
9858
9872
9950
9851
9947
9688
9931
9815
9975
9940
9940
9964
9938
9924
9884
9927
9932
9925
9847
9867
9814
9977
9875
9966
9793
9943
9920
9882
9959
9828
9886
9961
9747
9829
9927
9966
9886
9950
9866
9942
9885
9763
9965
9972
9985
9886
9916
9993
9856
9844
9900
9895
9970
9950
9896
9985
9919
9865
9850
9965
9981
9915
9931
9886
9957
9876
9919
9918
9812
9932
9909
9882
9913
9895
9788
9894
9930
9982
9885
9817
9852
9902
9948
9962
9955
9907
9861
9914
9888
9959
9933
9884
9792
9784
9868
9762
9935
9865
9873
9834
9920
9903
9942
9893
9933
9965
9906
9971
9806
9947
9994
9852
9890
9967
9926
9884
9957
9880
9971
9971
9815
9875
9879
9918
9958
9795
9873
9940
9967
9855
9899
9877
9831
9896
9926
9790
9934
9891
9874
9832
9848
9897
9924
9919
9904
9853
9893
9923
9938
9886
9791
9798
9847
9766
10000
9829
9992
9988
9958
9951
9941
9752
9935
9844
9941
9910
9898
9859
9950
9864
9857
9925
9827
9941
9942
9806
9859
9878
9908
9930
9868
9950
9945
9970
9944
9877
9950
9897
9957
9924
9993
9942
9969
9918
9949
9814
9928
9952
9829
9929
9892
9826
9825
9915
9998
9972
9943
9964
9985
9911
9945
9800
9897
9935
9865
9893
9909
9881
9830
9879
9909
9855
9956
9914
9948
9865
9906
9909
9880
9806
9951
9872
9931
9875
9872
9911
9989
9937
9865
9902
9832
9961
9889
9946
9858
9897
9963
9882
9827
9929
9840
9919
9920
9992
9962
9943
9864
9950
9999
9884
9948
9875
9883
9919
9940
9890
9912
9952
9868
9923
9891
9896
9896
9879
9951
9778
9907
9826
9716
9834
9937
9884
9979
9921
9945
9814
9907
9962
9964
9889
9864
9920
9916
9929
9949
9892
9721
9872
9923
9979
9948
9972
9855
9930
9940
9892
9889
9886
9964
9834
9841
9936
9922
9929
9765
9940
9826
9941
9978
9912
9844
9960
9915
9990
9870
9879
9756
9839
9839
9954
9976
9882
9955
9851
9858
9933
9932
9840
9909
9980
9864
9938
9920
9938
9951
9936
9879
9862
9976
9933
9968
9971
9991
9923
9820
9955
9902
9943
9853
9924
9875
9939
9930
9883
9958
9929
9887
9967
9916
9870
9909
9963
9864
10000
9949
9948
9774
9907
9790
9840
9903
9947
9856
9977
9945
9923
9959
9900
9896
9858
9908
9890
9984
9817
9920
9947
9905
9944
9922
9881
9960
9971
9812
9941
9909
9938
9926
9917
9969
9902
9862
9963
9953
9913
9975
9942
9954
9927
9911
9927
9871
9841
9983
9869
9922
9992
9936
9927
9981
9922
9994
9953
9896
9883
9941
9850
9897
9937
9984
9878
9905
9942
9972
9752
9944
9970
9807
9947
9906
9950
9888
9891
9835
9976
9925
9964
9895
9942
9985
9823
9890
9817
9968
9999
9953
9921
9878
9986
9765
9960
9889
9953
9867
9826
9863
9945
9806
9891
9880
9852
9866
9935
9885
9976
9861
9975
9961
9909
9792
9913
9902
9951
9758
9794
9931
9936
9971
9892
9916
9941
9915
9950
9996
9946
9905
9906
9838
9909
9811
9925
9945
9944
9897
9944
9965
9873
9899
9941
9741
9852
9937
9982
9960
9946
9970
9955
9793
9854
9899
9917
9894
9819
9901
9982
9847
9861
9977
9735
9987
9944
9815
9984
9847
9866
9887
9833
9890
9914
9958
9841
9902
9953
9942
9951
9906
9833
9832
9867
9868
9940
9919
9981
9879
9951
9950
9861
9927
9936
9926
9881
9855
9950
9961
9935
9813
9903
9906
9936
9794
9783
9989
9899
9921
9882
9830
9897
9867
9857
9938
9843
9967
9926
9946
9926
9918
9903
9848
9954
9949
9914
9855
9999
9957
9880
9926
9926
9862
9873
9864
9971
9878
9813
9911
9936
9865
9922
9967
9936
9896
9904
9936
9963
9913
9971
9936
9887
9939
9929
9980
9872
9922
9934
9819
9859
9845
9890
9891
9799
9935
9911
9998
9788
9939
9853
9882
9915
9947
9900
9692
9854
9928
9741
9895
9935
9870
9908
9940
9965
9887
9869
9975
9827
9939
9972
9769
9793
9897
9938
9942
9903
9903
9861
9939
9847
9878
9927
9959
9877
9873
9961
9972
9952
9869
9930
9933
9942
9965
9958
9921
9915
9910
9924
9925
9883
9927
9820
9863
9964
9912
9863
9896
9910
9896
9881
9943
9919
9803
9934
9825
9945
9875
9751
9887
9966
9825
9904
9913
9951
9868
9967
9958
9948
9808
9990
9958
9946
9795
9957
9772
9945
9862
