10000
10000
9942
9905
9884
9943
9844
9852
9956
9800
10000
10000
10000
9936
10000
10000
9899
9884
9930
9930
9868
9968
10000
10000
10000
10000
10000
10000
10000
10000
10000
10000
9830
10000
10000
10000
10000
9836
9892
9974
10000
9965
10000
10000
9967
10000
10000
9922
10000
9834
9937
9934
9752
10000
10000
10000
10000
10000
10000
10000
9856
10000
9857
9924
9945
10000
10000
10000
10000
10000
10000
9918
9953
9986
9860
9910
10000
10000
9913
10000
9963
9894
10000
9887
9878
10000
9849
9960
10000
9947
10000
10000
9937
9917
9812
10000
9784
9792
9816
9933
10000
9913
10000
9894
9894
9997
10000
9999
9918
9854
9873
10000
10000
9910
10000
10000
9922
9886
10000
10000
9858
10000
10000
9837
9852
10000
10000
9924
9882
10000
9874
9799
10000
10000
10000
10000
10000
10000
9925
9923
9981
10000
9920
10000
10000
10000
9919
10000
9866
9895
9995
10000
9808
10000
9860
10000
9795
9923
10000
10000
9929
10000
9838
10000
9923
10000
9933
9929
10000
9974
9734
9858
10000
10000
9927
9959
9867
10000
10000
9891
9937
10000
9912
10000
9946
9770
10000
9933
9861
10000
9953
10000
10000
10000
9863
9943
9853
9878
10000
10000
9828
9956
10000
9873
10000
9922
10000
10000
9883
10000
9933
10000
9909
10000
9931
10000
10000
9998
9947
10000
9918
10000
9801
9829
9926
10000
9946
9975
9952
9937
10000
10000
9948
10000
9863
9890
10000
10000
9938
9911
10000
10000
9917
10000
9986
10000
9855
9852
9881
9913
9947
9886
10000
10000
10000
9962
9944
10000
10000
9855
9892
10000
9843
9907
9966
9951
9913
9999
10000
9915
9861
10000
9917
10000
10000
10000
9899
9833
9788
10000
9945
10000
9876
9808
10000
10000
10000
10000
9915
9853
9917
9901
9957
10000
10000
9919
9822
9907
10000
10000
10000
9978
10000
10000
9932
9934
10000
9868
9924
9943
10000
9913
10000
10000
10000
10000
9932
9913
9899
9883
10000
9922
10000
9852
9917
9768
10000
10000
9999
9789
9944
9897
9873
10000
9854
9848
10000
10000
9909
9865
10000
10000
10000
9940
10000
10000
9910
9948
10000
10000
9762
9769
9998
9880
9846
9876
10000
10000
10000
9867
10000
9936
10000
10000
9899
10000
9882
10000
9786
10000
10000
9841
9748
10000
9739
10000
9895
10000
10000
9924
9999
10000
9886
9942
10000
9941
9883
10000
9803
10000
9905
10000
10000
9924
10000
10000
10000
10000
9949
10000
10000
10000
9827
9797
10000
9979
9908
9923
10000
9900
10000
9841
9901
9806
9873
10000
9961
9906
10000
10000
10000
9910
9961
9953
9920
9858
10000
10000
9848
10000
10000
10000
9864
10000
10000
10000
9967
9905
10000
9876
10000
9885
9860
9926
9843
9778
9891
10000
9866
10000
9962
10000
9830
10000
9943
10000
9914
10000
10000
10000
9853
9897
10000
10000
10000
10000
10000
9794
10000
10000
10000
10000
9959
10000
9909
9905
9807
9803
10000
9960
9862
9854
10000
10000
10000
10000
9847
10000
9724
9892
10000
9944
9928
9997
9909
10000
10000
9852
10000
10000
9921
9952
9835
9944
9938
9849
10000
10000
9928
10000
10000
9976
10000
10000
9849
10000
10000
10000
10000
9990
10000
10000
9816
9994
9910
10000
9909
9899
10000
10000
10000
9950
10000
9867
9925
9813
9846
10000
9883
10000
10000
10000
9905
9913
9831
9927
10000
10000
9886
9866
9934
9917
9723
9957
9936
10000
9929
10000
9935
9968
10000
10000
10000
10000
9964
10000
10000
10000
9957
10000
10000
9877
10000
9818
10000
9917
9880
10000
9791
9882
9807
9905
9867
10000
9905
9754
10000
9901
9952
10000
10000
9977
9914
9857
10000
10000
9958
9918
9884
10000
9898
9880
10000
10000
9877
10000
9880
9909
9800
10000
9947
9804
10000
9945
10000
9804
9914
9866
9833
9920
10000
10000
10000
9980
10000
10000
10000
9902
10000
10000
9952
9866
9861
9801
9938
9862
10000
9868
9898
9822
9784
9861
9948
10000
9998
9900
9881
9917
10000
9966
9936
9902
10000
10000
9942
10000
10000
10000
9893
10000
9894
10000
10000
10000
9944
9943
10000
9927
9951
9776
10000
9934
10000
9906
10000
9819
9924
9977
9892
9836
10000
9956
10000
10000
9909
9895
10000
10000
9830
10000
9955
9946
9862
9955
9895
9917
9793
10000
9897
10000
9940
9881
9851
9739
9929
9849
10000
9909
9907
10000
10000
9949
9964
9849
9973
9942
10000
9934
9799
9877
9946
9888
9921
10000
9946
9919
9862
10000
9919
10000
10000
10000
9840
9852
10000
9965
10000
10000
10000
9947
9892
10000
10000
10000
9956
10000
10000
10000
9905
9937
10000
9895
10000
9810
10000
10000
9953
9901
9844
10000
10000
10000
9891
9906
9964
10000
9976
10000
9949
10000
9923
9952
9945
10000
9850
10000
9999
10000
10000
9890
9839
9861
9893
9932
10000
9933
9919
10000
10000
10000
10000
9939
9941
10000
10000
9811
10000
10000
9941
10000
10000
9949
10000
9970
10000
10000
9884
9885
9929
10000
10000
10000
10000
9957
9921
10000
10000
9931
10000
9923
9862
10000
9908
9881
10000
10000
10000
9940
10000
10000
9886
10000
9835
9928
9932
9770
9862
9877
10000
9866
10000
10000
9895
10000
10000
9958
10000
9939
9948
10000
10000
9966
9944
9955
9913
10000
9910
9817
9858
9884
9806
9789
9910
9953
9841
9927
9866
10000
10000
10000
10000
10000
10000
10000
10000
9951
9829
10000
9833
10000
9859
10000
9774
10000
10000
9823
10000
10000
9896
10000
10000
10000
9972
9849
9813
10000
10000
10000
10000
9940
10000
9948
9753
9923
10000
10000
9900
9965
10000
10000
9926
9932
10000
9911
10000
9837
10000
9816
9850
9957
9885
10000
10000
10000
9796
10000
10000
9900
10000
10000
9930
9972
9907
10000
9860
9869
10000
10000
10000
9893
9923
9957
9711
9866
9926
10000
9893
9922
10000
10000
10000
9832
10000
9981
10000
10000
9959
9959
10000
9829
9837
10000
10000
9974
10000
10000
10000
10000
9926
9863
9844
10000
10000
10000
10000
9996
10000
9887
10000
9886
9764
9865
9874
9898
9857
10000
10000
9865
9989
10000
10000
9921
9903
9872
10000
9850
9980
10000
9859
10000
