9933
9953
9976
9977
9864
9956
9915
9920
9973
9918
9890
9850
9966
9953
9831
9924
9926
9929
9909
9838
9861
9905
9976
9900
9863
9869
9843
9869
9773
9932
9897
9911
9771
9758
9936
9829
9872
9935
9672
9882
9977
9880
9928
9966
9876
9950
9920
9952
9991
9909
9902
9945
9871
9923
9857
9946
9922
9901
9885
9876
9881
9888
9867
9941
9882
9912
9992
9844
9962
9917
9922
9874
9914
9842
9859
9997
9974
9959
9925
9920
9925
9871
9848
9909
9889
9876
9960
9828
9886
9792
9959
9794
9972
9777
9920
9979
9933
9797
9792
9981
9902
9854
9836
9934
9742
9906
9945
9799
9949
9922
9929
9888
9809
9954
9952
9965
9865
9812
9880
9795
9872
9933
9956
9927
9877
9864
9961
9924
9903
9880
9879
9982
9914
9964
9905
9935
9945
9829
9927
9888
9940
9798
9880
9959
9958
9901
9962
9923
9918
9995
9830
9916
9974
9852
9904
9919
9815
9981
9908
9764
9918
9836
9934
9933
9948
9837
9858
9871
9878
9872
9751
9895
9961
9984
9941
9954
9854
9961
9871
9873
9916
9962
9847
9918
9744
9851
9970
9821
9873
9901
9862
9914
9860
9906
9916
9875
9980
9883
9953
9753
9940
9889
9950
9962
9763
9969
9858
9959
9950
9909
9877
9951
9913
9868
9957
9836
9946
9905
9854
9910
9899
9948
9898
9963
9908
9910
9977
9871
9941
9881
9829
9891
9897
9979
9966
9953
9781
9893
9735
9849
9937
9906
9932
9920
9867
9976
9795
9941
9771
9942
9847
9802
9851
9921
9917
9928
9919
9946
9948
9927
9829
9837
9982
9898
9979
9940
9888
9850
9791
9941
9921
9951
9905
9883
9997
9955
9845
9900
9884
9937
9794
9900
9944
9893
9833
9977
9823
9926
9950
9926
9947
9952
9756
9926
9906
9885
9890
9919
9929
9943
9887
9753
9925
9914
9809
9811
9962
9921
9935
9919
9922
9923
9960
9938
9887
9966
9854
9880
9898
9911
9824
9844
9868
9923
9893
9913
9887
9948
9928
9950
9877
9966
9915
9943
9952
9915
9871
9957
9931
9963
9970
9875
9942
9914
9993
9897
9929
9865
9883
9949
9975
9860
9847
9948
9948
9789
9934
9847
9869
9875
9932
9886
9835
9847
9873
9903
9905
9976
9877
9838
9867
9943
9925
9975
9904
9992
9774
9962
9960
9891
9974
9856
9948
9946
9881
9902
9871
9878
9809
9948
9917
9870
9905
9910
9733
9794
9814
9755
9896
9963
9835
9880
9877
9940
9936
9938
9921
9956
9932
9916
9880
9930
9904
9877
9843
9967
9971
9819
9929
9906
9969
9978
9974
9948
9958
9819
9953
9945
9928
9769
9885
9920
9880
9825
9945
9859
9879
9922
9948
9833
9985
9945
9888
9917
9833
9878
9816
9894
9988
9894
9906
9871
9949
9885
9887
9929
9917
9847
9924
9965
9974
9872
9796
9834
9894
9877
9899
9921
9949
9929
9855
9915
9942
9931
9919
9966
9901
9879
9802
9810
9902
9970
9979
9895
9907
9967
9910
9998
9913
9949
9878
9950
9986
9865
9854
9958
9913
9958
9967
9956
9921
9955
9952
9900
9929
9684
9957
9960
9901
9860
9845
9946
9914
9897
9895
9786
9969
9915
9909
9944
9910
9882
9903
9903
9823
9907
9771
9891
9967
9880
9942
9818
9929
9924
9918
9962
9845
9962
9856
9953
9950
9935
9838
9826
9803
9927
9915
9959
9943
9955
9705
9949
9935
9907
9840
9957
9924
9960
9849
9924
9921
9867
9862
9900
9916
9878
9974
9899
9897
9911
9993
9929
9967
9898
9763
9906
9815
9889
9861
9967
9945
9910
9892
9823
9943
9893
9880
9868
9852
9878
9858
9945
9790
9913
9969
9864
9924
9950
9885
9894
9892
9928
9868
9885
9863
9884
9884
9915
9887
9832
9889
9952
9868
9980
9913
9990
9963
9908
9949
9943
9988
9884
9933
9966
9906
9907
9910
9930
9950
9882
9915
9929
9968
9921
9893
9951
9822
9830
9867
9911
9854
9859
9937
9855
9896
9938
9889
9964
9885
9801
9948
9911
9832
9974
9781
9936
9910
9914
9907
9937
9941
9926
9940
9893
9895
9904
9876
9895
9987
9903
9791
9880
9882
9636
9899
9907
9893
9848
9777
9924
9998
9916
9866
9968
9928
9877
9845
9998
9903
9917
9903
9976
9872
9826
9884
9916
9902
9934
9997
9902
9852
9911
9993
9812
9792
9927
9826
9827
9974
9916
9967
9895
9947
9863
9921
9962
9931
9950
9968
9892
9928
9929
9954
9905
9955
9873
9803
9981
9935
9983
9960
9913
9940
9877
9811
9926
9903
9960
9916
9886
9911
9902
9956
9927
9887
9943
9825
9942
9963
9921
9996
9853
9972
9896
9940
9774
9856
9774
9874
9870
9804
9916
9824
9975
9937
9953
9946
9833
9925
9795
9898
9828
9931
9931
9874
9875
9950
9924
9811
9927
9925
9918
9787
9810
9952
9942
9819
9877
9918
9746
9934
9854
9935
9964
9894
9936
9851
9866
9875
9959
9826
9783
9891
9931
9881
9916
9909
9827
9968
9863
9967
9958
9944
9872
9902
9882
9912
9882
9946
9827
9932
9788
9856
9873
9858
9964
9859
9861
9907
9852
9850
9930
9892
9912
9827
9894
9883
9951
9907
9956
9858
9952
9858
9891
9952
9891
9881
9807
9942
9859
9937
9765
9949
9922
9978
9886
9901
9894
9914
9933
9871
9958
9959
9928
9952
9886
9833
9893
9879
9935
9910
9984
9945
9960
9986
9927
9819
9937
9964
9927
9863
9901
9842
9886
9966
9952
9946
9931
9912
9927
9867
9830
9920
9932
9869
9978
9967
9968
9931
9943
9972
9884
9818
9970
9983
9857
9919
9926
9915
9887
9836
9865
9867
9861
9833
9872
9937
9887
9909
9840
9889
9880
9937
9874
9946
9955
9924
9935
9910
9868
9985
9950
9957
9931
9836
9877
9874
9845
9910
9941
9884
9826
9943
9875
9938
9937
9876
9926
9833
9911
9906
9745
9925
9990
9887
9924
9929
9896
9926
9852
9824
9939
9842
9942
9844
9827
9899
9954
9851
9896
9918
9863
9878
9903
9947
9892
9938
9796
9941
9858
9945
9949
9935
9910
9950
9843
9902
9946
9882
9943
9917
10000
9975
9990
9936
9823
9846
9878
9915
9928
