9971
9894
9919
9868
9985
9869
9943
9838
9950
9909
9966
9702
9927
9950
9826
9989
9829
9946
9849
9813
9773
9945
9932
9805
9898
9851
9905
9888
9973
9869
9931
9906
9817
9943
9923
9942
9844
9921
9943
9884
9912
9884
9862
9850
9835
9917
9926
9952
9928
9969
9929
9897
9945
9799
9844
9947
9857
9909
9919
9853
9938
9877
9760
9953
9949
9968
9878
9897
9843
9946
9928
9874
9778
9916
9968
9981
9757
9863
9968
9908
9862
9932
9854
9957
9876
9859
9936
9914
9840
9873
9902
9981
9910
9841
9898
9835
9949
9792
9935
9850
9926
9930
9921
9866
9898
9889
9832
9919
9845
9946
9878
9870
9804
9992
9856
9944
9946
9915
9878
9940
9870
9860
9871
9996
9856
9890
9959
9831
9904
9987
9901
9955
9967
9892
9886
9943
9910
9867
9913
9931
9937
9887
9927
9792
9918
9854
9936
9902
9871
9965
9942
9915
9794
9908
9930
9910
9935
9941
9909
9969
9901
9863
9881
9958
9953
9971
9798
9783
9933
9975
9888
9956
9756
9923
9938
9890
9966
9929
9915
9832
9885
9890
9853
9932
9936
9926
9898
9878
9879
9860
9900
9877
9964
9917
9903
9883
9894
9990
9932
9950
9856
9923
9895
9830
9891
9946
9934
9884
9935
9769
9915
9927
9952
9948
9897
9896
9968
9940
9897
9862
9853
9856
9747
9982
9900
9905
9910
9889
9940
9965
9930
9834
9831
9870
9803
9911
9840
9848
9904
9836
9873
9898
9954
9950
9940
9768
9941
9958
9943
9833
9901
9903
9918
9867
9776
9882
9778
9964
9842
9950
9897
9909
9913
9960
9864
9899
9852
9871
9879
9944
9883
9918
9906
9983
9866
9884
9856
9921
9733
9904
9905
9929
9930
9936
9909
9934
9898
9805
9875
9893
10000
9775
9880
9888
9879
9818
9865
9908
9911
9873
9637
9922
9864
9933
9901
9911
9879
9776
9955
9951
9958
9887
9925
9942
9944
9780
9902
9799
9987
9955
9978
9955
9960
9879
9901
9912
9864
9935
9982
9887
9872
9915
9889
9978
9861
9964
9827
9954
9888
9861
9933
9925
9873
9877
9955
9803
9919
9875
9863
9910
9931
9984
9901
9947
9895
9881
9935
9978
9888
9853
9904
9952
9995
9916
9963
9808
9979
9913
9894
9967
9966
9912
9889
9926
9833
9899
9918
9900
9867
9880
9865
9951
9947
9909
9903
9917
9978
9965
9980
9907
9908
9901
9727
9950
9944
9929
9797
9911
9867
9936
9988
9886
9904
9935
9941
9941
9850
9962
9956
9910
9845
9856
9874
9890
9949
9930
9922
9910
9949
9920
9934
9874
9939
9822
9973
9922
9922
9967
9979
9934
9837
9961
9809
9816
9980
9923
9946
9936
9922
9975
9962
9784
9933
9903
9903
9732
9858
9979
9884
9854
9926
9974
9910
9887
9923
9910
9940
9904
9881
9923
9830
9950
9888
9831
9987
9844
9942
9897
9860
9994
9955
9873
9885
9847
9928
9987
9913
9976
9945
9938
9929
9849
9851
9822
9955
9781
9837
9925
9848
9934
9918
9922
9831
9852
9910
9884
9956
9906
9933
9925
9944
9923
9903
9936
9859
9833
9903
9975
9908
9906
9966
9878
9860
9895
9968
9855
9936
9894
9923
9909
9922
9873
9874
9919
9925
9834
9893
9764
9900
9926
9916
9958
9976
9922
9982
9927
9848
9838
9894
9964
9978
9901
9984
9888
9766
9878
9835
9758
9968
9855
9905
9948
9880
9939
9950
9850
9973
9889
9900
9993
9908
9923
9777
9926
9959
9959
9904
9871
9934
9870
9998
9906
9957
9886
9937
9916
9945
9860
9902
9848
9949
9980
9950
9880
9812
9819
9892
9895
9779
9920
9775
9888
9953
9751
9958
9866
9936
9791
9990
9902
9813
9907
9880
9929
9918
9864
9854
9891
9883
9893
9927
9848
9986
9880
9943
9862
9972
9948
9960
9854
9971
9997
9877
9959
9955
9975
9873
9947
9867
9927
9990
9850
9955
9965
9941
9898
9792
9990
9868
9896
9962
9858
9895
9934
9912
9924
9884
9969
9922
9872
9946
9827
9959
9856
9913
9843
9860
9935
9894
9953
9914
9860
9944
9848
9924
9899
9994
9936
9919
9937
9758
9915
9880
9935
9702
9885
9863
9964
9841
9868
9895
9928
9923
9922
9945
9770
9915
9855
9931
9929
9885
9905
9865
9852
9930
9899
9891
9982
9944
9970
9732
9873
9950
9943
9924
9780
9911
9975
9855
9903
9974
9935
9839
9793
9932
9843
9947
9898
9892
9930
9924
9849
9900
9965
9941
9881
9859
9846
9908
9936
9893
9997
9916
9849
9866
9928
9896
9984
9924
9874
9926
9681
9787
9829
9923
9929
9919
9913
9815
9896
9890
9892
9959
9975
9902
9981
9842
9892
9932
9972
9905
9956
9975
9913
9920
9821
9920
9877
9898
9884
9770
9906
9930
9901
9952
9813
9915
9966
9998
9772
9993
9958
9895
9876
9878
9860
9981
9903
9906
9935
9863
9956
9913
9905
9969
9890
9856
9893
9889
9929
9852
9852
9932
9966
9872
9863
9913
9957
9980
9990
9901
9933
9871
9928
9799
9907
9899
9913
9875
9920
9914
9895
9891
9855
9925
9915
9902
9790
9776
9759
9888
9887
9917
9954
9920
9849
9868
9944
9942
9914
9795
9868
9951
9983
9858
9913
9796
9890
9935
9974
9855
9966
9848
9895
9931
9950
9921
9868
9912
9994
9868
9908
9919
9939
9981
9835
9848
9780
9943
9959
9969
9951
9893
9870
9824
9977
9882
9965
9939
9838
9767
9954
9833
9938
9941
9850
9900
9989
9936
9809
9895
9952
9867
9833
9893
9975
9961
9961
9897
9932
9930
9872
9836
9954
9863
9795
9914
9974
9963
9915
9980
9946
9974
9942
9867
9880
9933
9894
9921
9939
9903
9894
9938
9924
9930
9809
9939
9995
9929
9861
9917
10000
9889
9975
9896
9885
9986
9863
9934
9874
9958
9940
9964
9909
9949
9959
9867
9937
9975
9925
9929
9901
9987
9889
9920
9881
9870
9939
9914
9892
9983
9928
9906
9990
9839
9919
9928
9924
9960
9886
9938
9864
9985
9980
9861
9833
9846
9956
9814
9995
9955
9901
9995
9965
9880
9790
9980
9930
9878
9898
9949
9913
9875
9870
9961
9810
9816
9783
9883
9763
