9996
9880
9936
9915
9918
9973
9956
9869
9827
9953
9905
9946
9922
9804
9844
9815
9911
9920
9908
9939
9947
9977
9810
9916
9815
9784
9865
9999
9923
9947
9961
9763
9969
9840
9879
9881
9911
9935
9869
9869
9889
9906
9948
9923
9810
9737
9923
9886
9760
9852
9996
9912
9770
9997
9940
9867
9670
9873
9722
9905
9943
9724
9804
9902
9908
9917
9931
9815
9901
9911
9915
9944
9962
9966
9909
9928
9707
9879
9862
9853
9906
9860
9921
9897
9902
9937
9887
9960
9979
9926
9906
9941
9953
9870
9969
9919
9821
9939
9970
9827
9953
9864
9918
9714
9813
9922
9902
9961
9942
9943
9997
9894
9981
9794
9905
9951
9928
9921
9923
9943
9927
9924
9896
9974
9910
9840
9900
9906
9970
9980
9901
9947
9970
9877
9890
9943
9935
9844
9954
9929
9940
9878
9856
9927
9987
9924
9925
9978
9970
9888
9847
9932
9946
9898
9926
9870
9913
9821
9865
9806
9908
9996
9945
9854
9984
9953
9788
9944
9967
9948
9942
9858
9957
9916
9798
9927
9897
9948
9924
9842
9995
9891
9861
9954
9870
9912
9908
9843
9858
9761
9929
9907
9956
9902
9907
9853
9906
9840
9984
9903
9889
9947
9828
9991
9871
9914
9964
9942
9889
9899
9860
9897
9887
9985
9950
9940
9934
9803
9958
9901
9931
9944
9875
9920
9866
9889
9875
9939
9983
9915
9824
9902
9886
9881
9925
9875
9885
9998
9994
9917
9937
9829
9964
9902
9830
9947
9936
9907
9926
9981
9888
9818
9863
9788
9890
9814
9936
9934
9908
9945
9931
9843
9945
9915
9951
9949
9869
9862
9786
9938
9938
9869
9989
9900
9962
9936
9828
9914
9935
9942
9844
9952
9974
9984
9797
9939
9931
9965
9955
9875
9907
9983
9879
9940
9948
9875
9803
9938
9993
9912
9927
9929
9938
9898
9843
9896
9926
9893
9969
9977
9872
9947
9645
9947
9876
9805
9813
9890
9992
9826
9937
9843
9611
9764
9887
9984
9859
9903
9874
9847
9905
9892
9960
9971
9952
9924
9898
9950
9868
9948
9928
9885
9909
9935
9969
10000
9944
9906
9645
9838
9871
9910
9973
9899
9961
9861
9876
9783
9904
9892
9938
9906
9921
9962
9989
9935
9960
9884
9984
9931
9928
9926
9893
9910
9951
9876
9878
9864
9900
9977
9916
9855
9757
9900
9911
9841
9862
9918
9896
9853
9962
9917
9838
9920
9942
9859
9909
9885
9864
9987
9851
9902
9863
9989
9955
9966
9906
9895
9811
9979
9829
9881
9836
9852
9937
9881
9912
9899
9922
9950
9945
9988
9985
9926
9868
9906
9937
9949
9889
9922
9993
9889
9904
9852
10000
9966
9917
9881
9895
9977
9919
9976
9913
9877
9975
9976
9920
9866
9991
9905
9862
9864
9893
9864
9921
9914
9813
9842
9825
9987
9862
9818
9804
9841
9884
9887
9942
9949
9838
9890
9884
9905
9843
9894
9887
9897
9669
9952
9973
9900
9826
9857
9957
9884
9867
9901
9893
9891
9983
9958
9803
9990
9910
9862
9900
9944
9661
9963
9844
9923
9923
9885
9915
9842
9919
9918
9918
9875
9899
9959
9846
9933
9944
9976
9884
9910
9926
9860
9954
9936
9916
9932
9948
9942
9957
9718
9855
9905
9910
9765
9985
9855
9858
9878
9857
9978
9973
9867
9946
9998
9779
9895
9917
9965
9825
9972
9849
9908
9919
9866
9839
9966
9910
9916
9882
9926
9923
9908
9883
9915
9929
9884
9951
9920
9944
9940
9838
9900
9884
9983
9940
9865
9909
9906
9928
9935
9919
9798
9869
9878
9793
9912
9893
9900
9958
9874
9948
9785
9833
9954
9962
9920
9888
9910
9885
9938
9984
9953
9976
9945
9929
9990
9775
9950
9941
9927
9862
9888
9916
9899
9992
9817
9922
9967
9958
9879
9904
9848
9922
9737
9970
9881
9909
10000
9858
9690
9867
9836
9788
9932
9865
9807
9958
9788
9906
9897
9986
9994
9983
9917
9963
9872
9976
9834
9894
9912
9932
9999
9948
9865
9822
9960
9997
9937
9937
9801
9800
9943
9981
9969
9973
9952
9842
9827
9971
9932
9937
9896
9878
9837
9915
9808
9910
9911
9902
9930
9957
9860
9955
9724
9823
9825
9855
9988
9963
9927
9855
9837
9925
9927
9912
9988
9949
9862
9977
9962
9977
9999
9851
9895
9991
9910
9868
9916
9949
9915
9957
9945
9824
9925
9834
9935
9956
9966
9903
9981
9995
9965
9942
9874
9964
9847
9929
9959
9794
9932
10000
9929
9893
9889
9918
9959
9916
9933
9942
9927
9920
9859
9968
9868
9835
9965
9943
9874
9943
9905
9861
9929
9977
9872
9928
9819
9867
9971
9903
9949
9906
9878
9939
9928
9946
9865
9979
9952
9883
9925
9879
9841
9914
9995
9937
9910
9934
9959
9936
9896
9911
9895
9853
9948
9919
9972
9977
9817
9815
9844
9817
9972
9797
9927
9950
9899
9885
9881
9904
9925
9861
9855
9825
9891
9776
9964
9994
9958
9933
9924
9933
9956
9915
9935
9929
9971
9936
9929
9884
9973
9889
9889
9924
9920
9978
9912
9925
9916
9914
9838
9957
9761
9916
9911
9843
9888
9869
9994
9947
9932
9993
9987
9950
9853
9917
9858
9912
9973
9848
9933
9853
9939
9978
9848
9919
9912
9961
9948
9832
9837
9926
9942
9912
9932
9978
9906
9941
9945
9968
9874
9941
9922
9826
9803
9941
9973
9941
9924
9854
9894
9969
9894
9995
9965
9913
9941
9955
9921
9893
9816
9953
9883
9800
9969
9813
9871
9872
9912
9859
9942
9957
9974
9976
9867
9901
9962
9897
9902
9939
9868
9968
9953
9813
9791
9930
9837
9696
9961
9958
9842
9941
9741
9949
9900
9956
9895
9905
9948
9961
9997
9939
9942
9907
9972
9886
9877
9934
9923
9900
9916
9884
9838
9951
9919
9784
9959
9927
9893
9842
9847
9906
9924
9863
9908
9862
9924
9923
9892
9977
9850
9999
9996
9888
9855
9820
9962
9959
9953
9935
9952
9914
9949
9920
9904
9996
9944
9901
9933
9992
9976
9898
9934
9832
9940
9906
9913
9907
9949
9924
9783
9930
9930
9960
9782
9842
9916
9909
9953
9944
9931
9945
9893
9946
9938
