9887
9962
9838
9892
9825
9960
9964
9921
9856
9908
9809
9930
9875
9854
9976
9908
9816
9905
9872
9982
9933
9934
9851
9876
9957
9905
9799
9903
9932
9890
9950
9948
9801
9908
9910
9903
9954
9933
9887
9996
9990
9966
9923
9942
9940
9978
9962
9873
9952
9900
9883
9955
9944
9926
9829
9938
9927
9931
9985
9962
9939
9923
9843
9923
9939
9933
9997
9863
9883
9888
9809
9951
9881
9890
9910
9929
9909
9897
9991
9907
9935
9715
9977
9861
9955
9877
9870
9843
9956
9861
9893
9901
9900
9858
9937
9996
9979
9832
9882
9971
9967
9934
9961
9931
9880
9975
9868
9850
9809
9783
9817
9965
9938
9917
9826
9930
9857
9889
9954
9969
9946
9849
9915
9953
9829
9992
9947
9893
9941
9866
9891
9943
9995
9744
9903
9884
9934
9760
9821
9900
9948
9794
9852
9940
9807
9878
9983
9976
9967
9924
9999
9907
9905
9870
9915
9895
9858
9910
9942
9949
9930
9948
9782
9923
9961
9931
9968
9905
9924
9850
9842
9905
9807
9839
9928
9869
9934
9960
9865
9954
9948
9939
9939
9953
9975
9932
9967
9895
9874
9932
9923
9917
9934
9890
9930
9916
9925
9992
9899
9947
9936
9940
9931
9865
9935
9911
9940
9945
9897
9894
9942
9991
9964
9889
9927
9979
9937
9941
9875
9913
9940
9996
9922
9872
9895
9974
9869
9976
9919
9868
9911
9898
9916
9903
9927
9813
9891
9878
9806
9871
9960
9968
9930
9710
9885
9898
9964
9887
9897
9962
9950
9948
9999
9880
9969
9961
9877
9938
9882
9845
9947
9852
9965
9821
9986
9784
9953
9902
9908
9988
9982
9902
9945
9947
9879
9913
9839
9800
9891
9843
9910
9940
9932
9838
9905
9954
9881
9912
9926
9934
9965
9944
9875
9950
9858
9858
9957
9983
9876
9895
9809
9937
9917
9860
9941
9925
9925
9869
9961
9952
9956
9891
9936
9964
9966
9927
9951
9954
9832
9898
9878
9991
9992
9847
9970
9932
9931
9929
9957
9941
9966
9843
9996
9896
9918
9948
9969
9800
9867
9965
9960
9934
9958
9972
9870
9804
9968
9867
9889
9929
9759
9881
9964
9905
9883
9900
10000
9938
9956
9945
9999
9933
9971
9924
9930
9899
9907
9791
9939
9892
9973
9762
9897
9945
9951
9895
9889
9959
9912
9981
9912
9892
9783
9969
9915
9981
9957
9937
9857
9799
9938
9850
9849
9927
9922
9965
9960
9880
9888
9857
9956
9937
9944
9964
9868
9944
9912
9983
9899
9917
9889
9954
9909
9882
9995
9926
9888
9942
9909
9988
9874
9970
9955
9881
9982
9897
9956
9991
9963
9841
9934
9928
9905
9933
9866
9966
9951
9756
9918
9832
9931
9803
9956
9984
9972
9905
9967
9968
9908
10000
9919
9916
9855
9833
9916
9901
9933
9876
9929
9948
9954
9860
9900
9918
9939
9921
9937
9846
9962
9828
9936
9944
9965
9897
9899
9931
9839
9923
9838
9899
9873
9909
9907
9876
9940
9934
9857
9986
9885
9817
9921
9939
9864
9969
9945
9833
9839
9919
9921
9923
9939
9921
9916
9958
9885
9895
9881
9889
9890
9917
9785
9881
9907
9967
9885
9888
9680
9911
9921
9947
9766
9823
9895
9918
9945
9895
9985
9933
9904
9966
9955
9854
9958
9779
9945
9891
9888
9965
9943
9941
9997
9930
9930
9994
9999
9937
9868
9944
9863
9910
9833
9888
9855
9858
9943
9906
9940
9863
9908
9922
9950
9902
9966
9961
9824
9820
9912
9978
9876
9942
9809
9938
9915
9894
9939
9782
9882
9851
10000
9930
9905
9960
9940
9957
9886
9934
9880
9790
9922
9949
9975
9871
9943
9936
9928
9911
9814
9863
9883
9901
9988
9894
9935
9840
9794
9955
9972
9937
9836
9866
9968
9911
9886
9964
9940
9916
9847
9956
9889
9929
9950
9948
9850
9917
9900
9934
9913
9909
9963
9868
9875
9941
9936
9901
9966
9908
9847
9866
9825
9889
9896
9936
9891
9866
9724
9862
9932
9935
9974
9955
9819
9887
9766
9959
9808
9980
9934
9903
9889
9954
9888
9948
9892
9859
9934
9827
9917
9861
9901
9855
9912
9969
9901
9925
9938
9874
9910
9861
9956
9873
9857
9997
9970
9942
9886
9910
9936
9841
9949
9927
9975
9933
9944
9930
9927
9810
9854
9982
9967
9996
9930
9878
9933
9857
9984
9933
9922
9948
9995
9738
9875
9960
9982
9900
9825
9909
9948
9932
9931
9866
9900
9896
9855
9925
9900
9953
9849
9934
9972
9888
9990
9937
9927
9874
9934
9938
9942
9949
9892
9966
9853
9886
9950
9818
9824
9900
9911
9969
9893
9970
9914
9911
9834
9942
9821
9935
9942
9862
9971
9914
9927
9951
9883
9953
9956
9949
9981
9871
9943
9931
9831
9894
9973
9906
9982
9933
9938
9897
9919
9940
9893
9879
9859
9922
9962
9768
9878
9917
9781
9918
9972
9825
9971
9847
9947
9876
9900
9825
9943
9767
9911
9951
9868
9958
9950
9895
9994
9871
9896
9856
9973
9892
9948
9938
9997
9937
9940
9966
9956
9995
9972
9777
9758
9926
9856
9864
9957
9910
9919
9903
9885
9964
9864
9855
9882
9817
9978
9939
9775
9954
9879
9944
9940
9857
9874
9924
9964
9940
9913
9902
9933
9966
9922
9861
9986
9884
9892
9823
9890
9855
9749
9945
9987
9848
9915
9873
9847
9807
9929
9892
9915
9840
9917
9908
9863
9941
9977
9884
9994
9796
9917
9932
9888
9980
9900
9910
9913
9912
9830
9875
9962
9815
9933
9954
9910
9959
9940
9935
9851
9852
9875
9814
9943
9940
9974
9917
9790
9912
9898
9932
9944
9942
9965
9891
9975
9943
9926
9941
9866
9924
9960
9814
9985
9846
9821
9846
9967
9942
9955
9901
9957
9879
9941
9984
9928
9845
9916
9924
9916
9854
9922
9882
9921
9976
9797
9903
9957
9984
9905
9938
9916
9898
9963
9916
9869
9923
9927
9817
9931
9944
9992
9922
9903
9949
9988
9954
9906
9875
9926
9766
9915
9961
9910
9868
9848
9904
9901
9648
9932
9851
9852
9974
9952
9884
9988
9859
9960
9882
9918
9890
9943
9937
9897
9892
9854
9933
9958
9806
9905
9923
