9874
9952
9848
9975
9927
9892
9912
9765
9847
9984
9919
9890
9929
9865
9882
9989
9862
9936
9813
9979
9760
9866
9893
9905
9823
9895
9829
9991
9955
9954
9870
9860
9926
9959
9973
9947
9872
9857
9920
9852
9905
9896
9967
9899
9916
9936
9932
9893
9824
9871
9840
9950
9965
9805
9861
9855
9829
9925
9970
9922
9952
9833
9969
9783
9825
9904
9945
9940
9866
9912
9956
9929
9952
9918
9864
9900
9915
9893
9914
9892
9929
9929
9933
9920
9966
9929
9918
9907
9946
9949
9900
9959
9949
9931
9885
9927
9924
9965
9950
9913
9919
9793
9848
9974
9969
9976
9939
9766
9972
9821
9913
9999
9972
9874
9913
9910
9954
9947
9874
9832
9925
9980
9944
9993
9944
9976
9903
9899
9911
9936
9959
9988
9857
9810
9891
9902
9902
9882
9865
9786
9876
9850
9890
9945
9872
9811
9830
9939
9894
9845
9891
9935
9974
9928
9898
9825
9896
9909
9920
9936
9773
9871
9895
9854
9940
9757
9907
9764
9955
9803
9929
9939
9857
9839
9973
9903
9875
9928
9858
9958
9877
9934
9885
9843
9983
9883
9897
9793
9880
9955
9956
9837
9991
9960
9902
9894
9944
9938
9971
9901
9888
9844
9952
9959
9937
9849
9941
9878
9862
9958
9914
9978
9980
9871
9938
9949
9767
9964
9959
9889
9948
9892
9901
9940
9937
9894
9868
9945
9958
9865
9899
9966
9968
9906
9911
9871
9912
9856
9975
9852
9956
9926
9829
9906
9917
9898
9843
9990
9910
9948
9870
9845
9868
9954
9962
9827
9907
9898
9788
9895
9854
9827
9916
9891
9902
9833
9903
9882
9882
9967
9965
9984
9847
9944
9810
9774
9864
9907
9979
9834
9851
9934
9831
9910
9927
9926
9985
9894
9842
9911
9870
9939
9921
9941
9841
9879
9851
9898
9926
9929
9942
9881
9981
9931
9966
9920
9951
9919
9891
9968
9878
9882
9882
9908
9849
9897
9959
9904
9817
9931
9966
9906
9938
9843
9956
9896
9965
9973
9934
9832
9959
9941
9968
9888
9829
9942
9936
9939
9979
9930
9947
9921
9950
9934
9870
9852
9962
9928
9885
9900
9923
9898
9835
9826
9885
9947
9912
9767
9875
9958
9907
9915
9861
9909
9872
9901
9899
9967
9913
9981
9947
9937
9981
9837
9890
9902
9894
9826
9925
9909
9848
9881
9852
9932
9939
9899
9931
9953
9878
9902
9916
9885
9979
9933
9829
9887
9881
9913
9914
9966
9849
9803
9950
9951
9924
9951
9835
9922
9884
9865
9864
9946
9897
9877
9883
9938
9937
9855
9920
9786
9912
9836
9901
9842
9873
9884
9807
9887
9825
9901
9907
9719
9882
9907
9914
9879
9868
9838
9934
9940
9980
9864
9926
9936
9977
9968
9954
9911
9910
9931
9916
9903
9887
9972
9886
9991
9898
9971
9935
9926
9931
9876
9910
9801
9867
9939
9948
9933
9942
9907
9871
9926
9814
9895
9860
9873
9803
9895
9828
9979
9914
9895
9935
9930
9904
9885
9851
9925
9743
9964
9933
9960
9912
9791
9926
9955
9942
9892
9912
9837
9910
9921
9858
9855
9870
9954
9973
9916
9975
9966
9998
9934
9919
9924
9930
9936
9950
9837
9889
9836
9918
9961
9834
9979
9789
9908
9972
9917
9935
9887
9919
9891
9932
9865
9941
9781
9852
9975
9941
9924
9925
9872
9910
9873
9897
9946
9980
9945
9913
9905
9852
9866
9970
9978
9934
9911
9996
9810
9962
9923
9872
9927
9962
9983
9989
9931
9841
9912
9978
9908
9921
9881
9940
9801
9809
9849
9785
9906
9904
9925
9880
9956
9937
9843
9943
9889
9959
10000
9996
9781
9922
9997
9812
9764
9877
9931
9900
9935
9852
9840
9973
9788
9792
9887
9941
9903
9889
9953
9939
9941
9992
9919
9884
9889
9932
9924
9890
9786
9853
9968
9837
9865
9938
9829
9945
9931
9920
9802
9798
9921
9716
9993
9803
9931
9932
9971
9898
9931
9967
9927
9893
9846
9957
9907
9890
9919
9900
9946
9939
9947
9966
9913
9875
9888
9996
9779
9918
9894
9877
9837
9956
9926
9993
9977
9915
9999
9953
9840
9927
9974
9933
9986
9946
9896
9950
9985
9925
9946
9952
9866
9907
9876
9901
9927
9938
9932
9923
9901
9899
9780
9914
9924
9932
9984
9962
9953
9872
9946
9916
9958
9855
9961
9912
9847
9926
9938
9915
9899
9862
9958
9920
9851
9795
9890
9890
9998
9865
9914
9925
9913
9997
9834
9940
9872
9945
9938
9946
9835
9781
9892
9977
9869
9941
9869
9984
9936
9988
9852
9899
9953
9955
9898
9805
9933
9830
9948
9917
9876
9858
9914
9835
9927
9827
9959
9902
9997
9900
9917
9930
9974
9886
9876
9912
9878
9885
9924
9950
9957
9893
9854
9896
9927
9896
9959
9887
9880
9934
9883
9838
9941
9921
9857
9934
9904
9819
9865
9862
9795
9976
9893
9974
9822
9899
9881
9925
9936
9856
9935
9956
9932
9885
9955
9892
9859
9932
9970
9939
9906
9875
9829
9865
9958
9906
9819
9851
9851
9967
9890
9857
9979
9996
9938
9979
9886
9921
9965
9950
9975
9888
9886
9966
9914
9860
9921
9911
9861
9953
9844
9867
9910
9951
9940
9782
9900
9975
9841
9940
9907
9942
9898
9804
9985
9906
9906
9891
9823
9925
9923
9954
9823
9884
9892
9915
9833
9953
9915
9879
9935
9842
9796
9848
9946
9950
9894
9999
9852
9969
9764
9924
9932
9902
9902
9843
9849
9910
9940
9777
9868
9908
9726
9879
9805
9878
9956
9896
9880
9780
9941
9903
9767
9943
9943
9926
9889
9939
9927
9954
9766
9834
9926
9867
9936
9971
9879
9914
9943
9933
9936
9893
9957
9891
9960
9863
9865
9861
9955
9897
9956
9794
9922
9676
9957
9883
9918
9906
9857
9888
9960
9962
9849
9935
9911
9866
9880
9988
9854
9839
9909
9934
9897
9932
9909
9875
9935
9869
9947
9900
9878
9980
9946
9886
9858
9978
9743
9964
9950
9958
9864
9911
9905
9901
9867
9986
9960
9903
9967
9836
9808
9878
9901
9922
9975
9958
9896
9927
9819
9999
9987
9897
9895
9892
9894
9948
9898
9940
9931
9871
9991
9869
9926
