9916
9893
9948
9998
9920
9927
9921
9876
9987
9931
9902
9812
9965
9920
9933
9941
9854
9927
9835
9937
9950
9918
9878
9969
9804
9991
9945
9966
9856
9932
9974
9969
9785
9934
9817
9911
9770
9892
9955
9927
9906
9999
9869
9904
9865
9882
9822
9880
9822
9917
9893
9832
9951
9907
9942
9796
9906
9961
9900
9895
9929
9901
9952
9981
9895
9996
9899
9946
9946
9909
9924
9910
9936
9840
9953
9919
9892
9914
9865
9933
9912
9912
9956
9991
9879
9866
9888
9964
9974
9956
9958
9980
9933
9981
9923
9690
9940
9778
9934
9908
9954
9888
9916
9913
9915
9917
9851
9898
9894
9939
9955
9897
9934
9739
9831
9972
9942
9837
9783
9933
9907
9870
9894
9850
9917
9919
9977
9883
9905
9900
9939
9785
9938
9904
9889
9955
9944
9909
9845
9993
9806
9891
9891
9849
9943
9931
9920
9848
9956
9908
9938
9964
9921
9957
9992
9826
9774
9969
9862
9920
9911
9891
9976
9953
9925
9726
9941
9983
9896
9923
9878
9917
9918
9846
9883
9926
9927
9871
9966
9978
9908
9838
9874
9871
9940
9782
9937
9972
9870
9920
9830
9968
9902
9831
9856
9791
9884
9969
9949
9844
9858
9829
9950
9978
9947
9924
9998
9939
9906
9912
9919
9961
9798
9631
9884
9972
9790
9882
9969
9940
9938
9937
9863
9838
9947
9928
9954
9929
9772
9841
9952
9865
9976
9807
9829
9903
9925
9868
9936
9951
9894
9898
9969
9876
9943
10000
9900
9920
9858
9971
9942
9848
9949
9912
9959
9983
9809
9922
9985
9960
9977
9945
9912
9830
9836
9918
9906
9908
9864
9874
9935
9909
9962
9933
9941
9803
9930
9902
9936
9910
9990
9870
9954
9882
9859
9976
9970
9890
9798
9971
9876
9912
9793
9891
9853
9923
9743
9866
9938
9953
9851
9939
9960
9943
9914
9822
9959
9911
9941
9961
9949
9897
9910
9879
9909
9922
9978
9927
9995
9897
9830
9997
9933
9993
9883
9871
9794
9845
9917
9913
9836
9789
9910
9842
9943
9902
9986
9964
9955
9921
9885
9979
9953
9823
9986
9882
9841
9969
9954
9926
9916
9929
9934
9865
9788
9942
9942
9932
9991
9801
9925
9918
9846
9948
9918
9937
9921
9935
9917
9848
9893
9943
9957
9948
9838
9926
9913
9966
9910
9888
9849
9867
9887
9906
9972
9885
9964
9881
9976
9915
9705
9878
9864
9938
9952
9927
9896
9721
9936
9811
9934
9846
9794
9926
9766
9924
9932
9953
9869
9915
9796
9959
9889
9884
9906
9925
9861
9946
9814
9831
9934
9875
9883
9923
9877
9892
9913
9907
9828
9958
9960
9916
9976
9921
9877
9897
9944
9853
9937
9896
9936
9764
9859
9938
9926
9955
9947
9841
9908
9923
9998
9848
9987
9923
9903
9845
9932
9831
9913
9871
9824
9951
9889
9777
9922
9859
9922
9956
9949
9937
9888
9921
9884
9950
9952
9959
9966
9894
9925
9974
9943
9863
9934
9860
9905
9880
9968
9800
9874
9896
9929
9965
9897
9909
9817
9956
9936
9879
9825
9942
9784
9923
9978
9929
9881
9890
9916
9975
9869
9837
9917
9979
9913
9896
9924
9915
9917
9998
9904
9915
9938
9963
9975
9941
9917
9856
9969
9945
9881
9872
9911
9805
9822
9872
9860
9953
9949
9965
9934
9929
9999
9881
9949
9927
9864
9923
9841
9870
9967
9941
9851
9760
9872
9812
9780
9948
9907
9890
9926
9917
9955
9952
9958
9859
9910
9943
9927
9931
9900
9979
9823
9882
9883
9986
9971
9970
9940
9830
9878
9840
9887
9939
9776
9910
9936
9856
9898
9911
9907
9908
9868
9959
9955
9939
9913
9959
9958
9835
9921
9960
9853
9966
9964
9839
9931
9922
9965
9927
9927
9847
9922
9942
9994
9949
9908
9852
9947
9974
9930
9886
9944
9892
9939
9822
9920
9899
9956
9911
9919
9942
9869
9862
9888
9926
9918
9893
9877
9827
9969
9957
9881
9995
9947
9894
9922
9914
9988
9907
9874
9948
9890
9899
9932
9976
9963
9956
9948
9988
9903
9898
9831
9835
9881
9997
9961
9886
9871
9746
9881
9953
9873
9855
9984
9960
9887
9921
9930
9920
9759
9951
9782
9916
9920
9963
9955
9838
9935
9921
9947
9900
9875
9725
9888
9946
9899
9805
9822
9955
9990
9940
9981
9853
9883
9821
9891
9949
9982
9966
9915
9794
9822
9983
9867
9897
9894
9925
9954
9889
9813
10000
9956
9949
9946
9865
9968
9941
9983
9919
9888
9951
9861
10000
9953
9976
9852
9851
9930
9865
9880
9750
9891
9947
9899
9855
9943
9985
9824
9921
9839
9885
9963
9895
9798
9922
9946
9901
9987
9917
9959
9857
9897
9893
9901
9863
9953
9941
9907
9884
9888
9758
9968
9854
9949
9917
9865
9812
9828
9830
9929
9812
9878
9986
9750
9879
9929
9985
9911
9934
9938
9944
9948
9821
9892
9820
9909
9971
9896
9898
9901
9876
9877
9956
9915
9949
9847
9889
9925
9918
9921
9992
9888
9807
9994
9928
9871
9899
9819
9912
9971
9889
9949
9917
9894
9947
9831
9972
9968
9899
9942
9996
9900
9877
9926
9961
9910
9934
9895
9977
9876
9904
9934
9926
9863
9926
9956
9796
9906
9969
9859
9769
9888
9945
9906
9909
9657
9928
9941
9933
9898
9959
9969
9889
9903
9967
9920
9956
9918
9905
9953
9907
9874
9897
9959
9874
9829
9955
9978
9864
9914
9897
9908
9892
9929
9815
9922
9949
9902
9946
9809
9863
9884
9972
9958
9969
9946
9944
9850
9783
9953
9769
9686
9888
9839
9993
9958
9940
9933
9846
9952
9959
9918
9878
9853
9910
9888
9936
9963
9880
9915
9893
9839
9888
9946
9863
9747
9987
9947
9903
9881
9805
9946
9915
9833
9945
9881
9954
9863
9931
9846
9921
9862
9916
9711
9888
9909
9926
9931
9991
9809
9926
9950
9908
9905
9775
9900
9938
9856
9853
9946
9901
9808
9955
9882
9994
9959
9911
9682
9827
9929
9883
9912
9908
9909
9966
9867
9985
9855
9941
9863
9883
9913
9910
9957
9977
9944
9926
9889
9922
9942
9966
9916
9964
9952
9946
9977
9894
9919
9988
9955
9940
