9899
9959
9948
9876
9848
9903
9952
9959
9902
9854
9830
9885
9912
9861
9890
9930
9960
9926
9937
9844
9931
9893
9908
9953
9825
9820
9912
9980
9966
9777
9951
9947
9974
9957
9837
9917
9897
9881
9947
9939
9937
9935
9954
9952
9818
9922
9921
9954
9822
9863
9815
9886
9936
9855
9833
9895
9828
9835
9901
9949
9867
9954
9906
9929
9950
9918
9930
9757
9900
9946
9899
9967
9891
9932
9933
9984
9834
9956
9921
9788
9954
9874
9950
9741
9812
9957
9791
9886
9876
9867
9934
9867
9897
9950
9879
9921
9913
9814
9895
9936
9983
9913
9890
9963
9925
9910
9883
9886
9928
9897
9978
9926
9776
9932
9905
9989
9913
9808
9916
9816
9956
9803
9816
9906
9922
9901
9970
9908
9941
9944
9920
9912
9939
9950
9870
9928
9966
9971
9800
9916
9869
9877
9905
9850
9945
9909
9960
9845
9870
9834
9768
9948
9992
9786
9814
9848
9919
9897
9941
9842
9953
9934
9926
9951
9913
9920
9952
9920
9943
9913
9841
9974
9957
9937
9831
9935
9926
9919
9968
9857
9846
9921
9962
9959
9975
9984
9919
9912
9874
9877
9976
9944
9960
9888
9945
9862
9890
9954
9908
9955
9880
9946
9893
9913
9891
9953
9913
9934
9881
9896
9910
9898
9939
9927
9806
9901
9962
9949
9914
9956
9890
9826
9892
9842
9830
9817
9859
9911
9916
9877
9929
9926
9874
9869
9785
9810
9918
9964
9933
9746
9928
9939
9894
9938
9894
9910
9971
9873
9951
9912
9947
9924
9924
9939
9975
9939
9984
9949
9965
9898
9956
9789
9903
9961
9789
9997
9919
9922
9946
9935
9932
9830
9923
9966
9980
9912
9892
9714
9951
9906
9908
9955
9898
9988
9950
9882
9948
9938
9953
9906
9907
9933
9906
9826
9868
9975
9965
9864
9998
9955
9993
9926
9862
9956
9884
9954
9980
9950
9852
9835
9949
9895
9889
9887
9969
9850
9953
9965
9858
9908
9955
9931
9944
9923
9948
9675
9842
9890
9962
9785
9955
9903
9870
9819
9843
9900
9902
9862
9920
9920
9924
9961
9926
9943
9830
9933
9908
9930
9985
9959
9942
9930
9929
9951
9917
9902
9913
9987
9912
9922
9932
9875
9892
9782
9927
9895
9867
9997
9876
9912
9804
9999
9892
9862
9893
9856
9826
9858
9877
9888
9904
9913
9870
9890
9923
9921
9997
9981
9934
9964
9933
9921
9922
9876
9947
9932
9942
9896
9944
9874
9866
9916
9960
9915
9837
9957
9925
9965
9902
9952
9844
9935
9911
9801
9891
9872
9942
9967
9890
9949
9952
9876
9714
9889
9939
9977
9858
9895
9933
9876
9971
9981
9950
9963
9960
9886
9930
9997
9913
9828
9912
9914
9821
9872
9906
9928
9863
9905
9831
9920
9893
9935
9854
9888
9900
9928
9875
9949
9941
9970
9852
9927
9778
9959
9901
9924
9886
9962
9955
9879
9968
9913
9878
9922
9921
9926
9976
9882
9940
9920
9830
9848
9835
9939
9954
9911
9941
9988
9945
9982
9880
9859
9826
9983
9915
9921
9974
9997
9976
9926
9877
9931
9982
9876
9911
9874
9894
9849
9947
9948
9877
9974
9870
9955
9949
9942
9995
9964
9934
9867
9858
9958
9915
9892
9887
9972
9891
9913
9836
9934
9816
9866
9851
9906
9894
9936
9906
9893
9874
9981
9807
9915
9817
9899
9971
9939
9938
9922
9838
9929
9883
9832
9759
9953
9963
9908
9934
9884
9976
9922
9960
9949
9906
9916
9906
9865
9959
9871
9933
9969
9878
9859
9949
9946
9946
9869
9869
9886
9868
9957
9875
9968
9964
9759
9894
9968
9989
9959
9787
9968
9927
9945
9952
9911
9872
9842
9917
9884
9963
9869
9744
9890
9960
9871
9901
9961
9970
9936
9853
9859
9889
9918
9875
9950
9973
9974
9927
9937
9906
9981
9904
9930
9835
9951
9851
9907
9936
9862
9972
9972
9882
9895
9930
9941
9850
9907
9909
9888
9905
9802
9836
9972
10000
9948
9821
9873
9951
9963
9861
9866
9944
9924
9983
9980
9931
9848
9930
9949
9954
9897
9954
9945
9942
9864
9829
9920
9894
9791
9844
9919
9924
9969
9934
9928
9962
9937
9772
9814
9955
9932
9788
9971
9815
9898
9901
9959
9917
9916
9805
9919
9885
9762
9961
9909
9954
9861
9934
9854
9967
9977
9941
9877
9933
9918
9954
9864
9960
9916
9911
9861
9945
9870
9979
9939
9885
9931
9942
9881
9933
9942
9836
9818
9936
9998
9910
9892
9945
9789
9914
9853
9902
9906
10000
9986
9954
9850
9929
9791
9785
9995
9966
9905
9957
9861
9906
9943
9878
9943
9911
9889
9912
9892
9873
9926
9870
9847
9886
9912
9943
9925
9901
9947
9893
9860
9934
9982
9934
9936
9902
9903
9904
9903
9881
9909
9913
9926
9848
9913
9913
9892
9952
9941
9858
9949
9833
9815
9946
9964
9989
9793
9873
9742
9971
9934
9837
9931
9949
9819
9878
9947
9937
9945
9870
9996
9906
9977
9838
9877
9870
9966
9991
9886
9903
9881
9964
9992
9842
9989
9946
9877
9973
9881
9811
9934
9803
9869
9933
9903
9961
9876
9934
9900
9878
9791
9840
9892
9772
9931
9939
9747
9929
9936
9817
9859
9951
9877
9911
9915
9954
9883
9833
9870
9907
9881
9966
9858
9970
9938
9906
9903
9986
9741
9941
9999
9902
9833
9970
9999
9884
9953
9885
9818
9833
9888
9850
9904
9762
9922
9960
9916
9900
9998
9946
9944
9854
9874
9883
9973
9857
9868
9881
9916
9914
9966
9919
9893
9879
10000
9857
9843
9872
9901
9940
9860
9761
9845
9995
9958
9958
9941
9876
9896
9980
9848
9935
9952
9923
9874
9936
9888
9915
9835
9943
9859
9909
9886
9955
9956
9952
9893
9951
9937
9916
9876
9844
9914
9893
9884
9953
9904
9957
9899
9704
9958
9984
9936
9896
9923
9919
9859
9878
9927
9944
9909
9918
9934
9957
9727
9789
9851
9886
9860
9840
9933
9929
9986
9984
9910
9930
9972
9897
9852
9959
9954
9808
9799
9835
9916
9869
9975
9876
9824
9916
9878
9912
9933
9914
9987
9977
9969
9854
9882
9928
9941
9902
9888
9837
9956
9926
9872
