9937
9898
10000
9921
9932
9967
9914
9914
10000
9951
9879
9960
9924
10000
9984
9941
9999
9996
9813
10000
9996
9942
9919
9945
9896
9902
9849
9832
9823
9859
9889
10000
9890
9943
9843
9898
9921
9949
9917
9998
9998
9938
9945
9840
9940
9870
10000
9829
9828
10000
9772
10000
9887
9895
9845
9932
9841
9999
9950
9913
9907
9914
9975
9882
9907
9927
9996
9791
9896
9826
10000
9874
9892
9935
9885
9999
9808
9773
10000
9993
9883
10000
9899
9899
9986
9996
10000
9938
9702
9994
9923
9929
9905
9995
9749
9925
9995
9931
9987
9999
9879
9967
9879
9897
9954
9933
9931
9962
10000
9966
9880
9983
9980
9979
9945
9896
9960
9861
9890
9916
9870
9910
9905
9999
9731
9868
9988
9812
9996
9921
9998
9961
9925
9862
10000
9956
9841
9917
9931
9975
9906
9980
9870
9858
9761
9890
9996
9893
9886
10000
9968
9856
9869
9898
9999
9998
9831
9957
9924
9914
9972
9993
9829
9797
9893
9950
9908
9907
9997
9938
9871
9914
9947
9791
9915
9966
9971
9997
9969
9982
9975
9932
9992
9995
9793
10000
9996
9967
9962
9992
10000
9974
9952
9954
9978
9906
9819
9984
9886
9902
9942
9836
9903
9999
10000
9997
9991
9940
9808
9865
9683
9900
9907
9986
9868
9915
9932
9860
9928
9951
9865
9971
9996
9934
9974
9963
9937
10000
9951
9921
9847
9926
9985
9885
9896
10000
9959
9935
9938
9997
9991
9881
9900
9918
9929
9906
9941
9862
9838
10000
9990
9828
9956
9989
9982
9967
9973
9900
9857
9796
9893
9865
9903
9906
9955
9842
9954
9996
9813
9938
9930
9998
9863
9956
9904
9987
9908
9875
9842
9966
9970
9880
9971
9872
9804
9906
9906
9906
9951
9939
9846
9883
9835
9954
9888
9933
9963
9900
9999
9963
9884
9857
9952
9961
9997
9954
9843
9996
9991
9939
9920
9800
9842
10000
9774
10000
9903
9865
9904
9997
9868
9968
9777
9999
10000
9978
9990
9857
9920
10000
10000
9846
9884
9994
9905
9992
9909
9874
9994
9924
9999
9894
9974
9767
9985
9998
9984
9858
9949
9871
9876
9885
9977
9917
9948
9940
9868
9943
9998
9944
9900
9957
9976
9937
9962
9957
9907
9940
9745
9997
9959
9941
9963
9924
9723
9934
10000
9843
9871
9927
9887
9933
9916
9886
9880
9797
9822
9861
9910
9917
9936
9981
9988
9886
9866
9993
9899
9953
9921
9785
9913
9942
10000
9862
9999
9853
9903
9995
9980
9999
9894
9972
10000
9872
9998
9887
9999
9922
9953
10000
9839
9823
9784
10000
9746
10000
9914
9870
9719
9966
9869
10000
9950
9866
9878
10000
9876
9999
9947
9895
9996
9882
9895
9897
9958
9890
9998
9931
9906
9844
9970
9930
9948
9901
9988
10000
9995
9887
9890
9886
9766
9950
9916
9936
9999
9938
9978
9966
9945
9950
9863
10000
9828
9933
9954
9861
9921
9913
9997
9966
10000
9853
9897
9899
9846
9938
9913
10000
9936
9855
9858
9787
9941
9918
9947
9914
9861
9906
10000
9982
9964
10000
9997
9891
9999
9792
9915
9998
9998
9849
9993
9831
9975
10000
9992
10000
9841
9915
9896
9913
9925
9853
9752
9925
9931
10000
9905
9808
9973
9874
9937
9987
9938
9935
9930
10000
10000
9987
9850
9936
9805
10000
9922
10000
9979
9892
9989
9996
9936
9917
9826
9840
9904
9870
9853
9954
9971
9980
9925
9891
9991
9942
9938
9995
9974
9938
9982
9997
10000
9989
9915
9924
9947
9939
9902
9974
9879
9864
9943
9997
9988
9920
9976
9929
9970
9876
9920
9997
9885
10000
9988
9968
9950
9989
9880
9998
9969
9803
9997
9943
9905
9933
9966
9905
9992
9869
9995
9941
9868
9886
9999
9877
9859
9885
9972
9875
9821
9833
9900
9997
9995
9912
9908
9736
10000
9894
9820
9954
9975
9998
9851
9999
9773
9948
9914
9894
9949
10000
9993
9986
9999
9849
9830
10000
9932
9987
9839
9820
9834
9940
9931
9853
9802
10000
9873
9999
9735
9895
9916
10000
9766
9967
9993
9972
9936
9986
10000
9911
9990
9936
9979
9912
10000
9991
9987
10000
9981
9948
9791
9876
9926
9807
9929
9857
9994
9877
9932
9898
9849
9906
9959
9909
9896
10000
9901
9871
9987
10000
9950
9873
9958
9882
9953
9866
10000
9999
9972
9797
9899
9994
9710
9945
9992
9935
9885
9862
9944
9909
9877
9966
9999
9955
9922
9997
9838
9945
9987
9896
9906
9887
9953
9913
9918
9942
9936
9997
9997
9824
9989
10000
10000
9938
9917
9953
9886
9867
9898
9942
9913
9919
10000
10000
9866
9960
10000
9880
10000
9973
9939
9882
9993
10000
9930
9987
9880
10000
9905
9927
9969
9901
9904
9935
9901
9996
9949
9801
9982
9889
9920
10000
9823
10000
10000
9923
9873
9962
10000
9882
9967
9922
9882
9865
9711
9930
9856
9899
9943
9986
9879
9998
9993
9906
9994
9921
9994
9941
9954
9936
9896
10000
9992
9926
9911
9843
9996
9948
9938
9937
9908
9851
9985
9971
9999
9924
9892
9987
9796
9945
9886
9891
10000
9980
9948
9997
9908
9893
9937
9926
9971
9884
9906
9993
9808
9961
9924
10000
9942
9991
9997
9907
10000
9951
9891
9914
9866
9814
9872
9984
9998
9997
9839
9949
9991
9961
9851
9948
9908
9917
9997
9940
9958
9936
9810
9898
9999
10000
9995
9934
9974
9944
9978
9839
9804
10000
9938
10000
9985
9870
9908
9957
9865
9917
10000
9994
9921
10000
9987
10000
9944
9999
9914
9903
10000
9901
9913
9903
9866
9919
9951
9883
9860
9975
9983
9778
9869
10000
9955
9908
9944
9933
9901
9890
9900
9912
9883
9821
10000
9991
10000
9937
9920
9963
10000
10000
10000
10000
9870
9986
9913
9863
9963
9916
9869
9976
10000
9853
9860
10000
9939
10000
9956
9923
9919
9907
9922
9971
10000
9836
10000
10000
9980
9824
9886
9817
9975
10000
9996
9983
9896
9886
9935
9870
9896
10000
9984
9842
9956
9916
9798
9908
9993
9949
9888
9999
9901
9907
9802
9946
9990
9714
9987
9892
10000
9969
10000
9953
9922
9966
9878
9896
