9954
9884
9987
9967
9960
9797
9946
9996
9979
9993
9947
9978
9950
9946
9902
9958
9948
9895
9933
9874
9971
9918
9950
9962
9947
9937
9859
10000
9907
9976
9966
9915
9993
9974
9982
9867
9889
9907
9866
9940
9865
9995
9909
9818
9956
9942
9781
9889
9955
9923
9990
9867
9976
9933
9820
9934
9920
9878
9854
9910
9925
9886
9961
9920
9903
9882
9932
9909
9935
9918
9880
9993
9878
9905
9978
9925
9912
9968
10000
9987
9973
9979
9909
9897
9878
9990
9954
9807
9918
10000
9883
9941
9887
9853
9823
9971
9837
9901
9875
10000
9909
9831
9724
9852
9867
9923
10000
9916
9994
9991
9939
9991
9934
10000
9857
9965
9771
9920
9866
10000
9864
9909
9996
9896
9993
9829
9876
9975
9906
9997
9945
9971
9924
9960
9966
10000
9988
9874
9929
9924
9956
9981
9978
9815
9889
9937
9983
9873
9973
9947
9980
9985
9973
9869
9998
9970
9946
9925
9787
9998
9981
9903
9961
9971
9911
9890
9951
9982
9808
9885
9923
9964
9910
9848
9904
9874
9961
9932
9904
9910
9885
9835
9970
9927
9893
9995
9944
9787
9959
9911
9959
9899
9937
9975
9943
9923
9939
9932
9746
9986
9896
10000
9868
9950
9972
9956
9928
9928
9830
10000
9875
9858
9946
9903
9954
9907
9963
9884
9908
9778
9890
9951
9977
9980
9888
9916
9991
9908
9871
9926
9917
9968
9887
9827
9846
9990
9996
9994
9904
9984
9948
9900
9982
9933
9956
9899
9897
9935
9895
9918
9894
9814
9904
9909
9900
9983
9924
9907
9865
9909
9801
9971
9946
9909
9992
9917
9906
9934
9927
9786
9877
9943
9852
9910
9834
9935
9926
9900
9937
9908
9827
9747
9875
9977
9955
9903
9856
9972
9834
9976
9933
9879
9975
9953
9995
9943
9883
9836
9947
9905
9913
9922
9957
9941
9865
9940
9972
9900
9978
9936
9885
9952
9911
10000
9869
9954
9898
9865
9907
9879
9917
9952
9829
9903
9934
9898
9847
9972
9910
9795
9893
9939
9997
9923
9902
9993
9983
9890
9941
9827
9966
9964
9864
9810
9798
9784
9695
10000
9896
9955
9955
9859
9916
9945
9989
9897
9916
9915
9865
9949
9888
9920
9985
9952
9868
10000
9951
9913
9887
9927
9943
9991
9998
9955
9845
9948
9978
9969
10000
9910
9981
9934
9988
9993
9876
9932
9997
9906
9875
9894
9899
9910
9940
9834
9878
9943
9901
9950
9916
9958
9981
9976
9914
9930
9876
9877
9967
9901
9870
9890
9958
9907
9963
9888
9974
9729
9933
9965
9999
9845
9879
9948
9888
9932
9918
9949
9940
9901
9804
9925
9896
9953
9928
9983
9942
9927
9877
9927
9931
10000
9912
9793
9975
9969
9815
9918
9572
9919
9983
9820
9940
9983
9988
9855
9846
9805
9916
9943
9998
9974
9963
9915
9939
9848
9911
9771
9773
9860
10000
9850
9936
9928
9936
9917
9901
9934
9924
9911
9988
9892
9951
9918
9909
9845
9900
9897
9948
9975
9795
9825
9949
9853
9825
9833
9886
9915
9802
9932
9894
9872
9986
9961
9939
9886
9721
9985
9839
9813
9940
9920
9978
9801
9878
9977
9950
9919
9919
9910
9926
9953
9837
9884
9875
9993
9983
9937
9947
9937
9785
9850
9836
9941
9976
9933
9962
9857
10000
9904
9930
9981
9873
9925
9950
9996
9923
9935
9867
9858
9809
9906
9997
9967
9962
9935
9746
9858
9873
9929
9860
9972
9912
9939
9938
9872
9949
9876
9872
9891
9874
9914
9912
9998
9952
9799
9911
9999
9999
9957
9992
9862
9956
9817
9776
9914
9973
9943
9992
9927
9953
9988
9920
9938
9939
9894
9914
9922
9883
9977
9850
9886
9866
9945
9999
9889
9855
9952
9990
9833
9835
9983
9967
9896
9836
9939
9986
9994
9898
9914
9887
9950
9813
9945
9982
9867
9966
9951
9939
9925
9927
10000
10000
10000
9927
9915
9999
9907
9981
9948
9930
9952
9883
9865
9999
10000
9707
9874
9962
9839
9960
9847
9995
9863
9935
9898
9934
9958
9950
9926
9928
9952
9914
10000
9869
9935
9907
9899
9937
9870
9882
9979
9917
9972
9916
9913
9839
9962
9897
9946
9986
9883
9827
9940
9992
9953
9903
9914
9925
9818
9842
9961
9910
9943
10000
9872
9999
9927
9907
9796
9920
9954
9964
9998
9832
9957
9851
9876
9855
9763
9946
9913
9999
9978
9955
9824
9973
9828
9929
9930
9956
9808
9938
9955
9738
9940
9974
9871
9969
9933
9974
10000
9908
9958
9932
9913
9995
9909
9900
9886
9990
9967
9974
9910
9884
9972
9778
9788
9867
9973
9946
9836
9907
9935
9884
9989
9908
9906
9911
9988
9913
9922
9997
10000
9982
9939
9930
9888
10000
9996
9951
9845
9993
9933
9880
9943
9880
9994
9949
9895
9846
9930
9927
9922
9889
9954
9869
9951
9970
9892
9997
9765
9989
9906
9868
9998
9873
10000
9933
9936
9938
9938
9963
9778
9869
9929
9925
9809
9807
9800
9876
9986
9881
9970
9969
9962
9915
9930
9842
9935
9943
9924
9933
9962
9922
9989
9927
9890
9886
9964
9891
10000
9797
9918
9991
9965
9944
9904
9822
9917
9940
9999
9886
9839
9887
9983
9913
9948
9920
9878
9912
9997
9946
9753
9886
9860
9961
9924
9947
9830
9999
9916
9901
9893
9926
9874
9876
9888
9989
9991
9877
9985
9996
9987
9854
9963
9848
9941
9970
9925
9883
9795
9978
9863
9939
9943
9905
9824
9995
9890
9942
9918
9920
9869
9898
9954
9952
9910
9936
9815
10000
9953
9954
9926
9894
9886
9858
9967
9984
9932
9946
9956
9976
9916
9803
9934
9997
9915
9889
9873
9929
10000
9918
9864
9861
9950
9933
9971
9954
9988
9824
9959
9889
9906
9953
9999
9986
9822
9983
9925
9913
9951
9811
9886
9991
9865
9908
9999
9983
9999
9854
9850
9947
9979
9953
9893
9995
9967
9808
9930
9908
9952
9922
9896
9984
9955
9872
9960
10000
9979
9951
9995
9854
9918
9863
9930
9926
9901
9934
9908
9974
9882
9864
9976
9956
9918
9892
9981
9960
9945
9990
9876
9956
9881
9960
9960
9925
9978
9882
9973
9940
9982
