9915
9968
9870
9967
9892
9999
9929
9963
9965
9978
9963
9910
9984
9858
9783
9981
9947
9977
9917
9941
9998
9965
9959
9985
9950
9889
9962
9976
9975
9924
9969
9992
9971
9995
9963
9955
9962
9948
9907
9995
10000
10000
9999
9992
9995
9997
9980
9991
9984
9998
10000
9949
9901
9962
9987
9982
9949
9891
9998
9994
9887
9849
9836
9977
9995
9989
9957
9978
9932
10000
9965
9957
9936
9994
9999
9931
9947
9999
9900
9997
9904
9968
9924
9998
9921
9972
9935
9958
9961
9922
9918
9879
9915
9988
9971
9916
9828
9910
9942
9951
9999
9984
10000
9961
9976
9984
9994
9999
9952
9942
10000
9973
9995
9943
9942
10000
9955
9963
10000
9869
9965
9950
9951
9986
9985
9958
9986
9864
9985
9924
10000
9967
10000
9996
9985
9997
9988
9976
9785
9996
9999
9999
9918
9938
9967
9996
9923
9972
9950
9917
9990
9957
9920
9923
9969
9998
9986
9998
9940
9922
9997
9910
9992
9963
9924
9942
9918
9974
9996
9991
9968
9999
9992
9999
10000
9933
9970
9991
9988
9903
9979
9986
9993
9822
9944
9919
9846
10000
9808
9939
9934
9973
9974
9995
9995
9966
9999
9958
9844
9826
9946
9998
9861
9864
9966
9967
9905
9951
9758
9893
9979
9988
9961
9954
9979
9915
9963
9936
9956
10000
9993
9997
9971
9974
9943
9960
9944
9806
9995
9858
9922
9892
9899
9997
9979
9897
9908
9857
10000
9971
9920
9915
10000
9886
9991
9962
9975
9969
9905
9998
9897
9961
9943
9999
9992
9954
9981
9948
9986
9997
9949
9991
9966
9950
9978
9995
9995
9999
9964
9968
9851
9966
9912
9943
9933
9988
9971
9953
10000
9979
9900
9944
9898
9929
9828
9945
9978
9987
10000
9955
9912
9942
9972
9804
9975
10000
9986
9997
9975
9979
9999
9920
9913
9995
9992
9951
9975
9912
9979
9984
9908
9988
9984
9966
10000
9947
9909
9966
9844
9956
9947
9986
9944
9985
9953
9869
9961
9955
9969
9999
9992
9979
9964
9991
9989
9999
9902
9898
9946
9992
9941
9880
9992
9816
9984
9827
9940
9989
9920
10000
9964
9903
9990
9989
9997
9936
9983
9875
9981
9893
9955
9996
9960
9973
9964
9989
9975
9797
9975
9949
9870
9906
9967
9971
9944
9970
9970
9878
9998
9713
9880
9993
9979
9909
9929
9955
9995
9957
9980
9974
10000
9997
9980
9957
9922
9862
9984
10000
9964
9908
9979
9978
9881
9965
9952
9949
9998
9891
9975
9939
9971
9966
9921
9905
9959
9971
9866
9984
9988
9987
10000
9947
9950
9948
9914
9936
9958
9928
10000
9925
9979
9991
9940
9900
9964
9971
9914
9980
9965
9860
9996
9858
9997
9814
9953
10000
9931
9998
9937
9997
9909
9989
9993
9898
9972
9993
9984
9863
9987
9932
9954
9855
9998
9989
9925
9927
9994
9996
9922
9968
9899
9926
9947
9972
9990
9971
9950
9970
9997
9995
9946
9939
9933
9977
9966
9978
9939
9953
9988
10000
10000
9969
9905
9967
9995
9926
9968
9981
9977
9975
9988
9995
9915
9955
9960
9978
9989
9998
9987
9999
10000
9988
9782
9956
9985
9938
9988
9999
9955
9984
9796
9981
9923
9918
9901
9899
9827
9947
10000
9991
9914
9958
9997
9969
10000
9968
9999
9996
9962
10000
9963
9999
9992
9993
9962
9985
9935
9937
9843
9910
9992
9824
9891
9957
9937
9999
9954
9944
9964
9933
9963
9988
9914
9950
9998
9916
9997
9968
9916
9948
9992
9954
9926
9919
9998
9890
9990
9947
9977
9890
9999
9940
9935
9945
9863
9998
9878
9952
9989
9946
9925
9943
9984
9992
9996
9930
9961
9993
9970
9864
9914
9865
9939
9964
9959
9969
9979
9945
10000
9963
9991
9949
9991
9899
9951
9937
9953
9935
9838
9902
9958
9964
9966
9972
9873
9998
9964
9889
9996
9936
9882
9991
9892
9980
9958
9989
9990
9820
9978
9956
9995
10000
9800
9903
9990
9945
9911
9986
9952
9944
10000
9985
9993
9941
9969
9990
9994
10000
9983
9915
9999
9967
9976
9986
9961
9975
9995
9998
9869
9948
9839
9940
9835
9871
9967
9992
9982
9939
9991
9997
9954
9894
9997
9917
9986
9952
9998
9988
9982
9982
9985
9972
9964
9920
9892
9760
9870
9963
9976
9971
9993
10000
9922
9972
9993
9970
9987
9979
9962
9913
9982
9925
9992
9997
9982
9883
9893
9998
9999
9938
9896
9815
9954
9958
9911
9984
10000
9889
9929
9998
9946
9863
9888
9915
9995
9971
9864
9943
9956
9997
9939
9962
9999
9919
9970
10000
9979
9995
9989
9961
9992
9972
9993
9958
9927
9896
9988
9978
9854
9981
9989
9999
9925
9996
9962
9939
10000
9991
9888
9894
9957
9894
9982
9880
9961
9975
9948
9993
9884
9941
9952
9988
9915
9988
9954
9939
9935
9976
9980
9948
9902
9893
9824
9954
9880
9924
9879
9954
9943
9991
9857
9996
10000
9969
9953
9934
9976
9946
9941
9983
9917
9983
9937
9871
9963
9844
9956
9946
9907
9954
9928
9910
9941
9923
9857
9953
9998
9995
9942
9807
9993
9996
9984
9941
9997
9916
9997
9965
9925
9841
9993
9942
9999
9966
9998
9952
9880
9919
9793
10000
9997
9911
9921
9848
9989
9974
9964
9974
9988
9989
9892
9993
9986
9963
9992
9893
9938
9944
9970
9955
9968
9899
9986
9976
9930
9899
9945
9968
9998
9814
9835
9999
9998
9949
9998
9998
9948
9897
9958
9978
9876
9959
9995
9975
9931
9941
9958
9983
9992
9906
9969
9872
9958
9880
9998
9999
9980
9982
9949
9895
9957
9917
9990
9992
9841
9962
9988
9994
9977
10000
9916
9996
9981
9994
9957
9955
9966
9946
9933
9886
9963
9853
9976
9974
9973
9940
9987
9978
9968
9818
9861
9975
9910
9999
9946
9997
9986
9969
9947
9967
9997
9991
9962
9967
9976
9989
9982
9997
9926
9932
9992
9884
9977
9996
9996
9968
9999
9877
9946
9996
9951
9968
9946
9887
9847
9968
9998
9987
9877
9985
9891
9974
9906
9997
9897
9806
9979
9993
9968
10000
9992
9814
9993
9984
9964
9885
9935
9949
9979
9940
