9806
9946
9894
9998
9890
9947
9939
9968
9995
9915
9978
9907
9888
9999
9868
9820
9934
9933
9928
9844
9891
9940
9917
9934
9994
9965
9902
9994
9991
9999
9999
9974
9939
9995
9924
9960
9997
9964
9937
9959
9900
9889
9921
9856
9885
9976
9952
9954
9850
9886
9973
9979
9881
9941
9830
9875
9995
9894
9919
9882
9910
9959
9977
9939
9966
9899
9976
9788
9960
9973
9902
9792
9964
9970
9908
9926
9901
9853
9907
9961
9638
9995
9903
9875
9898
9929
9778
9848
9908
9975
9872
9996
9805
9979
9964
9979
9915
9935
9845
9958
9924
9980
9920
9870
9999
9620
9991
9934
9962
9933
9905
9973
9949
9986
9949
9911
9982
9919
9924
9810
9908
9883
9946
9988
9978
9903
9849
9818
9925
9968
9946
9942
9939
9810
9961
9861
9994
9996
9868
9957
9968
9955
9933
9948
9943
9997
9956
9835
9919
9936
9954
9968
9929
9982
9824
9865
9997
10000
9901
9941
9970
9924
9984
9978
9886
9824
9866
9959
9946
9976
9954
9990
9931
9994
9743
9868
9872
9980
9914
9976
9993
9929
9994
9888
9999
9984
9854
9936
9860
9992
9805
9978
9997
9918
9969
9941
9889
9887
9798
9750
9996
9874
9974
9961
9918
9951
9990
9923
9920
9998
9923
9813
9941
9915
9920
9912
9965
9856
9916
9954
9866
9974
9898
9993
9981
9975
9958
9975
9928
9982
9903
9928
9923
9878
9946
9746
9886
9953
9894
9996
9968
9972
9993
9997
9943
9997
9922
9915
9996
9988
9951
9926
9907
9860
9948
9871
9996
9878
9917
9999
9980
9993
9991
9923
9973
9927
9985
9881
9990
9845
9973
9999
9938
9874
9970
9935
9969
9993
9940
9918
9896
9832
9946
9975
9989
9995
9910
9886
9971
9963
9937
9959
9986
9899
9981
9871
9849
9777
9900
9927
9974
9964
9974
9946
9971
9949
9919
9999
9995
9856
9878
9944
9978
9994
9851
9884
9945
9984
9970
9872
9935
9833
9916
9920
9927
9991
9915
9949
9897
9998
9995
9984
9898
9955
9949
9931
9999
9865
9840
9963
9879
9994
9834
9865
9970
9863
9943
9848
9787
9896
9966
9938
9899
9955
9967
9863
9962
9940
9929
9858
9983
9904
9989
9932
9835
9974
9988
9892
9836
9999
9846
9883
9974
9997
9925
9870
9966
9950
9958
9901
9978
9994
9775
9991
10000
9984
9867
9988
9989
9895
9962
9885
10000
9992
9922
9944
9967
9957
9781
9868
9874
9889
9951
9937
9776
9957
9954
9802
9900
9926
9998
9925
9999
9982
9914
9959
9928
9849
9880
9884
9884
9959
9852
10000
9797
9962
9912
9995
9918
9938
9996
9947
9952
9935
9872
9997
9879
9988
9928
9970
9852
10000
9947
9934
9991
9931
9988
9969
9918
9897
9940
9981
9931
9868
9996
9901
9797
9924
9922
9999
9903
9878
9989
9982
9993
9936
9968
9887
9900
9939
9997
10000
9975
9969
9868
9804
9844
9827
10000
9999
9941
9905
9891
9951
10000
9867
9944
9873
9879
9874
9796
9916
9916
9949
9906
9911
9939
9787
9898
9966
9993
9923
9982
9974
9986
9916
9946
9999
9954
9976
9938
9854
9994
9919
9998
9968
9881
9929
9941
9951
9964
9879
9941
9971
9994
9911
9933
9951
9988
9794
9957
9984
9988
9927
9905
9906
9963
9911
9871
10000
9961
9825
9913
9961
9964
9965
9950
9985
9938
9986
9897
9953
9891
9938
9981
9919
9962
9962
9966
9926
9886
9933
9999
9916
9979
9983
9843
9979
9953
9946
9857
9987
9838
9753
9864
9864
9996
9912
9999
9950
9964
9863
9990
9941
9989
9949
9959
9881
9891
9933
9996
9811
9998
9904
9838
9971
9876
9990
9928
9944
9870
9943
9848
9847
9965
9971
9908
9841
9957
9897
9958
9927
9955
9848
9999
9836
9952
9860
9944
9940
9882
9970
9919
10000
9981
10000
9866
9938
9991
9977
9890
9844
9941
9886
9943
9912
9957
9843
9747
9964
9940
9903
9866
9980
9889
9969
9956
9903
10000
9864
9965
9897
9992
9970
9888
9965
9879
9948
9852
9979
9960
9905
9961
9979
9934
9950
9866
9976
9854
9991
9938
9888
9801
9904
9932
9994
9982
10000
9898
9919
9951
9900
9958
9901
9992
9873
9995
9998
9895
9927
9932
9996
9891
9895
9959
9805
9927
9998
9942
9982
9952
9890
9854
9943
9961
9929
9851
10000
9860
9948
9977
9949
9893
9928
9939
9956
9951
9872
9999
9915
9783
9881
9955
9875
9992
9993
9996
9982
9946
9895
9974
9968
9919
9911
9893
9926
9914
9913
10000
9929
9888
9932
10000
9982
9927
9967
9987
9877
9909
9851
9953
9975
9932
9965
9968
9975
9948
9936
9971
9899
9998
9985
9925
9995
9956
9850
9997
9945
9951
9710
9899
9936
9997
9945
9952
10000
9936
9968
9996
9967
9923
9947
9919
9999
9889
9826
9891
9783
9968
9990
9993
9902
9904
9941
9852
9880
9923
9969
9879
9971
9921
9939
9912
9937
9973
9930
9953
9947
9938
9963
9970
9936
9934
9706
9995
9978
9904
9913
9921
9901
9988
9999
9934
9995
9978
9916
9818
9901
9998
9961
9976
9920
9960
9848
9931
9975
9959
9942
9973
9965
9879
9923
9975
9862
9897
9994
9825
9892
9935
9896
9969
9934
9864
9994
9975
9945
9911
9968
9895
9998
9939
9984
9916
9877
9838
9959
9899
9984
9994
9976
9968
9946
9973
9917
9943
9959
9878
9880
9980
9931
9888
9953
9947
9965
9840
9933
9964
9927
9957
9985
9900
9960
9960
9889
9937
9935
9972
9933
9885
9937
9888
9962
9961
9914
9857
9947
9926
9876
9946
9903
9832
9994
9987
9808
9923
9819
10000
9914
9937
9937
9937
9921
9800
9869
9950
9962
9849
9836
9995
9960
9947
9969
9958
9949
9936
9950
9887
9876
9792
9892
9973
9899
9953
9917
9992
10000
9943
9911
9966
9972
9964
9979
9864
9949
9898
9995
9881
9909
9839
9852
9946
9955
9852
9966
9858
9899
9971
9829
9796
9986
9910
9986
9996
10000
9947
9993
9904
9990
10000
9993
9940
9840
9899
9773
9826
9995
9962
9954
9937
9929
9935
9992
9955
9949
9952
9903
9937
9802
9940
9915
