9409
9870
9956
8696
9712
9624
10000
10000
10000
9929
9887
8740
10000
9493
9753
10000
10000
9795
10000
9709
9747
9693
10000
10000
10000
9575
10000
9431
9876
10000
9981
9854
10000
10000
10000
9487
9964
10000
9981
10000
8841
9894
9826
9875
9790
9137
10000
9861
9777
9838
9730
10000
9893
9633
10000
9829
9894
9888
10000
10000
9781
9733
9910
9914
10000
9888
10000
10000
9889
9893
8579
10000
9760
9298
10000
9934
9513
9389
9601
9737
9028
9936
8654
10000
9914
9423
9792
8762
9687
9605
9804
10000
9320
8747
9757
9960
10000
9841
9562
9726
9469
9636
9774
9229
10000
9565
10000
9487
9966
10000
10000
9728
9441
9694
9749
10000
9574
9999
9453
10000
10000
9148
10000
9600
9715
9656
9705
9610
9974
9986
9166
9637
9909
10000
9482
10000
9213
10000
9385
9705
10000
9716
9879
10000
10000
9259
9748
9509
9857
10000
9337
9915
9741
9896
10000
9518
10000
9929
10000
9952
9958
8536
9932
9358
9864
10000
9786
9686
10000
10000
9677
9059
9410
9985
9609
9531
9921
10000
9681
9835
9840
9363
9277
10000
10000
9999
9233
9840
9804
9663
10000
10000
10000
9476
10000
10000
9478
9364
9864
10000
9934
9931
9790
9288
9513
10000
10000
9948
9897
9888
9740
9810
9957
9953
10000
10000
10000
9922
10000
9788
10000
10000
10000
10000
9513
9818
10000
10000
10000
9986
10000
9733
10000
8922
10000
9881
9973
9916
9872
9963
9634
10000
9251
9429
10000
10000
9979
10000
10000
9868
9803
9501
9702
10000
9977
10000
10000
10000
9685
9691
9277
9114
9680
10000
10000
9971
9912
9785
10000
10000
9816
9416
9905
9917
9965
8984
9842
9301
9695
9821
10000
9917
10000
10000
10000
10000
9633
9994
9850
10000
9904
9949
10000
8800
9885
9942
9832
9844
9960
9880
9996
10000
9800
10000
9586
9859
10000
9813
9913
9691
9428
9845
8877
9754
9351
9800
9964
9351
10000
9518
10000
9301
9771
10000
9904
9334
9465
10000
9778
9155
9605
9728
9736
10000
9614
9884
9234
9960
10000
10000
9803
9516
9945
9945
9708
10000
9406
9197
10000
9584
9615
9649
10000
9976
9904
10000
9491
10000
9104
10000
9874
9736
10000
10000
9668
10000
9921
9755
9778
9876
9193
9118
9681
9756
9909
9575
9786
9856
9602
9851
10000
10000
8303
9614
9318
9537
9204
10000
10000
8781
9884
9923
10000
10000
10000
9455
9334
9680
9767
9458
9678
9542
9438
9873
9436
8606
9582
9159
9963
9433
9691
9417
8863
8916
9906
9898
9469
9673
9405
9353
10000
9935
9371
8789
9937
10000
10000
10000
10000
9653
9782
9920
9815
9588
9859
9885
8636
9962
9731
9773
10000
9916
9591
9504
9877
9362
9511
9943
9820
8885
10000
9774
10000
9817
9893
10000
9708
10000
9280
9372
9932
10000
10000
9873
9628
9826
10000
9030
9337
9809
9726
9680
9720
10000
9445
10000
9416
9538
10000
9478
10000
9861
10000
9891
9811
9495
9597
10000
10000
9558
9106
9831
9343
9781
10000
9880
10000
10000
9980
9560
9010
9802
10000
9371
10000
9901
10000
9798
9573
9866
9882
9444
10000
9847
9885
9372
9479
9847
8821
9579
9714
9143
10000
10000
10000
8968
9866
10000
9374
9198
10000
9648
9765
10000
9583
9312
9970
10000
9703
9900
9806
10000
9833
10000
9071
9768
9449
9273
9885
10000
9656
10000
10000
9885
9459
9112
10000
10000
9968
9478
9723
9107
10000
9304
10000
10000
10000
9802
9762
10000
10000
9594
10000
9831
10000
10000
9631
9749
10000
10000
10000
9884
9647
9957
10000
8644
10000
9779
9394
9994
9890
9790
10000
8997
9795
9657
10000
9501
9140
10000
9873
9633
10000
9969
9760
9506
9979
9734
9462
10000
9935
9843
8818
10000
9557
9107
9973
9667
9705
9538
9150
10000
9385
8843
10000
9583
10000
9553
9614
9147
10000
10000
9154
10000
10000
9967
10000
10000
10000
9588
9315
10000
9784
9452
10000
9660
9895
9820
10000
9621
9525
10000
10000
9350
9502
10000
10000
9563
9006
10000
10000
10000
9931
9723
9019
9935
9892
9722
9568
10000
9790
9704
9741
8885
9883
10000
9147
9337
9552
9910
9381
9687
9335
9921
10000
9655
9884
10000
9824
9900
9123
10000
10000
9954
8914
9158
9684
10000
9899
10000
10000
10000
9745
9846
9678
10000
9542
9324
9475
10000
10000
10000
10000
9974
10000
9832
9963
9954
9506
9647
9866
9913
9698
9815
9725
9645
10000
10000
10000
10000
9854
10000
9838
10000
9995
9567
9965
9731
9748
9986
9377
9317
10000
9948
9539
9941
9757
9845
10000
9837
9854
10000
10000
8977
10000
9989
10000
10000
9790
10000
10000
9369
9753
10000
10000
10000
10000
10000
10000
8827
9891
10000
10000
9910
10000
9853
9756
10000
9508
9521
10000
10000
9977
9837
9876
9742
9887
9910
9805
9786
9858
10000
9646
10000
9144
9291
10000
9913
9741
10000
9677
8753
10000
9724
9065
9988
9891
9949
10000
9898
10000
9250
9979
9891
9684
9805
10000
9684
9629
9383
9670
10000
9882
9957
10000
9816
9597
10000
10000
8557
9832
8482
9854
10000
9898
9801
10000
9000
10000
10000
10000
9802
10000
9742
10000
8953
10000
9744
9789
9899
10000
9649
9720
10000
10000
10000
9456
9604
9131
9660
9709
9626
9991
9215
9821
9562
10000
9247
9880
9659
10000
9704
9946
9872
9996
10000
9562
9859
9815
9857
9836
10000
9059
10000
9816
9928
9888
9501
9818
9287
9771
9644
9916
9337
8957
9433
10000
9841
9790
10000
8764
10000
10000
9041
9907
10000
9259
10000
9855
8842
10000
9715
10000
9979
9809
9596
9741
9669
10000
9893
9796
10000
9501
10000
9778
9251
9444
9337
10000
9423
9142
10000
10000
9845
10000
10000
10000
9861
9861
10000
10000
9981
10000
9836
10000
10000
10000
10000
9088
9891
10000
10000
9593
9297
10000
9367
9984
9860
9655
9856
9791
9599
10000
10000
9904
9828
10000
10000
10000
9700
9596
8882
8935
9557
9155
10000
10000
9822
10000
9046
10000
8918
8873
9847
10000
9064
9962
9476
10000
9080
10000
9869
9872
8691
9819
10000
9670
9924
9935
9934
