9980
9919
9935
9980
9920
9805
9867
9853
9980
9798
9864
9870
9914
9882
9932
9907
9946
9821
9957
9904
9833
9930
9907
9878
9895
9918
9993
9836
9805
9801
9904
9860
9836
9794
9976
9938
9927
9921
9816
9981
9979
9930
9940
9942
9988
9889
9843
9838
9899
9898
9607
9925
9901
9865
9897
9909
9896
9977
9988
10000
9940
9860
9756
9926
9914
9925
9852
9924
9846
9943
9930
9914
9916
9962
9946
9886
9928
9917
9951
9960
9942
9841
9817
9932
9940
9959
9953
9976
9909
9910
9879
9775
9950
9999
9855
9945
9966
9974
9916
9793
9842
9956
9943
9838
9966
9919
9935
9918
9991
9815
10000
9832
9950
9801
9773
9935
9926
9942
9973
9960
9918
9983
9909
9864
9896
9855
9932
9938
9909
9988
9924
9971
9955
9875
9861
9928
9920
9918
9977
9866
9962
9855
9869
9912
9961
9918
9945
9934
9903
9937
9942
9811
9972
9904
9954
9818
9765
9870
9908
9937
9877
9966
9932
9942
9847
9938
9961
9995
9930
9941
9934
9939
9936
9802
9936
9946
9974
9940
9942
9855
9975
9959
9903
9855
9966
9940
9907
9833
9899
9958
9932
9893
9838
9954
9935
9863
9942
9952
9932
9770
9931
9971
9829
9942
9914
9918
9943
9956
9848
9819
9957
9954
9917
9913
9928
9946
9882
9939
9910
9893
9911
9725
9959
9883
9971
9942
9875
9920
9871
9937
9916
9905
9964
9854
9911
9971
9975
9986
9940
9900
9910
9902
9880
9967
9939
9964
9757
9922
9807
9990
9908
9982
9935
9999
9970
9925
9978
9958
9840
9826
9974
9802
9972
9904
9906
9899
9845
9866
9972
9862
9975
9952
9933
9947
9929
9987
9991
9958
9984
9906
9855
9907
9869
9928
9967
9934
9770
9821
9823
9951
9963
9933
9864
9900
9906
9912
9891
9944
9834
9930
9881
9882
9958
9924
9839
9927
9924
9898
9899
9928
9924
9969
9928
9930
9736
9984
9837
9984
9946
10000
9951
9958
9969
9984
9701
10000
9867
9904
9913
9915
9934
9981
9973
9944
9828
9901
9882
9856
9936
9972
9784
9953
9838
9925
9893
9901
9918
9886
9813
9936
9904
9942
9945
9909
9924
9850
9867
9907
9894
9915
9901
9875
9842
9996
9901
9820
9792
9902
9857
9942
9847
9897
9956
9926
9930
9978
9892
9866
9948
9814
9931
9907
9951
9954
9956
9928
9913
9915
9880
9799
9929
9969
9945
9958
9884
9916
9962
9978
9897
9922
9882
9969
9985
9992
9733
9967
9787
9950
9807
9966
9907
9930
9926
9807
9919
9939
9866
9975
9880
9846
9978
9843
9910
9984
9941
9848
9864
9953
9923
9922
9777
9849
9803
9838
9910
9881
9939
9856
9898
9956
9890
9950
9869
9874
9915
9916
9980
9940
9916
9859
9860
9918
9927
9952
9844
9952
9915
9905
9976
9887
9798
9908
9874
9729
9957
9921
9870
9933
9854
9730
9909
9932
9936
9849
9934
9905
9974
9972
9858
9937
9853
9909
9893
9979
9925
9987
9987
9890
9957
9933
9922
9886
9954
9864
9849
9867
9914
9939
9861
9840
9842
9850
9968
9852
9918
9893
9924
9916
9871
9779
9863
9790
9887
9966
9945
9880
9869
9801
9785
9847
9954
9998
9852
9845
9959
9843
9962
9852
9922
9982
9832
9992
9918
9999
9798
10000
9982
9921
9899
9916
9945
9774
9955
9974
9934
9947
9900
9927
9885
9903
9906
9959
9870
9834
9892
9927
9994
9874
9907
9977
9841
9932
9991
9890
9946
9956
9902
9813
9919
9951
9720
9919
9923
9903
9859
9945
9956
9885
9906
9972
9915
9975
9852
9969
9843
9898
9955
9986
9861
9966
9928
9957
9962
9877
9878
9789
9839
9894
9909
9892
9931
9912
9928
9798
9903
9812
9894
9962
9852
9855
9964
9906
9924
9990
9875
9933
9893
9904
9896
9883
9892
9948
9914
9855
9935
9838
9818
9939
9866
9853
9950
9775
9937
9958
9867
9966
9865
9942
9948
9939
9886
9915
9882
9873
9991
9917
9978
9885
9856
9939
9936
9758
9847
9952
9859
9883
9950
9887
9913
9912
9993
9888
9728
9882
9919
9923
9959
9907
9824
9895
9906
9959
9964
9920
9976
9922
9874
9895
9836
9832
9838
9957
9921
9859
9914
9845
9848
9861
9730
9876
9919
9975
9915
9991
9870
9874
9922
9797
9953
9881
9918
9840
9861
9845
9890
9848
9995
9942
9902
9851
9929
9926
9854
9881
9890
9932
9904
9819
9804
9946
9923
9954
9948
9692
9870
9905
9851
9904
9936
9949
9942
9996
9939
9939
9796
9848
9935
9877
9989
9934
9947
9951
9960
9815
9962
9961
9842
9839
9883
9959
9874
9878
9883
9903
9962
9916
9982
9892
9919
9874
9772
9923
9953
9889
9945
9916
9933
9989
9962
9940
9985
9874
9940
9964
9942
9966
9909
9869
9894
9943
9890
9861
9900
9959
9923
9925
9990
9886
9949
9935
9991
9976
9958
9994
9917
9894
9875
9930
9914
9829
9860
9877
9910
9842
9976
9923
9814
9848
9939
9810
9981
9817
9989
9909
9821
9849
9969
9876
9932
9779
9828
9899
9900
9964
9830
9978
9953
9924
9960
9967
9859
9842
9766
9910
9970
9832
9904
9958
9803
9933
9942
9919
9942
9864
9923
9906
9833
9967
9962
9909
9859
9963
9925
9896
9874
9953
9878
9900
9820
9723
9963
9936
9894
9962
9954
9937
9918
9904
9889
9852
9934
9855
9953
9864
9893
9891
9846
9933
9904
9882
9943
9958
9967
9966
9789
9924
9919
9928
9999
9801
9918
9848
9915
9770
9982
9930
9888
9996
9951
9913
9867
9925
9967
9833
9948
9959
9941
9845
9809
9931
9772
9783
9804
9876
9843
9969
9871
9951
9928
9903
9914
9955
9946
9931
9870
9944
9941
9885
9923
9874
9805
9824
9991
9938
9900
9839
9852
9992
9955
10000
9930
9957
9953
9908
9942
9802
9928
9824
9970
9903
9930
9901
9914
9844
9945
9870
9918
9884
9914
9926
9902
9776
9965
9871
9980
9941
9947
9984
9853
9954
9838
9974
9960
9830
9943
9869
9897
9884
9898
9860
9948
9924
9806
9906
9960
9953
9834
9975
9873
9973
9875
9902
9924
9927
9972
9792
9974
9939
9974
9932
