10000
10000
9189
9612
10000
9734
10000
9571
10000
10000
9527
9599
10000
8823
10000
9551
10000
10000
9939
10000
10000
9792
9710
10000
10000
10000
10000
9736
10000
10000
9676
10000
10000
10000
10000
10000
9321
10000
10000
9555
9408
10000
10000
10000
9323
9198
9577
10000
10000
10000
10000
10000
10000
9432
10000
10000
10000
9337
9115
10000
9891
10000
9506
9081
9654
9395
10000
9210
10000
10000
10000
10000
9765
10000
10000
10000
10000
10000
9666
10000
10000
10000
10000
9521
8394
10000
9994
9834
10000
9722
10000
10000
9613
10000
10000
10000
9716
10000
10000
9145
10000
9792
10000
9429
10000
10000
9982
8553
9870
10000
9947
10000
10000
10000
10000
9895
9749
10000
10000
9766
10000
9779
9819
10000
9543
10000
9435
10000
10000
10000
10000
9795
9753
10000
10000
9780
9380
10000
9358
10000
9306
10000
9238
10000
10000
8846
10000
10000
10000
10000
10000
8818
10000
10000
9890
10000
10000
10000
10000
10000
10000
9671
10000
9882
10000
9458
10000
9624
9209
10000
10000
10000
10000
10000
10000
9421
10000
10000
8352
10000
9731
10000
10000
10000
10000
10000
10000
9326
10000
10000
9975
9745
9015
10000
10000
9977
10000
10000
9722
10000
9125
10000
10000
10000
9351
9682
9864
10000
10000
9844
9129
8862
10000
9195
9094
10000
10000
10000
9767
9850
10000
10000
9156
10000
10000
9757
9862
10000
9827
9176
10000
10000
10000
9738
9868
10000
10000
10000
9130
9949
9791
10000
9847
10000
9044
10000
10000
10000
10000
10000
9838
10000
9938
9749
9806
9354
9796
10000
9812
10000
10000
9885
9692
9157
10000
9958
9811
9886
10000
10000
9820
9858
10000
9474
10000
10000
9846
9637
10000
10000
10000
10000
9983
10000
9906
10000
9343
9416
10000
10000
9816
9334
8523
8963
9741
9286
10000
10000
10000
10000
10000
9641
10000
9391
10000
10000
9407
10000
10000
10000
9869
9747
9943
10000
10000
10000
10000
10000
10000
10000
10000
9817
10000
10000
10000
9821
8808
10000
9895
10000
9239
10000
10000
10000
8939
10000
10000
9739
10000
9993
8605
10000
10000
10000
10000
9665
9855
9426
10000
9217
10000
9264
8834
10000
9318
10000
10000
10000
9388
10000
10000
10000
10000
8932
9309
10000
10000
10000
10000
9181
9694
10000
10000
9897
10000
10000
10000
10000
10000
10000
10000
10000
10000
9166
8958
10000
10000
9217
9931
9664
10000
10000
10000
10000
10000
10000
10000
10000
10000
10000
9965
10000
9979
10000
10000
10000
10000
10000
10000
10000
10000
9630
8612
10000
9712
10000
10000
10000
9531
10000
10000
10000
10000
10000
10000
10000
10000
10000
9118
10000
10000
10000
10000
10000
8999
9861
10000
10000
9319
10000
10000
9567
8840
10000
10000
10000
10000
9996
9579
10000
9098
10000
9503
9715
10000
8886
9360
10000
9825
10000
10000
9182
10000
10000
10000
10000
10000
10000
9642
10000
9878
10000
9837
10000
10000
9999
9874
9880
10000
9878
10000
10000
10000
10000
10000
9589
10000
10000
9728
10000
10000
10000
10000
10000
10000
9460
9712
9464
10000
9908
10000
9972
8874
10000
9989
9726
9491
9840
10000
10000
10000
8676
9772
10000
9551
10000
10000
9655
10000
10000
9735
10000
10000
10000
10000
10000
9514
10000
9725
10000
9590
8255
10000
9329
9950
10000
10000
9603
10000
10000
10000
10000
10000
10000
10000
10000
10000
9789
10000
9844
9317
9586
9681
9174
9898
10000
10000
8389
9919
10000
10000
10000
10000
9889
9852
9908
10000
10000
9656
9822
9301
10000
10000
10000
10000
10000
10000
9802
8982
10000
10000
9940
10000
10000
10000
8623
10000
9299
9312
9999
9888
10000
9974
9605
10000
9959
10000
9813
9402
9652
10000
10000
10000
10000
9105
10000
9766
10000
9949
9556
9107
8977
10000
9310
10000
9079
10000
9577
10000
9215
9697
10000
10000
10000
9481
10000
10000
10000
8953
10000
9844
10000
9657
9515
8833
10000
10000
9434
10000
10000
10000
10000
9389
10000
10000
8882
9371
10000
10000
10000
10000
9855
10000
9109
9985
9999
10000
9046
10000
9949
10000
10000
8950
10000
9900
10000
9479
10000
10000
9404
10000
10000
8466
9300
10000
9962
9083
9547
10000
9435
9293
10000
10000
10000
10000
10000
10000
9021
10000
10000
10000
9708
10000
10000
10000
10000
10000
10000
10000
9819
9087
10000
10000
10000
9071
9876
9875
10000
10000
10000
8688
9663
9689
10000
10000
8975
10000
9570
10000
10000
9971
9991
10000
10000
10000
10000
8457
10000
10000
9515
10000
9765
8842
9939
10000
10000
10000
9828
9750
10000
10000
10000
10000
10000
10000
9756
10000
10000
9215
10000
10000
9981
10000
8490
9600
9848
10000
9847
10000
10000
10000
9731
10000
10000
10000
9744
10000
10000
9369
8696
10000
10000
10000
9772
10000
10000
9163
10000
10000
10000
10000
8553
9574
10000
10000
10000
9146
8700
9785
9796
10000
10000
10000
10000
10000
10000
10000
10000
9652
10000
9120
9039
10000
10000
9048
9660
9026
10000
10000
10000
10000
10000
8470
10000
10000
9953
10000
10000
10000
9735
10000
9743
9610
9812
9521
9571
10000
10000
10000
9722
9574
9669
9770
10000
10000
10000
10000
10000
10000
9853
9994
9806
10000
10000
8621
10000
10000
9572
8595
10000
10000
10000
10000
10000
9626
9364
10000
10000
10000
10000
9671
10000
10000
9681
9029
9671
10000
10000
9014
9926
8511
9604
10000
9520
10000
9997
8666
9676
9812
10000
10000
10000
10000
10000
10000
10000
9849
10000
9831
10000
8714
10000
10000
10000
10000
9175
10000
10000
10000
10000
10000
10000
10000
10000
9466
10000
10000
10000
9314
10000
10000
9454
10000
10000
9611
10000
10000
10000
10000
10000
9299
10000
10000
10000
10000
9374
10000
9856
10000
10000
10000
10000
10000
10000
10000
10000
10000
9810
10000
10000
10000
9681
10000
10000
10000
9753
8339
8834
10000
10000
10000
9929
10000
10000
10000
9246
9425
10000
10000
10000
9505
9698
10000
10000
10000
10000
10000
9686
9773
10000
10000
10000
9997
10000
10000
10000
10000
10000
10000
10000
10000
9666
10000
9787
10000
10000
10000
9027
10000
10000
10000
9199
9523
10000
9470
10000
10000
9238
10000
9607
