9967
9948
9903
9886
9806
9894
9860
9975
9977
9922
9985
9929
9945
9923
9992
9978
9900
9858
9998
9946
9884
9927
9979
9936
9935
9875
9830
9927
9923
9963
9751
9916
9975
9949
9958
9906
9921
9930
9952
9962
9933
9885
9973
9999
9995
9893
9960
9981
9971
9815
9885
9979
9965
9995
9954
9918
9841
9815
9919
9955
9826
9967
9972
9780
9883
9900
9914
9873
9888
9959
9895
9905
9834
9812
9913
9930
9969
9970
9860
9956
9856
9983
9979
9908
9944
9907
9964
9912
9845
9911
9951
9979
9920
9881
9976
9755
9965
9950
9968
9923
9819
9983
9841
9815
9858
9883
9947
9966
9862
9918
9911
9992
9900
9967
9974
9919
9962
9827
9998
9963
9821
9993
9881
9940
9906
9964
9922
9891
9906
9966
9890
9918
9905
9907
9926
9990
9899
9895
9938
9869
9645
9981
9914
9898
9929
9971
9905
9992
9894
9837
9857
9884
9868
9990
9952
9870
9884
9960
9913
9874
9999
9934
9878
9811
9974
9886
9937
9880
9865
9977
9866
9876
9931
9953
9835
9893
9934
10000
9877
9942
9946
9942
9937
9920
9938
9894
9976
9972
9957
9890
9830
9928
9966
9875
9890
9919
9948
9893
9915
9971
9947
9985
9960
9962
9940
9944
9969
9966
9850
9846
9897
9923
9855
9969
9921
9943
9909
9918
9944
9911
9952
9922
9963
9926
9909
9944
9893
9938
9920
9917
9954
9999
9854
9905
9981
9940
9768
9946
9934
9939
9917
9914
9931
9976
9946
9928
9923
9955
9872
10000
9887
9894
9996
9862
9949
9870
9951
9934
9835
9858
9934
9872
9999
9943
9903
9980
9939
9958
9836
9827
9931
9894
9957
9934
9942
9924
9999
9810
9865
9925
9945
9907
9887
9975
9896
9991
9999
9904
9959
9862
9830
9896
9871
9852
9891
9925
9925
9954
9984
9882
9906
9932
9908
9960
9937
9848
9920
9886
9764
9921
9912
9903
9998
9936
9906
9878
9909
9915
9970
9918
9987
9791
9901
9992
9995
9957
9852
9929
9864
9923
9861
9965
9974
9908
9969
9926
9906
9870
9859
9928
9989
9918
9982
9993
9927
9998
9878
9798
9956
9863
9806
9798
9864
9898
9871
9875
9939
9961
9867
9976
9852
9928
9942
9972
9910
9963
9899
9919
9962
9914
9857
9985
9970
9947
9886
9895
9853
9968
9878
9836
9991
9737
9963
9889
9974
9912
9921
9944
9877
9971
9785
9854
9861
9885
9921
9979
9886
9955
9931
9974
9925
9873
9875
9898
9967
9979
9856
9891
9985
9935
9885
9941
9943
9977
9965
9863
9820
9932
9947
9909
9965
9944
9871
9892
9966
9901
9966
9913
9939
10000
9920
9949
9921
9835
9965
9924
9927
9998
9966
9804
9964
9941
9894
9968
9908
9859
9907
9932
9992
9853
9920
9941
9942
9837
9981
9957
9907
9955
9808
9967
9940
9917
9905
9930
9902
9955
9904
9926
9954
9998
9965
9902
9854
9944
9970
9955
9876
9856
9967
9942
9961
9900
9952
9965
9906
9884
9893
9943
9902
9962
9852
9966
9994
9862
9927
9907
9882
9806
9989
9882
9897
9974
9970
9831
9939
9983
9920
9887
9741
9881
9909
9931
9960
9886
9923
9979
9825
9916
9900
9892
9999
9949
9847
9966
9897
9809
9916
9901
9933
9922
9856
9971
9984
9977
9953
9979
9837
9904
9943
9837
9981
9942
10000
9919
9966
9999
9922
9930
9998
9924
9882
9903
9956
9828
9937
9803
9898
9970
9816
9873
9976
9998
9904
9963
9951
9909
9870
9923
9872
9804
9910
9889
9906
9949
9928
9908
9899
9945
9865
9925
9910
9941
9938
9826
9875
9938
9955
9940
9944
9863
9964
9927
9873
9909
9817
9910
9815
9995
9894
10000
9851
9866
9922
9991
9741
9961
9950
9855
9978
9997
9993
9893
9957
9896
9813
9941
9980
9973
9935
9911
9899
9944
9916
9971
9996
9903
9952
9968
9802
9900
9937
10000
9946
9954
9946
9979
9765
9898
9965
9853
9982
9970
9863
9845
9925
9954
9873
9932
9926
9945
9960
9868
9928
9919
9926
9846
9816
9979
9866
9969
9940
9963
9994
9935
9694
9871
9926
9865
9958
9955
9848
9942
9966
9990
9799
9930
9946
9946
9929
9955
9963
9792
9832
9857
9918
9891
9970
9855
9941
9901
9943
9927
9874
9915
9953
9927
9965
9962
9922
9967
9928
9938
9813
9822
9978
9978
9923
9907
9990
9953
10000
9927
9924
9838
9858
9898
9998
9993
9923
9951
9896
9942
9880
9907
9934
9836
9933
9951
9912
9920
9869
9763
9977
9958
9958
9836
9954
9944
9932
9925
9833
9926
9922
9960
9899
9930
9853
9754
9846
9855
9910
9922
9948
9992
9891
9853
9871
9988
9871
9880
9988
9804
9806
9876
9845
9924
9974
9929
9825
9992
9829
9784
9943
9854
9954
9898
9989
9842
9961
9940
9942
9823
9901
9904
9933
9765
9979
9821
9830
9990
9975
9992
9982
9931
9945
9849
9951
9875
9999
9928
9793
9903
9904
9961
9849
9925
9872
9986
9979
9965
9945
9941
9865
9827
9949
9962
9959
9951
9838
9940
9870
9999
9867
9953
9923
9946
9896
9783
9947
9852
9849
9880
9905
9758
9827
9954
9994
9878
9925
9933
9835
9996
9942
9886
9924
9977
9985
9641
9957
9865
9863
9893
9897
9911
9878
9872
9997
9975
9996
9834
9880
9987
9881
9976
9923
9838
9830
9966
9854
9842
9914
9876
9969
9917
9638
9887
9953
9909
9888
9957
9920
9918
9922
9878
9977
9948
9795
9941
9922
9923
10000
9944
9843
9891
9900
10000
9948
9950
9929
9909
9930
9894
9924
9997
9927
9904
9890
9957
9881
9873
9808
9942
9888
9913
9916
9907
9839
9960
9897
9943
9970
9913
9940
9914
9956
9833
9908
9939
9959
9810
9972
9942
9957
9978
9948
9944
9954
9893
9869
9957
9897
9936
9845
9892
9943
9901
9976
9912
9918
9811
9974
9935
9894
9913
9972
9872
9919
9948
9945
9964
9926
9910
9895
9911
9789
9971
9950
9836
9995
9980
9868
9878
9919
9865
9883
9979
9863
9947
9992
9977
9780
9922
9961
9882
9964
9908
9970
9886
9895
9908
9940
9677
9939
9847
9947
9939
10000
9945
9882
9909
