9970
9933
9998
9882
9936
9840
9927
9925
9997
9916
9943
9917
9896
9949
9804
9880
9898
9863
9949
9874
9828
9878
9866
9882
9950
9817
9947
9963
9816
9811
9873
9942
9757
9872
9992
9889
9889
9940
9918
9847
9913
9917
9819
9858
9950
9974
9972
9964
9899
9929
9965
9964
10000
9881
9732
9912
9850
9888
9947
9840
9899
9958
9934
9859
9973
9928
9859
9894
9867
9842
9961
9857
9891
9939
9990
9892
9857
9974
9926
9883
9895
9965
9897
9974
9916
9852
9861
9922
9910
9994
9905
9959
9995
9932
9901
9907
9891
9957
9844
9794
9923
9968
9931
9925
9964
9885
9952
9915
9953
9854
9934
9959
9910
9918
9890
9908
9884
9912
9934
9916
9834
9916
9917
9851
9934
9939
9957
9952
9898
9985
9893
9871
9877
9831
9970
9930
9925
9936
9853
9892
9888
9866
9935
9957
9932
9902
9942
9842
9871
9832
9932
9912
9926
9846
9868
9804
9908
9919
9961
9943
9988
9883
9964
9900
9902
9906
9800
9949
9901
9816
9938
9901
9945
9952
9878
9917
9972
9882
9891
9895
9923
9944
9918
9867
9911
9910
9895
9876
9948
9913
9778
9943
9922
9857
9940
9973
9861
9889
9845
9840
9899
9950
9970
9936
9865
9887
9930
9913
9864
9815
9894
9919
9791
9889
9894
9804
9824
9881
9886
9875
9935
9818
9936
9908
9942
9885
9992
9954
9966
9733
9889
9935
9958
9907
9926
9915
9944
9830
9741
9887
9916
9974
9937
9910
9951
9967
9993
9874
9869
9856
9977
9928
9858
9960
9882
9911
9884
9957
9872
9969
9976
9866
9928
9902
9921
9838
9933
9945
9844
9886
9938
9878
9933
9922
9884
9827
9886
9933
9931
9978
9802
9837
9953
9957
9885
9879
9849
9869
9980
9973
9955
9930
9890
9861
9839
9883
9902
9844
9948
9920
9969
9895
9808
9939
9930
9901
9870
9807
9877
9939
9927
9765
9966
9802
9899
9994
9862
9863
9934
9935
9909
9892
9984
9896
9796
9915
9963
9898
9972
9875
9682
9888
9957
9982
9976
9964
9962
9884
9888
9942
9825
9970
9948
9942
9918
9933
9885
9933
9930
9927
9988
9893
9981
9855
9923
9807
9884
9945
9972
9929
9947
9846
9886
9895
9831
9775
9939
9970
9903
9877
9891
9901
9881
9869
9853
9838
9979
9771
9959
9900
9940
9888
9843
9960
9885
9908
9915
9937
9826
9818
9908
9896
9977
9981
9914
9880
9931
9867
9769
9801
9840
9893
9944
9947
9891
9830
9883
9840
9969
9868
9785
9897
9919
9950
9840
9822
9864
9925
9938
9848
9934
9939
9971
9915
9908
9936
9953
9884
9874
9955
9944
9999
9807
9883
9914
9992
9890
9899
9905
9853
9906
9947
9847
9866
9882
10000
9853
9897
9864
9956
9903
9967
9903
9853
9955
9930
9932
9909
9941
9849
9926
9968
9866
9987
9913
9879
9996
9852
9826
9880
9997
9889
9847
9973
9868
9995
9949
9916
9873
9946
9949
9881
9925
9888
9882
9886
9927
9920
9945
9982
9930
9991
9928
9882
9883
9879
9917
9850
9869
9978
9998
9934
9874
9795
9941
9975
9970
9867
9866
9873
9899
9943
9869
9823
9931
9848
9852
9886
9892
9896
9904
9950
9795
9906
9983
9958
9912
9907
9966
9764
9924
9801
9726
9877
9972
9950
9896
9896
9897
9832
9905
9974
9754
9942
9945
9971
9983
9910
9907
9742
9880
9869
9975
9954
9770
9892
9860
9821
9907
9894
9867
9959
9896
9941
9917
9947
9930
9868
9925
9859
9930
9880
9926
9983
9852
9739
9948
9972
9872
9795
9888
9755
9955
9903
9764
9959
9855
9882
9935
9731
9927
9884
9955
9825
9941
9916
9942
9820
9973
9890
9844
9833
9915
9871
9930
9837
9957
9900
9999
9945
9947
9901
9923
9761
9822
9821
9917
9922
9957
9785
9972
9919
9903
9927
9922
9909
9790
9833
9869
9796
9900
9819
9980
9907
9888
9917
9821
9945
9885
9899
9952
9913
9890
9887
9948
9884
9883
9924
9928
9879
9927
9984
9980
9901
9861
9899
9916
9805
9918
9896
9863
9946
9940
9837
9907
9880
9961
9895
9842
9892
9882
9932
9918
9872
9889
9975
9941
9956
9862
9906
9919
9940
9913
9922
9889
9938
9908
9864
9965
9895
9855
9796
9862
9848
9907
9917
9920
9961
9841
9916
9842
9890
9989
9931
9921
9925
9733
9910
9877
9999
9964
9896
9900
9945
9814
9882
9889
9922
9892
9858
9899
9799
9900
9857
9924
9929
9918
9897
9906
9826
9910
9957
9876
9992
9958
9970
9930
9848
9732
9869
9913
9973
9900
9898
9869
9868
9964
9920
9927
9929
9791
9921
9917
9950
9945
9978
9992
9885
9858
9964
9935
9812
9913
9868
9828
9949
9894
9800
9969
9814
9810
9841
9912
9869
9992
9873
9870
9885
9899
9918
9724
9872
9901
9903
9946
9956
9850
9949
9926
9936
9920
9966
9971
9725
9846
9878
9899
9898
9870
9835
9919
9985
9915
9896
9873
9845
9844
9894
9869
9817
9933
9940
9991
9890
9995
9857
9797
9875
9972
9906
9861
9936
9915
9904
9830
9868
9813
9905
9900
9908
9889
9946
9938
9981
9913
9992
9924
9917
9908
9952
9946
9849
9905
9901
9916
9926
9959
9937
9841
9870
9881
9852
9767
9836
9831
9783
9867
9860
9939
9945
9868
9952
9800
9907
9824
9958
9951
9892
9903
9953
9800
9896
9955
9885
9902
9921
9950
9879
9917
9966
9870
9775
9913
9902
9961
9789
9940
9903
9796
9856
9891
9938
9849
9846
9877
9886
9942
9916
9861
9929
9941
9886
9951
9871
9969
9966
9849
9992
9923
9919
9958
9918
9963
9907
9916
9812
9944
9930
9873
9914
9862
9925
9896
9845
9918
9891
9876
9913
9931
9869
9932
9918
9807
9903
9813
9947
9966
9968
9834
9912
9821
9912
9849
9901
9907
9892
9968
9732
9954
9836
9895
9765
9942
9954
9876
9928
9884
9790
9913
9929
9936
9828
9983
9936
9937
9903
9935
9945
9921
9951
9916
9860
9955
9886
9898
9840
9994
9928
9974
9965
9971
9954
9910
9861
9833
9897
9852
9900
9932
9679
9917
9973
9913
9946
9817
9920
9923
9934
9915
9947
