9858
10000
9929
9919
10000
9979
9959
9888
10000
9998
9930
9998
9899
9942
10000
9974
9964
9949
9927
9946
9926
9880
9877
9925
9940
9885
9801
9985
9993
9909
9891
9976
10000
9999
9825
9956
9930
9997
9982
10000
9999
9995
9930
9901
9822
9948
9976
9814
9823
9820
9924
9959
9897
9872
9931
9992
9980
9999
9903
9991
10000
9883
9993
9936
9972
9929
10000
9971
9987
9966
9929
9889
9730
9995
9978
9939
9973
9955
9946
9941
9998
9983
9802
9800
9879
10000
10000
9987
9966
9937
9960
9836
9989
9999
9928
9984
9902
9868
9996
9946
9996
9969
9982
9928
10000
10000
9991
9769
9939
9900
9984
9903
9967
9937
9951
9909
9877
9907
9990
9845
9962
10000
9993
9993
10000
9926
9851
9902
9848
9851
9872
9998
9994
9999
9881
9748
10000
9825
9904
9980
9994
9903
9912
9953
9977
9854
9928
9913
9991
9988
9946
9882
9876
9934
9972
9903
9917
10000
9999
9944
9977
9998
9890
9951
10000
9934
9989
10000
9870
9982
9952
9913
9944
9998
9907
10000
9990
9981
9932
9865
10000
9963
9970
9955
9928
9895
9916
10000
9856
9855
9998
9941
9872
9997
9795
9938
9939
9931
9942
10000
10000
9965
9929
9999
9882
10000
9941
9986
9889
9957
9969
9995
9897
9988
9920
9888
9987
9769
10000
9955
9947
9993
9999
9903
9788
9995
10000
9995
9989
9954
10000
9998
9990
9944
10000
9878
9953
10000
9999
9920
10000
9987
9957
9871
9998
9996
10000
9816
9860
9866
9964
9888
9990
10000
9875
9924
9899
9997
10000
9991
9947
9851
10000
9970
9925
9882
9920
9912
9912
9859
10000
9974
9990
9935
10000
9833
10000
9911
9987
9999
9924
9873
9995
9956
9995
9966
9965
9999
9993
9977
9992
9996
9770
9828
9900
9985
9807
9995
9874
9889
9940
9997
9952
9884
9959
9945
9912
9917
9822
9784
9910
9996
10000
9931
9932
9905
9902
9834
9843
9914
9864
9894
9958
9997
9902
9904
9926
9862
9904
9972
9821
9997
10000
9973
9994
9917
9999
9931
9953
9750
9944
9873
9855
9895
9920
10000
9933
9954
9892
9998
9991
9873
10000
9999
10000
9895
9998
9866
9915
10000
9997
9982
9843
9911
9909
9974
9831
9916
9992
9982
9970
9997
9996
9905
9852
9955
9987
10000
9886
10000
9805
9979
10000
9762
9976
9918
9925
9923
9860
9998
9921
9957
9885
9961
9930
9846
9894
9989
9968
9777
9999
9997
9979
10000
9949
9996
10000
9978
10000
9922
9999
9996
9861
9993
10000
9821
9997
9855
9854
9891
9970
10000
9940
9936
9914
9859
9986
10000
9943
9949
9999
9993
9999
9935
9854
9948
9969
9959
9910
9930
9907
9879
9947
9997
9998
9902
9924
9947
9845
9909
9953
9974
9936
9998
9914
9989
10000
9832
9955
9884
9999
10000
9972
9928
9890
9945
9999
9940
9949
9951
9902
9996
9946
9872
9870
9993
9880
9988
9922
10000
9999
10000
9872
9941
10000
9956
9876
9894
9996
9958
9999
9909
9936
10000
9927
9999
9814
9999
9959
9732
9919
9902
9994
9966
9893
9996
9936
10000
9895
9832
9868
9914
9964
9999
9913
9986
9906
9996
9764
10000
9918
9979
9942
9999
9987
9880
9996
9968
9883
9907
9998
9976
9864
10000
9972
9885
9969
9999
9964
9994
9919
9872
9991
10000
9997
9939
9822
9920
9948
9867
9832
9908
10000
9983
9934
9897
9994
9909
9959
9943
9852
9986
10000
9998
10000
9979
10000
9973
10000
9943
9898
9948
9942
9914
9843
9999
9927
9863
9992
9993
9974
9955
9926
9962
9952
9894
9923
10000
9919
9992
9956
9998
9971
9997
9999
9936
9931
9961
9964
9955
9836
9998
9938
9994
9924
9942
9868
9806
9977
9961
9913
9999
9979
9999
9938
9931
9985
9845
9859
9998
9957
9983
9889
9995
9998
9956
9929
9962
9852
10000
10000
9900
9820
9932
9866
10000
9932
9918
9978
10000
9887
9873
9850
9962
9879
9937
10000
9917
9911
9991
9991
9943
10000
9846
9895
10000
9943
10000
9822
9980
9980
10000
9992
9875
9999
9933
9970
9996
9991
9991
9926
9930
10000
10000
9891
9977
9997
10000
9940
10000
10000
9997
10000
9889
9993
10000
9982
9995
10000
10000
9817
9912
10000
9919
9942
9883
9977
9905
9820
9875
10000
9819
9934
9932
9932
9883
9915
9955
9964
9960
9980
9883
9795
9802
9894
9983
9999
9959
9910
9877
9856
9937
9997
9987
9998
9896
9966
9902
9857
9968
10000
9904
9962
9948
9999
9964
9907
9966
9992
9872
9931
9977
9945
9972
9982
9902
10000
9990
9930
9941
9923
9990
9944
10000
9969
9919
9998
10000
9886
9965
9988
9928
10000
9975
9989
9859
9807
9901
9999
9934
9886
9903
9998
9940
9855
9991
9929
9926
9942
9989
9958
9913
9972
9919
9944
9995
9920
9952
9945
9973
10000
9957
10000
9995
10000
9996
9891
9960
9999
9952
9913
9801
9884
9923
9850
10000
9951
9895
9981
9889
9899
9825
10000
9973
9994
9836
10000
9992
9998
9898
9876
9936
9901
9999
9999
9918
9997
9949
9951
10000
9905
9985
9879
9933
9968
9999
9992
10000
9907
9904
9890
9958
9999
10000
9927
9970
9999
9883
9927
9892
9910
9999
9890
9942
9953
9855
9893
9908
10000
9967
9982
9956
9992
9955
9932
9984
9863
9920
9966
9963
9928
9933
9982
9999
9954
9915
9938
9976
10000
9998
9954
9999
9914
9998
9982
9901
9868
9883
9982
9894
9986
9965
9906
9923
9908
9887
9919
9876
9985
9948
9911
9915
10000
9911
9987
10000
9999
10000
9979
9980
9968
9982
9916
9962
9935
10000
9954
9953
9995
9894
10000
9875
10000
9999
9905
9836
9783
9899
9908
9984
9912
9999
9933
9912
9999
9998
9892
9956
9797
9911
9871
9994
9979
9966
9996
9924
9947
10000
10000
9997
9969
9992
9716
9844
9933
9956
9937
10000
9923
9864
9933
9879
9986
9957
9831
9916
9899
9959
9893
9885
9992
9932
9905
9928
9920
9950
9929
9943
9861
9924
9941
9894
9804
9962
9930
9963
9843
9997
9960
9828
9914
9987
9882
9780
9920
9995
10000
9942
9920
9962
