9925
9898
9988
9994
9900
9924
9927
9984
9863
9880
9994
9914
9979
9964
9941
9915
9783
9962
9838
9836
9760
9893
9987
9885
9981
9922
9821
9995
9991
10000
9913
9989
9955
9957
9957
9889
9818
9977
9975
9941
9930
9911
9939
9917
9974
10000
10000
9936
9917
9967
9940
9901
9946
9923
9869
9979
9996
10000
9877
9931
9986
9962
9940
9962
9936
9975
9830
9907
9946
9865
9961
9930
9880
9937
9944
9974
9896
9989
9960
9971
9967
9892
9981
9871
9909
9984
9982
9898
9892
9913
9873
9776
9964
9928
9969
9929
9995
9941
9944
9843
9890
9941
9925
9983
9941
9950
9917
9871
9971
9998
9896
9861
9997
9866
9990
9909
9849
9949
9965
9847
9898
9921
9987
9836
9917
9936
9972
9935
9939
9896
9961
9749
9997
9954
9966
9913
9943
9978
9869
9988
9964
9850
9997
9969
9923
9930
10000
9849
9963
9974
9934
9926
9944
9864
9959
9997
9907
9938
9962
9957
9952
9989
10000
9955
9970
9831
9982
9656
9995
9940
9912
9993
9915
9908
9959
9987
9989
9928
9933
9936
10000
9854
9877
9999
9978
9938
9986
9904
9994
9961
9908
9882
9764
9992
9945
9960
9910
9983
9936
9717
9933
9993
9996
9926
9904
9975
9897
9995
9991
9926
9968
9940
9988
9991
9998
9984
9946
9946
9947
9972
10000
9984
9777
9923
9915
9994
9931
9988
9909
9835
9880
9984
9973
9995
9959
9841
9805
9987
9912
9908
9984
9999
9963
9956
9960
9902
9856
9954
9939
9924
9989
9907
9941
9936
9987
10000
9981
9991
9948
9890
9947
9951
9965
9872
9964
9966
9921
9921
9979
9942
9847
9823
9902
9997
9933
9873
9789
9932
9969
9988
9944
9974
9954
9890
9962
9923
9980
10000
9965
9897
9846
9968
9772
9883
9873
9842
9989
9800
9995
9882
9795
9901
9930
9955
9999
9826
9924
9889
10000
9890
9993
9930
9982
9965
9933
9924
9999
9961
9930
9795
9853
9947
9933
9998
9850
9968
9847
9972
9886
9984
9985
9927
9913
9926
9995
9972
9938
9976
9924
9975
9870
9865
9944
9999
9848
9987
9990
9951
9999
9785
9983
9887
9958
9966
9956
9970
9914
9861
9988
9983
9950
9938
9956
9995
9939
9921
9893
9916
9927
9931
9845
9817
9981
9880
9931
9988
9942
9987
9964
9985
9931
9918
9873
9993
9949
9980
9880
9996
9928
9895
9901
9998
9943
9967
10000
9855
9867
9891
9872
9964
9888
9996
9873
9787
9951
9955
9995
10000
9898
9984
9945
9934
9959
9982
9927
9925
9964
9915
9915
9881
9944
9968
9942
9909
9922
9858
9951
9981
9974
9931
9971
9971
9939
9917
9985
9923
9932
9991
9962
9872
9957
9931
9990
9827
9840
9931
9941
9998
9953
9893
9983
9896
9887
9999
9980
9968
9964
9947
9928
9862
9959
9976
9923
9983
9837
9947
9953
9938
9916
9978
9925
9880
9965
9944
9883
9995
9947
9995
9823
9894
9893
9890
9976
9927
9905
9885
9963
9648
9986
9970
9999
9888
9986
9952
9865
9903
9881
9989
9967
9933
9940
9959
9955
9957
9936
9978
9911
9968
9857
9857
9890
9947
9996
9857
9972
9893
9862
9977
9791
9969
9948
9977
9946
9945
9996
9929
9869
9974
9827
9943
9890
9932
9983
9969
9953
9945
9869
9944
9947
9805
9854
9967
9898
9978
9993
9816
10000
9823
9852
9905
9945
9952
9953
9981
9982
9915
9958
9855
9989
9993
10000
9992
9851
9988
9999
9997
9862
9923
9976
9874
9978
9893
9860
9989
9945
9923
9926
9958
9938
9947
9997
9859
9993
9941
9939
9962
9919
9869
9948
9965
9939
9997
9992
9875
9991
9773
9998
9906
9885
9874
9994
9922
9889
9770
9869
9987
9976
9899
9993
9998
9900
9944
9927
9902
9979
9987
9992
9815
9905
9959
10000
9964
9826
9903
9943
9934
9878
9930
9876
9900
9991
9932
9961
9854
9900
9925
9973
9889
9999
9855
9907
9993
9930
9949
9943
9964
9883
9996
9934
9948
9931
9985
9994
9953
9905
9962
9925
9980
9997
9971
9954
9997
9943
9992
9999
9845
9966
9825
9941
9940
9994
9998
9973
9956
9849
9992
9935
9935
9932
9970
9930
9965
9934
9871
9825
9976
9990
9903
9925
9993
9810
9998
9965
9985
9873
9914
9974
9993
9961
9861
9958
9999
9972
9901
9916
9997
9863
9823
9810
9874
9914
9913
9984
9991
9986
9869
9917
9986
9985
9977
9921
9971
9997
9941
9947
9958
9947
9988
9872
9927
9999
9998
9908
9946
9983
9878
9925
9948
9977
9998
9981
9982
9888
9990
9985
9919
9958
9966
9999
9946
9997
9910
9913
9925
9939
9899
9944
9902
9981
9978
9899
9923
9969
9990
9930
9997
9881
9930
9835
9983
9899
9788
9900
9940
9882
9932
9947
9944
9935
9946
9944
9960
9895
9980
9954
9987
9824
9942
9912
9904
9940
9921
9895
9924
9863
9991
9954
9966
9958
10000
9999
9933
9912
9943
9918
9888
9902
9998
9900
9863
9883
9999
9840
9991
9770
9977
9913
9964
9956
9736
9993
9914
9985
9958
9978
9994
9999
9981
9970
9915
9940
9943
9886
9922
9949
9928
9865
9967
9981
9936
9984
9889
9953
9897
9794
9925
9892
9948
9951
9997
9967
9942
9994
9807
10000
9886
9943
9732
9950
9940
9959
9941
9801
9993
9917
9940
9999
9935
9959
9986
9961
9945
9964
9974
9988
9991
9934
9966
9956
9996
9948
9959
9821
9999
9953
9930
9807
9820
9935
9986
9956
9811
9875
9996
9999
9936
9999
9852
9948
9981
9981
9989
9967
9927
9890
9898
9994
9980
9967
9984
9910
9870
9953
9996
10000
9903
9967
9902
9959
9832
9954
9860
9761
9945
9922
9978
9936
9902
9931
9877
9929
9853
9997
9876
9928
9942
9982
10000
9931
9955
9990
9784
9971
9935
9948
9984
9757
9998
9965
9999
9912
9941
9938
9934
9981
9951
9999
9961
9996
9919
9901
9993
9944
9915
9999
9934
9970
9879
9936
9831
9945
9982
9935
9971
9997
9934
9982
9920
9980
9929
9944
9955
9995
9942
9898
9873
9977
9987
9977
9966
9871
9787
9870
9915
9899
9887
9954
9851
9878
9761
