9991
9990
9993
9995
9991
9864
9994
9970
9928
9942
9996
9953
9969
9884
9940
9853
9986
9955
9983
10000
9972
9970
10000
9965
9968
9942
9926
9949
9909
9986
9868
9978
9889
9984
9919
9894
9999
9870
9999
9989
9991
9978
9905
9999
9872
10000
9995
9999
9839
9937
9948
9868
9969
9936
9912
9979
9874
9921
9932
9833
10000
9894
9871
9947
9994
9957
9971
9916
9983
9920
9999
9936
9995
9965
9996
9988
9950
9896
9941
9944
9985
9968
9925
9925
10000
9950
9972
9884
9920
9992
9914
9966
9949
9958
9983
9921
9926
9907
9928
9993
9653
9982
9957
9899
10000
9872
10000
9879
9898
9947
9902
9972
9984
9919
9965
9985
9957
9999
9987
9955
10000
9910
9947
9920
9919
9819
9874
9985
9985
9981
9922
9982
9998
9944
9867
9925
9999
9834
9921
9925
9970
9970
9995
9990
9960
9997
9883
9951
9955
9999
9999
9942
9941
9889
9951
9883
9976
9954
9914
9993
10000
9949
9980
10000
9955
9892
9985
9894
9950
9941
9969
9989
9969
10000
9965
9974
9965
9931
10000
9997
9932
9949
9890
9917
9945
9977
9929
9930
9888
9984
9953
9975
9982
9996
9938
10000
10000
9995
9994
9992
9948
9935
9938
9981
9963
9958
9942
9968
9998
9910
9871
9950
9932
9907
9968
9895
9895
9984
9898
9998
9976
9948
9961
9981
10000
9930
9995
9971
9844
9991
9891
9950
9991
9889
9961
9938
9886
9962
9932
9975
10000
9885
9999
9889
9995
9987
9967
9984
9999
9807
9909
9974
9885
9846
9861
9965
9952
9950
9810
9998
9917
9964
9921
10000
9945
9959
9986
9996
10000
9956
9924
9946
9988
9983
9922
9764
9943
9859
9880
9964
10000
9873
9978
9979
9997
9919
9996
9988
9962
9959
9880
10000
9978
9999
10000
9927
9904
9978
9972
9982
9856
9990
9984
9989
9998
9932
9960
9922
9917
9959
10000
9928
9996
9994
9987
9979
10000
9980
9991
9978
9894
9987
9976
9792
9997
9901
9815
9940
9999
9984
9988
9999
9988
9963
9985
9976
9990
9988
9991
9937
9984
9974
9976
9987
9988
9945
9961
9989
9937
9891
9989
9914
9896
9842
9858
9961
9985
9974
9937
9936
9977
9884
9935
9962
9824
9897
9929
9956
9821
9906
9997
9917
9928
9971
9956
9957
9999
9881
9901
9942
9965
9923
9992
9774
9999
9907
9968
9906
9973
9942
9929
9936
9971
9986
9983
9987
9936
9986
9835
9988
9904
9972
9802
9974
9819
9948
9925
9993
9988
9857
9991
9775
9961
9921
9972
9882
9994
9904
9907
9937
9965
9871
9994
10000
9980
9896
9992
9915
9992
9942
9936
9971
9919
9956
9972
9984
9953
9999
9987
9963
9925
9900
9990
9993
9950
9919
9943
9861
9948
9990
9968
9983
9986
9942
9942
9928
9999
9951
9937
9999
9983
9995
9979
9986
9995
9975
9955
9969
9978
9993
10000
9998
9856
9956
9978
9890
9999
9936
9927
9999
10000
9937
9930
9900
9916
9942
9987
9994
9961
9948
9966
9984
9912
9993
9961
9939
9893
9931
9963
9848
9996
9785
9900
9927
9998
9987
9945
9954
9984
9987
9951
9960
9929
9944
9924
9971
9952
10000
9996
9935
9817
9898
9997
9931
9851
9989
10000
9957
9983
9698
9948
9984
9906
9936
9944
9892
9929
9966
9978
9894
9925
10000
9999
9964
9992
9965
9893
9959
9987
9963
9999
9990
9976
9998
9935
9960
9866
9937
9974
9988
9898
9924
10000
9987
9810
9984
9999
9908
9995
9979
9988
9995
9934
10000
9913
9965
9994
9998
9822
9965
9960
9913
9858
9954
10000
9987
9915
9944
9964
9974
9810
9834
9940
9999
9998
9953
9996
9964
9864
9999
9991
9965
9922
9864
9862
9912
9898
9966
9882
9949
9988
9953
9892
9936
9905
9924
9931
9976
9997
10000
9989
9969
9958
9957
9939
9943
9956
9996
9997
9827
9923
9992
9995
9954
9988
9970
9998
9993
9988
9981
9929
9982
9876
9847
9923
10000
9944
9910
9930
9991
9976
10000
9952
9929
9993
9951
9829
9944
9931
9994
9967
10000
9987
9928
9842
9950
9970
9969
9887
10000
9970
9913
9956
9931
9946
9787
9964
9971
9806
9973
9945
9999
9971
9968
9994
9890
9942
9945
9965
9993
9961
9912
9984
9871
9865
9959
9995
9967
9979
9999
9920
9988
9984
9955
9982
9948
9947
9858
9945
9983
9897
9909
9980
9951
9955
9955
9947
9967
9845
9938
9732
9925
9972
9921
9861
9913
9924
9971
9944
9811
9808
9878
9942
9974
9868
9994
9994
9886
9934
9896
9977
9948
9880
9969
9982
9946
9981
9996
9979
9912
9943
9998
9998
9967
9993
9945
9970
9868
9970
9898
10000
9872
9927
9929
9966
9998
9988
9972
9952
9990
9935
9923
9898
9974
9948
9941
9798
9969
9969
9916
9939
9897
9963
9974
9986
9983
10000
9997
9928
9998
9996
9985
9878
9998
9964
9861
9996
9820
9982
9962
9974
9913
9912
10000
9998
9990
9984
9913
9947
9985
9956
9884
9899
9967
9983
9930
9982
9778
9910
9857
9990
9993
9997
9929
9977
9998
9797
9955
9796
9899
9986
9892
9949
9890
9984
9991
9910
9881
9912
9959
9816
9995
9996
9999
9909
9966
9983
10000
9993
9962
9884
9956
9874
9998
9997
9946
9984
9907
9950
9827
9913
9939
9987
9901
9922
9986
9972
9973
9917
9838
9940
9993
9820
9996
9911
9964
9925
9884
9938
9947
9943
9998
9913
9991
10000
9990
9875
9992
9963
9883
10000
9995
9982
9972
9987
9969
9917
9929
9998
9861
10000
9949
9995
9976
9941
9975
9981
9990
9898
9998
9969
9964
9917
9963
9923
9845
9934
9880
9995
9911
9955
9965
9980
9866
9936
9992
9991
9823
9996
9974
9970
9984
9976
9999
9900
9993
9988
9950
9884
9882
9956
9982
9920
9931
9988
9999
9935
9993
9982
9962
9860
9765
9924
9999
9904
9972
9900
9930
9948
9993
9999
9976
9958
9946
9974
9811
9945
9947
9997
9988
9912
9957
9897
9995
9999
9882
9950
9992
9998
9975
9999
9990
9944
9947
9822
9973
9894
9989
9965
9993
9965
9920
9994
9978
9897
9988
9993
9919
9861
9937
