9993
9958
10000
9999
10000
10000
9997
9999
9993
9997
10000
9990
10000
9999
10000
10000
10000
9997
9999
10000
9992
9982
10000
10000
10000
10000
9995
9998
10000
10000
9954
10000
9965
9922
10000
9995
10000
9996
9965
9998
10000
10000
10000
9995
9929
10000
10000
9962
10000
9971
10000
9982
9994
10000
9999
10000
10000
9999
10000
9992
10000
10000
10000
9892
9997
10000
10000
10000
10000
9955
9999
9927
10000
10000
9990
9999
10000
10000
10000
10000
10000
10000
9986
10000
9984
10000
10000
9994
10000
9998
9998
10000
9997
10000
9929
10000
10000
10000
10000
10000
10000
10000
9956
9998
10000
9999
9838
10000
10000
10000
10000
10000
9999
10000
10000
10000
10000
10000
9997
10000
9987
10000
10000
10000
10000
9961
10000
9995
10000
10000
10000
10000
10000
10000
9846
9998
9999
9999
9979
10000
9995
9999
10000
10000
10000
10000
9999
9999
10000
10000
9995
9994
10000
9999
10000
10000
9969
9998
9998
9995
9968
10000
10000
10000
10000
10000
10000
9998
10000
10000
10000
10000
9997
10000
10000
9964
9943
10000
9981
10000
10000
9988
9993
9971
9995
10000
9943
9998
10000
9980
10000
9999
10000
10000
9994
9995
9949
9965
10000
9996
9999
10000
9994
10000
9979
10000
9999
9978
10000
9902
9952
10000
9946
9999
10000
9998
9970
10000
10000
10000
10000
10000
10000
9999
10000
9999
10000
9963
10000
9941
10000
10000
9975
10000
9996
10000
10000
10000
10000
9995
10000
10000
10000
10000
10000
10000
9879
10000
9999
10000
9997
10000
9964
10000
9990
10000
9982
9925
10000
9999
9989
10000
10000
10000
9944
9992
9965
9976
10000
9838
9993
10000
9982
9995
10000
10000
9999
10000
10000
9999
9953
9999
10000
10000
9897
9998
10000
9975
9946
10000
9995
9997
10000
10000
9999
10000
9999
9999
9985
10000
10000
9969
10000
9999
9943
10000
9961
9955
10000
9998
9898
9995
10000
10000
10000
9998
9998
9999
10000
10000
10000
9999
9995
9948
9998
10000
10000
9999
10000
9813
10000
10000
9949
10000
10000
9995
9952
10000
9992
10000
10000
9986
9999
9998
10000
10000
10000
9981
10000
10000
9999
10000
10000
9947
9997
9950
10000
10000
9992
10000
10000
10000
9973
9947
10000
9986
9992
9808
10000
10000
10000
9999
9822
10000
10000
9998
10000
10000
10000
9996
9985
10000
10000
9997
9998
9879
9997
9999
9887
10000
9996
10000
10000
9998
10000
9999
10000
10000
9918
10000
10000
10000
10000
9990
9997
10000
10000
10000
10000
9999
10000
9998
9999
9997
9956
10000
9999
9983
9998
9988
10000
9987
10000
10000
9983
9971
10000
10000
10000
10000
10000
10000
10000
10000
9998
10000
10000
10000
10000
9999
10000
9999
9999
10000
9967
10000
9992
10000
10000
10000
9997
10000
9997
9999
10000
9942
10000
9996
9910
10000
10000
10000
9992
9976
9988
10000
9999
9991
10000
10000
9947
10000
10000
10000
10000
10000
9933
9996
10000
10000
9901
9992
10000
10000
10000
10000
10000
10000
9997
10000
10000
10000
9996
9999
9990
10000
9875
10000
9987
10000
10000
9996
9992
10000
9999
10000
9990
10000
10000
10000
10000
9955
10000
9999
10000
10000
10000
9998
10000
9998
10000
9999
9998
10000
10000
9999
9996
10000
10000
10000
9986
9999
9999
10000
9998
9994
10000
10000
9962
10000
9999
10000
10000
10000
9990
9997
10000
10000
10000
9986
10000
9998
10000
9877
10000
10000
9994
9993
10000
10000
9970
10000
10000
10000
9835
10000
9961
9998
10000
9990
9966
9997
10000
9999
9999
10000
10000
9993
9987
10000
10000
9997
9986
9967
10000
9994
10000
10000
10000
9999
10000
9999
10000
10000
10000
9999
10000
9998
9990
9999
9996
9999
9920
10000
9999
10000
9994
10000
9955
9961
9999
10000
9968
9994
10000
9999
10000
10000
10000
9997
10000
9995
10000
9997
9998
10000
9968
9928
10000
9866
9971
10000
10000
10000
10000
10000
9999
9991
9980
9963
10000
10000
9999
9924
10000
9997
9989
10000
10000
10000
10000
10000
10000
10000
10000
10000
10000
10000
9998
9867
10000
10000
10000
10000
9998
10000
10000
9971
10000
10000
10000
9977
9974
10000
10000
9996
10000
10000
10000
10000
10000
10000
9998
10000
10000
10000
10000
10000
10000
10000
9999
10000
9999
10000
10000
9998
10000
10000
10000
9996
10000
10000
10000
10000
9934
9993
10000
9843
9986
9997
9997
9989
10000
9996
9999
9997
9998
10000
9993
10000
10000
9995
10000
9998
9999
9996
10000
10000
10000
9993
9988
10000
9995
9997
9977
10000
9897
9998
9993
10000
9999
9926
10000
10000
9995
9965
9950
9993
10000
9998
9987
9997
10000
9949
10000
10000
9865
9999
9999
9996
9997
9997
9999
9999
9999
9999
9999
9962
10000
9963
9989
9997
10000
10000
9999
9991
10000
10000
9992
9940
9996
9995
10000
9985
9967
9887
9999
9871
10000
9999
9769
10000
10000
9999
10000
10000
10000
9995
10000
10000
10000
9994
10000
9956
9997
9962
9973
10000
9999
9988
9993
10000
10000
10000
10000
10000
10000
10000
10000
9860
10000
10000
10000
9991
10000
10000
10000
10000
10000
10000
9993
9988
9996
10000
10000
10000
10000
9999
10000
10000
9999
9999
9998
10000
10000
10000
10000
10000
10000
10000
9980
10000
10000
9847
10000
10000
10000
10000
10000
9997
9999
9993
9978
10000
9996
10000
9999
10000
10000
10000
9993
9998
9941
10000
9986
9997
9995
9993
10000
10000
9997
10000
9929
9996
9999
9996
9998
9999
10000
10000
10000
10000
9992
9982
10000
9999
10000
10000
9996
10000
10000
10000
9998
10000
9990
9995
10000
9992
10000
9992
9997
9998
10000
10000
9998
10000
10000
9999
10000
10000
9988
9958
9994
9986
10000
9999
9997
10000
9997
10000
9997
10000
9932
10000
9999
10000
9933
10000
9995
10000
9789
9997
10000
9999
9993
9997
10000
10000
9996
10000
9985
9962
9999
9962
10000
9986
10000
9945
10000
9998
9983
10000
10000
10000
9997
9983
9993
10000
10000
9983
10000
10000
10000
9998
9989
9998
9978
10000
9998
10000
10000
9990
9991
9996
10000
9994
10000
10000
10000
9997
10000
10000
10000
9980
9999
9997
9994
10000
10000
10000
