9948
9870
9900
9829
9965
9908
9923
9863
9871
9956
9911
9942
9912
9947
9968
9944
9957
9800
9935
9922
9869
9971
9950
9814
9986
9974
9934
9952
9995
9900
9884
9932
9827
9898
9924
9748
9920
9905
9890
9938
9919
9927
9839
9954
9881
9958
9965
9911
9912
9917
9964
9940
10000
9740
9966
9920
9954
9807
9836
9869
9995
9901
9830
9963
9811
9872
9881
9761
9952
9873
9923
9930
9932
9931
9924
9918
9915
9931
9861
9926
9920
9817
9844
9902
9921
9899
9871
9891
9781
9892
9931
9873
9900
9957
9857
9839
9871
9929
9939
9846
9982
9969
9876
9905
9808
9959
9716
9940
9951
9869
9871
9830
9936
9786
9925
9955
9918
9945
9914
9906
9918
9923
9903
9913
9955
9852
9821
9840
9937
9889
9882
9841
9847
9848
9957
9755
9898
9924
9908
9887
9863
9994
9868
9922
9903
9818
9973
9879
9906
9779
9865
9858
9933
9865
9884
9926
9924
9966
9944
9935
9872
9939
9999
9948
9900
9808
9926
9840
9887
9856
9861
9877
9947
9976
9915
9936
9880
9872
9960
9940
9803
9957
9817
9977
9909
9949
9889
9930
9924
9982
9934
9866
9864
9926
9968
9956
9990
9915
9955
9907
9961
9833
9959
9872
9842
9951
9971
9996
9812
9931
9964
9968
9898
9896
9934
9873
9923
9966
9975
9875
9888
9893
9984
9881
9893
9952
9965
9895
9953
9912
9858
9913
9858
9949
9924
9777
9716
9915
9955
9973
9880
9850
9870
9963
9927
9978
9934
9930
9907
9925
9732
9827
9966
9811
9914
9847
9933
9927
9944
9894
9855
9940
9957
9796
9857
9900
9900
9850
9939
9952
9881
9947
9938
9981
9931
9946
9954
9865
9939
9935
9912
9991
9846
9913
9967
9875
9917
9895
9870
9924
9816
9930
9835
9852
9991
9913
9907
9830
9851
9765
9804
9869
9989
9933
9727
9897
9862
9874
9995
9973
9940
9838
9942
9801
9959
9969
9954
9921
9912
9962
9870
9847
9883
9989
9960
9959
9849
9870
9964
9893
9917
9970
9975
9912
9730
9880
9953
9912
9904
9876
9871
9773
9793
9756
9930
9894
9913
9968
9874
9899
9934
9983
9899
9915
9978
9847
9983
9853
9945
9886
9891
9904
9936
9971
9949
9841
9918
9859
9977
9972
9922
9895
9775
9949
9932
9946
9913
9998
9846
9851
9876
9873
9736
9847
9952
9978
9796
9987
9921
9938
9986
9901
9930
9884
9969
9917
9794
9917
9995
9881
9816
9874
9862
9992
9906
9885
9879
9872
9929
9946
9909
9919
9946
9871
9936
9918
9955
9870
9845
9809
9907
9953
9872
9868
9933
9950
9922
9910
9942
9836
9941
9940
9944
9961
9858
9916
9911
9864
9904
9934
9961
9901
9957
9972
9906
9863
9861
9933
9916
9947
9857
9910
9898
9844
9946
9817
9913
9835
9873
9920
9874
9964
9890
9791
9972
9852
9924
9928
9887
9927
9949
9741
9910
9938
9961
9987
9885
9792
9850
9945
9779
9885
9918
9898
9937
9903
9804
9921
9965
9922
9887
9919
9788
9831
9913
9993
9895
9914
9965
9948
9881
9857
9720
9900
9840
9940
9928
9854
9982
9784
9950
9956
9871
9965
9902
9940
9901
9749
9903
9963
9858
9943
9926
9890
9980
9794
9880
9871
9853
9950
9993
9886
9911
9942
9951
9913
9830
9905
9918
9970
9881
9927
9972
9835
9973
9861
9995
9939
9895
9969
9849
9991
9912
9963
9782
9918
9941
9888
9948
9902
9945
9815
9932
9964
9836
9838
9902
9980
9958
9920
9955
9982
9941
9935
9876
9975
9971
9895
9956
9905
9848
9879
9965
9842
9905
9923
9778
9900
9902
9919
9853
9923
9968
9970
9971
9917
9982
9939
9909
9907
9917
9836
9879
9624
9964
9855
9828
9863
9933
9934
9905
9944
9961
9971
9924
9893
9949
9875
9864
9987
9900
9918
9939
9842
9845
9895
9954
9784
9929
9935
9842
9829
9952
9957
9962
9904
9957
9873
9807
9965
9989
9911
9941
9900
9859
9874
9907
9961
9805
9863
9906
9979
9852
9922
9895
9748
9860
9859
9915
10000
9960
9860
9951
9873
9947
9843
9911
9940
9926
9929
9884
9875
9814
9890
9813
9973
9913
9825
9834
9857
9958
9933
9935
9889
9956
9858
9920
9936
9941
9970
9918
10000
9853
9932
9911
9926
9861
9917
9925
9876
9939
9969
9932
9916
9729
9923
9887
9828
9901
9840
9994
9592
9740
9909
9833
9958
9949
9931
9914
9881
9872
9883
9968
9902
9795
9888
9948
9881
9998
9952
9871
9920
9908
9896
9954
9975
9883
9923
9777
9956
9855
9940
9832
9924
9942
9933
9719
9916
9878
9925
9897
9861
9940
9804
9924
9931
9895
9974
9869
9903
9960
9981
9745
9901
9970
9906
9909
9828
9949
9898
9951
9909
9923
9939
9964
9865
9934
9912
9923
9957
9801
9803
9991
9915
9914
9996
9903
9970
9948
9824
9740
9957
9911
9909
9959
9906
9847
9769
9928
9932
9920
9976
9898
9962
9919
9780
9807
9839
9913
9877
9884
9976
9850
9977
9951
9884
9973
9841
9970
9905
9907
9947
9953
9877
9961
9952
9847
9935
9821
9887
9904
9796
9922
9816
9938
9967
9805
9949
9950
9996
9918
9923
9894
9903
9908
9883
9920
9817
9917
9978
9792
9861
9890
9847
9877
9974
9930
9887
9935
9899
9949
9812
9993
9937
9937
9969
9931
9846
9842
9965
9944
9904
9861
9959
9964
9896
9870
9928
9888
9889
9967
9870
9904
9877
9932
9968
9914
9924
9995
9908
9812
9967
9831
9847
9895
9876
9913
9898
9746
9895
9852
9932
9917
9881
9764
9945
9896
9832
9888
10000
9844
9898
9946
9905
9949
9953
9910
9949
9913
9912
9939
9929
9913
9837
9910
9908
9927
9904
9797
9896
9958
9911
9839
9919
9899
9920
9975
9866
9963
9909
9954
9857
9918
9930
9943
9886
9926
9909
9932
9903
9943
9999
9908
9894
9964
9952
9938
9946
9963
9948
9843
9935
9796
9950
9958
9902
9923
9918
9895
9817
9771
9978
9964
9905
9933
9934
9791
9962
9919
9966
9868
9916
9824
9929
9827
9932
9926
9887
9962
9915
9928
9955
9937
9932
9931
9908
9920
9925
9922
9763
