9943
9998
9999
9978
9950
9846
9987
9979
9936
10000
9990
9987
9967
9996
9929
9904
9993
9998
9986
9990
9990
9953
9974
9896
9996
9916
9990
10000
9950
9937
9966
9964
9970
9992
9998
9960
9966
9939
9992
9977
9998
9999
9993
9923
9975
10000
10000
9993
9967
9995
9890
9970
9996
9996
10000
9990
9876
9999
9978
9994
9949
9954
9980
9943
9994
9998
9990
9951
9995
9985
9989
9974
9990
9992
9980
9954
9908
9994
9899
9995
9959
9997
9962
9998
9999
9965
9991
9871
9990
9999
9981
9866
9977
9991
9991
9980
9970
9968
9987
9999
9999
9999
9983
9991
9987
9919
9984
9997
9986
9995
9994
9995
9972
9988
9955
9901
9943
9929
9999
9994
9981
9997
9983
9986
10000
9954
9998
9999
9999
9998
9992
9942
9986
10000
9921
9996
9980
9893
9997
9949
9999
9961
9998
9946
9988
9869
9982
9988
9999
9997
9991
9950
9999
10000
9990
9989
9989
9976
9994
9895
9997
9945
9993
9953
9997
9996
9970
9866
9971
9903
9997
10000
9882
9981
9957
9901
9989
9876
9865
9990
9979
9941
10000
9995
9943
9997
9882
9992
9967
9994
9998
9990
9921
9994
9958
9949
9968
9991
9971
9962
9997
9973
9989
10000
9909
10000
9885
9972
9968
9950
9995
9990
10000
9932
9993
10000
9997
10000
9993
9978
9950
9994
10000
9916
9938
9972
9956
9979
9975
9993
9992
9995
9999
9918
9955
9927
9997
9982
9870
9927
9979
9975
9963
9940
9971
9996
9901
9975
9994
9997
9965
9985
10000
10000
9928
9953
9971
10000
9893
9972
9992
9792
9983
9993
9999
9973
9998
10000
9965
9999
9949
9969
9970
9986
9981
9901
9956
10000
10000
9992
9994
9997
9910
9998
9987
9810
9824
9945
9980
9999
9941
9990
9953
9963
9927
9999
9993
10000
9995
9993
9948
9983
9999
9988
9969
9922
9961
9981
9949
9988
9965
9993
9977
10000
9986
9841
10000
9995
9974
9998
9998
9992
9992
9938
9999
9986
9995
9982
9999
9999
9999
9966
9971
9998
9968
9957
9995
10000
9876
9995
9866
9994
9994
9884
9975
9956
9998
9979
9947
9987
9998
9997
9998
9986
9959
9919
9997
9938
9836
9991
9988
9961
9978
9808
9993
10000
9997
10000
9945
9848
9970
9927
9967
9980
10000
9974
9941
9845
9923
9951
9963
9935
9968
9969
10000
9816
9948
9988
9967
9960
10000
9947
9989
9990
9937
9873
9887
9962
9968
9970
9940
9976
9992
9998
9898
9944
9990
10000
9991
9966
9914
9972
9953
9995
9985
9985
9993
9999
9999
9980
9876
9994
10000
9978
9986
10000
9997
10000
9922
10000
9970
9944
9965
9989
9998
9940
9999
9982
9994
9973
9997
9996
10000
9989
9991
9992
9805
9999
9941
9911
10000
9951
10000
9995
9995
9999
9953
9994
10000
9975
9922
9966
9929
9884
9992
9945
9991
9967
9920
9964
9999
9973
9995
9967
9991
9955
10000
9996
9927
9997
9975
9973
9999
9964
9998
9934
9925
9983
10000
10000
9999
9982
9986
9958
9980
9999
9960
9999
9965
9927
9984
9996
9996
9878
9998
9992
9989
9962
9971
10000
9962
9948
9980
9950
9909
10000
9977
9992
10000
9967
9955
9988
9991
9994
9997
9999
9977
9959
9968
9995
9931
10000
9998
9961
9964
9996
9985
9998
9984
9996
9988
9987
9989
9812
10000
9735
10000
9986
9988
9950
9997
9999
9994
10000
9995
9819
9973
9915
9876
9906
9973
10000
9996
9853
10000
9993
9998
9986
9890
9999
9897
9995
9926
9987
9998
9999
9996
9999
9999
9946
9977
9992
9945
10000
9935
9824
9952
9978
9990
9995
9959
9961
9978
9980
10000
9988
9943
9984
9997
9984
9974
10000
9996
9992
9970
9969
9983
9995
9985
9975
9982
9949
9932
9964
9993
9988
9996
9982
9999
9928
9962
9976
9982
9997
10000
9972
9895
9957
10000
10000
10000
9933
9956
10000
9985
9910
9993
9996
10000
9853
9950
9974
9999
9987
9820
9970
9952
9972
9999
9990
10000
9993
9998
9975
10000
9998
9995
9873
9972
9950
9988
9870
9986
9995
10000
9991
9994
9925
9975
9849
9913
9999
9916
9950
9927
9940
9996
9944
9986
9990
9990
9961
9985
9927
10000
9994
9957
9996
9993
9894
9969
9984
9965
9840
9997
9996
9925
9997
9973
9937
9995
9920
9951
9998
9967
9844
9993
9984
9989
9989
9991
9999
9994
9918
9937
9912
10000
9979
9968
9943
9943
9989
9993
9980
9990
9928
9999
9910
9985
9997
10000
9981
9977
9999
9984
9989
10000
9998
9978
9985
9846
9945
9905
9883
10000
9999
9940
9973
10000
9996
9988
9984
9980
9962
9993
9986
10000
9937
9995
9956
9999
10000
9986
9976
9891
9999
9998
9997
9877
9913
9939
9877
9932
9991
9995
9884
10000
9956
9990
9994
9999
9992
9967
9971
9979
9932
9978
9929
10000
9989
9824
9979
9998
9974
9955
9973
9969
9988
9999
9985
9931
9926
9935
10000
10000
9952
9992
10000
9974
9998
9981
10000
9987
9986
9968
9997
9859
10000
9986
9979
9990
9996
9999
9911
10000
9997
9959
9995
9963
9990
9980
9945
9993
9994
9918
9952
9948
9993
9981
9989
9846
9970
9948
9930
9942
9981
9999
9992
9983
9998
9999
9996
9828
9979
9945
9981
9995
10000
9991
9954
9997
9977
9977
9925
9979
9994
9909
9999
9994
9963
9941
9834
9956
9998
9972
9983
9993
9982
9981
10000
9990
9957
9993
9898
9983
9948
9944
9920
9992
9998
10000
9981
9999
9989
9996
9944
9992
9911
9998
9999
9926
9961
9990
9953
9965
10000
9995
9967
9949
9978
9995
9980
9971
10000
10000
9999
9988
9990
9997
9904
9784
9999
9997
9914
9970
9999
9985
9999
9984
9995
9977
9992
9996
10000
9995
9995
10000
9992
9923
9974
9997
9995
9982
9976
9995
9941
9974
9978
9975
9993
10000
10000
9991
9890
9981
9998
9973
9984
9959
9998
9992
10000
9954
9969
9801
9847
9991
9945
10000
9976
9962
9895
9962
9994
9991
9956
9999
9998
9972
9958
9998
9983
9984
9997
9991
9925
9931
9998
9994
9994
9998
9986
9992
9977
9991
9904
9908
10000
9891
9968
