9968
9876
9913
9964
9807
9922
9930
9789
9939
9963
9909
9931
9990
9981
9918
9871
9955
9837
9894
9878
9851
9914
9873
9832
9844
9994
9936
9958
9875
9974
9781
9933
9897
9849
9947
9950
9986
9958
9897
9814
9885
9917
9844
9926
9834
9924
9965
9919
9854
9908
9933
9976
9907
9864
9960
9872
9958
9795
9856
9881
9737
9940
9885
9969
9825
9846
9915
9793
9951
9942
9990
9904
9766
9973
9827
9925
9881
9834
9771
9968
9925
9948
9786
9895
9831
9748
9909
9791
9956
9923
9994
9973
9968
9914
9955
9702
9942
9929
9939
9892
9967
9841
9923
9958
9963
9886
9840
9985
9892
9868
9976
9827
9847
9960
9852
9996
9909
9991
9917
9885
9943
9867
9883
9920
9800
9917
9948
9788
9835
9873
9944
9846
9788
9844
9875
9908
9923
9930
9973
9978
9865
10000
9899
9898
9890
9806
9832
9955
9913
9981
9794
9781
9969
9944
9795
9945
9921
9975
9775
9911
9840
9866
9841
9891
9942
9800
9888
9908
9937
9907
9939
9942
9827
9843
9900
9888
9831
9889
9886
9986
9890
9791
9919
9792
9957
9925
9815
9930
9906
9895
9946
9986
9845
9959
9966
9878
9921
9914
9952
9937
9926
9891
9937
9939
9839
9921
9900
9744
9971
9863
9928
9980
9851
9852
9849
9835
9865
9911
9998
9964
9930
9888
9859
9904
9916
9880
9852
9964
9900
9883
9920
9937
9967
9889
9928
9908
9917
9970
9953
9866
9896
9979
9850
9964
9908
9990
9966
9898
9917
9899
9852
9977
9905
9888
9916
9947
9873
9952
9851
9864
9900
9928
9864
9955
9845
9865
9917
9951
9779
9959
9996
9858
9824
9910
9959
9921
9858
9954
9854
9890
9786
9831
9938
9920
9781
9909
9847
9840
9910
9942
9928
9931
9882
9953
9856
9868
9934
9888
9759
9974
9921
9929
9842
9938
9855
9904
9969
9938
9900
9946
9854
9930
9899
9872
9827
9993
9983
9901
9962
9862
9854
9883
9979
9830
9935
9928
9952
9886
9817
9873
9974
9880
9847
9712
9833
9934
9788
9950
9792
9902
9958
9924
9988
9897
9886
9862
9861
9835
9855
9893
9865
9845
9783
9897
9911
9954
9855
9940
9790
9903
9819
9948
9925
9831
9898
9884
9970
9933
9884
9753
9828
9905
9944
9972
9841
9965
9915
9969
9906
9790
9854
9971
9954
9976
9814
9910
9852
9887
9873
9932
9946
9946
9940
9998
9815
9793
9875
9915
9847
9994
9814
10000
9954
9851
9848
9920
9922
9916
9893
9916
9992
9975
9910
9841
9818
9870
9923
9909
9943
9906
9750
9905
9793
9650
9952
9771
9950
9950
9866
9909
9994
9946
9783
9948
9965
9838
9866
9948
9955
9957
9924
9884
9894
9918
9971
9806
9788
9937
9877
9878
9951
9909
9851
9892
9978
9992
9887
9954
9811
9898
9798
9845
9923
9915
9817
9945
9924
9941
9931
9885
9898
9899
9940
9933
9923
9974
9904
9815
9994
9993
9769
9953
9949
9854
9949
9994
9946
9868
9955
9904
9860
9915
9891
9865
9880
9855
9920
9869
9918
9916
9870
9991
9911
9915
9932
9985
9890
9795
9927
9929
9880
9887
9938
9884
9987
9975
9961
9888
9900
9733
9938
9900
9917
9938
9930
9970
9919
9863
9964
9947
9972
9859
9883
9897
9906
9853
9926
9902
9962
9932
9913
9940
9929
9874
9886
9895
9817
9923
9834
9914
9865
9862
9937
9798
9905
9967
9981
9944
9799
9982
9998
9926
9850
9935
9921
9902
9973
9932
9905
9865
9936
9810
9942
9849
9909
9980
9728
9949
9934
9959
9846
9921
9928
9846
9874
9978
9954
9978
9954
9738
9932
9951
9865
9914
9897
9876
9892
9917
9936
9844
9863
9963
9932
9934
9837
9873
9890
9839
9899
9923
9834
9798
9944
9888
9863
9957
9866
9906
9932
9883
9962
9986
9949
9955
9948
9934
9795
9867
9875
9865
9886
9918
9748
9818
9936
9834
9877
9870
9856
9923
9949
9969
9944
9852
9956
9879
9953
9920
9882
9899
9936
9949
9826
9911
9879
9900
9895
9954
9943
9842
9998
9913
9922
9841
9847
9913
9841
9950
9942
9975
9944
9888
9939
9876
9910
9798
9931
9919
9837
9868
9973
9915
9903
9977
9947
9871
9890
9895
9883
9928
9853
9903
9929
9976
9973
9960
9974
9892
9852
9944
9843
9929
9952
9953
9854
9957
9892
9762
9906
9947
9989
9861
9968
9895
9859
9892
9889
9950
9919
9959
9946
9931
9938
9847
9886
9903
9865
9893
9946
9921
9934
9973
9881
9838
9936
9952
9958
9840
9956
9933
9789
9730
9943
9941
9901
9928
9934
9948
9722
9914
9902
9958
9916
9871
9936
9677
9905
9816
9887
9958
9949
9954
9916
9939
9946
9831
9891
9873
9858
9850
9995
9834
9809
9947
9910
9855
9917
9959
9917
9933
9935
9848
9886
9980
9914
9925
9991
9950
9921
9876
9905
9950
9917
9946
9966
9912
9870
9832
9863
9810
9894
9736
9798
9962
9928
10000
9899
9747
9903
9887
9873
9973
9962
9822
9940
9916
9941
9898
9781
9955
9825
9848
9813
9898
9854
9897
9966
9932
9958
9988
9929
9981
9962
9826
9912
9932
9923
9871
9989
9710
9974
9925
9988
9943
9861
9936
9880
9944
9924
9864
9897
9842
9896
9797
9937
9874
9802
9967
9975
9807
9856
9868
9963
9915
9863
9950
9770
9899
9900
9826
9965
9978
9863
9906
9913
9764
9913
9723
9893
9867
9899
9809
9970
9903
9864
9977
9843
9931
9933
9837
9847
9897
9929
9950
9819
9939
9803
9944
9959
9989
9890
9905
9862
9828
9767
9941
9787
9976
9879
9882
9810
9921
9831
9844
9957
9895
9932
9981
9927
9876
9950
9817
9924
9946
9988
9966
9965
9989
9992
9902
9956
9902
9928
9911
9924
9877
9903
9904
9943
9931
9946
9920
9870
9786
9994
9960
9985
9818
9914
9845
9874
9888
9979
9941
9976
9981
9935
9929
9925
9902
9749
9993
9841
9804
9877
9948
9971
9922
9996
9957
9874
9904
9846
9842
9902
9898
9831
9768
9928
9914
9964
9864
9874
9933
9872
9888
9896
9891
9964
9917
9932
9936
9884
9942
9789
9942
9845
9742
9957
9934
