9891
9988
9980
9982
9874
9924
9860
9944
9988
9919
9972
9892
9868
9999
9962
9970
9968
9997
9861
9949
9903
9999
9874
9862
9992
9965
9934
9976
9942
9889
9909
9986
9947
9993
9998
9984
9985
9941
9912
9998
9904
9991
9975
9980
9748
9955
9994
10000
10000
9953
10000
9990
9912
9980
9947
9827
9919
9959
9930
9758
9893
9993
9973
9961
9855
9954
9915
9928
9995
9945
9955
9883
9763
9928
9934
9947
9914
9966
9960
9958
9911
9952
9958
9977
9955
9855
9999
9952
9947
9996
9874
9915
9866
9959
9863
9942
9982
9971
9983
9926
9984
9975
9945
9973
9939
9981
9996
10000
9957
9991
9912
9902
9938
9883
9953
9939
9920
9988
9970
9921
9857
9967
9968
9992
9957
9886
9985
9805
9958
9966
9998
9937
9989
9960
9982
9980
9932
9970
9997
9961
9915
9883
9891
9981
9918
9893
9979
10000
9852
9950
9943
9924
9916
9951
9910
9900
9751
9831
9971
9827
9869
9826
9998
9922
9917
9999
9948
9901
9938
9999
10000
9997
9989
9999
9846
9952
9884
9863
9816
9993
9922
9968
9944
9954
9961
9989
9901
9991
9938
9995
9906
9996
9995
9880
9844
9996
10000
9853
9944
9950
9843
9841
9984
9992
10000
9850
9884
9948
9885
9958
9999
9789
9943
9943
10000
9975
9890
10000
9971
9966
9986
9988
9910
9908
9947
9887
9962
9999
9988
9981
9958
9883
9942
9931
9949
9889
9846
9945
9893
10000
9953
9970
9949
9823
9997
9974
9996
9925
9920
9947
9904
9974
9916
9861
9967
9878
9773
9975
9993
9996
9983
9929
9871
9952
9987
10000
9894
9980
9866
9975
9998
9973
9951
10000
9956
9999
9981
9839
9983
9908
9996
9841
9992
9997
9967
9970
9943
9939
9991
9968
9921
9876
9957
9968
9969
10000
9988
9980
9751
9959
9845
9826
9829
9856
9960
9971
9932
9908
9960
9852
10000
9964
9921
9963
9890
9964
9880
9957
9991
9945
9889
9911
9932
9933
9993
9986
9929
9883
9920
9983
9893
9997
9972
9918
9937
9834
9995
9995
10000
9971
9942
9940
9928
9969
9870
9914
9834
9940
9990
10000
9980
9969
9893
9955
9934
9939
9914
9981
9885
9952
9896
9838
9925
9971
9994
9980
9931
9977
9912
9998
9939
9939
9998
9893
9949
9954
9982
9895
9920
9913
9939
9950
9929
9954
9963
9870
10000
9969
9859
9896
9994
9889
9952
9949
9898
9919
9972
9914
9939
9990
9992
9958
9994
9950
9979
9992
9959
9895
9888
9961
9925
9935
9979
9941
9977
9947
9990
9956
9980
9964
9984
9957
9972
9894
9935
9950
9897
9996
9954
9989
9856
9952
9990
9931
9865
9956
9800
9929
9970
9989
9987
9968
9999
9959
9906
9902
9891
9951
9960
9998
9922
9909
9984
9904
9927
9901
9784
9999
9859
9911
9990
9894
9961
9997
9991
9919
9958
9992
9984
10000
9934
9992
9954
10000
9843
9903
9809
9975
9955
9907
9887
9993
9922
9779
9898
9993
9866
9937
9933
9960
9978
9962
9968
9923
9989
9915
9949
9990
9973
9869
9935
9995
9845
9920
9975
9951
9889
9896
9957
9975
9946
9901
9889
9943
9964
9881
9985
9861
9907
9784
9944
9932
9874
9977
9902
9967
9976
9886
9936
9935
9995
9882
9932
9992
9886
9988
9947
9879
9889
9948
9988
9923
9965
9979
9949
9979
9976
9945
9915
9999
9980
9978
9955
9983
9986
9983
9944
9948
9945
9935
9950
9920
9999
9959
9949
9904
9992
9900
9959
9947
9983
9943
9952
9885
9996
9961
9905
9964
9970
9945
9880
9903
9984
9999
9966
9977
9925
9951
9970
9934
9825
9895
9947
9972
9911
9953
9926
9987
9888
9903
9993
9953
9929
9990
9885
9994
9811
9984
9880
9945
9801
9946
9996
9889
9892
9979
9897
9985
9908
9950
9910
9945
9918
9884
9951
9853
9946
9950
9936
9993
10000
9925
9900
9974
9957
9998
9944
9924
9819
9999
9963
9996
9878
9821
9989
9961
9959
9879
9915
9908
9990
9977
9967
9889
9985
9981
9888
9890
9933
9951
9943
9920
9909
9941
9969
9889
9957
9909
9953
9937
9925
9908
9957
9950
9942
9825
9937
9969
9999
9908
9942
9966
9975
9995
9953
9986
9893
9884
9939
9996
9992
9897
9903
9917
9996
9939
9931
9890
9913
9993
10000
9955
9857
9979
9977
9924
9901
9926
9998
9949
9821
9998
9944
9982
9999
9963
9975
9963
9942
9943
9899
9999
9928
9974
9920
9924
9991
9918
9893
9953
9866
9925
9934
9899
9964
9947
9970
9889
9965
9838
9943
9987
9933
9891
9929
9795
9999
9899
9921
9935
9908
9931
9964
9980
9842
9916
9844
9956
9979
9929
9912
9858
9920
9995
9865
9988
9962
9893
9961
9907
9986
9988
9941
9958
9998
9975
9997
9893
9915
9840
9937
9967
9939
9807
9967
9830
9999
9948
9936
9899
9903
9880
9968
9910
9965
9878
9985
9991
9941
9958
9905
9994
9899
9971
9877
9893
9873
9893
9981
9865
9878
9993
9990
9973
9971
9926
9973
9914
9849
9963
9931
9947
9926
9855
9961
9955
9942
9956
9982
9878
9964
9953
9945
9997
9977
9971
9906
9962
9943
9926
9951
9917
9961
9992
9996
9911
9862
9916
9971
9975
9875
9915
9925
9963
9978
9957
9900
9923
9829
9938
9996
9959
9819
9763
9992
9873
9990
9841
9981
9887
9931
9926
9905
9972
9999
9950
9861
9952
9973
9853
9995
9988
9935
9941
9969
9999
10000
9956
9977
9978
9995
9858
9964
9904
9991
9808
9953
9958
9934
9893
9870
9982
9966
9892
9969
9964
9994
9927
9907
9921
9971
9992
9992
9904
9946
9950
9993
9943
9932
9997
9824
9964
9977
9903
9847
9955
9900
9930
9941
9969
9817
9995
9946
9995
9866
9849
9926
9986
9919
9996
9931
9898
9966
9972
9955
9972
9971
9889
9897
9949
9997
9984
9941
9995
9925
9911
9991
9972
9930
9999
9931
9915
9869
9930
9921
9995
9995
9940
9966
9946
9997
9997
9854
9991
9975
9950
9914
9943
9965
9897
9912
9909
9835
9969
9883
9925
9985
9921
9862
9915
9976
9990
9907
9842
9988
9992
9993
9876
9976
9983
