9943
9910
9954
9931
9906
9914
9969
9955
9894
9906
9948
9961
9854
9873
9943
9840
9951
9969
9947
9919
9942
9868
9806
9962
9970
9952
9887
9919
9998
9943
9916
9955
9850
9989
9964
9950
9885
9920
9896
9888
9892
9938
9923
9944
9917
9873
9936
9843
9929
9875
9920
9821
9918
9858
9877
9956
9901
9787
9928
9898
9967
9928
9839
9915
9956
9792
9819
9959
9940
9755
9932
9914
9931
9935
9913
9895
9859
9902
9888
9779
9877
9963
9952
9833
9996
9913
9978
9923
9830
9955
9938
9953
9919
9897
9940
9896
9946
9958
9941
9926
9799
9937
9890
9853
9865
9906
9993
9867
9739
9985
9921
9974
9887
9815
9961
9909
9888
9923
9878
9866
9912
9901
9841
9906
9918
9911
9947
9907
9799
9910
9927
9905
9976
9866
9895
9945
9957
9865
9873
9948
9950
9936
9892
9917
9925
9952
9765
9916
9948
9900
9779
9938
9890
9795
9899
9924
9738
9935
9940
9902
9909
9990
9938
9959
9858
9864
9943
9914
9898
9859
9850
9967
9988
9926
9872
9930
9951
9917
9883
9882
9804
9741
9860
9830
9918
9954
9912
9854
9928
9904
9830
9898
9909
9927
9884
9996
9828
9940
9916
9962
9970
9971
9888
9944
9948
9917
9918
9929
9923
9908
9997
9882
9895
9815
9789
9992
9904
9909
9889
9923
9801
9995
9932
9931
9896
9946
9868
9799
9776
9941
9909
9948
9909
9791
9905
9875
9839
9910
9877
9856
9864
9917
9950
9868
9959
9950
9947
9891
9949
9691
9905
9891
9922
9915
9881
9962
9917
9930
9857
9914
9942
9900
9866
9917
9960
9918
9865
9944
9950
9874
9949
9946
9938
9896
9826
9938
9836
9927
9934
9906
9941
9812
9881
9768
9984
9949
9909
9868
9895
9847
9952
9911
9855
9939
9874
9940
9848
9898
9909
9861
9880
9747
9889
9968
9924
9959
9865
9938
9942
9794
9885
9927
9921
9887
9906
9764
9868
9889
9799
9867
9935
9909
9901
9957
9917
9925
9875
9844
9939
9757
9808
9918
9900
9920
9852
9917
9717
9894
9911
9879
9797
9951
9898
9946
9827
9947
9861
9912
9849
9791
9843
9941
9955
9975
9901
9967
9851
9875
9846
9874
9876
9864
9904
9895
9929
9800
9996
9885
9875
9909
9847
9953
9971
9856
9915
9875
9902
9895
9748
9946
9927
9892
9997
9944
9799
9992
9840
9902
9954
9947
9966
9799
9923
9856
9854
9962
9923
9905
9833
9785
9913
9943
9908
9932
9975
9894
9929
9941
9873
9874
9909
9850
9892
9974
9897
9972
9897
9856
9826
9907
9865
9946
9979
9935
9861
9948
9984
9899
9983
9933
9987
9923
9951
9889
9849
9934
9909
9931
9919
9978
9905
9938
9934
9896
9887
9815
9917
9953
9922
9796
9954
9846
9823
9959
9940
9810
9896
9934
9904
9964
9894
9911
9918
9844
9964
9933
9952
9999
9977
9833
9996
9915
9967
9679
9980
9908
9797
9896
9818
9950
9964
9950
9883
9977
9854
9923
9892
9940
9774
9943
9965
9960
9916
9922
9922
9848
9946
9845
9968
9897
9955
9788
9893
9876
9900
9796
9991
9864
9840
9862
9973
9986
9947
9946
9915
9950
9824
9848
9864
9843
9932
9992
9929
9908
9955
9939
9964
9941
9886
9876
9931
9925
9959
9877
9870
9911
9966
9905
9941
9885
9970
10000
9959
9798
9900
9834
9861
9971
9820
9847
9979
9941
9906
9891
9996
9846
9928
9907
9697
9853
9969
9907
9922
9900
9853
9828
9978
9962
9938
9920
9967
9910
9809
9944
9937
9886
9921
9959
9962
9888
9844
9890
9882
9906
9935
9921
9839
9772
9892
9843
9908
9874
9906
9961
9926
9807
9891
9891
9985
9858
9897
9884
9913
9932
9995
9916
9902
9945
9922
9904
9859
9960
9979
9917
9958
9843
9758
9908
9988
9857
9957
9979
9955
9842
9926
9882
9924
9968
9818
9896
9944
9769
9965
9941
9848
9960
9898
9943
9968
9958
9969
9981
9899
9902
9933
9885
9898
9894
9865
9841
9934
9897
9985
9968
9860
9885
9801
9847
9960
9946
9817
9994
9894
9856
9930
9951
9949
9891
9854
9959
9938
9939
9871
9889
9723
9969
9932
9875
9972
9888
9898
9893
9969
9928
9928
9868
9910
9905
9903
9869
9737
9930
9910
9960
9902
9884
9927
9929
9854
9814
9872
9933
9945
9891
9867
9849
9917
9899
9933
9889
9919
9899
9908
9984
9963
9909
9942
9851
9952
9868
9874
9971
9915
9940
9949
9971
9940
10000
9950
9761
9921
9783
9967
9927
9913
9849
9776
9912
9850
9839
9994
9873
9910
9961
9915
9944
9915
9900
9925
9859
9790
9848
9944
9924
9916
9811
9894
9944
9880
9790
9957
9850
9972
9864
9921
9804
9904
9913
9913
9907
9932
9925
9890
9838
9860
9946
9888
9921
9907
9849
9978
9894
9894
9892
9887
9822
9866
9908
9939
9895
9928
9944
9866
9912
9783
9962
9931
9964
9917
9914
9866
9999
9958
9999
9942
9872
9936
9910
9828
9924
9851
9909
9870
9897
10000
9976
9899
9940
9805
9637
9812
9887
9864
9968
9845
9816
9890
9831
9951
9864
9909
9846
9941
9891
9875
9999
9972
9989
9936
9929
9912
9880
9913
9858
9928
9971
9755
9908
9895
9988
9918
9826
9893
9925
9909
9869
9935
9801
9909
9982
9913
9939
9941
9916
9907
9925
9898
9901
9884
9952
9825
9943
9959
9944
9963
9846
9920
9841
9975
9857
9880
9799
9897
9848
9929
9805
9921
9946
9912
9821
9976
9985
9875
9951
9947
9922
9937
9893
9935
9904
9916
9855
9948
9925
9935
9836
9948
9970
9903
9941
9985
9965
9929
9959
9901
9877
9867
9947
9968
9901
9953
9876
9865
9839
9880
9870
9871
9911
9976
9954
9815
9878
9949
9904
9923
9859
9926
9914
9955
9943
9925
9920
9979
9970
9940
9902
9891
9845
9868
9868
9927
9827
9843
9848
9857
9852
9917
9912
9868
9993
9944
9976
9994
9962
9859
9947
9922
9894
9927
9785
9910
9869
9888
9845
9938
9926
9913
9895
9893
9901
9998
9878
9826
9962
9863
9905
9932
9870
9911
9865
9892
9975
9996
9866
9962
9941
9963
9928
9949
9955
