9919
10000
9880
9914
9984
9862
9996
9931
10000
10000
9954
9872
9973
9914
9945
10000
9853
9992
9860
9923
9994
9996
9998
9871
9998
9956
9963
9917
10000
9745
9983
9928
9918
9935
9899
9999
9951
9968
9866
9996
9909
9960
9932
9896
9876
9925
9977
9998
9945
9898
9888
9946
9962
9943
9932
9939
9919
9948
9988
9976
9951
9981
9941
9878
9895
9914
9915
9976
9988
9903
9873
9999
9907
9973
9959
9969
9999
9915
9998
9851
9868
9994
9966
9991
9975
9991
9957
9998
9930
9957
9978
9992
9869
9956
9944
9991
9976
9936
9895
9928
9986
9998
9853
9975
9967
9908
9872
9963
9996
9987
9959
9935
9964
9998
9928
9935
9922
9916
9981
9956
9952
9972
9926
9993
9930
9889
9977
9994
9857
9891
9893
9970
9897
9885
9995
9932
9911
9905
9776
9989
9925
9810
9975
9812
9970
9943
9930
9927
9981
9940
9998
9961
9922
9941
9953
9996
9932
9864
9986
9969
9930
9919
9981
9999
9942
10000
9826
9875
9995
9935
10000
9994
9955
9994
9979
9999
9848
9975
9905
10000
9814
9999
9922
9973
9888
9964
9892
9899
9923
9987
9908
9993
9908
9945
9960
9984
9840
9882
9994
9990
9994
9860
9966
9999
9952
9998
9880
9970
9904
9949
9974
9865
9848
10000
9908
9942
9942
9897
9968
9984
9902
9952
9955
9971
9975
9912
9951
9996
9955
9909
9947
9966
9835
9999
9995
9932
9961
9943
9931
9829
9848
9956
9988
9768
9768
9996
9978
9803
9921
9985
9941
9832
9986
9909
9958
9978
9845
10000
9999
9943
9964
9963
9871
9855
9841
9956
9993
9831
9999
9826
9914
9895
9931
9906
9919
9875
9892
9937
9952
9941
9924
9813
9868
9923
9949
9900
9930
10000
9997
9892
9977
9918
9847
9894
9967
9920
9952
10000
9850
9906
9818
9931
9889
9916
9947
9882
9915
9938
9945
10000
9922
9949
9980
9954
9887
9901
9866
9988
9965
9998
9958
9988
9923
9985
9964
9972
9969
9934
9934
9992
9980
9977
9957
9988
9987
9988
9994
9922
9927
9903
9887
9930
9993
9968
9943
9992
9882
9951
9949
9996
9775
9991
9932
9993
9930
9919
9882
9929
9991
9999
9968
9968
9998
9982
9994
9979
9993
9998
9858
9951
9990
9939
9917
9967
9998
9948
9947
9911
9852
9991
9954
9951
9894
9985
10000
9753
9983
9998
9875
9932
9908
9893
9939
9876
9983
9959
10000
9819
9952
9950
9850
9989
9963
10000
9894
9913
9905
9883
9999
9996
9979
9990
9995
9989
9891
9962
9954
9980
9910
9997
9980
9954
9925
9853
9955
9934
9996
9930
9943
9955
9977
9995
9963
9886
9986
9940
9793
10000
9997
9882
9984
9933
9925
9989
9944
9838
9929
9977
9998
9868
9913
9965
9914
9971
9883
9971
9893
9994
10000
9997
10000
9893
9996
9938
9965
9992
9971
9983
9997
9944
9978
9891
9972
9907
9934
9898
9994
9866
9920
9987
9909
9921
9927
9979
9890
9938
9879
9981
9835
9985
9896
9912
9931
10000
9996
9942
9946
9983
9984
9907
9879
9888
9978
9901
9950
9875
9978
9999
9975
9932
9933
9934
9898
9980
9996
9966
9912
9972
9936
9954
9937
9892
9831
9933
9944
9828
9983
9950
9977
9999
9979
9995
9939
9959
9954
9928
9860
9998
9963
9989
9999
9981
9894
9975
9979
9953
9855
9997
9999
9971
9949
9939
9974
9901
9953
9934
9964
9947
9999
9963
9898
9958
9966
9865
9934
9993
9996
9996
9946
9914
9975
9977
9972
9984
9993
9996
9890
9801
9993
9869
9863
9997
9954
9931
9956
9999
9845
10000
9991
9990
9933
9930
9931
9999
9988
9996
9914
10000
9981
9923
9886
9918
9990
9956
9926
9800
9982
9919
9927
9999
9913
9999
9935
9969
9947
9890
9946
9918
10000
9998
9864
9921
9999
9973
9889
9993
9987
9938
9918
9935
9924
9963
9725
9951
9943
9998
9996
9932
9938
9995
9954
9933
9986
9912
9925
9889
9969
9983
9935
9999
9826
9946
9992
9922
9982
9923
9930
10000
9923
9894
9998
9987
9712
10000
9994
9891
9893
9959
10000
9957
9927
9912
9979
9992
9995
9963
9902
9909
10000
9918
9967
9886
9988
9994
9939
9994
9999
9906
9978
9949
9962
9960
9977
10000
9982
9778
9999
9966
9954
9993
9970
9861
9975
9851
9998
9953
9959
10000
9944
9999
9954
9835
10000
9954
9831
9904
9931
9960
9994
9992
10000
9991
9906
9963
9834
9906
9960
9987
9966
9993
9961
9716
9831
9984
9954
9965
9863
9980
9963
9998
9887
9834
9994
9931
9898
9878
9958
9964
9999
9930
9901
9951
9860
9992
9985
9930
9965
9968
9999
9931
9923
9998
9938
9997
9982
9912
9952
9961
9910
9957
9995
9958
10000
9895
9870
9905
9919
9801
9933
9955
9995
9996
9946
9999
9904
9998
9999
9935
9842
9998
9935
9990
9957
9982
9997
9995
9898
9996
9914
9911
9909
10000
9809
9902
9739
9942
9786
10000
9999
9824
9980
9994
9863
9918
9906
9882
9953
9813
9996
9937
9984
9974
9964
9870
9844
9995
9837
9912
9977
9941
9997
9875
9918
9969
9864
9998
9888
10000
9890
9986
9939
9966
9922
9983
9904
9991
9991
9982
9998
9999
9924
9979
9978
9990
9963
9959
9854
9986
9798
9892
10000
9972
9880
9912
9963
9999
9895
9976
9845
10000
9847
9922
9936
9961
9930
9944
9992
9993
9921
9936
9997
9998
9922
9959
9923
9911
9931
9899
10000
9902
9945
9842
9993
9965
9888
9998
9956
9997
9965
9988
9875
9888
9857
9963
9878
9989
9979
9949
9987
9926
9978
9889
9995
9930
9976
10000
9983
9999
10000
9957
9998
10000
9939
9967
9922
10000
9984
9940
9996
9950
9993
9903
9935
10000
9980
9952
9868
9942
9999
9878
9863
9896
9814
9990
9987
9969
9880
9951
10000
9935
9865
9988
9969
9979
9871
9891
9981
9998
9931
9933
10000
9886
9838
9978
9999
9925
9876
9989
9889
9989
9858
9936
9977
9931
9958
9973
9958
10000
9954
9910
9872
9966
10000
9966
9907
9995
9948
9993
9825
9976
9933
9973
9997
9922
9807
9870
9949
9967
9998
10000
