9911
9962
9957
9928
9876
9834
9898
9865
9839
9879
9922
9909
9961
9845
9772
9975
9956
9848
9967
9873
9931
9901
9889
9954
9846
9860
9840
9937
9962
9769
9968
9893
9823
9845
9901
9978
9987
9857
9931
9948
9907
9970
9969
9820
9969
9871
9896
9880
9822
9865
9966
9880
9903
9841
9916
9956
9896
9886
9921
9973
9780
9925
9871
9917
9833
9939
9941
9936
9782
9860
9895
9902
9892
9939
9939
9873
9886
9860
9877
9898
9986
9955
9903
9867
9993
9890
9871
9851
9886
9929
9902
9832
9989
9848
9968
9871
9892
9999
9911
9930
9922
9982
9988
9942
9907
9916
9873
9904
9852
9932
9858
9934
9934
9965
9952
9934
9998
9949
9985
9895
9986
9772
9951
9778
9896
9888
9908
9946
9899
9827
9823
9945
9959
9930
9895
9930
9888
9941
9920
9963
9890
9890
9970
9876
9963
9923
9952
9877
9978
9742
9934
9997
9963
9778
9975
9929
9929
9853
9896
9956
9914
9902
9923
9894
9951
9922
9941
9848
9861
9873
9949
9937
9904
9886
9929
9945
9875
9899
9948
9931
9869
9947
9857
9884
9911
9863
9881
9907
9823
9906
9891
9758
9959
9938
9870
9922
9992
9944
9910
9951
9884
9999
9962
9943
9889
9916
9959
9997
9937
9935
9856
9853
9895
9885
9976
9768
9938
9763
9915
9951
9992
9891
9956
9815
9886
9898
9902
9933
9824
9881
9915
9932
9787
9756
9906
9904
9952
9928
9915
9962
9834
9930
9828
9990
9934
9963
9841
9946
9937
9892
9972
9884
9964
9883
9898
9860
9943
9852
9849
9907
9884
9797
9942
9949
9800
9946
9880
9854
9963
9904
9887
9810
9896
9926
9740
9915
9814
9822
9947
9905
9880
9893
9882
9919
9943
9896
9926
9902
9881
9885
9892
9880
9876
9932
9889
9786
9946
9884
9981
9871
9965
9886
9956
9874
9922
9698
9860
9928
9930
9949
9952
9934
9881
9910
9961
9916
9849
9945
9955
9851
9861
9884
9893
9936
9925
9831
9904
9994
9880
9895
9974
9895
9835
9851
9886
9954
9824
9974
9899
9748
9902
9899
9922
9825
9917
9873
9924
9873
9951
9786
9912
9939
9913
9948
9812
9891
9867
9866
9860
9967
9899
9890
9972
9908
9909
9992
9942
9883
9852
9964
9863
9817
10000
9851
9940
9855
9951
9875
9930
9869
9947
9933
9879
9905
9980
9974
9879
9879
9938
9954
9833
9883
9928
9926
9851
9940
9925
9879
9933
9868
9864
9949
9885
9935
9925
9884
9920
9908
9893
9968
9817
9962
9938
9912
9988
9835
9859
9950
9925
9901
9908
9825
9983
9912
9897
9868
9916
9885
9728
9812
9838
9877
9848
9862
9847
9947
9952
9916
9945
9840
9921
9802
9922
9887
9937
9872
9937
9957
9900
9928
9902
9986
9938
9883
9891
9818
9838
9987
9950
9963
9833
9933
9995
9807
9935
9974
9938
9942
9998
9972
9944
9890
9922
9898
9827
9958
9820
9744
9906
9943
9869
9922
9776
9914
9996
9911
9918
9960
9792
9953
9870
9937
9929
9718
9868
9968
9864
9945
9957
9884
9915
9935
9986
9922
9882
9859
9916
9962
9910
9935
9860
9883
9875
9927
9996
9952
9945
9983
9915
9959
9911
9903
9890
9852
9920
9972
9933
9974
9879
9961
9820
9930
9984
9954
9860
9940
9917
9810
9931
9941
9915
9894
9900
9951
9942
9889
9884
9909
9847
9887
9900
9865
9892
9926
9957
9879
9846
9848
9899
9842
9908
9902
9936
9937
9883
9954
9984
9881
9961
9970
9894
9918
9894
9989
9786
9873
9980
9886
9849
9772
9937
9937
9866
9961
9971
9934
9930
9918
9926
9730
9936
9948
9944
9949
9831
9949
9908
9945
9934
9783
9980
9918
9891
9836
9967
9986
10000
9922
9895
9894
9919
9918
9907
9902
9954
9822
9873
9971
9859
9908
9925
9853
9953
9929
9918
9863
9953
9976
9925
9943
9903
9954
9911
9987
9966
9970
9919
9861
9787
9939
9954
9919
9967
9913
9934
9903
9922
9976
9895
9945
9937
9972
9849
9903
9905
9955
9909
9917
9935
9987
9881
9951
9872
9895
9932
9899
9860
9906
9945
9939
9937
9991
9875
9867
9961
9882
9923
9834
9971
9914
9971
9875
9904
9944
9937
9916
9836
9927
9853
9917
9908
9892
9947
9794
9858
9732
9992
9845
9874
9927
9962
9922
9922
9887
9938
9879
9989
9966
9952
9846
9987
9840
9874
9802
9817
9900
9926
9952
9942
9921
9873
9831
9943
9990
9973
9907
9915
9989
9798
9956
9860
9882
9866
9909
9928
9937
9918
9830
9856
9921
9844
9851
9813
9729
9937
9938
9946
9786
9951
9860
9789
9820
9821
9959
9851
9991
9953
9802
9899
9810
9897
9924
9913
9984
9843
9959
9993
9818
9864
9921
9912
9982
9875
9933
9907
9947
9992
9923
9895
9882
9976
9947
9947
9924
9842
9924
9823
9807
9900
9925
9886
9962
9888
9891
9957
9920
9848
9865
9928
9956
9900
9939
9913
9849
9983
9919
9903
9863
9831
9946
9943
9987
9978
9868
9891
9869
9855
9861
9933
9687
9942
9954
9960
9699
9975
9977
9865
9912
9937
9961
9937
9974
9885
9964
9825
9970
9817
9851
9902
9828
9897
9860
9981
9840
9952
9943
9928
9872
9933
9800
9824
9966
9899
9763
9980
9819
9935
9901
9990
9861
9936
9918
9889
9936
9909
9938
9949
9901
9842
9962
9993
9877
9967
9897
9944
9874
9919
9897
9847
9870
9889
9999
9941
9856
9899
9994
9813
9891
9830
9935
9842
9852
9842
9925
9900
9848
9902
9931
9917
9926
9903
9949
9970
9953
9797
9839
9876
9948
9885
9929
9805
9793
9870
9891
9746
9910
9923
9897
9904
9935
9757
9925
9897
9990
9963
9872
9917
9860
9883
9893
9976
9971
9937
9924
9899
9976
9986
9908
9842
9814
9983
9933
9884
9888
9979
9929
9863
9985
9940
9826
9923
9939
9884
9943
9921
9814
9981
9864
9741
9854
9970
9923
9851
9848
9876
9918
9752
9749
9980
9917
9903
9889
9797
9970
9968
9863
9961
9907
9977
9859
9969
9839
9894
9868
9914
9915
9925
9867
9986
9938
9904
9894
9844
9986
9935
9915
9999
9798
9893
9865
