9957
9858
9971
9986
9983
9996
9988
9891
9962
9835
9927
9955
9911
9949
9918
9906
9701
9916
9831
9917
9838
9862
9823
9901
9987
9742
9977
9738
9960
9948
9875
9938
9881
9774
9919
9829
9845
9891
9882
9945
9914
9997
9896
9803
9931
9886
9799
9889
9906
9912
9897
9896
9846
9880
9880
9949
9862
9931
9902
9930
9882
9990
9843
9866
9916
9921
9978
9964
9847
9918
9889
9808
9885
9863
9925
9987
9935
9859
9833
9861
9844
9860
9918
9933
9989
9919
9936
9882
9836
9995
9952
9873
9890
9981
9949
9959
9898
9906
9914
9937
9960
9954
9941
9856
9959
9919
9906
9826
9873
9930
9849
9825
9910
9953
9893
9966
9886
9829
9931
9907
9959
9865
9949
9989
9978
9990
9876
9771
9864
9781
9922
9935
9870
9916
9984
9967
9961
9883
9980
9845
9770
9936
9782
9969
9929
9903
9987
9790
9857
9936
9950
9906
9964
9935
9880
9862
9916
9911
9975
9886
9954
9754
9955
9882
9951
9875
9893
9821
9912
9961
9903
9848
9896
9845
9986
9970
9904
9913
9973
9879
9906
9898
9935
9861
9941
9854
9875
9964
9938
9929
9859
9905
9856
9937
9844
9913
9965
9872
9888
9856
9807
9826
9914
9882
9985
9914
9828
9954
9894
9898
9905
9818
9841
9907
9857
9922
9830
9935
9935
9870
9990
9919
9939
9773
9962
9832
9996
9835
9844
9893
9925
9978
9963
9917
9859
9924
9961
9955
9916
9975
9924
9975
9885
9902
9949
9819
9921
9924
9919
9925
9767
9909
9805
9938
9845
9887
9917
9925
9963
9757
9879
9837
9883
9946
9971
9917
9803
9945
9935
9888
9890
9966
9955
9978
9955
9873
9889
9932
9945
9878
9659
9986
9919
9853
9849
9896
9948
9963
9913
9943
9907
9910
9812
9801
9953
9789
9901
9912
9861
9894
9905
9914
9912
9931
9885
9921
9949
9935
9974
9841
9819
9990
9927
9939
9844
9793
9726
9947
9883
9924
9895
9941
9897
9974
9931
9949
9910
9920
9917
9932
9908
9979
9998
9966
9988
9867
9954
9975
9817
9907
9985
9790
9911
9922
9889
9964
9914
10000
9890
9957
9983
9976
9929
9915
9908
9983
9916
9939
9918
9939
9829
9873
9920
9840
9863
9983
9828
9737
9858
9883
9964
9938
9872
9923
9891
9867
9734
9926
9869
9944
9895
9919
9926
9871
9922
9946
9950
9914
9838
9962
9839
9890
9979
9913
9989
9817
9872
9931
9803
9849
9999
9967
9979
9977
9946
9907
9863
9969
9910
9879
9962
9730
9949
9965
9984
9881
9873
9878
9936
9962
9866
9986
9967
9877
9906
9893
9894
9971
9870
9977
9816
9922
9891
9876
9787
9960
9950
9968
9885
9929
9872
9940
9900
9867
9908
9923
9944
9929
9887
9880
9955
9861
9915
9912
9986
9908
9905
9948
9965
9859
9956
9808
9918
9957
9853
9887
9915
9927
9988
9889
9989
9929
9957
9979
9966
9868
9828
9904
9990
9886
9937
9855
9928
9943
9854
9912
9902
9925
9875
9955
9813
9821
9875
9906
9973
9978
9884
9975
9949
9883
9831
9938
9861
9815
9971
9929
9901
9957
9887
9928
9918
9846
9990
9888
9825
9898
9871
9811
9796
9901
9981
9922
9901
9970
9843
9822
9940
9885
9923
9917
9957
9869
9770
9958
9972
9941
9885
9898
9886
9906
9859
9888
9934
9900
9849
9915
9859
9998
9923
9965
9905
9848
9876
9905
9913
9962
9881
9905
9947
9952
9792
9905
9975
9939
9842
9934
9894
9917
9988
9956
9890
9933
9841
9906
9936
9855
9792
9933
9999
9963
9935
9960
9947
9792
9909
9893
9914
9768
9865
9944
9946
9929
9894
9910
9765
9935
9968
9869
9912
9869
9829
9935
9872
9903
9958
9824
9808
9947
9909
9910
9933
9859
9965
9963
9971
9892
9907
9933
9913
9972
9917
9955
9876
9972
9922
9868
9896
9788
9845
9847
9949
9868
9785
9888
9883
9963
9879
9876
9918
9783
9854
9908
9896
9874
9918
9884
9949
9948
9910
9946
9857
9856
9977
9948
9887
9935
9836
9944
9968
9846
9897
9852
9908
9937
9887
9912
9808
9896
9984
9933
9987
9894
9873
9932
9809
9910
9949
9891
9935
9962
9852
9959
9849
9961
9931
9897
9945
9928
9905
9931
9928
9927
9829
9907
9853
9875
9928
9808
9914
9967
9876
9887
9775
9882
9893
9989
9920
9933
9864
9901
9921
9985
9937
9943
9879
9916
9897
9908
9866
9956
9918
9966
9871
9995
9952
9821
9999
9915
9963
9916
9921
9942
9888
9941
9802
9912
9831
9924
9923
9918
9904
9982
9914
9937
9916
9919
9953
9805
9904
9844
9947
9945
9891
9841
9792
9868
9885
9869
9840
9936
9921
9917
9981
9929
9733
9911
9960
9923
9893
9949
9901
9940
9920
9971
9834
9901
9857
9866
9917
9796
9945
9848
9854
9958
9937
9843
9902
9939
9895
9972
9956
9907
9836
9887
9743
9924
9946
9810
9823
9851
9836
9907
9903
9927
9911
9967
9908
9871
9946
9933
9872
9930
9857
9935
9975
9927
9893
9948
9894
9806
9998
9912
9934
9936
9957
9872
9864
9870
9972
9963
9978
9763
9974
9925
9912
10000
9896
9951
9877
9797
9946
9930
9849
9977
9902
9918
9976
9826
9910
9865
9833
9971
9921
9998
9949
9965
9888
9914
9931
9918
9937
9940
9973
9896
9967
9884
9945
9800
9871
9972
9962
9971
9968
9895
9982
9961
9837
9900
9846
9959
9905
9864
9845
9970
9917
9770
9942
9890
9963
9967
9899
9903
9936
9935
9853
9946
9951
9904
9901
9821
9945
9977
9934
9955
9869
9835
9817
9930
9942
9960
9916
9950
9927
9899
9910
9899
9982
9842
9887
9803
9901
9712
9989
9955
9927
9938
9936
9816
9935
9855
9863
9877
9891
9944
9882
9946
9868
9978
9790
9936
9840
9966
9875
9907
9942
9935
9908
9919
9946
9868
9831
9925
9903
9895
9946
9949
9934
9928
9807
9984
9930
9902
9953
9939
9897
9923
9925
9864
9777
9986
9862
9922
9926
9959
9895
9889
9932
9915
9911
9890
9963
9867
9897
9852
9885
9864
9929
9876
9917
9842
9949
9846
9925
9883
9986
9972
9946
9874
9984
9886
