9988
9998
9987
9982
9958
9993
9920
9865
9892
9990
9984
9919
9995
9995
10000
9946
9882
9973
9982
9959
9994
9907
9959
9953
9992
9954
9950
9979
9986
9988
9911
9981
9959
9983
9940
9956
9994
9940
9941
10000
9932
9985
9942
9923
10000
9999
9989
9997
10000
10000
9914
9935
9981
9977
9992
10000
9961
9933
9992
9936
9961
9947
9998
9962
9999
10000
9950
10000
9891
9958
9897
9996
9999
9993
9960
9998
9975
10000
9984
9912
10000
9922
9991
9991
9928
9934
9964
9850
9987
9970
9938
9951
9915
9911
9967
10000
9991
9989
9938
9937
9952
9913
9997
9929
9997
9926
9991
9930
9958
9972
9960
10000
9993
9999
10000
9895
9984
9995
9994
9974
9923
9994
9975
9996
9959
9999
9906
9999
9944
9925
9887
9995
9995
9987
9804
9999
10000
9933
9944
9989
9990
9925
9985
9906
9981
9955
9990
9998
9950
9992
9920
9993
9956
9967
9853
9990
9938
9907
9891
9998
9940
9949
9971
9995
9938
9993
9997
9999
9898
9972
9998
9921
9949
9849
10000
9976
9983
9982
9999
9982
9978
9997
9887
9967
9999
10000
9973
9994
9941
9994
9987
9988
9963
9931
10000
9964
9997
9999
9992
9953
9922
9996
9976
9957
9896
9998
9966
9989
9988
9989
9884
9980
9995
9965
10000
9994
9991
9901
10000
9981
9994
9974
9895
9916
9976
9985
9978
9969
9983
9962
9999
9952
9936
9991
9861
9998
9949
9950
9969
9981
9998
9970
9833
9973
9990
9989
9993
9894
9992
9926
10000
9988
10000
10000
9999
9998
10000
9945
9985
9913
9905
9933
9977
9990
9975
9970
9977
9945
9941
9976
9935
9913
9994
9992
9987
9937
9999
9947
9976
9994
10000
9966
9856
9909
9873
9942
9990
9921
9895
9981
9961
9927
9906
9973
9979
9967
9974
9936
9889
9974
10000
9977
9986
9998
9982
9982
9991
9883
9962
9937
9976
9996
9981
9995
9996
9983
9873
9902
9984
9988
9937
10000
9990
9978
9965
10000
9989
9953
9979
10000
9958
9884
9974
9931
9878
10000
9983
9998
9932
9986
9995
9932
9985
9999
9999
9980
9901
9955
9808
9983
9979
9956
9993
9977
9965
9956
9930
9999
10000
9896
9990
9996
9931
9997
9984
9900
9950
9966
10000
9951
9865
9954
9991
10000
9999
9974
10000
9944
9993
9938
9966
9973
9991
10000
9948
9984
9998
9920
9977
9997
9911
9923
9948
9999
9987
9952
9987
9987
9933
9948
10000
9993
9954
9979
9937
9956
9996
10000
9978
10000
9939
9998
10000
9980
9941
9988
9943
9884
9994
9965
9963
9966
9985
9954
9981
10000
9978
9945
9993
9983
9908
9999
9971
9889
9980
9843
9894
9888
9990
9995
9994
9989
9990
10000
9983
9969
10000
9973
9984
9993
9989
9975
9973
9792
9991
10000
9996
9989
9920
9999
9958
9940
9991
9986
9996
9968
9997
9997
9961
9979
9971
9980
9944
9977
9989
10000
9926
9995
9964
9990
9926
9952
9998
9997
9999
9978
9983
9987
9998
9978
9956
9995
9949
9996
9991
9967
9979
9997
9999
9998
9962
9982
9918
9972
9948
9935
9975
9987
9982
9956
9902
9986
9999
9984
9956
9992
9981
9996
9964
9939
9963
9993
9891
9995
9979
9991
9990
9999
9837
9889
9918
9963
9993
9952
9964
9989
9983
9973
9995
9961
9973
9958
9937
9866
9998
9994
9885
9997
9999
9992
9992
9992
9965
9981
9997
9992
9982
9996
9986
9984
9951
9975
9962
9921
9999
9973
9959
9944
9947
9986
9995
9968
9997
9942
9928
9975
10000
9991
9999
9991
9992
9917
9988
9861
9957
9979
9994
9964
9974
9999
9967
9991
9944
9991
9998
9993
10000
9916
9986
9975
9965
9981
9992
9938
9942
9892
9970
9991
9978
9986
9951
9986
9945
9977
10000
9983
9988
9982
9989
9942
9833
9997
9877
9996
9919
9890
9958
9867
9901
9962
9995
9905
9986
9976
9952
10000
9967
9960
9926
9983
9995
9932
10000
9910
9995
9884
9931
9965
9872
9999
9997
9926
9884
9944
9998
9905
9877
9857
9935
9913
9939
9994
9976
9974
9987
9900
9997
9993
9966
9974
9993
9990
9995
10000
9999
9988
9944
9945
9929
9924
9997
9975
9973
9983
9999
9962
9986
9874
9977
9936
9934
9925
10000
9984
9990
9981
9998
9951
9907
9993
9958
9963
9982
9930
9963
9976
9983
9984
9954
9996
9981
9978
9984
9999
9991
9942
9959
9904
9971
9917
9949
9906
9993
9960
9988
9946
9997
9998
9998
9851
9901
9974
9951
9988
9986
9931
9965
9998
9909
9995
9991
9932
10000
9962
9999
9992
9964
9989
9981
9959
9995
9973
9939
9998
9913
9950
9899
10000
9994
9966
9880
9996
9998
9955
9983
9983
9930
9986
9928
9996
9950
9962
9970
9925
9993
9947
10000
9931
9946
9840
9925
9995
9971
9982
9945
9941
9990
9967
9981
9931
9998
9996
9937
9996
9998
9887
9945
10000
9973
9980
9966
9947
9992
9933
9956
9998
9996
9997
9973
9928
9988
9987
9986
9989
9999
9998
9968
9995
9918
9996
9999
9991
9996
9981
9994
9942
9981
9960
9962
9981
9968
9976
9937
9890
9995
9994
9955
9946
9973
10000
9998
9915
10000
9951
9983
9965
9998
9964
9942
9983
9980
9920
9998
9979
9984
9930
9983
9980
9983
9986
9854
9973
9912
9997
9954
9960
9998
9978
9895
9962
9996
10000
9931
9999
9892
9990
9998
9973
9988
9996
9942
9967
9972
9939
9931
9979
9999
9910
9895
9984
9936
9974
9998
9998
9931
9987
9849
9932
9864
9952
9999
9990
9994
9940
9999
9940
9990
9923
9932
9932
9997
9920
9973
10000
9986
9985
9990
9993
9995
9949
9869
9958
9990
9915
9999
9980
9999
9996
9987
9989
9994
9990
9994
9990
9983
9946
9971
9965
9990
10000
9990
10000
9904
9998
9941
9984
9962
9999
9926
9971
9978
9999
9997
9997
9997
9982
9984
9865
9925
9987
9953
9991
9986
9968
9969
9958
9893
9973
9980
9890
9967
9953
9982
9978
9995
10000
9995
9997
9973
10000
9965
9967
10000
9962
9995
9966
9940
9976
10000
9991
9994
10000
9979
9989
9990
9999
9998
9883
9930
9962
