9997
9995
9973
9919
9899
9984
9976
9971
9896
9983
9990
9990
9992
9997
10000
9999
9937
9979
9940
9896
9982
9938
9963
9998
9987
9975
9992
9945
10000
9999
9984
9965
9892
9973
9864
9899
9908
10000
9906
9999
9991
9949
9996
9895
9991
9990
9989
9927
9977
9913
9992
9962
9892
10000
9971
9981
10000
10000
9988
9975
9946
9906
10000
9809
9910
10000
9744
9937
9999
9969
9940
9938
9990
9978
9931
9984
9912
10000
9977
9970
9983
9995
9945
9992
9979
9970
9916
9996
9948
9999
9918
9964
9991
9905
9999
9935
9934
9998
9974
9938
9973
9959
9915
9930
9967
9971
9909
9986
9994
9986
9995
9928
9945
9997
9985
9997
9941
9895
9971
10000
9998
9788
9909
9996
10000
9979
10000
9962
9999
9961
10000
9996
9886
9815
10000
9931
9974
9946
10000
9926
10000
9920
9921
9849
9937
9909
9994
9928
9951
9800
9998
9990
9986
9993
9996
9960
9960
9998
9985
9900
9897
9917
9980
9891
9863
9974
9980
9946
9925
9999
9986
9824
9832
9977
9905
10000
9940
9987
9959
9993
10000
9948
9998
10000
9931
9878
9916
9999
9967
9947
9946
9998
9997
9967
9999
9962
9993
9992
9962
9984
9976
10000
9964
9998
9951
9914
9999
9860
9999
9954
9959
9958
9994
9904
9992
10000
9888
9998
9970
9995
9998
9920
9966
9946
9909
9950
9882
9998
9992
9948
9979
9995
9965
9929
10000
9968
9954
9850
9951
9963
9949
9901
10000
9926
10000
9999
9945
9970
9977
9999
9970
9964
9922
9949
9959
9773
9847
9993
9938
9953
9999
9901
9987
9940
9947
9988
9945
9989
9959
9870
9959
9920
9960
9966
9927
10000
9976
9963
9975
9869
9998
9997
9939
9922
9891
9921
9974
9959
9933
9986
9943
9962
9989
9998
9898
10000
9999
9978
9958
9885
9932
9830
9924
9998
9949
9848
9935
9967
9974
9994
9998
9930
9995
9859
9992
9931
9996
9924
9902
9894
9994
9995
10000
9979
10000
9982
9970
10000
9924
9962
9999
9999
9828
9988
9910
10000
9979
9998
9999
9981
9972
9824
9891
9895
9888
10000
9986
9982
9940
9991
9912
9988
9996
9926
9924
9993
9812
9861
9966
9904
9979
9909
10000
9910
9994
9970
9993
9972
9939
9993
9974
9988
9941
9992
9922
9987
9917
9933
9947
9871
9832
9946
9928
9918
9951
9989
9971
9867
9992
9996
9951
9862
9894
9994
9996
9932
9996
9830
10000
10000
9942
9998
9998
9951
9982
9984
9967
9999
9949
9831
9844
9899
9968
9995
9953
9894
9869
9997
9991
9827
9986
9991
9882
9980
9978
9955
9992
9958
9979
9907
9988
9985
9916
9986
9908
10000
9926
9984
9996
9922
10000
9924
9961
9970
9973
9949
9986
9957
9957
10000
9998
9992
9988
9997
9889
9911
9918
9996
10000
9996
9907
9862
9995
10000
9887
9921
9969
9928
9939
9964
9998
10000
9978
10000
9958
9990
9874
9987
9967
9999
9986
9979
9890
9930
9922
9908
9861
9948
9904
10000
9954
9919
9991
9924
9895
9902
9993
9959
9931
9832
9937
9985
9984
9952
9996
9898
9940
9992
10000
9988
9969
9996
9983
9941
9896
9964
9997
9949
9990
9976
9891
9912
9992
9907
9982
9986
9954
9918
9974
9999
9991
9917
10000
10000
9761
9921
9975
9889
9999
9996
9975
10000
9929
9946
9941
9874
9999
9981
9951
9999
9968
9981
9992
10000
9949
10000
9964
9975
9924
9968
9974
9924
9959
9938
9992
10000
9881
9896
9950
9949
9979
9952
9974
9993
9899
9989
9977
9991
9894
9956
9998
9998
9905
10000
9979
9973
9909
9951
9996
9991
9978
9911
9977
9904
9947
9953
9994
9987
9995
9998
9984
9996
9989
9926
9886
9947
9980
9906
9971
9835
10000
9954
9949
9993
9945
9986
9946
9924
9963
10000
9982
9998
9994
10000
9922
9926
10000
9997
9941
9996
9882
9943
9959
9974
9963
10000
9991
9996
9995
9975
9999
9934
9992
9968
9978
9961
9844
9942
9983
9955
9823
9942
9898
9818
9925
9930
9978
9916
9988
9995
9920
9896
9999
9919
9979
9997
9991
9883
10000
9959
9994
9904
9919
9978
9844
9993
9997
9999
9992
9961
9951
9980
9835
9998
9999
9983
9989
9990
9995
9991
9991
9843
9969
9981
9886
10000
10000
9972
9918
9948
9874
9905
9991
9928
9960
9926
9997
9897
9946
9987
9900
9999
10000
9879
9827
9908
9987
9918
9931
9987
9986
9950
9977
9939
9898
9999
9982
9983
9919
9893
9989
9934
9970
9979
10000
9986
9964
9945
9989
9999
9860
9950
9975
9936
9817
9999
9900
10000
9996
9995
9973
9968
10000
9992
9963
9946
9990
9990
9995
10000
9986
9953
9996
9996
9999
9843
9912
9995
9976
9932
9997
9883
10000
9996
9917
9797
9956
10000
9999
9993
9992
9850
9956
9997
9974
9969
9996
9886
9990
9976
9989
9995
9992
9878
10000
10000
9988
9832
9931
9880
9999
9951
9930
9924
9978
9889
9938
9979
9999
9939
9919
9996
9897
9978
9993
9969
9987
9996
9950
9848
9944
9925
9952
9996
9973
9967
9999
9952
9921
9958
9905
9863
9956
9941
9890
9866
10000
9973
9999
9883
9973
9941
9932
9939
9958
9999
10000
10000
9999
9776
9983
9955
9909
9938
9993
9996
9988
9992
9871
9963
9998
9854
9794
9998
10000
9996
10000
9886
9872
9995
9901
9990
10000
9980
9866
10000
9994
9970
9980
9996
9986
9911
9982
9982
9996
9924
9993
10000
9966
9994
9882
9974
10000
9982
9984
9937
9984
9953
9823
9996
9997
9974
9935
9915
9994
9999
9992
9977
9997
9978
10000
9976
9993
9999
9978
9914
9911
9987
9999
9866
9887
9994
9909
9965
9999
9914
9983
9938
9904
10000
9893
9895
9990
10000
9980
9951
9751
10000
9961
9911
9998
9942
9910
9947
9994
9987
9997
9828
9990
9996
9902
9998
9989
9928
9966
9998
9941
9991
9858
9997
9956
10000
9978
9908
9994
9837
9949
9847
9872
9930
9946
9943
9986
9897
9970
9930
9999
9929
9926
9999
9892
9888
9880
9875
9873
9975
9955
9916
9975
10000
9816
9985
9986
9988
9991
10000
9975
9878
9968
9994
