9973
9836
9861
9798
9973
9948
9879
9943
9913
9942
9952
9890
9928
9914
9921
9900
9928
9984
9957
9955
9938
9795
9900
9984
9905
9912
9967
9945
9902
9949
9963
9904
9913
9931
9870
9947
9846
9936
9803
9874
9884
9818
9973
9914
9942
9902
9929
9960
9963
9935
9912
9949
9901
9921
9921
9932
9999
9961
9865
9905
9972
9812
9931
9853
9750
9988
9932
9916
9906
9921
9821
9878
9901
9969
9921
9849
9902
9946
9999
9922
9943
9803
10000
9903
9903
9862
9962
9897
9869
9875
9877
9917
9989
9938
9955
9871
9950
9921
9804
9937
9898
9947
9801
9759
9901
9949
9896
9829
9999
9885
9842
9845
9973
9877
9857
9931
9919
9814
9970
9852
9945
9836
9847
9965
9888
9943
9840
9890
9905
9865
9931
9890
9910
9971
9953
9973
9909
9894
9943
9961
9813
9820
9901
9966
9797
9874
9829
9935
9950
9906
9890
9866
9945
9877
9938
9890
9961
9889
9850
9924
9964
9977
9940
9938
9862
9872
9887
9920
9969
9909
9943
9917
9983
9911
9878
9900
9917
9889
9884
9946
9918
9912
9855
9997
9926
9831
9934
9898
9567
9962
9895
9922
9894
9893
9894
9903
9839
9959
9923
9921
9894
9827
9896
9884
9937
9874
9823
9959
9957
9956
9887
9879
9955
9928
9841
9929
9953
9914
9876
9942
9752
9848
9921
9921
9904
9931
9865
9927
9916
9954
9951
9877
9875
9865
9921
9864
9944
9923
9874
9912
9975
9953
9825
9893
9952
9920
9866
9943
9718
9895
9822
9990
9858
9860
9850
9932
9895
9876
9904
9924
9805
9986
9923
9925
9964
9870
9851
9916
9915
9904
9857
9834
9888
9892
9921
9890
9924
9891
9941
9818
9957
9963
9912
9860
9957
9874
9910
9870
9921
9875
9833
9891
9947
9802
9952
9905
9796
9868
9867
9958
9999
9921
9909
9836
9928
9951
9922
9926
9883
9940
9927
9983
9874
9827
9906
9757
9844
9861
9966
9868
9885
9930
9929
9844
9846
9957
9893
9912
9976
9999
9885
9877
9941
9900
9891
9827
9892
9910
9818
9886
9753
9834
9762
9915
9867
9959
9930
9922
9890
9983
9815
9830
9947
9903
9888
9870
9891
9915
9852
9982
9872
9943
9945
9874
9852
9845
9916
9855
9972
9948
9934
9940
9884
9916
9898
9943
9952
9867
9967
9976
9939
9921
9960
9863
9825
9784
9869
9821
9941
9902
9896
9923
9925
9897
9933
9881
9929
9932
9756
9853
9940
9960
9943
9901
9875
9940
9828
9949
9987
9857
9827
9932
9876
9982
9883
9977
9913
9924
9951
9899
9908
9962
9918
9938
9906
9821
9999
9937
9893
9973
9905
9922
9899
9889
9914
9909
9996
9885
9898
9886
9978
9960
9925
9982
9856
9741
9934
9944
9819
9937
9852
9925
9936
9921
9942
9954
9836
9883
9876
9981
9873
9893
9866
9972
9737
9941
9884
9977
9874
9930
9969
9926
9819
9918
9826
9908
9821
9798
9945
9800
9809
9870
9929
9922
9980
9847
9886
9909
9914
9822
9897
9970
9920
9754
9886
9871
9849
9804
9894
9952
9995
9926
9776
9900
9862
9985
9768
9962
9941
9904
9811
9826
9881
9938
9869
9920
9853
9888
9971
9884
9925
9907
9843
9975
9978
9950
9837
9758
9927
9875
9833
9996
9836
9959
9851
9848
9929
9956
9896
9946
9912
9902
9902
9982
9842
9961
9932
9837
9925
9991
9817
9946
9976
9960
9938
9740
9927
9959
9917
9844
9956
9951
9905
9845
9942
9961
9944
9813
9772
9940
9824
9825
9920
9878
9959
9955
9924
9914
9830
9884
9898
9823
9888
9935
9887
9866
9937
9887
9923
9863
9956
9870
9963
9982
9993
9895
9931
9884
9920
9882
9934
9867
9817
9928
9882
9838
9901
9866
9825
9923
9953
9917
9840
9952
9900
9883
9873
9878
9948
9836
9970
9893
9913
9924
9820
9935
9951
9937
9820
9843
9931
9954
9919
9922
9929
9650
9928
9880
9920
9884
9949
9789
9864
9964
9904
9938
9874
9851
9889
9881
9939
9746
9839
9892
9971
9805
9938
9955
9916
9960
9796
9962
9968
9994
9957
9883
9922
9942
9937
9924
9813
9939
9870
9961
9914
9827
9955
9900
9910
9888
9759
9987
9932
9933
9940
9938
9933
9908
9990
9972
9951
9921
9894
9977
9930
9963
9920
9802
9894
9991
9892
9912
9813
9870
9794
9917
9938
9941
9969
9876
9929
9866
9910
9877
9828
9727
9840
9963
9902
9920
9985
9893
9956
9911
9922
9885
9997
9962
9894
9858
9998
9905
9905
9964
9957
9931
9768
9962
9914
9938
9932
9890
9952
9790
9904
9909
9892
9871
9957
9923
9914
9881
9888
9931
9904
9911
9984
9941
9934
9909
9891
9887
9957
9946
9955
9905
9911
9836
9876
9924
9954
9826
9904
9908
9931
9936
9869
9877
9797
9929
9917
9997
9911
9854
9980
9826
9946
9729
9924
9962
9928
9868
9930
9883
9935
9947
9919
9863
9793
9844
9838
9959
9899
9955
9884
9860
9972
9932
9958
9915
9972
9912
9897
9970
9873
9993
9884
9884
9923
9916
9906
9873
9852
9827
9932
9873
9807
9865
9911
9954
9983
9879
9895
9973
9843
9884
9963
9915
9898
9832
9986
9835
9902
9964
9710
9851
9921
9934
9945
9965
9816
9959
9839
9953
9918
9913
9969
9994
9960
9866
9881
9918
9787
9932
9899
9832
9893
9897
9809
9968
9919
9954
9888
9888
9929
9854
9902
9925
9948
9843
9841
9934
9947
9942
9914
9902
9949
9935
9971
9827
9915
9810
9899
9833
9921
9921
9892
9911
9929
9924
9906
9980
9792
9922
9948
9850
9885
9913
9851
9918
9910
9923
9905
9873
9970
9917
9935
9859
9844
9805
9848
9902
9925
9906
9929
9944
9927
9949
9877
9941
9874
9777
9867
9941
9966
9781
9891
9975
9950
9876
9988
9986
9889
9998
9928
9955
9887
9799
9917
9944
9901
9936
9956
9902
9883
9941
9789
9884
9904
9965
9848
9984
9895
9907
9933
9762
9948
9945
9868
9774
9907
9914
9926
9912
9940
9853
9979
9908
9928
9991
9934
9982
9971
9848
9948
9828
9939
9930
9940
9909
9923
9912
9821
9888
9921
9970
9986
9920
9832
9903
