9987
9882
10000
9934
9955
9969
9926
9814
9997
9978
10000
9981
10000
9984
9917
9956
9943
9899
9923
9902
9992
9988
9987
9999
10000
9954
9974
9929
9997
9990
9987
9952
9978
9989
9939
9982
9988
9902
9993
9910
10000
10000
9853
9998
9995
9945
9998
9963
9917
9923
9993
9995
9870
9978
9848
9999
9998
9945
9992
9940
9963
9929
9913
9956
9910
9860
9889
10000
9926
9999
9909
9960
9937
9877
10000
9994
9999
9919
9999
9996
9963
9879
9996
9964
9911
9986
9990
9999
9983
9995
9914
10000
9995
9956
9991
9942
9988
9976
9898
9974
9949
9803
9856
9967
9999
9961
9938
9988
9936
9898
9953
9956
9957
9986
10000
9987
9904
10000
9941
9891
9984
9926
9970
10000
9963
9888
9890
9985
9941
9956
9923
9974
9989
9854
9998
9979
9951
10000
9960
9896
9928
9924
9994
9846
10000
9972
9999
10000
9902
9977
9916
9975
9951
9961
9921
10000
9970
9959
9998
9986
9992
9948
9958
9935
9919
9935
10000
9994
9974
9934
9996
9952
9997
9984
9986
10000
9943
9940
9989
9955
9998
9931
9976
9989
9949
9995
10000
9986
9982
9974
9999
9993
9972
9883
9955
9935
9983
9933
9998
9949
9976
9898
9994
9950
9894
9961
9900
9937
9981
9930
9997
9978
10000
9993
9968
9958
9962
9982
9922
9993
9927
9997
9994
10000
9999
9965
9988
9997
9979
9977
9988
9937
9910
9960
9999
9896
9995
9975
9965
9920
9945
9945
9999
10000
9976
9985
9975
9858
9976
9999
9992
9890
9981
9882
9991
9953
9959
9953
9895
9990
9941
9981
9993
9934
9995
9949
9989
9970
9999
9986
9963
9993
9978
9939
10000
10000
9987
9999
9963
9991
9876
9986
9934
9902
9996
9941
9946
9920
10000
9939
9981
9997
9950
9984
9979
9998
9963
10000
9967
9990
9943
9987
9997
10000
9948
9995
9978
9968
9989
9949
9983
9963
9979
9918
9999
9967
9919
9908
9868
9986
9950
9930
9978
9857
9978
9936
9943
9993
9866
9972
9940
9911
9971
9942
9993
9953
9973
9944
9939
9958
9923
9898
9915
9998
9994
10000
9898
9943
9961
9998
9928
9986
9990
9993
9996
9883
10000
9963
9909
9991
9928
9985
9968
9928
9991
9981
9964
9935
9991
9991
9987
9846
9898
9955
9952
9862
9840
9969
9976
10000
9954
9884
9983
9912
9992
9995
9959
9880
9985
9995
9997
9996
9903
9979
9883
9982
9974
9981
9986
9995
9992
9947
9939
9952
9978
9998
9928
9958
9972
9978
9983
9964
9851
9904
9943
9873
9905
10000
9974
9923
10000
9874
9967
9865
10000
9978
9962
9878
9942
9997
9994
9976
9995
9966
9797
9985
9848
9966
9996
9983
9994
10000
9991
9999
9999
9886
9964
9992
9991
9936
9980
9979
9908
9924
9987
9981
9982
9990
9998
9999
10000
9965
9924
9951
9987
9913
9989
10000
9963
9876
9947
9965
10000
9914
9998
9980
9923
10000
9848
9956
9926
9973
9985
9989
9940
9998
9944
9980
9971
9998
9982
9942
9944
9928
10000
9931
9998
9962
10000
9906
9992
9988
9930
10000
9846
9955
9961
9998
9995
9999
9940
9966
9980
9928
9922
9999
9950
9976
9999
9997
10000
9873
10000
9997
9833
9998
9989
9972
9993
9945
9982
9950
9952
9934
9992
9991
9869
10000
9998
9994
9932
9983
9947
9997
9959
9991
9895
9904
10000
9986
9868
9903
9977
9984
9980
9984
9991
9977
9934
9960
9864
9981
9954
9997
9936
9823
9899
9887
9969
9851
9957
9905
9976
9931
9963
9938
9985
9886
9971
9936
9935
9948
9975
9896
9976
9984
9970
9962
9963
9902
9915
9948
9912
9978
9905
9932
9939
9987
9995
9981
9966
9985
9870
9908
10000
9950
9910
9951
9958
9977
9992
9996
9987
9968
9963
10000
9982
9974
9962
9926
9963
9971
9909
9982
9973
9947
9968
9996
9970
9950
9997
10000
9970
9992
9875
9997
9932
9937
9951
9861
9976
9901
9909
9978
9964
9925
9999
9949
9912
9925
9873
9812
9918
9949
9981
9950
9994
9973
9961
9956
10000
9961
9940
9924
9952
9967
9919
9960
9907
9998
9996
9905
9966
9989
9997
9953
9993
9927
9962
9932
9957
9999
9999
9923
9937
9992
9984
9986
9954
9953
9993
9990
10000
9983
9951
9995
9939
9993
9960
9934
9997
9982
9982
9876
9992
9949
9972
9953
9999
9985
9944
9963
9950
9877
9928
9998
9993
9999
9932
9992
9937
9959
9899
9876
9864
9997
9898
9978
9874
9929
9995
10000
9964
10000
9994
9969
9969
10000
9885
9999
9990
9995
9996
9944
9997
9924
9991
9988
9867
9989
9997
9915
9992
9999
9944
9980
9999
10000
9954
9835
9984
9909
9952
9989
9877
9982
9975
9958
10000
9943
9961
9982
9982
9993
9891
9906
9971
9894
9960
9761
9988
9997
9975
10000
9993
9987
9993
9972
9984
9995
9985
9821
9959
9887
9908
9985
9933
9997
9995
9972
9950
9990
9999
9990
9998
9917
10000
9962
9929
9991
9927
10000
9987
9972
9996
9996
9991
9973
9908
10000
9997
10000
10000
9999
9982
9942
10000
9979
9996
9923
9977
9928
9988
9999
9991
9994
9858
10000
9939
9995
9990
9928
9983
9960
9999
9997
9932
9937
9999
9875
9929
9991
9925
9983
9929
9968
9931
9773
9954
9966
9980
9992
9990
9998
9987
9995
9952
9961
9908
9815
9931
9995
9920
9991
9997
9989
9933
9997
9993
9969
9968
9829
9939
9996
9969
9937
9867
9950
9839
9961
9997
9964
9958
9999
9995
9915
9884
9987
9961
9938
9931
9887
9970
9999
9953
9929
9997
9947
9997
9999
9997
9989
9948
10000
9980
9999
9973
10000
9985
9922
9996
9949
9900
9974
9936
9936
9969
9902
9907
9983
10000
9961
9929
9987
9969
9999
9971
9861
9994
9984
9991
9920
9920
9960
9998
9963
9972
9932
9971
9909
9993
9933
9991
9984
9972
9995
9934
9963
9972
9879
9999
9998
9983
9991
9927
9991
9993
9882
9993
9988
9985
9920
9964
9886
9964
9990
9979
9887
9975
9947
9972
9951
9960
9988
9992
9990
9897
9978
9879
9938
9983
9918
9988
9959
9980
10000
9994
9998
9982
9945
