9911
9984
9882
9907
9943
9887
9941
9928
9904
9736
9894
9868
9849
9873
9819
9856
9942
9844
9938
9974
9807
9877
9889
9759
9837
9890
9911
9867
9826
9961
9924
9928
9846
9930
9925
9905
9961
9864
9968
9980
9926
9978
9926
9856
9873
9940
9916
9993
9944
9902
9971
9923
9838
9949
9857
9943
9865
9830
9900
9950
9873
9906
9895
9904
9946
9884
9929
9810
9965
9794
9863
9914
9983
9918
9850
9909
9869
9888
9884
9832
9841
9871
9890
9988
9969
9970
9969
9859
9907
9807
9739
9835
9856
9912
9940
9913
9861
9907
9899
9948
9947
9962
9897
9901
9863
9926
9907
9809
9850
9721
9921
9878
9973
9915
9829
9859
9938
9958
9923
9739
9815
9887
9901
9974
9877
9857
9893
9916
9820
9983
9898
9883
9849
9998
9891
9962
9847
9881
9916
9970
9892
9991
9923
9941
9858
9903
9908
9928
9870
9812
9857
9880
9843
9782
9811
9897
9805
9933
9878
9818
9936
9837
9822
9673
9943
9893
9955
9953
9973
9794
9912
9963
9866
9997
9894
9890
10000
9930
9947
9893
9848
9859
9981
9959
9977
9927
9718
9870
9849
9907
9842
9981
9908
9969
9871
9958
9956
9925
9920
9906
9883
9868
9841
9947
9940
9811
9902
9862
9784
9968
9865
9871
9901
9954
9909
9983
9927
9934
9899
9814
9919
9930
9933
9889
9951
9797
9953
9841
9940
9961
9823
9967
9913
9946
9877
9900
9942
9896
9867
9865
9979
9914
9898
9992
9900
9828
9895
9799
9960
9953
9855
9908
9936
9956
9907
9935
9932
9924
9998
9839
9862
9884
9874
9946
9844
9934
9906
9902
9911
9865
9873
9958
9912
9884
9898
9961
9845
9923
9771
9939
9890
9893
9980
9923
9932
9988
9965
9932
9893
9936
9751
9964
9945
9894
9852
9865
9946
9944
9859
9900
9987
9871
9964
9932
9922
9847
9941
9972
9913
9895
9840
9994
9934
9836
9915
9827
9935
9939
9931
9842
9944
9918
9955
9879
9933
9955
9918
9935
9861
9881
9940
9920
9956
9845
9999
9864
9888
9912
9926
9932
9985
9928
9929
9888
9975
9907
9992
9788
9818
9953
9843
9985
9980
9990
9895
9918
9890
9912
9953
9942
9782
9875
9853
9887
9844
9887
9978
9889
9784
9945
9960
9884
9950
9942
9897
9976
9859
9935
9883
9917
9887
9816
9947
9812
9918
9832
9841
9834
9771
9904
9926
9913
9951
9907
9858
9858
9866
9948
9919
9879
9943
9867
9969
9854
9861
9994
9997
9989
9965
9914
9904
9868
9868
9903
9920
9973
9997
9972
9899
9903
9905
9865
9895
9713
9958
9944
9908
9985
9949
9913
9833
9930
9898
9819
9879
9842
9960
9909
9964
9913
9698
9911
9950
9995
9955
9872
9866
9928
9986
9952
9926
9986
9962
9894
9904
9991
9848
9957
9899
9924
9862
9930
9977
9980
9920
9952
9878
9892
9959
9924
9857
9942
9948
9846
9946
9895
9933
9953
9891
9814
9905
9885
9942
9914
9893
9914
9908
9859
9948
9921
9826
9966
9880
9934
9956
9963
9894
9935
9892
9936
9805
9816
9896
9937
9922
9975
9934
9950
9923
9899
9969
9933
9869
9856
9959
9945
9893
9959
9950
9994
9896
9875
9956
9939
9840
9960
9824
9827
9875
9873
9920
9865
9932
9914
9826
9944
9963
9890
9831
9957
9946
9818
9916
9893
9914
9933
9874
9949
9815
9908
9862
9887
9961
9877
9946
9916
9945
9943
9915
9855
9959
9882
9972
9976
9848
9873
9881
9922
9923
9940
9880
9919
9701
9864
9919
9864
9897
9770
9946
9864
9926
9857
9895
9939
9838
9902
9796
9839
9961
9982
9924
9691
9888
9941
9977
9820
9939
9929
9906
9967
9983
9917
9930
9999
9920
10000
9917
9879
9940
9890
9917
9930
9954
9941
9951
9916
9930
9815
9907
9935
9964
9864
9920
9924
9812
9969
9838
9823
9886
9929
9903
9970
9907
9954
9964
9821
9929
9934
9890
9942
9919
9935
9879
9984
9829
9972
9987
9943
9916
9873
9936
9879
9847
9935
9923
9921
9984
9915
9943
9918
9972
9836
9931
9837
9953
9948
9955
9874
9938
9903
9926
9953
9724
9813
9905
9925
9903
9910
9932
9929
9969
9840
9983
9872
9877
9946
9982
9894
9903
9970
9846
9937
9742
9887
9943
9951
9867
9929
9901
9912
9986
9900
9940
9897
9944
9906
9978
9731
9950
9935
9913
9908
9934
9963
9894
9947
9857
9859
9964
9913
9895
9875
9846
9854
9950
9799
9880
9952
9916
9876
9957
9889
9804
9888
9990
9845
9911
9867
9893
9895
9849
9945
9929
9901
9821
9861
9901
9887
9789
9784
9874
9928
9905
9857
9892
9916
9962
9936
9760
9956
9943
9870
9953
9978
9946
9819
9879
9936
9980
9914
9889
9945
9853
9945
9936
9928
9936
9886
9813
9891
9904
9911
9883
9945
9899
9786
9938
9885
9841
9932
9885
9907
9901
9908
9959
9774
9866
9859
9954
9902
9994
9857
9940
9785
9863
9912
9691
9960
9878
9888
9809
9878
9998
9897
9947
9903
9957
9965
9690
9779
9909
9725
9947
9971
9921
9917
9897
9827
9884
9932
9896
9847
9838
9956
9961
9959
9969
9961
9831
9885
9878
9959
9822
9946
9885
9879
9819
9839
9860
9930
9768
9798
9889
9922
9936
9921
9986
9846
9943
9897
9972
9932
9881
9972
9934
9873
9948
9935
9936
9949
9960
9939
9965
9951
9870
9952
9953
9927
9857
9857
9963
9789
9961
9920
9944
9822
9941
9933
9785
9766
9903
9871
9763
9838
9937
9929
9925
9966
9933
9997
9855
9928
9920
9927
9927
9820
9961
9907
9822
9938
9878
9910
9968
9862
9943
9958
9981
9936
9951
9925
9884
9936
9896
9957
9905
9942
9884
9904
9894
9933
9914
9953
9977
9982
9928
9914
9987
9907
9881
9936
9898
9877
9875
9905
9828
9923
9934
9953
9883
9921
9949
9941
9985
9925
9840
9835
9880
9866
9888
9982
9891
9964
9910
9875
9945
9999
9955
9923
9870
9829
9930
9915
9953
9905
9934
9933
9815
9858
9828
9944
9966
9837
9907
9849
9847
9828
9936
9779
9891
9739
9931
9887
9849
9860
9821
9882
9929
9817
9876
9938
