9842
9884
9932
9984
9922
9973
9898
9880
9785
9944
9927
9853
9928
9883
9967
9891
9977
9922
9958
9936
9859
9808
9861
9859
9837
9912
9894
9937
9898
9872
9939
9784
9849
9916
9879
9945
9948
9872
9801
9925
9855
9932
9934
9996
9778
9926
9906
9844
9889
9924
9866
9937
9871
9910
9932
9911
9908
9869
9933
9835
9982
9871
9873
9965
9948
9905
9891
9910
9936
9916
9918
9890
9905
9845
9807
9749
9803
9939
9886
9914
9880
9875
9976
9944
9901
9942
9965
9983
9907
9875
9907
9884
9930
9902
9918
9903
9803
9946
9848
9976
9869
9992
9910
9968
9934
9965
9932
9888
9880
9869
9829
9814
9908
9926
9916
9857
9941
9945
9957
9748
9963
9932
9947
9976
9842
9846
9933
9919
9806
9937
9919
9913
9933
9980
9964
9866
9921
9893
9863
9858
9869
9873
9905
9986
9890
9897
9984
9894
9937
9916
9937
9921
9946
9952
9834
9866
9835
9904
9893
9899
9903
9927
9952
9785
9806
9957
9931
9938
9832
9997
9792
9901
9793
9881
9911
9869
9942
9961
9993
9857
9980
9896
9935
9942
9862
9996
9898
9946
9824
9863
9936
9889
9908
9939
9892
9874
9864
9881
9971
9898
9892
9892
9845
9963
9921
9895
9802
9873
9933
9961
9891
9909
9919
9911
9880
9897
9943
9977
9992
9820
9934
9935
9936
9840
9858
9884
9870
9911
9947
9834
9899
9948
9820
9885
9818
9923
9936
9993
9911
9800
9756
9677
9953
9901
9880
9893
9875
9935
9857
9894
9979
9860
10000
9876
9871
9910
9917
9963
9617
9914
9886
9949
9914
9929
9884
9925
9906
9948
9926
9738
9899
9952
9959
9937
9908
9907
9912
9943
9924
9959
9839
9848
9958
9933
9778
9897
9938
9975
9884
9809
9952
9893
9946
9949
9931
9874
9931
9940
9845
9827
9977
9885
9920
9846
9926
9837
9921
9915
9926
9959
9965
9948
9857
9872
9941
9770
9852
9863
9988
9915
9937
9964
9930
9945
9930
9948
9858
9884
9978
9817
9818
9875
9945
9931
9858
9975
9956
9885
9923
9964
9913
9816
9967
9878
9916
9892
9830
9910
9892
9855
9864
9972
9984
9887
9959
9828
9913
9961
9899
9777
9910
9918
9971
9843
9946
9968
9937
9971
9903
9868
9910
9820
9874
9895
9913
9912
9825
9936
9867
9708
9949
9862
9913
9972
9945
9972
9982
9908
9981
9929
9777
9876
9916
9826
9851
9976
9779
9906
9905
9968
9949
9959
9924
9910
9916
9946
9976
9967
9945
9872
9921
9887
9868
9905
9967
9898
9866
9994
9996
9883
9990
9859
9992
9951
9850
9873
9954
9914
9918
9919
9846
9908
9867
9931
9951
9859
9932
9960
9918
9844
9933
9834
9983
9920
9915
9778
9912
9982
9950
9929
9923
9922
9950
9922
9783
9980
9953
9943
9896
9844
9974
9956
9936
9952
9814
9952
9694
9904
9915
9929
9936
9953
9924
9920
9985
9931
9851
9949
9903
9924
9888
9861
9914
9898
9909
9928
9926
9900
9916
9899
9995
9953
9782
9873
9817
9946
9872
9957
9831
9926
9900
9904
9992
9828
9929
9911
9890
9925
9966
9847
9926
9922
9901
9920
9952
9877
9837
9913
9967
9914
9879
9864
9939
9738
9935
9935
9758
9896
9915
9917
9872
9850
9959
9898
9939
9917
9924
9884
9874
9811
9931
9913
9919
9890
9969
9866
9933
9893
9977
9902
9846
9916
9768
9846
9910
9916
9993
9989
9974
9840
9899
9917
9930
9890
9952
9970
9938
9908
9893
9936
9936
9900
9891
9957
9995
9828
9749
9937
9859
9976
9970
9975
9991
9962
9937
9795
9940
9832
9908
9870
9944
9993
9911
9909
9908
9980
9919
9939
9925
9948
9876
9984
9889
9955
9810
9911
9839
9997
9924
9815
9877
9965
9912
9918
9860
9931
9829
9850
9910
9848
9841
9888
9894
9722
9989
9870
9920
9946
9995
9912
9900
9869
9960
9889
9892
9850
9993
9913
9938
9899
9902
9763
9966
9959
9861
9955
9964
9970
9831
9931
9988
9925
9841
9801
9934
9907
9926
9805
9939
9860
9865
9754
9831
9917
9859
9966
9912
9850
9949
9780
9957
9736
9875
9876
9981
9962
9918
9871
9893
9965
9949
9945
9989
10000
9913
9821
9890
9877
9985
9850
9905
9890
9888
9917
9911
9764
9893
9886
9878
9931
9917
9940
9828
9857
9892
9955
9788
9820
9919
9966
9959
9888
9964
9880
9919
9888
9920
9915
9880
9840
9887
9879
9805
9746
9968
9849
9931
9918
9882
9772
9838
9990
9899
9953
9918
9974
9932
9957
9973
9867
9748
9946
9915
9937
9966
9896
9971
9989
9952
9918
9812
9944
9897
9879
9931
9889
9848
9914
9956
9911
9962
9858
9912
9951
9917
9911
9952
9803
9961
9946
9674
9953
9947
9920
9921
9808
9927
9862
9780
9868
9949
9905
9930
9949
9887
9938
9878
9926
9861
9931
9883
9792
9857
9940
9931
9874
9969
9864
9886
9963
9926
9893
9865
9785
9951
9943
9900
9902
9804
9975
9895
9898
9944
9895
9874
9875
9943
9917
9870
9889
9894
9945
9832
9967
9940
9986
9959
9926
9955
9809
9830
9856
9874
9888
9823
9944
9880
9963
9892
9838
9966
9906
9811
9818
9930
9893
9854
9926
9902
9939
9851
9849
9977
9912
9925
9901
9850
9844
9843
9929
9888
9913
9917
9835
9887
9895
9946
9953
9925
9958
9812
9935
9954
9876
9991
9929
9961
9965
9877
9980
9899
9925
9768
9925
9839
9906
9882
9939
9920
9920
9833
9888
9933
9858
9889
9964
9890
9911
9911
9872
9995
9912
9907
9875
9919
9871
9951
9962
9881
9840
9921
9901
9895
9972
9907
9888
9871
9929
9854
9885
9880
9888
9992
9890
9953
9893
9931
9877
9850
9907
9903
9951
9812
9958
9916
9913
9891
9880
9918
9870
9882
9957
9752
9876
9886
9872
9889
9997
9929
9921
9832
9809
9957
9676
9816
9921
9913
9948
9979
9945
9908
9889
9993
9970
9858
9919
9874
9980
9955
9894
9955
9902
9899
9896
9924
9960
9879
9975
9921
9898
9937
9941
9905
9817
9965
9923
9894
9963
9779
9934
9949
9923
9889
9975
9947
9933
9988
9916
9984
9902
