10000
10000
9996
9731
9687
10000
10000
10000
9782
10000
9661
10000
10000
9203
10000
9783
10000
10000
10000
9777
10000
10000
10000
9360
9668
10000
10000
9693
9968
10000
8716
10000
8710
10000
10000
9434
10000
10000
10000
9274
10000
10000
10000
8926
10000
10000
10000
10000
10000
10000
9747
10000
10000
10000
10000
10000
10000
10000
9928
10000
9752
10000
10000
9872
9869
10000
8908
10000
10000
10000
9915
10000
9559
10000
9613
9230
10000
10000
9991
10000
8825
10000
9911
9768
8974
9714
10000
8926
10000
10000
10000
9889
10000
10000
8835
10000
10000
9093
8847
8991
9412
8884
10000
10000
10000
9823
10000
9651
9269
9907
9665
10000
9530
9614
10000
9426
8815
9641
10000
10000
10000
10000
10000
10000
10000
9705
9883
10000
10000
10000
9859
9442
10000
9830
9940
10000
10000
8641
10000
10000
9760
10000
10000
10000
10000
9410
8959
10000
10000
9489
10000
9645
10000
10000
10000
10000
8836
10000
9227
10000
9389
9537
10000
9175
10000
10000
10000
9178
9594
8979
10000
8782
10000
10000
8563
10000
10000
10000
10000
10000
10000
10000
10000
10000
10000
10000
10000
10000
9158
9676
10000
10000
10000
9886
10000
9570
10000
10000
8992
9896
10000
9602
10000
10000
10000
10000
10000
10000
9775
10000
9570
10000
10000
10000
10000
10000
10000
9340
9749
9176
10000
9928
9917
10000
10000
9212
9876
9803
9766
10000
10000
9784
10000
10000
10000
10000
10000
9838
9451
10000
9300
9849
10000
10000
10000
10000
9736
9869
9124
10000
9704
9100
9440
10000
9488
9648
9984
9970
10000
10000
8822
9702
10000
10000
9991
10000
10000
10000
10000
10000
10000
10000
8850
9748
10000
10000
9859
9788
10000
9947
10000
9565
10000
10000
10000
9930
10000
9675
9999
9696
9913
10000
9323
10000
9688
10000
10000
10000
9149
10000
9336
10000
10000
9357
10000
9624
9627
8818
9352
9866
9338
9929
10000
9009
10000
10000
10000
10000
9828
10000
10000
10000
10000
10000
9682
10000
9961
10000
9278
10000
9756
10000
10000
10000
10000
10000
9789
9911
10000
9996
9075
9947
10000
9466
9491
10000
10000
10000
10000
10000
10000
9856
9358
10000
10000
9634
10000
10000
10000
10000
9220
10000
9358
10000
10000
10000
10000
10000
10000
10000
10000
10000
9753
8868
9306
8872
10000
10000
10000
10000
10000
9784
10000
9759
10000
9069
10000
9857
9794
9615
10000
10000
8005
10000
10000
9818
9901
10000
9642
9777
9934
9669
10000
9923
10000
9125
10000
10000
10000
9508
10000
10000
10000
9014
10000
9809
9865
9318
10000
9886
10000
9399
10000
9633
10000
10000
10000
8924
10000
9727
10000
10000
9983
10000
10000
9441
10000
10000
10000
10000
10000
10000
10000
9730
10000
9385
10000
8849
10000
9793
10000
10000
9787
10000
10000
10000
9890
9381
10000
9842
10000
10000
10000
9812
9460
9720
10000
9901
10000
10000
10000
10000
10000
10000
9559
9591
10000
9164
10000
10000
10000
10000
9364
9349
10000
10000
10000
9983
10000
9964
9767
9673
10000
9849
8317
9712
9893
9483
10000
10000
10000
10000
10000
10000
10000
10000
10000
10000
10000
10000
9990
10000
10000
8042
10000
9556
9951
9124
10000
9830
9609
10000
10000
8806
10000
10000
9926
10000
10000
9877
10000
9956
9533
9848
10000
10000
10000
10000
10000
9495
10000
8788
9744
9280
9878
9906
9410
9464
10000
10000
10000
10000
9891
9577
10000
9730
10000
10000
10000
9216
10000
9408
9874
10000
9933
9873
10000
10000
9907
10000
10000
9866
9998
10000
10000
10000
10000
10000
8924
9880
10000
10000
10000
10000
8865
10000
10000
10000
10000
9705
10000
10000
10000
9422
9810
10000
10000
10000
9664
10000
9151
10000
9578
10000
10000
10000
9861
9271
9619
10000
10000
10000
10000
9828
10000
10000
10000
10000
9454
9918
10000
10000
9774
10000
10000
9418
10000
10000
10000
10000
10000
10000
10000
9686
10000
10000
9632
8869
10000
10000
10000
10000
9584
9334
9347
9906
10000
10000
10000
10000
9918
9624
9940
10000
10000
10000
9922
10000
10000
10000
10000
10000
9811
10000
10000
8907
9677
10000
10000
10000
10000
10000
10000
8563
10000
10000
10000
10000
10000
10000
10000
10000
8839
10000
9659
10000
10000
10000
10000
9877
10000
10000
10000
10000
10000
8924
10000
9608
9348
8754
9252
9227
10000
9406
10000
10000
10000
9826
9985
10000
10000
9541
10000
10000
9799
9151
10000
10000
9734
10000
9701
9884
9133
9967
10000
10000
9217
9346
9398
10000
8909
8787
10000
10000
10000
10000
9544
9821
9932
10000
9475
10000
10000
9971
9940
10000
10000
10000
10000
9785
9708
10000
9863
10000
10000
8313
10000
10000
10000
8966
10000
10000
8794
9848
10000
9563
10000
10000
10000
10000
10000
9267
9772
9861
9961
10000
9828
10000
8670
9688
9286
10000
10000
9268
10000
9415
10000
10000
10000
9859
10000
9518
10000
9059
10000
10000
9862
10000
10000
9676
10000
10000
10000
10000
9520
9293
9623
9104
9997
10000
9849
8660
10000
9762
10000
9078
9582
9660
10000
10000
8056
10000
9194
10000
8597
9892
10000
10000
10000
10000
8660
10000
10000
9890
8746
10000
9528
10000
9922
9541
9695
10000
9986
10000
10000
10000
9407
10000
10000
10000
10000
10000
9432
10000
9364
9742
10000
9396
9437
10000
10000
10000
9849
10000
9863
9873
10000
10000
10000
10000
10000
10000
9568
10000
9386
9783
9946
10000
9559
9783
8774
8981
9994
8216
9872
10000
10000
10000
10000
9124
10000
10000
10000
10000
10000
10000
10000
10000
10000
9717
9418
10000
9805
8711
10000
9802
9679
9337
10000
10000
10000
9530
10000
9006
8774
10000
10000
9969
9988
8721
10000
10000
10000
10000
10000
10000
10000
10000
8959
9838
10000
9673
9648
10000
10000
10000
10000
9652
10000
9822
10000
10000
10000
8680
9396
10000
10000
10000
10000
10000
9880
10000
10000
10000
10000
10000
10000
9747
9731
9831
9890
9845
9100
9735
9448
9931
10000
9948
10000
9289
10000
10000
9783
10000
10000
10000
9413
9822
8971
10000
10000
8556
9941
9746
10000
10000
9721
10000
10000
9734
10000
9695
10000
9210
10000
10000
10000
10000
10000
10000
