9775
9874
9844
9924
9736
9991
9921
9890
9851
9948
9911
9863
9947
9901
9897
9934
9942
9886
9909
9930
9909
9893
9969
9988
10000
9868
9924
9943
9870
9921
9872
9922
9951
9975
9998
9913
9951
9919
9814
10000
9788
9895
9932
9949
9862
9875
9988
9922
9966
9832
9929
9962
9990
9846
9905
9903
9918
9919
9939
9926
9806
9906
9892
9923
9914
9974
9879
9752
9956
9946
9928
9717
9909
9937
9915
9866
9959
9854
9845
9926
9851
9887
9887
9879
9951
9903
9905
9909
9879
9924
9883
9836
9870
9875
9943
9914
9911
9845
9930
9932
9934
9965
9942
9963
9919
9911
9919
9933
9697
9938
9879
9933
9934
9925
9955
9905
9888
9958
9932
9979
9847
9914
9901
9895
9919
9958
9910
9789
9959
9968
9949
9866
9931
9870
9911
9872
9841
9876
9959
9874
9949
9767
9895
9918
9763
9897
9950
9967
9954
9874
9793
9948
9935
9689
9874
9869
9889
9957
9930
9952
9907
9968
9948
9903
9925
9959
9986
9937
9908
9862
9920
9921
9972
9816
9940
9800
9909
9843
9847
9925
9898
9832
9971
9970
9899
9994
9908
9935
9873
9998
9927
9926
9953
9923
9753
9933
9896
9959
9842
9988
9673
9843
9916
9957
9969
9899
9958
9737
9920
9859
9927
9857
9955
9994
9889
9953
9980
9881
9893
9881
9791
9958
9907
9935
9891
9992
9869
9939
9954
9968
9932
9902
9920
9941
9795
9934
9792
9920
9907
9957
9860
9914
9935
9972
9996
9945
9972
9810
9887
9876
9938
9915
9964
9892
9809
9949
9913
9930
9991
9892
9798
9978
9953
9954
9851
9882
9684
9851
9960
9888
9916
9964
9923
9898
9892
9906
9932
9976
9895
9900
9893
9937
9923
9946
9889
9982
9858
9939
9859
9890
9936
9959
9892
9825
9891
9696
9940
9907
9891
9988
9840
9997
9961
9922
9941
9960
9950
9882
9915
9983
9922
9963
9946
9952
9901
9869
9945
9874
9987
9912
9913
9933
9896
9931
9836
9951
9935
9956
9870
9881
9829
9825
9913
9908
9901
9951
9891
9926
9868
9858
9932
9932
9879
9928
9864
9910
9820
9943
9829
9858
9827
9861
9962
9931
9902
9759
9996
9893
9916
9943
9993
9896
9942
9949
9920
9878
9963
9944
9956
9894
9981
9847
9878
9824
9946
9936
9910
9867
9834
9836
9860
9888
9772
9839
9921
9953
9988
9789
9880
9877
9928
9977
9973
9969
9923
9862
9900
9896
9963
9967
9834
9938
9726
9906
9952
9876
9894
9954
9885
9956
9919
9877
9893
9901
9950
9884
9885
9930
9828
9938
9914
9901
9854
9940
9884
9925
9960
9937
9820
9929
9861
9809
9918
9997
9872
9871
9891
9907
9988
9906
9864
9855
9999
9940
9975
9978
9912
9749
9975
9896
9760
9931
9970
9923
9907
9826
9900
9961
9963
9945
9903
9903
9870
9840
9905
9936
9894
9809
9924
9942
9991
9949
9936
9932
9822
9972
9952
9865
9975
9907
9958
9849
9825
9797
9910
9851
9861
9972
9771
9989
9866
9968
9865
9934
9881
9890
9979
9951
9852
9954
9893
9844
9789
9912
9940
9826
9881
9955
9821
9942
9878
9913
9927
9847
9951
9890
9933
9972
9865
9950
9924
9944
9870
9945
9916
9975
9885
9941
9922
9851
9962
9869
9927
9883
9994
9907
9947
9877
9936
9936
9970
9926
9905
9928
9948
9908
9926
9920
9809
9922
9916
9930
9891
9937
9752
9907
9960
9968
9753
9899
9981
9911
9958
9869
9925
9925
9961
9895
9937
9944
9876
9901
9939
9918
9950
9881
9950
9867
9916
9933
9946
9837
9875
9988
9926
9902
9915
9899
9943
9867
9865
9892
9833
9848
9956
9917
9937
9802
9829
9817
9946
9934
9887
9998
9960
9931
9885
9889
9804
9939
9877
9785
9937
9886
9926
9912
9944
9880
9887
9934
9816
9892
9927
9916
9971
9878
9923
9807
9893
9991
9866
9948
9912
9957
9913
9916
9964
9904
9887
9943
9949
9808
9958
9966
9769
9790
9890
9884
9977
9947
9827
9967
9932
9923
9906
9928
9867
9984
9944
9906
9974
9950
9893
9989
9972
9992
9977
9872
9904
9848
9898
9909
9882
9995
9836
9885
9843
9940
9911
9852
9960
9928
9924
9953
9928
9922
9918
9941
9878
9874
9890
9888
9934
9924
9879
9971
9879
9905
9952
9906
9940
9892
9970
9822
9938
9898
9848
9788
9877
9892
9948
9913
9885
9922
9926
9978
9893
9861
9932
9973
9794
9870
9874
9906
9998
9963
9868
10000
9849
9967
9938
9982
9883
9829
9870
9890
9795
9803
9967
9944
9813
9918
9848
9893
9941
9917
9922
9928
9864
9882
9884
9980
9926
9980
9992
9794
9840
9969
9920
9941
9939
9946
9966
9871
9877
9855
9925
9887
9884
9912
9912
9918
9964
9938
9828
9901
9894
9931
9944
9799
9858
9805
9851
9746
9898
9982
9889
9937
9910
9950
9928
9884
9937
9814
9901
9896
9975
9963
9936
9855
9905
9890
9921
9878
9895
9937
9944
9829
9862
9997
9916
9979
9908
9932
9910
9994
9928
9879
9953
9898
9872
9792
9935
9911
9925
9800
9923
9955
9909
9790
9935
9892
9930
9884
9835
9999
9909
9702
9855
9906
9888
9988
9974
9906
9925
9961
9906
9783
9977
9972
9925
9919
9862
9898
9961
9912
9998
9810
9900
9919
9934
9993
9929
9929
9914
9836
9877
9925
9973
9840
9942
9921
9890
9785
9998
9938
9866
9959
9886
9940
9888
9928
9870
9894
9972
9932
9890
9920
9850
9906
9955
9764
9833
9920
9811
9854
9854
9914
9910
9775
9900
9923
9955
9829
9910
9861
9914
9849
9953
9920
9912
9904
9974
9907
9878
9897
9927
9866
9941
9907
9964
9896
9949
9973
9945
9924
9876
9899
9957
9898
9877
9964
9892
9904
9854
9871
9912
9886
9875
9921
9849
9928
9980
9948
9932
9932
9937
9813
9944
9784
9992
9994
9976
9847
9998
9911
9885
9882
9911
9899
9851
9901
9927
9846
9904
9866
9961
9894
9916
9927
9938
9935
9924
9884
9902
9924
9839
9957
9907
9981
9995
9992
9951
9889
9934
9938
9950
9918
9852
9920
9898
9904
9994
9875
9922
9957
9887
9766
9962
9882
