9982
10000
10000
9874
9981
9993
9984
9989
9945
9910
9954
9992
9981
9989
9995
9980
9934
9995
9989
9950
9960
9989
9942
9948
9953
9996
9904
9974
9998
9999
9967
9975
9939
9999
10000
9976
9912
9987
9903
9976
10000
9998
9991
10000
9908
9965
9929
9995
9958
9956
9984
9965
9895
9920
9907
9993
9972
9904
9976
9989
9993
9948
9991
9964
9995
9960
9998
9985
9905
9990
9990
9952
9997
9995
9953
9998
9998
9924
9877
9984
9990
9983
9932
10000
9973
9922
9832
9979
9991
9952
9984
9872
9995
9934
9954
10000
9978
9973
9903
9942
9929
10000
9926
9999
9986
10000
9804
9994
9974
10000
9969
9960
9999
9968
10000
9996
9886
9923
9999
9993
9989
9998
9978
9892
9997
9969
10000
10000
9926
9989
9874
9973
9940
9980
9925
9997
9959
9995
9966
9996
9994
10000
9942
9950
9973
9946
9985
9995
9997
9985
9988
9984
9900
9979
9953
9996
9958
9996
9979
9953
9946
9996
9998
9940
9999
9957
9999
9995
9906
9992
9995
9890
9926
9995
9918
9997
10000
9986
9979
9944
9947
9967
9967
10000
9957
9992
9937
9987
9982
10000
10000
9948
9982
9985
9920
9901
9980
9995
9967
9996
9969
9918
9993
9966
9975
9994
9968
9986
9986
9956
9943
9983
9990
9975
10000
9985
9994
9970
9947
9981
9997
9958
9979
9998
9977
9941
9998
9992
9989
9999
9971
10000
9967
9930
9916
10000
9988
9999
9992
9997
9866
9858
10000
9944
9991
9996
9948
9993
9956
9999
9942
9996
9864
10000
9999
10000
9992
9888
10000
9983
9969
9930
9966
9939
9988
9996
9976
9978
9972
9840
9998
9964
9992
9991
9881
9976
9993
9992
9882
9998
9912
9999
10000
9968
9987
9915
9942
9985
9997
10000
9945
9959
9994
9968
9919
9951
9999
9904
9981
9978
10000
9997
9982
9947
9846
9982
9988
9990
10000
9992
10000
9992
9937
9904
9901
9987
9969
9952
9975
9999
9977
10000
9782
9984
9994
9992
9964
9938
9894
9943
9959
9935
9994
9984
9956
9997
9970
9999
9994
9999
9992
9998
9987
9963
9991
9871
9977
9954
9987
9985
9981
9973
9937
9985
9990
9978
9889
9989
9982
9954
9999
9915
9971
9994
9993
9989
9970
9984
9977
9867
9999
9891
9988
9984
9871
9982
9964
9977
10000
9993
9955
9973
9971
9895
9985
9998
9949
9905
9989
9981
9981
9909
9963
9989
9970
10000
9978
9944
9985
9997
9999
9996
9889
9963
9977
9965
9981
9965
9974
9925
9933
9929
9992
9999
9982
9971
9974
9889
9998
9976
9966
9958
9999
9877
9892
9998
9973
9921
9920
9997
9940
9965
9950
9961
9968
9994
9989
9993
9997
9977
9980
9989
9993
9993
9978
9947
9983
10000
9979
9962
9999
9997
10000
9999
9973
9933
9959
9941
9990
9955
9979
9940
9993
9910
9953
9992
9992
9999
9884
9997
9965
10000
9985
9990
9998
9927
9992
9999
9984
9910
9931
9927
9999
9977
9990
10000
9987
9888
9898
9996
9994
9997
9999
9947
9999
9990
9994
9925
9987
9952
10000
9976
9967
9976
9997
9919
9986
9988
9997
9965
9979
9985
9934
9969
9984
9995
9999
9999
9893
9984
9967
9968
9980
9997
9997
9992
9999
9997
9974
9993
9902
9972
9977
9996
9988
9968
9911
9986
9979
9856
9997
9874
9973
9983
9991
9906
9991
9957
9999
9939
9983
10000
9978
9898
9972
9997
9978
9921
9997
9875
9999
9944
9870
10000
9920
9913
9908
9976
9962
9972
10000
9987
9985
9939
9989
9936
9990
9922
9987
9903
10000
10000
9982
9915
9960
9999
9994
9843
9985
9968
9985
9977
9915
9975
9998
9908
9996
9921
10000
10000
9999
9974
9952
9928
9901
9943
9988
9998
9995
9909
10000
9993
9943
9995
9980
9988
9996
9909
9997
9924
9852
9987
9947
9977
9966
9980
9992
9900
9911
9993
9996
9999
9992
9957
9993
9998
9876
9978
9985
9987
9896
9914
9984
9998
9986
9996
9868
10000
9946
9990
10000
9944
9975
9994
9957
9982
9935
9973
9988
9988
9981
9961
9877
9969
9977
9990
9998
9963
10000
9974
9992
9983
9942
9998
9981
10000
9997
9972
9954
9957
9767
9999
9997
9997
9941
9990
9992
9977
9987
9993
9974
9985
9934
9911
9959
9853
9989
9940
9995
9999
9908
9898
9995
9855
9984
9999
9932
10000
9937
9977
9984
9997
9985
9994
10000
9992
9978
9999
9909
9967
9887
9988
9988
9927
9989
9990
9947
9996
9967
9934
9992
9920
9999
9923
9999
10000
10000
9941
9990
9990
9998
9919
9977
9998
9974
9958
9872
9999
9951
9909
9943
9935
9953
9961
9928
10000
9947
10000
9970
9964
10000
9999
9983
10000
9934
9950
9981
9949
9992
9867
9969
9984
9995
9980
9945
9998
9962
9918
9945
9909
9957
10000
9966
9958
9949
9991
10000
9979
9986
9997
10000
9993
9976
9985
9968
9829
9964
9953
9873
10000
9997
9924
9980
9980
9993
9916
9917
9916
9949
9963
9980
9999
9997
9951
10000
9936
9904
9948
10000
9835
9966
9927
9911
10000
9861
9981
9985
9932
9964
9965
10000
9998
9982
9985
9988
9981
9981
9972
9983
10000
9971
9940
9991
9999
9980
9957
9991
9918
9959
9926
9973
9941
9988
9994
9985
9950
9918
9961
10000
9953
9995
9980
9998
9975
9999
9966
9989
9978
9976
9985
10000
9975
9931
9995
9985
10000
9960
9970
9920
9996
9994
9998
9998
9988
9963
9998
9992
9997
9929
9999
9938
9943
9994
10000
10000
9992
9990
9963
9949
9985
9955
9951
9954
9979
10000
9998
9990
9931
9989
9979
9941
9984
9888
9979
9895
9958
9969
9990
9981
9984
9997
9988
9994
9995
9917
9991
9997
9985
9954
9989
9998
9987
10000
9917
9980
9974
9970
9914
9981
9999
9927
9943
9975
9976
9970
9916
9998
9958
9976
9986
9999
9990
9938
9997
9971
9970
10000
9973
9997
9989
9996
9924
9981
9990
9975
9973
9998
9973
9994
9972
9996
9998
9983
9914
9999
9975
9973
9949
9931
9991
9981
9927
9999
9938
9999
9976
10000
9997
9988
10000
9983
9934
9954
9876
9879
10000
9997
9956
9954
9991
