9841
9993
9885
9815
9975
9968
9860
9798
9998
9851
9944
9972
9896
9920
9922
9899
9891
9924
9932
9902
9849
9802
9956
9831
9920
9734
9921
9859
9971
9929
9904
10000
9960
9903
9892
9835
9933
9819
9950
9929
9866
9923
9905
9954
9911
9834
9905
9953
9950
9810
9833
9803
9870
9903
9940
9864
9881
9995
9902
9917
9894
9920
10000
9816
9901
9946
9925
9958
9845
9971
9798
9924
9931
9884
9917
9830
9886
9974
9887
9959
9946
9978
9989
9765
9812
9832
9956
9927
9969
9744
9940
9979
9884
9884
9902
9854
9914
9853
9838
9897
9946
9974
9930
9973
9990
9930
9932
9861
9915
9897
9866
9933
9939
9944
9843
9887
9821
9865
9974
9972
9914
9917
9965
9876
9877
9982
9903
9945
9949
9968
9938
9926
9894
9844
9946
9846
9916
9879
9990
9858
9966
9990
9874
9935
9935
9948
9846
9912
9950
9945
9894
9826
9731
9888
9873
9940
9932
9891
9952
9912
9939
9783
9977
9827
9949
9796
9790
9909
9922
9832
9907
9836
9922
9796
9934
9902
9904
9954
9925
9919
9998
9881
9943
9926
9873
9836
9954
9944
9883
9935
9997
9872
9899
9918
9970
9903
9854
9908
9832
9957
9903
9910
9873
9836
9837
9936
9838
9950
9852
9938
9996
9882
9904
9929
9963
9882
9981
9921
9796
9954
9886
9975
9926
9990
9926
9896
9880
9802
9929
9936
9870
9995
9876
9837
9909
9911
9895
9979
9911
9801
9853
9955
9895
9909
9940
9959
9838
9839
9958
9909
9725
9990
9867
9834
9867
9845
9920
9932
9942
9832
9938
9862
9902
9902
9927
9835
9742
9899
9973
9796
9887
9840
9912
9931
9841
9930
9966
9986
9938
9842
9790
9802
9910
9843
9850
9918
9924
9901
9848
9891
9897
9983
9800
9875
9916
9795
9944
9995
9912
9901
9949
9948
9845
9890
9958
9933
9948
9891
9780
9785
9943
9910
9909
9906
9963
9867
9938
9915
9945
9856
9865
9998
9949
9879
9840
9831
9824
9859
9896
9915
9874
9957
9863
9996
9812
9917
9969
9881
9740
9911
9939
9911
9910
9923
9941
9971
9948
9903
9802
9819
9844
9980
9907
9919
9920
9968
9906
9918
9953
9934
9916
9914
9880
9880
9940
9911
9918
9959
9913
9872
9828
9901
9804
9980
9835
9929
9793
9773
9895
9971
9925
9900
9881
9953
9815
9896
9890
9936
9964
9882
9972
9932
9865
9964
9936
9916
9918
9909
9868
9893
9948
9935
9969
9959
9927
9753
9902
9884
9945
9964
9994
9990
9888
9977
9905
9965
9951
9926
9818
9929
9897
9930
9947
9911
9919
9854
9858
9971
9874
9948
9968
9912
9878
9948
9921
9902
9866
9975
9924
9877
9958
9916
9920
9840
9924
9917
9962
9868
9942
9809
9901
9741
9924
9942
9879
9910
9888
9915
9827
9880
9899
9889
9953
9937
9939
9759
9937
9923
9808
9973
9888
9991
9997
9912
9868
9941
9973
9882
9890
9944
9843
9913
9906
9898
9863
9933
9895
9959
9983
9895
9918
9974
9818
9899
9980
9885
9921
9894
9978
9939
9896
9866
9919
9978
9813
9860
9930
9984
9974
9950
9927
9995
9928
9933
9867
9952
9931
9897
9941
9920
9993
9934
9864
9793
9961
9929
9922
9886
9818
9961
9824
9869
9834
9891
9948
9989
9930
9918
9974
9808
9938
9936
9874
9933
9942
9908
9956
9899
9830
9892
9891
9977
9950
9840
9942
9873
9899
9853
9877
9899
9927
9888
9849
9957
9863
9985
9857
9871
9925
9912
9880
9701
9845
9951
9871
9998
9941
9863
9962
9921
9852
9961
9968
9820
9961
9881
9962
9789
9695
9985
9975
9879
9942
9951
9941
9854
9959
9978
9908
9911
9890
9865
9987
9898
9943
9942
9871
9753
9810
9943
9822
9958
9921
9895
9821
9948
9904
9728
9896
9836
9885
9968
9849
9966
9806
9890
9866
9973
9949
9936
9880
9953
9854
9852
9930
9987
9954
9956
9975
9770
9934
9907
9926
9938
9916
9933
9867
9903
9944
9942
9963
9934
9883
9893
9913
9973
9949
9914
9954
9981
9970
9873
9864
9879
9818
9883
9880
9918
9933
9925
9966
9861
9991
9858
9911
9946
9914
9933
9919
9872
9945
9964
9907
9878
9834
9845
9939
9885
9916
10000
9943
9975
9966
9924
9934
9892
9791
9943
9874
9914
9858
9938
9839
9917
9827
9951
9868
9902
9956
9935
9845
9955
9925
9954
9960
9876
9941
9829
9910
9907
9840
9913
9842
9995
9929
9894
9852
9904
9907
9892
9869
9937
9927
9914
9804
9898
9937
9884
9981
9954
9804
9883
9911
9936
9874
9910
9967
9926
9931
9768
9902
9955
9918
9930
9763
9926
9921
9929
9917
9961
9965
9949
9862
9967
9848
9906
9958
9877
9910
9854
9763
9936
9937
9919
9800
9786
9759
9943
9944
9933
9945
9852
9820
9922
9951
9851
9842
9934
9913
9997
9988
9861
9891
9918
9946
9959
10000
9919
9885
9901
9958
9949
9866
9839
9797
9814
9853
9918
9926
9870
9973
9938
9867
9921
9949
9801
9875
9880
9903
9917
9890
9944
9920
9890
9829
9953
9782
9898
9954
9835
9880
9989
9952
9769
9912
9913
9922
9888
9841
9778
9969
9916
9825
9806
9786
9916
9952
9869
9871
9886
9890
9929
9897
9950
9881
9911
9906
9922
9910
9753
9919
9962
9902
9899
9968
9969
9994
9918
9896
9940
9901
9898
9920
9898
9987
9846
9942
10000
9986
9850
9807
9883
9952
9861
9957
9936
9905
9887
9951
9906
9968
9912
9976
9892
9911
9968
9872
9945
9934
9874
9958
9960
9896
9736
9842
9946
9904
9759
9930
9904
9972
9899
9889
9700
9922
9893
9963
9896
9916
9821
9940
9764
9835
9881
9879
9821
9968
9914
9924
9914
9868
9925
9960
9812
9869
9926
9951
9934
9939
9934
9825
9935
9884
9862
9874
9919
9921
9975
9934
9941
9988
9936
9899
9906
10000
9823
9918
9935
9958
9882
9898
9803
9945
9914
9992
9791
9858
9941
9923
9916
9969
9664
9909
9875
9825
9903
9899
9893
9849
9925
9916
9920
9971
9888
9942
9929
9796
9907
9904
9880
9914
9756
9961
9848
9906
9951
9845
9892
9964
9846
