9895
9934
9999
9925
9989
9925
9955
9808
9971
9998
9984
10000
9967
9967
10000
9877
9906
9940
9913
9999
9999
9908
9934
9846
10000
10000
9986
9994
10000
9985
9879
9888
9978
9982
10000
9872
9988
9935
9985
9949
9979
9946
10000
10000
9893
9931
9919
9942
9944
9888
9834
9999
9975
10000
9989
10000
9976
10000
9940
9999
9876
10000
9995
9981
9928
9966
9966
10000
9969
9837
9989
9891
9922
9998
10000
9916
9940
9945
9943
9999
9922
9996
10000
9948
9992
9954
9999
9969
9943
9961
9997
9954
10000
9883
9994
9952
10000
9877
9909
9998
10000
9953
10000
9994
9998
10000
9897
10000
9987
9945
9958
10000
10000
10000
10000
9995
9992
9948
9921
9996
9929
9895
9941
9989
10000
10000
9976
9974
9911
9909
9996
10000
9979
9949
9926
9868
9848
9942
9977
9922
9858
9906
9944
9918
10000
9989
10000
9999
9963
10000
9983
9927
9993
9997
10000
9989
9961
9939
9970
9945
9955
9948
9986
9990
9988
9996
9853
9999
9992
9997
10000
9996
9962
9927
9998
10000
10000
9905
9994
10000
9925
9995
9931
9903
9998
10000
10000
10000
9995
9941
10000
9977
9978
9870
9971
9927
10000
9938
9999
9972
9997
9964
9993
9955
10000
9799
10000
9935
9933
9981
9999
9959
10000
9977
9937
9973
9998
9951
10000
9931
9977
9879
9896
10000
9997
10000
9980
9931
9992
9963
9900
9999
9974
9930
10000
10000
10000
10000
9997
10000
10000
9983
9997
9990
9935
9921
9957
9992
9947
10000
9916
9999
9883
9879
9945
9982
9945
9992
9890
10000
9993
9943
9895
9975
9834
10000
10000
10000
10000
9939
9984
9964
9950
9923
9981
9890
9934
9996
9998
10000
9998
10000
9990
9974
9997
9999
9965
9998
9967
10000
10000
9985
9952
9981
10000
9914
9992
9988
9925
9880
10000
10000
10000
9994
9938
9990
9951
10000
9981
9990
10000
9982
9984
10000
9989
9876
9947
9924
9943
9929
10000
9978
9993
9992
9984
9960
9960
10000
9994
9995
10000
9916
9923
9922
9942
10000
9994
10000
9936
9904
9956
9997
9998
9952
10000
9999
9991
9956
9868
9987
9983
9980
10000
10000
9960
9999
9954
9989
9954
9994
9943
9943
10000
9974
9978
9902
9982
10000
10000
10000
9903
9999
9988
9920
10000
9899
9980
9999
10000
10000
9992
10000
9969
9998
9985
9974
9985
9871
9911
10000
9947
9993
9984
9763
10000
9915
10000
10000
9955
10000
9973
9865
9918
9922
9965
9980
9950
9858
9981
9971
9923
9873
9892
10000
10000
9995
9988
10000
9990
9999
10000
9998
9977
9877
9951
9999
9954
9962
10000
9874
9989
9993
9996
10000
10000
9907
9932
9957
9965
9934
10000
9979
9902
10000
9991
9930
10000
10000
9976
9969
9936
9972
9980
9998
9955
9995
10000
9860
9959
9969
9928
9983
9951
9999
9928
10000
9956
9991
10000
9993
9876
9965
9931
9884
10000
9981
9964
9987
9993
9946
10000
9988
10000
10000
9932
9866
9998
9970
9974
9966
9864
9982
9991
9996
9998
9980
10000
9845
9980
9997
9866
9905
9939
9814
10000
9933
9968
9961
9985
9983
9954
9945
10000
9897
9994
9937
9848
10000
9999
9999
9918
9956
9999
9971
9875
9921
10000
9956
9959
9999
9921
9919
9966
9987
9982
10000
10000
10000
9948
9919
9824
9987
10000
9899
10000
10000
9991
9932
9818
9998
9988
9998
9998
10000
9880
9958
9960
9994
9843
9980
10000
10000
10000
9908
9930
9954
9955
9943
10000
10000
9900
9959
9976
9975
9969
10000
9977
9900
9842
10000
9947
9892
9909
10000
10000
9998
9932
9981
9802
9944
9981
9913
9996
10000
9865
9985
10000
9899
9929
9933
9919
9984
9982
9951
10000
9939
10000
9928
9998
9969
9964
10000
9955
9977
9868
9998
10000
9900
9990
9997
9932
9965
9966
9891
9911
9940
9969
10000
9893
9920
9939
9856
9966
10000
9999
9958
10000
9977
9932
9980
10000
9919
9994
10000
9988
10000
9944
9957
9975
9933
9964
10000
9871
9973
9974
9961
9977
10000
9964
10000
9886
9973
9862
9928
9984
10000
10000
9834
9955
9935
9949
9750
9840
9999
10000
9883
9994
9969
9995
9903
10000
9891
9935
10000
9916
9961
9998
9994
9949
9899
9964
9998
9960
9998
9989
10000
9933
9990
10000
10000
9997
9982
9942
10000
9911
9956
10000
10000
9997
10000
9960
9999
9987
9944
9954
9925
9996
9876
9857
9955
9994
10000
10000
9961
9920
10000
9892
10000
10000
10000
9950
9905
9995
9989
9975
9918
9927
10000
10000
9836
9807
9994
10000
9978
9950
9943
9846
9990
10000
9999
9835
10000
9751
9980
9900
9942
9990
9988
9983
9851
9978
9944
9966
9898
10000
9983
9968
9987
9873
10000
10000
9968
9951
9988
9998
9939
9937
10000
9905
9941
9994
9963
9996
9920
9804
9954
9954
9995
9938
9929
9971
9999
10000
9988
9853
10000
9944
9940
9821
9913
9997
9905
9941
9980
9923
9894
9994
9954
9980
9994
10000
10000
9822
9927
9997
10000
9917
9950
9865
9858
9969
10000
9923
9999
10000
9996
9834
9984
9957
10000
9989
9963
9960
10000
9961
9809
9938
10000
10000
9997
9939
9930
10000
9968
9894
10000
9931
9896
9878
9986
9939
9931
10000
9983
10000
10000
9890
9921
9985
9931
9916
9917
9971
9884
10000
9972
9922
9987
9974
9997
9984
10000
9856
9977
9950
9999
10000
9963
9937
9889
9963
10000
9997
9974
9934
9940
9970
9998
10000
9997
9993
9982
9993
9922
10000
10000
9956
9931
9905
9954
9991
9994
10000
9948
9987
9977
9961
9995
9976
9969
9995
9988
10000
9980
9947
9926
9938
9995
9933
9894
9981
9862
9893
9946
9975
10000
9878
10000
10000
10000
9991
10000
9960
9964
9940
9931
9965
9995
10000
9999
9970
10000
9902
9942
9914
9921
9902
9903
9913
9942
10000
9980
10000
9995
9996
9978
10000
10000
9998
9965
9907
9940
9999
9926
10000
9969
9963
9921
9939
9924
9982
9966
10000
9995
9992
9967
10000
9985
9966
9992
9989
9987
9993
9940
10000
9970
9907
9957
9817
9945
9912
10000
10000
9980
9942
9969
10000
9986
9995
9973
