9843
8510
9978
10000
9361
9807
9841
9773
9839
10000
10000
9238
10000
10000
8560
9975
9529
9947
9970
10000
9834
9870
9504
9940
10000
10000
9750
9543
9441
10000
10000
9881
9891
10000
9992
9027
9056
10000
10000
9617
10000
10000
9534
10000
9179
10000
9633
9959
9970
9871
10000
9964
10000
9807
9706
9790
10000
9430
9967
9747
9917
10000
9464
9632
9756
9792
9137
10000
9724
9941
9783
9864
9879
9714
9970
9330
9921
9458
10000
9172
9484
10000
9882
9806
9625
10000
10000
9934
9387
8799
9188
9502
10000
9678
9659
9959
9743
10000
9713
9917
9628
9993
9737
10000
10000
9823
10000
9030
9924
10000
9796
9771
9706
10000
10000
8501
9876
9959
9774
10000
10000
9108
9996
10000
9777
10000
10000
9796
9892
10000
9675
9495
10000
8859
9794
9832
10000
9673
10000
10000
9693
9973
9667
10000
9306
10000
9989
9962
9765
10000
9972
9320
10000
10000
9798
9747
10000
8769
9897
9883
10000
9444
9814
9949
10000
10000
10000
9731
10000
9402
9751
8833
9878
10000
10000
10000
9624
9951
9359
10000
9640
9791
10000
9900
10000
9513
9249
10000
10000
10000
9770
10000
9804
9460
8858
9881
10000
9190
9510
9756
9905
9630
9551
9823
10000
10000
9934
9618
10000
10000
8920
9790
9842
9492
9100
10000
9935
9477
10000
10000
9034
9917
10000
9350
9832
9462
9911
9418
9987
9793
8858
8836
9679
9643
9725
9908
9968
10000
9681
9995
9340
10000
10000
9811
9754
9441
9752
9966
10000
9275
10000
9686
9067
9915
9640
9435
10000
9815
10000
9231
8452
9906
9827
9778
9856
10000
10000
10000
9943
10000
10000
10000
9940
9933
9416
10000
10000
8700
9356
9860
10000
9358
10000
10000
9266
10000
9678
9912
9387
9642
10000
10000
10000
10000
9053
10000
9749
9720
9452
9877
9869
9907
9160
10000
9555
9523
9842
9189
9855
9475
9811
10000
9357
10000
10000
10000
10000
10000
9450
9755
10000
8936
9628
9370
9393
9826
9263
9830
10000
9442
9832
10000
9994
9536
10000
9237
10000
10000
9275
10000
9752
9769
10000
9729
9281
9886
10000
9925
10000
9131
9869
9206
9557
9860
9732
10000
8685
9452
9826
9989
10000
9670
9458
9591
9750
10000
9448
10000
9700
9413
9614
9852
9353
9951
9842
10000
10000
9269
10000
9883
10000
9941
9945
8952
9740
10000
10000
9529
10000
10000
8705
9808
9917
9640
9675
10000
9040
9982
9396
9782
10000
9862
10000
8891
9835
10000
9247
9033
10000
9866
9424
9926
9797
9365
10000
9436
10000
9316
9388
10000
9891
10000
9948
8566
10000
10000
9914
9842
9516
10000
9404
9692
9833
9954
10000
9824
10000
9937
10000
9759
10000
10000
9886
10000
9075
10000
9892
9255
10000
10000
9833
9256
10000
9784
9268
9204
9729
10000
10000
9326
9900
10000
10000
10000
10000
9569
9551
9693
9488
9843
10000
10000
9578
10000
9448
9828
9561
9880
10000
9837
10000
9977
9954
9763
10000
9757
9457
10000
10000
9864
9199
10000
8644
9771
9029
9570
9799
10000
9799
10000
10000
10000
9814
10000
9509
9519
9674
10000
9962
9596
9894
9773
10000
9762
9792
9902
10000
9467
9818
10000
9875
9746
10000
9530
9984
9699
9907
9708
9911
10000
9864
8937
9913
9964
10000
9966
9364
10000
9742
9184
8925
10000
9931
9727
9664
9467
10000
9236
8984
9484
9206
8765
9923
10000
9894
10000
9826
9685
9640
9924
10000
9718
9889
9621
10000
9658
9115
9201
9896
10000
10000
9800
9918
8841
9881
10000
10000
9724
9955
9232
10000
10000
10000
8839
10000
9653
9817
9261
10000
10000
10000
9727
8166
10000
9790
9847
10000
9430
10000
9475
8905
10000
9724
9273
10000
10000
10000
10000
9852
10000
10000
10000
10000
10000
9894
9342
9920
10000
9601
10000
10000
8960
9573
9721
9307
10000
9621
10000
10000
9028
10000
10000
9342
9855
9454
10000
9941
9507
9671
10000
9906
10000
10000
9411
9757
9640
10000
9861
9768
9424
9905
10000
8387
10000
9711
9989
10000
9003
10000
9818
9854
9758
9866
8776
10000
9973
10000
10000
9400
9839
9744
8609
9621
10000
9940
10000
9680
10000
9964
10000
9100
9859
9626
9705
10000
10000
9767
9759
9891
9447
9715
9831
9885
9004
9846
9952
9844
9241
8803
9866
9758
9741
10000
10000
9967
10000
10000
9689
8905
9442
9937
10000
9368
9573
9913
8967
10000
10000
9971
9740
9768
9069
10000
8110
8790
9879
10000
9792
9042
9747
9594
10000
10000
10000
10000
9386
9820
10000
10000
9262
9818
9419
10000
9734
9637
9578
9563
8694
10000
9718
10000
9611
9678
9944
10000
9818
9722
10000
9096
9860
10000
9906
8929
9627
9870
9848
9060
9343
9514
10000
10000
9535
9924
10000
9628
10000
10000
10000
9447
10000
9828
9768
9547
8842
9017
9914
9475
9163
9951
10000
9783
9774
9899
9635
9832
9710
10000
9502
9792
9868
9727
10000
9395
8978
8967
9820
9815
8773
9827
9664
9891
9649
8723
9359
9970
9962
10000
9635
10000
9703
9910
10000
9836
10000
10000
10000
9654
9243
9797
9031
10000
10000
9561
9711
10000
9550
9580
9475
9989
9752
10000
9830
8749
9416
9659
9210
8738
9558
9523
9858
9715
9916
10000
9926
9696
10000
9721
9319
9558
9520
9171
9362
9859
9343
9809
9893
10000
9573
10000
10000
9807
9650
9030
10000
9896
9816
9776
10000
9914
9856
9841
10000
10000
10000
9956
9693
10000
10000
9942
9842
9863
10000
10000
9821
10000
8971
10000
9886
9757
9891
9355
9785
9914
8522
9839
9164
10000
9854
9543
9970
9207
8698
9852
10000
10000
9527
9370
9809
9933
9997
9593
9958
9836
9785
9887
9150
9874
10000
10000
9914
10000
9806
9771
10000
9876
9546
10000
9334
10000
10000
9607
9724
9843
10000
10000
10000
10000
10000
10000
10000
10000
9300
9819
9547
9122
9253
8779
10000
9307
9933
9989
10000
9528
10000
10000
10000
8843
9853
9829
10000
10000
9241
9947
9784
10000
10000
10000
9991
10000
10000
9750
10000
10000
10000
9895
9729
10000
9852
10000
9365
9953
9667
10000
10000
9556
9844
10000
9801
10000
9990
