10000
10000
9993
9960
10000
10000
9995
9997
10000
9986
10000
9990
10000
10000
10000
9999
9967
9994
9999
10000
10000
9985
9994
9963
9967
9996
9983
10000
9998
9999
9974
9980
9899
9981
9999
10000
9990
9972
9998
10000
9966
10000
9988
9922
10000
10000
10000
9893
9962
9981
10000
10000
10000
10000
9994
9953
9981
10000
10000
10000
9975
9999
9999
10000
9999
10000
9993
9999
10000
9955
10000
9999
10000
10000
9997
10000
10000
10000
9974
10000
10000
9999
10000
10000
9999
9998
9994
10000
9982
10000
9986
9983
10000
10000
9999
10000
9959
9921
10000
10000
10000
10000
9982
9926
9996
9981
10000
10000
9999
10000
9997
9986
9997
9999
10000
9991
9999
9982
9950
9999
10000
10000
9995
9981
9999
9991
10000
9998
9995
10000
10000
10000
9921
10000
9995
9998
9998
9982
9989
9999
9997
9995
9999
10000
9986
9993
10000
10000
10000
9987
10000
9979
9970
9996
9990
10000
9998
9996
10000
9960
10000
9974
10000
9998
9953
10000
9956
9992
9995
9999
10000
9998
10000
9984
9985
9935
10000
10000
10000
9989
9982
9999
10000
9999
10000
9997
9999
9999
9993
10000
9997
9990
10000
10000
10000
9999
9998
10000
10000
9964
10000
9993
9993
9997
9999
9999
9973
10000
9997
10000
10000
9999
9918
9972
10000
9999
10000
9844
10000
10000
9995
9999
9990
10000
10000
9899
9997
9974
9934
10000
10000
9999
10000
10000
9995
10000
10000
9999
10000
9998
9999
10000
9988
9973
10000
9981
9963
10000
9998
9995
10000
10000
9999
10000
9958
10000
9984
9999
10000
9921
10000
9997
9999
10000
9999
9963
9996
10000
9977
10000
9994
10000
9992
9997
10000
9921
9999
9999
10000
9999
10000
9985
10000
9968
9999
10000
9995
9978
9998
9999
9969
9999
9971
10000
9997
9909
9996
9970
9994
9939
9963
10000
9999
9996
9994
10000
10000
10000
10000
9997
10000
9999
9997
10000
10000
9997
9953
9985
9990
10000
9996
9969
9980
10000
10000
10000
10000
9999
10000
9982
9998
9999
9996
10000
9998
10000
10000
9976
9997
9998
9947
10000
9996
9999
9990
10000
9995
9999
10000
10000
10000
10000
10000
9998
9968
10000
9998
9999
10000
9997
9985
10000
10000
9999
9998
9998
10000
9998
9989
9994
9988
9986
9999
10000
10000
10000
9999
9966
10000
10000
10000
10000
10000
10000
10000
9999
10000
9990
9996
10000
10000
10000
10000
9999
9956
9996
9998
9998
9996
9935
10000
9994
10000
9987
10000
9988
9965
9997
10000
9993
9988
9981
9979
10000
9908
10000
9950
9929
9999
9999
10000
9991
10000
10000
9964
10000
9989
10000
9995
9997
9993
9979
9968
9994
10000
9996
10000
10000
9999
9973
10000
10000
9963
9920
10000
10000
10000
10000
10000
10000
9998
9992
10000
9952
9997
9911
10000
9961
9999
9998
9996
10000
10000
10000
10000
10000
10000
10000
10000
9994
10000
9839
10000
9997
10000
10000
9918
9997
9999
9977
10000
10000
10000
10000
9990
9998
10000
10000
9990
9990
9998
9994
9915
10000
9985
10000
10000
9972
9999
9977
10000
10000
9981
9959
10000
9999
9999
10000
9874
10000
9994
9947
10000
10000
9999
9911
10000
9986
9999
10000
9996
9999
10000
9996
9941
10000
9967
10000
9997
9985
9999
9998
10000
9997
10000
9998
9997
9982
9999
10000
9994
9995
9993
9999
9970
10000
9999
10000
10000
10000
9999
9999
10000
9982
9998
9883
9978
9996
10000
9997
10000
9987
9898
10000
10000
10000
9998
9994
10000
10000
9995
10000
10000
9999
9999
9980
10000
9962
10000
9962
9996
10000
10000
9995
9999
10000
9986
9999
9981
9930
9997
10000
9881
9990
9985
9996
10000
9947
9981
9926
9993
10000
10000
9978
10000
9984
10000
9999
10000
10000
9997
9886
9999
9900
9995
10000
9998
9999
10000
9982
9998
9968
9993
10000
9999
10000
10000
10000
10000
10000
10000
10000
9996
10000
10000
10000
9984
9997
9939
10000
9993
9991
10000
10000
9991
10000
9997
10000
10000
9992
9999
9991
9965
9991
10000
10000
10000
9999
10000
9996
9945
9995
9973
9999
10000
9997
10000
9991
9994
9990
10000
9972
9982
9965
9998
10000
9982
9999
9994
9976
9997
9999
9974
9989
10000
10000
10000
10000
10000
10000
10000
9966
10000
9992
10000
9990
9998
10000
9996
9995
9991
10000
9996
9982
9978
10000
9996
9997
10000
9969
9988
9998
9997
10000
9967
9996
9970
9997
10000
9999
9994
9932
9984
9961
9998
9999
10000
10000
10000
9999
9999
9982
10000
9949
9979
10000
10000
9989
9982
10000
9993
9995
9998
9984
10000
9998
10000
10000
9995
10000
9999
9995
10000
10000
10000
10000
9980
10000
9999
10000
9997
9994
9996
9998
9993
9854
9993
9996
9998
10000
9995
9998
10000
10000
9992
10000
9998
9967
9975
10000
9943
10000
9995
9988
10000
10000
9977
9990
10000
9969
9989
10000
9992
9996
10000
9998
10000
10000
9999
10000
9965
9937
9997
10000
9990
9982
10000
9998
9978
9991
10000
9992
9999
10000
9998
9988
10000
10000
9994
10000
9971
9998
10000
9992
9990
9991
9999
9995
9996
9986
9999
10000
10000
9999
10000
10000
9958
9999
9999
10000
9921
9983
10000
10000
9998
9982
10000
9998
9991
9999
9969
9986
9904
9980
9992
9999
9998
10000
10000
9997
10000
9999
10000
9979
10000
9993
9999
10000
9921
10000
9993
10000
9999
9993
9997
9997
9993
10000
9873
10000
9999
9997
10000
9997
9965
9980
10000
9998
10000
10000
9950
9955
9996
9942
9998
9943
9994
9999
10000
9937
10000
9999
10000
9947
9966
10000
10000
10000
9984
10000
9986
10000
9910
10000
9962
10000
10000
10000
10000
9988
10000
9999
9998
10000
9984
9998
9992
10000
9999
9988
9885
10000
9995
9999
10000
9965
9999
10000
10000
10000
10000
9937
10000
9995
9998
9999
10000
9989
9997
9998
9997
10000
10000
10000
9999
9966
9996
9990
9999
9998
9990
9999
9995
9947
9992
10000
9984
10000
10000
9997
10000
9998
9999
9993
10000
10000
9999
10000
10000
10000
10000
10000
9998
10000
9993
9957
9934
9998
9999
10000
10000
10000
9976
9996
10000
10000
9965
10000
9981
9999
