9788
9711
9316
10000
10000
9781
9917
9884
9209
9312
8876
10000
10000
10000
9915
10000
9960
9918
10000
9563
9638
10000
9495
9946
9815
10000
9706
9970
9960
9828
9555
9751
9197
10000
9163
10000
9888
9557
9939
8531
9743
8884
9897
9892
9910
9649
10000
9652
10000
9998
9224
9311
9888
9316
10000
10000
10000
9060
9850
9813
10000
9637
9893
10000
9793
9823
9947
9709
9912
10000
9587
8831
9638
9026
9733
10000
9835
9915
9777
9787
9289
9586
9655
10000
9437
10000
9668
9324
9722
9010
9118
10000
10000
9553
9753
10000
9402
9961
9780
10000
10000
9923
10000
8040
10000
10000
8658
9760
9903
10000
9947
10000
8941
9939
9808
10000
9847
9610
9841
9246
9436
8262
10000
9881
9824
9604
9794
9702
9280
9761
9752
10000
10000
10000
9651
10000
9686
9882
9892
9670
9752
9721
10000
9608
9875
8712
10000
9816
10000
9690
9755
9942
9872
8964
8865
9933
9889
9206
9883
9125
10000
9517
9425
9848
9799
9871
9328
9140
9634
9520
10000
9730
10000
9779
9735
10000
9699
9907
9713
9950
9575
9953
9836
9662
10000
10000
9258
10000
9379
10000
9733
9660
9922
10000
9998
8869
9783
9996
9785
10000
9755
10000
9520
10000
10000
9859
9704
9806
10000
10000
9755
9288
10000
10000
9909
10000
10000
9721
9926
9866
10000
9991
9639
9699
9211
10000
10000
10000
9525
9983
9796
10000
9145
9394
10000
10000
9795
10000
10000
9504
10000
9954
9922
10000
10000
9246
9965
10000
9936
9528
10000
10000
9896
8556
10000
9852
10000
10000
10000
9936
10000
9897
9510
9250
8688
9852
8852
8712
9494
9643
9967
10000
9856
9891
10000
9390
10000
10000
8954
9055
9292
9221
9496
10000
8651
9897
9113
10000
8753
8794
10000
8682
10000
10000
9910
9717
10000
9464
9741
10000
9361
9898
9819
10000
9483
8806
9544
9628
10000
9383
9855
9396
8992
10000
9272
10000
8927
10000
9617
9919
9385
9217
9906
9379
9557
10000
9727
9006
9877
9489
9871
10000
9879
10000
9966
9642
9932
10000
10000
8963
9385
9748
9176
9561
9480
9743
9832
10000
9807
9846
10000
9235
9844
10000
10000
9985
10000
9761
10000
10000
9443
9535
9583
10000
9615
9802
10000
9841
9327
9814
9136
10000
8679
10000
10000
10000
9751
9990
10000
9653
10000
9801
9704
9765
9212
10000
10000
10000
9897
9604
10000
9974
9852
9718
10000
10000
9649
9626
9985
9589
9310
10000
8897
9725
9809
9919
9920
9396
8401
9646
9622
9668
9493
10000
9823
9959
9254
9662
10000
9727
9263
9873
9590
9491
10000
9863
10000
9791
10000
9720
9082
10000
10000
9794
9910
9693
9936
9951
8949
9845
9880
10000
9215
9034
10000
9706
9759
9669
9551
10000
10000
9520
9509
9949
9907
9840
9484
8937
10000
9629
10000
10000
9207
9489
10000
9808
9848
9983
9986
9935
9527
10000
9891
10000
9713
9829
10000
9318
9744
9989
9984
9766
9906
9996
9600
10000
10000
10000
9801
9737
9895
9860
9811
10000
9954
9359
9922
9423
9394
9768
9657
8769
9750
9935
9967
9957
9596
8751
8750
9286
10000
9873
9669
9142
9974
9275
10000
9176
9871
9492
10000
9643
10000
9894
9722
9659
10000
9801
10000
10000
10000
9446
9676
10000
9924
9693
8686
10000
8505
10000
9870
9937
8770
9772
10000
9055
9960
9849
9356
9774
10000
10000
9817
9856
10000
8982
9706
10000
10000
9576
10000
9525
9588
9697
9485
9918
9852
9740
10000
9911
8787
10000
10000
8633
9363
8911
9963
9283
8734
9916
10000
9908
9651
9921
9945
9610
9892
9775
9106
9231
9200
9891
9836
9793
9012
10000
9942
10000
9963
9728
9479
10000
9465
9662
8904
10000
9847
9896
10000
10000
10000
9657
10000
9345
8954
10000
10000
10000
9783
9441
9532
10000
9757
9961
9747
10000
9042
10000
9866
10000
10000
9766
9169
10000
10000
9785
9579
9282
9625
10000
9061
9625
10000
8561
10000
9253
9738
10000
10000
9627
10000
9737
9669
9794
10000
9872
10000
10000
9919
9632
9214
9716
9755
9339
9185
10000
9875
9859
10000
10000
9610
9346
9009
9941
9556
8526
8944
9890
9893
9209
10000
9599
10000
10000
8878
9836
9567
9940
9941
9783
9879
10000
9041
9839
9502
9358
10000
10000
9415
10000
9363
10000
9085
9126
8692
9995
9639
9398
9113
9963
10000
9081
9989
9604
9855
10000
10000
9506
10000
9292
10000
9890
9850
8494
9906
9692
10000
9604
9609
9905
9928
10000
9927
9167
9616
8482
9809
9933
9883
10000
9682
9914
10000
10000
10000
8566
10000
9265
10000
9377
9790
9004
9566
9622
9852
9901
9607
9955
9780
9694
9682
10000
10000
10000
9830
9466
8912
10000
9880
10000
10000
10000
8876
10000
10000
9893
10000
9963
9863
10000
9640
9494
10000
9841
10000
10000
9137
9680
9550
10000
10000
9582
8913
9288
10000
9938
9423
9751
9629
10000
8808
10000
9698
9493
9998
10000
9895
10000
10000
9732
9881
9382
10000
9936
9935
10000
9762
9927
10000
9220
9963
9749
9826
9886
9936
9636
9317
9446
9005
9917
9931
10000
10000
10000
9657
10000
9931
10000
10000
8972
9249
9497
10000
10000
9842
9590
10000
9975
9792
9788
9849
10000
9420
9667
9520
9381
9357
9888
8665
8726
9615
9472
9649
9705
9010
9871
10000
10000
10000
10000
9956
10000
10000
9583
9851
9861
10000
9903
9471
10000
10000
9753
9987
9661
10000
9816
10000
10000
9796
9811
9269
9211
9717
9977
10000
9435
9405
9258
10000
9890
9678
9758
9197
9825
9624
9917
9890
9680
9439
10000
10000
9779
10000
9727
9669
9929
9781
9862
9930
9419
9971
9219
9404
9871
9456
9533
9886
9885
9651
9311
9876
9672
9801
10000
9852
9828
9811
10000
10000
9604
9847
9151
10000
9464
10000
9373
8990
9813
10000
10000
9431
10000
10000
10000
9187
9970
9158
9850
8937
9681
10000
9971
9538
9817
10000
9909
10000
9448
10000
9560
10000
10000
9897
10000
9869
9869
9633
9891
9938
9523
9959
10000
9733
9151
9569
10000
9898
9828
9485
9944
9082
9870
9942
9142
10000
9862
9825
9402
9614
8937
