10000
9995
10000
10000
9922
9964
9995
10000
9977
9941
9914
9932
9995
10000
9995
10000
10000
10000
9970
9976
9984
10000
9983
10000
9930
10000
9923
9955
9993
9998
9992
9944
9951
9998
9992
9980
9995
9996
9960
9994
10000
10000
10000
9800
9972
9977
10000
9936
9996
10000
9989
9841
10000
9985
9999
9999
9871
9960
9996
9999
9954
9987
10000
9934
9957
10000
10000
9997
9960
9981
9988
9964
9945
9945
10000
9956
9982
9983
9999
9945
9923
9968
9986
10000
9961
10000
9982
9973
10000
9999
10000
9999
9999
10000
10000
10000
9962
9996
9961
9983
9989
9994
10000
9934
10000
9990
9991
9998
9857
9998
9937
9932
9995
9978
10000
10000
9963
10000
9978
9992
9996
10000
10000
9998
10000
9999
9999
10000
10000
9988
9896
9910
10000
10000
9919
9999
9984
9989
9987
9998
9960
10000
9999
9937
9983
9999
9999
9975
9996
10000
9987
9997
10000
9985
9956
10000
9940
9987
9994
9939
10000
10000
9999
10000
9998
9954
10000
10000
9888
9959
10000
10000
9986
9998
9919
9857
9946
10000
9973
9988
9919
9964
9998
10000
9999
9936
9996
10000
9999
9939
9999
10000
9996
10000
10000
10000
10000
9897
9950
9896
9999
9924
9996
9944
9997
9977
10000
10000
10000
9951
9996
10000
9972
9954
9981
10000
10000
9999
10000
9944
9977
10000
9905
10000
9996
9985
9984
10000
9978
9974
9963
10000
9999
9994
9991
9998
10000
10000
10000
9936
10000
10000
9986
9926
9981
9995
9992
9785
9988
9981
9979
9972
9997
10000
10000
10000
9993
9957
9991
9913
9999
10000
9968
10000
10000
9999
10000
10000
9868
10000
10000
10000
9995
9962
9987
10000
10000
10000
9912
9987
9980
9992
9987
9998
10000
9939
9942
10000
9979
9963
9998
10000
9972
10000
10000
10000
9972
10000
9998
9985
9949
9893
10000
9870
9718
9997
9990
9938
9927
9956
10000
10000
9982
10000
10000
9978
9983
9996
9947
9985
9974
9993
9908
9972
10000
10000
9994
9912
9958
9997
10000
9954
9989
10000
9989
10000
10000
9997
9944
10000
10000
10000
9931
10000
10000
9926
10000
10000
10000
9950
10000
10000
10000
9997
9932
9918
9995
9861
9989
9998
10000
9960
9964
10000
10000
9965
9993
9991
10000
9953
9864
10000
10000
10000
9932
10000
10000
9917
9998
9928
9999
9997
9956
9932
9993
9968
9985
10000
9949
10000
10000
9995
10000
10000
9988
9989
9996
10000
9992
9955
9997
9933
10000
10000
9978
9954
9796
9999
9997
9998
10000
9941
10000
9968
9975
10000
9977
10000
9966
10000
10000
9938
9951
10000
10000
9963
9999
9990
9959
10000
9977
9924
10000
9998
10000
9990
9959
9990
9966
9920
9852
9983
9992
9945
9998
9951
9658
9995
9997
9952
9887
9955
10000
10000
9922
9920
9997
10000
10000
9980
9998
10000
10000
9990
9973
10000
9995
9948
9999
9897
10000
10000
10000
9964
9940
9968
10000
9947
10000
9994
9993
9975
10000
9999
9941
9998
10000
9983
9988
9999
9965
10000
9991
10000
10000
9944
9976
10000
10000
10000
9965
9988
10000
9956
10000
9992
9830
9977
9952
9910
10000
9864
9997
9950
9937
10000
9941
9995
10000
10000
10000
9976
9977
9929
10000
10000
9994
9960
10000
9990
9989
10000
9919
9979
9997
10000
10000
9900
9929
10000
9994
9997
9995
9817
9994
9994
9972
9981
9945
9997
10000
9988
9995
10000
10000
9986
9998
9943
9998
9998
9899
9982
9965
9986
10000
9994
9979
9931
9989
9998
9939
9998
9994
9995
9875
10000
10000
9903
9958
9984
9999
9996
10000
10000
9998
9939
9982
9975
9996
9995
9998
9959
10000
9972
9998
9879
9957
10000
9826
9998
10000
10000
10000
9891
9969
9971
9982
10000
9974
9828
10000
10000
10000
9999
9957
10000
9890
9996
9985
9998
9965
9986
9969
9997
10000
10000
9958
9945
10000
9936
9997
10000
9940
10000
9896
9995
9991
9999
9996
10000
9988
9912
10000
9989
9983
10000
9912
10000
10000
9898
9995
9939
9972
9950
10000
9999
9982
9873
9981
10000
9995
9997
10000
10000
10000
9966
10000
9997
10000
9975
10000
9986
10000
9927
9972
9842
10000
10000
10000
10000
9963
9999
9923
9963
10000
9967
9996
9991
9990
9984
9918
9999
9990
9993
9997
9999
9999
10000
10000
9978
10000
9996
9923
10000
10000
10000
9999
9965
9918
9966
9880
9988
10000
9995
10000
10000
9981
10000
9997
9996
9979
10000
10000
9938
10000
10000
10000
9980
10000
9973
9994
9994
9874
9887
10000
9965
9962
9997
9942
10000
10000
9965
9999
9997
10000
10000
9989
10000
9997
9997
9974
9968
9942
9980
9955
9976
10000
9912
9913
9999
9980
10000
10000
9907
9995
10000
10000
10000
10000
9980
9985
10000
10000
9975
9992
9927
9968
9998
9966
10000
10000
9952
9988
9973
9967
10000
9987
9998
9921
9953
10000
10000
9997
9980
9989
10000
9991
9971
10000
10000
9999
10000
9977
9970
9951
10000
9996
10000
10000
9966
9983
10000
9984
9982
10000
10000
9908
10000
9948
9941
9907
9996
9897
10000
9957
9998
10000
9921
10000
9998
9998
10000
9996
10000
9893
9999
10000
9979
9976
9957
9968
10000
9953
9998
10000
9988
9990
10000
9998
9974
9968
9973
9999
10000
9979
9923
10000
9958
9959
9992
10000
9996
9958
10000
9955
9997
9992
9955
9996
9976
9981
9996
9986
9941
10000
10000
9915
10000
9863
9962
9997
9980
10000
10000
10000
9922
9990
9962
9962
10000
9990
9932
9999
10000
10000
9944
10000
9925
10000
10000
9928
9997
9913
9981
9922
10000
9933
10000
10000
9970
10000
9949
9972
9998
9979
10000
9938
9980
9962
10000
9986
9989
9995
9996
9990
9961
9994
10000
10000
10000
9907
9842
9984
10000
9995
9999
10000
10000
10000
9975
9917
9984
9999
10000
9974
9986
10000
9950
9936
9969
9981
10000
9990
9956
9986
9996
9965
9994
9998
10000
9997
9986
9997
9986
9963
10000
9970
9936
9996
9978
10000
9999
10000
9988
10000
10000
10000
9872
9883
9980
9985
9989
9978
10000
9989
9976
9975
10000
9986
9996
10000
9997
10000
9856
9989
10000
9990
9904
9991
9998
