9789
9504
9847
9695
9370
9856
10000
10000
9922
9573
10000
9286
9608
10000
10000
9261
9896
10000
9550
9293
9459
9928
9353
9981
10000
9933
9929
10000
9589
9557
9980
9959
9551
10000
9639
10000
9952
10000
10000
10000
9953
9944
9455
10000
8620
9346
8881
9664
9854
9545
10000
10000
9267
9945
10000
9891
10000
9877
9987
10000
9982
10000
9322
9714
10000
10000
9119
10000
9648
10000
9961
10000
9958
10000
9782
10000
9979
9930
10000
10000
9893
9720
9616
9919
10000
10000
10000
10000
9398
10000
9823
9971
10000
9048
9901
9944
9932
9908
10000
10000
9867
10000
8779
9783
10000
9898
10000
10000
10000
9335
9959
9807
9826
10000
9978
10000
9102
9714
9832
9526
10000
10000
10000
9016
9098
10000
10000
9719
9928
10000
9590
9695
9985
9325
9671
10000
10000
9478
9717
9896
9333
9374
9619
9982
9823
9430
9773
9566
9740
9765
10000
9670
9804
9540
9820
9921
9911
10000
8986
9828
10000
10000
10000
10000
9684
9730
9260
10000
10000
9896
9850
9548
10000
8332
9095
9344
10000
9871
9720
8912
8641
9752
10000
9337
10000
9628
9682
10000
10000
10000
10000
10000
10000
10000
9538
9699
9555
9494
9804
9730
9684
9140
9127
9956
9754
9657
9544
9109
10000
10000
9722
8417
10000
10000
10000
9864
9477
10000
9173
9821
9834
9962
9985
10000
9865
10000
9776
10000
9682
10000
8791
10000
9998
9835
9651
9913
10000
10000
9600
9476
9001
10000
9624
10000
9857
9733
8524
9291
9765
10000
9533
10000
9937
9692
10000
9178
9271
9847
9722
9845
9391
10000
9219
9737
10000
9545
10000
10000
9829
9890
9796
9332
9470
9929
9730
9989
10000
9625
10000
9400
9735
9807
9696
9898
10000
10000
10000
10000
8724
9886
9878
10000
9807
10000
9793
9025
9148
9778
9969
9620
9209
10000
9509
9985
9526
8238
9378
10000
9399
9942
9477
10000
9795
9790
10000
9609
10000
10000
10000
10000
10000
9727
10000
10000
9857
9493
10000
10000
10000
9877
9886
9840
9521
10000
9677
10000
9788
9718
8854
10000
9917
10000
9828
9381
10000
10000
9752
10000
9909
10000
9887
10000
9836
10000
9560
10000
10000
10000
9953
9983
9703
9936
9952
10000
10000
10000
10000
9909
9929
10000
10000
9216
10000
9929
9155
10000
10000
9844
9454
9933
8738
9480
10000
9586
9757
10000
10000
9737
9644
9963
10000
10000
9586
9882
10000
9352
10000
10000
9878
9108
9962
9894
9936
9133
9857
9750
9254
9444
9509
10000
10000
9118
9995
9917
9452
9348
9823
9707
9984
9863
9877
10000
10000
9126
9857
9212
9875
10000
9986
9060
10000
9872
10000
10000
9738
9837
10000
10000
8990
9913
10000
9847
9516
10000
9854
10000
9998
9761
9739
9899
9855
10000
10000
10000
9916
8665
10000
10000
9715
9933
9827
10000
10000
10000
9642
9607
9747
10000
10000
10000
9753
10000
9833
9909
9270
9439
10000
10000
10000
10000
10000
9634
9738
10000
9321
10000
9746
10000
9843
9062
9514
10000
9712
9287
8831
10000
9019
9886
9850
9535
10000
10000
10000
10000
9930
9363
9707
10000
8518
9737
9761
10000
10000
10000
9730
9925
9654
9897
8795
10000
9424
9468
9937
9723
9732
8301
9797
9309
10000
9204
10000
10000
10000
9911
10000
9684
9831
9211
9430
9701
9276
9948
9158
9973
10000
9937
9862
10000
9830
9806
9438
9589
10000
10000
9884
9416
9922
10000
9915
9628
9489
10000
9034
8949
10000
9297
9593
9992
9488
10000
9974
9426
10000
8584
10000
10000
9901
10000
9620
10000
9939
10000
10000
8954
9965
9080
10000
9990
9156
8987
9460
9700
9854
10000
9728
9303
10000
9766
9956
9801
10000
9769
9490
9643
9799
9787
9589
9998
9471
9027
9263
9678
10000
9851
9495
9685
9737
10000
10000
9997
10000
9755
9822
9947
10000
10000
9763
10000
9244
10000
9983
10000
8904
9929
9439
9508
8752
9163
9608
10000
9886
10000
10000
9265
9835
9879
8821
9587
9724
10000
9312
9773
9126
9702
8726
9922
9278
9573
10000
9205
9684
10000
9494
9972
9754
9941
9751
9620
9452
9977
10000
9092
9954
10000
10000
10000
9292
10000
9392
9226
10000
9747
9806
10000
10000
10000
9443
9191
10000
9859
9775
10000
9673
8565
9137
9891
9667
9893
9352
9644
9972
8922
10000
9887
10000
9671
10000
9648
9802
9662
10000
9848
9624
9440
9924
9079
9896
8959
9745
9626
9195
10000
10000
10000
9936
9964
9281
9625
10000
9549
10000
10000
9907
9437
10000
10000
10000
9930
9773
9066
10000
10000
10000
10000
9937
9810
9988
9038
10000
9048
10000
8932
10000
9741
9546
9743
10000
9986
8951
9851
9809
10000
10000
9988
10000
9869
9483
9853
9956
9705
9414
10000
9376
9704
10000
9902
9774
9843
10000
9613
9563
9685
10000
9709
9383
10000
9662
9127
9679
9889
9933
9590
8886
9108
10000
9278
9303
9857
9978
10000
9565
9668
10000
10000
9583
10000
9762
9919
9680
9516
9539
10000
9620
9803
10000
9602
10000
9932
9554
10000
10000
9161
9865
10000
10000
10000
9195
10000
9179
10000
9360
10000
9712
8824
10000
10000
9631
10000
9370
9270
9779
9888
9957
9478
9642
10000
9874
9652
10000
9877
10000
10000
10000
9932
9495
9661
10000
9970
9107
10000
9896
10000
10000
9713
10000
9949
9923
9545
8960
10000
9183
10000
9628
9751
10000
8864
10000
9990
10000
10000
9179
10000
9197
9647
9869
9929
9578
9893
9842
9899
10000
9727
9525
10000
9903
9925
10000
10000
9633
9789
9869
9834
9676
10000
9706
9922
9971
9960
10000
9762
9409
10000
10000
9262
9974
9926
9709
10000
9677
9811
9163
9508
9691
10000
10000
9794
10000
9379
9864
9763
9684
10000
9662
9671
9023
9257
9237
10000
10000
9971
8618
10000
10000
9888
10000
9564
9847
10000
10000
10000
9712
9531
9742
10000
9411
9318
9905
9827
8953
9837
9933
10000
9723
9814
10000
9905
9872
9787
9593
9128
9469
9239
8740
9965
9849
9868
10000
10000
10000
9729
9563
9882
9808
10000
9711
9792
9741
8723
9799
9681
10000
9589
8774
10000
10000
10000
9881
9743
10000
9635
