10000
10000
9992
10000
9898
9902
9917
9179
10000
9867
10000
9753
9458
9978
9457
9333
9824
9118
9631
10000
9841
9877
9731
10000
9647
9677
10000
10000
8865
9855
10000
9428
9910
10000
9786
9335
9925
9988
8908
8637
10000
9959
9844
10000
9126
9289
10000
10000
10000
9990
9864
8997
9800
9113
9277
10000
9947
9197
9802
9987
9425
9890
9395
10000
9400
9913
9956
9403
10000
10000
8970
10000
9772
10000
9819
10000
9935
9303
10000
10000
9710
9615
8495
10000
10000
9862
10000
10000
9749
9369
9903
10000
9928
9735
10000
10000
9790
10000
9930
10000
10000
10000
10000
9413
10000
10000
9976
9835
9735
9834
9884
9711
10000
9544
9713
9382
9932
9908
9567
9935
9935
9300
10000
9477
9418
9870
8989
9167
10000
9488
9820
9887
9709
9873
9986
10000
9700
10000
9605
10000
9919
10000
10000
9996
9703
9308
9384
9680
9409
10000
10000
9946
9909
10000
10000
9956
9542
9843
9777
10000
9654
9813
9625
10000
9740
10000
9538
9726
8982
10000
8677
9341
10000
10000
8808
10000
9981
10000
9650
10000
10000
8728
9944
9623
9289
9911
9070
9348
10000
9906
9860
10000
9929
9701
9669
10000
8914
9805
9796
10000
10000
10000
9335
9914
10000
9879
10000
9874
10000
9763
10000
10000
9783
10000
10000
9550
8875
9078
10000
9904
10000
9819
10000
9270
10000
9917
9718
10000
10000
10000
9321
9844
9880
9332
9775
9892
9848
9939
9457
10000
9546
10000
10000
8879
9875
10000
10000
9599
10000
9904
10000
9929
10000
10000
9943
10000
9871
10000
9725
9007
9527
9866
9734
10000
9150
9778
9753
9246
9901
9842
9974
10000
9948
8986
9630
9853
8756
9757
9650
10000
9622
9871
10000
9889
9614
9118
9675
9835
9679
10000
9926
10000
10000
9907
9316
9910
9065
10000
9934
10000
9672
9819
9778
9706
9968
10000
9214
9902
9247
8819
9378
9371
9641
9942
10000
9798
10000
10000
10000
9885
10000
9507
9886
9634
10000
10000
8131
9966
9866
10000
9715
10000
10000
9961
9893
9194
9857
10000
9149
9771
9916
10000
10000
10000
8986
10000
9121
9850
10000
9691
10000
10000
10000
9868
10000
9519
10000
10000
9450
10000
8916
9889
9917
9888
10000
9536
9208
9870
9325
10000
9869
9757
9468
10000
9792
9117
9694
9861
9525
9796
9328
9526
9441
9907
9882
10000
10000
9712
10000
9764
9638
9924
9952
10000
10000
9632
10000
9385
10000
9375
9666
10000
9870
9779
10000
10000
9841
10000
9604
9841
9273
8823
8550
9583
9684
9780
9997
9660
9169
9910
9597
10000
10000
10000
9824
9811
9740
10000
9631
10000
10000
10000
9728
9633
9674
10000
9988
10000
9501
9777
9522
9991
10000
9891
9942
9482
9842
9190
9955
9772
8923
9617
9421
10000
9722
9394
9435
9559
10000
9920
10000
9379
9414
10000
9837
9835
9523
10000
10000
10000
9218
9347
9849
9975
9168
9002
9286
10000
9834
10000
9825
10000
9731
9779
9672
9478
9972
9551
9411
9343
8864
8700
9390
10000
10000
9781
9949
9942
9653
9880
10000
10000
9789
10000
9253
9392
9485
10000
9739
9936
8818
10000
9791
9117
9481
10000
9772
9335
9669
9436
9885
9938
9997
9889
9433
10000
9432
9639
8698
9556
10000
8738
9466
9514
10000
10000
9888
9731
9879
10000
9655
9888
9773
8506
9919
9966
9319
9409
10000
8960
10000
9666
9902
9887
9699
9753
10000
9655
10000
9766
10000
9747
10000
9853
9386
9439
10000
9617
8958
9915
10000
9857
9524
9184
9614
9791
10000
9792
9782
9990
9564
9953
9952
9471
9830
9764
9980
9928
10000
10000
9448
9868
10000
9493
8654
9495
10000
9672
9645
9939
9969
9857
9030
9437
9678
9917
9870
9984
9760
8790
10000
9746
10000
9650
10000
9784
10000
10000
8818
10000
10000
8707
9527
10000
9985
9499
10000
9574
9603
10000
10000
10000
8908
9891
9697
9925
10000
9934
10000
9937
9505
9888
9772
9828
10000
9660
10000
10000
10000
9021
10000
10000
9762
10000
10000
10000
9778
10000
9590
10000
10000
10000
10000
10000
10000
10000
9871
9740
9693
9256
9411
9792
9662
9186
10000
10000
8775
9321
9555
9806
10000
10000
9963
9654
8863
9951
9448
9325
9689
9959
9750
9701
9705
9869
10000
10000
9234
10000
9709
10000
9593
10000
9875
9250
9677
9013
9330
9882
9842
10000
9561
10000
9954
9411
10000
9675
9857
8361
9625
10000
9307
9368
9378
10000
9714
9892
10000
9191
9907
9791
9383
9622
9408
9534
9905
10000
8951
9903
9715
9920
9672
9631
9914
9865
10000
9023
9771
9572
9820
9346
9962
10000
10000
10000
9406
9656
10000
9059
9709
10000
9337
9745
10000
10000
9634
9222
10000
9836
10000
9340
10000
10000
9803
10000
9646
9945
9759
9176
9501
9943
10000
9197
10000
9374
9617
10000
10000
10000
9088
9639
9849
10000
9503
10000
9678
9511
9844
8682
9449
10000
9646
9344
9892
8675
10000
10000
10000
10000
10000
9252
9101
10000
9761
9793
10000
9363
10000
10000
10000
9953
9926
9778
9273
10000
9404
9932
9414
9657
10000
9247
9470
10000
9800
9440
9839
8735
9810
9414
10000
9928
9726
8769
9435
8742
9641
9453
9224
9584
9208
10000
8823
10000
10000
10000
9733
10000
9941
10000
10000
9983
10000
9908
9736
9661
9887
9655
10000
10000
9443
10000
8847
9746
10000
9937
9822
9944
9693
10000
10000
10000
9520
9940
9888
9729
10000
9928
9842
9986
9113
8787
10000
9409
9517
9558
9307
9196
9303
9874
10000
9846
10000
9690
10000
10000
9913
10000
9420
9187
9587
9332
10000
10000
9384
9132
10000
10000
9415
9820
10000
10000
10000
9750
9606
8920
9487
9700
10000
9131
10000
9469
9932
9930
9651
9935
9853
8935
9178
10000
9924
10000
10000
8864
9136
10000
9928
10000
10000
10000
9933
9696
9941
9694
9623
9540
9820
9775
9188
9200
10000
9850
9299
10000
8977
10000
10000
9854
10000
10000
10000
10000
10000
9808
9857
9707
10000
10000
9830
9741
10000
9940
9311
10000
9647
9668
9946
9977
8791
9780
9561
9851
9245
9405
8955
10000
9725
9807
9919
8988
9733
8872
