10000
9973
9998
9987
9999
9999
9993
10000
9883
9989
9994
9993
10000
9997
9999
10000
9998
10000
9989
10000
10000
9971
9990
10000
9997
9998
9990
9999
10000
9995
10000
10000
9987
10000
10000
10000
9982
9999
9991
10000
9995
9998
9994
9997
9984
10000
10000
9999
9967
9981
9995
9993
10000
9999
9997
10000
9992
9999
10000
9996
9985
9998
9994
10000
9976
10000
10000
9993
9997
9994
9997
10000
9998
9989
10000
9999
9999
9947
10000
10000
10000
10000
9995
9989
9996
9999
9998
9999
10000
10000
9997
9993
9973
10000
9990
9998
9993
10000
9963
9999
9998
10000
9994
9999
9999
10000
9999
10000
9998
10000
9994
10000
9984
9997
10000
10000
10000
10000
9997
9997
9998
9999
10000
9999
10000
9981
9990
9998
9990
10000
9996
9999
9994
10000
9997
10000
9996
9999
9993
9966
9998
10000
10000
10000
9993
10000
9953
9994
9998
9997
10000
10000
9999
9998
9999
10000
10000
9994
9995
9995
9984
10000
9999
9967
9989
10000
10000
9995
9995
9996
10000
10000
10000
9988
9989
9994
9980
9995
10000
10000
9992
9986
10000
9965
9979
10000
9989
9999
9998
9999
9999
9990
9999
9997
9998
9988
10000
9999
9986
10000
9994
9998
10000
10000
9971
10000
9936
10000
9998
9999
10000
9988
9945
10000
9999
9982
10000
10000
9998
9998
9981
9997
10000
9999
10000
9998
10000
10000
10000
10000
9956
9961
9998
10000
10000
9999
10000
10000
9966
10000
9951
10000
9981
9941
9989
9947
9971
10000
9909
9999
9999
9999
10000
10000
9995
9999
10000
10000
10000
10000
10000
10000
9994
9960
9989
9997
9980
10000
9998
9992
10000
9998
10000
9978
9997
10000
9997
9998
10000
9997
9997
9997
10000
9990
10000
10000
9998
10000
9972
10000
10000
9987
10000
10000
9998
9987
9994
9999
10000
9999
9993
10000
9997
9988
9998
9995
9998
9999
10000
9997
9999
10000
9987
10000
9998
10000
9998
9998
9999
10000
10000
9976
10000
10000
9996
9996
9999
9996
9892
9998
10000
10000
9995
9999
10000
10000
10000
9967
10000
9998
10000
9996
9935
10000
9992
9993
9989
10000
9999
9999
9996
9991
9992
9946
9999
9993
9999
10000
10000
9996
10000
9984
9970
9997
10000
10000
9999
10000
9992
10000
9994
10000
9997
9997
9980
9999
9995
10000
9987
10000
10000
9985
9999
10000
9977
10000
10000
10000
10000
9993
9977
10000
10000
9999
10000
10000
9996
9989
9999
10000
10000
9997
9999
9994
10000
10000
10000
9994
9997
9983
9997
9999
9983
9999
9999
10000
9994
10000
9993
9997
9997
9995
9995
9993
9992
10000
9974
9983
9934
9981
10000
9989
9998
9998
9998
9996
9993
9996
10000
10000
9988
9948
9998
10000
9988
10000
9996
10000
10000
10000
9967
9998
9996
9998
9951
9999
10000
9997
9971
9998
10000
9972
9996
9998
10000
10000
10000
9999
10000
9999
10000
9957
9985
9999
10000
9997
9999
10000
9996
10000
9999
9998
9998
9982
9998
10000
10000
9977
10000
9998
9985
9964
10000
9997
9998
9998
9973
10000
10000
9992
10000
9997
10000
10000
10000
9998
9999
10000
9999
9995
9983
10000
9961
9990
9969
9997
10000
10000
10000
9998
9999
9973
9996
9972
9957
9943
9995
10000
9984
10000
9991
9984
9999
9885
9998
9993
9995
9982
9993
10000
9997
9997
9982
10000
9995
9931
10000
10000
10000
9948
10000
9997
10000
10000
10000
9994
9997
9997
9861
10000
9989
9996
9997
9999
10000
9999
9996
9987
10000
10000
9993
9997
10000
9993
9997
9998
9989
9987
9979
9999
10000
10000
9994
10000
9999
9986
9974
9965
9991
10000
9972
9999
9998
9999
9999
10000
10000
10000
9995
9988
9998
10000
10000
9999
9997
9972
9998
9975
9983
9999
9946
10000
9999
9997
10000
10000
9986
9986
9988
9995
10000
10000
9993
9991
9996
10000
10000
10000
9999
10000
10000
9993
10000
10000
9993
9997
9999
9994
10000
9999
10000
9989
9997
9991
9980
9999
9999
10000
10000
9998
9996
10000
9984
9995
10000
9999
9999
9999
10000
9956
10000
10000
9983
9993
9999
9997
10000
9998
10000
9998
9979
9998
9999
10000
10000
9905
9990
9991
9999
10000
9998
10000
9980
10000
9997
9998
9994
9992
9997
9998
9998
9994
10000
9995
9990
9999
9989
10000
9992
10000
9999
10000
10000
10000
9999
10000
9998
10000
9996
9998
9988
10000
9995
10000
9990
9997
9999
9993
9999
9999
9998
9998
9996
10000
9998
9948
9975
10000
10000
10000
9994
9997
10000
9999
9999
10000
9999
9999
9995
10000
9941
9984
10000
9997
9993
9990
10000
9998
9995
9997
9997
9995
9998
10000
10000
10000
10000
9978
9997
9999
10000
10000
9997
10000
9987
9997
10000
9999
9997
10000
10000
9999
10000
9996
9993
10000
9991
10000
9996
10000
10000
10000
9997
10000
9999
9989
9985
10000
10000
9986
9995
9995
10000
9998
9983
10000
10000
9998
9996
9979
9981
10000
10000
9997
9998
9988
10000
10000
9984
9989
9992
9994
10000
9986
9974
9981
10000
9996
10000
10000
10000
9998
10000
9982
9998
9999
9960
9999
10000
9997
9864
10000
9918
10000
9968
9992
10000
9961
9999
10000
9999
9960
9989
9987
9996
10000
10000
9999
9997
9997
10000
10000
9984
9965
9998
9999
10000
9944
9997
9999
10000
10000
10000
9991
9995
9999
10000
9997
9996
9999
9999
10000
10000
9997
10000
9997
10000
9999
9998
10000
9997
10000
10000
9999
9994
10000
10000
10000
10000
9996
9962
9995
10000
10000
9999
9999
10000
9999
10000
10000
10000
10000
9999
9891
9999
9980
9996
9999
9999
10000
9999
10000
9998
9998
9999
9996
10000
10000
10000
9984
10000
9999
9996
9998
9996
9998
10000
10000
9996
9979
9996
9999
9996
9963
9999
9992
9959
10000
9992
9999
10000
9998
9999
9995
9999
10000
10000
9999
10000
10000
10000
10000
10000
9982
9992
9998
9999
10000
10000
10000
9999
9997
10000
10000
9982
9995
9996
10000
10000
9989
10000
9997
9996
9999
9998
9995
9996
9996
9985
9995
9935
9999
10000
9986
10000
9995
10000
9998
9999
9996
9999
10000
9985
9978
9985
9998
10000
9984
10000
9997
