10000
10000
10000
10000
10000
10000
10000
9952
10000
10000
10000
10000
10000
10000
10000
10000
10000
10000
10000
9108
10000
10000
8832
10000
10000
10000
10000
10000
10000
9438
10000
10000
10000
10000
9203
9703
10000
10000
9937
9551
10000
10000
9618
10000
10000
9644
10000
10000
10000
10000
10000
10000
10000
10000
10000
10000
9429
10000
10000
10000
10000
10000
9568
10000
10000
10000
10000
10000
9867
9941
9339
10000
10000
8982
10000
10000
10000
10000
10000
10000
9150
10000
10000
10000
10000
10000
9590
10000
10000
10000
10000
9165
10000
10000
10000
9749
10000
10000
10000
10000
10000
10000
10000
10000
10000
10000
10000
9472
10000
10000
10000
10000
10000
9299
10000
10000
10000
9152
9230
10000
9722
10000
10000
9767
9761
10000
10000
10000
9252
9574
10000
9552
10000
10000
9544
10000
10000
10000
9401
10000
10000
10000
10000
8909
10000
10000
10000
10000
10000
9237
9746
10000
10000
10000
10000
9811
10000
10000
10000
10000
9346
10000
9786
10000
10000
10000
10000
10000
10000
10000
10000
10000
10000
9281
9873
10000
9072
10000
9564
9736
10000
10000
10000
10000
10000
10000
10000
10000
10000
10000
10000
10000
10000
10000
10000
10000
9648
10000
10000
10000
10000
9762
9975
10000
10000
9680
10000
10000
10000
9501
10000
8833
10000
10000
10000
9779
10000
10000
10000
10000
9177
9825
9978
10000
10000
10000
10000
10000
9253
10000
10000
10000
9660
10000
9065
10000
10000
9591
10000
10000
10000
10000
9058
10000
10000
10000
10000
10000
10000
9678
10000
10000
10000
9900
10000
8904
10000
9941
10000
9906
10000
10000
10000
10000
9768
9344
10000
10000
10000
10000
10000
9079
9362
10000
9438
10000
10000
10000
10000
9668
10000
10000
10000
9378
10000
9729
10000
9268
9280
10000
9866
10000
10000
10000
9812
9685
9019
9469
9354
10000
10000
10000
10000
10000
10000
10000
10000
10000
9228
10000
10000
10000
10000
10000
10000
10000
10000
8783
10000
9005
9933
9537
10000
10000
10000
8724
10000
10000
9581
10000
9598
10000
9558
10000
9578
10000
10000
9197
9772
9340
9350
10000
9670
10000
10000
10000
10000
10000
9342
10000
10000
10000
10000
9160
10000
10000
10000
10000
10000
10000
10000
10000
10000
9795
10000
9184
10000
8817
10000
10000
10000
9806
10000
10000
10000
10000
10000
10000
9812
10000
10000
10000
10000
10000
10000
9706
10000
9299
9379
10000
10000
9267
9134
10000
10000
9886
10000
10000
10000
8965
10000
10000
10000
10000
10000
9753
10000
10000
10000
10000
10000
8785
9249
10000
9698
10000
10000
9399
10000
8933
9475
9890
10000
10000
9485
9638
10000
9686
10000
8776
10000
10000
10000
9760
9439
9204
9719
10000
10000
9584
10000
10000
10000
10000
10000
10000
10000
10000
9213
10000
10000
9498
10000
10000
9757
10000
10000
10000
9839
10000
10000
10000
10000
10000
10000
10000
9980
9469
10000
10000
9868
9265
10000
10000
10000
9329
10000
10000
10000
10000
10000
10000
10000
10000
10000
10000
10000
10000
10000
10000
10000
10000
9615
9226
9876
10000
10000
10000
10000
10000
10000
10000
10000
9038
9351
9267
9606
10000
10000
10000
9907
10000
10000
10000
10000
10000
10000
10000
10000
10000
9260
10000
10000
10000
10000
9910
9329
10000
10000
10000
10000
10000
10000
10000
10000
9797
10000
9693
10000
9418
10000
10000
10000
8977
10000
10000
10000
9548
9690
9876
9250
9163
10000
10000
10000
10000
9757
10000
9474
10000
10000
10000
10000
10000
10000
9839
10000
9066
10000
10000
9245
10000
10000
10000
10000
10000
10000
10000
10000
8905
9293
9869
9769
10000
9521
10000
10000
10000
9711
9463
10000
9855
9702
9794
10000
10000
10000
10000
10000
9274
10000
10000
9884
9685
10000
10000
9602
10000
10000
10000
9917
10000
9593
9718
9605
10000
10000
9881
10000
9599
10000
9934
10000
10000
9880
9637
9839
10000
10000
10000
9678
9775
8814
9831
10000
10000
10000
10000
9631
9598
9472
10000
10000
10000
9615
9014
10000
9339
9288
10000
10000
10000
10000
10000
10000
9245
9517
9636
10000
10000
9513
10000
10000
9410
9733
10000
10000
10000
10000
10000
10000
10000
9932
9928
10000
10000
10000
10000
9366
10000
10000
10000
8996
10000
10000
9735
10000
10000
10000
9355
10000
10000
10000
10000
8992
10000
10000
10000
10000
9942
10000
9578
10000
10000
9421
10000
9475
10000
10000
10000
10000
10000
10000
10000
10000
10000
10000
10000
10000
10000
10000
9438
10000
10000
10000
10000
10000
9929
10000
10000
10000
10000
9484
8961
10000
10000
8966
9785
10000
10000
10000
9084
10000
10000
10000
9622
10000
10000
10000
10000
10000
10000
10000
10000
9361
10000
9175
10000
10000
9341
9321
10000
10000
9609
9243
10000
10000
10000
10000
10000
10000
10000
10000
9372
10000
10000
10000
10000
10000
9313
10000
10000
10000
10000
10000
10000
10000
10000
10000
10000
10000
10000
10000
9134
10000
9883
10000
10000
9636
10000
10000
10000
10000
10000
10000
10000
10000
10000
10000
9995
10000
10000
10000
10000
10000
10000
10000
10000
10000
10000
10000
8943
9705
9217
10000
10000
9896
10000
10000
9072
10000
9638
9148
9921
10000
10000
9707
10000
10000
10000
10000
8992
10000
9427
10000
9154
10000
10000
10000
8815
10000
10000
10000
10000
10000
9713
10000
9995
10000
10000
10000
10000
10000
10000
10000
9826
9218
10000
10000
10000
9707
10000
10000
9365
10000
10000
10000
10000
10000
10000
10000
10000
10000
10000
10000
10000
10000
10000
10000
10000
9793
10000
10000
9952
10000
10000
10000
10000
9202
10000
9133
10000
9392
9527
10000
10000
10000
9189
9970
10000
10000
10000
9105
10000
9879
10000
10000
10000
10000
9658
9152
10000
10000
10000
10000
10000
10000
10000
9845
9371
10000
10000
10000
10000
10000
10000
10000
9881
10000
9696
10000
9762
9200
10000
10000
10000
10000
10000
10000
10000
10000
10000
9760
9820
10000
9210
10000
9821
10000
10000
10000
10000
10000
10000
10000
10000
10000
10000
10000
9892
10000
10000
10000
10000
9416
10000
10000
10000
10000
9607
9789
9417
10000
9299
10000
10000
10000
8794
10000
10000
10000
10000
10000
10000
10000
10000
10000
10000
10000
10000
