10000
10000
10000
10000
10000
10000
10000
10000
9999
10000
10000
10000
10000
10000
9987
10000
9998
10000
10000
10000
10000
9999
10000
10000
10000
10000
10000
10000
10000
10000
10000
10000
9997
10000
10000
9999
9999
10000
10000
10000
9999
9998
9994
10000
9998
9999
9999
9998
10000
10000
10000
10000
10000
10000
9997
10000
10000
10000
9999
10000
10000
10000
10000
10000
9990
10000
9998
10000
10000
9999
9999
10000
9999
9983
9998
10000
9998
10000
10000
10000
10000
10000
9999
9998
9996
10000
9999
9995
10000
9999
9999
10000
9998
10000
9991
10000
10000
9999
10000
10000
10000
10000
10000
10000
10000
10000
10000
9998
10000
10000
9996
10000
10000
10000
10000
10000
10000
10000
10000
10000
10000
10000
10000
10000
10000
10000
9962
10000
10000
9999
9999
9996
10000
10000
10000
10000
10000
9999
10000
9998
10000
9998
10000
9999
10000
10000
10000
9998
10000
9999
9988
10000
10000
9999
9999
10000
9997
10000
10000
10000
10000
10000
9999
10000
10000
9999
9998
10000
10000
9984
10000
9999
10000
10000
10000
10000
10000
10000
9999
10000
9998
10000
10000
10000
10000
10000
10000
10000
9999
9999
10000
10000
10000
10000
9961
10000
10000
10000
10000
10000
9999
10000
10000
10000
10000
10000
10000
10000
10000
10000
10000
10000
10000
9999
10000
10000
9993
10000
10000
9959
10000
9989
10000
9993
10000
10000
9997
10000
9999
10000
10000
10000
10000
10000
10000
10000
10000
9999
9998
9999
10000
10000
10000
9998
10000
10000
9999
10000
10000
10000
9999
9991
10000
10000
10000
10000
9998
10000
10000
9995
10000
10000
10000
9995
9994
9999
10000
10000
10000
10000
10000
10000
10000
10000
10000
9999
10000
10000
10000
10000
9997
9999
10000
10000
10000
10000
10000
10000
10000
10000
10000
9999
10000
10000
10000
10000
10000
10000
10000
10000
10000
10000
10000
10000
10000
10000
10000
10000
10000
10000
10000
10000
10000
9996
9999
9997
10000
10000
10000
10000
9999
10000
10000
10000
10000
10000
10000
10000
9997
10000
10000
9998
10000
10000
9999
9999
10000
10000
10000
10000
10000
10000
10000
9999
10000
10000
10000
10000
9998
9999
9998
10000
10000
9999
10000
10000
10000
9995
9998
10000
10000
10000
10000
9999
10000
10000
10000
9999
10000
10000
10000
9998
10000
10000
9999
10000
10000
10000
10000
10000
10000
10000
9998
9999
9998
10000
10000
10000
9998
10000
10000
10000
10000
10000
10000
10000
9999
10000
10000
10000
10000
10000
9999
9999
10000
10000
9996
9998
9998
9999
10000
9997
10000
10000
10000
9999
10000
10000
10000
10000
10000
10000
9990
9998
10000
10000
10000
10000
9999
9999
10000
10000
10000
10000
10000
10000
10000
9980
10000
10000
10000
10000
10000
10000
10000
10000
10000
10000
10000
10000
10000
10000
9999
10000
10000
10000
10000
9999
10000
9994
10000
10000
10000
10000
10000
10000
10000
9999
10000
10000
10000
10000
10000
10000
10000
10000
10000
10000
9999
10000
9999
10000
10000
9988
10000
9997
9996
10000
10000
9999
9999
10000
10000
10000
9999
10000
10000
9999
10000
9999
9999
10000
10000
10000
10000
10000
10000
10000
10000
9995
10000
10000
9997
10000
10000
10000
10000
10000
10000
10000
10000
9997
10000
9999
9999
10000
10000
10000
10000
10000
9998
9997
10000
10000
10000
10000
10000
10000
10000
10000
10000
10000
10000
10000
10000
10000
9998
10000
10000
10000
9995
10000
9999
10000
10000
10000
10000
10000
9999
10000
9999
10000
10000
10000
9999
9999
9999
10000
10000
9992
10000
9999
10000
10000
10000
10000
9999
9999
10000
10000
9999
9938
10000
10000
10000
10000
10000
9999
10000
10000
10000
10000
10000
10000
10000
10000
10000
10000
9999
10000
10000
10000
10000
9999
10000
9998
10000
10000
10000
9999
10000
10000
10000
10000
10000
9999
9998
9999
9993
10000
9996
10000
9999
10000
9998
10000
10000
10000
10000
9987
10000
10000
10000
9998
10000
10000
10000
10000
9999
9995
9991
10000
9998
10000
9999
10000
10000
9999
9999
10000
10000
9986
10000
10000
10000
10000
10000
10000
10000
10000
10000
9999
9973
10000
10000
10000
10000
10000
10000
10000
10000
10000
10000
10000
10000
10000
10000
10000
10000
10000
10000
10000
10000
10000
10000
9997
9998
10000
10000
9999
10000
10000
10000
10000
10000
10000
9998
10000
10000
10000
9994
10000
10000
9987
10000
10000
9997
10000
10000
9994
10000
10000
10000
10000
10000
9999
10000
10000
10000
9998
10000
9999
10000
10000
10000
9998
9999
10000
10000
10000
10000
10000
10000
10000
9988
10000
10000
10000
9999
9979
10000
10000
10000
9995
10000
9999
10000
9999
10000
10000
10000
10000
9999
9995
9998
10000
9998
10000
10000
10000
10000
10000
9999
10000
10000
10000
10000
10000
9999
9999
10000
9988
10000
10000
10000
10000
10000
10000
10000
10000
10000
9973
10000
9997
10000
10000
9997
10000
10000
9990
9999
10000
10000
9999
10000
10000
10000
10000
10000
10000
9998
9999
9978
10000
10000
10000
10000
10000
9997
10000
10000
10000
10000
9997
10000
9999
9966
10000
10000
10000
10000
10000
10000
10000
9976
10000
10000
10000
9993
10000
10000
10000
10000
10000
9998
10000
10000
9997
10000
10000
9999
10000
9999
10000
10000
10000
10000
9998
10000
9999
10000
10000
10000
10000
10000
10000
9999
10000
10000
10000
10000
10000
10000
10000
9996
9998
10000
10000
10000
10000
10000
9999
10000
10000
9996
10000
10000
10000
10000
10000
9998
9997
10000
9996
10000
10000
10000
9999
10000
10000
10000
9999
10000
10000
10000
9996
10000
9999
9999
10000
10000
10000
9999
10000
10000
10000
10000
10000
10000
10000
10000
10000
10000
10000
9999
10000
9991
10000
10000
9999
9999
10000
10000
10000
10000
10000
10000
10000
10000
10000
9984
10000
10000
9999
10000
10000
10000
10000
10000
10000
10000
10000
9997
10000
10000
10000
9998
9995
10000
9999
10000
10000
10000
9999
10000
9999
10000
10000
10000
9999
9995
9999
10000
9993
9984
10000
10000
10000
9999
9998
10000
9999
10000
10000
10000
9998
10000
10000
9995
10000
9999
10000
10000
10000
9995
9999
10000
10000
10000
10000
10000
9999
10000
10000
10000
10000
10000
10000
9999
10000
