9704
9748
9917
10000
10000
10000
8869
9103
9907
8937
9580
8956
10000
10000
9835
9734
9703
9458
9803
10000
9623
10000
10000
10000
9859
9836
8963
10000
9890
8889
10000
9959
9938
9556
10000
9476
9699
10000
9841
9809
9969
9997
9852
10000
9010
10000
9634
9900
9777
10000
9450
10000
9821
9341
10000
10000
9789
10000
9933
9966
9897
10000
9839
9733
9407
9573
9454
9931
9939
9830
9984
10000
9967
9917
10000
9481
9916
9512
9704
10000
9984
10000
9984
9142
9447
9096
8889
8981
9306
9858
9766
8653
8706
9650
10000
10000
9771
10000
9635
9741
9852
10000
9899
9751
9851
9706
9824
9850
9271
10000
9179
9584
9101
9879
9821
9715
9986
9855
9825
9812
10000
9683
9483
10000
9526
9511
9869
8744
9621
9817
9914
9813
9894
10000
9011
10000
8468
9929
9942
9705
10000
9713
9530
10000
9910
9860
9528
9951
10000
9891
9879
9079
9090
9694
10000
10000
10000
9272
10000
9807
9953
9555
9132
9690
9880
9716
10000
9972
8939
9754
10000
9820
8841
9998
9904
10000
9954
9830
10000
9910
9491
9887
10000
9938
9226
10000
10000
10000
10000
9718
9859
9788
10000
9831
10000
10000
10000
9856
10000
10000
10000
9684
10000
10000
9550
10000
10000
9731
10000
10000
9931
10000
9460
10000
10000
10000
10000
10000
10000
9809
10000
9557
9879
10000
10000
9297
9666
9819
9546
8850
9551
9993
9268
9908
10000
9269
9949
10000
9045
9302
9782
10000
10000
9364
9573
9894
9465
9647
9645
9771
9748
9936
9886
9745
10000
10000
9885
9744
9876
10000
10000
10000
9913
10000
9406
9957
9709
10000
9866
10000
8741
10000
10000
9114
9917
9774
9327
9465
10000
9183
10000
10000
10000
9456
10000
10000
9348
9454
8796
9557
9824
10000
8806
9989
9498
8896
9352
10000
9790
9552
10000
10000
9666
9119
9509
9143
10000
10000
10000
9488
10000
10000
10000
9559
9845
9791
9584
9929
9766
9552
9695
10000
9564
10000
9978
9626
9867
9317
10000
10000
9933
9458
10000
9648
10000
9870
9715
9930
9676
9944
9917
10000
9480
9618
9665
9979
10000
9898
9189
8620
10000
10000
9849
10000
10000
9639
9512
9506
10000
9200
10000
9880
10000
10000
10000
10000
9946
8301
9116
10000
9811
9844
10000
8604
9565
9387
9729
10000
9711
9448
9850
10000
8906
10000
9917
9857
9225
9811
8950
10000
10000
10000
9427
10000
10000
9003
9993
10000
10000
8949
9810
10000
9257
10000
9659
10000
10000
8632
10000
9535
10000
10000
10000
10000
9680
9057
10000
10000
9566
10000
9370
9283
10000
9761
10000
9837
10000
9849
9798
9722
9355
9720
10000
9463
9189
9975
9918
10000
9545
9856
9848
9784
9966
9203
10000
10000
9445
9989
9131
9412
9162
9510
10000
8798
10000
9914
10000
10000
10000
9885
9317
10000
9706
9677
9555
9469
9716
9192
9934
10000
9580
8855
9854
9834
9598
9893
10000
10000
10000
9665
8981
9889
9528
9929
9678
9644
9111
8880
10000
9572
10000
9607
9710
9536
10000
10000
9895
9710
10000
9741
9914
9005
10000
10000
9680
9643
9831
10000
8718
9434
9802
10000
9233
9429
9208
9982
9331
9648
9893
9028
9965
9920
9040
9997
9949
10000
9260
9921
9859
10000
10000
10000
9966
10000
10000
9504
9548
9709
9578
10000
9488
9930
10000
9482
9568
8820
10000
9661
9118
9845
9335
10000
10000
10000
10000
9245
9331
8627
10000
10000
9908
9308
9090
9635
9088
10000
10000
9879
10000
9838
9314
10000
10000
9433
9895
9822
9893
9438
10000
9279
9922
10000
9346
9101
9316
9944
8441
9896
10000
9402
9563
8686
10000
9914
9520
9175
10000
9346
9824
10000
10000
10000
8383
9820
9317
9924
9194
9829
10000
9929
9957
10000
9245
9722
9772
8284
10000
9360
9913
10000
9778
9891
9216
9966
10000
9850
10000
9498
10000
10000
10000
9524
9663
9890
9825
9704
9753
9666
10000
9731
9839
9728
9521
9945
9563
9172
9326
9831
9748
9931
10000
9707
9519
9440
9588
9408
9634
9882
10000
9951
10000
10000
10000
9945
9922
9837
9471
9251
9971
9636
9896
9695
9944
9873
9614
9802
9478
9709
9899
9444
9747
10000
9657
9501
10000
10000
10000
10000
9958
9963
9865
9489
9767
10000
10000
9647
9363
10000
8891
9540
10000
10000
9744
9953
9941
9568
9791
9670
9780
9899
10000
10000
10000
9649
9581
9544
10000
9925
9339
9560
9401
9828
10000
9940
10000
9974
9070
9994
9768
9503
9657
9951
9636
9654
10000
9524
9644
10000
9763
10000
9929
9670
10000
9314
9553
9930
9703
9571
9497
9710
10000
8662
9419
10000
10000
10000
9596
9943
9944
10000
10000
10000
9533
9963
10000
10000
9804
10000
10000
9629
10000
8995
10000
9615
10000
9764
9424
10000
9972
9782
9519
9491
9860
10000
9936
9204
9745
10000
9948
9635
10000
10000
9739
9824
9730
9886
9977
9606
9880
9323
9625
10000
9461
10000
9519
10000
9620
9909
10000
9738
9899
10000
9613
9201
10000
9405
9513
10000
10000
9211
10000
9722
9990
9677
9087
10000
10000
9843
10000
9961
9590
9411
10000
9789
10000
9714
10000
9939
10000
10000
9731
10000
10000
9896
9512
9903
9776
9570
10000
10000
8509
9888
10000
8690
9997
9642
9835
10000
9758
9643
9439
9950
9168
9398
9927
9886
9950
9823
9112
10000
10000
10000
10000
10000
10000
9861
10000
9439
9978
9343
9623
10000
10000
9416
9415
10000
10000
10000
10000
9923
10000
9837
10000
10000
10000
9014
9729
10000
9037
9550
9422
10000
10000
10000
9862
9963
9853
9850
9809
9835
9869
9652
9595
9555
10000
9459
10000
9725
9339
9905
10000
9789
9944
10000
9826
10000
9960
9457
10000
10000
9805
10000
9088
9507
9471
9866
10000
9394
10000
8815
10000
10000
10000
10000
9917
9904
10000
9300
9910
8678
9937
9570
10000
10000
10000
10000
9858
10000
9785
9837
9898
10000
9775
10000
9767
9837
9994
10000
9705
9465
10000
9521
9909
10000
9847
9759
10000
10000
10000
10000
9325
8964
9314
10000
9724
9682
10000
9087
9220
10000
9854
10000
9796
9874
9712
9845
9645
10000
9666
9707
