9788
9832
9844
9067
8606
9283
9828
10000
9344
10000
9935
9863
9310
9852
9736
9150
9381
10000
10000
10000
9805
9844
9854
9284
9591
9593
10000
9922
9905
8969
9692
10000
9486
9837
9685
10000
10000
10000
10000
8848
9596
10000
10000
10000
10000
9127
9487
9973
9188
9793
9902
10000
10000
9436
9958
9306
9917
9873
9856
9896
10000
9568
9801
10000
9011
9443
9467
9510
10000
10000
10000
9880
9070
10000
10000
9855
9717
9334
9576
10000
9889
9818
9507
9875
9835
9805
9734
9128
9544
9993
9894
9714
9211
8888
10000
9654
9890
9938
8872
10000
9691
9954
9444
8986
9955
9733
9584
9435
9386
9414
9908
10000
10000
10000
9725
9524
9896
9906
10000
9817
9836
10000
10000
9805
9797
10000
9766
9724
10000
9703
10000
10000
9881
10000
9413
10000
9658
9966
9804
10000
9914
10000
9859
9610
10000
9351
8721
10000
9485
9944
9919
8825
9470
10000
10000
10000
9830
10000
10000
9970
9699
9544
9914
9461
9350
9236
10000
10000
10000
9642
10000
9462
9383
10000
9884
9969
9119
9515
9943
9275
9963
9504
9258
9747
9137
9990
9382
9964
10000
9788
10000
10000
9927
10000
10000
9986
9708
8991
9411
8958
9868
10000
10000
9967
10000
9459
9643
9337
10000
9165
9901
9230
9983
9774
9264
9844
9927
9466
9698
9925
9423
9746
9362
9498
10000
9463
9587
9550
9382
9913
9573
10000
9892
9956
9918
10000
10000
9528
9734
9626
10000
8758
8635
10000
8686
9869
10000
9975
10000
9528
10000
9118
9862
10000
9925
9714
8901
9618
9513
9597
10000
10000
10000
9133
9430
9946
9784
9562
9739
9958
9422
10000
9548
9668
9472
10000
10000
9840
9807
9243
9940
9305
10000
9768
9980
9747
10000
9154
10000
9566
9770
10000
10000
10000
9926
9733
9260
9593
9805
9785
10000
9251
9929
9910
10000
10000
10000
8677
10000
8545
10000
10000
9936
9488
9795
9912
9726
9087
9237
9928
9998
9500
10000
9457
10000
10000
8851
9281
9726
9950
9232
10000
10000
9757
9465
9948
10000
9525
9714
8942
9418
10000
9984
10000
10000
9907
9938
9740
9046
9928
10000
9827
9040
9347
10000
9837
9453
9838
10000
8956
9811
9903
10000
9876
9884
9950
9845
10000
9855
9053
9177
9925
10000
9942
10000
9931
10000
9759
9659
9766
9988
9354
8890
8861
10000
9512
9562
9462
9588
9623
10000
9534
10000
9893
9951
10000
10000
10000
9734
9893
10000
9670
10000
9652
10000
9630
10000
9873
9918
9844
9796
9802
9843
9836
10000
9879
9682
10000
9570
9568
9748
10000
9991
9764
9954
9827
9960
9217
9227
8927
10000
10000
10000
9389
9857
9848
10000
9869
8701
10000
9874
9837
9671
10000
9207
9254
10000
9977
9877
9275
10000
9142
9924
9187
9548
9942
9583
9810
9671
9806
10000
10000
9888
10000
9179
9434
9596
9883
10000
9737
9729
8799
9621
10000
9220
9280
9472
9798
9368
10000
9839
10000
9899
10000
10000
9468
10000
9230
9983
10000
9913
10000
9400
10000
9802
9242
10000
9921
10000
10000
10000
9591
9606
9281
8836
10000
9581
9642
9339
10000
10000
10000
9819
9581
9572
10000
10000
9609
10000
10000
9917
9854
8842
10000
9752
9922
9889
9955
10000
9933
9902
10000
10000
8999
9816
9645
9957
9898
10000
9847
10000
9701
9013
9913
9797
9996
9838
10000
10000
10000
9188
10000
9856
9982
10000
8818
9415
10000
9698
10000
10000
9865
9332
9995
9826
9942
9881
10000
9664
9424
9573
9739
10000
9523
9892
9700
10000
9577
9565
9706
9901
10000
9669
9768
9441
8984
9625
9886
9858
10000
10000
9742
9906
10000
9904
9272
9352
10000
9928
9777
9122
9845
10000
9827
9781
9470
9551
9773
10000
10000
10000
9288
9647
9906
9725
9171
9604
9822
9688
9823
10000
9348
10000
10000
9332
9161
9830
10000
8928
9623
9634
9784
10000
9402
10000
9813
9644
10000
10000
9698
9986
9718
10000
9415
9873
9697
9910
9764
9827
8822
8972
9603
9384
9822
10000
9914
9949
10000
10000
9898
9456
10000
9892
10000
10000
10000
10000
9618
10000
9573
9455
9627
9786
9789
9751
9804
10000
9508
10000
10000
9764
9447
10000
9882
9491
10000
8907
9834
9932
9816
8855
9403
9648
10000
9444
8793
9808
9890
9939
10000
10000
9547
9755
10000
9760
9728
10000
9445
9314
10000
9706
9912
10000
9673
10000
9969
9827
10000
10000
9556
9982
8986
9834
10000
10000
9303
9813
9155
9937
9875
10000
10000
9928
9277
10000
10000
8784
9859
10000
9378
9918
10000
10000
9001
9149
9900
9879
9898
10000
9837
10000
10000
10000
9670
10000
10000
10000
9714
9614
9775
9918
9350
10000
10000
9511
10000
10000
9975
9897
9502
9636
9389
9083
9928
9377
10000
10000
10000
10000
9766
8839
9776
10000
10000
9943
10000
10000
9131
9834
10000
10000
9856
10000
9246
10000
9617
9352
9645
10000
10000
10000
10000
9704
9975
9763
9747
9881
10000
9897
9633
9802
10000
9868
9762
9741
9787
9908
9860
9787
10000
10000
10000
9513
9947
10000
9654
9828
8978
9707
9844
9695
9708
9039
9785
9348
8828
10000
9394
9972
9700
10000
10000
10000
10000
9640
10000
10000
10000
10000
9979
9873
10000
10000
10000
9750
9888
10000
10000
9849
10000
9920
9806
9637
9700
10000
9817
9585
9596
10000
10000
10000
8957
10000
9468
9151
10000
10000
9810
9355
10000
9712
9876
10000
10000
9691
10000
10000
8906
9377
10000
10000
10000
10000
10000
9914
10000
9613
9781
9291
9537
10000
9866
10000
10000
9832
9446
8841
9375
10000
10000
9624
9949
9462
9850
9917
10000
8859
9609
10000
9178
8933
9889
10000
9833
9572
9615
10000
10000
9162
10000
9989
9907
10000
9867
10000
9618
9733
9835
9700
9641
10000
9713
10000
9697
9689
9490
9772
9945
10000
10000
9494
9768
9071
9959
9163
9687
9890
9876
10000
9906
10000
9064
10000
9843
9589
10000
10000
9700
10000
9585
9759
10000
8797
9373
9775
10000
9827
9607
9878
9833
9938
10000
9534
10000
9260
10000
10000
9891
9885
9964
9624
9830
10000
9955
9825
9472
9524
9591
10000
10000
