9923
9983
9978
9988
10000
9999
9996
9961
9996
10000
9955
9986
9998
9983
9997
9983
9966
10000
10000
9989
9921
10000
10000
9968
9999
9975
10000
9983
9973
9998
9998
9974
9891
10000
10000
9838
9990
9920
10000
9998
9976
9995
9999
9993
9999
9947
10000
9945
9996
9998
10000
10000
9994
9994
9982
9989
9998
10000
10000
9971
9989
10000
9980
9893
9968
9983
9934
9976
9992
10000
9997
9736
9942
9880
9933
9916
9991
9986
9988
9997
9997
9991
9991
9878
9956
9878
9994
9991
9997
9965
9935
9983
9992
9988
9926
9998
9992
9932
9988
9982
9999
9957
9978
10000
9995
9993
9998
9975
9989
9763
9950
9974
9998
9948
9999
9994
9993
10000
9983
9916
9987
10000
10000
9998
9907
10000
9977
9941
9970
9971
9997
9992
10000
10000
9919
9967
9998
9985
9999
10000
9978
9986
9904
9977
9984
10000
9939
9999
9970
10000
9999
9996
9994
9999
10000
9937
9996
9999
9971
9967
9992
10000
10000
9986
9979
10000
9955
10000
10000
9998
9979
9998
10000
9972
9845
9991
9958
9981
9999
10000
9994
10000
9919
9982
9986
9996
9999
9999
9949
9997
10000
9981
9875
9951
9964
9986
9982
10000
9935
9975
9981
10000
9977
10000
10000
9998
9999
9986
9979
9999
9969
9966
9954
9997
9985
9991
9944
10000
9998
9995
9994
9987
9999
9977
9973
9995
9999
9945
10000
9938
9994
9976
9982
9999
9997
9990
9881
9979
9991
9962
10000
9998
9997
10000
9972
9965
9973
9945
9927
9943
9966
9930
9963
9997
9991
9979
10000
9977
9999
9990
10000
9988
9921
9979
9988
9999
10000
9958
9999
9997
9983
10000
9962
9961
10000
9883
9995
9961
9997
9994
9997
9940
9994
9994
9998
10000
9999
10000
10000
9981
9923
9981
10000
9969
9953
9994
9998
9963
9987
9999
10000
9979
9997
9939
9996
9999
10000
9994
9924
9996
9989
9998
10000
9993
9993
9998
9992
9885
9988
10000
10000
9996
9999
9975
9988
10000
9986
9960
9999
10000
9944
10000
9993
9998
9973
9997
9978
10000
9994
10000
9972
9973
9959
9996
9985
9997
9992
9940
9999
9999
10000
9948
9992
9977
9742
9990
9986
9975
9996
9925
9936
9999
9977
9983
9907
9946
9931
9980
9970
9983
9995
9935
9996
10000
9970
10000
9994
9984
9997
9996
9999
9940
9968
9976
9936
10000
9924
9968
9997
9999
9977
10000
9957
10000
10000
9931
10000
9983
9989
9932
9996
9999
10000
9950
9903
9988
9995
9905
9929
9979
9994
9890
9964
9987
9985
9980
9979
9999
9999
9999
9999
9997
9973
9990
9952
10000
9987
9975
9895
9947
9992
9928
9999
9956
10000
9861
9914
9964
9998
9999
9978
9993
9980
9990
9995
10000
9985
9970
9919
9998
9998
9977
9995
9998
9974
9992
10000
10000
9999
9999
9945
9941
9993
9917
9969
9991
10000
9986
9990
10000
10000
10000
9932
9997
9995
9954
9992
9942
9967
9998
9951
9995
9996
9993
10000
9995
9975
10000
9998
9989
9997
9983
9972
10000
9990
9997
10000
9950
9981
9993
9997
9954
9897
9993
9942
9980
9999
9990
9996
9990
9994
9954
9972
9985
9997
9827
9991
9991
9993
9993
9997
9998
9995
9980
9950
9961
9992
9999
9999
9950
9995
10000
9956
9999
9949
9969
9964
9935
9999
9935
9999
9962
9991
9979
9999
9993
10000
10000
9986
9999
9992
9977
9997
10000
9981
9971
9992
9951
9998
9998
9996
9949
9971
9995
9974
9949
9969
9947
9950
9986
10000
10000
9983
9986
9980
10000
9993
9995
9999
9897
9987
9998
9999
9960
9982
9921
10000
9998
9963
9952
9989
9981
9908
9978
9995
9996
9992
9997
9933
9999
9977
9957
9969
9993
9986
9994
9932
9959
9926
10000
9983
9999
9985
9975
9975
9998
9990
9973
9989
9983
10000
9946
9990
9998
9986
9974
9673
9985
9999
9994
9999
9946
9991
9983
9938
10000
9981
9998
9996
9992
9999
9866
9979
9966
9996
9994
9995
9983
10000
9899
9976
9926
9994
9978
9985
9958
9967
9993
9975
9989
9987
9984
9968
9994
9999
10000
9999
9991
9993
9984
9972
10000
10000
9974
10000
9999
9914
9987
9998
9990
9997
9999
9882
9989
9988
9968
9957
10000
9973
9984
9970
9990
9994
9997
9997
9993
9993
9953
9997
9999
9953
9989
9981
9995
9921
9996
9986
9966
9928
9995
9998
10000
9988
9900
9938
9980
10000
9966
9927
9916
9995
9999
9999
9985
9998
9989
10000
9976
9975
9980
9956
9977
9989
9866
9970
9998
9955
9959
9903
9999
10000
9987
9959
9989
9991
9957
10000
9970
9994
10000
10000
9996
9985
9965
9962
9972
9971
9965
9996
9971
10000
10000
9984
9974
10000
9914
9998
9942
9975
9976
10000
9905
9997
9949
9997
9994
9998
10000
9999
10000
10000
9991
9974
9998
9991
9954
10000
9985
9984
9991
9968
9988
10000
9984
9994
9947
9981
9981
9924
9994
10000
9935
10000
9998
9988
10000
9985
9979
9974
9928
9945
9999
10000
9983
10000
9995
9880
9908
9992
10000
9855
9863
9960
9985
9934
10000
9916
10000
9986
9997
9966
9996
10000
9965
9999
9994
9938
9999
9972
9981
9997
9988
9977
9922
9995
9993
9995
9996
9991
9975
9986
10000
10000
9973
9975
9996
9998
10000
9998
9979
9977
9999
9997
9942
9998
10000
9998
9999
9998
9995
10000
9995
10000
9972
10000
9989
9962
10000
9997
9962
10000
9970
10000
9995
9988
9996
9991
9998
9993
9997
9851
9989
9967
9942
10000
9996
10000
9934
9984
9994
9956
9999
9980
9979
9998
10000
10000
9994
9979
9985
9990
9987
9947
9999
9992
9985
9999
9964
9995
9997
9993
9969
9996
9995
9987
10000
10000
9923
10000
9965
9981
9998
9995
9943
9954
9996
9984
9979
9992
9985
10000
10000
9993
9964
9993
9945
9970
9999
9923
9977
9974
10000
9999
9997
9941
9952
9992
9928
9909
9985
9998
9998
9991
9918
9930
9997
10000
10000
9999
9998
9954
9997
9990
9957
9997
9998
9999
9996
10000
9992
10000
9994
9951
9993
9959
10000
9996
9998
10000
9971
9973
9967
10000
9999
9992
9990
9995
9990
10000
9995
