10000
9635
10000
10000
9139
9909
10000
9038
9258
10000
10000
10000
9717
10000
9654
10000
9777
9971
10000
9347
10000
9717
9562
9940
8741
10000
10000
9398
9417
9718
9181
9721
10000
9576
8842
9356
10000
10000
9590
9350
9711
9338
9614
9904
10000
8666
10000
9780
10000
10000
9921
9546
10000
10000
9345
9238
9797
9960
9877
10000
9438
9987
10000
10000
10000
9079
10000
10000
9254
10000
9615
10000
10000
10000
9951
9751
9092
8725
9378
9545
9604
9328
10000
9425
10000
9830
10000
9660
9486
9251
9569
9946
9812
9450
9350
10000
10000
10000
9465
9772
10000
10000
9593
9429
9445
8828
10000
9450
9778
9087
10000
10000
10000
9867
10000
9499
9618
9996
10000
9942
9647
9788
10000
9810
10000
9573
9777
10000
9185
9798
9463
10000
9959
10000
8903
10000
9912
9056
9782
10000
10000
10000
10000
10000
9254
9001
9967
9613
9574
10000
9087
9460
10000
9982
9686
9698
9725
10000
9603
10000
9918
9590
9798
9592
9356
10000
9871
9947
9811
10000
10000
9894
8743
9921
10000
9889
10000
8978
10000
9772
9978
10000
9371
9658
9020
9092
10000
9488
10000
10000
9896
10000
10000
10000
9570
9557
10000
9959
9922
9959
9579
8781
10000
10000
10000
10000
9792
9080
9342
9930
9948
10000
9594
10000
10000
9903
9913
10000
9598
8620
10000
9091
9891
10000
9887
10000
9632
10000
9223
9792
10000
9004
9596
10000
9008
10000
9945
9167
9695
9079
9574
9371
10000
10000
9501
9960
9608
8862
9458
10000
10000
9887
9817
10000
9818
10000
10000
9870
9295
9844
8743
9884
9847
9919
9602
9499
9960
9643
10000
9507
10000
9980
9869
9725
9864
10000
9690
10000
9612
9865
9833
9942
10000
9694
9551
10000
9729
9755
9953
9644
10000
10000
9561
8956
9982
10000
10000
9944
9863
9956
9862
9471
9776
9612
10000
9993
9969
9298
9987
9826
8505
10000
10000
9451
10000
9927
10000
9846
9034
9545
9450
9999
9471
9850
9070
9423
9375
10000
9861
9924
10000
9740
10000
10000
9914
8805
9991
10000
9971
10000
9424
10000
10000
9599
10000
10000
10000
9830
10000
9305
9847
10000
9789
10000
9666
10000
9879
9091
10000
9208
9943
8812
9808
9891
10000
10000
9906
9919
9841
9886
9748
9834
9941
10000
9942
10000
9623
9433
9856
9750
9416
9977
10000
9607
9771
9843
10000
8690
10000
9986
9708
10000
9667
9487
10000
10000
10000
9638
9555
9863
10000
10000
9130
10000
9905
9803
10000
10000
9034
9780
9565
10000
9735
10000
9725
9587
10000
9932
9828
9200
9685
9814
9719
10000
10000
9853
9853
9824
10000
10000
9065
9790
10000
9713
9977
9826
9425
8968
9661
9971
10000
9915
9572
9468
10000
9025
10000
10000
9692
8464
9144
10000
9909
9521
9976
9265
9206
9677
9827
10000
9970
10000
10000
10000
10000
10000
10000
10000
9696
9066
9863
10000
9199
9931
10000
10000
9365
9772
9923
10000
9906
9166
8573
10000
10000
9864
10000
10000
9943
10000
9745
9603
10000
9891
9920
10000
10000
10000
9425
9707
10000
10000
10000
9595
9849
9799
9806
9261
9648
9958
10000
9956
10000
10000
9629
9769
9951
8912
10000
10000
10000
9689
10000
8982
10000
9825
8875
9889
9808
9942
9951
9939
10000
8445
10000
9814
9962
10000
9473
9961
9902
10000
9224
9910
9342
10000
10000
9812
9241
10000
10000
9195
10000
10000
9480
9899
9059
9322
9538
8894
9716
10000
8859
9918
10000
8954
8890
9895
10000
9805
10000
9884
9529
10000
9637
8275
9909
9879
10000
9884
10000
9831
9678
9563
9323
9900
9920
9252
9987
10000
9928
10000
9844
10000
9219
9873
10000
9854
9493
9766
9979
8591
9836
10000
9983
9168
9656
9722
9505
9970
10000
9262
10000
9291
9919
8963
9885
10000
10000
10000
9705
9916
9325
10000
10000
10000
9957
9794
9130
9811
9667
9242
9444
8783
10000
8845
10000
8978
9858
9546
9988
10000
9456
9360
9954
9918
9593
10000
9997
8804
9878
10000
9807
10000
9859
9444
9974
10000
9876
9834
9901
10000
9043
9003
10000
10000
10000
10000
9857
9846
10000
9732
9638
9001
8558
10000
10000
9683
10000
10000
10000
10000
9515
10000
9697
10000
10000
9883
10000
10000
9819
10000
9523
9602
10000
9547
9756
8990
9460
10000
10000
9982
10000
9508
9413
9518
10000
10000
9733
9367
10000
10000
9822
9919
9897
9866
9725
10000
9306
8996
9323
10000
9592
9973
9732
10000
9834
9336
10000
10000
9832
9957
9637
9792
10000
9806
8132
10000
9170
9001
9384
10000
10000
9810
9390
9990
10000
9822
9886
10000
9876
10000
9887
9518
9746
9609
10000
9812
9886
9568
9825
9798
9732
9649
9648
9778
10000
9911
9811
9823
9960
9686
9053
9964
10000
9820
8981
9590
9247
9324
10000
9604
10000
9047
10000
10000
10000
10000
10000
10000
9979
9892
9601
9830
9705
9397
8799
9686
9460
9866
10000
10000
9594
9750
10000
10000
9956
10000
9749
10000
10000
9353
10000
10000
9460
9803
9973
9895
10000
10000
9834
10000
9740
9814
8893
9794
9937
9973
10000
10000
9958
9276
9498
9555
9194
10000
10000
9925
9729
9643
9477
8794
10000
9904
9921
9818
10000
9722
9105
9946
8955
9919
9479
10000
9853
9885
9425
8659
9366
10000
9453
10000
10000
9859
9787
9403
10000
9981
9764
10000
9926
9846
9332
10000
9988
8460
9569
10000
10000
9474
9846
8791
8924
9600
10000
9845
9788
9316
8982
9891
9821
10000
9474
10000
9653
9562
10000
10000
9340
10000
9224
9757
9758
9631
9261
10000
9275
9774
9451
9787
9583
9760
10000
8703
9734
9598
9453
10000
10000
9430
9854
10000
10000
10000
9571
10000
10000
9800
9832
10000
9910
9133
9449
9910
8746
9713
10000
9951
10000
9838
9421
9181
9754
9171
9743
9699
9929
9860
10000
10000
9477
10000
9704
10000
10000
10000
10000
10000
9915
10000
9801
9830
10000
9125
10000
10000
9695
9700
9797
9727
9744
10000
9369
9981
10000
9522
9731
9725
9762
10000
9649
10000
9287
9933
10000
9964
9347
9915
10000
9741
10000
9055
9281
10000
10000
9217
10000
9919
10000
9676
