9806
10000
10000
9099
10000
10000
9988
10000
9937
9432
10000
10000
9891
9983
9137
10000
10000
10000
10000
8905
10000
9939
10000
10000
9235
9739
9690
9954
10000
10000
10000
10000
9047
10000
10000
10000
10000
10000
10000
10000
10000
9950
10000
10000
10000
9854
10000
10000
10000
10000
10000
9860
10000
10000
9349
10000
10000
9165
10000
9339
10000
10000
10000
10000
10000
10000
10000
10000
10000
9310
9207
10000
10000
10000
10000
10000
10000
9833
10000
10000
10000
10000
10000
9529
9254
10000
9409
9453
10000
10000
10000
9736
10000
10000
10000
10000
10000
10000
10000
10000
8927
9760
9662
10000
8759
8860
10000
9717
10000
10000
10000
9771
9071
9250
10000
9510
10000
10000
10000
10000
10000
10000
9798
10000
10000
10000
10000
10000
9564
10000
9478
10000
8814
10000
10000
9691
9807
10000
10000
10000
9998
10000
10000
10000
10000
10000
10000
9581
10000
9024
10000
10000
10000
9792
9567
10000
10000
9089
9763
10000
10000
10000
10000
10000
10000
10000
9915
10000
10000
10000
10000
10000
10000
10000
9613
8975
10000
10000
9366
10000
9508
9739
10000
9946
10000
9737
9338
10000
9984
10000
10000
9435
9435
10000
9553
9624
10000
9885
9666
10000
10000
9470
9364
10000
9178
10000
8733
10000
9547
9843
8896
10000
10000
10000
10000
9025
9729
10000
10000
10000
10000
10000
10000
10000
10000
10000
9129
10000
10000
10000
8738
10000
10000
9568
10000
8945
10000
9128
9392
10000
9997
9722
10000
10000
10000
9418
10000
9846
9318
10000
10000
10000
10000
9715
9809
10000
9110
10000
10000
10000
9943
10000
10000
9214
10000
9885
10000
10000
10000
10000
10000
10000
10000
10000
9549
10000
9727
10000
9885
9770
10000
10000
10000
10000
10000
10000
9025
9688
10000
10000
10000
10000
10000
10000
10000
10000
10000
10000
9736
9933
10000
10000
10000
9941
9555
10000
8824
9679
9295
10000
10000
9571
9993
9466
10000
10000
10000
10000
10000
10000
10000
10000
9780
9157
10000
10000
9303
9026
10000
10000
10000
9079
10000
10000
10000
9599
10000
10000
9750
10000
10000
9367
10000
10000
10000
9662
9776
10000
9534
9717
10000
9940
10000
10000
10000
10000
8880
10000
10000
10000
10000
10000
9982
9641
10000
10000
10000
9668
9827
9976
9301
10000
10000
8608
9826
10000
10000
10000
10000
8979
10000
10000
10000
10000
9639
9499
10000
10000
10000
10000
9844
10000
10000
8983
9843
9919
10000
10000
10000
8576
10000
10000
10000
9087
10000
10000
10000
9873
10000
10000
10000
9981
9186
9534
10000
10000
10000
10000
10000
10000
9289
8804
10000
10000
9593
10000
10000
10000
10000
9733
10000
10000
10000
10000
9802
10000
10000
9948
9378
9333
10000
10000
10000
9600
10000
10000
10000
10000
10000
10000
10000
10000
10000
9749
10000
8748
9159
10000
10000
9814
9555
10000
10000
10000
9689
9335
9770
9928
10000
9967
10000
10000
10000
10000
10000
10000
10000
9861
9076
10000
9714
9893
9982
9906
10000
9848
10000
10000
10000
10000
9440
9437
10000
10000
10000
10000
10000
10000
9945
10000
10000
10000
9374
9513
9591
10000
10000
9783
8750
8984
10000
9741
10000
10000
9042
9188
10000
10000
9689
10000
10000
9981
9779
10000
10000
10000
10000
9725
10000
9463
10000
10000
10000
10000
10000
9315
9503
9560
9168
9893
10000
9228
9675
10000
10000
9891
10000
10000
9997
8989
8787
9416
9029
10000
9165
10000
10000
9247
10000
10000
10000
10000
10000
10000
10000
9789
10000
10000
9655
9582
9609
10000
9467
10000
10000
10000
10000
9047
10000
10000
10000
9775
10000
10000
10000
10000
10000
10000
9983
10000
10000
10000
9236
10000
10000
10000
10000
10000
10000
10000
10000
10000
9639
9717
10000
10000
9045
10000
10000
10000
9979
9854
10000
10000
8938
8655
9775
8965
10000
9946
9485
9728
9034
10000
10000
10000
9826
9785
9867
10000
10000
10000
9911
10000
10000
9642
10000
10000
10000
9453
10000
10000
9749
9432
9935
9394
10000
10000
9849
10000
9628
10000
10000
10000
9486
10000
9852
10000
9457
10000
10000
9960
10000
9316
9331
9615
10000
10000
10000
10000
10000
10000
10000
9697
8831
10000
10000
10000
10000
10000
10000
10000
10000
10000
9463
8492
9981
10000
10000
9789
10000
10000
9960
9639
10000
10000
10000
10000
9419
10000
10000
10000
10000
9528
9695
9617
9585
8435
9841
9515
9966
10000
10000
8821
9689
10000
10000
10000
10000
10000
9427
9194
9358
9434
9462
10000
10000
10000
9561
10000
9308
9663
9832
9341
10000
10000
10000
9874
10000
9881
10000
10000
10000
10000
10000
10000
10000
10000
9797
10000
10000
9555
10000
10000
9953
10000
9241
9054
9454
9972
10000
10000
10000
10000
8625
9794
10000
10000
10000
10000
9934
9240
10000
9929
10000
9869
9618
10000
9799
8798
10000
9646
8963
10000
10000
9207
10000
9326
10000
10000
10000
10000
10000
10000
10000
10000
9806
8944
10000
8616
10000
10000
10000
9591
10000
9513
8924
10000
9577
9695
10000
10000
10000
10000
10000
9918
10000
10000
9824
10000
10000
10000
9710
9433
10000
8302
10000
9843
9553
9817
9519
9512
9899
9086
10000
9373
10000
10000
10000
10000
10000
10000
10000
10000
9286
8783
9385
8958
10000
10000
9915
9625
10000
10000
9920
9839
8387
9467
10000
9788
9317
10000
10000
10000
9717
8472
10000
9796
9926
10000
10000
8672
10000
10000
9911
10000
9872
9961
10000
10000
10000
9777
9396
9874
10000
10000
9800
10000
10000
10000
10000
10000
10000
10000
9287
10000
10000
10000
10000
9614
10000
9766
10000
10000
9919
9704
9636
10000
10000
10000
10000
10000
8718
9827
10000
9820
10000
9177
10000
9948
10000
10000
10000
10000
9724
9830
10000
10000
9701
9414
10000
10000
10000
9902
10000
10000
9943
10000
10000
10000
10000
10000
8834
9936
9491
10000
10000
9420
10000
9643
10000
10000
9897
9460
9057
10000
10000
10000
10000
9170
9988
9243
10000
10000
10000
10000
10000
10000
10000
9716
10000
9714
10000
10000
10000
10000
9950
9044
9402
10000
10000
8778
10000
10000
10000
10000
10000
10000
10000
9741
10000
9952
10000
9657
10000
9917
9456
10000
9564
9775
