10000
10000
10000
10000
10000
10000
10000
9970
10000
10000
9999
9999
10000
10000
10000
10000
10000
9999
10000
10000
10000
9999
9999
9994
10000
10000
10000
10000
9998
10000
10000
10000
10000
10000
10000
10000
10000
9999
10000
10000
10000
10000
9997
9976
9990
9998
9998
9999
10000
10000
10000
10000
10000
10000
10000
9996
9998
10000
9999
9996
10000
10000
9999
10000
9994
10000
9997
9998
9999
10000
10000
10000
9985
10000
10000
10000
9999
9999
10000
9996
10000
10000
10000
9999
10000
10000
10000
10000
10000
10000
10000
10000
9999
9999
10000
10000
10000
10000
10000
10000
10000
9999
9996
9999
9944
10000
9998
10000
9997
10000
10000
10000
10000
10000
9999
10000
10000
10000
10000
10000
9998
9995
10000
10000
10000
9999
10000
9984
10000
9990
10000
10000
10000
10000
9995
9999
10000
10000
9986
10000
9984
10000
10000
10000
10000
10000
10000
10000
10000
9995
10000
10000
9992
10000
10000
10000
10000
10000
10000
10000
10000
10000
9998
10000
10000
10000
9999
10000
9984
10000
10000
10000
10000
9999
10000
9999
10000
9995
9990
10000
9995
10000
9999
10000
10000
10000
9999
10000
10000
9999
10000
10000
10000
10000
9828
9997
9984
9998
10000
9998
10000
10000
10000
10000
9991
10000
10000
9999
9999
10000
9990
10000
10000
10000
10000
10000
9983
10000
10000
10000
10000
10000
9995
9997
10000
9999
10000
10000
10000
9999
10000
10000
10000
10000
10000
9993
10000
10000
10000
10000
10000
10000
10000
10000
10000
10000
9999
10000
10000
9993
10000
10000
10000
10000
10000
9998
10000
9989
10000
9995
10000
9999
10000
10000
9999
10000
10000
10000
9986
10000
10000
10000
9999
10000
10000
10000
10000
10000
9996
10000
10000
9999
9995
10000
10000
10000
9998
9999
9767
10000
10000
10000
10000
9994
10000
10000
10000
10000
10000
10000
10000
10000
9999
10000
10000
10000
10000
9999
10000
9999
10000
10000
10000
10000
10000
9999
10000
10000
9998
10000
9997
9988
9993
9992
9999
10000
10000
9999
9999
9999
10000
10000
10000
10000
9998
9998
9999
10000
9994
10000
9998
10000
10000
10000
10000
10000
10000
10000
9999
10000
9998
10000
10000
9999
9986
9973
10000
10000
9996
10000
10000
10000
10000
9999
10000
10000
9997
9994
10000
9977
9982
10000
10000
10000
9993
10000
10000
10000
9998
9992
9999
10000
10000
10000
10000
9999
10000
10000
10000
10000
10000
9996
10000
9999
10000
9997
9976
9999
10000
9998
9998
9995
10000
9991
10000
9994
10000
9998
9996
9999
9998
9999
9999
10000
10000
9999
10000
9998
10000
10000
10000
9999
9999
10000
9999
9999
9998
9999
10000
9996
10000
10000
9999
10000
10000
9998
9998
10000
9997
10000
10000
9994
9999
10000
9997
10000
10000
9997
9998
10000
10000
9999
10000
10000
10000
10000
10000
9999
10000
9999
10000
10000
10000
10000
10000
10000
10000
9995
10000
10000
10000
10000
10000
10000
10000
10000
10000
9999
9998
9997
9999
9999
10000
10000
10000
9997
9996
9999
10000
9998
10000
10000
9998
10000
9998
10000
9999
10000
10000
10000
10000
10000
10000
10000
9999
9976
10000
10000
10000
9999
10000
10000
10000
10000
10000
9998
10000
9999
9997
10000
10000
9999
9999
10000
9999
9996
9971
10000
9976
9995
10000
10000
10000
10000
9915
9999
9997
10000
10000
10000
10000
9986
10000
10000
10000
10000
10000
10000
10000
10000
10000
10000
10000
9994
10000
10000
9998
9999
10000
10000
10000
10000
9991
9989
10000
10000
10000
9993
9985
10000
10000
9999
9978
10000
9974
9999
9993
10000
10000
9999
10000
9999
9989
10000
10000
10000
9997
9998
9925
9999
9999
10000
10000
10000
10000
10000
9998
10000
10000
10000
9995
10000
9999
10000
10000
10000
9997
10000
10000
10000
10000
10000
9985
10000
9998
10000
10000
10000
10000
10000
9994
10000
9997
10000
10000
10000
10000
10000
9999
9999
10000
10000
10000
10000
9997
10000
10000
10000
10000
10000
10000
10000
10000
10000
10000
10000
9998
9946
9999
10000
10000
9993
9998
10000
10000
10000
10000
10000
9998
10000
10000
9992
9999
9997
9999
10000
9999
9999
9998
10000
10000
9995
9998
10000
10000
10000
10000
10000
10000
9999
10000
10000
10000
10000
10000
10000
10000
10000
10000
9995
9999
10000
10000
10000
10000
10000
9999
10000
9997
10000
9960
10000
10000
10000
9999
10000
9999
10000
10000
9992
9999
9998
9993
9993
10000
10000
10000
10000
10000
10000
9962
9998
10000
9999
10000
10000
10000
10000
10000
10000
9992
10000
10000
10000
9998
10000
9977
9990
10000
9999
10000
9997
10000
10000
9997
10000
9992
10000
10000
9989
10000
10000
9994
10000
10000
10000
9999
10000
10000
10000
10000
10000
10000
9999
10000
9998
10000
10000
9999
10000
9998
9999
10000
9993
10000
10000
9998
9999
10000
10000
10000
10000
9995
9999
10000
9999
10000
9999
10000
9998
10000
10000
10000
10000
10000
10000
9999
10000
9996
9997
9999
9985
10000
9999
10000
9999
10000
10000
10000
10000
9998
9995
9999
10000
9999
10000
9997
10000
9995
10000
9988
9998
10000
10000
10000
10000
9998
10000
10000
10000
10000
9996
10000
10000
10000
9996
9976
10000
10000
10000
9999
10000
10000
10000
10000
9998
10000
9997
10000
10000
9999
10000
10000
10000
10000
10000
10000
9999
10000
10000
9993
10000
9999
9999
10000
10000
10000
10000
10000
10000
9998
10000
9999
10000
10000
10000
9999
10000
9999
9998
10000
10000
9989
9999
9999
9993
10000
10000
10000
10000
10000
10000
10000
10000
10000
9998
9999
10000
10000
10000
10000
9990
9992
10000
10000
10000
10000
9999
10000
10000
10000
9999
9999
10000
9999
10000
10000
10000
9997
10000
10000
10000
10000
10000
10000
9999
10000
9999
10000
10000
9989
10000
10000
10000
10000
10000
10000
9995
10000
9999
10000
10000
9999
10000
10000
10000
10000
10000
10000
10000
10000
10000
10000
9998
10000
9999
10000
10000
9999
10000
10000
10000
10000
10000
9981
10000
9991
10000
10000
10000
10000
10000
10000
10000
10000
10000
9978
10000
10000
10000
9998
10000
9997
9996
10000
10000
10000
10000
9990
10000
9999
10000
10000
10000
9996
10000
9997
9998
10000
9998
