10000
10000
9206
9930
10000
10000
9882
9979
10000
9798
9835
9260
10000
9621
9870
10000
10000
10000
8976
9311
9639
10000
10000
10000
10000
10000
10000
9854
9979
10000
10000
10000
10000
10000
10000
10000
10000
9261
10000
10000
10000
7805
9970
9887
9423
10000
10000
9059
10000
9684
10000
10000
9592
10000
9916
10000
10000
10000
10000
10000
10000
10000
9910
9747
10000
10000
10000
9997
8698
9987
10000
9881
10000
10000
10000
9688
10000
10000
9418
10000
10000
10000
8873
9130
10000
9994
9429
9997
9267
10000
9781
10000
10000
9685
9601
10000
10000
10000
9612
10000
10000
9754
10000
10000
10000
10000
10000
9433
10000
10000
10000
10000
9665
9928
10000
10000
9541
9048
10000
9852
10000
10000
8724
9732
10000
10000
10000
10000
10000
10000
9059
10000
9826
10000
9117
9891
10000
10000
9733
9772
10000
10000
10000
9985
8058
10000
10000
10000
10000
9888
8833
8955
9517
10000
10000
10000
9342
10000
9950
10000
10000
9613
10000
9835
9959
10000
10000
10000
9399
9527
10000
9969
9932
8791
9660
10000
10000
10000
10000
9410
10000
9890
10000
10000
10000
9259
10000
9971
9224
8149
10000
9768
10000
10000
9479
9887
9667
10000
9940
10000
10000
9486
9469
10000
10000
10000
10000
10000
10000
10000
10000
10000
9520
10000
10000
9728
10000
10000
9181
10000
10000
10000
8773
10000
9856
9989
9132
10000
10000
10000
9666
9788
9629
10000
10000
10000
10000
10000
10000
10000
9074
10000
9555
9596
10000
10000
9271
8926
9152
8892
10000
10000
10000
10000
9586
10000
9561
10000
8764
9098
10000
10000
10000
9854
10000
10000
10000
10000
8824
9803
10000
10000
10000
10000
9271
10000
9521
9444
10000
8650
9821
9258
9779
10000
10000
10000
10000
10000
9594
9747
10000
10000
10000
8724
10000
10000
10000
9992
9392
9433
7959
10000
10000
9306
10000
9999
8953
10000
9521
9489
9935
9803
10000
9781
10000
9853
10000
9248
10000
9121
10000
10000
10000
9969
9666
9218
10000
10000
10000
9606
10000
9847
10000
10000
10000
10000
9732
10000
10000
9988
10000
9937
10000
10000
10000
10000
9937
10000
9554
9919
10000
10000
9674
10000
10000
10000
10000
9563
10000
10000
10000
9860
10000
10000
8525
10000
9057
10000
10000
10000
9888
10000
10000
10000
10000
10000
10000
10000
10000
10000
9247
9249
9647
10000
10000
9818
9923
9637
9780
10000
10000
10000
10000
9946
9599
8920
10000
10000
10000
8835
10000
10000
9112
9894
9745
10000
9559
10000
10000
10000
9614
10000
10000
10000
10000
9901
10000
10000
10000
9432
9686
8241
9683
9723
10000
9432
10000
10000
9630
10000
10000
10000
10000
8089
10000
9282
10000
10000
8612
9094
9920
10000
8773
10000
9337
9772
9255
10000
10000
10000
10000
9842
9762
10000
10000
10000
9790
9516
10000
10000
10000
10000
10000
10000
10000
10000
10000
9867
10000
10000
10000
9929
9763
10000
10000
10000
10000
9332
10000
10000
10000
10000
10000
9945
10000
10000
9680
9819
10000
10000
10000
9268
9283
9530
10000
9898
10000
10000
10000
10000
9677
9854
10000
10000
9819
9969
10000
9847
9450
8992
10000
10000
10000
10000
10000
9133
9802
10000
9864
9956
10000
10000
10000
10000
10000
9525
10000
10000
10000
9882
10000
10000
10000
10000
10000
9992
10000
9626
9117
9872
10000
9062
10000
10000
10000
9056
10000
10000
9539
9810
10000
10000
10000
9852
10000
9764
9735
8718
10000
9624
9119
10000
9819
9982
9457
10000
10000
10000
9893
8980
10000
9093
10000
8450
8752
8180
9942
10000
9928
9841
9452
9330
10000
10000
10000
10000
10000
10000
10000
9322
10000
8931
10000
10000
10000
9627
10000
10000
9732
9778
10000
9198
10000
10000
10000
10000
10000
9999
10000
10000
10000
10000
9844
10000
9644
9152
10000
10000
10000
10000
9880
9738
9913
8666
9590
9181
9441
10000
9952
9986
10000
9669
8960
10000
9811
9692
9747
9462
10000
10000
10000
10000
10000
9720
8755
10000
10000
9111
9940
10000
8748
9199
8701
9999
9327
10000
9426
10000
10000
10000
10000
10000
10000
10000
10000
8905
10000
10000
10000
10000
9906
9501
10000
10000
10000
10000
10000
10000
9542
10000
10000
9774
9718
10000
10000
10000
8798
10000
10000
9806
10000
10000
10000
10000
9881
10000
9880
10000
9779
9702
9055
10000
10000
9519
9127
9243
10000
10000
10000
10000
10000
10000
10000
9545
10000
10000
10000
9629
9833
10000
9889
9645
10000
9993
10000
9947
10000
10000
10000
10000
10000
9662
10000
10000
10000
10000
9610
10000
10000
8011
10000
9297
10000
9360
10000
10000
10000
9886
10000
10000
10000
10000
9634
10000
10000
10000
9314
8801
8842
9676
10000
10000
8820
9321
10000
10000
9960
9610
10000
9729
10000
10000
10000
10000
9954
10000
10000
9301
10000
9913
10000
10000
10000
10000
9608
9609
10000
10000
9551
10000
10000
10000
8919
10000
10000
9720
10000
10000
9684
10000
10000
8585
10000
9682
10000
10000
9957
10000
10000
10000
8566
10000
10000
10000
8930
10000
8964
9763
10000
9378
9350
9323
9799
10000
10000
8220
9622
9748
9890
10000
10000
10000
10000
8467
10000
10000
10000
10000
10000
10000
10000
10000
9053
10000
10000
9777
10000
10000
10000
10000
10000
8793
9502
10000
10000
10000
9436
9935
9859
9509
10000
10000
10000
8914
10000
10000
10000
10000
9739
9591
10000
10000
8788
10000
10000
9380
10000
9280
10000
10000
10000
9608
10000
9514
9290
9441
10000
10000
9938
9437
10000
10000
10000
10000
10000
10000
9929
10000
9907
10000
9898
10000
10000
10000
8535
10000
10000
10000
10000
10000
9078
10000
8612
10000
9845
9059
9918
8995
9383
10000
8947
9813
10000
10000
10000
10000
9619
10000
9601
10000
9889
10000
9995
9640
10000
10000
9608
10000
9951
10000
9146
10000
10000
9185
10000
10000
10000
9821
10000
9102
8633
10000
10000
9814
9208
10000
10000
10000
9160
10000
10000
10000
10000
10000
10000
10000
9393
9788
9858
10000
10000
9809
10000
9905
9089
9527
10000
10000
10000
10000
10000
9951
10000
10000
9835
9933
10000
9845
10000
10000
10000
10000
10000
10000
10000
9984
8542
9459
9796
10000
