10000
10000
9538
10000
10000
10000
8558
10000
10000
8953
9835
9754
10000
10000
10000
10000
10000
10000
9223
10000
10000
9673
9089
9915
9481
10000
10000
9729
10000
9809
10000
9387
10000
10000
10000
9395
9726
9055
10000
10000
10000
10000
10000
9649
10000
9938
10000
9818
10000
10000
10000
10000
10000
10000
9881
10000
9364
9771
9997
10000
10000
10000
10000
10000
10000
10000
10000
9069
10000
9358
10000
9945
10000
10000
9524
10000
9854
10000
10000
10000
10000
10000
10000
10000
10000
10000
10000
10000
10000
10000
10000
9964
10000
10000
9369
10000
9019
10000
10000
10000
10000
10000
10000
10000
10000
10000
10000
10000
9165
10000
10000
10000
10000
9951
10000
10000
9647
10000
10000
10000
10000
9519
8859
9573
9053
9648
10000
10000
9923
9535
10000
10000
10000
10000
10000
10000
10000
9457
10000
8879
9743
10000
10000
9589
10000
10000
10000
9728
10000
10000
10000
9051
10000
10000
9739
9725
8963
10000
10000
10000
10000
10000
8556
8620
10000
10000
9886
10000
10000
10000
10000
9369
10000
10000
8935
10000
10000
10000
9842
10000
9190
10000
10000
10000
9290
10000
10000
9892
9712
9249
10000
10000
10000
10000
10000
10000
10000
9625
9609
10000
10000
10000
10000
10000
10000
9744
10000
10000
10000
10000
9360
10000
10000
9510
9962
9462
10000
10000
10000
9074
10000
9793
10000
9654
10000
9990
9256
9983
10000
10000
10000
10000
9698
10000
10000
10000
8845
9705
10000
9889
10000
9899
10000
9405
9361
9704
10000
10000
10000
10000
10000
10000
9821
9691
10000
10000
10000
10000
10000
10000
10000
9899
10000
9876
10000
10000
9212
10000
9043
9723
8982
9712
9066
10000
10000
10000
10000
10000
10000
10000
8806
10000
9789
10000
9445
9970
10000
10000
10000
10000
9157
10000
10000
10000
10000
9889
10000
9192
10000
9999
10000
10000
10000
9797
10000
8848
9793
10000
10000
10000
9908
10000
8096
8793
10000
9220
10000
10000
9805
8798
10000
10000
10000
9681
9978
10000
10000
10000
10000
10000
10000
9884
9676
10000
10000
10000
10000
10000
10000
9845
10000
10000
9874
10000
9896
8882
8988
9938
9376
9986
9940
10000
10000
10000
9648
10000
9214
10000
10000
10000
10000
10000
9059
9821
10000
10000
9662
10000
9595
10000
9860
9948
10000
10000
9646
9367
9640
9767
10000
10000
9931
10000
10000
9610
10000
9296
10000
10000
10000
10000
9407
10000
10000
9844
10000
10000
9365
10000
10000
9203
10000
10000
10000
10000
9381
10000
10000
10000
10000
10000
9894
9796
10000
9357
9790
10000
10000
9208
10000
9390
10000
10000
10000
10000
9914
10000
10000
10000
10000
10000
10000
9842
10000
9323
9515
10000
8953
9785
9862
9572
10000
10000
8579
10000
10000
10000
10000
10000
9079
10000
8617
10000
10000
9118
10000
10000
10000
9897
10000
10000
10000
10000
10000
10000
8951
10000
9659
9757
10000
10000
10000
10000
9182
9858
10000
10000
10000
10000
9655
10000
10000
9526
9851
10000
10000
9192
10000
9308
10000
10000
9058
10000
10000
9741
9182
9624
9554
10000
10000
9626
10000
10000
9767
10000
10000
10000
10000
9036
9276
10000
10000
10000
9735
10000
9825
10000
9982
10000
9194
10000
10000
10000
9636
9711
10000
10000
10000
10000
10000
10000
10000
9769
9482
10000
10000
10000
9137
10000
9468
9741
10000
10000
9940
10000
10000
10000
10000
10000
10000
9853
9722
9203
9715
9091
10000
9792
8868
10000
10000
9506
10000
10000
10000
10000
10000
10000
9773
9206
10000
9885
8694
10000
10000
10000
9541
10000
10000
9096
10000
10000
10000
10000
10000
9811
10000
9263
10000
9352
9776
9792
10000
10000
10000
10000
9908
9299
10000
10000
8884
10000
10000
9374
9713
10000
10000
10000
10000
9840
9764
10000
9313
9203
10000
9757
10000
10000
9974
10000
9362
10000
10000
10000
9683
9563
9426
9203
10000
9620
9750
9799
10000
10000
10000
10000
9796
10000
9634
10000
10000
10000
9918
9675
10000
10000
10000
10000
10000
9165
10000
10000
10000
9974
9645
10000
9786
9434
8820
10000
9952
9678
10000
9769
10000
10000
9027
9362
10000
9979
10000
10000
9923
10000
10000
10000
9746
10000
9088
10000
9503
9554
9830
10000
10000
9989
10000
9252
9473
9714
9215
10000
9427
9780
8348
10000
9426
10000
10000
9602
10000
10000
10000
9413
10000
9578
9976
10000
9974
10000
10000
10000
10000
10000
10000
9784
9917
10000
10000
10000
10000
9925
10000
9574
9911
9740
10000
10000
10000
10000
10000
10000
9678
10000
10000
9059
10000
10000
10000
10000
10000
10000
10000
10000
10000
9097
9710
9847
10000
9837
8881
10000
10000
10000
10000
10000
10000
10000
8988
9376
9272
9995
9925
10000
9528
10000
10000
9986
9764
10000
10000
10000
10000
9332
10000
10000
10000
10000
10000
10000
9932
10000
9370
10000
10000
9521
10000
10000
10000
10000
9753
9804
9399
9894
10000
10000
10000
10000
10000
10000
10000
10000
10000
9690
10000
9828
10000
10000
9975
9523
10000
10000
10000
9973
9227
10000
10000
10000
10000
8912
10000
9403
9530
10000
10000
9850
9664
8976
10000
9264
9504
10000
10000
10000
9866
10000
9463
10000
9568
9669
9738
10000
9227
10000
10000
10000
9766
10000
10000
10000
10000
10000
9661
10000
10000
9720
10000
10000
10000
10000
10000
10000
8637
10000
9873
9882
9337
10000
10000
10000
10000
9813
10000
10000
10000
10000
9900
9816
9945
10000
10000
10000
10000
10000
10000
9191
9295
10000
10000
9073
9812
10000
10000
10000
10000
10000
9641
10000
10000
10000
9873
9915
10000
9641
10000
10000
10000
10000
10000
9624
10000
10000
9461
10000
10000
9989
9146
10000
10000
9306
10000
9455
10000
10000
10000
10000
10000
9508
9947
10000
10000
10000
10000
9358
10000
9182
10000
9616
9191
8978
10000
10000
9701
9899
10000
9455
9677
10000
9106
9371
10000
9839
8657
10000
10000
9904
9951
9706
10000
10000
9871
10000
9592
10000
10000
9276
10000
10000
7935
10000
9631
9486
9612
9423
10000
9996
10000
10000
10000
9550
10000
9129
9634
9276
9326
10000
9916
8918
10000
10000
10000
9915
10000
9825
10000
10000
10000
10000
10000
10000
10000
10000
