10000
10000
10000
9992
10000
10000
10000
9998
10000
9993
9999
10000
9999
10000
9999
10000
10000
9998
10000
10000
10000
10000
10000
10000
10000
10000
9998
9999
10000
10000
10000
10000
10000
10000
10000
9999
10000
10000
10000
10000
9998
9993
10000
10000
10000
10000
10000
9999
10000
10000
10000
10000
10000
10000
10000
10000
10000
10000
9998
10000
10000
9999
10000
10000
9999
10000
10000
10000
10000
9999
10000
9998
10000
10000
10000
10000
10000
10000
10000
9985
10000
10000
10000
9988
10000
9999
10000
10000
9999
10000
9999
10000
9990
10000
9998
10000
9996
9998
10000
10000
10000
10000
9993
10000
9999
10000
9995
10000
10000
10000
9998
9998
10000
10000
9998
9988
9997
9997
9999
10000
9999
9998
10000
9998
9998
10000
10000
10000
10000
10000
10000
10000
9995
10000
10000
10000
10000
10000
10000
10000
10000
10000
10000
10000
9996
9999
10000
9991
10000
10000
10000
10000
10000
10000
10000
10000
9999
10000
10000
10000
10000
10000
10000
10000
10000
10000
10000
10000
10000
9995
10000
9999
10000
9999
10000
10000
9992
10000
9999
9998
10000
10000
10000
10000
10000
10000
10000
10000
10000
9998
9999
10000
10000
10000
9999
10000
9999
10000
10000
10000
10000
10000
10000
10000
10000
9999
9999
9998
10000
9999
9999
10000
9999
10000
10000
10000
10000
9997
10000
9999
10000
10000
10000
10000
9996
10000
9992
10000
10000
10000
10000
10000
10000
10000
9999
10000
10000
10000
9999
10000
10000
10000
10000
10000
9947
10000
10000
10000
9991
10000
10000
10000
10000
10000
10000
10000
10000
10000
10000
10000
10000
10000
10000
10000
10000
9998
10000
9999
10000
10000
10000
10000
10000
10000
10000
9999
10000
9999
9999
10000
10000
10000
10000
10000
10000
10000
10000
10000
9992
10000
9999
10000
10000
9999
10000
9999
10000
10000
9999
10000
10000
10000
10000
9998
10000
10000
9998
9999
10000
10000
10000
9997
9973
10000
9990
9998
10000
10000
10000
10000
10000
9999
9995
10000
10000
9999
10000
10000
10000
10000
10000
10000
10000
10000
10000
10000
9999
10000
10000
10000
10000
10000
10000
10000
10000
9999
10000
9983
9999
10000
10000
10000
10000
9997
10000
10000
10000
10000
10000
10000
9999
9999
10000
10000
10000
10000
10000
9978
9999
9994
10000
10000
10000
9998
10000
9999
10000
9997
10000
10000
10000
9999
9998
9998
10000
9999
9999
10000
10000
10000
10000
10000
10000
10000
9999
10000
10000
9995
10000
10000
10000
10000
9999
10000
10000
10000
10000
10000
10000
10000
9999
10000
9996
10000
10000
10000
10000
10000
10000
10000
9998
10000
9998
10000
9999
10000
9999
10000
10000
9999
10000
10000
10000
10000
10000
10000
10000
10000
10000
10000
10000
10000
10000
9992
9999
10000
10000
10000
10000
10000
10000
10000
9999
9999
10000
10000
10000
10000
10000
10000
9999
9999
9999
10000
10000
10000
9999
10000
10000
10000
10000
10000
10000
9999
10000
9998
10000
9996
10000
10000
10000
9999
10000
10000
10000
10000
9998
10000
10000
10000
10000
10000
10000
10000
10000
9994
10000
10000
9999
9999
10000
10000
10000
9999
10000
10000
10000
9995
10000
9999
10000
10000
10000
10000
10000
10000
9999
10000
10000
9991
10000
10000
9999
9998
10000
10000
10000
10000
10000
10000
10000
9999
10000
10000
10000
9998
10000
10000
10000
9999
10000
9964
9999
10000
9999
10000
9999
10000
9995
10000
9977
10000
10000
9999
10000
10000
10000
10000
10000
10000
9999
10000
10000
9998
10000
10000
9998
10000
10000
10000
10000
10000
9997
10000
9999
10000
10000
10000
10000
9999
10000
9998
10000
9999
10000
10000
10000
10000
10000
9999
10000
9998
10000
10000
10000
10000
10000
9999
10000
10000
9999
9995
10000
10000
10000
10000
9997
10000
9999
10000
10000
10000
9998
10000
10000
10000
10000
10000
10000
10000
10000
9999
10000
10000
9993
10000
10000
10000
10000
10000
9995
10000
9999
10000
10000
9986
10000
9990
10000
9995
10000
10000
9997
10000
9999
10000
10000
10000
10000
10000
10000
9999
10000
9999
10000
10000
10000
10000
10000
10000
10000
9998
9997
9999
10000
10000
10000
9999
9999
10000
9992
10000
9999
10000
10000
9997
10000
10000
10000
9987
10000
9999
10000
10000
10000
10000
10000
10000
10000
10000
10000
10000
9999
10000
10000
10000
9999
10000
10000
9999
9999
10000
10000
9999
10000
9994
10000
10000
10000
9999
9996
10000
9990
10000
10000
9994
10000
9999
10000
10000
10000
9997
10000
10000
9998
10000
10000
9999
10000
9942
10000
9999
9997
9914
10000
10000
10000
10000
10000
9997
10000
9998
10000
10000
10000
10000
9999
9987
10000
9998
10000
9999
10000
10000
10000
10000
10000
10000
10000
9999
9999
10000
10000
10000
10000
9997
9981
10000
10000
10000
10000
10000
9999
10000
10000
10000
10000
10000
9966
10000
9996
10000
10000
10000
10000
10000
9998
10000
10000
10000
10000
10000
10000
9996
10000
10000
10000
10000
10000
9999
9984
9999
10000
10000
9999
10000
9972
10000
10000
10000
10000
10000
10000
10000
10000
10000
10000
10000
10000
9998
10000
9999
10000
10000
10000
10000
9999
9936
9996
10000
10000
9995
9981
10000
10000
9996
10000
10000
10000
10000
10000
10000
10000
10000
9997
9999
10000
10000
10000
10000
10000
9996
10000
10000
10000
10000
10000
10000
10000
9999
10000
10000
10000
10000
10000
10000
10000
10000
9998
10000
10000
10000
9997
10000
10000
10000
10000
10000
10000
10000
9999
9999
10000
10000
9995
10000
10000
10000
10000
9999
9999
9999
10000
9999
10000
10000
9999
10000
9994
10000
9999
10000
10000
10000
10000
10000
10000
10000
10000
10000
10000
9996
10000
10000
9999
10000
9945
10000
9997
10000
9999
10000
10000
10000
10000
10000
10000
10000
9976
10000
10000
9999
10000
10000
10000
9999
9997
10000
9997
10000
9999
9999
9999
10000
10000
10000
10000
9994
10000
10000
10000
10000
10000
10000
10000
10000
10000
10000
9990
10000
10000
10000
10000
10000
10000
10000
9999
9999
10000
10000
9995
10000
10000
10000
9990
10000
10000
10000
10000
10000
9999
10000
10000
10000
10000
10000
10000
9996
10000
10000
10000
9996
10000
10000
9997
10000
10000
10000
10000
10000
