10000
10000
10000
10000
10000
9990
10000
10000
9999
10000
9999
9998
10000
10000
10000
9999
9999
10000
9999
9998
10000
10000
10000
9996
9978
10000
9999
10000
10000
9983
10000
10000
10000
9981
10000
10000
9998
10000
9996
10000
10000
9998
9996
9999
10000
10000
10000
10000
10000
10000
10000
10000
10000
10000
9998
9999
10000
10000
10000
9997
10000
9980
10000
10000
10000
9999
9999
9999
9997
10000
9998
9999
10000
9998
10000
10000
9999
10000
9988
9997
9983
10000
10000
10000
10000
9975
10000
10000
10000
10000
10000
10000
9997
10000
10000
10000
9999
9999
10000
9995
9944
9981
9998
10000
9997
10000
10000
9999
10000
9999
10000
9999
10000
10000
10000
10000
10000
9999
9992
10000
10000
9994
10000
9975
10000
10000
10000
10000
10000
9965
9998
10000
10000
10000
10000
9999
10000
10000
10000
10000
10000
10000
9997
10000
10000
10000
10000
10000
10000
9997
9999
9999
10000
9998
10000
9992
10000
10000
10000
10000
9999
10000
10000
10000
10000
10000
10000
9997
10000
9999
9998
10000
10000
9999
10000
10000
9999
10000
10000
9992
10000
9999
10000
10000
9994
9999
10000
10000
10000
9994
9999
9994
9999
9999
10000
10000
9991
9996
9994
9999
9995
9999
9999
10000
9991
10000
9996
9998
10000
10000
10000
9999
10000
9999
9999
9990
9997
10000
10000
10000
10000
10000
9997
10000
10000
10000
10000
10000
9978
9967
10000
10000
9993
9880
9999
9999
10000
10000
10000
9995
10000
10000
10000
9999
9990
9997
9997
9996
9999
9999
10000
10000
10000
9998
10000
9999
10000
10000
10000
10000
10000
9999
10000
9999
9999
10000
10000
10000
9999
10000
10000
9999
10000
10000
10000
9998
10000
10000
10000
10000
10000
9997
10000
10000
10000
10000
9995
10000
10000
10000
9980
9997
10000
10000
10000
9997
9991
9995
9999
10000
10000
10000
9972
9998
9998
10000
10000
10000
10000
10000
10000
9998
10000
10000
10000
10000
10000
10000
10000
10000
10000
10000
9999
10000
10000
10000
10000
9992
10000
9999
10000
9999
10000
10000
9999
10000
10000
10000
9994
9998
10000
10000
10000
10000
10000
9996
9990
10000
10000
10000
9998
10000
10000
9999
10000
10000
10000
10000
10000
10000
10000
10000
9999
9936
10000
10000
9993
10000
9999
10000
10000
10000
10000
9999
10000
10000
9997
9998
10000
10000
9996
9999
10000
10000
10000
10000
10000
10000
10000
10000
10000
10000
10000
10000
10000
10000
10000
10000
9987
9993
9998
10000
9999
10000
9998
9999
10000
10000
10000
9994
10000
10000
9996
10000
10000
10000
10000
10000
10000
10000
9998
9992
10000
10000
10000
10000
10000
10000
10000
10000
10000
10000
10000
9992
10000
10000
9968
10000
9999
10000
10000
9995
9996
9922
10000
9997
9975
10000
10000
10000
9996
10000
9969
10000
10000
10000
9994
10000
9991
10000
10000
10000
10000
10000
10000
10000
10000
9999
10000
10000
9999
10000
10000
10000
10000
10000
9999
10000
9999
10000
10000
10000
9995
10000
10000
9998
10000
10000
10000
9997
9999
9997
10000
9999
10000
10000
9998
10000
10000
9999
10000
10000
10000
10000
10000
10000
10000
10000
9997
9997
9975
10000
9994
10000
9998
10000
10000
9998
10000
10000
10000
10000
9993
9996
9999
10000
9998
10000
9997
9995
10000
9998
10000
9999
9953
9974
10000
10000
10000
10000
10000
10000
10000
10000
9998
9999
9999
10000
10000
10000
10000
10000
10000
10000
10000
10000
10000
10000
10000
9993
10000
10000
10000
9998
10000
9996
9999
10000
10000
10000
10000
10000
10000
9995
10000
10000
10000
9999
10000
10000
10000
10000
10000
10000
10000
10000
9998
9997
9997
10000
10000
10000
10000
10000
9999
9996
9998
9999
10000
9999
10000
9999
10000
10000
9996
10000
10000
9999
10000
10000
10000
10000
10000
9999
9999
9997
9999
9999
10000
10000
10000
10000
10000
9989
9997
10000
9998
10000
9996
10000
10000
10000
10000
10000
9994
10000
9998
9996
9980
9993
10000
10000
9999
10000
9997
10000
10000
10000
9999
10000
10000
10000
10000
10000
9981
10000
10000
9994
9996
10000
10000
10000
10000
10000
9989
9997
10000
10000
9990
10000
9999
10000
10000
10000
9999
9954
9998
10000
10000
10000
10000
9990
9999
10000
9994
10000
10000
9975
10000
9998
10000
10000
9999
10000
9997
9997
9998
10000
10000
10000
10000
9999
10000
10000
10000
10000
9998
10000
10000
10000
10000
10000
10000
9995
10000
10000
9999
9997
10000
10000
10000
9997
10000
10000
9997
10000
10000
10000
9999
10000
10000
9997
10000
10000
10000
9988
10000
10000
10000
10000
10000
10000
9972
9991
10000
10000
10000
9999
10000
10000
9992
10000
9999
10000
10000
10000
9998
10000
10000
9995
10000
9994
9999
9999
10000
9998
10000
10000
10000
9999
10000
9986
10000
10000
10000
10000
9999
9997
9997
10000
9990
10000
9999
9998
10000
10000
10000
10000
10000
10000
10000
10000
10000
10000
9999
9995
9999
9997
10000
9994
10000
9996
9950
10000
10000
10000
10000
10000
10000
10000
10000
10000
10000
9941
10000
10000
9966
10000
10000
10000
10000
10000
9999
10000
9999
10000
10000
10000
10000
10000
9999
10000
10000
10000
10000
10000
10000
10000
10000
9998
10000
10000
10000
9999
10000
10000
10000
10000
9995
10000
9988
10000
10000
10000
10000
9997
10000
9999
10000
10000
10000
9999
10000
10000
9999
10000
9996
10000
10000
9999
10000
10000
9999
9996
10000
10000
10000
10000
10000
10000
10000
10000
10000
10000
9997
9999
10000
9999
10000
10000
9992
9999
10000
10000
10000
10000
10000
10000
9996
9996
10000
9999
10000
10000
10000
10000
10000
9993
9999
10000
10000
10000
9992
10000
10000
10000
9998
10000
10000
10000
10000
10000
10000
9999
10000
10000
10000
10000
9999
9984
10000
9973
9991
10000
9998
10000
10000
10000
10000
9990
10000
10000
10000
10000
10000
9997
10000
9998
10000
9997
10000
10000
10000
9996
10000
10000
9993
10000
10000
9995
10000
10000
10000
10000
9998
10000
9999
10000
9995
9999
10000
9872
10000
10000
9999
10000
9999
10000
10000
10000
10000
10000
9997
9999
9996
10000
10000
10000
10000
9997
10000
10000
9999
10000
10000
10000
10000
10000
10000
10000
