9864
9873
9926
9946
9973
9956
9974
9906
9931
9893
9822
9904
9906
9952
9875
9901
9888
9853
9940
9845
9923
9848
9949
9925
9945
9872
9861
9918
9983
9927
9901
9999
9820
9983
9970
9805
9898
9856
9957
9906
9924
9962
9972
9912
9894
9954
9877
9822
9916
10000
9917
9881
9865
9939
9939
9841
9998
9915
9818
9737
9939
9878
9979
9966
9874
9872
9937
9817
9954
9913
9811
9952
9899
9896
9993
9937
9857
9883
9889
9992
9861
9889
9902
9780
9975
9964
9986
9924
9916
9959
9856
9998
9951
9893
9996
9978
9779
9912
10000
9814
9894
9839
9785
9897
9883
9967
9905
9899
10000
9972
9860
9888
9828
9788
9913
9906
9925
9997
9853
9893
9912
9925
9949
9940
9870
9931
9920
9967
9989
9873
9931
9811
9857
9943
9922
9962
9940
9930
9977
9988
9908
9987
9954
9915
9978
9910
9999
9981
9864
9942
9903
9998
9960
9915
9954
9892
9818
9945
9976
9814
9995
9996
9938
9900
9892
9979
9950
9955
9771
9837
9922
9850
9942
9914
9922
9976
9788
9886
9932
9916
9890
9998
9937
9954
9890
9822
9937
9926
9940
9870
9856
9932
9973
9929
9960
9936
9848
9884
9953
9929
9980
9990
9899
9780
9692
9862
9818
9943
9918
9904
9937
9889
9989
9979
9945
9854
9939
9916
9903
9961
9998
9994
9895
9954
9948
9938
9885
9656
9971
9942
9901
9988
9913
9984
9826
9903
9835
9947
9900
9834
9926
9921
9748
9991
9945
9928
9955
9878
9877
9878
10000
9933
9913
9997
9848
9992
9986
9935
9904
9812
9871
9892
9903
9830
9942
9904
9906
9894
9961
9881
9985
9847
9866
9935
9949
9876
9962
9997
9813
9940
9920
9982
9949
9936
9913
9983
9981
9862
9912
9977
9811
10000
9958
9995
9935
9875
9880
9996
9936
9944
9907
9969
9996
9858
9938
9924
9909
9911
9939
9755
9844
9910
9887
9928
9923
9850
9911
9885
9992
9983
9913
9736
9835
9947
9893
9811
9968
9939
10000
9865
10000
9992
9817
9942
9940
9983
9899
9982
9853
9974
9988
9970
9891
9987
9955
9927
9926
9884
9965
9878
9920
9905
9996
9910
9926
9928
9842
9851
9955
9893
9991
9991
9998
9969
9847
9908
9923
9998
9917
9961
9871
10000
9991
9909
9976
9872
9924
9872
9925
9880
9973
9947
9904
9829
9900
9915
9926
9817
9953
9977
9936
9937
9974
9930
9875
9812
9894
9816
9940
9931
9785
9827
9676
9971
9925
9861
9919
9921
9959
9944
9803
9821
9931
9985
9962
9905
9838
9888
9880
9910
9891
9918
9886
9824
9909
9900
9908
9920
9972
9906
9989
9868
9864
9889
9827
9883
9827
9873
9926
9946
9925
9882
9962
9915
9990
9913
9930
9899
9963
9945
9993
9932
9933
9936
9744
9980
9852
9972
9932
9916
9861
9903
9977
9963
9961
9932
9771
9871
9908
9923
9946
9971
9922
9875
9963
9794
9977
9971
9899
9992
9936
9912
9921
9899
9935
9908
9782
9896
9887
9882
9925
9886
9793
9975
9951
9894
9958
9923
9979
9987
9983
9916
9811
9904
9967
9928
9908
9919
9992
9944
9981
9837
10000
9834
9932
9985
9930
9977
9869
9946
9909
9861
9821
9960
9977
9825
9942
9876
9813
9913
9824
9988
9874
9952
9898
9928
9833
9868
9982
9922
9989
9884
9889
9848
9919
9870
9982
9911
9997
9963
9893
9944
9924
9999
9959
9905
9910
9923
9935
9972
9881
9924
9958
9906
9799
9808
9963
9973
9879
9933
9910
9984
9965
9887
9999
9956
9966
9973
9928
9915
9945
9920
9789
10000
9936
9788
9982
9990
9963
9946
9932
9962
9794
9865
9934
9935
9973
9923
9857
9870
9857
9877
9894
9934
10000
9949
9991
9842
9850
9861
9958
9924
9971
9980
9990
9960
9931
9955
9972
10000
9912
9907
9901
9956
9961
9933
9867
9932
9854
9895
9963
9946
9980
9915
9887
9970
9635
9791
9928
9969
9973
9938
9934
9882
9948
9947
9899
9989
9955
9921
9993
9877
9938
9793
9913
9894
9942
9828
9923
9862
9849
9886
9912
9769
9960
9964
9852
9629
9886
9869
9883
9920
9843
9954
9968
9912
9905
9908
9880
9875
9884
9983
9901
9995
9952
9940
9988
9897
9914
9901
9957
9971
9803
9949
9987
9932
9830
9966
9910
9936
9992
9914
9904
9892
9915
9844
9914
9992
9856
9814
9877
9999
9894
9857
9969
9937
9964
9980
9957
9843
9902
9787
9874
9908
9944
10000
9773
9846
9860
9982
9818
9950
9914
9921
9939
9910
9910
9972
9783
9902
9916
9917
9843
9970
9915
9919
9907
9892
9952
9980
9934
9884
9847
9922
9985
9938
9886
9931
9905
9767
9841
9870
9893
9864
9877
9954
9932
9879
9863
9937
9929
9971
9984
9949
9906
9943
9911
9943
9893
9855
9829
9893
9942
9958
9997
9965
9923
9943
9914
9808
9917
9955
9882
9993
9917
9916
9942
9940
9905
9951
9923
9908
9867
9831
9952
9947
9951
9967
9818
9920
9870
9954
9870
9903
9962
9821
9838
9900
9886
9880
9878
9781
9995
9835
9871
9937
9965
9833
9815
9843
9800
9889
9993
9905
9954
9978
9929
9961
9755
9925
9990
9901
9962
9804
10000
9861
9876
9970
9918
9919
10000
9938
9968
9948
9988
9815
9914
9834
9998
9984
9937
9892
9927
9982
9950
9945
9990
9902
9976
9979
9975
9945
9923
9948
9950
9885
9931
9857
9829
9792
9955
9987
9775
9925
9985
9832
9920
9972
9844
9982
9796
9858
9815
9879
9858
9918
10000
9914
9971
9999
9913
9976
9998
9806
9898
9881
9729
9946
9895
9878
9863
9876
9983
9991
9890
9825
9838
9868
9944
9883
9925
9968
9961
9838
9840
9898
9941
9909
9856
9830
9933
9929
9963
10000
9827
9929
9978
9888
9932
9946
9881
9950
9968
9915
9855
9845
9925
9949
9916
9987
9962
9910
9959
9945
9950
9963
9914
9931
9901
9908
9957
9933
9871
9899
9990
9852
9889
9979
9844
9896
9875
9966
9925
9967
9913
9914
9934
9969
9913
9864
9950
9953
9962
9877
9892
9929
9970
9963
9913
9881
9993
9854
9923
9936
9942
9892
9885
9844
9966
9793
