9932
10000
9907
9940
9919
9907
9923
9879
9947
9900
9904
9868
9944
9722
9867
9980
9925
9863
9930
9908
9939
9929
9843
9931
9897
9997
9929
9865
9927
9966
9841
9767
9963
9966
9854
9884
9747
9860
9911
9928
9954
9934
9918
10000
9964
9985
9936
9992
9936
9943
9929
9878
9943
9802
9950
9895
9966
9891
9924
9864
9925
9929
9898
9940
9905
9879
9936
9980
9885
9851
9811
9811
9853
9896
9870
9962
9925
9930
9973
9932
9941
9890
9925
9991
9834
9789
9891
9825
9841
9902
9938
9890
9856
9908
9838
9929
9986
9987
9969
9976
9901
9876
9905
9877
9892
9965
9960
9815
9883
9925
9933
9872
9954
9928
9944
9975
9930
9868
9917
9898
9849
9915
9922
9979
9944
9973
9870
9900
9960
9868
9855
9855
9834
9940
9976
9849
9958
9955
9914
9949
9742
9959
9899
9957
9961
9843
9657
9897
9918
9770
9812
9892
9919
9899
9854
10000
9899
9902
9842
9926
9963
10000
9817
9905
9946
9810
9887
9951
10000
9963
9817
9959
9899
9974
9826
9913
9923
9867
9968
9999
9944
9848
9997
9880
9839
9957
9906
9969
9916
9840
9956
9960
9931
9804
9988
9863
9938
9883
9894
9902
9926
9868
9913
9858
9994
9920
9935
9950
9916
9952
9936
9917
10000
9915
9859
9838
9952
9792
9939
9966
9964
9917
9974
9998
9963
9902
9961
9925
9910
9922
9833
9912
9929
9934
9891
9820
9825
9836
9892
9869
9870
9909
9901
9995
9901
9961
9862
9854
9867
9865
9832
9941
9897
9972
9981
9941
9938
9915
9894
9981
9844
9852
9882
9935
9938
9951
9965
9940
9994
9923
9968
9916
9920
9938
9794
9945
9803
9897
9942
9906
10000
9944
9927
9961
9821
10000
9865
9883
9944
9945
9899
9931
9999
9907
9998
9930
9887
9923
9883
9950
9936
9756
9836
9962
9937
9931
9964
9881
9879
9898
9878
9932
9861
9963
9875
9808
9826
9998
9931
9937
9898
9798
9933
9950
9972
9862
9955
9814
9918
9972
9924
9919
9926
9887
9833
9986
9848
9734
9920
9961
9802
9845
9978
9743
9895
9916
9910
9947
9870
9802
9997
9943
9821
9969
9913
9890
9964
9792
9940
9905
9967
9900
9987
9829
9920
9995
9914
9983
9916
9958
9998
9873
9952
9974
9827
9920
9984
9854
9808
9823
9967
9970
9644
9905
9883
9882
9918
9942
9971
9955
9963
9787
9880
9908
9939
9747
9856
9932
9986
9871
9992
9917
9772
9972
9993
9960
9970
9905
9877
9943
9869
9948
9954
9966
9877
9963
9786
9918
9998
9909
9916
9886
9916
9999
9953
9929
9862
9939
9885
9871
9940
9691
9963
9835
9925
9892
9871
9886
9940
10000
9954
9989
9890
9830
9899
9939
9881
9953
10000
9999
9922
9881
9888
9995
9957
9886
9910
9855
9957
9917
9842
9908
9866
9880
9890
9946
9867
9988
9902
9886
9997
9953
9961
9902
9866
9859
9958
9821
9721
9876
9803
9969
9982
9867
9887
9888
9915
9897
9999
9859
9931
9797
9985
9986
9917
9930
9898
9906
9924
9938
9866
9874
9981
9969
9938
9837
9775
9865
9875
9889
9864
9945
9892
9823
9934
9650
9969
9931
9846
9965
9916
9891
9918
9885
9750
9897
9956
9975
9949
9987
9871
9816
9925
9906
9922
9735
9965
9959
9870
9940
9883
10000
9896
9950
9945
9888
9997
9912
9831
9895
9948
9939
9965
9961
9914
9892
9871
9889
9952
10000
9838
9938
9747
9926
9910
9813
9932
9974
9799
9823
9968
9938
9909
9924
9872
9930
9877
9851
9934
9893
9876
9983
9810
9977
9786
9936
9962
9935
9919
9881
9846
9981
9968
9919
9752
9961
9953
9906
9930
9811
9822
9822
9893
9945
9878
9989
9661
9921
9906
9814
9897
9967
9927
9961
9883
9978
9914
9880
9978
9899
9931
9914
9999
9933
9959
9876
9907
9896
9890
9856
9931
9913
9947
9893
9955
9903
9918
9838
9915
9893
9936
9875
9917
9806
9961
9997
9961
9993
9960
9937
9945
9927
9927
9940
9961
9875
9722
9968
9946
9945
9939
10000
9958
9875
9944
9842
9879
9923
9842
9814
9850
9968
9909
9948
9933
9914
10000
9900
9958
9872
9919
9919
9843
9936
9890
9868
9983
9880
9933
9957
10000
9944
9866
9933
9947
9902
9852
9848
9974
9947
9905
9931
9860
9987
9869
9960
9922
9840
9890
9868
9816
9919
9957
9959
10000
9847
9772
9876
9877
9935
9937
9916
9915
9900
9920
9940
9921
9897
9796
9941
9923
9994
9887
9924
9808
9917
9999
9836
9902
9791
9918
9944
9875
9931
9766
9912
9902
9969
9984
9903
9942
9898
9969
9826
9888
9770
9926
9947
9890
9872
9991
9901
9890
9981
9929
9911
9728
9924
9811
9762
9937
9859
9816
9920
9912
9874
9952
9891
9932
9863
9998
9940
9871
9862
9902
9885
9950
9883
9915
9790
9928
9938
9885
9982
9745
9908
9874
9865
9792
9899
9903
9879
9939
9951
9975
9940
9904
10000
9905
10000
9844
9826
9902
9749
9975
9872
9851
9916
9960
9978
9886
9976
9935
9924
9885
9987
9872
9850
9963
9861
9931
9945
9842
9786
9923
9909
9959
9947
9921
9797
9924
9938
9901
9978
9993
9855
9944
9862
9868
9768
9811
9903
9981
9944
9898
9994
9869
9812
9967
9982
9902
9946
9906
9885
9885
9949
9833
9812
9893
9911
9974
9891
9933
9924
9869
9892
9886
9886
9963
9958
9912
9935
9934
9906
9985
9986
9940
9827
9857
9952
9782
9934
9867
9923
9824
9938
9930
9982
9817
9834
9956
9947
9886
9891
9887
9935
9970
9877
9922
9969
9831
9938
9889
9829
9896
9898
9863
9966
9900
9996
9988
9855
9797
9857
9943
9979
9911
9801
9882
9923
9919
9848
9890
9923
9851
9918
9870
9876
9912
9920
9940
9883
9888
9881
9870
9908
9900
9866
9999
9861
9894
9962
9887
9966
9899
9762
9860
9972
9841
9895
9850
9889
9902
9836
9949
9953
9885
9907
9918
9850
9891
9982
9868
9955
9909
9926
9888
9998
9929
9907
9923
9908
9937
9958
9938
9900
9978
9891
9845
9900
9859
9912
9875
9845
9897
9918
9910
9917
9890
9968
