9971
9893
9806
9944
9930
10000
9813
9931
9919
9958
9869
9898
9887
9942
9895
9829
9867
9875
9922
9920
9940
9897
9975
9953
9891
10000
9872
9905
9942
9902
9851
9980
9830
9739
9954
9768
9884
9912
9947
9939
9861
9853
9938
9870
9880
9861
9928
9865
9759
9918
9903
9840
9887
9881
9903
9747
9960
9961
9902
9912
9949
9874
9927
9894
9895
9900
9926
9893
9956
9710
9803
9973
9874
9895
9867
9946
9969
9835
9916
9869
9865
9713
9948
9944
9842
9949
9917
9945
9906
9904
9926
9909
9972
9895
9784
9943
9899
9849
9980
9846
9837
9850
9957
9913
9909
9863
9855
9990
9957
9887
9904
9968
9904
9916
9907
9789
9977
9871
9920
9822
9934
9912
9887
9940
9854
9899
9937
9961
9941
9915
9908
9921
9917
9979
9841
9892
9914
9859
9907
9852
9896
9885
9936
9950
9926
9932
9931
9850
9999
9906
9857
9932
9911
9885
9953
9859
9904
9848
9891
9828
9933
9910
9926
9798
9955
9955
9975
9955
9924
9920
9854
9747
9928
9945
9981
9903
9967
9916
9909
9808
9898
9938
9926
9859
9934
9930
9878
9959
9965
9972
9870
9848
9938
9959
9882
9974
9950
9874
9780
9803
10000
9829
9940
10000
9935
9901
9881
9765
9911
9920
9841
9955
9882
9964
9998
9958
9930
9908
9970
9828
9933
9924
9909
9949
9947
9950
9803
9958
9934
9895
9926
9929
9948
9916
9808
9895
9978
9948
9921
9925
9929
9933
9734
9918
9937
9857
9958
9979
9954
9880
9939
9776
9910
9831
9787
9958
9915
9870
9929
9999
9891
9885
9867
9807
9970
9906
9961
9919
9943
9926
9823
9836
9849
9878
9888
9967
9892
9715
9873
9938
9936
9993
9946
9816
9957
9957
9910
9940
9934
9903
9833
9880
9942
9897
9784
9917
9888
9903
9977
9988
9943
9999
9809
9896
9873
9888
9944
9806
9902
9863
9853
9952
9942
9898
9887
9933
9876
9923
9881
9899
9947
9933
9799
9933
9849
9893
9907
9853
9948
9928
9913
9903
9988
9968
9928
9836
9943
9938
9902
9789
9974
9943
9863
9969
9969
9954
9911
9895
9921
9963
9895
9890
9929
9915
9833
9913
9989
9758
9853
9776
9795
9950
9983
9892
9970
9945
9896
9986
9922
9874
9970
9867
9940
9927
9940
9796
9988
9943
9972
9934
9851
9793
9819
9918
9875
9876
9984
9925
9967
9861
9952
9942
9888
9933
9943
9946
9831
9976
9897
9866
9680
9772
9884
9872
9956
9836
9789
9833
9892
9906
9926
9890
9936
9899
9755
9950
9972
9912
9814
9936
9915
9953
9939
9899
9960
9914
9836
9944
9798
9803
9946
9889
9898
9980
9949
9913
9909
9934
9859
9868
9929
9999
9882
9890
9943
9961
9972
9944
9893
9940
9794
9864
9952
9963
9891
9885
9925
9904
9998
9891
9902
9915
9924
9876
9871
9861
9976
9827
9894
9881
9955
9961
9874
9951
9986
9845
9847
9958
9932
9801
9885
9887
9983
9929
9927
9806
9758
9936
9861
9900
9872
9865
9996
9904
9891
9929
9841
9941
9950
9985
9910
9874
9795
9960
9937
9935
9892
9966
9872
9884
9927
9987
9900
9977
9950
9871
9933
9926
9997
9985
9895
9888
9916
9900
9933
9843
9907
9930
9824
9959
9886
9942
9915
9812
9944
9842
9886
9854
9938
9937
9917
9930
9873
9966
9806
9813
9897
9892
9949
9990
9854
9975
9965
9855
9920
9904
9799
9955
9896
9928
9914
9962
9908
9999
9981
9824
9992
9870
9783
9883
9992
9761
9974
9853
9735
9983
9911
9942
9887
9949
9916
9835
9905
9826
9937
9889
9952
9917
9947
9915
9913
9905
9934
9937
9990
9941
9957
9958
9928
9938
9848
9940
9994
9893
9915
9944
9938
9977
9933
9877
9866
9983
9851
9914
9932
9898
9889
9876
9930
9977
9962
9976
9915
9925
9921
9898
9956
9943
9923
9920
9930
9886
9875
9788
9895
9942
9919
9904
9887
9925
9926
9974
9880
9914
9904
9936
9891
9889
9974
9997
9897
9811
9916
9981
9933
9925
9924
9951
9868
9954
9903
9882
9902
9872
9908
9916
9993
9929
9931
9924
9937
9980
9741
9988
9966
9928
9982
9947
9952
9958
9955
9912
9865
9898
9946
9964
9936
9923
9790
9952
9976
9957
9970
9845
9900
9944
9948
9879
9912
9955
9873
9838
9913
9964
9919
9924
9941
9983
9962
9986
9962
9925
9834
9924
9839
9967
9958
9831
9945
9901
9943
9972
9866
9895
9870
9972
9902
9970
9793
9917
9837
9915
9853
9885
9936
9998
9950
9893
9887
9883
9940
9824
9965
9875
9848
9832
9934
9774
9890
9941
9923
9933
9895
9878
9892
9866
9930
9919
9901
9934
9995
9917
9860
9830
9930
9842
9980
9948
9805
9920
9937
9877
9973
9891
9910
9860
9842
9829
9889
9901
9788
9961
9890
9867
9891
9881
9927
9849
9987
9961
9844
9888
9862
9950
9866
9835
9914
9988
9772
9926
9876
9870
9957
9873
9913
9880
9798
9950
9968
9919
9867
9920
9922
9981
9947
9858
9904
9834
9858
9868
9942
9928
9896
9992
9933
9849
9796
9915
9962
9869
9942
9942
9941
9893
9967
9976
9873
9803
9883
9902
9829
9962
9944
9900
9858
9927
9909
9866
9913
9954
9867
9949
9915
9924
9781
9913
9948
9980
9966
9913
9953
9837
9860
9793
9901
9862
9895
9847
9940
9891
9882
9938
9842
9938
9925
9883
9902
9847
9927
9901
9925
9869
9941
10000
9959
9952
9883
9981
9955
9954
9903
9895
9863
9807
9928
9874
9931
9989
9884
9913
9893
9746
9897
9949
9871
9968
9924
9993
9973
9758
9840
9860
9862
9954
9956
9907
9912
9919
9967
9991
9922
9972
9757
9895
9877
9827
9837
9965
9959
9880
9939
9937
9959
9918
9826
9875
9971
9873
9877
9853
9909
9891
9935
9937
9976
9900
9978
9958
9987
9805
9916
9904
9931
9896
9937
9935
9956
9881
9916
9994
9952
9903
9887
9931
9927
9935
9773
9995
9930
9949
9928
9895
9952
9850
9850
9910
9894
9948
9881
9897
9938
9860
9904
9964
9916
9934
9881
9939
9923
9927
9849
9896
9906
9950
9861
9961
9858
9863
9751
9906
