9942
9946
9885
9985
9863
9886
9957
9665
9965
9999
9897
9959
9933
9819
9971
9865
9961
9858
9924
9926
9791
9935
9938
9927
9862
9917
9907
9917
9933
9871
9973
9968
9899
9922
9956
9820
9898
9934
9925
9809
9877
9812
9919
9894
9948
9975
9933
9934
9957
9943
9859
9909
9935
9771
9914
9966
9918
9901
9790
9899
9960
9939
9869
9987
9921
9995
9894
9945
9799
9925
9813
9882
9988
9891
9947
9843
9730
9886
9862
9905
9930
9830
9808
9898
9893
9885
9832
9958
9787
9755
9885
9890
9692
9966
9984
9932
9970
9934
9901
9920
9894
9921
9917
9856
9942
9972
9761
9937
9963
9829
9965
9842
9911
9905
9915
9856
9845
9918
9898
9907
9908
9945
9890
9965
9903
9987
9927
9899
9889
9824
9993
9937
9899
9956
9878
9892
9940
9967
9957
9909
9901
9922
9925
9940
9883
9847
9967
9940
9848
9919
9937
9933
9923
9944
9937
9830
9935
9883
9888
9846
9953
9982
9892
9790
9868
9770
9884
9974
9887
9919
9878
9873
9885
9929
9856
9905
9867
9979
9817
9969
9899
9875
9981
9899
9951
9986
9872
9967
9971
9902
9976
9974
9829
9926
9881
9888
9944
9888
9988
9919
9957
9864
9857
9929
9940
9926
9804
9739
9915
9883
9789
9938
9872
9972
9946
9963
9831
9913
9965
9857
9919
9860
9985
9895
9849
9915
9934
9926
9784
9941
9988
9897
9862
9970
9920
9964
9843
9936
9804
9951
9905
9884
9889
9852
9976
9909
9852
9882
9937
9876
9858
9827
9961
9732
9851
9879
9991
9779
9957
9915
9827
9822
9799
9829
9786
9906
9939
9915
9968
9858
9896
9954
9973
9973
9970
9883
9928
9870
9945
9936
9945
9993
9849
9867
9917
9897
9872
9867
9857
9871
9765
9856
9914
9835
9870
9941
9828
9904
9915
9958
9890
9898
9867
9922
9970
9846
9962
9922
9961
9927
9896
9920
9949
9903
9972
9941
9965
9925
9929
9878
9966
9928
9908
9955
9855
9866
9967
9971
9952
9921
9871
9958
9936
9977
9963
9888
9880
9896
9944
9865
9960
9876
9824
9813
9899
9853
9864
9944
9933
9828
9866
9856
9965
9951
9943
9941
9775
9931
9814
9919
9957
9804
9852
9917
9971
9940
9896
9887
9744
9828
9886
9900
9875
9940
9984
9895
9718
9850
9900
9877
9954
9945
9932
9888
9940
9944
9889
9940
9871
9968
9873
9829
9942
9901
9988
9909
9870
9967
9936
9908
9919
9897
9986
9970
9931
9836
9890
9912
9932
9838
9961
9799
9937
9895
9909
9981
9897
9906
9841
9863
9929
9847
9964
9931
9911
9847
9938
9862
9955
9833
9977
9931
9909
9878
9941
9876
9915
9926
9866
9800
10000
9819
9999
9983
9956
9976
9841
9771
9958
9839
9899
9902
9923
9915
9915
9917
9952
9974
9899
9897
9884
9892
9859
9860
9915
9924
9918
9918
9908
9998
9877
9907
9955
9952
9794
9798
9968
9928
9908
9972
9864
9938
9814
9721
9860
9885
9909
9853
9939
9878
9930
9941
9919
9908
9831
9893
9956
9860
9892
9866
9952
9900
9968
9913
9879
9950
9963
9907
9937
9952
9877
9994
9961
9911
9921
9978
9928
9808
9873
9707
9907
9875
9901
9895
9955
9965
9964
9917
9851
9930
9790
9886
9862
9857
9944
9974
9857
9944
9941
9833
9900
9942
9862
9929
9943
9897
9969
9846
9933
9812
9996
9931
9998
9908
9853
9896
9862
9827
9922
9920
9865
9837
9936
9917
9837
9974
9901
9928
9824
9791
9887
9896
9850
9845
9854
9893
9815
9863
9871
9891
9852
9900
9872
9913
9853
9875
9714
9923
9976
9900
9719
9916
9933
9879
9935
9753
9989
9853
9922
9924
9828
9876
9923
9901
9885
9920
9915
9910
9595
9925
9877
9948
9846
9938
9900
9873
9989
9894
9964
9976
9920
9910
9928
9828
9997
9948
9971
9922
9907
9896
9966
9940
9898
9899
9980
9936
9837
9883
9959
9886
9956
9909
9870
9960
9888
9916
9876
9908
9874
9946
9945
9816
9836
9942
9844
9905
9943
9860
9889
9981
9897
9915
9740
9925
9873
9882
9849
9945
9915
9845
9884
9955
9965
9924
9812
9879
9957
9955
9860
9915
9955
9953
9895
9965
9933
9944
9931
9857
9886
9831
9935
9914
9933
9937
9845
9868
9938
9970
9904
9900
9933
9941
9840
9945
9878
9885
9826
9905
9793
9965
9821
9899
9829
9872
9989
9859
9934
9943
9851
9987
9719
9922
9896
9977
9928
9940
9977
9871
9925
9859
9972
9962
9952
9927
9867
9957
9832
9860
9898
9959
9926
9840
9757
9947
9865
9983
9957
9934
9869
9884
9905
9887
9952
9933
9852
9933
9869
9946
9876
9840
9868
9950
9916
9824
9914
9909
9903
9903
9858
9851
9909
9914
9821
9909
9934
9954
9961
9995
9988
9991
9877
9942
9955
9898
9908
9965
9915
9901
9978
9915
9853
9933
9855
9964
9893
9828
9900
9853
9923
9866
9933
9929
9960
9958
9954
9952
9975
9900
9824
9906
9962
9792
9936
9944
9912
9904
9920
9950
9885
9849
9932
9951
9932
9909
9917
9976
9911
9944
9926
9856
9981
9928
9968
9893
9872
9897
9914
9872
9899
9912
9930
9991
9896
9810
9957
9884
9901
9872
9909
9927
9983
9944
9874
9927
9963
9839
9822
9863
9868
9876
9896
9839
9817
9780
9899
9821
9864
9951
9932
9928
9847
9871
9861
9890
9957
9903
9892
9886
9957
9848
9820
9899
9946
9896
9909
9935
9862
9950
9727
9869
9846
9859
9889
9921
9942
9842
9883
9932
9962
9869
9963
9920
9899
9831
9904
9822
9944
9895
9951
9767
9887
9863
9965
9861
9919
9900
9872
9899
9869
9965
9987
9884
9849
9915
9900
9887
9928
9956
9892
9989
9958
9947
9929
9993
9885
9880
9938
9859
9931
9832
9921
9924
9854
9897
9886
9935
9932
9795
9891
9837
9791
9938
9906
9909
9821
9991
9937
9913
9942
9998
9967
9890
9951
9959
9938
9897
9970
9871
9877
9889
9884
9949
9843
9894
9953
9635
9962
9908
9720
9964
9999
9998
9959
9932
9899
9922
9949
9928
9744
9905
9846
9866
9996
9904
9906
9916
9857
9907
9877
9950
