9888
9932
9976
9937
9923
9941
9777
9926
9818
9719
9950
9893
9908
9921
9901
9998
9868
9786
9912
9909
9947
9954
9846
9932
9887
9896
9920
9895
9960
9924
9863
9883
9938
9994
9946
9805
9920
9913
9791
9975
9943
9894
9960
9822
9918
9889
9886
9958
9938
9871
9786
9938
9924
9845
9839
9929
9870
9954
9727
9946
9920
9875
9946
9862
9878
9916
9790
9898
9885
9893
9946
9937
9899
9915
9976
9912
9987
9908
9867
9870
9987
9934
9901
9870
9907
9910
9938
9976
9941
9910
9944
9894
9930
9863
9980
9934
9950
9947
9915
9922
9923
9845
9920
9937
9968
9763
9857
9832
9853
9868
9861
9821
9923
9806
9898
9919
9922
9982
9970
9885
9872
9980
9869
9913
9850
9846
9912
9940
9949
9819
9961
9926
9929
9873
9850
9912
9983
9928
9920
9925
9868
9946
9955
9898
9962
9883
9951
9892
9947
9954
9942
9922
9971
9883
9871
9843
9877
9893
9935
9952
9854
9920
9908
9760
9836
9932
9968
9997
9792
9937
9946
9952
9882
9786
9898
9888
9898
9833
9944
9958
9857
9936
9917
9961
9880
9960
9957
9844
9960
9944
9862
9954
9940
9741
9916
9917
9922
9916
9893
9854
9721
9881
9962
9916
9930
9877
10000
9899
9851
9878
9862
9960
9895
9867
9954
9855
9918
9930
9876
9888
9887
9927
9840
9869
9823
9885
9885
9977
9993
9789
9910
9916
9945
9969
9862
9934
9916
9922
9943
9868
9943
9890
9943
9771
9933
9887
9790
9878
9897
9853
9940
9860
9868
9957
9965
9918
9989
9784
9948
9950
9942
9739
9976
9967
9928
9950
9918
9928
9946
10000
9937
9939
9854
9823
9948
9913
9993
9910
9911
9871
9920
9785
9861
9897
9926
9996
9915
9909
9932
9896
9945
9966
9907
9908
9909
9948
9834
9823
9866
9905
9918
9976
9770
9989
9919
9933
9795
9930
9846
9896
9912
9942
9992
9929
9951
9907
9896
9911
9976
9950
9950
9950
9869
9936
9743
9912
9903
9924
9922
9817
9917
9926
9911
9945
9955
9889
9921
9860
9903
9881
9881
9952
9890
9920
9981
9863
9893
9910
9950
9869
9876
9930
9932
9856
9950
9915
9942
9908
9907
9918
9783
9904
9902
9939
9841
9900
9869
9924
9874
9789
9940
9896
9880
9900
9935
9976
9921
9922
9908
9824
9868
9884
9863
9924
9963
9918
9907
9908
9853
9797
9909
9785
9959
9840
9981
9905
9953
9908
9945
9764
9964
9960
9970
9884
9970
9904
9950
9955
9789
9810
9922
9829
9819
9954
9930
9906
9898
9896
9890
9940
9830
9858
9952
9913
9975
9909
9931
9953
9749
9964
9964
9909
9909
9935
9858
9850
9988
9918
9850
9865
9972
9948
9910
9996
9722
9937
9969
9936
9933
9916
9898
9945
9894
9866
9964
9961
9892
9899
9943
9810
9951
9939
9953
9907
9900
9834
9913
9942
9927
9855
9957
9937
9946
9974
9912
9836
9997
9933
9924
9898
9967
9881
9951
9916
9801
9824
9876
9910
9859
9966
9855
9888
9971
9952
9764
9870
9858
9892
9736
9766
9831
9829
10000
9960
9869
9895
9981
9943
9974
9775
9955
9931
9919
9878
9862
9926
9887
9947
9957
9981
9929
9667
9944
9960
9972
9952
9960
9966
9929
9940
9855
9928
9950
9882
9943
9733
9875
9933
9899
9862
9874
9957
9810
9915
9911
9885
9848
9947
9985
9906
9932
9907
9903
9855
9904
9950
9937
9917
9753
9883
9848
9926
9834
9832
9737
9949
9813
9928
9817
9989
9862
9861
9931
9974
9962
9965
9882
9971
9925
9687
9861
9933
9956
9971
9913
9883
9909
9890
9950
9866
9870
9943
9948
9955
9968
9845
9891
9923
9786
9908
9882
9940
9762
9934
9943
9950
9764
9908
9881
10000
9867
9932
9957
9897
9890
9819
9969
9864
9998
9829
9916
9802
9876
9819
9958
9910
9974
9870
9971
9838
9917
9944
9961
9887
9894
9832
9910
9890
9982
9929
9997
9838
9853
9865
9956
9888
9985
9944
9946
9847
9931
9945
9771
9927
9835
9911
9855
9955
9948
9985
9869
9997
9937
9832
9906
9918
9970
9783
9950
9943
9906
9943
9837
9872
9860
9865
9965
9839
9772
9915
9907
9895
9986
9846
9883
9965
9868
9883
9962
9845
9981
9967
9878
9953
9813
9904
9903
9912
9902
9944
9890
9838
9899
10000
9893
9994
9812
9920
9947
9931
9976
9913
9925
9856
9842
9951
9907
9801
9991
9954
9885
9930
9952
9956
9909
9862
9818
9904
9848
9877
9934
9939
9889
9938
9905
9960
9962
9971
9884
9958
9930
9872
9871
9948
9823
9899
9989
9969
9923
9941
9918
9892
9925
9878
9996
9911
9892
9846
9889
9672
9886
9917
9773
9726
9905
9851
9877
9929
9898
9916
9987
9972
9996
9898
9936
9878
9899
9814
9935
9878
9947
9973
9931
9878
9840
9895
9848
9973
9915
9962
9913
9980
9872
9871
9895
9892
9879
9916
9897
9933
9973
9966
9687
9854
9845
9938
9929
9908
9923
9773
9900
9896
9937
9858
9968
9907
9867
9962
9838
9842
9797
9922
9995
9841
9879
9819
9976
9819
9913
9827
9948
9956
9873
9898
9979
9908
9883
9945
9910
9895
9893
9908
9980
9901
9869
9904
9932
9877
9957
9906
9959
9985
9959
9899
9854
9806
9899
9882
9863
9924
9922
9906
9879
9936
9844
9972
9874
9917
9839
9851
9835
9827
9850
9822
9897
9972
9778
9997
9848
9999
9929
9918
9937
9965
9799
9915
9954
9938
9865
9912
9870
9888
9881
9994
9970
9890
9901
9991
9839
9882
9983
9989
9949
9883
9997
9857
9814
9948
9888
9935
9973
9862
9960
9995
9913
9893
9902
9991
9933
9826
9962
9894
9979
9907
9945
9854
9761
9985
9935
9936
9957
9998
9942
9974
9872
9841
9889
9956
9888
9867
9912
9765
9917
9907
9933
9941
9825
9960
9943
9875
9922
9967
9926
9971
9886
9869
9917
9798
9930
9995
9840
9909
9876
9835
9967
9861
9942
9978
9891
9927
9858
9907
9971
9941
9963
9879
9847
9885
9946
9955
9887
9870
9972
9885
9870
9891
9952
9897
9853
9952
9861
9931
9938
9979
9875
9860
9835
9877
9979
9893
