9907
9873
9953
9916
9759
9961
9842
9905
9915
9883
9906
9975
9848
9922
9888
9877
9845
9926
9826
9926
9952
9895
9863
9974
9933
9884
9928
9873
9840
9960
9803
9973
9810
9900
9732
9893
9885
9924
9835
9927
9871
9881
9796
9907
9923
9964
9989
9919
9841
9837
9764
9889
9827
9900
9906
9883
9869
9854
9950
9903
9915
9931
9930
9933
9956
9899
9951
9986
9926
9906
9965
9867
9974
9931
9884
9940
9811
9940
9910
9957
9905
9901
9835
9912
9871
9697
9874
9846
9827
9936
9998
9849
9974
9882
9931
9912
9928
9928
9894
9919
9950
9941
9939
9909
9956
9878
9992
9927
9967
9962
9924
9793
9902
9958
9966
9821
9894
9900
9810
9844
9888
9984
9983
9941
9893
9921
9851
9982
9917
9934
9970
9917
9883
9834
9832
9952
9789
9892
9840
9880
9960
9940
9941
9870
9881
9839
9830
9858
9924
9856
9939
9862
9871
9854
9815
9837
9907
9961
9821
9960
9968
9909
9959
9929
9856
9805
9867
9917
9869
9735
9909
9941
9851
9911
9786
9792
9898
9914
9911
9945
9886
9834
9892
9980
9913
9952
9937
9834
9934
9882
9935
9802
9922
9970
9899
9875
9936
9886
9842
9970
9861
9994
9843
9999
9911
9978
9940
9885
9939
9923
9913
9922
9905
9852
9858
9888
9910
9930
9997
9962
9946
9911
9867
9906
9959
9934
9959
9926
9880
9906
9898
9949
9920
9883
9941
9997
9943
9925
9932
9905
9896
9899
9928
9921
9874
9921
9913
9953
9921
9880
9880
9900
9976
9795
9943
9970
9851
9906
9867
9877
9993
9887
9808
9838
9912
9866
9884
9911
9807
9876
9777
9880
9827
9956
9995
9828
9929
9865
9920
9896
9903
9910
9919
9999
9883
9925
9910
9976
9896
9884
9847
9942
9945
9976
9889
9848
9933
9872
9871
9835
9676
9905
9854
9999
9853
9834
9950
9851
9903
9856
9901
9961
9806
9900
9882
9956
9929
9910
9854
9940
9932
9992
9857
9976
9823
9799
9912
9795
9907
9972
9932
9931
9870
9997
9851
9913
9939
9929
9958
9938
9930
9843
9958
9911
9918
9941
9968
9976
9988
9904
9888
9928
9965
9940
9913
9909
9921
9933
9949
9916
9890
9906
9927
9993
9966
9921
9925
9913
9808
9703
9962
9968
9932
9991
9940
9791
9952
9905
9919
9875
9901
9965
9980
9845
9916
9885
9938
9926
9767
9803
9883
9960
9914
9997
9894
9867
9961
9939
9902
9846
9885
9932
9824
9918
9978
9943
9968
9950
9912
9893
9941
9997
9911
9845
9893
9876
9847
9923
9831
9952
9899
9868
9925
9898
9894
9904
9921
9966
9980
9829
9735
9849
9926
9900
9855
9896
9884
9739
9954
9992
9907
9873
9966
9766
9916
9834
9913
9892
9935
9978
9971
9925
9932
9886
9865
9888
9843
9787
9917
9916
9902
9662
9861
9902
9862
9995
9868
9917
9903
9907
9971
9888
9953
9824
9895
9902
9935
9850
9918
9990
9922
9954
9828
9934
9985
9890
9928
9932
9840
9911
9965
9789
9962
9999
9840
9853
9864
9869
9929
10000
9949
9936
9874
9892
9898
9903
9936
9834
9971
9961
9963
9859
9919
9955
9882
9966
9899
9944
9937
9962
9994
9852
9941
9830
9900
9925
9887
9917
9970
9946
9832
9923
9996
9959
9901
9792
9972
9916
9906
9830
9907
9984
9774
9874
9876
9895
9968
9924
9914
9941
9899
10000
9916
9833
9861
9922
9907
9901
9935
9955
9946
9841
9854
9960
9904
9791
9928
9932
9912
9934
9937
9842
9926
9766
9926
9912
9955
9824
9993
9908
9926
9849
9921
9871
9912
9932
9959
9948
9934
9921
9952
9950
9917
9910
9950
9918
9985
9929
9918
9916
9800
9800
9887
9980
9841
9908
9941
9877
9880
9877
9934
9752
9919
9947
9779
9919
9843
9945
9982
9921
9928
9997
9918
9946
9877
9921
9910
9867
9929
9909
9956
9929
9893
9888
9826
9920
9960
9856
9954
9864
9873
9934
9939
9938
9891
9938
9930
9816
9940
9951
9988
9864
9899
9810
9941
9958
9929
9960
9906
9914
9952
9961
9918
9890
9950
9908
9941
9925
9921
9993
9948
9868
9909
10000
9906
9941
9882
9870
9926
9970
9861
10000
9902
9754
9883
9939
9941
9899
9914
9962
9857
9919
9880
9866
9903
9918
9988
9920
9837
9961
9944
9819
9909
9902
9958
9910
9724
9933
9946
9912
9824
9923
9942
9922
9954
9892
9924
9932
9962
9801
9809
9832
9852
9915
9916
9863
9953
9874
9808
9804
9921
9876
9919
9925
9801
9900
9968
9952
9916
9874
9908
9888
9862
9966
9943
9899
9944
9834
9965
9952
9942
9897
9946
9985
9914
9971
9878
9901
9901
9908
9885
9846
9869
9865
9953
9818
9920
9890
9877
9994
9921
9735
9856
9876
9926
9953
9954
9926
9890
9923
9852
9854
9896
9889
9949
9852
9864
9927
9884
9913
9975
9952
9909
9916
9935
9873
9907
9945
9917
9884
9937
9853
9929
9931
9943
9864
9874
9916
9925
9916
9906
9980
9918
9846
9953
9968
9925
9942
9913
9950
9847
9968
9902
9853
9851
9865
9969
9885
9896
9927
9962
9904
9963
9952
9833
9839
9854
9846
9893
9988
9916
9919
9966
10000
9880
9961
9903
9889
9876
10000
9876
9863
9753
9942
9848
9970
9793
9802
9982
9980
9890
9906
9919
9896
9886
9902
9780
9947
9787
9905
9927
9799
9866
9945
9880
9888
9787
9840
9970
9839
9841
9864
9913
9775
9887
9888
9916
9887
9862
9938
9884
9944
9863
9901
9950
9875
9933
9798
9827
9961
9902
9864
9912
9923
9935
9916
9919
9918
9846
9914
9896
9883
9947
9839
9933
9792
9881
9959
9932
9893
9916
9948
9939
9907
9879
9956
9941
9889
9931
9858
9924
9974
9935
9822
9952
9935
9912
9961
9995
9891
9955
9917
9872
9916
9884
9728
9843
9851
9952
9879
9955
9975
9964
9976
9879
9798
9930
9881
9946
9908
9933
9976
9961
9946
9947
9900
9943
9808
9750
9935
9896
9912
9912
9948
9901
9925
9786
9899
9847
9931
9956
9951
9873
9873
9963
9844
9987
9921
9925
9865
9929
9890
9850
9934
9908
9945
9883
9866
9976
9884
