9784
9789
9916
9809
9954
9958
9781
9871
9855
9984
9959
9896
9937
9706
9887
9949
9772
9965
9929
9934
9916
9980
9933
9957
9903
9878
9894
9823
9844
9850
9931
9874
9943
9872
9917
9867
9771
9905
9942
9787
9977
9980
9843
9875
9921
9903
9839
9959
9960
9814
9842
9950
9959
9943
9893
9878
9982
9949
9867
9883
9842
9973
9861
9978
9896
9924
9941
9799
9745
9948
9880
9834
9890
9947
9939
9979
9902
9918
9949
9893
9938
9884
9847
9982
9869
9944
9862
9854
9867
9857
9776
9914
9960
9964
9920
9748
9879
9960
9813
9962
9944
9842
9927
9895
9947
9954
9970
9912
9960
9943
9907
9984
9908
9862
9910
9866
9898
9910
9853
9869
9856
9771
9884
9906
9925
9844
9951
9919
9979
9957
9889
9923
9952
9748
9966
9907
9887
9859
9844
9920
9945
9892
9910
9830
9899
9904
9972
9984
9880
9927
9860
9875
9999
9858
9961
9978
9766
9871
9850
9966
9920
9912
9937
9909
9935
9962
9878
9742
9938
9899
9913
9939
9844
9760
9826
9978
9997
9969
9956
9845
9898
9858
9865
9919
9967
9917
9934
9762
9990
9910
9957
9807
9826
9885
9815
9911
9950
9910
9971
9948
9798
9866
9918
9927
9874
9933
9941
9889
9895
9940
9854
9922
9925
9823
9921
9903
9855
9861
9912
9955
9965
9775
9858
9955
9957
9941
9876
9875
9972
9878
9931
9883
9842
9768
9868
9897
9834
9954
9991
9993
9913
9950
9957
9766
9921
9896
9971
9917
9945
9904
9886
9907
9761
9886
9933
9971
9966
9889
9958
9900
9919
9865
9973
9894
9898
9950
9878
9933
9900
9917
9895
9908
9941
9842
9940
9952
9845
9937
9900
9959
9984
9942
9959
9931
9866
9939
9918
9763
9886
9945
9930
9906
9839
9935
9846
9927
9906
9786
9930
9889
9841
9854
9927
9899
9873
9928
9957
9915
9969
9955
9861
9868
9997
9864
9917
9925
9864
9732
9879
9895
9968
9892
9891
9886
9903
9925
9944
9906
9937
9910
9934
9852
9979
9751
9865
9905
9886
9752
9975
9980
9910
9914
9839
9936
9998
9968
9878
9989
9934
9958
9860
9744
9889
9975
9791
9951
9969
9754
9957
9993
9966
9939
9885
9733
9894
9961
9885
9972
9904
9928
9975
9946
9888
9960
9993
9962
9921
9879
9989
9970
9760
9995
9896
9878
9934
9836
9937
9929
9943
9945
9963
9889
9951
9959
9876
9920
9901
9922
9926
9887
9866
9892
9833
9871
9870
9794
9828
9801
9934
9912
9794
9998
9819
9860
9914
9918
9926
9886
9899
9900
9922
9921
9925
9891
9935
9932
9939
9864
9861
9906
9855
9853
9945
9894
9867
9883
9974
9816
9847
9918
9935
9958
9802
9989
9945
9921
9793
9956
9879
9851
9929
9940
9831
9955
9888
9970
9920
9960
9905
9990
9916
9969
9967
9996
9868
9855
9911
9910
9916
9868
9870
9943
9846
9918
9942
9979
9943
9934
9801
9877
9894
9876
9816
9889
9883
9857
9877
9905
9864
9915
9917
9843
9816
9752
9969
9880
9848
9901
9865
9911
9934
9920
9853
9972
9902
9930
9992
9863
9924
9785
9981
9833
9777
9771
9914
9982
9997
9932
9907
9934
9794
9894
9863
9838
9840
9847
9774
9872
9865
9911
9929
9961
9924
9851
9980
9917
9870
9882
9882
9958
9914
9883
9856
9899
9908
9844
9839
9927
9802
9883
9937
9878
9928
9949
9875
9978
9936
9852
9957
9999
9888
9896
9959
9905
9883
9932
9855
9950
9952
9950
9896
9746
9928
9908
9894
9946
9903
9808
9938
9844
9920
9958
9900
9967
9895
9912
9915
9860
9947
9972
9984
9958
9978
9957
9863
9920
9873
9932
9776
9918
9906
9885
9931
9910
9951
9929
9900
9954
9894
9908
9964
9893
9964
9876
9768
9877
9863
9930
9866
9898
9870
9967
9889
9921
9874
9958
9910
9764
9978
9845
9995
9839
9801
9956
9952
9872
9903
9891
9841
9855
9897
9895
9873
9674
9946
9848
9816
9960
9882
9893
9998
9881
9958
9799
9964
9903
9898
9964
9948
9888
9946
9956
9963
9887
9948
9892
9933
9924
9957
9945
9949
9939
9922
9885
9888
9936
9941
9944
9991
9985
9921
9907
9999
9876
9916
9920
9951
9888
9822
9964
9909
9846
9889
9887
9958
9944
9941
9925
9925
9974
9986
9989
9986
9950
9928
9821
9929
9994
9944
9797
9784
9859
9998
9850
9930
9934
9868
9929
9894
9934
9940
9922
9903
9908
9686
9924
9885
9832
9854
9943
9907
9924
9931
9989
9915
9845
9904
9883
9820
9940
9897
9949
9951
9896
9886
9890
9789
9924
9943
9961
9891
9951
9916
9923
9884
9915
9900
9824
9998
9932
9961
9904
9908
9866
9808
9945
9839
9912
9904
9770
9943
9800
9851
9908
9914
9965
9897
9848
9874
9890
9854
9988
9883
9977
9928
9806
9754
9834
9968
9948
9881
9932
9984
9969
9928
9730
9894
9913
9938
9982
9950
9913
9959
9952
9971
9896
9943
9917
9887
9923
9895
9859
9845
9921
9879
9910
9793
9860
9975
9931
9974
9982
9849
9807
9999
9951
9878
9939
9893
9920
9813
9846
9854
9888
9990
9893
9876
9984
9967
9857
9911
9694
9859
9994
9854
9959
9871
9921
9893
9858
9772
9969
9956
9913
9951
9952
9951
9893
9882
9854
9948
9954
9766
9998
9909
9894
9891
10000
9951
9927
9936
9813
9856
9830
9945
9872
9864
9923
9907
9866
9930
9905
9987
9882
9961
9971
9831
9932
9930
9975
9941
9909
9975
9866
9922
9967
9935
9881
9864
9903
9947
9842
9914
9893
9937
9796
9899
9888
9919
9950
9948
9932
9943
9933
9917
9973
9841
9947
9904
9814
9895
9919
9957
9875
9931
9954
9896
9818
9940
9794
9788
9988
9937
9917
9880
9904
9804
9925
9735
9915
9816
9938
9990
9860
9915
9947
9975
9982
9963
9877
9919
9854
9884
9838
9891
9901
9878
10000
9926
9937
9814
9914
9888
9915
9848
9960
9890
9912
9875
9916
9855
9958
9939
9867
9915
9866
9952
9867
9939
9953
9957
9970
9960
9953
9906
9742
9879
9908
9883
9763
9961
9814
9933
9872
9797
9930
9968
9853
9953
9875
