9904
9901
9991
9952
9985
9857
9888
9926
9884
9972
9867
9960
9970
9863
9923
9905
9973
9932
9795
9934
9969
9857
9952
9843
9971
9977
9969
9960
9925
9936
9936
9867
9907
9865
9995
9937
9953
9902
9955
9899
9809
9975
9950
9909
9891
9877
9934
9953
9883
9915
9871
9802
9959
9898
9886
9909
9936
9936
9961
9976
9935
9896
9896
9935
9845
9743
9907
9912
9921
9826
9951
9856
9882
9925
9963
9906
9896
9925
9853
9891
9945
9950
9852
9831
9853
9904
9913
9931
9855
9940
9782
9907
9944
9838
9938
9975
9844
9919
9863
9911
9946
9943
9953
9998
9905
9918
9945
9916
9923
9989
9794
9851
9939
9910
9943
9889
9757
9940
9859
9870
9974
9859
9935
9823
9945
9843
9915
9910
9851
9854
9925
9954
9935
9951
9995
9961
9937
9847
9845
9894
9858
9913
9985
9843
9954
9917
9921
9918
9914
9850
9898
9912
9941
9962
9831
9923
9947
9857
9979
9871
9848
9867
9925
9872
9761
9930
9931
9764
9937
9960
9921
9924
9963
9811
9910
9886
9922
9946
9867
9901
9888
9917
9915
9978
9875
9832
10000
9890
9830
9973
9948
9929
9887
9891
9881
9924
9836
9925
9868
9915
9925
9937
9942
9883
9977
9959
9897
9908
9957
9968
9940
9979
9987
9891
9932
9900
9900
9903
9854
9850
9953
9938
9938
9914
9960
9875
9850
9957
9970
9861
9946
9835
9881
9846
9906
9873
9924
9836
9824
9927
9883
9896
9931
9896
9832
9857
9942
9892
9790
9856
9967
9959
9960
9791
9802
9915
9884
9900
9934
9933
9945
9867
9903
9786
9942
9989
9897
9958
9897
9912
9880
9867
9924
9895
9920
9939
9898
9967
9872
9866
9871
9964
9807
9916
9918
9973
9812
9837
9912
9929
9999
9904
9836
9895
9975
9897
9967
9841
9905
9893
9926
9883
9961
9966
9988
9910
9878
9959
9937
9972
9870
9878
9906
9953
9937
9863
9898
9918
9628
9953
9904
9953
9872
9903
9892
9841
9811
9890
9919
9923
9910
9975
9947
9937
9812
9996
9924
9931
9830
9840
9919
9868
9825
9768
9915
9844
9898
9892
9861
9916
9970
9957
9844
9936
9854
9820
9824
9930
9895
9817
9955
9930
9942
9784
9958
9934
9899
9746
9773
9974
9875
9872
9988
9876
9929
9922
9938
9999
9978
9843
9947
9843
9938
9927
9949
9850
9944
9963
9972
9922
9954
9841
9819
9870
9901
9910
9954
9934
9993
9914
9934
9937
9918
9915
9944
9948
9910
9920
9869
9876
9973
9869
9975
9958
9893
9885
9959
9918
9760
9986
9976
9933
9925
9873
9900
9795
9903
9971
9946
9941
9946
9947
9948
9963
9831
9928
9889
9959
9883
9868
9863
9950
9975
9848
9856
9829
9963
9857
9903
9918
9993
9944
9982
9949
9883
9918
9879
9878
9887
9899
9941
9878
9905
9929
9890
9876
9937
9903
9952
9904
9890
9821
9944
9944
9934
9848
9888
9921
9872
9873
9930
9920
9949
9985
9851
9979
9952
9848
9861
9965
9949
9716
9909
9840
9765
9917
9971
9956
9903
9951
9983
9834
9969
9813
9833
9939
9907
9937
9927
9783
9935
9924
9643
9840
9926
9920
9887
9968
9917
9987
9959
9856
9851
9822
9905
9912
9832
9926
9925
9948
9915
9856
9868
9853
9917
9862
9889
9933
9979
9734
9881
9942
9932
9947
9840
9944
9972
9846
9794
9913
9941
9931
9961
9929
9920
9970
9955
9984
9810
9843
9906
9841
9920
9944
9967
9925
9969
9934
9958
9882
9875
9916
9735
9913
9996
9901
9912
9782
9895
9953
9893
9971
9949
9972
9864
9880
9935
9947
9911
9894
9924
9932
9898
9840
9924
9967
9935
9958
9949
9866
9928
9900
9927
9930
9902
9949
9892
9880
9946
9830
9871
9919
9928
9990
9913
9958
9949
9845
9884
9822
9925
9901
9880
9840
9926
9808
9963
9949
9880
9962
9893
9979
9829
9929
9930
9926
9954
9909
9948
9943
9820
9988
9903
9874
9815
9958
9946
9893
9920
9956
9871
9985
9928
9868
9901
9844
9981
9898
9750
9970
9860
9874
9793
9962
9929
9946
9967
9834
9974
9927
9936
9975
9940
9958
9858
9870
9828
9899
9906
9947
9957
9968
9623
9850
9775
9893
9887
9916
9723
9953
9921
9806
9933
9872
9840
9952
9959
9984
9902
10000
9911
9882
9936
9950
9935
9887
9913
9898
9931
9832
9935
9852
9921
9903
9916
9845
9925
9916
9961
9935
9963
9921
9812
9934
9929
9936
9838
9927
9884
9934
9959
9808
9916
9840
9838
9947
9935
9849
9973
9951
9915
9906
9939
9872
9893
9894
9867
9923
9929
9809
9860
9933
9848
9878
9599
9901
9901
9933
9893
9974
9949
9849
9945
9855
9878
9872
9956
9934
9848
9936
9931
9882
9972
9783
9972
9863
9932
9852
9957
9928
9809
9922
9946
9897
9920
9981
9941
9919
9872
9992
9840
9937
9904
9940
9940
9819
9911
9959
9943
9823
9913
9972
9904
9936
9930
9748
9918
9905
9881
9815
9899
9992
9895
9938
9863
9932
9878
9926
9947
9948
9843
9961
9979
9862
9954
9906
9885
9941
9878
9852
9809
9838
9939
9959
9918
9937
9885
9947
9944
9974
9793
9949
9897
9863
9866
9884
9820
9916
9800
9906
9875
9877
9828
9943
9953
9930
9873
9890
9946
9801
9946
9890
9952
9994
9929
9823
9931
9920
9861
9820
9876
9985
9805
9953
9911
9925
9953
9870
9941
9874
9992
9761
9914
9882
9831
9944
9947
9943
9881
9952
9944
9826
9920
9898
9989
9920
9959
9932
9866
9830
9894
9948
9949
9900
9840
9799
9935
9919
9885
9915
9936
9879
9932
9839
9833
9912
9873
9995
9929
9962
9980
9888
9939
9974
9924
9867
9935
9859
9919
9884
9996
9889
9961
9809
9908
9870
9979
9952
9900
9918
9864
9858
9934
9930
9896
9914
9861
9868
9987
9859
9946
9925
9896
9936
9814
9683
9779
9989
9942
9911
9900
9965
9996
9957
9944
9921
9801
9968
9928
9855
9924
9857
9899
9906
9786
9889
9975
9728
9951
9931
9894
9907
9874
9923
9966
9890
9978
9930
9961
9927
9873
9960
9991
9956
9988
9844
9974
9787
9919
9825
