9893
9954
9810
10000
9852
9963
9809
10000
9912
9937
9917
9917
9935
9875
9897
9907
9832
9831
9946
9781
9840
10000
9865
9896
9823
9976
9994
9953
9941
9999
9758
9889
9927
9952
9799
9877
9908
9855
9855
9913
9997
9940
9914
9942
9855
9989
9872
9999
9992
9937
10000
9998
9925
9836
9946
9798
9999
9941
9791
9883
9931
9952
9962
9825
9909
9905
9910
9932
9844
9867
9950
9831
9999
10000
9853
10000
9896
9853
9970
9902
9941
9864
9910
9968
9970
9903
9910
10000
9798
10000
9843
9941
9924
10000
9916
9930
9800
9917
9999
10000
9950
9976
9945
9945
9896
9872
9749
10000
9939
9970
9802
9932
9985
9885
10000
9945
9997
9938
9991
9934
10000
9950
9884
9888
9963
9914
9937
9931
10000
9913
9910
9946
9859
10000
10000
9909
9802
9928
10000
10000
9999
9981
9864
9945
9918
10000
10000
9998
9975
9969
10000
9784
9891
9951
9853
9960
9910
9792
9886
9828
9871
10000
10000
9913
9964
9946
9976
9857
9913
9862
10000
9859
9813
9946
9790
9960
9842
10000
9948
9782
9879
9826
9999
9951
10000
9942
9966
9829
9996
10000
9911
9896
9835
9909
9845
9813
9870
9869
9897
9976
9988
9984
9944
9953
9906
9927
9872
10000
9967
9953
9956
9965
10000
9863
9998
9895
9940
9886
9762
9997
9754
9994
10000
9836
9821
9860
9759
9942
10000
9983
9922
9913
9940
9840
9919
9956
10000
9764
9959
9934
10000
9940
9931
9943
9936
9934
9847
9997
9944
9893
9918
9952
9848
9936
9922
9886
9968
9817
9865
9877
9887
9976
10000
9814
9944
9890
9835
10000
9876
9929
9803
9856
9839
10000
9972
9878
9863
9777
9685
9947
9908
9897
9893
9914
10000
9849
9898
9969
9940
9998
9914
9974
9976
9916
9847
9929
9900
9870
9996
9926
9982
9804
9761
9886
10000
9908
9950
9905
9957
9999
10000
9960
9907
10000
9839
9868
9850
9918
9872
9925
9833
9999
9857
9891
9873
9933
9863
9860
9935
9900
9983
9985
9996
9994
9912
9909
9994
9891
9987
10000
9907
9983
9849
9986
10000
9897
9923
9880
9845
9889
9895
9929
9846
9898
9955
9903
9789
9923
10000
9879
9954
9939
9896
9933
9837
9999
9967
9916
9884
9934
9882
9953
9849
9964
9852
9951
9859
9962
9878
9898
10000
9864
9826
10000
9868
9893
9941
9859
9895
10000
9920
9772
9897
10000
9912
9917
9882
9994
9859
9822
9976
9927
9928
10000
9904
10000
9930
9922
9934
9950
9871
9810
9788
9852
9884
9964
9930
9905
10000
9932
10000
9860
10000
9781
9809
9998
9691
10000
9951
9920
10000
9896
9808
9925
9960
9930
9908
9915
9923
9826
9912
9997
9927
9977
9845
9881
9612
9752
9884
9946
9951
9877
9859
9847
9918
9986
9882
10000
10000
9869
10000
9994
9909
9909
9830
9933
10000
10000
9857
9988
9943
9940
9903
10000
9904
9920
9983
9865
9865
9850
9943
9950
9973
9840
9968
9809
9932
9854
9868
9794
9897
10000
9968
9971
9979
9811
9943
9968
9840
10000
9994
9980
9960
9932
9884
9997
9786
9971
9919
9962
9808
9924
10000
9975
9832
9844
9858
9947
10000
9867
9991
9961
9890
9937
9937
9763
9905
9961
9949
9952
9909
9908
9926
9944
9906
9997
9995
9812
10000
9869
9996
9878
9922
9974
9927
9935
9997
9865
9955
9956
9871
10000
9905
9806
10000
10000
9969
9888
9863
9905
9902
9953
9767
9938
9993
10000
9938
9999
9861
9899
9900
9897
9849
9996
10000
9686
9946
9947
9885
9917
9863
9953
10000
9911
9955
9943
9724
9984
9914
9949
9997
9939
9841
9974
9974
9815
9812
9952
9956
9934
9699
9895
9861
9998
9897
10000
10000
9834
9869
9958
9893
9916
9945
9798
10000
9923
9902
9948
9800
9818
9971
9854
9948
9919
9912
9939
9857
10000
9980
9921
9900
9904
9795
9901
9936
9940
9839
9929
9842
9843
9828
10000
9711
9918
9961
9995
9886
9949
9892
9804
9997
9933
9996
9916
9927
9978
10000
9948
9970
9985
9944
9832
9999
9912
10000
9894
10000
9973
9879
9839
10000
10000
9967
9941
9881
9953
9887
9929
10000
9982
10000
9997
9942
9927
9996
9932
9848
9877
9999
9846
9961
9788
9963
9939
9820
9812
9905
9913
9947
9917
9933
9966
9806
10000
9843
9893
9958
9919
9978
9818
9916
9873
9877
9915
9913
9950
9876
9998
9897
9973
9968
10000
9871
9916
9892
9823
10000
9929
9914
9917
9871
9968
9936
9963
9862
9900
9887
9922
9897
9849
9996
9972
9945
9935
9935
10000
9986
10000
9967
10000
9956
9904
9930
9840
9934
9967
9965
9931
9909
10000
9827
9931
9915
10000
10000
9988
9769
9843
10000
9950
9951
10000
9954
9893
9984
9946
9880
9940
9834
9987
9878
9906
10000
9910
9850
9975
9946
9969
9886
9881
9945
9926
9980
9824
9992
9965
9950
9978
9919
9962
9943
9922
9940
9896
9933
9929
10000
9954
9849
9901
9854
9949
9994
10000
9896
10000
10000
9906
9862
9999
9999
10000
9716
9914
9945
9938
9910
9904
9908
9914
9955
10000
9999
9932
9924
9970
10000
9894
9794
9959
10000
9979
9754
9894
9992
10000
9810
9921
9999
9788
9990
9895
9883
9838
9999
9967
9887
9869
9965
9889
9947
9845
9950
9972
9914
9846
10000
9871
9917
9969
9901
9909
9955
9901
9913
9867
9999
9928
10000
10000
9804
9838
9912
9934
9938
9799
9935
9915
9869
9931
9950
9941
9959
10000
9700
9944
9908
9938
10000
9983
9827
9963
9774
9915
9870
9933
9910
9951
9973
9971
9980
9902
9921
9980
9986
9888
9902
9869
10000
9940
9962
9862
9951
9849
9921
9998
9995
9852
9866
9935
9870
9901
9986
9725
9966
9985
10000
9996
9885
9883
9891
10000
9902
9882
9998
9943
9882
10000
9905
9667
9877
9884
9957
9859
9946
9901
9915
9879
9939
9874
9906
9968
9928
9884
9950
9913
9955
9908
10000
9968
9867
9816
9905
9971
10000
9942
9886
9909
9923
9965
9846
9997
10000
9928
9946
9930
9998
9987
9956
9831
9947
9903
9972
9786
9773
9867
9925
10000
9819
9951
