9906
9884
9953
9891
9879
9937
9925
9880
9868
9953
9941
9924
9867
9907
9856
9906
10000
9891
9840
9933
9999
9930
9859
9934
9958
9970
9966
9928
9917
9817
9870
9870
9920
9985
9942
9949
9954
9935
9931
9936
9909
9958
9965
9936
9887
9869
9929
9871
9897
9929
9933
9930
9968
9952
9978
9838
9877
9843
9853
9901
9986
9852
9924
9938
9914
9960
9872
9931
9929
9986
9942
9952
9858
9886
9920
9900
9889
9920
9936
9970
9953
9951
9908
9933
9970
9765
9965
9827
9948
9892
9899
9987
9985
9966
9926
9855
9947
9941
9915
9947
9939
9860
9999
9952
9867
9953
9806
9809
9883
9969
9901
9877
9882
9886
9900
9827
9944
9884
9896
9916
9904
9942
9891
9839
9986
9955
9905
9903
9921
9826
9945
9908
9932
9980
9851
9890
9979
9935
9857
9910
9996
9886
9943
9909
9958
9955
9966
9980
9945
9958
9945
9945
9983
9918
9947
9905
9942
9890
9935
9923
9891
9777
9958
9940
9915
9970
9825
9946
9929
9966
9747
9909
9966
9899
9917
9910
9853
9841
9915
9856
9813
9945
9978
9913
9906
9915
9859
9818
9930
9855
9945
9945
9944
9887
9964
9907
9968
9709
9930
9913
9815
9796
9881
9855
9911
9950
9868
9782
9821
9948
9914
9932
9920
9936
9879
9910
9840
9950
9887
9882
9980
9930
9938
9886
9948
9950
9953
9956
9917
9915
9896
9878
9926
9895
9963
9896
9890
9940
9946
9946
9890
9773
9895
9902
9893
9960
9887
9863
9906
9868
9897
9933
9770
9939
9925
9882
9907
9876
9934
9896
9802
9996
9913
9898
9937
9909
9971
9978
9982
9962
9955
9870
9949
9926
9899
9935
9965
9922
9908
9846
9903
9779
9975
9967
9936
9931
9940
9941
9915
9908
9885
9939
9948
9934
9866
9711
9966
9954
9934
9963
9891
9889
9958
9813
9885
9900
9932
9929
9883
9937
9960
9908
9815
9983
9960
9939
9741
9950
9946
9823
9872
9797
9863
9795
9993
9892
9893
9913
9808
9953
9878
9773
9902
9957
9893
9947
9963
9917
9875
9947
9948
9791
9916
9874
9944
9934
9832
9956
9896
9833
9887
9926
9987
9898
9910
9912
9934
9899
9859
9841
9898
9908
9955
9956
9860
9961
9888
9911
9892
9802
9879
9891
9930
9880
9924
9938
9948
9929
9945
9923
9970
9903
9656
9934
9948
9918
9929
9948
9821
9947
9978
9805
9864
9942
9879
9931
9968
9888
9781
9963
9904
9928
9963
9958
9907
9921
9937
9882
9946
9923
9614
9951
9917
9973
9921
9878
9890
9945
9888
9947
9947
9933
9977
9877
9837
9898
9904
9884
9808
9857
9910
9874
9960
9878
9935
9928
9911
9901
9998
9881
9951
9980
9890
9960
9920
9901
9804
9979
9931
9916
9862
9860
9734
9862
9894
9885
9944
9835
9875
9942
9921
9851
9789
9945
9934
9823
9917
9938
9838
9905
9974
9910
9836
9835
9889
9828
9905
9806
9928
9878
9856
9922
9947
9848
9910
9888
9957
9965
9856
9979
9896
9979
9862
9916
9957
9923
9987
9958
9932
9922
9906
9962
9895
9990
9882
9931
9835
9951
9868
9925
9853
9827
9942
9940
9858
9962
9960
9941
9869
9822
9773
9911
9842
9936
9922
9945
9827
9811
9876
9971
9968
9879
9931
9881
9849
9939
9889
9954
9953
9970
9910
9867
9860
9960
9974
9907
9828
9704
9970
9877
9876
9946
9884
9884
9814
9966
9796
9900
9965
9977
9960
9922
9861
9869
9833
9960
9892
9863
9899
9848
9857
9979
9901
9894
9969
9937
9907
9975
9914
9863
9927
9797
9928
9882
9821
9862
9932
9789
9915
9852
9900
9944
9870
9864
9865
9855
9922
9940
9951
9976
9936
9884
9888
9909
9868
9942
9895
9934
9964
9816
9967
9785
9934
9948
9928
9926
9864
9829
9918
9883
9942
9859
9957
9974
9876
9938
9926
9821
9885
9988
9935
9885
9905
9935
9895
9787
9945
9948
9960
9955
9981
9796
9854
9914
9847
9932
9921
9906
9938
9854
9938
9900
9769
9866
9918
9968
9784
9843
9926
9870
9906
9889
9926
9906
9860
9920
9947
9937
9945
9951
9943
9949
9860
9851
9837
9955
9881
9940
9894
9995
9999
9844
9878
9909
9920
9936
9862
9956
9878
9995
9868
9908
9921
9859
9905
9732
9707
9951
9963
9772
9856
9809
9935
9941
9860
9938
9897
9931
9888
9942
9955
9910
9853
9926
9938
9922
9845
9936
9941
9728
9942
9999
9893
9927
9946
9873
9926
9883
9734
9961
9934
9891
9793
9942
9865
9989
9846
9937
9925
9938
9980
9792
9838
9983
9890
9915
9834
9920
9895
9925
9884
9905
9916
9795
9885
9942
9935
9967
9945
9905
9910
9842
9981
9941
9912
9932
9955
9983
9831
9919
9898
9918
9854
9930
9757
9780
9877
9885
9997
9943
9881
9921
9931
9800
9769
9890
9954
9906
9904
9939
9921
9902
9856
9875
9843
9863
9971
9838
9964
9864
9864
9896
9936
9932
9881
9906
9911
9916
9988
9940
9895
9843
9927
9992
9892
9932
9904
9914
9927
9910
9957
9888
9965
9899
9977
9877
9929
9905
9922
9838
9904
9900
9867
9997
9899
9928
9856
9861
9934
9961
9941
9942
9965
9969
9978
9937
9958
9861
9800
9884
9854
9862
9921
9865
9927
9765
9947
9884
9817
9890
9804
9888
9829
9811
9955
9888
9899
9890
9985
9703
9750
9923
9984
9874
9925
9905
9898
9950
9948
9934
9876
9973
9900
9778
9880
9912
9976
9855
9929
9941
9820
9946
9938
9908
9975
9879
9998
9934
9682
9963
9851
9915
9896
9974
9921
9905
9840
9930
9922
9822
9931
9690
9872
9996
9887
9668
9811
9940
9863
9983
9955
9927
9873
9887
9969
9920
9895
9857
9742
9949
9740
9884
9883
9826
9842
9851
9954
9900
9962
9940
9986
9887
9990
9955
9886
9993
9943
9929
9970
9852
9864
9843
9880
9895
9862
9900
9842
9986
9998
9903
9883
9901
9981
9948
9932
9811
9966
9827
9922
9931
9993
9952
9896
9918
9934
9952
9921
9932
9908
9937
9930
9934
9958
9901
9941
9925
9907
9952
9979
9952
9968
9817
9908
9928
9857
9947
9941
9904
9830
9677
