9855
9877
9938
9955
9905
9973
9765
9968
9854
9852
9919
9917
9906
9877
9810
9938
9927
9842
9941
9908
9872
9877
9981
9948
9931
9930
9886
9865
9932
9977
9850
9914
9957
9887
9775
9889
9953
9868
9937
9831
9862
9920
9729
9894
9813
9943
9866
9903
9891
9912
9953
9852
9941
9950
9933
9882
9887
9944
9840
9944
9959
9882
9802
9920
9930
9843
9894
9946
9971
9895
9964
9783
9805
9944
9945
9831
9989
9983
9805
9834
9734
9862
9952
9871
9923
9973
9979
9883
9976
9867
9976
9838
9816
9841
9850
9921
9944
9921
9708
9947
9928
9945
9946
9869
9941
9924
9919
9939
9919
9815
9964
9877
9935
9792
9927
9887
9924
9961
9930
9926
9904
9912
9870
9860
9942
9808
9936
9965
9886
9899
9869
9875
9900
9946
9944
9788
9909
9956
9944
9851
9874
9911
9947
9866
9954
9952
9887
9932
9835
9992
9824
9940
9990
9999
9895
9821
9947
9936
9948
9734
9956
9823
9999
9905
9999
9926
9870
9975
9981
9863
9975
9831
9947
9920
9966
9906
9927
9920
9877
9951
9925
9931
9895
9953
9873
9943
9963
9916
9904
9859
9898
9933
9907
9897
9927
9843
9875
9908
9903
9814
9914
9954
9932
9954
9915
9974
9876
9843
9904
9907
9967
9925
9906
9930
9860
9931
9896
9914
9921
9920
9902
9926
9942
9949
9954
9877
9973
9924
9963
9933
9879
9904
9973
9946
9928
9940
9981
9889
9938
9959
9888
9842
9929
9989
9879
9918
9962
9847
9932
9864
9886
9895
9905
9947
9875
9887
9814
9881
9970
9943
9962
9919
9937
9960
9873
9776
9892
9829
9971
9998
9868
9757
9814
9768
9810
9846
9936
9927
9987
9986
9882
9950
9937
9851
9881
9925
9820
9914
9932
9852
9929
9847
9932
9970
9986
9790
9901
9886
9854
9885
9897
9958
9923
9979
9931
9909
9958
9883
9911
9830
9972
9786
9783
9899
9948
9883
9944
9949
9886
9821
9794
9901
9851
9940
9895
9962
9919
9943
9948
9902
9859
9905
9944
9900
9965
9863
9929
9848
9898
9906
9943
9901
9884
9929
9890
9949
9783
9873
9948
9939
9901
9959
9941
9918
9877
9962
9920
9941
9936
9885
9859
9929
9805
9906
9911
9903
9924
9847
9946
9933
9912
9733
9759
9986
9872
9848
9946
9998
9928
9935
9933
9944
9896
9919
9921
9880
9919
9818
9973
9866
9941
9891
9944
9987
9931
9843
9819
9950
9867
9912
9801
9938
9829
9928
9855
9905
9932
9983
9939
9823
9963
9903
9957
9920
9920
9903
9807
9949
9943
9976
9758
9940
9979
9878
9887
9880
9879
9949
9937
9912
9955
9905
9965
9969
9667
9911
9954
9918
9989
9903
9907
9966
9859
9938
9906
9934
9923
9975
9904
9863
9925
9971
9911
9964
9825
9787
9812
9896
9851
9919
9906
9989
9867
9943
9910
9916
9905
9960
9858
9935
9948
9880
9983
9922
9991
9924
9935
9927
9960
9899
9794
9972
9914
9894
9854
9849
9958
9742
9888
9872
9920
9947
9939
9922
9960
9877
9823
9930
9941
9945
9880
9999
9929
9998
9900
9920
9855
9959
9905
9920
9868
9917
9949
9979
9804
9901
9914
9933
9996
9926
9924
9982
9881
9868
9926
9842
9999
9928
9983
9989
9889
9990
9828
9973
9848
9787
9902
9887
9899
9936
9903
9910
9884
9944
9913
9924
9909
9871
9870
9919
9906
9976
9873
9846
9903
9811
9864
9864
9904
9826
9865
9794
9931
9876
9927
9898
9835
9957
9951
9952
9925
9928
9938
9916
9929
9883
9932
9949
9892
9874
9951
9915
9900
9871
9903
9924
9910
9896
9788
9982
9920
9907
9990
9936
9922
9948
9902
9961
9916
9837
9906
9923
9900
9944
9789
9912
9890
9855
9898
9921
9910
9968
9962
9956
9910
9739
9905
9899
9952
9886
9831
9881
9940
9959
9945
9938
9779
9874
9904
9938
9937
9815
9966
9699
9878
9936
9929
9902
9904
9923
9913
9937
9869
9906
9927
9892
9832
9940
9976
9961
9969
9951
9889
9966
9932
9930
9937
9913
9952
9817
9878
9927
9920
9972
9868
9801
9762
9949
9911
9847
9932
9831
9954
9829
9840
9841
9863
9829
9799
9860
9942
9925
9923
9846
9927
9746
9883
9958
9948
9951
9938
9959
9886
9885
9888
9981
9991
9751
9923
9790
9847
9931
9920
9910
9934
9837
9958
9911
9924
9915
9907
9914
9915
9912
9933
9930
9965
9878
9934
9877
9963
9956
9952
9832
9874
9916
9833
9893
9918
9926
9926
9853
9948
9827
9978
9930
9832
9934
9963
9944
9846
9852
9923
9942
9977
9874
9898
9842
9902
9981
9857
9883
9969
9757
9992
9928
9850
9821
9878
9938
9981
9888
9956
9923
9810
9783
9967
9850
9901
9932
9897
9876
9979
9898
9984
9946
9849
9863
9867
9856
9915
9804
9901
9942
9891
9828
9928
9875
9963
9934
9865
9820
9922
9915
9999
9954
9851
9972
9831
9887
9880
9803
9803
9883
9903
9950
9927
9936
9916
9930
9982
9973
9894
9957
9930
9859
9922
9877
9867
9864
9808
9899
9967
9915
9948
9947
9740
9902
9897
9878
9964
9885
10000
9963
9939
9915
9879
9865
9827
9929
9884
9862
9818
9907
9963
9920
9936
9983
9878
9964
9994
9857
9973
9763
9930
9918
9957
9904
9898
9880
9950
9895
9937
9906
9811
9940
9841
9926
9945
9998
9982
9920
9860
9971
9838
9934
9963
9841
9854
9963
9951
9887
9921
9967
9967
9905
9888
9948
9878
9868
9938
9821
9848
9868
9883
9979
9920
9920
9865
9968
9845
9795
9985
9976
9889
9989
9932
9816
9922
9843
9744
9872
9901
9873
9910
9986
9923
9862
9852
9724
9846
9910
9870
9903
9952
9917
9999
9992
9837
9791
9976
9942
9863
9908
9908
9893
9940
9935
9931
9997
9889
9860
9870
9940
9953
9934
9886
9874
9922
9992
9944
9815
9880
9978
9919
9891
9902
9911
9909
9919
9816
9922
9991
9923
9838
9783
9897
9902
9936
9842
9959
9938
9942
9830
9943
9820
9897
9920
9912
9714
9886
9841
9908
9964
9840
9878
9947
9877
9986
9867
9859
9933
9883
10000
9891
9886
9897
9927
9888
9927
