9832
9961
9967
9930
9857
9913
9965
9797
9865
9862
9931
9947
9902
9987
9965
9953
9915
9903
9902
9833
9911
9890
9783
9926
9779
9953
9876
9955
9951
9928
9814
9894
9951
9883
9859
9862
9921
9999
9875
9887
9857
9906
9894
9904
9909
9885
9904
9894
9969
9847
9951
9834
9858
9834
9941
9972
9926
9947
9862
9940
9825
9871
9879
9868
9969
9872
9941
9900
9961
9936
9978
9921
9918
9907
9944
9943
9913
9975
9824
9878
9783
9909
9880
9933
9922
9930
9794
9921
9928
9813
9932
9876
9922
9959
9946
9882
9822
9942
9927
9934
9887
9947
9892
9842
9902
9873
9960
9893
9864
9898
9933
9977
9835
9857
9967
9849
9975
9922
9989
9935
9881
9928
10000
10000
9920
9933
9904
9866
9919
9950
9751
9968
9928
9890
9857
9969
9921
9834
9987
9931
9956
9920
9900
9950
9998
9731
9916
9866
9985
9878
9930
9948
9848
9868
9937
9970
9950
9961
9945
9907
9912
9851
9995
9871
9944
9949
9844
9910
9933
9846
9978
9913
9965
9943
9929
9868
9896
9927
9873
9879
9986
9917
9834
9951
9874
9946
9938
9833
9884
9904
9957
9858
9943
9914
9949
9951
9853
9895
9889
9929
9990
9905
9907
9841
9945
9828
9845
9947
9939
9914
9957
9996
9916
9823
9922
9803
9865
9944
9958
9874
9890
9922
9959
9935
9946
9919
9909
9946
9936
9890
9951
9931
9901
9901
9836
9761
9852
9923
9974
9969
9897
9949
9819
9883
9938
9952
9867
9914
9981
9963
9973
9931
9847
9885
9842
9892
9846
9946
9850
9843
9935
9825
9999
9888
9868
9981
9961
9942
9863
9919
9992
9925
9880
9930
9832
9848
9953
9937
9748
9758
9774
9806
9912
9939
9938
9939
9924
9902
9918
9928
9849
9887
9894
9937
9784
9899
9902
9936
9988
9859
9861
9957
9842
9904
9824
9911
9978
9915
9917
9938
9914
9967
9862
9892
9959
9780
9883
9950
9898
9891
9854
9922
9881
9935
9888
9915
9942
9974
9908
9928
9888
9918
9954
9916
9823
9921
9993
9903
9873
9988
9894
9880
9816
9866
9857
9897
9930
9946
9861
9879
9950
9885
9971
9923
9947
9956
9940
9869
9841
9862
9941
9910
9752
9912
9967
9863
9924
9929
9986
9884
9969
9876
9942
9900
9948
9918
9877
9879
9932
9841
9975
9833
9947
9929
9921
9985
9960
9910
9947
9846
9866
9988
9992
9919
9866
9930
9935
9778
9962
9801
9876
9980
9868
9852
9908
9981
9973
9925
9932
9864
9743
9927
9941
9906
9838
9895
9943
9825
9896
9938
9974
9938
9887
9946
9846
9874
9939
9914
9699
9866
9904
9921
9952
9925
9963
9999
9950
9917
9902
9717
9932
9970
9954
9886
9915
9923
9905
9989
9930
9927
9825
9798
9891
9947
9933
9876
9856
9937
9897
9929
9941
9882
9932
9847
9978
9894
9876
9822
9941
9879
9877
9916
9890
9915
9898
9730
9862
9916
9829
9921
9863
9962
9888
9904
9874
9914
9915
9879
9963
9906
9891
9909
9805
9944
9846
9999
9910
9832
9868
9921
9902
9920
9912
9966
9857
9827
9905
9851
9828
9813
9860
9914
9897
9750
9939
9800
9949
9886
9791
9805
9946
9976
9901
9908
9926
9874
9898
9828
9912
9870
9830
9909
9941
9911
9906
9931
9875
9928
9922
9914
9867
9888
9902
9775
10000
9904
9855
9893
9978
9893
9788
9950
9783
9895
9962
9926
9895
9920
9881
9882
9857
9758
9957
9977
9915
9916
9890
9975
9931
9959
9960
9889
9860
9868
9955
9928
9837
9954
9884
9976
9923
9982
9875
9984
9928
9939
9883
9863
9799
9910
9920
9955
9889
9921
9884
9911
9898
9912
9956
9994
9919
9964
9957
9929
9991
9807
9909
9840
9913
9816
9914
9999
9931
9970
9801
9736
9920
9881
9886
9902
9870
9843
9855
9946
9866
9969
9979
9915
9878
9820
9857
9892
9713
9935
9933
9970
9863
9899
9871
9911
9969
9869
9821
9859
9844
9867
9865
9931
9904
9940
9919
9952
9844
9953
9886
9945
9860
9963
9973
9978
9978
9758
9816
9938
9941
9892
9792
9849
9988
9882
9825
9988
9935
9962
9935
9946
9949
9891
9896
9969
9952
9962
9998
9858
9887
9943
9923
9803
9870
9867
9880
9812
9893
9867
9962
9962
9762
9899
9964
9963
9975
9968
9805
9908
9940
9853
9902
9887
9799
9938
9822
9849
9951
9984
9975
9823
9869
9886
10000
9961
9984
9771
9954
9864
9850
9963
9843
9963
9914
9913
9920
9954
9892
9924
9912
9883
9880
9880
9930
9904
9867
9875
9867
9954
9921
9843
9787
9901
9852
9904
9899
9883
9752
9983
9863
9997
9924
9981
9947
9985
9930
9817
9947
9937
9829
9913
9867
9890
9954
9901
9876
9949
9892
9944
9809
9932
9891
9936
9926
9857
9886
9797
9874
9862
9798
9991
9851
9856
9889
9966
9872
9878
9873
9891
9917
9900
9965
9842
9881
9877
9942
9901
10000
9939
9953
9943
9884
9943
9970
9858
9969
9837
9710
9924
9944
9952
9884
9893
9892
9904
9876
9944
9945
9737
9971
9876
9913
9887
9941
9969
9820
9936
9905
9970
9996
9960
9840
9857
9827
9925
9953
9890
9933
9998
9884
9948
9938
9916
9900
9855
9960
9821
9889
9903
9947
9773
9889
9967
9771
9938
9943
9948
9813
9903
9954
9853
9816
9836
9767
9919
9901
9726
9889
9891
9812
9973
9979
9952
9921
9899
9870
9863
9924
9896
9900
9975
9973
9955
9849
9863
9888
9904
9791
9955
9842
9949
9832
9937
9951
9914
9901
9895
9841
9927
9959
9924
9845
9913
9947
9999
9997
9846
9866
9886
9843
9889
9850
9932
9852
9949
9945
9980
9947
9894
9890
9988
9870
9813
9956
9816
9905
9987
9788
9953
9929
9898
9805
10000
9763
9873
9912
9890
9953
9923
9928
9954
9990
9885
9902
9944
9921
9953
9969
9961
9794
9899
9821
9909
9931
9927
9945
9910
9928
9847
9907
9815
9877
9907
9885
9922
9895
9894
9969
9914
9935
9937
9988
9984
9948
9940
9877
9845
9966
9991
9815
9957
9832
9836
9851
9921
9792
9956
9921
9932
9878
9911
9936
9978
9953
9909
