9872
9886
9976
9908
9945
9893
9919
9996
9919
9883
9781
9951
9906
9883
9838
9956
9825
9895
9940
9908
9946
9844
9846
9953
9945
9900
9951
9912
9961
9958
9945
9939
9841
9896
9893
9959
9847
9937
9879
9962
9836
9932
9980
9902
9988
9954
9820
9910
9787
9914
9908
9915
9962
9996
9797
9950
9893
9936
9883
9856
9950
9946
9944
9886
9850
9937
9958
9941
9903
9790
9990
9766
9921
9887
9874
9940
9994
9811
9901
9957
9842
9968
9806
9937
9879
9989
9861
9763
9967
9939
9959
9854
9997
9894
9982
9986
9863
9864
9953
9905
9955
9979
9970
9952
9908
9929
9902
9913
9831
9874
9844
9928
9840
9892
9722
9923
9954
9928
9867
9900
9901
9875
10000
9869
9970
9898
9948
9860
9969
9933
9850
9972
9875
9926
9960
9923
9930
9952
9922
9975
9969
9945
9849
9840
9953
9935
9934
9891
9996
9891
9961
9932
9830
9901
9984
9890
9962
9912
9928
9866
9843
9935
9902
9884
9967
9891
9931
9961
9997
9908
9901
9891
9921
9978
9862
9968
9899
9902
9871
9896
9932
9919
9933
9888
9935
9970
9950
9950
9895
9985
9949
9893
9880
9934
9933
9925
9869
9934
9946
9973
9941
9860
9973
9920
9979
9857
9900
9965
9813
9915
9848
9866
9965
9885
9961
9710
9999
9916
9927
9967
9862
9904
9924
9936
9984
9747
9960
9939
9855
9736
9976
9818
9928
9979
9983
9820
9863
9888
9850
9815
9857
9920
9950
9925
9956
9870
9991
9936
9875
9942
9941
9896
9892
9748
9879
9944
9862
9843
9873
9696
9917
9879
9877
9851
9968
9935
9906
9924
9929
9852
9947
9923
9883
9877
9868
9888
9941
9951
9937
9975
9997
9914
9877
9984
9758
9970
9835
9806
9886
9939
9902
9937
9874
9927
9912
9922
9902
9959
9921
9838
9846
9982
9911
9802
9890
9874
9927
9891
9913
9887
9852
9870
9942
9936
9922
9937
9826
9966
9961
9977
9915
9942
9955
9888
9943
9946
9944
9951
9939
9980
9888
9877
9963
9911
9953
9860
9893
9955
9862
9982
9996
9871
9705
9902
9952
9925
9828
9893
9916
9966
9959
9951
9948
9909
9930
9947
9863
9844
9914
9937
9783
9840
9937
9891
9945
9888
9913
9890
9974
9924
9812
9858
9819
9934
9912
9937
9910
9959
9941
9922
9910
9852
9839
9959
9857
9864
9930
9898
9923
9960
9958
9975
9942
9870
9927
9940
9916
9965
9929
9900
9884
9970
9961
9905
9963
9904
9912
9952
9983
9934
9943
9850
9910
9887
9938
9851
9949
9909
9788
9901
9882
9925
9981
9938
9974
9894
9997
9994
9889
9866
9899
9795
9861
9857
9934
9927
9871
9922
9818
9900
9923
9926
9916
9872
9986
9958
9851
9910
9973
9965
9924
9829
9855
9749
9997
9839
9962
9916
9947
9851
9967
9840
9953
9907
9866
9919
9899
9936
9945
9866
9973
9974
9779
9937
9959
9927
9961
9914
9867
9902
9843
9895
9937
9789
9953
9904
9910
9932
9958
9936
9877
9834
9768
9928
9906
9918
9957
9916
9868
9952
9952
9979
9923
9921
9936
9949
9824
9880
9914
9969
9898
9657
9856
9775
9756
9924
9844
9766
9868
9878
9926
9880
9770
9877
9913
9812
9756
9822
9937
9894
9889
9856
9903
9888
9877
9897
9964
9892
9981
9858
9903
9869
9844
9924
9863
9891
9910
9930
9969
9915
9815
9878
9932
9978
9850
9968
9930
9933
9825
9946
9844
9865
9848
9978
9880
9913
9807
9802
9971
9951
9842
9850
9973
9926
9853
9947
9902
10000
9968
9895
9837
9904
9955
9943
9876
9816
9858
9948
9968
9869
9940
9939
9906
9921
9969
9927
9883
9865
9952
9922
9948
9923
9848
9863
9831
9954
9827
9912
9935
9910
9960
9921
9966
9969
9906
9895
9926
9905
9912
9903
9894
9998
9895
9848
9905
9957
9951
9920
9967
9950
9952
9894
9886
9991
9929
9939
9833
9922
9906
9785
9972
9910
9912
9899
9924
9948
9945
9947
9867
9920
9873
9905
9949
9858
9847
9734
9819
9967
9911
9909
9926
9954
9861
9972
9918
9924
9814
9847
9916
9882
9889
9969
9912
9772
9940
9943
9939
9933
9870
9900
9900
9930
9976
9909
9904
9924
9977
9952
9916
9935
9832
9817
9946
9923
9923
9975
9844
9821
9892
9933
9908
9877
9937
9929
9789
9950
9899
9884
9978
9914
9936
9932
9917
9878
9785
9917
9929
9926
9834
9846
9921
9875
9939
9834
9901
9823
9921
9865
9869
9777
9799
9984
9956
9943
9939
9966
9907
9920
9897
9949
9886
9903
9797
9832
9925
9905
9944
9904
9892
9811
9865
9884
9840
9907
9926
9931
10000
9999
9887
9902
9947
9930
9777
9891
9993
9893
9862
9934
9936
9941
9909
9939
9884
9947
9891
9936
9921
9929
9959
9900
9966
9935
9887
9936
9954
9868
9947
9787
9817
9991
9925
9845
9977
9880
9963
9899
9828
9831
9891
9919
9899
9835
9910
9943
9899
9995
9920
9947
9934
9887
9948
9903
9880
9760
9918
9802
9884
9826
9921
9903
9976
9895
9831
9965
9833
9906
9905
9886
9902
9953
9917
9756
9916
9945
9844
9861
9807
9870
9863
9959
9970
9945
9846
9944
9925
9928
9981
9972
9916
9918
9870
9937
9958
9912
9893
9951
9952
10000
9916
9916
9880
9966
9941
9965
9941
9921
9924
9888
9933
9862
9972
9917
9907
9933
9913
9937
9843
9864
9934
9857
9827
9907
9987
9985
9903
9895
9930
9850
9892
9872
9994
9973
9866
9820
9938
9986
9936
9921
9901
9937
9940
9885
9970
9960
9957
9800
9936
9684
9949
9970
9957
9944
9999
9833
9854
9934
9938
9767
9940
9807
9932
9800
9961
9962
9929
9609
9867
9833
9886
9809
9929
9891
9784
9948
9913
9962
9801
9879
9856
9865
9934
9862
9800
9978
9968
9876
9895
9888
9869
9790
9966
9850
9886
9866
9887
9881
9852
9960
9820
9999
9955
9858
9910
9899
9846
9889
9916
9909
9918
9958
9902
9832
9864
9984
9973
9916
9922
9870
9923
9824
9882
9868
9949
9897
9947
9995
9876
9976
9796
9940
9953
9952
9926
9863
9890
9891
9941
9852
9851
9863
