9913
9930
9984
9820
9970
9997
9999
9958
9943
9941
9930
9946
10000
9942
9930
9928
9933
9891
9890
9862
9910
9931
9926
9994
10000
9980
9979
9966
9941
10000
10000
9974
9962
10000
9904
9900
9973
9969
9897
9946
9759
9999
9919
9980
9999
9899
9977
9949
9906
10000
9944
9996
9914
9986
10000
9997
10000
9812
9933
9910
9985
9988
9746
9984
10000
9890
9840
9900
9978
9933
9933
9953
9997
10000
9948
9996
9970
9963
9912
9821
9925
9997
9980
9996
9900
9994
9886
9983
9796
10000
9931
9804
9888
9947
9859
9793
9897
9840
9769
9923
9860
9790
9981
10000
9945
9919
9951
9950
9806
9959
10000
9912
9988
9852
9886
10000
10000
9985
9798
9829
10000
9966
9883
9875
9993
9897
9889
9982
9867
9977
9933
9988
9920
9860
9984
9949
9993
9869
9977
9948
9872
10000
9907
10000
9969
9918
9903
9967
9947
9906
9999
9956
9937
9961
9824
10000
9727
10000
10000
9975
9916
9985
9998
9883
9838
9956
9985
9999
9971
9947
9940
9815
9952
9958
9999
9986
9875
9723
9959
9936
9833
9928
9984
9990
9843
9989
9998
9880
9938
9863
9942
9885
9749
9996
9994
9927
9974
9956
9980
10000
9932
9925
9874
9875
9832
9911
9976
9934
9998
9969
9970
9858
9993
9950
9891
10000
9899
9927
9909
9908
9944
9893
9851
9992
9998
9910
9980
9894
10000
9830
9906
9865
9957
9974
9903
9746
9909
9911
9943
9944
9987
9899
9989
10000
9993
9778
9889
10000
9943
9997
9877
9936
10000
9950
9998
9981
9954
9911
9887
9908
9997
9888
9669
9947
9814
9972
9840
9959
9982
9897
9905
9955
9864
9957
9996
10000
9997
9918
9923
9866
10000
9918
10000
9998
9992
9896
9999
9877
9921
10000
9943
9982
9926
9980
9952
9847
9831
10000
9933
9795
9841
9708
9887
9943
9900
9998
9979
9928
9882
9939
9972
9846
9908
9976
9847
10000
9938
9977
9991
9872
9867
9903
9970
9767
9892
9903
9953
9969
9912
9994
9959
10000
9876
9988
9962
9998
9877
9991
9912
9921
9904
9982
9813
9984
9997
9823
9991
9906
9910
9931
9897
9880
9853
9943
9928
9982
9877
9956
9907
9953
9973
9911
9899
9909
9945
9933
9986
9831
9986
9902
9856
9916
9984
9923
9893
9807
9923
9991
9935
9958
9983
9941
9937
9923
9906
9954
9999
9843
9918
9933
9941
9961
9991
9986
9866
9984
9987
9940
10000
9984
9987
9923
9885
9944
9884
9843
9984
9997
9947
9994
9999
9822
9878
9955
9991
9997
9900
9931
10000
9979
9841
9933
9941
9815
10000
9954
9975
9992
9999
9999
9960
9900
9868
9829
9974
9954
9832
9911
10000
9882
9998
9877
9953
9976
9954
9938
10000
9942
9999
9967
9976
10000
9903
9899
9957
9947
9794
9990
9923
9907
9969
9959
9996
9960
9916
9921
9988
9973
9979
9992
9990
10000
9895
9897
9993
9888
9858
9961
9973
9992
9953
9940
9842
9980
9997
9991
9979
9920
9871
9851
10000
9906
10000
9958
9829
9831
9867
9993
9930
9902
9998
9988
9999
9872
9849
9931
9896
9931
9854
9971
9977
9996
9998
9871
9843
9728
9929
9999
9991
9984
9846
9908
9939
9936
9940
9939
9999
9994
9902
9880
9904
9967
9951
9929
9999
9996
10000
9942
9914
9892
10000
9972
9989
9995
9998
9998
9971
9884
9943
9968
9964
9988
10000
9890
10000
9929
9935
9916
9984
9873
9986
9941
9739
9940
9953
9995
9996
10000
9988
9928
9916
9910
9993
9987
10000
9951
10000
9922
10000
9952
9934
10000
9957
9987
9998
9852
9913
9896
9964
9999
9912
9952
9977
9989
9954
9942
9954
9931
9917
9898
9998
9912
9993
9969
9924
9928
9914
9893
9898
9886
9968
9927
9801
9898
9808
9968
9803
10000
9823
9984
9932
10000
9971
9929
9999
9927
9927
9933
9977
9975
9851
10000
9975
9887
9913
9735
9863
9858
9900
9972
9965
9986
9888
9932
9994
9987
9942
10000
9904
9921
9979
9895
9987
9914
9989
9942
9811
9998
9864
9985
9984
9799
9863
9972
9922
10000
9979
9939
9870
9913
9954
9900
9924
9921
9922
9911
9986
9932
10000
9996
9935
10000
9999
9944
9946
9945
9837
10000
9923
9998
9970
9961
10000
10000
9999
9999
9651
9956
9835
9953
9961
9942
9877
10000
9998
9922
9879
9971
9980
9917
9981
9898
9882
9814
9885
9903
9933
9930
9915
9932
9946
9981
9984
9922
9926
9929
9905
9970
9888
9889
9989
9974
10000
9993
10000
9918
9786
9926
9988
9867
9867
9997
9957
9992
9986
9913
10000
9877
10000
9999
9860
9990
9928
9857
9966
9981
9964
9858
9902
9905
9887
9972
9874
9999
9985
9898
9955
9906
9969
9920
9918
9830
9909
9914
9927
9985
9931
9984
9934
9904
9903
9967
9939
9911
9994
9918
9925
9943
9997
9915
9992
9859
9996
9860
9936
9850
9911
9999
9952
9881
9842
9936
9998
9946
9984
9919
10000
9858
9927
9984
10000
9906
9999
9984
9942
9845
9912
9914
9932
9967
9958
9910
9998
9994
9897
9886
9966
9912
9990
9889
9985
9772
10000
9838
9974
9862
9962
9932
9916
9975
9904
9902
9844
9895
9964
9925
9833
9908
9905
9964
9999
9984
10000
9983
9842
9980
9969
9893
9927
9945
9938
9948
9995
9982
9902
9986
9754
9834
9867
9970
9892
9887
9973
10000
9994
9940
9968
9995
9930
9961
9959
9894
9919
9868
9928
9975
10000
9993
9939
9842
10000
9842
9966
9911
9862
9996
9922
9987
9900
9952
9971
9824
9878
9994
9980
9898
9922
10000
9962
9846
9917
9916
9922
9900
9881
10000
9951
9930
9949
9989
9989
9923
9988
9919
10000
10000
9873
9874
9826
9910
9993
9944
9993
9956
9892
10000
9937
9827
10000
9819
9949
9895
9965
9877
10000
9884
9941
9888
9997
9948
9995
9957
9952
9999
9765
9986
9997
9934
9955
9991
9927
9947
9992
10000
9977
9821
9999
9929
9993
9909
10000
9927
9941
9916
9945
9988
9958
9982
9925
9961
10000
9819
9936
9947
9903
9920
9881
10000
9944
9911
9869
9961
10000
9908
10000
9886
9822
9981
10000
9990
