9991
9833
9940
9872
10000
9881
9924
9947
9943
9887
9928
9882
9909
9982
9996
9815
9898
9889
9985
10000
9990
9961
9971
9997
9999
9858
9999
9971
9994
9995
9940
9861
9946
9971
9966
9997
9915
9928
9919
9999
9898
9967
9986
9919
9984
9955
9978
9868
9981
9965
9866
9993
9828
9998
9926
9998
9859
9972
9959
9976
9919
10000
9860
9957
9997
9994
9922
9880
9815
9883
9943
9944
9986
9887
9993
9984
9959
9950
9999
10000
9986
9932
9971
9968
9972
9993
9980
9997
9856
9996
9989
10000
9999
9998
10000
9998
9959
9852
10000
9999
9877
10000
9931
9892
9977
10000
9896
9987
9990
10000
10000
10000
9838
9866
9927
9996
9887
9966
9986
9998
9971
9992
9999
9991
9999
9868
10000
9994
9993
9979
9996
9902
9986
9956
10000
10000
10000
9988
9915
9946
9985
9965
9847
9982
9910
9864
9985
9963
9963
9819
9959
9900
9980
9971
9999
10000
9947
10000
9948
9997
10000
9916
9925
9887
9993
10000
10000
9894
9886
9911
9938
9945
9960
9957
9965
9999
9902
9996
9939
10000
9962
9889
9996
9924
9999
9887
9982
9998
9953
9994
9988
9895
9908
9938
9985
9915
9992
9911
9918
9876
9984
9998
10000
9947
10000
9966
9788
9996
9824
9948
10000
9995
9977
9997
9902
9994
9987
9998
9998
10000
9930
9995
9911
9898
9963
9972
9921
10000
9987
9983
9998
9963
9932
9997
9923
9956
9849
9973
9925
9861
9988
9935
10000
9999
9932
10000
9999
9945
9996
10000
9995
9901
10000
9987
9901
9928
10000
9993
9984
9972
9933
9996
9830
10000
9951
9925
9830
9898
9930
10000
10000
9904
9940
9942
9799
10000
9973
9956
9989
10000
10000
9976
9908
9981
9998
9994
9913
9996
10000
9972
9881
9775
9999
10000
9993
9990
9999
9904
9988
9961
9857
9985
9954
9904
10000
9890
10000
9946
9972
9999
9971
9966
9999
9996
9990
9977
9995
9930
9945
10000
9917
9950
9935
10000
10000
9976
10000
9997
9966
10000
9669
9980
9838
9959
9970
9985
9956
10000
9946
9994
9963
9932
9992
9980
9965
9871
9876
9861
9998
10000
9980
9938
9951
10000
10000
9934
9995
9928
10000
9945
9947
9999
9976
9984
10000
9989
9926
9972
9964
9961
9963
9943
9953
9993
9952
9905
9939
9952
9919
9982
9952
9861
9989
9845
9974
9980
9965
9892
9964
10000
9951
9973
9951
9885
9987
9912
9941
9916
9995
10000
9986
9933
9863
9999
9877
10000
9981
9967
9992
9978
9971
10000
9997
9989
9965
10000
9930
9946
9999
10000
10000
9848
10000
9985
9904
9970
9988
9951
9966
9985
9946
9950
9992
9936
10000
9971
9990
9956
9999
9979
10000
9887
9961
9995
9932
9998
9961
9859
9903
10000
10000
9896
9995
9899
9997
9968
9997
9980
9883
9932
9981
9974
9988
9983
9987
9984
9956
9903
10000
9984
9836
9917
9948
9908
9960
9913
9888
9999
9998
9987
9937
9938
9999
9907
9999
9930
9969
9904
9999
9818
10000
9949
10000
9920
9923
10000
9996
9965
9982
9992
9990
9895
9992
9983
9883
9989
9999
9979
9959
10000
9966
10000
9933
9953
9907
9875
9955
9974
9991
9897
10000
9906
9992
9916
9903
9929
9994
9870
9986
9990
9982
9998
9990
9975
9970
9938
9998
9903
9888
9979
9896
9999
9997
10000
9987
10000
9929
9977
9994
9948
9929
10000
9924
9975
9980
9902
9990
9989
9999
9969
9997
9980
9905
9918
9999
9974
9987
9915
10000
9980
9909
9988
9887
9928
10000
10000
9999
9944
9992
9967
9966
9948
9972
9973
9984
9946
9987
9976
9986
9978
9948
9966
9973
9962
9895
9932
9943
9954
9933
9912
9959
9961
9985
10000
9959
9965
9956
9998
9997
9963
9808
9844
9918
9977
9997
10000
9924
9997
9907
10000
9907
9844
9999
9988
9999
9995
9921
9938
9921
9971
9969
9955
9960
9993
10000
9990
9963
9995
9851
10000
9983
9993
9999
10000
9904
9991
9995
9925
9943
9999
9992
10000
9950
9918
9959
9853
9968
9867
9980
9996
9993
9949
10000
9937
9860
9990
9872
10000
9831
9864
10000
10000
9980
10000
9905
9922
9844
9931
9945
9991
9929
9985
9951
9995
9998
9925
9998
10000
9972
9779
9895
9948
9889
9876
9938
9838
9945
9952
9991
10000
9910
9859
9954
9965
9893
9999
10000
9974
9882
9933
10000
9900
9999
9999
9997
9999
9908
9959
9956
9874
9783
10000
9969
9972
9986
9999
9999
10000
9998
9931
9933
9932
9994
9920
9875
9969
10000
9953
9978
9991
9977
9998
9998
9871
9986
9992
9951
9900
9916
9994
9976
10000
9859
9966
9986
9997
9920
9997
9898
9972
9927
10000
9970
9919
9893
9830
10000
9970
9859
9997
9988
9938
9985
9999
10000
9941
9825
9983
9909
9999
9940
9899
9902
10000
9909
9898
9994
9977
9971
9990
9999
9801
9870
9846
9983
9981
9819
9946
9941
9951
9902
9990
9924
10000
9987
9948
9949
9920
9920
9988
9953
9966
9999
10000
9999
9993
9878
9877
9935
10000
9998
9922
10000
9977
10000
9876
9969
9894
9948
10000
9927
9896
9905
9943
9991
9978
9992
9897
9922
9898
9981
9989
9907
10000
9890
9916
10000
9999
9861
10000
9979
9998
10000
9909
10000
9992
10000
9894
9870
9957
9998
9932
9898
9934
9958
10000
9957
9971
9923
10000
10000
9972
9971
9953
9966
9897
9999
9998
9996
9991
9991
9960
9900
9996
9976
10000
9943
10000
9972
9992
9957
9797
9932
10000
9934
9902
9945
9956
9998
9800
9940
9872
9914
10000
9937
9968
9999
9999
9999
10000
9971
10000
9911
9945
9991
9972
9954
9940
9948
10000
9857
9878
10000
9792
9949
9954
9959
9874
9867
9996
9962
9992
9955
9984
9928
9977
9950
9823
9989
9951
10000
9997
9976
9970
9937
10000
9913
9998
9996
9989
9995
9999
9947
9955
9977
9993
9967
9972
9999
9860
9991
9944
9990
9982
9932
9957
10000
9884
9986
9952
9997
9911
9994
9996
10000
9916
9996
10000
9891
9984
9839
9955
9908
10000
9993
9996
9874
9999
9979
9984
9985
9896
9957
9980
9998
9872
9925
9929
9968
9895
