9975
10000
9848
9999
9964
10000
9942
9947
9881
9894
9938
9988
10000
10000
9912
9984
9997
9998
9979
9956
9957
9860
10000
9996
9942
9946
9919
9999
10000
9903
9865
9928
9999
10000
10000
9971
9997
9917
9964
9997
9981
9954
9999
9860
9989
9973
9990
9934
9957
9956
9997
9930
9973
10000
9945
9993
9926
9944
10000
9785
9923
9991
9927
9940
9919
9890
9871
9945
9999
9988
9994
9966
9998
9967
9920
9927
9993
9951
10000
9995
9980
9914
9999
9937
9994
9941
9966
9954
9966
9942
9945
9968
9952
9956
9976
9890
9989
9993
9993
9942
9833
9890
10000
9912
9965
9999
9999
10000
9980
10000
9928
9992
9981
9999
9877
9826
9972
9987
9897
9986
9967
9902
9990
9998
9884
9923
9965
9877
9912
9976
9939
9938
9957
9997
9928
10000
9932
10000
9984
9999
10000
9921
10000
9998
9990
9953
9952
9904
9930
9984
9987
9980
9998
9989
9986
9948
9910
9951
9906
9985
9988
10000
9845
9990
9913
9973
9929
9996
9900
9964
9999
9929
10000
9938
9912
9908
9990
9970
9993
9970
9971
9955
10000
9954
10000
9997
9997
9915
9997
9979
9919
9966
9954
9911
9999
10000
9838
9956
9959
9936
10000
9959
9988
9996
9834
9978
10000
9898
9951
9998
9993
9991
9916
9974
10000
9950
9999
9866
10000
9872
9945
9956
9994
10000
9981
9895
9984
9961
9937
9836
9945
9986
9957
10000
9802
9861
9914
9999
9946
9990
9994
9933
9973
9920
9817
9897
9984
9943
9902
9842
9999
10000
9996
9870
9890
9926
9998
9995
9941
9916
9996
9979
9986
9874
9928
9978
9984
9999
10000
9948
9896
9997
9909
9980
9895
10000
9997
9928
9955
9916
9990
9977
9974
9902
9997
9995
9963
9922
9997
9999
9940
9945
9944
9989
9998
9998
10000
9969
9952
9979
9964
9930
9984
9991
9864
9956
9940
9914
9997
9978
9885
10000
9933
9887
9849
9953
9995
9914
9944
9997
10000
9927
10000
9868
9990
9883
10000
9866
9984
9991
9883
9940
9992
9897
9991
9925
9970
9875
9897
9959
9958
9990
9959
9980
9921
9944
9989
9952
9977
9961
9953
9976
9879
10000
10000
9866
9863
9998
9931
9994
9973
9856
9999
9995
9982
9916
9926
9982
9937
9990
10000
10000
9976
9999
9999
9884
10000
9975
9935
9996
9955
10000
9952
9974
10000
9942
10000
9919
9938
9998
9959
9935
9925
9998
9916
9990
9963
9922
9993
9995
9968
9952
9855
9921
9955
9999
9900
9888
9976
9999
9818
9996
9854
9938
9994
9999
9959
9977
9976
10000
9934
9906
10000
9954
9955
9974
9999
9993
9939
9917
9960
9976
9889
9876
9999
9977
9925
9922
9995
9969
9913
9866
9982
9963
9962
9979
9961
9980
9994
10000
10000
9980
9955
9944
9995
9988
9978
9945
9939
9886
10000
9920
9856
9994
9976
9920
9993
9992
10000
9918
9972
9940
9929
9983
9889
9903
9769
9945
9871
9895
9978
9976
9956
9957
9940
9997
9922
10000
9975
9831
10000
9915
9929
9937
10000
9994
9916
9958
9987
10000
9999
9948
9990
9988
10000
9877
9996
9998
9978
9968
9913
9995
9891
9950
9943
9926
9904
9982
9991
9982
10000
9928
9987
9948
9900
9985
10000
9988
9919
9960
10000
9992
9979
9951
9933
9982
9939
9981
9998
9944
9946
9778
10000
9908
10000
9940
9988
9954
9965
9968
9971
9922
9940
10000
9982
9963
9993
10000
9985
9850
10000
9854
9857
9964
9895
9845
10000
9873
9989
9950
10000
9950
9975
9993
9957
10000
9982
9999
9967
9880
9968
9882
9999
10000
9977
9909
9916
10000
9930
9973
9965
9987
9999
9911
9872
9972
9993
9999
9930
9754
9969
9927
9992
9982
9990
9985
9996
10000
9995
9999
9951
9998
9901
9956
10000
10000
10000
9879
9982
9836
9926
9998
9833
9920
9907
9978
9991
9842
9880
9985
9903
9919
9914
9925
9963
9887
9963
9924
9954
9988
10000
9951
9919
10000
9967
9983
9999
9890
9990
9908
9993
9890
9988
9920
9898
9980
10000
9947
9992
9934
9999
9962
9959
9888
9925
9870
10000
9984
9938
9936
9876
9872
9884
9744
9920
9967
9980
10000
9981
9922
9980
9933
10000
9920
9951
9917
10000
9869
9986
9999
10000
9960
9868
9995
9866
9978
9995
9927
9954
9946
9967
9959
9954
9936
9917
9983
9980
9924
9918
9867
9946
10000
10000
9996
9960
9926
9893
9940
9905
9996
9997
9887
9926
9728
9937
10000
9895
10000
9953
9868
9843
9967
9996
9985
9901
9868
9905
9921
9954
9999
9975
9936
9984
9986
9893
9998
9782
9986
9944
10000
9997
9988
9971
9990
9952
9885
9891
9895
9992
9951
9943
9981
9997
9992
9952
9945
9999
10000
9879
9981
10000
10000
9837
9964
9995
9946
9898
9970
9975
9997
9997
9948
9988
10000
9752
10000
9967
9939
9996
9985
9953
9893
9995
9895
9997
9970
9954
9947
9967
10000
10000
9864
9945
9977
9912
9935
9957
9986
9981
9982
9987
9947
9954
9991
9944
9968
9877
9803
9975
10000
9864
9963
9948
9914
9970
9992
9970
9997
9897
9840
9934
9994
9992
9924
9973
9926
9996
9994
9893
9896
9880
9902
9931
9955
10000
9993
9934
9912
9810
9998
9998
10000
9999
9999
9885
9979
9989
9962
9992
9876
9809
9999
9976
9999
9954
9883
9927
9999
9986
9921
9969
9970
9880
9999
9999
10000
9995
9912
9991
9969
9957
9986
9982
9903
9992
9994
9957
9947
9995
10000
9944
10000
9940
9933
10000
9960
9987
9859
9983
9999
9997
10000
9981
10000
9944
9990
9999
9994
9932
9945
9922
9999
9953
9883
9929
9973
9880
9956
9902
9927
10000
9959
9950
9876
9986
9937
10000
9978
9966
9910
9893
10000
9772
9892
9871
9966
9969
9971
9903
9937
9995
9904
9914
9962
9909
9944
9990
9966
9995
9821
9990
9971
9813
9865
10000
9947
9994
10000
10000
9974
9914
9999
9972
9986
10000
9902
9994
10000
9998
9955
9967
9960
10000
9967
9918
9919
9956
9995
9975
10000
9924
9962
9960
9997
9944
9992
9994
9998
9991
9933
9923
9999
9976
9953
10000
9903
9999
9991
9999
9920
