9931
9915
9908
9939
9971
9925
9890
9997
9977
9831
9846
9966
9886
9965
9936
9856
9936
9893
9919
9903
9895
9894
9881
9900
9920
9800
9932
9900
9876
9834
9857
9932
9837
9939
9848
9897
9973
9928
9945
9953
9924
9893
9990
9914
9949
9824
9909
9941
9966
9902
9841
9937
9962
9948
9933
9906
9866
9955
9872
9891
9911
9995
9889
9926
9838
9889
9828
9882
9896
9975
9965
9956
9756
9940
9909
9877
9869
9788
9910
9948
9885
9933
9943
9932
9820
9925
9790
9933
9944
9915
9725
9817
9936
9864
9896
9917
9973
9915
9885
9883
9911
9933
9879
9934
9953
9832
9986
9924
9935
9920
9947
9938
9946
9851
9944
9778
9879
9845
9895
9877
9889
9981
9866
9881
9955
9927
9942
9924
9798
9961
9925
9901
9956
9871
9908
9948
9803
9805
9949
9909
9976
9849
9978
9913
9920
9867
9942
9979
9911
9962
9910
9943
9879
9925
9939
9835
9913
9780
9904
9926
9966
9950
9987
9928
9859
9943
9954
9931
9928
9908
9912
9902
9943
9888
9907
9933
9958
9846
9964
9896
9826
9906
9939
9918
9922
9943
9896
9917
9894
9918
9856
9934
9967
9850
9803
9941
9872
9976
9923
9990
9940
9884
9855
9890
9982
9874
9868
9905
9786
9957
9827
9933
9951
9902
9922
9894
9937
9850
9979
9921
9979
9927
9702
9854
9951
9925
9891
9953
9983
9822
9793
9960
9879
9949
9951
9763
9993
9909
9887
9960
9989
9792
9927
9952
9886
9861
9857
9992
9962
9876
9922
9941
9857
9916
9756
9895
9963
9921
9882
9928
9957
9868
9982
9903
9976
9888
9938
9871
9910
9912
9937
9909
9956
9982
9952
9895
9945
9879
9907
9913
9878
9989
9980
9965
9964
9900
9986
9903
9953
9938
9925
9952
9940
9892
9976
9867
9804
9968
9903
9801
9954
9842
9939
9837
9883
9919
9894
9923
9881
9958
9928
9980
9919
9781
9942
9848
9857
9928
9956
9885
9924
9927
9891
9947
9863
9977
9932
9922
9992
9939
9919
9888
9753
9860
9991
9886
9938
9903
9691
9923
9795
9994
9962
9950
9898
9989
9962
9867
9858
9838
9831
9956
9908
9868
9934
9886
9859
9890
9875
9911
9927
9757
9939
9926
9884
9928
9924
9923
9820
9903
9969
9940
9826
9961
9984
9982
9935
9902
9885
9861
9898
9961
9894
9890
9845
9943
9864
9915
9906
9874
9853
9814
9839
9949
9832
9779
9792
9853
9937
9953
9938
9908
9849
9881
9839
9932
9892
9927
9807
9942
9939
9936
9929
9902
9907
9944
9762
9904
9908
9865
9977
9999
9952
9956
9834
9928
9894
9889
9964
9934
9810
9975
9948
9938
9962
9951
9937
9962
9905
9819
9817
9935
9963
9865
9965
9939
9807
9909
9984
9900
9899
9879
9955
9893
9894
9923
9953
9698
9963
9904
9816
9916
9967
9975
9956
9887
9975
9902
9915
9953
9855
9958
9638
9924
9934
9833
9913
9843
9993
9927
9711
9960
9909
9789
9946
9923
9904
9918
9916
9821
9958
9890
9935
9784
9871
9670
9898
9902
9892
9909
9882
9956
9798
9864
9908
9740
9925
9897
9942
9964
9997
9867
9948
9930
9995
9882
9903
9984
9979
9942
9939
9967
9925
9886
9863
9933
9911
9808
9896
9998
9921
9906
9847
9958
9897
9921
9924
9974
9899
9947
9849
9946
9966
9926
9934
9809
9959
9888
9885
9966
9926
9971
10000
9989
9842
9903
9951
9927
9832
9932
9900
9948
9988
9889
9811
9932
9930
9864
9810
9952
9963
9860
9945
9902
9878
9896
9871
9879
9799
9849
9890
9963
10000
9913
9913
9908
9887
9986
9965
9808
9897
9811
9820
9906
9845
9915
9921
9874
9904
9896
9902
9963
9914
9908
9917
9903
9894
9811
9941
9938
9916
9800
9881
9883
9930
9809
9973
9916
9924
9938
9996
9897
9981
9905
9974
9839
9910
9987
9816
9887
9944
9845
9941
9970
9856
9897
9979
9963
9961
9921
9942
9996
9923
9946
9808
9950
9865
9967
9852
9867
9896
9948
9997
9866
9928
9887
9889
9876
9871
9902
9972
9952
9951
9907
9836
9977
9973
9969
9954
9987
9947
9860
9906
9906
9883
9923
9931
9841
9868
9773
9889
9951
9934
9745
9942
9948
9947
9964
9962
9968
9908
9926
9918
9922
9947
9926
9926
9887
9904
9888
9944
9853
9874
9953
9913
9942
9866
9956
9846
9927
9870
9791
9938
9853
9967
9982
9877
9769
9927
9903
9956
9957
9705
9778
9878
9986
9958
9862
9963
9955
9827
9936
9945
9732
9941
9946
9874
9968
9982
9954
9972
9900
9868
9924
9936
9959
9933
9878
9819
9996
9970
9910
9916
9958
9915
9995
9944
9917
9894
9879
9884
9859
9903
9885
9890
9931
9933
9916
9897
9925
9931
9852
9918
9888
9908
9937
9953
9952
9803
9864
9974
9771
9901
9954
9829
9992
9895
9984
9951
9867
9915
9898
9971
9990
9945
9816
9930
9772
9907
9868
9965
9902
9946
9982
9906
9904
9905
9926
9841
9955
9908
9895
9867
9937
9933
9831
9917
9832
9840
9909
9814
9914
9958
9925
9955
9946
9793
9967
9917
9891
9921
9929
9900
9966
9890
9885
9939
9843
9944
9935
9889
9823
9844
9862
9949
9826
9859
9894
9933
9828
9928
9847
9931
9911
9888
9904
9832
9789
9947
9944
9920
9844
9837
9909
9841
9888
9898
9979
10000
9963
9964
9907
9988
9907
9895
9855
9852
9938
9873
9849
9930
9999
9879
9986
9722
9814
9851
9866
9992
9959
9928
9913
9922
9968
9942
9894
9831
9952
9807
9872
9771
9918
9924
9880
9869
9864
9891
9908
9947
9866
9886
9910
9904
9888
9838
9898
9811
9798
9922
9971
9927
9867
9850
9882
9938
9943
9946
9934
9908
9960
9854
9781
9800
9983
9920
9956
9953
9838
9880
9883
9928
9858
9872
9878
9940
9904
9939
9926
9891
9884
9899
9978
9905
9901
9860
9905
9908
9857
9985
9918
9948
9929
9920
9921
9872
9975
9985
9876
9855
9833
9823
9830
9904
9967
9937
9820
9916
9965
9946
9984
9893
9902
9954
9923
9883
9979
9933
9941
9935
9842
9895
9982
9981
9917
9919
9920
9802
9931
9909
9966
