9899
9961
9909
9951
9932
9802
9948
9837
9876
9915
9936
9875
9911
9840
9910
9907
9894
9798
9929
9949
9936
9841
9934
9904
9881
9933
9947
9885
9906
9950
9930
9879
9940
9887
9928
9833
9850
9979
9863
9904
9934
9973
9980
9905
9990
9870
9891
9935
9904
9910
9894
9951
9897
9830
9839
9894
9817
9921
9849
9775
9977
9887
9884
9833
9882
9963
9941
9826
9866
9822
9922
9845
9991
9901
9936
9928
9947
9920
9826
9928
9806
9935
9878
9930
9910
9915
9864
9928
9867
9960
9888
9912
9963
9920
9865
9922
9903
9959
9842
9820
9908
9777
9905
9932
9857
9878
9854
9930
9988
9989
9875
9800
9988
9993
9744
9960
9943
9953
9823
9912
9926
9880
9937
9936
9908
9914
9927
9844
9912
9935
9842
9867
9874
9800
9944
9873
9934
9998
9933
9966
9909
9849
9896
9975
9893
9962
9898
9914
9938
9956
9961
9805
9910
9834
9987
9925
9811
9901
9931
9841
9860
9956
9939
9890
9922
9961
9775
9881
9975
9845
9910
9976
9806
9931
9846
9843
9948
9959
9867
9868
9905
9886
9928
9942
9973
9793
9945
9948
9899
9999
9954
9793
9831
9935
9921
9946
9881
9936
9897
9879
9886
9874
9909
9862
9905
9819
9845
9956
9932
9835
9972
9964
9872
9897
9963
9949
9892
9978
9888
9915
9998
9854
9957
9879
9941
9877
9788
9930
9938
9887
9904
9907
9895
9952
9923
9887
9930
9920
9764
10000
9969
9853
9923
9862
9893
9908
9928
9895
9960
9857
9880
9902
9858
9974
9882
9802
9908
9831
9809
9941
9849
9824
9974
9902
9887
9894
9908
9917
9883
9938
9896
9886
9890
9892
9929
9892
9960
9862
9906
9937
9868
9939
9881
9900
9846
9938
9794
9848
9890
9919
9876
9962
9936
9863
9959
9966
9889
9916
9758
9936
9826
9944
9900
9777
9893
9931
9954
9890
9983
9936
9865
9696
9793
9706
9937
9778
9900
9915
9902
9905
9948
9965
9961
9973
9859
9945
9976
9822
9955
9963
9906
9885
9952
9952
9883
9791
9858
9922
9863
9799
9856
9934
9829
9886
9917
9977
9945
9842
9874
9927
9917
9891
9931
9894
9876
9888
9891
9886
9953
9849
9915
9931
9927
9935
9914
9924
9918
9910
9945
9961
9963
9919
9949
9851
9860
9998
9826
9814
9949
9846
9904
9969
9966
9900
9873
9858
9826
9942
9828
9769
9942
9919
9889
9905
9948
9861
9951
9912
9821
9879
9906
9869
9920
9913
9965
9881
9854
9809
9817
9994
9883
9926
9889
9956
9922
9878
9896
9966
9927
9886
9874
9888
9945
9956
9890
9934
9829
9885
9932
9859
9824
9983
9927
9861
9899
9922
9932
9865
9933
9960
9857
9926
9913
9897
9945
9890
9798
9838
9919
9916
9880
9901
9960
9812
9946
9867
9833
9862
9900
9964
9890
9855
9928
9909
9893
9899
9828
9874
9892
9863
9939
9926
9885
9962
9952
9983
9880
9880
9828
9922
9902
9759
9974
9881
9841
9771
9932
9858
9905
9759
9942
9934
9952
9935
9866
9947
9950
9962
9971
9778
9813
9953
9963
9913
9951
9919
9932
9821
9941
9949
9927
9928
9896
9937
9826
9854
9992
9877
9970
9942
9898
9943
9920
9887
9923
9911
9936
9892
9931
9977
9829
9819
9951
9926
9932
9908
9880
9924
9837
9920
9824
9944
9835
9912
9945
9923
9901
9862
9838
9891
9928
9949
9853
9970
9959
9867
9945
9965
9768
9789
9886
9952
9843
9973
9986
9914
9954
9987
9975
9900
9985
9948
9911
9961
9876
9911
9768
9854
9933
9949
9933
9969
9832
9943
9892
9909
9912
9941
9921
9945
9702
9924
9888
9968
9943
9926
9898
9873
9830
9910
9878
9936
9799
9868
9891
9810
9939
9954
9862
9838
9846
9880
9959
9970
9912
9929
9782
9919
9917
9926
9890
9921
9911
9849
9916
9922
9869
9929
9987
9938
9924
9917
9989
9842
9843
9877
9964
9919
9999
9916
9974
9872
9975
9851
9961
9974
9839
9968
9896
9959
9844
9944
9848
9907
9962
9991
9888
9948
9907
9870
9934
9910
9927
9893
9868
9969
9929
9992
9990
9905
9900
9838
9887
9862
9873
9937
9806
9973
9875
9934
9926
9926
9892
9906
9919
9951
9869
9847
9968
9991
9956
9917
9911
9916
9905
9883
9901
9844
9876
9872
9897
9856
9908
9945
9964
9963
9949
9876
9896
9952
9901
9996
9896
9947
9977
9916
9848
9941
9944
9997
9940
9982
9838
9926
9866
9954
9870
9565
9944
9895
9941
9841
9864
9974
9969
9892
9945
9963
9848
9899
9865
9892
9850
9924
9883
9916
9873
9904
9930
9910
9874
9806
9924
9887
9914
9888
9847
9962
9882
9848
9967
9900
9806
9991
9795
9885
9920
9956
9911
9908
9962
9924
9968
9898
9964
9913
9934
9877
9918
9914
9985
9956
9889
9873
9877
9911
9972
9955
9913
9954
9940
9960
9870
9921
9801
9878
9885
9936
9939
9768
9996
9901
9930
9880
9934
9918
9926
9948
9972
9987
9907
9946
9971
9930
9867
9883
9954
9806
9937
9795
9795
9879
9935
9945
9953
9929
9919
9932
9846
9971
9927
9847
9935
9867
9935
9867
9976
9780
9852
9929
9834
9953
9797
9974
9948
9819
9958
9928
9886
9872
9868
9976
9913
9773
9829
9939
9933
9893
9790
9948
9934
9873
9879
9937
9932
9789
9881
9915
9759
9886
9940
9949
9855
9901
9942
9968
9872
9932
9879
9912
9870
9945
9929
9885
9788
9926
9902
9946
9830
9915
9850
9845
9964
9964
9851
9933
9857
9895
9812
9958
9900
9849
9867
9855
9917
9998
9994
9847
9905
9907
9923
9977
9905
9795
9965
9997
9896
9939
9998
9934
9957
9976
9766
9931
9949
9902
9849
9890
9973
9917
9898
9856
9867
9931
9898
9957
9948
9919
9964
9908
9865
9857
9952
9918
9854
9874
9935
9904
9954
9998
9959
9764
9851
9941
9848
9893
9910
9764
9898
9941
9906
9808
9844
9915
9957
9902
9805
9906
9865
9882
9835
9769
9863
9966
9974
9815
9961
9896
9983
9875
9941
9815
9901
9994
9843
9892
9887
9909
9974
9844
9930
9865
10000
9891
9881
9861
9974
9991
9908
9928
