9959
9755
9954
9885
9984
9850
10000
10000
9933
9999
9811
10000
9997
9948
9928
9855
9910
9851
9917
9861
9948
9987
10000
10000
9909
9864
9965
9872
9877
9939
9962
9854
9922
9923
9905
9816
10000
9991
9880
9943
9809
9965
9995
9877
9997
9893
9923
9981
9708
9915
9991
9844
9998
9923
9790
9872
9845
9999
9962
10000
9889
9852
9933
9988
9984
9936
9966
9912
9849
9882
9999
9804
9981
9866
9990
9848
9890
10000
9941
9997
9917
9934
9974
9902
10000
9937
9936
9912
9969
9938
9755
9843
9977
9965
9999
9813
9931
9945
9978
9847
9998
9891
9988
10000
9842
9994
9997
9999
9904
9909
9885
9908
9975
9939
9914
9845
9882
9961
9835
9897
9935
9992
9947
9994
9903
9999
9958
9865
9999
9986
9861
10000
9857
9993
9939
9879
9994
9909
9966
9947
9997
9945
9829
9981
9975
9987
9906
9944
9990
9978
9883
9907
9998
9922
9703
9955
10000
9849
9983
9893
9943
9893
9941
9988
9974
9957
9990
9940
9922
9961
9994
9949
9916
9819
9965
9859
9948
10000
9817
9991
9912
9993
9998
9982
10000
9994
9895
9959
9978
9999
9922
9910
9882
9909
9952
9843
9993
9896
9918
9954
9786
9894
9935
9928
9916
9996
9970
9857
9987
9909
9877
9997
9904
9975
9844
9906
9836
9882
9883
9901
9877
9855
9931
9937
9922
9916
9851
9943
9780
9935
9910
9933
9876
9997
9986
9989
9998
9968
9983
9989
9974
9947
9864
9862
9915
9995
9973
9860
9950
9936
9829
9903
9953
9872
9978
9964
9901
9959
9999
9992
9971
9905
9922
9958
9987
10000
10000
9880
9894
9911
10000
9903
9887
9863
9958
9940
9796
9846
9836
9913
9985
9968
9856
9931
9981
9995
9997
9897
9783
9951
9994
10000
10000
9945
9910
10000
9961
9978
9920
9920
9832
9918
9995
9765
9910
9996
9925
9992
9958
9957
9999
9999
9946
9927
9999
9922
9948
9999
9977
10000
9945
9923
9817
9930
9878
9938
9911
9968
9888
9891
9853
9936
9971
9847
10000
9924
9851
9958
9966
9999
9928
9857
9999
9866
9998
9958
9999
9973
9852
9874
9869
10000
9881
9908
9920
9877
9801
9986
9926
9944
9964
9996
9952
9847
9800
9840
9976
9991
9962
9930
9901
9979
9989
9998
9972
9988
9986
9948
9906
9872
9951
9934
10000
9922
9932
9827
9902
9892
9955
9961
9885
9965
9881
9732
9979
9903
10000
9827
9951
9877
9919
9983
9937
9898
9923
9826
9939
9993
9882
9894
9928
9974
9944
9961
9809
9982
9911
9933
9924
10000
9962
9946
9985
9936
9900
9980
9857
9828
10000
9905
9953
9981
9778
9842
9963
9922
9986
9999
9820
9935
9885
9966
9905
9908
9895
9971
9917
10000
9847
9929
9849
9881
9984
9977
9878
10000
9999
9945
9948
9965
9808
10000
9981
9967
9897
9788
9988
9886
9853
9805
9943
9890
9863
9866
10000
9919
9901
9980
9854
9985
9984
9873
9863
9967
9994
9984
9973
9903
9893
9987
9905
9988
9981
9913
9951
9901
9962
9920
9779
9879
9991
9932
9994
9856
9905
9866
10000
10000
9935
9871
9920
9932
9915
9985
9927
9944
9962
9915
9934
9828
9908
9949
10000
9870
10000
10000
9963
9850
9880
9938
10000
9881
9994
10000
9981
9905
9900
9934
9908
9997
9926
9949
9809
9998
9935
9880
9997
9766
9892
9825
10000
9999
9900
9912
9814
9810
9864
10000
9990
9856
9938
9960
9915
9883
9917
9894
9890
9963
9896
9842
9889
9999
9901
9997
10000
9879
9978
9965
9759
9975
9918
9989
9919
9841
9929
9933
9992
9984
9966
9812
9765
9908
9909
10000
9802
9969
9917
10000
9819
9993
9746
9947
9994
9934
9860
9871
9889
9781
9999
9968
9847
9974
9925
9787
9927
9974
10000
9948
9963
9992
9862
9837
9784
9964
9856
9842
9920
9902
9970
9897
9939
9854
9995
9968
9807
9986
9975
10000
9990
9893
9927
9928
10000
9983
9902
9933
9884
9896
9971
9956
9935
10000
9905
9957
9813
9964
9788
10000
9936
10000
9997
9931
9848
9910
9911
10000
9918
9979
10000
9918
9880
9913
9942
9932
10000
9932
9963
10000
9983
9919
9917
9884
9982
9890
10000
9997
9867
9787
10000
9967
9832
9887
9983
9920
9692
9929
10000
9999
9952
9918
9919
9965
9905
9889
9893
9960
9991
9896
9864
9895
9954
9921
9898
9940
9979
9999
9910
9998
9887
9883
9998
9808
9959
9948
9773
10000
9927
9945
10000
9942
9928
9954
9895
9892
9997
9889
9858
9991
9991
9913
9895
9828
9853
9957
9817
9814
9942
9906
9993
9994
9796
9723
9874
9992
9999
9958
9778
9881
9872
9807
9941
9943
9929
9892
9966
9960
9966
9893
9980
9993
9906
9996
9920
9971
9738
9961
9881
9951
9998
9848
9905
10000
9973
9955
9932
9932
9909
9997
9923
9958
9702
9865
9911
9988
9993
9994
9890
9923
9981
9997
9888
9964
9886
9948
9966
9966
9999
9969
9936
9990
9912
9857
9999
9888
9879
9999
9991
9990
9849
9999
9869
9999
9958
9965
9931
10000
9986
10000
9920
9993
9967
9990
9974
9802
9801
10000
9957
9936
9968
9940
9965
10000
9965
9971
9901
9934
9945
9940
9870
9987
9871
9858
9847
9998
9874
9861
10000
9929
9934
9930
9869
9808
9890
9963
9909
9980
9986
9999
9936
9872
9957
9996
9990
9996
9904
9899
9952
9974
9935
9853
9997
9919
9911
9939
9881
9999
9978
9894
9869
9996
9978
9865
9901
9896
9913
9937
10000
9954
9897
9926
9949
9967
9981
9804
9915
9842
9911
9788
9877
9944
9936
9960
9966
9999
9992
9923
9796
9950
9779
9928
9960
9846
9887
10000
9896
9879
9968
9997
9925
9746
9886
9931
9915
9940
9997
9948
9851
9736
9932
9988
9983
9846
9878
9830
9826
9957
9991
9961
9988
9946
9849
9954
9858
9948
9963
9922
9978
9965
9865
9859
9945
9924
9920
9968
9919
10000
9944
9942
9987
9989
9872
9980
10000
9995
10000
9922
9968
9970
9906
9876
9897
9879
9999
9996
9919
9834
9965
9892
9910
9913
9935
9844
9897
9982
10000
9999
9973
9911
9725
9900
