9887
9886
9967
9897
9884
9801
9961
9938
9833
9930
9963
9926
9999
9854
9917
9904
9996
9952
9811
9928
9916
9939
9811
9942
9967
9917
9920
9937
9925
9982
9860
9988
9923
10000
9914
9953
9831
9899
9967
9987
9849
9928
9922
9847
9924
9998
9948
9913
9979
9987
9862
9913
9960
9818
9909
9927
9936
9996
9997
9948
9999
9931
9915
9941
9949
9960
9969
9915
9924
9969
9884
9919
9998
9951
9852
9999
9863
9875
9994
9900
9897
9884
9904
9926
9910
9938
9931
9864
9956
9786
9956
9953
9996
9985
9852
9737
10000
9871
9954
9976
9997
9904
9798
9810
10000
9949
10000
9928
9904
9950
9890
9950
9956
9939
9900
9886
9991
10000
9998
9904
9947
9982
9998
9998
9907
9973
9783
9857
9977
9974
9943
9943
9948
9860
9918
9910
9935
9935
9934
9988
9837
10000
9945
9767
9868
9914
9919
9993
9948
9929
9883
9999
9953
9942
9894
9895
9941
9967
9958
9982
9993
9841
9892
9905
9966
9993
9971
9895
10000
10000
9991
9975
10000
10000
9954
9920
9941
9925
9870
9884
9867
9985
9912
9966
9986
10000
9816
9945
9879
9905
9999
10000
10000
10000
9949
9978
9958
9944
9886
9957
9894
9883
9990
9993
9948
10000
9971
10000
9978
9996
9898
9916
9905
9998
9919
9941
9941
9791
10000
9911
9998
9992
10000
9957
9963
9901
9986
9992
10000
9994
9851
9865
9979
9968
9998
10000
9892
9991
9936
9968
9958
9886
9914
9912
10000
9739
9845
9930
9967
10000
9953
9955
9987
9888
9927
9965
9840
9878
9927
9922
9943
9969
9858
9964
9976
9879
9856
9897
9991
9873
9987
9929
10000
9961
9946
9959
9922
9961
9988
9867
9802
9942
9925
9836
9948
9852
9939
9765
9774
9886
9952
9819
9878
9997
9997
9992
9959
9999
9983
9942
9957
9999
10000
10000
9974
9908
10000
9887
9943
9975
9999
9929
9942
10000
9919
9963
9995
9974
9852
9917
9962
9864
9861
9759
9944
9868
9879
9945
9937
9889
9764
9874
9997
9888
9950
9943
9971
9829
9825
9876
9957
9917
9991
9968
9985
10000
9934
10000
9923
9990
9979
10000
9813
9943
9984
9999
9855
9913
9990
9846
9971
9924
10000
9965
9961
9949
9867
10000
9996
9954
9923
10000
9934
10000
9818
9850
9973
9869
10000
9988
10000
9859
9999
9976
9993
9996
9994
9904
9823
9946
9868
9952
9935
9956
9851
9947
9889
9981
10000
9991
9970
9958
9808
10000
9865
9928
9931
9996
9898
9952
9991
9996
9884
10000
9911
9824
9914
9930
9985
9931
9902
9867
9942
9879
10000
9898
9974
9931
9997
9944
9868
9988
9907
10000
9975
9942
10000
9993
9963
10000
9802
9996
9987
9974
9998
9954
9875
9999
9916
9954
9871
9971
9788
9970
9956
9998
9953
9712
9789
9956
9978
9912
9978
9981
10000
9875
9929
10000
9961
9916
9880
10000
10000
9998
9934
9966
9990
9942
10000
9894
9990
9914
9996
9942
9922
9919
9948
9958
9985
10000
9935
9997
9886
10000
9932
9894
9971
9837
9860
9908
9979
9918
9864
9753
10000
9994
9936
9911
9838
9949
9907
9999
9865
10000
9905
9997
9959
9952
9991
9910
9849
9985
9992
9996
9985
9947
9885
9912
9809
9884
9930
10000
9924
9999
9892
9987
9917
9925
10000
9986
9966
9919
9863
9954
9948
9924
9940
9999
9960
9827
9999
9936
9904
9950
9977
9983
10000
9978
9924
9902
9857
10000
9922
9998
9891
9857
9997
9910
9962
9928
9917
9765
9887
9797
9913
9846
9951
9928
9880
9995
9956
9993
9995
9872
9996
9916
9988
9997
9824
9841
9841
9976
9990
9851
9998
9919
9923
9983
9991
10000
9985
9894
9864
9870
9853
9810
9807
9975
9878
10000
9878
9994
9950
9942
9913
9841
9849
9995
9999
9999
10000
9943
9997
9995
9994
9841
9857
9873
9898
9968
9861
9883
9857
9905
9875
9905
9975
10000
9934
9774
9936
10000
9854
9998
9908
9854
9921
9904
9875
9904
9841
9861
9966
9935
9889
9999
9984
9951
9988
9987
9923
9953
9982
9803
9986
9900
9960
9922
9917
9958
9943
9952
9851
9899
9905
9937
9954
10000
9970
9845
9999
9847
9991
9974
10000
9998
9941
9975
9825
10000
9865
9963
10000
9938
9996
9833
9982
9869
9960
9999
9911
9981
9906
9911
9944
9871
9886
10000
9969
9924
9996
10000
9934
9940
9877
9953
9852
9893
9934
9881
9956
9913
9992
9931
9891
9993
9854
9987
9840
9776
9991
9944
9919
9982
9911
9762
10000
9945
9875
10000
9854
9985
9955
9927
9998
9772
9996
9975
9990
9944
9974
9997
9997
9881
9984
9881
9946
9945
9999
9777
9942
10000
9898
10000
9915
9997
9839
9869
9919
9941
9964
9995
9860
9891
9864
9935
9972
9945
9976
9899
9865
9965
9979
9920
9897
9862
9981
9920
9998
9914
9920
9924
9994
10000
9950
9972
9907
9917
9999
9898
9912
9947
9918
9976
10000
9996
9818
9963
9960
9894
10000
9869
9843
9923
9989
9839
9919
9969
9989
9934
9977
9999
9890
9980
9858
9952
9848
9966
9919
10000
9901
9907
9999
9930
9891
9909
9955
9976
9866
9892
9923
9804
9956
10000
9907
9908
9885
9903
9871
9999
9951
9985
10000
9986
9964
9986
9896
9994
9967
9972
9978
9873
9914
9951
9997
9976
9916
9984
9762
9818
9995
9905
9971
10000
9822
9811
9966
9991
9909
9996
9887
9987
9943
9997
9915
9988
9886
9965
9991
9993
9912
9836
9999
9976
9975
9880
9912
9993
9871
9988
9990
9882
9868
9967
9961
9968
10000
9968
9995
9990
9952
9986
9976
9986
9870
9970
9936
9837
9923
9891
9999
9891
9780
9880
9900
9910
9845
9969
10000
9955
10000
10000
9877
9952
9932
9958
9952
9986
9953
9893
9812
9936
9992
9937
9911
9755
9995
10000
9932
9916
9994
9947
9917
9992
9963
10000
9999
9939
9996
9994
10000
9992
9934
9922
9860
10000
9911
9972
9999
9995
9837
9980
9909
9976
10000
9877
9914
9823
9783
9929
9956
9999
10000
9984
9974
9772
9837
9999
9904
9900
9921
9976
9970
9954
9960
9955
9907
9934
9903
10000
