10000
9994
9973
9996
9999
10000
9837
9928
9938
9942
9996
9961
9864
9985
10000
9925
9866
9899
9498
9930
9905
9926
10000
9986
9848
9902
9935
10000
9912
9967
9947
9922
9858
9758
9832
9799
9973
9949
9935
9778
9869
9999
9824
9967
9872
9896
9996
9999
9981
9978
9885
9881
9849
9996
9850
10000
9866
9941
9881
9845
9995
9985
9934
9945
9961
9877
9983
9836
9912
9980
9867
9968
9995
9999
9997
9982
9957
9924
9923
9814
9889
9998
9965
9929
9960
9986
9995
9851
10000
9945
9970
9853
9897
9775
9795
9833
9908
10000
10000
9912
9961
9979
9968
9912
9939
9819
9897
9959
9946
9955
10000
9985
9999
9938
9632
9952
9922
9944
9935
9882
9946
9845
9942
9966
9940
9992
9910
9901
9987
9768
9983
9928
9966
9938
9858
9998
9952
9902
9927
9973
9953
9919
9864
9999
9806
9969
9935
9999
9933
9863
9882
9894
9929
9956
9803
9867
9964
9911
9899
9930
9885
9922
9871
9849
9985
9841
9876
9756
9916
9936
9967
9996
9988
9998
9914
9991
9913
9997
9747
9891
9883
9871
9914
9934
9983
9841
9891
9876
9910
9957
9934
10000
9911
10000
9899
9973
9977
9921
9808
9919
10000
9966
9948
9973
9867
9997
9957
9970
9888
9866
9876
9986
9997
9918
9999
9966
9995
9884
9946
9960
9940
9879
9905
9847
9898
9914
9918
9865
9977
9758
9941
9879
9888
9920
9906
9960
9997
9882
9915
9989
9947
10000
9962
9898
9910
9961
9944
9982
9895
9870
9923
9985
9881
9895
9882
9906
9996
10000
9926
9961
9931
9853
9951
9937
9938
9911
9953
10000
9844
9995
9954
9881
9888
9844
9840
9918
9819
10000
9968
9997
10000
9766
9794
9979
9957
9937
9912
9945
9909
9994
9912
9962
9896
9992
9795
9931
9988
9938
9838
9893
9983
9937
9928
9902
9973
10000
9962
9876
9978
10000
9888
9884
10000
9806
9837
9961
9846
10000
9982
9972
10000
9996
9952
9881
9848
9980
9966
9896
9906
9908
9977
9988
9778
9975
9880
9877
9942
9951
9990
9901
9917
9992
9991
10000
10000
9904
9963
9911
9985
9952
10000
9932
9920
9935
9904
9972
9904
9996
9958
9941
9993
9739
9952
9934
10000
9978
9851
9976
9933
9978
9865
9917
9889
9934
9811
9780
9839
9916
9877
9866
9999
9887
9979
9816
9997
9984
9900
9896
9889
9974
9842
9991
9978
9999
9823
9838
9911
9933
9929
9932
9925
9925
9999
9863
9886
9831
9929
9872
9907
9963
9849
9923
9979
9945
9997
9977
9955
9976
9944
9951
9802
9897
9917
9999
9965
9896
9874
9793
9912
9974
10000
9989
9741
9876
9996
9887
9998
9950
9899
9907
9998
9918
9958
9974
9858
9968
9915
9953
9956
9875
9952
9912
9921
9860
9994
9908
9780
9958
9910
9822
9971
9981
9956
9978
9831
9855
9880
9886
9931
9946
9968
9899
10000
9848
9988
9933
9908
9930
10000
9827
9911
9961
9867
9966
9977
9961
9994
9934
9930
9942
9978
9944
10000
9962
9801
9961
9882
9805
9948
9934
9997
9951
9897
9984
9951
9894
9858
9927
9890
9924
9941
9833
9979
9836
9934
9971
9807
9891
9839
9896
9941
9892
9999
9878
9752
9825
9962
9956
9927
9995
9965
9877
9985
9811
9870
9906
9820
9930
9881
9998
9898
9991
9974
9889
9941
9916
10000
9997
9953
9886
9977
9920
9905
10000
9832
9866
10000
9914
9867
9987
9856
9890
9890
9941
9963
9965
9914
9958
9877
9973
9971
9998
9986
9994
9998
9910
9992
9949
9809
9965
9798
9972
9837
9941
9849
9988
9919
9932
9938
9973
9745
9814
9982
9904
9939
9987
9984
9853
9859
9991
9844
9962
9921
10000
9876
9905
9999
9973
9848
9877
9995
9805
9974
9923
9980
9915
9870
9857
9884
9969
9966
9903
9916
9967
9995
9885
9802
9940
9833
9871
9950
9815
9999
9843
9916
9951
9975
9965
9948
9980
9991
9942
9909
9901
9999
9869
9905
9947
9727
9999
9956
10000
9975
9975
9946
9981
9981
9997
9930
9898
9952
9880
9974
9925
9991
9850
9836
9905
9838
9950
9921
9882
9984
9938
9883
9880
9836
9985
9870
9844
10000
9973
9949
9895
9971
9819
9868
9998
9897
9901
9892
9985
9895
9944
9746
9997
9942
9983
9998
9920
9914
10000
9907
9943
9845
9819
10000
9803
9934
9915
9903
9916
9997
9872
10000
9895
9982
9964
9930
9951
9948
9880
9880
9873
9872
9900
9860
9931
10000
9957
9948
10000
9897
9953
9985
9968
9970
9962
9902
9913
9630
10000
9787
9944
9953
9839
10000
9910
10000
9914
9914
10000
9957
10000
9974
9784
9911
9900
9832
9905
9986
9984
9944
9999
9961
9955
9916
9948
9978
9848
9955
9851
9969
9986
9902
9947
9917
9970
9920
9931
9968
9960
9913
9859
9937
9963
9797
9960
9815
9934
10000
9881
9927
9963
9993
9994
9850
9990
9962
9953
9999
9961
9948
9742
9968
9857
9907
9863
9712
9879
9924
9997
10000
9852
9987
9917
9989
9901
9958
9921
9995
9957
9900
9988
9886
9889
9942
9778
9939
9974
9972
9998
9964
9833
9863
9909
9888
9932
9974
9992
10000
9907
9934
9923
9888
9943
9959
9960
9977
9965
9955
9950
9878
9871
9874
9934
9942
9919
9973
9970
9909
9922
9821
9996
10000
9918
10000
9987
9969
9995
9937
9885
9811
9998
9882
9875
9964
9935
9882
9820
9937
9994
9920
9989
9924
9883
9993
9944
10000
10000
9959
9942
9847
9947
9989
9866
10000
9935
9988
9995
9910
9805
9995
9959
9801
9947
9902
9983
9956
9984
9919
9994
10000
9919
9867
9888
9858
9972
10000
9935
9997
9977
9990
9901
9931
9998
9948
9829
9878
10000
9976
9933
9823
9876
9915
9957
9979
9930
9947
9998
9964
9841
9891
9970
9998
10000
9980
9936
9892
9864
9969
9948
9936
9937
9944
9918
9989
9819
9992
9961
9846
9872
9930
9913
9833
9919
9889
9894
9895
10000
9999
9894
9936
9998
9971
9913
9929
9973
9829
9964
9995
9959
9923
9997
9780
9988
9956
9883
9985
9973
9963
9965
9842
9958
9913
9995
9835
9905
9997
9934
