9924
9889
9936
9935
9927
9770
9941
9935
9931
9944
9812
9961
9986
9881
9939
9906
9843
9959
9914
9925
9832
9921
9911
9888
9982
9855
9875
9886
9993
9924
9932
9907
9924
9854
9764
9993
9976
9954
9842
9839
9979
9976
9854
9808
9901
9818
9883
9903
9841
9914
9854
9883
9917
9924
9922
9871
9902
9892
9949
9935
9857
9887
9967
9934
9876
9920
9953
9987
9959
9932
9998
9963
9923
9888
9770
9866
9937
9912
9956
9809
9938
9949
9941
9860
9866
9860
9965
10000
9936
9937
9931
9812
9832
9894
9743
9866
9946
9911
9868
9949
9925
9901
9912
9767
9908
9928
9891
9962
9961
9938
9918
10000
9931
9938
9934
9870
9976
9898
9869
9904
9954
9740
9901
9775
9928
9936
9914
9912
9876
9882
9934
9830
9855
9957
9813
9801
9959
9845
9897
9855
9905
9921
9894
9897
9919
9912
9877
9876
9874
9988
9913
9951
9955
9935
9774
9912
9979
9989
9916
9797
9957
9820
9889
9929
9860
9937
9849
9814
9885
9857
9787
9940
9958
9905
9909
9928
9886
9911
9921
9963
9866
9881
9774
9871
9742
9951
9901
9883
9862
9953
9936
9961
9842
9902
9937
9805
9909
9845
9929
9902
9895
9949
9983
9989
9818
9849
9879
9949
9945
9859
9937
9977
9970
9965
9965
9904
9892
9916
9908
9946
9986
9874
9910
9968
9911
9887
9952
9856
9933
9875
9760
9959
9894
9954
9842
9835
9908
9981
9950
9993
9903
9926
9930
9903
9927
9864
9923
9881
9945
9943
9819
9906
9929
9990
9944
9886
9983
9874
9764
9975
9864
9765
9851
10000
9924
9826
9890
9931
9829
9891
9922
9932
9926
9935
9988
9877
9902
9817
9975
9824
9743
9736
9922
9903
9898
9912
9942
9973
9894
9874
9950
9929
9918
9880
9964
9866
9923
9862
9872
9954
9889
9931
9891
9915
9928
9930
9996
9853
9973
9917
9953
9928
9851
9936
9911
9864
9897
9926
9900
9884
9949
9937
9837
9915
9928
9896
9939
9924
9941
9710
9939
9939
9928
9941
9878
9936
9997
9901
9865
9924
9828
9945
9794
9884
9947
9966
9894
9943
9882
9965
9929
9954
9905
9875
9881
9998
9820
9906
9963
9841
9965
9975
9958
9931
9801
9949
9848
9946
9928
9878
9966
9932
9907
9934
9883
9908
9967
9920
9844
9834
9820
9831
9924
9846
9923
9958
9849
9913
9941
9953
9825
9828
9998
9797
9832
9999
9823
9797
9954
9903
9827
9847
9896
9833
9982
9968
9923
9970
9911
9883
9821
9855
9886
9887
9860
9954
9887
9969
9928
9812
9864
9805
9803
9870
9931
9960
9896
9952
9878
9920
9926
9973
9822
9861
9997
9934
9877
9888
9957
9933
9785
9917
9929
9864
9918
9870
9773
9819
9959
9896
9928
9864
9911
9940
9941
9997
9867
9906
9860
9929
9921
9912
9963
9989
9907
9779
9917
9921
9875
9950
9889
9924
9934
9906
9822
9776
9894
9834
9943
9903
9986
9871
9932
9887
9903
9955
9991
9856
9862
9893
9770
9926
9943
9934
9822
9890
9896
9872
9795
9997
9841
9753
9940
9959
9931
9881
9827
9926
9908
9945
9886
9916
9958
9957
9942
9860
9996
9884
9908
9900
9990
9794
9883
9799
9842
9965
9893
9947
9937
9920
9895
9809
9924
9864
9905
9891
9853
9983
9978
9936
9926
9910
9949
9956
9930
9915
9824
9931
9869
9930
9919
9917
9931
9967
9982
9947
9950
9897
9914
9937
9900
9817
9871
9933
9839
9955
9877
9907
9929
9925
9960
9837
9878
9928
9917
9961
9758
9923
9970
9945
9795
9968
9902
9931
9793
9967
9707
9919
9885
9965
9812
9979
9910
9861
9955
9904
9886
9858
9946
9922
9932
9873
9810
9983
9788
9882
9947
9982
9953
9907
9948
9897
9769
9908
9860
9879
9955
9927
9852
9858
9866
9895
9931
9945
9885
9951
9799
9938
9931
9926
9905
9967
9925
9943
9920
9976
9774
9964
9858
9956
9922
9856
9936
9864
9958
9851
9862
9939
9879
9996
9824
9859
9886
9940
9913
9901
9834
9803
9944
9883
9877
9949
9805
9932
9887
9976
9967
9962
9906
9937
9894
9834
9898
9972
9939
9885
9900
9975
9894
9973
9878
9790
9919
9913
9894
9909
9885
9908
9846
9848
9966
9930
9943
9848
9922
9962
9929
9806
9941
9902
9970
9909
9983
9885
9925
9898
9806
9949
9854
9772
9910
9853
9867
9941
9975
9940
9955
9783
9845
9909
9929
9843
9880
9898
9962
9847
9921
9916
9949
9994
9932
9930
9816
9917
9986
9920
9890
9936
9848
9937
9915
9884
9839
9936
9876
9960
9878
9874
9876
9936
9931
9899
9938
9970
9935
9905
9978
9895
9815
9920
9931
9904
9954
9935
9863
9874
9866
9820
9869
9862
9924
9947
9895
9908
9848
9853
9863
9945
9720
9932
9936
9861
9900
9915
9895
9890
9954
9968
9852
9908
9917
9937
9895
9884
9836
9886
9881
9930
9864
9900
9871
9918
9832
9914
9970
9989
9979
9858
9861
9996
9950
9912
9949
9866
9956
9921
9956
9829
9977
9905
9912
9896
9884
9903
9956
9897
9909
9859
9953
9826
9902
9955
9975
9756
9884
9957
9769
9942
9961
9933
9819
9928
9952
9935
9944
9906
9889
9909
9933
9961
9952
9949
9919
9930
9787
9953
9814
9837
9898
9979
9996
9918
9953
9878
9895
9783
9875
9944
9914
9825
9908
9855
9910
9848
9947
9914
9975
9973
9934
9892
9934
9951
9939
9903
9865
9759
9976
9955
9872
9905
9874
9953
9976
9877
9846
9918
9982
9958
9811
9874
9978
9927
9909
9981
9952
9914
9979
9880
9928
9868
9918
9838
9815
9908
9799
9892
9905
9882
9858
9991
9873
9946
9929
9931
9866
9913
9970
9933
9941
9859
9895
9910
9852
9847
9886
9883
9858
9833
9914
9847
9915
9894
9870
9927
9864
9924
9930
9913
9962
9876
9897
9973
9917
9844
9911
9816
9842
9916
9897
9740
9925
9935
9869
9912
9943
9890
9979
9981
10000
9947
9849
9870
9912
9854
9889
9809
9909
9954
9761
9999
9891
9835
9939
9955
9836
9889
9961
9916
9880
9970
9858
9912
9875
9871
9889
9919
9996
9921
9891
9958
