9924
9824
9897
9902
9951
9851
10000
9933
9917
9956
9828
9945
9898
9930
9929
9967
9926
9963
9948
9888
9996
9790
9918
9818
9901
9931
9931
9895
9860
9718
9956
9912
9856
9601
9931
9999
9941
9876
9884
9852
9990
9917
9810
9855
9970
9873
9956
9872
9953
9934
9927
9980
9991
10000
9953
9948
9964
9993
9982
9960
9997
9839
9941
9823
9967
9958
9882
9893
9888
9969
9899
9914
9892
9918
9902
9909
9944
9979
9843
9896
9824
9879
10000
9871
9914
9922
9804
9968
9820
9883
9939
9695
10000
9926
9951
9864
9803
9888
9909
9965
9932
9865
9940
9866
9979
9956
9866
9923
9935
9978
9929
9882
9931
9935
9939
9965
9892
10000
9849
9980
9862
9933
9858
9841
9892
9775
9777
9896
9946
9834
9797
9925
9884
9813
9851
9964
9920
9959
9924
9927
9940
9868
9904
9924
9928
9985
9908
9929
9950
9926
9880
9871
9815
9940
9767
9889
9884
9953
9940
9825
9935
9796
9959
9867
10000
9849
9944
9875
9947
9841
9960
9898
9920
9881
9996
9911
9843
9904
9978
9908
9967
9962
9810
9956
9870
9902
9949
9887
9901
9886
9980
9941
9916
9927
9919
9864
9909
9842
9821
9885
9984
9895
9964
9926
9889
9943
9930
9958
9843
9884
9946
9925
9806
9861
9974
9898
9923
9944
9773
9901
9873
9863
9900
9910
9924
9927
9991
9904
9990
9995
9948
9973
9926
9968
9884
9939
9996
9952
9827
9968
9944
9875
9995
9935
9761
9901
9920
9882
9833
9907
9830
9986
9977
9790
9948
9965
9917
9954
9863
9951
9938
9850
9889
9961
9879
9983
9924
9913
9857
9834
9924
9955
9985
9885
9962
9874
9949
9926
9842
9892
9896
9939
9905
9819
9936
9951
9982
9921
9916
9921
9855
9873
9909
9898
9832
9909
9811
9934
9904
9933
9897
9943
9956
9915
9851
9958
9887
9827
9874
9953
9862
9946
9961
9923
9884
9919
9844
9941
9851
9870
9975
9872
9980
9931
9974
9998
9983
9957
9928
9943
9922
9899
9998
9959
9867
9935
9897
9887
9990
9856
9927
9935
9829
9945
9950
9912
9899
9900
9996
9875
9877
9752
9938
9921
9998
9954
9830
9798
9814
9961
9867
9931
9909
9971
9868
9802
9945
9920
9921
9940
9927
9919
9932
9950
9928
9878
9821
9974
9780
9891
9965
9951
9896
9938
9949
9891
9937
9883
9940
9889
9905
9936
9882
9880
9904
9949
9889
9919
9942
9865
9851
9933
9853
9892
9922
9883
9909
9928
9880
9870
9843
9754
9900
9908
9928
9963
9930
9953
9928
9847
9978
9761
9913
9959
9971
9923
9934
9740
9890
9958
9979
9960
9893
9923
9863
9943
9950
9846
9899
9891
9969
9852
9913
9834
9897
9835
9844
9921
9887
9887
9961
9916
9957
9886
9940
9919
9808
9957
9896
9937
9959
9954
9945
9903
9912
9858
9934
9883
9876
9818
9808
9947
9885
10000
9937
9886
9917
9882
9910
9994
9889
9961
9919
9940
9946
9791
9874
9976
9824
9901
9905
9872
9864
9893
9940
9970
9896
9871
9957
9896
9985
9921
9882
9907
9919
9715
9882
9862
9903
9801
9950
9940
9960
9819
9905
9972
9879
9913
9980
9910
9642
9879
9927
9962
9911
9902
9766
9880
9869
9950
9860
9915
9843
9898
9903
9922
9914
9869
9967
9933
9939
9923
9904
9870
9954
9946
9829
9877
9942
9898
9938
9903
9894
9898
9960
9925
9892
9935
9923
9947
9929
9846
9945
9848
9908
9934
9872
9911
9933
9896
9900
9921
9877
9878
9908
9878
9985
9930
9995
9898
9873
9816
9995
9870
9902
9908
9940
9877
9896
9873
9933
9904
9914
9894
9965
9943
9925
9857
9945
9861
9885
9880
9944
9893
9924
9898
9914
9956
9878
9867
9941
9863
9819
9958
9913
9977
9869
9955
9924
9921
9858
9913
9935
9945
9941
9856
9820
9880
9945
9874
9808
9948
9999
9962
9931
9833
9890
9858
9974
9889
9878
9864
9929
9898
9901
9883
9865
9839
9909
9979
9929
9986
9937
9833
9978
9922
9891
9892
9943
9979
9874
9974
9860
9873
9966
9853
9910
9903
9788
9984
9836
9884
9939
9908
9888
9815
9848
9825
9855
9725
9897
9937
9894
9982
9916
9912
9848
9787
9989
9888
9933
9912
9886
9909
9927
9788
9914
9783
9864
9763
9840
9867
9796
9889
9925
9864
9940
9907
9898
9971
9926
9875
10000
9817
9927
9913
9959
9849
9941
9924
9940
9972
9921
9911
9945
9801
9984
9880
9917
9994
9929
9873
9925
9849
9925
9854
9907
9927
9872
9910
9829
9929
9889
9957
9848
9974
9780
9904
9893
9909
9902
9898
9873
9961
9870
9873
9894
9841
9909
9934
9872
9868
9978
9989
9895
9820
9932
9726
9948
9861
9908
9959
9932
9898
9883
9954
9840
9812
9932
9752
9882
9892
9832
9859
9946
9916
9955
9824
9815
9907
9964
9898
9954
9908
9896
9938
9886
9880
9829
9945
9948
9962
9975
9978
9903
9964
9873
9903
9885
9876
9931
9945
9958
9896
9946
9846
9842
9927
9963
9829
9925
9989
9885
9980
9969
9844
9889
9915
9895
9895
9870
9896
9978
9892
9904
9999
9942
9915
9949
9828
9954
9947
9913
9950
9806
9692
9971
9938
9886
9899
9909
9905
9967
9974
9930
9857
9897
9940
9754
9855
9943
9990
9868
9932
9919
9833
9757
9891
9934
9928
9918
9925
9762
9910
9911
9894
9985
9847
9860
9996
9869
9952
9932
9781
9899
9968
9826
9876
9864
9851
9889
9907
9938
9899
9771
9876
9900
9922
9885
9931
9957
9943
9942
9887
9726
9957
9959
9811
9833
9887
9914
9940
9827
9860
9970
9949
9804
9890
9971
9929
9967
9943
9945
9913
9896
9957
9899
9876
9884
9862
9880
9938
9922
9952
9942
9839
9998
9964
9961
9952
9962
9943
9956
9937
9957
9921
9958
9855
9912
9809
9912
9929
9869
9866
9976
9832
9936
9790
9946
9870
9972
9922
9862
9926
9891
9897
9917
9934
9884
9827
9838
9848
9883
9941
9901
9960
9865
9875
9993
9922
9832
9920
9808
9891
9822
9926
9869
9905
9899
9884
9892
9833
9944
9942
9775
9956
9907
9965
9960
9940
