9954
9870
9983
9922
9908
9856
9939
9803
9950
9950
9829
9869
9997
9847
9908
9987
9931
9900
9987
9952
9897
9932
9815
9835
9998
9896
9854
9946
9939
9914
9938
9910
9912
9839
9914
9948
9954
9943
9992
9967
9929
9904
9922
9710
9949
9891
9889
9952
9792
9953
9926
9841
9868
9902
9885
9938
9983
9964
9809
9873
9963
9935
9914
9931
9829
9695
9914
9947
9890
9905
9853
9943
9925
9918
9921
9865
9858
9970
9916
9949
9832
9888
9877
9997
9942
9877
9983
9847
9936
9847
9821
9963
9929
9916
9894
9834
9960
9824
9689
9953
9964
9994
9936
9856
9868
9876
9948
9822
9900
9866
9975
9779
9767
9776
9890
9944
9939
9888
9894
9892
9927
9897
9911
9853
9707
9903
9913
9916
9837
9881
9957
9941
9783
9932
9996
9921
9874
9913
9856
9883
9864
9966
9964
9911
9930
9940
9898
9858
9905
9952
9890
9823
9928
9886
9894
9920
9870
9857
9966
9859
9855
9796
9891
9892
9935
9861
9905
9846
9951
9863
9931
9960
9939
9910
9860
9975
9922
9856
9929
9910
9942
9848
9988
9921
9867
9908
9889
9912
9807
9969
9883
9966
9939
9857
9967
9933
9971
9954
9990
9916
9919
9921
9888
9911
9927
9923
9971
9956
9897
9956
9881
9905
9886
9889
9970
9936
9835
9920
9972
9789
9814
9950
9904
9979
9802
9877
9851
9974
9950
9954
9864
9932
9922
9913
9907
9812
9937
9886
9917
9859
9929
9873
9940
9929
9861
9887
9882
9929
9906
9899
9915
9836
9884
9963
9944
9923
9878
9977
9916
9877
9835
9894
9858
9912
9913
9832
9846
9973
9874
9920
9873
9907
9894
9853
9993
9977
9969
9929
9957
9844
9969
9938
9762
9941
9934
9737
9953
9838
9863
9919
9917
9910
9975
9867
9863
9958
9950
9828
9932
9961
9974
9953
9940
9934
9828
9963
9918
9904
9801
9852
9806
9914
9932
9947
9895
9833
9989
9995
9967
9919
9899
9832
9837
9838
9945
9855
9846
9851
9915
9965
9952
9930
9941
9857
9903
9992
9951
9967
9868
9891
9928
9932
9871
9934
9872
9979
9696
9931
9954
9894
9894
9883
9921
9907
9889
9869
9805
9898
9947
9923
9900
9918
9943
9923
9927
9917
9944
9972
9951
9995
9956
9880
9911
9949
9961
9870
9991
9917
9998
9921
9883
9896
9926
9829
9946
9869
9910
9948
9769
9971
9980
9956
9943
9914
9953
9992
9947
9828
9864
9865
9878
9955
9836
9872
9890
9924
9791
9734
9911
9933
9910
9934
9922
9723
9881
9966
9820
9927
9956
9939
9937
9952
9890
9964
9987
9939
9854
9895
9915
9912
9875
9926
9921
9917
9894
9909
9910
9945
9910
9911
9944
9939
9953
9969
9896
9858
9934
9953
9958
9953
9843
9840
9885
9934
9890
9945
9917
9929
9967
9849
9972
9989
9896
9866
9945
9925
9967
9974
9845
9990
9902
9924
9763
9901
9977
9937
9895
9926
9991
9930
9820
9892
9993
9826
9925
9879
9826
9931
9861
9806
9843
9927
9943
9997
9922
9925
9974
9955
9914
9876
9904
9905
9862
9917
9902
9847
9957
9834
9744
9980
9902
9916
9973
9746
9880
9935
9790
9756
9959
9938
9960
9917
9845
9907
9971
9951
9919
9926
9916
9950
9819
9954
9852
9949
9844
9913
9929
9852
9951
9952
9939
9961
9995
9961
9877
9920
9876
9873
9843
9930
9871
9898
9924
9870
9804
9784
9941
9920
9890
9913
9970
9842
9912
9932
10000
9937
9916
9928
9911
9954
9952
9923
9909
9971
9934
9778
9934
9927
9963
9790
9948
9924
9786
9954
9913
9966
9834
9871
9902
9869
9924
9843
9887
9949
9899
9937
9942
9856
9823
9930
9883
9789
9813
9996
9900
9884
9935
9895
9922
9912
9895
9864
9864
9714
9944
9828
9878
9894
9923
9902
9956
9777
9917
9827
9956
9839
9956
9942
9755
9910
9959
9929
9817
9927
9916
9905
9933
9918
9927
9752
9908
9976
9939
10000
9982
9924
9888
9767
9964
9915
9744
9864
9845
9900
9989
9907
9836
9948
9952
9900
9874
9893
9907
9936
9973
9978
9906
9903
9911
9959
9942
9900
9927
9847
9932
9939
9916
9960
9855
9933
9821
9993
9905
9892
9941
9959
9922
9949
9944
9858
9862
9842
9902
9991
9851
9835
9967
9950
9945
9841
9853
9936
9949
9924
9804
9946
9847
9815
9956
9876
9831
9929
9957
9913
9933
9921
9891
9940
9877
9898
9779
9883
9895
9943
9910
9828
9993
9927
9942
9953
9827
9948
9900
9809
9991
9986
9951
9818
9947
9849
9861
9925
9936
9973
9888
9931
9955
9866
9857
9928
9930
9872
9908
9921
9934
9961
9948
9923
9952
9942
9860
9876
9888
9936
9875
9876
9931
9964
9883
9922
9926
9982
9951
9873
9862
9972
9900
9886
9960
9977
9892
9941
9914
9997
9872
9847
9950
9877
9951
9893
9859
9986
9911
9890
9924
9901
9830
9942
9876
9937
9938
9963
9905
9889
9861
9911
9931
9921
9923
9883
9929
9938
9934
9895
9927
9920
9937
9853
9904
9945
9940
9940
9945
9976
9950
9961
9907
9863
9927
9726
9891
9985
9923
9928
9862
9854
9975
9904
9934
9846
9788
9908
9875
9902
9904
9901
9920
9886
9925
9871
9818
9949
9888
9927
9960
9923
9940
9911
9984
9863
9868
9966
9927
9939
9711
9914
9947
9936
9849
9990
9969
9952
9917
9895
9908
9972
9965
9905
9885
9810
9786
9905
9977
9883
9826
9907
9992
9902
9847
9896
9979
9888
9906
9921
9934
9898
9928
9825
9921
9776
9912
9853
9801
9944
9936
9947
9884
9945
9958
9943
9880
9812
9952
9937
9947
9939
9937
9932
9938
9861
9891
9907
9884
9920
9892
9935
9865
9917
9934
9790
9904
9988
9930
9991
9890
9992
9900
9932
9985
9791
9817
9940
9862
9962
9852
9866
9876
9878
9955
9880
9917
9783
9944
9902
9927
9919
9824
9860
9932
9929
9880
9897
9988
9929
9921
9897
9930
9921
9795
9937
9874
9852
9929
9808
9930
9958
9907
9925
9790
9916
9833
9806
9929
9988
9887
9886
9934
9987
9910
9907
9885
9971
9962
9908
9923
9925
9924
9796
9904
9938
