9902
9966
9866
9780
9884
9904
9804
9936
9794
9860
9836
9921
9892
9880
9875
9917
9927
9994
9888
9921
9921
9908
9858
9855
9946
9904
9895
9937
9893
9976
9891
9895
9993
9837
9865
9937
9928
9951
9947
9811
9956
9925
9851
9951
9973
9909
9923
9945
9924
9940
9815
9970
9745
9931
9937
9944
9904
9900
9909
9822
9884
9890
9912
9942
9897
9852
9852
9860
9843
9936
9816
9820
9908
9801
9868
9890
9881
9968
9807
9884
9889
9923
9930
9915
9965
9875
9950
9832
9909
9961
9874
9919
9914
9909
9997
9966
9896
9836
9892
9912
9929
9935
9959
9835
9969
9937
9910
9944
9864
9923
9975
9861
9827
9932
9876
9921
9952
9897
9949
9920
9904
9909
9946
9857
9842
9927
9920
9882
9976
9889
9874
9972
9896
9918
9922
9918
9889
9789
9795
9905
9949
9888
9934
9957
9935
9945
9967
9898
9934
9908
9886
9916
9926
9926
9872
9885
9881
9900
9896
9919
9777
9906
9954
9879
9913
9923
9863
9923
9891
9875
9928
9941
9935
9896
9885
9934
9923
9897
9941
9923
9963
9963
9852
9899
9930
9943
9986
9933
9859
9938
9891
9941
9884
9844
9864
9972
9832
9976
9877
9867
9891
9881
9967
9960
9865
9897
9831
9815
9913
9777
9943
9831
9858
9792
9906
9888
9793
9872
9904
9902
9947
9942
9977
9915
9946
9928
9931
9881
9789
9980
9974
9888
9822
9950
9788
9921
9952
9951
9871
9964
9879
9926
9939
9808
9888
9905
9901
9935
9963
9827
9874
9745
9791
9833
9938
9968
9918
9950
9822
9929
9911
9894
9920
9979
9901
9842
9919
9847
9884
9943
9857
9811
9950
9922
10000
9970
9953
9910
9842
9900
9790
9863
9942
9915
9909
9942
9820
9878
9871
9904
9892
9940
9935
9909
9920
9889
9900
9899
9849
9853
9934
9877
9936
9972
9934
9878
9903
9836
9909
9924
9852
9938
9949
9974
9979
9868
9944
9908
9940
9896
9863
9932
9877
9888
9943
10000
9955
9953
9956
9905
9945
9955
9982
9992
9848
9863
9946
9793
9856
9901
9941
9904
9975
9942
9947
9880
9714
9863
9817
9942
9934
9930
9895
9931
9945
9923
9884
9886
9826
9865
9925
9936
9920
9791
9957
9877
9870
9922
9997
9996
9822
9958
9820
9961
9887
9960
9904
9790
9933
9867
9967
9836
9914
9894
9919
9923
9896
9965
9889
9843
9857
9967
9888
9841
9928
9950
9922
9897
9890
9976
9928
9899
9886
9998
9940
9897
9903
9977
9861
9934
9981
9877
9903
9962
9904
9942
9842
9878
9861
9916
9883
9960
9950
9990
9989
9899
9907
9897
9967
9966
9957
9940
9950
9869
9939
9945
9965
9923
9862
9924
9939
9977
9959
9965
9958
9941
9910
9818
9930
9953
9874
9964
9901
9776
9938
9868
9926
9921
9940
9904
9995
9986
9888
9814
9914
9943
9948
9944
9942
9935
9894
9927
9936
9927
9938
9966
9928
9828
9873
9799
9903
9998
9857
9896
9850
9964
9921
9926
9862
9920
9950
9914
9834
9871
9856
9911
9896
9942
9940
9929
9966
9933
9951
9955
10000
9845
9945
9944
9951
9877
9853
9875
9860
9827
9959
9834
9863
9946
9941
9925
9942
9955
9987
9977
9945
9907
9770
9907
9879
9819
9911
9935
9902
9955
9855
9888
9803
9911
9899
9894
9867
9903
9923
9949
9908
9988
9780
9885
9976
9843
9917
9882
9898
9924
9915
9892
9840
9960
9945
9916
9970
9892
9948
9859
9900
9992
9831
9948
9915
9869
9923
9982
9978
9803
9969
9908
9918
9816
9910
9945
9936
9876
9996
9951
9995
9923
9850
9945
9916
9875
9946
9857
9976
9880
9927
9830
9702
9876
9884
9896
9880
9878
9854
9887
9921
9922
9874
9900
9991
9845
9983
9852
9914
9912
9944
9943
9885
9801
9806
9884
9924
9887
9931
9867
9909
9989
9875
9890
9961
9969
9870
9888
9898
9874
9925
9921
9936
9781
9818
9901
9974
9894
9824
9883
9933
9850
9874
9938
9984
9788
9974
9924
9900
9946
9781
9913
9896
9852
9891
9925
9886
9869
9948
9815
9865
9870
9889
9903
9902
9860
9879
9985
9858
9886
9879
9949
9913
9932
9701
9872
9951
9850
9923
9914
9949
9936
9883
9928
9981
9854
9809
9846
9949
9740
9940
9925
9961
9936
9763
9918
9879
9765
9932
9926
9928
9884
9893
9916
9944
9960
9949
9816
9826
9942
9892
9905
9942
9920
9915
9892
9955
9956
9819
9913
9898
9808
9857
9777
9856
9927
9751
9904
9855
9913
9883
9937
9883
9925
9911
9989
9858
9995
9849
9917
9902
9924
9960
9967
9902
9923
9869
9791
9872
9901
9954
9874
9851
9933
9894
9924
9905
9821
9923
9861
9951
9999
9798
9902
9854
9898
9813
9944
9784
9913
9862
9907
9885
9910
9924
9910
9949
9907
9917
9966
9907
9914
9866
9920
9925
9875
9992
9932
9922
9942
9799
9961
9986
9931
9939
9949
9937
9962
9948
9963
9847
9951
9956
9911
9948
9974
9957
9910
9903
9960
9882
9866
9829
9908
9858
9922
9822
9890
9906
9882
9941
9793
9946
9934
9931
9911
9883
9944
9973
9928
9915
9812
9926
9927
9863
9834
9941
9964
9983
9938
9930
9975
9857
9930
9702
9909
9886
9724
9891
9949
9753
9910
9942
9829
9864
9878
9950
9943
9928
9940
9792
9929
9884
9828
9962
9986
9945
9826
9932
9920
9683
9809
9900
9824
9921
9962
9848
9951
9805
9959
9967
9884
9820
9873
9877
9906
9919
9923
9934
9899
9842
9935
9995
9882
9835
9889
9681
9931
9849
9914
9923
9936
9920
9792
9968
9917
9906
9948
9936
9842
9971
9841
9924
9873
9887
9894
9945
9990
9931
9996
9854
9865
9924
9837
9916
9946
9887
9782
9939
9910
9922
9818
9975
9963
9936
9965
9854
9928
9989
9947
9863
9966
9998
9988
9898
9843
9824
9946
9887
9929
9980
9915
9916
9963
9887
9810
9931
9925
9888
9862
9940
9881
9830
9929
9856
9911
9930
9814
9899
9890
9889
9898
9943
9943
9855
9866
9938
9969
9896
9940
9987
9861
9962
9838
9906
9769
9926
9928
9791
9908
9948
9892
9931
9860
9900
9919
