9945
10000
10000
9883
10000
10000
9839
9928
9884
10000
10000
9996
9954
9865
9932
10000
10000
10000
9957
10000
9756
9965
9906
10000
9862
9809
9888
10000
9832
9908
9865
10000
9877
9907
10000
10000
9978
9926
10000
9945
10000
10000
10000
10000
9824
9852
10000
9994
9926
10000
9991
9906
10000
9911
9999
9878
10000
10000
9918
10000
9891
9907
9790
10000
10000
9948
9998
9930
10000
10000
9925
10000
10000
10000
10000
10000
10000
9998
9736
10000
10000
9988
9962
10000
9841
9855
10000
10000
10000
10000
10000
10000
10000
9849
9832
10000
9992
10000
9914
10000
9947
9843
9909
10000
10000
10000
9999
9887
9877
9948
9992
10000
9907
10000
9992
10000
9936
9999
10000
9918
9920
9999
9918
9865
9896
9924
9793
10000
9872
9985
9963
9999
9879
9857
9882
10000
10000
9876
10000
10000
9992
10000
9997
9894
10000
9956
9767
9862
9902
9966
9887
10000
9790
9944
9919
10000
10000
10000
9818
9963
10000
10000
10000
10000
9846
10000
10000
10000
10000
9910
10000
9958
9997
10000
10000
10000
9960
9996
9941
9880
9946
10000
10000
10000
10000
9991
10000
9965
9901
10000
10000
10000
9889
10000
9965
9963
9925
9984
9995
10000
9949
9848
10000
9929
10000
10000
10000
10000
10000
9948
9917
9933
9877
10000
10000
10000
9944
10000
9859
9954
10000
9897
10000
9916
9911
9962
10000
10000
9765
9871
9875
9866
9757
10000
9809
10000
10000
9906
10000
10000
10000
9924
9831
10000
9886
10000
9919
10000
10000
9947
10000
9935
10000
10000
9928
10000
10000
9818
9812
9827
10000
10000
10000
9879
9999
10000
10000
9976
9966
9895
10000
10000
9938
9997
9971
10000
9929
10000
10000
10000
9925
9885
9990
10000
9938
10000
10000
10000
9846
10000
9970
10000
9934
9999
9924
9900
9884
10000
10000
10000
10000
9856
9757
10000
10000
9867
9863
9860
9760
9978
10000
10000
10000
9913
9861
9954
10000
10000
10000
10000
10000
9821
9929
9920
10000
9987
10000
9826
10000
9869
9926
10000
9931
9905
10000
10000
10000
10000
10000
10000
9881
9811
10000
9940
9947
9881
9983
10000
10000
9953
10000
9896
10000
10000
9918
10000
9957
9815
9976
9999
10000
9920
10000
10000
10000
9914
10000
9753
9895
10000
10000
9993
9848
9971
9814
9791
9966
10000
9912
9884
10000
10000
10000
10000
9869
10000
9846
10000
9848
9895
10000
9783
10000
10000
10000
9933
10000
10000
10000
10000
10000
9899
9948
9816
10000
9816
9966
9919
10000
9978
9895
9908
9929
9814
9875
10000
9916
9994
9816
9949
9997
9851
9954
10000
10000
10000
10000
10000
10000
9899
9863
9989
9950
10000
9919
10000
9841
9820
9930
10000
9887
9979
9933
9941
10000
9791
9951
9992
9998
10000
9694
10000
10000
10000
9937
9810
10000
9924
9928
10000
9834
9952
10000
10000
9903
9977
9826
9979
10000
10000
10000
10000
10000
10000
9996
9918
9961
9800
9866
10000
10000
10000
9931
9944
10000
9946
9998
9795
9882
10000
10000
10000
10000
10000
10000
10000
9945
9904
10000
9878
10000
9892
10000
9832
10000
9936
10000
9748
9998
9907
10000
10000
10000
9872
9913
9969
9887
10000
10000
9913
9808
9969
10000
9906
10000
10000
10000
9965
9899
9799
10000
9690
9869
10000
9967
10000
10000
9905
10000
10000
9868
9820
10000
9979
9949
9987
9935
9880
10000
9831
9896
9971
9894
9913
10000
9944
9765
9981
10000
9969
9883
10000
9935
9736
9931
9961
9968
9792
10000
10000
10000
10000
10000
9913
10000
10000
9978
9979
9877
10000
9989
10000
9793
9776
9963
9754
10000
10000
9884
10000
10000
9826
10000
9903
10000
9875
9952
9947
9932
9901
9962
9898
9732
10000
10000
9872
10000
9930
9828
9997
9992
9872
10000
10000
10000
9938
9899
10000
10000
9858
10000
9963
9921
9951
9886
9925
10000
10000
9927
9898
9910
9936
10000
9883
10000
10000
9911
10000
9994
9935
10000
9934
9897
9870
10000
10000
10000
9897
10000
9982
9801
10000
10000
9926
10000
9902
10000
10000
10000
10000
10000
10000
9838
10000
9835
10000
10000
9852
9770
9963
9947
9919
9782
10000
9881
9882
10000
9706
9887
9986
9996
10000
10000
10000
10000
9871
9892
10000
9951
10000
10000
9910
9948
10000
9936
10000
10000
9891
10000
10000
9882
9936
10000
9937
10000
10000
10000
9969
10000
10000
10000
9919
9883
10000
9908
9887
10000
10000
9903
10000
9856
9814
10000
9837
10000
9920
10000
9987
10000
9954
9933
9915
10000
9867
9902
10000
10000
10000
9927
9911
10000
10000
10000
9989
9749
10000
9975
9915
9995
10000
9894
10000
9898
9934
10000
9999
10000
9764
9861
10000
10000
10000
10000
10000
10000
9862
9822
10000
9945
9980
9855
10000
9841
9875
9795
10000
10000
10000
9917
9936
10000
10000
10000
10000
10000
10000
10000
9921
10000
9828
10000
10000
9916
9749
9947
9949
9866
10000
9831
10000
10000
10000
10000
9999
9947
9858
10000
9906
9843
9850
10000
10000
10000
9963
9893
9847
10000
10000
10000
10000
9941
10000
9989
9948
10000
10000
10000
9875
10000
10000
9943
9979
9953
9915
10000
10000
9781
9935
9983
9949
10000
9940
9894
9904
9855
9879
9982
9908
9964
9948
9908
10000
10000
9880
10000
10000
10000
10000
10000
9958
9910
9958
10000
9800
10000
10000
10000
10000
9907
10000
10000
10000
10000
9919
9894
10000
9963
9880
10000
10000
10000
10000
9868
10000
9900
9995
9934
9942
9813
9901
10000
10000
9983
10000
10000
10000
10000
10000
10000
10000
10000
9937
10000
9837
10000
9935
9888
9946
10000
10000
9976
10000
9898
9948
9820
10000
9873
10000
9936
9974
10000
9874
9998
9758
9819
9884
10000
9858
9849
10000
10000
10000
10000
10000
10000
9982
9922
10000
10000
9933
10000
9875
9918
10000
9900
9878
10000
9991
9959
9837
10000
9983
10000
10000
10000
9981
9760
10000
10000
9922
9910
9969
9961
9927
9891
9945
9966
10000
10000
10000
10000
9876
9936
10000
10000
10000
9936
9990
10000
9825
9941
10000
9922
9842
9948
9966
10000
9883
9882
10000
10000
9923
9956
10000
10000
9912
9856
10000
9908
9914
