9977
9980
9914
9903
10000
9704
9888
9861
9911
9980
9852
9932
9914
9956
9914
9975
9951
9968
9803
9905
9931
9957
9932
9862
9819
9863
9874
9892
9914
9875
9911
9867
9906
9885
9954
9912
9937
9963
9895
9807
9984
9941
9853
9953
9985
9863
9966
9834
9960
9899
9876
9906
9959
9878
9888
9911
9854
9958
9872
9831
9891
9880
9891
9843
9883
9839
9937
9948
9920
9921
9934
9917
9816
9781
9885
9871
9929
9969
9877
9875
9780
9984
9803
9731
9817
9845
9965
9927
9967
9930
9939
9923
9852
9816
9923
9837
9943
9979
9836
9935
9963
9961
9910
9962
9968
9907
9946
9862
9925
9856
9947
9985
9934
9935
9927
9978
9885
9923
9955
9855
9902
9956
9905
9902
9886
9954
9899
9911
9921
9934
9886
9803
9910
9944
9896
9878
9958
9978
9951
9881
9919
9825
9806
9902
9798
9896
9856
9920
9812
9957
9929
9926
9946
9855
9888
9912
9920
9952
9907
9835
9890
9922
9822
9908
9931
9947
9735
9915
9855
9942
9864
9932
9953
9968
9896
9911
9876
9883
9867
9962
9981
9957
9950
10000
9894
9870
9967
9938
9790
9843
9888
9908
9982
9874
9966
9836
9864
9857
9885
9940
9874
9906
9947
9764
9949
9960
9851
9889
9974
9884
9855
9861
9708
9913
9875
9924
9915
9991
9957
9833
9991
9960
9963
9902
9948
9938
9884
9925
9933
9882
9973
9981
9777
9907
9815
9884
9719
9911
9946
9870
9906
9964
9849
9857
9886
9907
9900
9958
9868
9846
9844
9935
9886
9933
9893
9971
9843
9772
9902
9948
9858
9926
9951
9881
9931
9956
9882
9905
9793
9907
9944
9874
9973
9914
9886
9821
9910
9926
9832
9956
9963
9925
9902
9899
9871
9845
9945
9938
9891
9919
9974
9823
9802
9932
9907
9852
9947
9860
9903
9854
9941
9898
9863
9947
9829
9866
9926
9932
9947
9923
9809
9871
9758
9876
9947
9911
9903
9943
9927
9841
9756
9926
9938
9952
9899
9855
9988
9761
9911
9942
9909
9846
9926
9863
9928
9865
9908
9912
9995
9818
9825
9942
9941
9740
9879
9872
9885
9978
9882
9906
9934
9881
9958
9873
9909
9892
9859
9953
9798
9952
9884
9880
9991
9954
9966
9850
9881
9848
9959
9871
9918
9914
9826
9854
9869
9827
9998
9944
9858
9972
9870
9702
9902
9892
9894
9910
9846
9843
9849
9915
9983
9983
9948
9873
9850
9891
9972
9966
9812
9880
9672
9889
9970
9853
9898
9811
9900
9825
9819
9762
9823
9971
9986
9930
9932
9937
9945
9939
9917
9949
9889
9888
9917
9978
9939
9970
9952
9970
9883
9883
9839
9879
9941
9902
9901
9978
9849
9826
9876
9884
9950
9945
9910
9930
9947
9890
9966
9796
9875
9991
9936
9962
9819
10000
9876
9902
9991
9938
9946
9990
9965
9935
9982
9887
9964
9927
9943
9819
9947
9887
9898
9930
9908
9847
9885
9763
9941
9729
9862
9816
9939
9934
9930
9826
9988
9979
9889
9994
9930
9854
9969
9963
9982
9941
9916
9895
9969
9837
9934
9916
9986
9871
9958
9907
10000
9902
9989
9870
9856
9941
9836
9904
9863
9929
9904
9968
9901
9799
9998
9969
9935
9851
9911
9935
9938
9909
9849
9950
9801
9870
9762
9877
9879
9845
9961
9888
9937
9887
9962
9974
9964
9874
9932
9925
9969
9863
9988
9873
9908
9995
9895
9851
9987
9917
9939
9972
9888
9807
9938
9942
9897
9931
9979
9809
9965
9851
9928
9947
9807
9880
9866
9783
9955
9940
9898
9906
9861
9916
9945
9873
9908
9891
9892
9943
9801
9878
9842
9933
9842
9894
9937
9906
9927
9929
9915
9906
9972
9959
9816
9904
9888
9940
9916
9901
9933
9901
9920
9872
9877
9930
9888
9960
9967
9974
9884
9957
9886
9773
9904
9961
9933
9919
9979
9936
9892
9955
9942
9924
9895
9941
9894
9879
9892
9837
9968
9876
9938
9971
9902
9949
9786
9925
9897
9950
9959
9888
9883
9963
9828
9935
9968
9931
9926
9943
9930
9929
9882
9962
9870
9860
9854
9909
9908
9828
9991
9824
9911
9876
9900
9882
9945
9902
9928
9887
9861
9971
9892
9932
9860
9892
9924
9861
9969
9857
9997
9908
9919
9835
9881
9943
9932
9907
9805
9896
9917
9928
9929
9937
9811
9777
9883
9884
9888
9926
9933
9848
9860
9900
9939
9883
9943
9967
9912
9788
9967
9835
9814
9865
9935
9918
9941
9988
9984
9953
9924
9934
9978
9925
9827
9923
9977
9932
9905
9924
9857
9853
9975
9888
9979
9885
9915
9890
9834
9885
9950
9878
9981
9881
9922
9936
9804
9822
9895
9866
9976
9914
9998
9989
9936
9885
9880
9722
9814
9980
9894
9940
9941
9924
9932
9902
9865
9923
9935
9894
9993
9722
9955
9881
9931
9884
9977
9867
9978
9944
9955
9926
9899
9912
9811
9878
9946
9769
9922
9992
9901
9857
9906
9877
9964
9977
9908
9938
9835
9801
9913
9926
9956
9980
9914
9925
9959
9930
9870
9877
9922
9889
9865
9870
9923
9984
9992
9928
9891
9821
9969
9941
9917
9925
9918
9878
9914
9844
9848
9897
9956
9935
9983
9947
9925
9892
9929
9953
9954
9924
9875
9817
9859
9910
9946
9967
9962
9852
9951
9840
9927
9821
9952
9944
9803
9869
9888
9967
9855
9846
9967
9915
9977
9967
9986
9923
9903
9921
9917
9955
9994
9881
9927
9950
9893
9933
9888
9944
9975
9929
9807
9917
9912
9929
9946
9940
9891
9833
9859
9899
9912
9855
9795
9941
9893
9880
9902
9896
9827
9955
9948
9898
9805
9905
9949
9853
9934
9913
9809
9897
9912
9865
9920
9840
9938
9819
9921
9933
9830
9827
9840
9876
9996
9888
9936
9986
9826
9972
9864
9993
9873
9950
9925
9825
9932
9873
9981
9877
9972
9929
9937
9820
9921
9867
9997
9941
9898
9875
9879
9893
9803
9932
9955
9977
9943
9904
9940
9898
9884
9900
9913
9925
9916
9875
9883
9902
9928
9949
9793
9945
9740
9947
9980
9952
9982
9874
9918
9884
9941
9976
9858
9924
9951
9935
9963
9842
9821
9985
9767
9921
9892
9776
9933
9991
9986
9929
