9993
9992
9998
9990
9991
9820
9986
9954
9972
9999
9994
9990
9950
10000
9941
9999
9997
9960
9997
9965
9998
10000
10000
9979
10000
9992
9940
9963
9987
9996
9980
9964
9990
9999
9998
10000
9998
9998
9988
9999
9998
9979
10000
10000
10000
9998
10000
9967
10000
9994
9937
9934
9990
9974
10000
10000
9978
9928
9996
10000
9530
9939
10000
9973
9999
9999
10000
10000
9998
10000
9976
9948
9998
9997
9998
10000
10000
10000
10000
9987
10000
9985
10000
9953
9932
10000
9991
10000
10000
9999
9988
9998
10000
9988
9962
9981
9995
9964
9955
9998
9995
10000
10000
10000
9999
9962
10000
9926
9997
9926
9995
10000
9849
10000
10000
10000
9983
9968
10000
9792
9992
9998
9953
9996
9999
9999
9906
9985
9994
9999
9946
10000
9998
9995
9998
9977
9977
9913
10000
9970
9984
10000
9993
9989
9993
9998
9991
9991
10000
9999
9945
9997
9997
10000
9998
9998
9994
9997
9997
9994
9999
9991
10000
9985
9998
10000
9982
9958
9858
9963
10000
9901
9944
9972
9985
9986
10000
9981
9995
9986
9987
9973
9998
9993
10000
9976
9999
9990
10000
9996
9999
9997
10000
9994
9998
9981
9997
9991
9951
9991
9991
9989
10000
10000
9994
10000
10000
9999
10000
10000
9998
9995
9977
9986
10000
9991
9989
9998
9973
9970
10000
10000
9999
10000
10000
9992
9987
9994
9999
9969
9990
10000
10000
9992
10000
10000
10000
9992
9962
9826
9938
9998
10000
9996
9974
10000
9986
9941
10000
9984
9989
10000
10000
9993
9973
9998
10000
9999
9998
9954
9974
9999
9995
9997
9988
10000
9999
9995
9990
10000
9999
9964
10000
10000
9997
9983
9998
9969
9999
9986
9947
9997
9922
9964
9999
9998
9949
9969
9937
9996
9998
9909
9991
9993
9991
9995
9997
9878
9978
9998
9999
10000
9979
9944
10000
10000
9995
9990
9972
9994
10000
9999
9997
10000
9965
9999
10000
9974
9940
9960
9996
9998
9980
10000
9901
9999
10000
10000
10000
9995
9999
9999
9993
9997
9996
10000
10000
9999
10000
9984
9990
9993
10000
9986
9982
10000
9998
9970
9991
9998
9915
10000
9998
10000
9994
10000
9999
10000
10000
9999
9999
9999
9988
10000
9924
9997
9993
9983
10000
9994
9997
9990
9844
9971
9997
9992
10000
10000
9988
9995
9955
9999
9999
9980
9999
9928
10000
9994
9964
9997
10000
10000
9979
9948
10000
10000
9999
9999
10000
10000
10000
10000
9999
10000
9954
10000
10000
9999
9991
10000
9981
9999
9929
10000
10000
10000
9941
9995
9999
10000
9992
10000
9957
9952
9995
10000
9997
9981
10000
10000
9995
10000
9999
9957
9963
9998
9935
9999
9982
9990
9992
9995
9987
9995
9989
9984
9997
10000
9997
10000
10000
10000
9998
9998
9997
9976
9992
10000
10000
9978
9997
10000
9955
9948
9914
9981
10000
9996
9959
9991
9975
9992
10000
10000
9886
10000
9996
10000
9985
10000
9966
9959
9998
9987
10000
10000
9999
9989
10000
9999
10000
9982
10000
9997
9999
9946
9876
9927
9845
10000
9997
10000
9972
9940
9981
10000
9994
10000
10000
9998
9999
9995
9999
9955
9989
9992
9998
9998
9932
9999
9917
9977
9995
9980
9955
10000
9937
9946
9955
9998
9989
9800
9999
10000
10000
9988
10000
9991
10000
9997
9994
9982
9994
9994
9925
10000
9979
9981
9994
9984
9999
9759
9985
9982
10000
9997
9999
9999
9972
9990
10000
9989
9967
9991
10000
9970
9992
10000
9998
9994
9987
9999
9999
10000
9999
9997
9997
9987
9986
9998
9982
9999
9991
9952
9986
9988
10000
9981
9986
10000
9998
9996
9945
9941
9990
9980
9998
9999
9998
10000
9987
9998
9949
9999
9995
10000
9988
9999
10000
9999
9972
10000
9904
10000
9978
9955
9998
9999
9929
10000
10000
9965
10000
9917
9999
10000
9989
9992
9976
9973
10000
9942
9999
10000
9996
9980
9987
10000
9938
9994
10000
10000
10000
9944
9981
9989
9983
10000
10000
9993
9958
9991
9999
9917
10000
9966
9999
9924
9980
9996
9955
9985
9857
9999
9995
9999
9995
10000
9941
10000
10000
10000
9948
9987
10000
9905
9993
9999
10000
9981
9997
9982
10000
9998
9998
9996
9997
9982
10000
10000
10000
9997
9991
9999
10000
9999
9995
9998
9926
10000
10000
9992
9996
9997
9997
9943
9997
9938
9997
9999
9999
9992
10000
9998
10000
9948
9995
9996
9997
9987
9999
9997
9977
9993
9999
9995
9999
9988
9999
9998
9998
9984
9993
9988
9927
10000
9995
9973
9986
9997
10000
9961
10000
10000
9974
10000
9998
9990
9985
9937
9998
10000
9982
10000
9989
10000
9997
10000
9996
9998
9977
9999
10000
10000
9997
9981
9998
9998
10000
9998
9989
9788
9999
9981
10000
9992
9999
9997
9972
9906
9989
10000
9991
9976
9983
10000
9890
9998
9987
9908
10000
9998
9997
9998
9994
10000
9999
9999
9995
9989
9994
9980
10000
9999
10000
10000
9979
9984
9944
10000
10000
9996
9998
9963
9985
10000
9993
9993
10000
9999
9967
9990
10000
9984
9951
9994
10000
9992
9999
9988
9983
9999
9998
10000
9989
9983
9977
9999
10000
9969
9971
10000
10000
9924
9864
9989
10000
10000
9995
9959
9968
9997
10000
9989
9994
9977
9994
9977
9989
9999
10000
9941
9997
9963
9954
9998
9977
9998
9981
9950
9938
9998
9996
10000
9998
9954
9987
9984
10000
10000
9996
10000
9996
9999
9967
9990
9964
10000
9984
9998
9989
9957
9998
9981
9998
10000
9979
10000
9905
9976
9996
9988
10000
9888
9992
10000
9951
9993
9996
9999
10000
9923
9999
10000
10000
10000
10000
9993
9984
9998
10000
9959
9978
9971
9997
9978
9993
10000
9995
9985
10000
9996
9990
10000
9967
10000
10000
9981
10000
9995
9974
10000
9977
10000
9997
9994
10000
9976
9979
9973
9991
9981
9943
9999
9998
9997
9979
9989
10000
9994
9931
9998
10000
9921
9971
9954
9997
9981
9917
10000
10000
9992
10000
9998
9935
9994
9975
10000
9981
10000
9969
9956
10000
10000
10000
9992
9966
10000
9999
9997
10000
9993
10000
9995
9987
9965
9966
9997
9998
9996
