9906
9941
9770
9904
9904
9848
9932
9932
9844
9987
9956
9899
9866
9974
9881
9954
9986
9927
9956
9959
9891
9859
9831
9908
9936
9911
9849
9925
9901
9894
9931
9952
9920
9779
9840
9833
9965
9930
9915
9851
9897
9923
9907
9905
9942
9845
9873
9942
9805
9978
9844
10000
9895
9973
9887
9880
9960
9934
9900
9986
9867
9859
9889
9770
9948
9940
9874
9938
9817
9881
9954
9917
9909
9980
9859
9946
9889
9959
9954
9904
9914
9947
9924
9800
9945
9944
9923
9988
9945
9917
9919
9891
9949
9901
9930
9804
9928
9714
9878
9914
9926
9883
9984
9944
9940
9908
9951
9877
9868
9882
9900
9915
9926
9887
9937
9962
9959
9930
9914
9929
9939
9989
9918
9952
9814
9941
9963
9931
9793
9915
9932
9799
9898
9917
9937
9876
9867
9878
9843
9987
9950
9958
9888
9916
9977
9874
9946
9938
9874
9947
9837
9818
9916
9950
9937
9910
9951
9940
9804
9909
9900
9982
9956
9976
9943
9949
9701
9976
9789
9960
9969
9990
9857
9883
9923
9946
9960
9997
9874
9954
9869
9912
9727
9753
9983
9921
9883
9886
9889
9892
9974
9911
9848
9803
9981
9873
9968
9847
9847
9895
9942
9915
9873
9807
9928
9972
9907
9882
9891
9887
9927
9985
9947
9881
9890
9973
9946
9958
9897
9799
9958
9970
9906
9949
9876
9912
9899
9976
9940
9863
9904
9869
9960
9860
9975
9918
9834
9944
9881
9835
9912
9968
9924
9887
9919
9940
9862
9994
9896
9962
9815
9927
9890
9966
9853
9847
9848
9896
9791
9965
9886
9904
9880
9954
9834
9893
9905
9866
9854
9967
9952
9917
9785
9937
9936
9854
9876
9787
9867
9993
9861
9936
9939
9893
9871
9860
9904
9999
9747
9910
9832
9918
9827
9913
9849
9931
9802
9972
9918
9872
9800
9967
9812
9932
9895
9720
9887
9915
9993
9979
9807
9974
9939
9907
9933
9902
9830
9920
9915
9892
9931
9972
9862
9897
9918
9955
9782
9882
9797
9997
9943
9764
9932
9937
9942
9896
9856
9939
9862
9914
9892
9953
9880
9906
9881
9914
9930
9901
9935
9965
9999
9885
9822
9915
9970
9908
9919
9807
9942
9850
9976
9908
9967
9940
9940
9916
9986
9897
9923
9639
9916
9854
9941
9758
9918
9981
9841
9949
9857
9959
9774
9840
9784
9967
9924
9960
9959
9764
9963
9816
9918
9928
9937
9858
9975
9876
9856
9965
9893
9930
9970
9890
9870
9939
9921
9900
9866
9892
9952
9880
9848
9770
9942
9918
9798
9844
9890
9771
9935
9912
9935
9912
9991
9870
9914
9904
9774
9927
9883
9968
9817
9865
9802
9901
9869
9946
9948
9876
9858
9837
9933
9957
9897
9819
9915
9829
9907
9929
9920
9946
9811
9941
9874
9772
9857
9932
9902
9969
9977
9952
9736
9869
9948
9854
9838
9890
9976
9901
9902
9932
9829
9782
9851
9949
9939
9941
9902
9945
9977
9802
10000
9959
9846
9924
9858
9966
9910
9983
9965
9956
9926
9907
9878
9874
9834
9941
9984
9909
9880
9940
9950
9877
9883
9899
9918
9912
9953
9726
9912
9962
9908
9730
9929
9845
9872
9920
9948
9992
9932
9931
9979
9939
9995
9983
9978
9829
9941
9999
9899
9943
9926
9967
9862
9974
9873
9962
9889
9937
9820
9939
9887
9870
9871
9893
9920
9939
9903
9925
9906
9903
9936
9935
9857
9954
9982
9930
9971
9852
9875
9773
9980
9812
9914
9929
9819
9746
9906
9950
9951
9916
9872
9931
9907
9627
9926
9953
9882
9936
9968
9951
9850
9943
9969
9746
9917
9873
9901
9785
9946
9891
9986
9797
9926
9962
9898
9769
9892
9879
9938
9903
9881
9954
9915
9936
9938
9984
9853
9932
9931
9860
9910
9936
9852
9882
9807
9938
9832
9939
9840
9973
9918
9907
9935
9892
9954
9931
9956
9829
9903
9909
9853
9946
9956
9828
9800
9943
9929
9991
9870
9919
9877
9920
9932
9944
9962
9898
9937
9891
9840
9957
9934
9979
9879
9842
9962
9873
9867
9873
9873
9969
9911
9791
9872
9902
9807
9914
9843
9936
9832
9834
9863
9993
9889
9961
9939
9849
9953
9934
9922
9900
9961
9981
9877
9713
9934
9931
9778
9920
9897
9846
9998
9859
9903
9959
9937
9885
9965
9908
9906
9884
9939
9923
9958
9862
9894
9894
9935
9855
9888
9970
9929
9803
9970
9867
9887
9965
9908
9984
9857
9958
9933
9806
9882
9819
9992
9991
9833
9964
9778
9894
9972
9940
9962
9850
9921
9876
9841
9947
9965
9933
9920
9895
9739
9835
9911
9794
9886
9877
9869
9867
9973
9944
9954
9934
9917
9957
9988
9837
9932
9892
9984
9930
9845
9953
9907
9876
9999
9943
9908
9867
9916
9904
9870
9848
9922
9843
9909
9921
9989
9920
9927
9848
9870
9908
9875
9876
9897
9913
9755
9961
9899
9953
9756
9906
9823
9960
9944
9868
9885
9866
9878
9956
9777
9884
9982
9931
9940
9948
9929
9908
9976
9731
9906
9859
9995
9946
9925
9989
9884
9926
9949
9947
9853
9840
9978
9976
9907
9946
9822
9854
9915
9913
9945
9754
9999
9845
9825
9919
9922
9848
9863
9934
9945
9901
9876
9787
9952
9927
9952
9957
9828
9901
9896
9870
9814
9775
9943
9939
9873
9892
9932
9866
9931
9845
9948
9913
9903
9719
9904
9811
9879
9883
9933
9900
9979
9824
9909
9960
9870
9935
9827
9823
9871
9903
9981
9912
9989
9946
9805
9997
9878
9971
9940
9827
9978
9937
9881
9891
9899
9898
9961
9912
9901
9906
9901
9871
9943
9844
9826
9850
9841
9929
9788
9884
9870
9998
9899
9852
9895
9915
9874
9901
9950
9918
9814
9850
9838
9847
9945
9960
9901
9968
9916
9948
9901
9919
9947
9998
9971
9928
9958
9875
9917
9934
9947
9995
9907
9843
9929
9948
9877
9878
9972
9925
9909
9858
9947
9943
9936
9947
9962
9958
9954
9972
9919
9937
9997
9962
9921
9904
9923
9780
9973
9944
9681
9868
9957
9873
9933
9857
9933
9970
9921
9920
9941
9755
9984
9858
9951
9886
9908
9850
9893
9805
9920
9922
9902
9857
9841
9810
