9925
9906
9938
9955
9870
9973
9921
9952
9896
9913
9930
9927
9938
9998
9939
9906
9887
9941
9944
9873
9965
9902
9860
9832
9899
9888
9885
9779
9964
9938
9892
9926
9973
9885
9998
9945
9905
9956
9972
9964
9951
9981
9927
9969
9864
9932
9888
9965
9854
9894
9847
9920
9878
9927
9961
9908
9977
9849
9930
9942
9943
9908
9908
9941
9916
9867
9900
9893
9931
9923
9902
9921
9946
9854
9784
9920
9777
9924
9856
9931
9923
9925
9917
9923
9851
9949
9820
9892
9952
9912
9945
9844
9835
9879
9918
9905
9901
9863
9963
9859
9929
9931
9946
9929
9886
9990
9892
9834
9957
9943
9882
9945
9826
9921
9989
9787
9924
9954
9858
9971
9855
9904
9845
9885
9917
9814
9934
9972
9934
9928
9959
9928
9951
9935
9968
9858
9884
9807
9947
9988
9938
9906
9954
9903
9870
9976
9938
9896
9950
9890
9862
9958
9888
9983
9935
9908
9932
9859
9986
9945
9886
9928
9844
9917
9864
9797
9837
9932
9865
9975
9906
9967
9991
9843
9906
9904
9893
9714
9880
9887
9885
9902
9906
9918
9938
9802
9830
9895
9926
9889
9891
9793
9927
9928
9807
9865
9890
9919
9965
9957
9848
9899
9888
9916
9898
9858
9849
9934
9907
9946
9992
9863
9911
9855
9749
9873
9899
9964
9995
9882
9793
9842
9799
9998
9782
9875
9905
9974
9890
9891
9952
9964
9831
9891
9910
9940
9995
9938
9946
9926
9833
9928
9783
9718
9858
9972
9877
9887
9925
9955
9733
9899
9926
9890
9898
9998
9867
9939
9853
9918
9882
9922
9877
9931
9894
9994
9906
9930
9830
9933
9813
9911
9880
9921
9783
9938
9894
9965
9903
9963
9790
9912
9941
9960
9764
9915
9932
9929
9969
9824
9952
9941
9956
9889
9905
9939
9924
9824
9953
9837
9865
9961
9951
9825
9912
9985
9938
9883
9901
9886
9910
9912
9961
9930
9895
9905
9829
9828
9844
9812
9949
9920
9838
9923
9893
9954
9923
9948
9873
9828
9928
9871
9902
9879
9804
9999
9968
9985
9941
9820
9844
9917
9910
9907
9879
9886
9968
9900
9887
9868
9927
9913
9960
9921
9809
9847
9845
9951
9914
9935
9979
9952
9933
9918
9987
9894
9855
9906
9833
9875
9995
9919
9931
9956
9893
9899
9953
9916
9949
9824
9952
9926
9990
9902
9944
9828
9903
9845
9924
9944
9987
9931
9919
9766
9924
9977
9928
9897
9955
9924
9921
9974
9981
9927
9802
9806
9846
9928
9863
9911
9811
9840
9921
9966
9970
9973
9905
9894
9891
9970
9970
9923
9853
9841
9938
9897
9854
9998
9871
9864
9810
9921
9895
9922
9934
9887
9897
9906
9952
9877
9927
9979
9916
9874
9908
9907
9892
9799
9964
9930
9836
9965
9838
9946
9955
9875
9998
9945
9818
9872
9925
9987
9691
9931
9845
9885
9984
9904
9909
9869
9852
9847
9791
9913
9895
9888
9942
9921
9857
9854
9881
9850
9905
9933
9964
9799
9927
9913
9914
9913
9858
9920
9873
9904
9905
9824
9982
9968
9914
9862
9976
9911
9839
9955
9901
9914
9932
9895
9912
9938
9885
9929
9924
9870
9657
9872
9793
9896
9908
9904
9957
9946
9940
9979
9948
9947
9906
9919
9818
9933
9907
9873
9903
9943
9811
9772
9956
9902
9898
9935
9908
9805
9963
9940
9945
9896
9789
9948
9939
9896
9869
9828
9942
9951
9971
9882
9916
9926
9902
9835
9917
9950
9897
9788
9871
9895
9842
9975
9936
9936
9856
9929
9908
9850
9855
9888
9856
9780
9929
9953
9920
9840
9954
9875
10000
9948
9906
9917
9875
9920
9913
9924
9874
9941
9951
9925
9914
9929
9825
9895
9880
9836
9962
9917
9863
9860
9893
9921
9919
9904
9922
9952
9993
9931
9881
9887
9818
9977
9965
9844
9893
9979
9824
9981
9955
9942
9868
9968
9902
9924
9981
9876
9908
9911
9908
9916
9935
9891
9909
9918
9920
9943
9801
9941
9957
9863
9951
9922
9919
9903
9871
9900
9870
9951
9947
9775
9791
9933
9848
9893
9986
9855
9989
9905
9892
9966
9924
9920
9944
9766
9957
9881
9931
9900
9981
9941
9872
9797
9898
9925
9894
9913
9940
9981
9842
9826
9880
9908
9965
9991
9959
9944
9977
9851
9823
9937
9982
9899
9891
9863
9991
9920
9909
9961
9953
9892
9836
9762
9906
9707
9785
9910
9944
9976
9847
9976
9969
9839
9830
9840
9855
9983
9856
9983
9890
9819
9889
9871
9946
9923
9968
9901
9928
9873
9901
9947
9757
9949
9926
9927
9955
9858
9866
9929
10000
9954
9948
9872
9835
9899
9892
9940
9878
9930
9953
9893
9973
9908
9982
9864
9945
9930
9851
9985
9831
9936
9944
9961
9971
9931
9855
9826
9944
9946
9862
9895
9857
9961
9956
9947
9895
9837
9951
9912
9877
9945
9815
9881
9933
9913
9838
9883
9942
9850
9899
9826
9854
9868
9932
9943
9821
9951
9962
9938
9806
9845
9958
10000
9922
9820
9964
9960
9933
9997
9911
9905
9919
9916
9892
9853
9993
9921
9908
9921
9926
9938
9969
9911
9861
9953
9938
9944
9843
9902
9966
9964
9933
9967
9843
9974
9910
9798
9963
9931
9936
9860
9952
9751
9927
9855
9941
9876
9879
9943
9976
9980
9902
9930
9893
9897
9922
9884
9807
9825
9949
9912
9949
9963
9939
9938
9978
9765
9944
9887
9922
9869
9881
9821
9919
9877
9952
9901
10000
9945
9949
9891
9988
9978
9957
9868
9822
9831
9993
9925
9881
9847
9905
9889
9971
9945
9991
9994
9990
9785
9935
9937
9928
9829
9908
9924
9984
9972
9955
9958
9959
9898
9888
9915
9898
9857
9926
9915
9893
9958
9916
9919
9913
9903
9906
9890
9933
9965
9983
9826
9856
9826
9886
9940
9941
9776
9973
9911
9925
9759
9972
9750
9954
9846
9931
9865
9945
9948
10000
9940
9908
9935
9954
9838
9890
9924
9918
9948
9939
9926
9936
9928
9900
9990
9896
9962
9913
9931
9970
9950
9890
9827
9873
9998
9893
9885
9891
9881
9848
9916
9808
9980
9906
9976
9992
9948
9950
9962
9874
9804
9853
9896
9882
9909
9975
9905
