9891
9835
9858
9909
9943
9905
9921
9952
9857
9894
9812
9878
9901
9905
9996
9928
9970
9947
9948
9909
9958
9886
9894
9803
9883
9973
9880
9965
9847
9807
9920
9980
9938
9900
9775
9783
9960
9910
9866
9887
9931
9901
9966
9894
9944
9960
9827
9912
9954
9782
9700
9925
9922
9896
9956
9834
9967
9864
9910
9884
9853
9958
9899
9884
9972
9923
9919
9860
9907
9913
9963
9850
9981
9945
9894
9968
9903
9896
9757
9768
9877
9903
9970
9943
9912
9908
9974
9887
9966
9919
9903
9852
9948
9901
9849
9886
9839
9983
9914
9881
9940
9934
9897
9896
9928
9874
9912
9907
9966
9906
9984
9875
9933
9904
9965
9877
9968
9908
9952
9892
9873
9820
9940
9903
9908
9931
9918
9945
9926
9971
9952
9909
9921
9873
9907
9942
9782
9918
9972
9852
9923
9902
9912
9954
9878
9890
9945
9913
9905
9955
9982
9868
9896
9993
9846
9857
9927
9790
9882
9964
9924
9898
9917
9920
9964
9989
9944
9908
9921
9949
9876
9917
9832
9951
9912
9916
9963
9953
9893
9890
9957
9931
9844
9913
9979
9774
9974
9930
9936
9830
9893
9903
9937
9928
9825
9933
9867
9991
9975
9801
9989
9998
9937
9915
9893
9946
9934
9878
9866
9942
9889
9823
9934
9882
9890
9962
9925
9974
9951
9893
9970
9914
9896
9913
9943
9955
9947
9939
9973
9920
9897
9851
9886
9943
9860
9967
9873
9859
9941
9953
9824
9807
9867
9881
9964
9977
9743
9854
9898
9820
9986
9864
9895
9923
9876
9891
9969
9866
9912
9887
9935
9879
9847
9942
9952
9934
9845
9892
9901
9966
9912
9907
9937
9935
9876
9948
9945
9866
9953
9960
9909
9880
9962
9986
9927
9872
9835
9959
9768
9915
9871
9976
9948
9926
9898
9968
9929
9939
9941
9894
9962
9991
9933
9844
9983
9791
9926
9863
9936
9887
9901
9862
9891
9876
9855
9952
9899
9946
9882
9833
9947
9988
9937
9862
9922
9903
9999
9909
9893
9933
9937
9950
9864
9974
9884
9960
9859
9861
9977
9947
9884
9945
9764
9949
9919
9996
9917
9995
9902
9806
9835
9843
9866
9916
9927
9846
9852
9869
9873
9943
9961
9922
9862
9962
9965
9909
9881
9885
9939
9805
9949
9920
9839
9859
9875
9841
9956
9935
9923
9950
9984
9941
9790
9931
9878
9899
9867
9931
9906
9945
9908
9908
9776
9861
9957
9912
9889
9973
9982
9959
9876
9909
9947
9871
9883
9950
9938
9949
9883
9966
9936
9849
9867
9990
9769
9857
9944
9835
9909
9848
9857
9845
9937
9941
9916
9904
9932
9905
9914
9926
9992
9898
9863
9993
9921
9929
9908
9932
9816
9886
9949
9906
9825
9979
9919
9890
9955
9901
9882
9870
9926
9898
9923
9899
9884
9926
9919
9966
9905
9916
9924
9958
9913
9875
9987
9825
9844
9968
9849
9854
9918
9951
9891
9935
9832
9861
9936
9919
9934
9847
9950
9934
9954
9928
9964
9854
9880
9925
9856
9884
9924
9928
9942
9905
9939
9935
9927
9933
9898
9836
9930
9968
9873
9928
9951
9961
9872
9956
9929
9895
9935
9876
9810
9864
9804
9970
9831
9990
9949
9869
9704
9955
9776
9863
9907
9930
9947
9951
9969
9920
9906
9867
9907
9804
9902
9966
9944
9873
9956
9915
9946
9898
9937
9910
9790
9957
9958
9898
9926
9983
9876
9853
9976
9920
9913
9924
9865
9820
9856
9835
9916
9908
9948
9939
9852
9911
9928
9882
9937
9884
9824
9939
9915
9895
9930
9989
9967
9877
9966
9936
10000
9972
9926
9950
10000
9958
9952
9879
9883
9939
9842
9880
9960
9947
9993
9929
10000
9837
9896
9861
9824
9936
9973
9945
9887
9889
9883
9918
9838
9925
9774
9927
9950
9755
9788
9853
9974
9932
9966
9866
9978
9900
9850
9915
9882
9893
9916
9929
9959
9890
9952
9743
9760
9843
9957
9875
9951
9907
9980
9850
9884
9936
9775
9849
9965
9981
9952
9887
9888
9989
9920
9928
9854
9954
9942
9836
9929
9927
9951
9839
9808
9925
9812
9850
9905
9969
9935
9965
9927
9951
9933
9977
9949
9883
9996
9913
9883
9888
9826
9784
9942
9893
9846
9914
9812
9853
9901
9917
9907
9906
9895
9927
9799
9924
9916
9931
9924
9962
9964
9861
9964
9892
9951
9939
9961
9830
9958
9915
9880
9872
9944
9800
9974
9921
9909
9953
9789
9891
9924
9924
9923
9958
9886
9856
9899
9848
9935
9857
9938
9945
9928
9879
9912
9841
9940
9985
9869
9943
9864
9860
9862
9946
9912
9781
9874
9999
9879
9915
9960
9916
9933
9919
9968
9804
9932
9994
9875
9945
9819
9960
9933
9895
9927
9902
9842
9982
9943
9910
9854
9855
9956
9964
9988
9865
9887
9924
9909
9902
9925
9943
9946
9960
9895
9916
9881
9914
9926
9893
9877
9952
9982
9859
9927
9672
9926
9994
9962
9922
9929
9900
9909
9917
9999
9970
9904
9904
9919
9951
9743
9937
9924
9976
9806
9897
9885
9965
9998
9921
9969
9890
9959
9928
9929
9903
9887
9962
9945
9934
9914
9922
9948
9947
9816
9890
9928
9945
9934
9982
9857
9991
9912
9999
9895
9905
9954
9981
9815
9937
9902
9901
9951
9865
9920
9935
9902
9918
9943
9996
9928
9816
9991
9925
9883
9770
9920
9963
9883
9970
9872
9934
9926
9944
9959
9964
9932
9917
9908
9767
9917
9904
9969
9960
9930
9821
9987
9925
9916
9919
9820
9870
9892
9861
9875
9937
9901
9804
9884
9919
9879
9992
9907
9940
9942
9886
9775
9933
9879
9957
9946
9930
9910
9894
9802
9922
9969
9912
9833
9859
9975
9904
9884
9944
9974
9875
9793
9996
9897
9880
9913
9892
9821
9860
9886
9969
9889
9857
9844
9662
9959
9958
9857
9915
9884
9803
9771
9932
9971
9932
9868
9887
9936
9911
9928
9953
9965
9822
9897
9875
9945
9888
9931
9759
9953
9941
9911
9980
9911
9889
9922
9944
9941
9896
9957
9891
9910
9913
9920
9831
9910
9941
9975
9786
9880
9723
9949
9964
9891
9993
9769
9935
9858
9860
9909
9807
9909
9840
9864
9988
9962
9957
