9876
9812
9972
9840
9896
9875
9972
9944
9878
9962
9777
9960
9944
9940
9904
9834
9989
9867
9968
9920
9950
9887
9893
9864
9886
9930
9924
9901
9937
9906
9894
9925
9985
9816
9893
9824
9947
9899
9712
9986
9958
9958
9940
9951
9931
9727
9932
9933
9861
9843
9962
9908
9937
9939
9942
9880
9925
9925
9940
9802
9882
9963
9887
9785
9897
9955
9916
9931
9918
9940
9950
9782
9845
9855
9933
9948
9951
9954
9957
9940
9937
9932
9878
9895
9995
9949
9867
9960
9855
9858
9965
9897
9932
9906
9899
9879
9885
9968
9982
9915
9915
9916
9899
9954
9931
9963
9907
9853
9974
9841
9839
9901
9917
9910
9967
9740
9845
9865
9929
9924
9964
9956
9954
9961
9864
9923
9854
9831
9927
9869
9907
9954
9803
9873
9956
9874
9938
9959
9952
9819
9951
9954
9884
9948
9872
9881
9943
9898
9967
9869
9878
9928
9912
9867
9919
9945
9899
9906
9939
9876
9825
9881
9907
9977
9922
9963
9911
9929
9884
9862
9886
9847
9801
9979
9886
9904
9905
9894
9957
9885
9982
9859
9918
9967
9961
9952
9964
9955
9776
9930
9841
9962
9895
9937
9982
9966
9933
9807
9940
9873
9894
9937
9835
9940
9878
9884
9876
9871
9912
9944
9773
9958
9970
9958
9938
9989
9953
9883
9952
9907
9969
9843
9874
9732
9912
9919
9892
9990
9965
9879
9936
9945
9933
9845
9926
9992
9938
9900
9799
9861
9826
9821
9875
9954
9799
9925
9890
9940
9896
9926
9896
9925
9889
9931
9911
9823
9842
9942
9952
9930
9890
9978
9911
9932
9891
9841
9905
9889
9968
9902
9919
9864
9804
9907
9915
9949
9931
9934
9940
9864
9876
9869
9947
9912
9879
9927
9952
9921
9806
9766
9907
9878
9862
9888
9893
9935
9893
9913
9944
9887
9904
9866
9787
9934
9764
9859
9922
9886
9948
9953
9966
9859
9947
9905
9929
9851
9912
9958
9914
9941
9947
9867
9859
9734
9833
9822
9990
9824
9931
9853
9835
9857
9900
9907
9929
9919
9730
9899
9886
9975
9968
9822
9897
9915
9911
9731
9938
9942
9795
9929
9934
9879
9937
9843
9736
9953
9973
9951
9923
9729
9918
9836
9828
9878
9999
9910
9918
9948
9901
9893
9898
9832
9928
9828
9907
9923
9997
9862
9906
9897
9920
9931
9880
9966
9906
9834
9928
9850
9832
9822
9861
9916
9922
9908
9920
9919
9905
9843
9840
9948
9949
9842
9929
9935
9909
9881
9873
9890
9885
9951
9913
9937
9910
9944
9968
9924
9953
9912
9946
9727
9952
9954
9880
9857
9897
9958
9868
9891
9964
9963
9897
9887
9928
9871
9760
9887
9947
9913
9955
9956
9878
9931
9795
9874
9912
9794
9798
9897
9900
9880
9830
9900
9939
9920
9888
9793
9891
9881
9806
9932
9933
9763
9937
9920
9939
9906
9933
9913
9902
9785
9960
9911
9909
9887
9920
9912
9887
9926
9880
9870
9917
9922
9922
9931
9890
9961
9891
9979
9856
9785
9946
9899
9956
9891
9924
9860
9847
9868
9912
9790
9787
9865
9950
9930
9891
9871
9919
9886
9863
9932
9981
9936
9914
9864
9869
9784
9920
9867
9890
9899
9981
9993
9859
9944
9945
9977
9892
9882
9955
9896
9834
9893
9861
9888
9956
9910
9915
9949
9923
9889
9935
9978
9939
9936
9888
9879
9906
9860
9952
9942
9867
9869
9918
9878
9850
9876
9714
9842
9866
9885
9847
9823
9925
9950
9920
9955
9980
9832
9927
9896
9754
9906
9935
9872
9996
9904
9896
9961
9899
9993
9913
9894
9685
9914
9912
9853
9872
9902
9891
9969
9835
9871
9865
9794
9993
9902
9950
9780
9936
9954
9954
9972
9832
9919
9908
9925
9787
9874
9818
9894
9999
9899
9841
10000
9895
9820
9854
9959
9863
9915
9978
9911
9933
9802
9967
9931
9837
9921
9975
9877
9994
9951
9913
9935
9965
9978
9971
9932
9759
9775
9897
9869
9815
9865
9846
9923
9893
9972
9973
9901
9867
9845
9963
9851
9923
9867
9892
9915
9954
9932
9951
9866
9922
9921
9843
9793
9926
9875
9831
9894
9901
9935
9911
9745
9893
9827
9819
9802
9812
9972
9979
9924
9858
9889
9839
9927
9905
9868
9931
9841
9832
9870
9931
9907
9878
9955
9811
9947
9937
9967
9906
9883
9928
9877
9892
9945
9931
9920
9838
9884
9822
9991
9863
9953
9867
9901
9987
9857
9898
9817
9838
9948
9962
9774
9938
9937
9945
9929
9928
9782
9909
9918
9949
9805
9930
9845
9861
9931
9892
9912
9932
9962
9891
9955
9962
9958
9956
9907
9762
9885
9877
9840
9916
9745
9949
9872
9920
9957
9874
9875
9844
9964
9848
9855
9832
9996
9958
9851
9958
9947
9930
9859
9869
9980
9890
9910
9926
9935
9883
9925
9945
9895
9898
9880
9889
9762
9919
9933
9904
9951
9921
9911
9883
9951
9866
9833
9946
9802
9879
9892
9948
9956
9993
9748
9919
9937
9916
9833
9914
9949
9960
9946
9815
9940
9965
9919
9976
9937
9867
9935
9953
9940
9901
9873
9930
9921
9901
9904
9897
9907
9891
9816
9860
9960
9927
9924
9828
9918
9959
9792
9954
9862
9858
9848
9863
9884
9962
9934
9905
9902
9849
9922
9998
9891
9964
9817
9948
9883
9886
9929
9809
9973
9939
9808
9964
9872
9910
9997
9981
9838
9890
9960
9938
9957
9917
9912
9895
9887
9866
9964
9920
9948
9926
9821
9950
9884
9956
9907
9893
9857
9951
9980
9887
9891
9903
9956
9970
9919
9926
9928
9921
9878
9930
9953
9907
9950
9810
9974
9923
9915
9884
9838
9848
9681
9948
9837
9894
9828
9901
9935
9940
9995
9904
9761
9978
9964
9899
9943
9906
9915
9891
9903
9985
9954
9975
9858
9979
9966
9878
9872
9978
9935
9951
9930
9922
9860
9817
9939
9951
9925
9909
9830
9927
9906
9910
9814
9957
9921
9912
9861
9862
9964
9948
9948
9809
9915
9864
9934
9922
9974
9996
9935
9924
9924
9911
9848
9898
9865
9971
9859
9913
9956
9912
9897
9888
9919
9931
9882
9860
9968
9891
9907
9955
9863
9919
9872
9997
9956
9956
9944
