10000
9996
10000
10000
10000
10000
10000
9781
10000
10000
10000
9905
10000
9940
9926
9821
9863
10000
9884
9997
9840
9887
9933
9888
9925
9798
9874
9976
9858
9884
10000
9917
9920
9801
9903
10000
10000
9897
10000
9953
9727
9901
10000
9796
10000
10000
9775
10000
9811
9711
9857
9959
10000
9900
9865
9932
9849
9863
9753
9999
9921
9914
10000
9888
9933
9890
10000
9931
10000
10000
9876
9963
9990
9901
10000
9877
9828
9846
9843
10000
10000
9898
9902
10000
9935
10000
10000
9945
10000
10000
9877
10000
10000
10000
9885
9892
10000
10000
9842
9913
10000
9959
10000
10000
9999
9885
9952
10000
9955
10000
10000
9999
10000
9737
9908
9856
9941
10000
9867
9938
9922
9982
9943
9865
9913
9966
10000
10000
9793
10000
9884
10000
9939
10000
9887
10000
9896
10000
10000
10000
10000
9625
9843
9906
10000
10000
10000
9920
10000
10000
9883
9796
9926
9916
10000
9893
10000
9940
9854
10000
10000
9733
10000
10000
10000
9917
9872
9952
9925
9931
10000
10000
10000
9932
9967
9797
9888
10000
10000
10000
9893
10000
9838
10000
9898
9918
9830
9795
9914
9868
9837
9793
9899
9829
9904
9882
10000
10000
9963
9898
9952
9903
9872
10000
9733
10000
9854
9833
9802
10000
9958
10000
9930
9961
10000
10000
10000
9929
10000
9910
10000
9953
9845
9928
9853
9810
10000
9887
9969
9903
9955
10000
10000
10000
10000
9932
10000
9795
9944
9910
9925
10000
9891
9901
9758
9954
9874
9945
10000
10000
9852
9927
9830
10000
9972
9945
9912
9878
9919
9957
10000
10000
10000
10000
9923
10000
10000
9909
9882
9873
10000
10000
9991
9900
9944
9990
10000
9840
9939
9866
10000
9834
9897
10000
10000
9825
10000
10000
9897
10000
9901
9882
9884
10000
10000
9925
10000
9858
10000
9935
9802
9955
9957
10000
9908
9873
10000
9845
9907
9746
9966
9775
9753
9956
9946
9895
9846
10000
9889
9893
10000
9857
9886
10000
9842
9818
9798
9912
9976
9995
9986
9946
9836
10000
9924
10000
10000
9785
9901
9690
9955
10000
9918
9993
9846
10000
10000
9905
9995
10000
9946
10000
9874
9978
9886
10000
9955
9956
9922
9954
9900
9929
9927
10000
9888
9828
9950
9876
9897
10000
10000
10000
9974
10000
9993
9924
9999
9923
10000
9924
9825
9909
9923
9953
9851
10000
9872
9994
10000
10000
9912
9878
9997
9998
10000
9903
9857
10000
9910
9863
9903
9870
9926
9822
9780
9984
9952
9759
10000
9859
9878
10000
9972
9856
9939
9972
10000
10000
9848
9842
9994
9906
9747
9889
9928
10000
9900
10000
10000
9948
9844
9815
9995
9866
10000
10000
9872
10000
10000
9814
9901
10000
10000
10000
9873
9913
9988
9917
9941
9920
10000
10000
9796
9887
9917
9999
9963
9844
10000
9913
9972
10000
10000
10000
9771
9893
9931
10000
9906
9942
10000
9948
9953
9945
10000
9886
9849
9907
10000
9858
9939
10000
10000
9961
10000
10000
9911
9862
9901
10000
9999
10000
9876
9908
9998
10000
9809
9767
9956
9962
9881
9940
9978
9995
10000
9897
10000
9998
9924
10000
9776
9866
9899
9931
9937
9999
9928
9896
10000
10000
10000
10000
9927
10000
9958
9971
10000
9888
9834
9746
9930
9836
9930
9958
9934
10000
9994
9937
9918
9954
9887
9858
9839
10000
9959
10000
10000
9921
10000
10000
10000
10000
10000
10000
9935
9974
9881
10000
9999
9923
9951
9896
9989
9954
9994
9936
9967
9756
9748
9984
9962
10000
9903
9920
10000
9925
9853
9968
9958
10000
10000
9864
9978
9954
10000
9829
9999
9921
10000
9990
9933
9961
10000
9838
9889
9865
10000
9977
9837
10000
9737
9933
9954
9965
9863
9930
9917
10000
10000
9975
9862
9919
9981
9905
10000
10000
10000
9983
9929
9901
9939
9943
9999
9916
10000
10000
10000
9939
9999
10000
10000
9924
10000
10000
10000
9867
9767
9857
9885
10000
9902
9959
10000
10000
10000
9789
10000
9927
9983
9913
10000
9891
10000
10000
9913
10000
9892
9646
10000
9942
9904
9873
9946
9867
9914
9899
9870
10000
9860
10000
9903
9995
10000
10000
10000
9941
10000
10000
10000
9841
9999
9890
9930
9894
10000
9978
10000
9918
9982
9864
10000
10000
9847
9900
9883
9905
9912
9763
10000
10000
9882
9919
10000
9925
10000
9951
10000
10000
9896
9885
9899
9888
9827
10000
10000
10000
9973
9922
10000
9928
9913
9957
9905
9896
9931
10000
9864
10000
9916
9906
9814
9918
9766
10000
9908
9883
10000
9958
9932
10000
9943
9823
10000
9897
9961
9822
9917
10000
10000
9901
9953
10000
9929
9924
9995
10000
10000
9999
10000
9949
9877
10000
9780
9978
9874
9917
9942
9932
9978
9957
9917
10000
9922
10000
9901
9999
9860
9936
10000
9898
9910
10000
10000
9934
10000
9957
10000
10000
9989
9919
9913
10000
9941
9887
9925
9938
9924
9967
9912
10000
9998
10000
9865
9954
9946
9998
9874
10000
9873
9936
9813
9916
9923
10000
9824
9999
9991
9876
9875
10000
9865
9856
10000
9921
9894
9800
9957
9934
10000
9768
9834
9976
9787
9950
10000
9948
9932
9928
10000
9945
9826
9929
10000
9878
9898
10000
9951
9993
10000
9882
9833
9925
9988
9899
9865
9755
10000
9846
9958
9965
9890
10000
10000
10000
9860
10000
9938
10000
9802
9868
9868
9846
9926
9966
9911
10000
9855
9890
9978
10000
9839
9921
10000
9963
9975
9809
10000
9886
10000
9906
9870
9912
9963
10000
9873
9983
10000
9895
9767
10000
9877
9736
10000
9875
9863
9959
9976
9856
10000
10000
10000
9990
10000
9838
10000
9952
10000
9992
10000
10000
9861
9906
9907
9940
9784
10000
9920
9767
9864
9933
9922
9900
9917
10000
9864
9845
9943
10000
9967
9999
9915
9879
9912
9961
9858
9887
9903
10000
9876
9960
9987
9893
10000
9919
10000
10000
10000
9919
9998
9880
9941
9957
10000
9917
9916
9976
9741
10000
9876
9926
10000
10000
10000
9994
9997
9947
9864
9828
10000
10000
10000
9995
9903
10000
10000
9878
9862
9912
9865
9947
9903
9914
10000
10000
9873
9946
9911
10000
9881
10000
