9947
9913
9943
9922
9917
9967
9916
9833
9847
9982
9918
9931
9839
9883
9942
9965
9844
9935
9932
9972
9955
9938
9928
9909
9915
9886
9778
9908
9957
9854
9884
9775
9917
9988
9881
9674
9885
9928
9935
9784
9947
9910
9795
9835
9857
9843
9761
9927
9906
9964
9925
9933
9930
9836
9872
9760
9908
9948
9891
9896
9904
9934
9904
9923
9937
9940
9935
9994
9948
9876
9805
9946
9980
9973
9914
10000
9938
9930
9924
9922
9954
9861
9895
9833
9910
9925
9771
9947
9970
9980
9959
9872
9868
9941
9916
9931
9946
9854
9894
9916
9929
9942
9834
9942
9839
9928
9948
9854
9859
9931
9805
9963
9806
9881
9817
9830
9974
9814
9918
9829
9850
9873
9946
9899
9875
9926
9935
9995
9894
9952
9940
9917
9924
9864
9868
9917
9809
9961
9880
9907
9996
9981
9822
9944
9912
9946
9875
9915
9922
9821
9878
9786
9997
9915
9897
9916
9897
9902
9865
9658
9947
9935
9862
9814
9965
9922
9890
9861
9887
9925
9917
9852
9914
9926
9878
9905
9936
9989
9951
9935
9895
9892
9949
9927
9970
9797
9974
9960
9925
9935
9879
9880
9972
9854
9943
9827
9969
9954
9845
9902
9989
9920
9990
9894
9976
9980
9959
9969
9912
9874
9888
9903
9880
9927
9957
9942
9933
9972
9894
10000
9860
9968
9788
9681
9852
9859
9920
9916
9790
9929
9905
9925
9881
9895
9990
9978
9943
9952
9927
9887
9810
9874
9869
9783
9877
9945
9882
9888
9885
9921
9913
9949
9973
9971
9924
9977
9826
9911
9955
9976
9988
9990
9819
9970
9962
9858
9916
9963
9959
9841
9871
9910
9871
9896
9883
9874
9864
9883
9923
9909
9925
9889
9870
9876
9893
9946
9961
9860
9859
9960
9997
9977
9967
9935
9862
9977
9945
9977
9881
9846
9987
9785
9954
9952
9846
9904
9913
9981
9886
9860
9955
9930
9957
9996
9893
9995
9925
9886
10000
9914
9985
9865
9958
9955
9823
9953
9890
9981
9886
9949
9917
9868
9955
9917
9976
9926
10000
9941
9820
9936
9796
9982
9964
9927
9889
9966
9924
9778
9922
9999
9821
9970
9823
9812
9948
9979
9970
9918
9913
9879
9980
9925
9935
9910
9931
9893
9921
10000
9804
9783
9921
9914
9921
9935
9887
9995
9803
9972
9890
9943
9982
9973
9909
9961
9788
9966
9954
9920
9980
9866
9973
9982
9937
9913
9712
9964
9992
9903
9877
9946
9890
9961
9889
9852
9800
9939
9875
9865
9865
9899
9811
9855
9812
9912
9986
9969
9823
9907
9945
9965
9971
9905
9946
9841
9923
9939
9967
9849
9928
9886
9985
9872
9858
9880
9944
9813
9919
9895
9918
9899
9802
9868
9888
9947
9898
9795
9829
9908
9840
9885
9969
9945
9925
9934
9904
9917
9920
9883
9883
9917
9964
9946
9733
9992
9953
9983
9873
9914
9959
9874
9958
9832
9887
9874
9807
9844
9982
9797
9906
9878
9969
9932
9945
9956
9921
9932
9937
9891
9855
9987
9796
9979
9927
9947
9854
9894
9936
9752
9867
9999
9993
9975
9947
9983
9933
9879
9894
9963
9911
9911
9763
9958
9859
9876
9915
9943
9848
9895
9912
9906
9977
9913
9775
9877
9909
9985
9942
9891
9894
9830
9992
9903
9985
9922
9833
9924
9891
9703
9876
9824
9912
9958
9891
9878
9709
9935
9943
9972
9885
9958
9969
9837
9872
9915
9801
9966
9875
9970
9813
9932
9927
9908
9928
9916
9989
9837
9917
9964
9961
9946
9933
9886
9986
9963
9891
9731
9863
9888
9894
9890
9976
9960
9883
9994
9895
9898
9966
9995
9949
9921
9791
9975
9907
9770
9909
9802
9804
9897
9934
9903
9915
9986
9869
9928
9951
9943
9897
9950
9913
9950
9982
9998
9817
9945
9897
9925
9935
9918
9894
9925
9949
9888
9999
9929
10000
9955
9926
9812
9908
9821
9951
9949
9889
9969
9902
9966
9825
9864
9881
9910
9851
9998
9937
9896
9911
9970
9936
9978
9998
9899
9977
9858
9883
9915
9960
9924
9962
9934
9896
9923
9868
9917
9988
9928
9953
9850
9996
9833
9752
9861
9919
9891
9883
9715
9918
9905
9919
9935
9820
9980
9979
9868
9989
9956
9975
9982
9934
10000
9936
9947
9830
9937
9969
9812
9808
9944
9884
9960
9874
9944
9889
9879
9864
9974
10000
9892
9919
9899
9913
9914
9979
9994
9933
9919
9850
9903
9996
9925
9904
9982
9989
9885
9939
9953
9983
9888
9927
9950
9841
9993
9930
9911
9941
9971
9959
9899
9882
9939
9839
9844
9861
9879
10000
9955
9965
9872
9929
9877
9900
9868
9884
9927
9934
9973
9901
9981
9902
9933
9743
9823
9784
9976
9969
9846
9894
9913
9929
9880
9888
9910
9969
9961
9880
9932
9868
9957
9966
9911
9918
9987
9933
9963
9932
9908
9998
9905
9956
9937
9977
9976
9816
9936
9954
9937
9823
9915
9904
9898
9949
9983
9827
9897
9828
9931
9906
9970
9909
9899
9966
9918
9907
9984
9952
9878
9908
9868
9903
9976
9695
9895
9944
9933
9995
9991
9974
9942
9947
9957
9925
9966
9933
9908
9994
9856
9819
9873
9924
9929
9839
9868
9974
9978
9769
9968
9921
9958
9920
9868
9900
9901
9943
9948
9943
9943
9975
9886
9925
9942
9939
9914
9902
9944
9929
9893
9990
9981
9979
9911
9872
9900
9983
9851
9994
9990
9821
9916
9944
9948
9925
9875
9968
9939
9934
9898
9923
9854
9922
9957
9922
9949
9933
9963
9812
9905
9946
9916
9941
9914
9978
9942
9964
9868
9963
9880
9916
9919
9864
9931
9830
9894
9993
9886
9915
9899
9842
9936
9891
9969
9879
9886
9987
9947
9910
9934
9976
9983
9910
9903
9999
9973
9965
9965
9890
9906
9909
9956
9949
9813
9908
9887
9994
9955
9959
9986
9934
9920
9903
9977
9923
9760
9902
9970
9936
9869
9987
9882
9970
9762
9872
9961
9869
9862
9942
9905
9990
9960
9991
9958
9941
9857
9766
9974
9907
9927
9906
9910
9916
9943
9945
9921
9886
9886
9864
9979
9780
9968
9990
9925
9914
9850
9984
9825
9952
9910
9896
9903
9859
9977
9948
9995
