9962
9958
9817
9874
9844
9875
9964
9917
9878
9935
9808
9988
9787
9825
9909
9942
9986
9877
9909
9933
9838
9929
9949
9948
9888
9955
9808
9937
9890
9938
9880
9906
9824
9865
9995
9982
9925
9988
9941
9943
9996
9811
9915
9895
9916
9982
9917
9921
9894
9939
9907
9995
9935
9905
9892
9921
9868
9774
9976
9887
9904
9916
9901
9980
9969
9866
9901
9961
9935
9936
9947
9889
9834
9892
9996
9942
9943
10000
9769
9958
9958
9974
9801
9953
9879
9972
9878
9980
9848
9905
9896
9993
9913
9935
9996
9952
9894
9975
9827
9943
9911
9920
9987
9909
9953
9921
9903
9925
9936
9799
9900
9803
9941
9936
9896
9882
9930
9879
9804
9981
9912
9959
9841
9907
9898
9904
9938
9871
9848
9787
9970
9990
9990
9933
9947
9983
9809
9843
9971
9930
9992
10000
9838
9879
9928
9866
9938
9935
9913
9810
9876
9899
9921
9962
9912
9955
9965
9989
9897
9900
9991
9937
9847
9979
9955
9958
9942
9911
9803
9852
9951
9917
9999
9942
9870
9824
9810
9946
9675
9873
9930
9930
10000
9882
9953
9970
9940
9992
9916
9958
9924
9929
9894
9950
9941
9907
9879
9865
9940
9997
9960
9930
9924
9961
9814
9979
9966
9911
9879
9980
9789
9887
9939
9981
9915
9874
9896
9972
9897
9880
9954
9953
9924
9994
9994
9907
9941
9954
9990
9929
9840
9959
9870
9902
9978
9911
9844
9872
9747
9733
9982
9800
9855
9915
9952
9928
9979
9850
9817
9804
9935
9915
9925
9801
9849
9917
9902
9969
9993
9805
9980
9834
9879
9983
9974
9988
9925
9874
9920
9953
9955
9923
9790
9893
9898
9861
9967
9916
9823
9950
9936
9950
9998
9925
9979
9999
9859
9883
9773
9880
9895
9916
9934
9912
9967
9891
9970
9890
9933
9840
9849
9923
9922
9950
9963
9913
9855
9921
9997
9882
9868
9902
9992
9977
9956
9958
9964
9963
9890
9855
9923
9818
9895
9937
9834
9901
9926
9893
9851
9913
9860
9901
9924
9999
9872
9803
9996
9834
9965
9957
9948
9986
9957
9978
9931
9983
9995
9986
9950
9946
9981
9844
9811
9912
9832
9884
9901
9982
9860
9965
9811
9825
9996
9828
9969
9997
9996
9866
9959
9918
9795
9913
9931
9851
9781
9955
9954
9879
9983
9965
9975
9935
9904
9907
9947
9983
10000
9853
9956
9960
9888
9949
9892
9929
9865
9915
9881
9947
9878
9967
9898
9936
9920
9903
9969
9809
9828
9997
9927
9999
9926
9884
9889
9837
9936
9909
9781
9841
9976
9939
9937
9804
9851
9836
9955
9923
9945
9886
9943
9971
9944
9905
9983
9820
9998
9876
9918
9876
9934
9861
9953
9985
9841
9976
9894
9964
9913
9918
9892
9739
9893
9891
9960
9934
9945
9928
9880
9910
9875
9853
9971
9908
9901
9894
9845
9937
9986
9947
9947
9878
9996
9935
9886
9935
9869
9865
9867
9830
9930
9990
9945
9935
9887
9979
9959
9897
9912
9967
9859
10000
9724
9995
9926
9996
9820
9849
9985
9867
9951
9893
9904
9847
9952
9885
9833
9890
9895
9992
9939
9933
9831
9906
9979
9972
9936
9941
9920
9901
9920
9913
9970
9941
9879
9969
9905
9954
9919
9903
9978
9933
9881
9998
9907
9913
9920
9892
9986
9984
9822
9914
9859
9917
9893
9963
9961
9944
9958
9872
9874
10000
9926
9997
9872
9972
9929
9880
9930
9970
9957
9924
9894
9940
9918
9912
9921
9888
9953
9864
9978
9959
9895
9922
9997
9967
9889
9985
9903
9995
9967
9864
9875
9909
9836
9993
9991
9881
9838
9865
9832
9966
10000
10000
9957
9883
9863
9955
9814
9949
9948
9933
9911
9875
9856
9856
9943
9965
9907
9941
9865
9999
9864
9877
9918
9947
9955
9916
9889
9853
9784
9965
9961
9815
9900
9915
9846
9992
9891
9929
9915
9978
9925
9939
9958
9926
9942
9908
9901
9913
9993
9797
9874
9814
9935
9965
9975
9947
9983
9838
9974
9855
9889
9988
9972
9870
9971
9964
9975
9822
9984
9827
9803
9965
9891
9995
9998
9934
9953
9984
9947
9905
9902
9935
9865
9930
9908
9999
9960
9900
9915
9903
9769
9774
9951
9886
9935
9900
9954
9838
9913
9963
9915
9898
9955
9960
9913
9910
9942
9976
9963
9973
9979
9935
9970
9966
9843
9945
9976
9879
9898
9841
9930
9901
9984
9991
9851
9887
9829
9927
9973
9992
9921
9993
9970
9852
9941
9924
9953
9981
9897
9992
9973
9864
9973
9852
9880
9810
9926
9942
9939
9997
9978
9963
9966
9923
9946
9954
9895
9931
9968
9989
9978
9970
9953
9949
9998
9930
9999
9911
9905
9930
9905
9939
9952
9965
9870
9849
9893
9923
9895
9932
9899
9864
9982
9922
9897
9888
9996
9885
9992
9886
9957
9923
9995
9960
9947
9884
9940
9804
9995
9974
9985
9994
9934
9855
9908
9950
9885
9961
9886
9956
9802
9868
9988
9933
9878
9970
9995
9992
9818
9999
9921
9924
9999
9957
9958
9913
9946
9946
9907
9925
9957
9922
9899
9890
9858
9930
9945
9949
9964
9934
9950
9760
9934
9986
9941
9960
9920
9935
9986
9912
9910
9999
9884
9832
9894
9757
9951
9832
9824
9977
9999
9980
9971
9789
9941
9964
9975
9942
9904
9957
9884
9924
9851
9953
9952
9886
9954
9943
9813
9937
9893
9988
9825
9936
9885
9825
9952
9985
9920
9932
9876
9946
9825
9925
9893
9939
9981
9947
9968
9900
9864
9976
9947
9926
9959
9915
9972
9986
9991
9858
9901
9854
9944
9908
9976
9952
9889
9889
9989
9972
9888
9896
9934
9997
9958
9996
9887
9907
9898
9885
9988
9876
9897
9926
9961
9992
9847
9951
9967
9989
9896
9955
9968
9903
9951
9965
10000
9971
9989
9843
9905
9944
9947
9865
9891
9861
9740
9907
9948
9832
9933
9989
9950
9927
9993
9896
9871
9871
9956
9916
9978
9954
9915
9912
9996
9975
9998
9902
9979
9952
9919
9956
9949
9984
9854
9856
9869
9994
9985
9968
9952
9913
9984
9837
9959
9854
9983
9916
9851
9858
9893
9891
9902
9892
9793
9985
9895
9896
9997
9881
