9829
9788
9907
9931
9940
9917
9914
9884
9728
9949
9938
9893
9906
9967
9916
9914
9888
9988
9835
9963
9892
9933
9975
9877
9897
9949
9933
9924
9842
9955
9931
9911
9845
9952
9821
9896
9802
9899
9991
9762
9916
9941
9979
9928
9913
9919
9917
9881
9997
9836
9920
9931
9927
9958
9945
9954
9817
9896
9947
9915
9902
9907
9955
9937
9755
9906
9959
9975
9862
9938
9897
9899
9881
9934
9936
9847
9923
9976
9915
9900
9954
9806
9963
9823
9937
9920
9884
9916
9876
9912
9822
9990
9990
9974
9937
9933
9875
9982
9947
9903
9822
9829
9859
9888
9985
9860
9946
9957
9904
9714
9974
9938
9969
9948
9862
9970
9891
9846
9953
9881
9866
9880
9852
9840
9917
9908
9903
9933
9962
9863
9954
9887
9949
9972
9933
9848
9942
9986
9960
9838
9860
9851
9952
9860
9924
9962
9867
9910
9974
9832
9998
9879
9973
9763
9993
9849
9914
9872
9793
9941
9890
9948
9958
9811
9829
9894
9955
9928
9981
9932
9939
9894
9981
9974
9778
9909
9981
9973
9899
9802
9961
9863
9995
9903
9953
9846
9950
9960
9912
9874
9859
9939
9759
9917
9874
9957
9959
9855
9893
9953
9823
9940
9978
9971
9852
9953
9863
9940
9969
9846
9934
9954
9902
9832
9884
9948
9874
9900
9933
9910
9916
9974
9947
9913
9863
9917
9946
9934
9948
9921
9985
9913
9976
9883
9991
9925
9897
9957
9933
9912
9846
9912
9930
9965
9814
9984
9995
9895
9895
9759
9942
9902
9880
9877
9840
9866
9878
9953
9910
9965
9874
9846
9918
9885
9897
9847
9894
9941
9960
9946
9923
9920
9999
9981
9937
9985
9968
9964
9930
9867
9890
9728
9853
9928
9895
9967
9886
9997
9830
9884
9909
9989
9923
9902
9895
9820
9989
9905
9940
9767
9987
9917
9933
9786
9849
9973
9905
9980
9908
9930
9868
9756
9946
9912
9895
9796
9827
9914
9860
9869
9942
9915
9965
9922
9886
9910
9920
9898
9865
9962
9951
9875
9923
9978
9905
9792
9922
9835
9745
9898
9882
9818
9919
9916
9908
9896
9803
9917
9888
9899
9993
9901
9943
9916
9872
9961
9943
9913
9869
9905
9870
9943
9950
9873
9898
9886
9976
9846
9829
9779
9882
9919
9984
9956
9859
9818
9881
9937
9869
9852
9970
9890
9833
9832
9942
9882
9891
9955
9853
9853
9910
9937
9876
9953
9937
9877
9976
9958
9895
9772
9956
9930
9949
9862
9974
9994
9831
9912
9902
9925
9875
10000
9923
9931
9947
9876
9941
9927
9984
9988
9988
9964
9997
9869
9909
9946
9921
9878
9887
9879
9860
9834
9902
9848
9910
9915
9745
9976
9873
9998
9958
9958
9913
9919
9921
9912
9840
9767
9878
9866
9860
9902
9864
9935
9927
9843
9867
9803
9978
9943
9971
9955
9934
9877
9808
9915
9696
9925
9931
9866
9979
9904
9934
9905
9909
9841
9811
9977
9942
9914
9935
9899
9917
9885
9739
9946
9855
9915
9890
9939
9895
9890
9853
9944
9954
9947
9910
9944
9955
9908
9986
9865
9829
9854
9836
9903
9887
9899
9885
9948
9902
9886
9943
9926
9900
9912
9918
9839
9963
9937
9891
9944
9916
9807
9832
9776
9885
9871
9894
9898
9917
9960
9977
9885
9941
9927
9927
9929
9925
9876
9909
9920
9845
9826
9923
9950
9843
9813
9919
9876
9812
9954
9903
9878
9879
9965
9759
9946
9979
9932
9808
9855
9972
9856
9958
9971
9905
9898
9930
9950
9914
9865
9963
9958
9877
9896
9895
9867
9873
9799
9925
9906
9874
9986
9959
9949
9937
9922
9819
9827
9989
9830
9905
9908
9909
9869
9902
9815
9952
9981
9917
9713
9913
9886
9899
9861
9928
10000
9876
9974
9975
9836
9962
9911
9965
9868
9851
9768
9820
9999
9891
9745
9831
9926
9818
9869
9891
9920
9931
9894
9946
9895
9968
9916
9960
9919
9872
9887
9957
9838
9986
9901
9887
9849
9939
9949
9871
9931
9874
9912
9917
9839
9906
9913
9856
9829
9876
9822
9989
9888
9934
9906
9921
9917
9942
9975
9903
9956
9888
9868
9946
9852
9968
9956
9893
9970
9915
9945
9962
9895
9935
9874
9859
9932
9951
9773
9894
9946
9978
9908
9915
9883
9901
9862
9824
9923
9767
9992
9906
9911
9845
9888
9826
9912
9950
9937
9960
9956
9922
9829
9937
9858
9897
9934
9885
9908
9937
9945
9959
9807
9956
9901
9914
9975
9834
9817
9928
9835
9949
9912
9923
9761
9878
9968
9830
9939
9962
9963
9918
9843
9925
9793
9945
9820
9903
9898
9990
9862
9898
9920
9935
9956
9852
9922
9934
9908
9869
9963
9885
9781
9901
9921
9930
9858
9851
9915
9934
9950
9902
9876
9920
9868
9930
9944
9774
9850
9849
9956
9905
9882
9862
9923
9916
9891
9939
9989
9802
9781
9821
9952
9959
9844
9997
9881
9920
9835
9983
9963
9901
9879
9779
9885
9967
9876
9955
9863
9906
9905
9900
9833
9880
9928
9948
9877
9992
9903
9847
9920
9937
9893
9851
9896
9972
9751
9893
9927
9911
9849
9882
9923
9944
9874
9928
9983
9923
9968
9845
9806
9897
9926
9770
9886
9858
9876
9956
9933
9907
9894
9935
9973
9895
9835
9967
9885
9978
9870
9939
9882
9831
9965
9962
9948
9881
9849
9831
9800
9906
9936
9819
9916
9996
9984
9886
9920
9943
9885
9905
9826
9914
9898
9914
9950
9982
9961
9897
9886
9899
9988
9981
9916
9891
9919
9878
9933
9841
9942
9927
9914
9883
9782
9908
9916
9704
9866
9982
9770
9937
9914
9877
9898
9760
9962
9916
9944
9895
9907
9906
9931
9927
9907
9924
9963
9898
9965
9894
9940
9952
9853
9863
9970
9830
9759
9907
9906
9903
9938
9917
9942
9847
9890
9986
9908
9896
9959
9906
9803
9883
9877
9904
9967
9801
9859
9856
9822
9867
9960
9973
9909
9919
9908
9911
9786
9879
9923
9967
9927
9965
9952
9863
9915
9859
9995
9947
9869
9940
9903
9639
9893
9971
9828
9893
9973
9910
9907
9922
9907
9934
9985
9922
9842
9955
9948
9865
9977
9828
9869
9907
9851
9887
9930
