9909
9866
9806
9880
9912
9982
9970
9943
9924
9915
9925
9923
9992
9941
9702
9898
9807
9925
9985
9843
9826
9962
9930
9972
9883
9987
9881
9826
9931
9983
9917
9872
9898
9663
9935
9884
9861
9913
9940
9934
9900
9991
9862
9953
9998
9902
9873
9900
9839
9971
10000
9795
9947
9933
9952
9864
9882
9844
9881
9965
9870
9925
9927
9811
9930
9892
9955
9901
9919
9937
9971
9933
9952
9891
9942
9858
9936
9959
9932
9973
9987
9877
9887
9875
9897
9999
9926
9914
9921
9928
9929
9849
9956
9974
9806
9896
9901
9826
9926
9924
9959
9928
9913
9910
9946
9975
9882
9924
9758
9937
9936
9877
9887
9948
9791
9972
9934
9874
9987
9881
9838
9970
9895
9813
9984
9866
9833
9944
9889
9902
9875
9952
9879
9924
9874
9897
9922
9847
9962
9907
9743
9933
9974
9926
9961
9892
9914
9972
9884
9934
9936
9900
9896
9972
9930
9969
9929
9889
9915
9891
9968
9845
9897
9838
9848
9847
9943
9945
9978
9963
9998
9999
9937
9908
9908
9886
9925
9881
9882
9978
9945
9883
9978
9892
9947
9943
9971
9893
9848
9926
9815
9922
9846
9854
9910
9868
9877
9946
9879
9960
9947
9917
9941
9855
9846
9801
9958
9963
9943
9948
9924
9874
9815
9878
9844
9874
9776
9948
9995
9843
9941
9935
9997
9951
9977
9819
9877
9916
9878
9936
9899
9953
9974
9931
9887
9885
9990
9927
9952
9841
9916
9912
9909
9985
9930
9871
9961
9886
9952
9919
9905
9888
9987
9953
9947
9892
9810
9987
9961
9872
9854
9976
9835
9954
9936
9900
9945
9943
9868
9920
9899
9782
9879
9952
9961
9808
9861
9795
9822
9843
9925
9931
9887
9836
9955
9909
9802
9884
9880
9941
9899
9954
9872
9959
9938
9905
9940
9894
9808
9928
9950
9922
9927
9921
9905
9948
9904
9984
9946
9926
9850
9933
9904
9877
9961
9920
9807
9791
9919
9833
9893
9971
9890
9966
9982
9885
9852
9852
9834
9836
9970
9916
9962
9935
9953
9876
9756
9827
9899
9907
9916
9861
9905
9982
9919
9956
9954
9948
9942
9881
9875
9940
9922
9906
9940
9886
9868
9913
9987
9938
9899
9750
9802
9845
9881
9970
9826
9928
9937
9919
9926
9772
9914
9905
9913
9933
9721
9800
9922
9907
9919
9890
9957
9980
9876
9968
9926
9953
9889
9879
9972
9961
9980
9976
9992
9902
9966
9880
9936
9826
9938
9869
9941
9862
9881
9920
9889
9953
9884
9948
9903
9901
9849
9933
9902
9751
9940
9938
9833
9905
9966
9923
9952
9874
9998
9990
9850
9973
9871
9949
9906
9989
9890
9919
9886
9915
9894
9858
9925
9837
9921
9962
9976
9906
9782
9989
9914
9914
9954
9929
9965
9853
9913
9837
9885
9768
9948
9922
9882
9935
9990
9927
9871
9866
9800
9848
9954
9813
9977
9872
9896
9934
9907
9981
9933
9909
9935
9956
9941
9875
9851
9985
9952
9975
9935
9883
9931
9951
9818
9928
9916
9915
9924
9922
9954
9997
9988
9863
9886
9916
9983
9767
9968
9813
9938
9910
9864
9870
9886
9880
9904
9962
9953
9866
9952
9966
9928
9964
9733
9988
9861
9941
9808
9832
9948
9965
9944
9899
9925
10000
9956
9825
9921
9931
9901
9782
9883
9946
9922
9994
9831
9996
9915
9974
9862
9868
9904
9939
9900
9958
9843
9924
9979
9834
9922
10000
9802
9941
9910
9996
9894
9919
9970
9931
9988
9974
9913
9989
9913
9918
9929
9983
9968
9923
9935
9916
9999
9922
9946
9912
9965
9831
9912
9849
9892
9932
9899
9961
9898
9939
9768
9951
9891
9908
9948
9914
9957
9906
9977
9911
9871
9890
9883
9908
9933
9933
9857
9919
9951
9988
9867
9942
9958
9821
9971
9915
9949
9844
9858
9894
9910
9952
9922
9895
9863
9946
9875
9983
9923
9956
9862
9924
9909
9868
9890
9877
9801
9962
9937
9939
9956
9933
9844
9985
9941
9913
9875
9986
9856
9938
9869
9912
9927
9894
9949
9940
9976
9924
9933
9924
9783
9941
9857
9896
9920
9904
9948
9978
9989
9978
9822
9959
9908
9968
9724
9783
9793
9883
9945
9954
9962
9885
9845
9918
9954
9881
9971
9871
9957
9889
9841
9934
9944
9847
9787
9873
9911
9890
9968
9986
9932
9986
9965
9958
9914
9982
9847
9995
9961
9953
9898
9971
9892
9998
9929
9893
9981
9904
9897
9886
9917
9961
9865
9989
9845
9910
9884
9926
9986
9916
9907
9897
9956
9886
9976
9769
9925
9936
9864
9988
9905
9935
9965
9950
9938
9876
9876
9858
9916
9809
9974
9914
9822
9974
9890
9911
9910
9847
9946
9876
9971
9923
9898
9879
9920
9884
9834
9960
9915
9970
9844
9923
9729
9942
9964
9967
9969
9928
9891
9782
9882
9977
9993
9896
9913
9925
9903
9949
9925
9937
9941
9904
9903
9864
9929
9934
9882
10000
9903
9878
9994
9938
9902
9886
9926
9923
9999
9776
9861
9966
9895
9972
9999
9913
9965
9944
9873
9789
9919
9839
9913
9943
9833
9865
9967
9842
9951
9953
9945
9907
9970
9938
9897
9817
9903
9819
9841
9956
9930
9945
9943
9948
9970
9936
9974
9892
9850
9926
9997
9917
9939
9898
9942
9871
9906
9855
9919
9870
9909
9898
9947
9972
9957
9937
9925
9981
9929
9905
9910
9963
9848
9933
9991
9968
9986
9953
9976
9978
9899
9994
9910
9976
9888
9929
9895
9888
9933
9819
9954
9953
9946
9888
9964
9889
9882
9979
9881
9979
9811
9939
9828
9804
9923
9934
9940
9959
9907
9896
9925
9837
9891
9896
9964
9897
9875
9817
9912
9883
9999
9856
9898
9965
9932
9893
9913
9906
9948
9929
9886
9861
9903
9892
9885
9983
9844
9991
9994
9906
9904
9901
9909
9933
9972
9979
9904
9900
9999
9921
9926
9873
9899
9901
9900
9903
9825
9944
9826
9907
9923
9964
9789
9733
9897
9877
9961
9960
9901
9870
9944
9933
9875
9940
9974
9954
9851
9957
9888
9923
9657
9904
9931
9877
9967
9842
9825
9868
9771
9764
9889
9876
9978
9983
9864
9950
9846
9910
9834
9968
9903
9818
