9889
9919
9947
9908
9970
9921
9980
9904
9965
9901
9878
9842
9948
9903
9869
9818
9929
9879
9913
9944
9966
9969
9909
9985
9982
9917
9947
9918
9909
9878
9922
9907
9947
9900
9857
9904
9967
9955
9992
9966
9997
9879
9907
9956
9750
9998
9902
9987
9997
9996
9935
9906
9740
9959
10000
9882
9977
9889
9858
10000
9914
9873
9958
9926
9903
9923
9907
9958
9936
9902
9970
9932
9990
9961
9903
9891
9831
9943
9853
9948
9912
9971
9944
9788
9804
9965
9907
9847
10000
9785
9956
9904
9905
9945
9893
9945
9948
9935
9910
9817
9853
9936
9854
9901
9928
9856
9963
9974
9796
9850
9963
9966
9940
9989
9786
9995
9719
9963
9860
9927
9952
9965
9957
9994
9960
9976
10000
9955
9892
9954
9986
9928
9901
9961
9941
9944
9972
9919
9895
9977
9919
9913
9927
9835
9941
9924
9858
9903
9878
9881
9848
9912
9873
9961
9873
9841
9987
9891
9937
9985
9901
9831
9888
9911
9933
9941
9747
9965
9803
9989
9934
9973
9876
9945
9904
9940
9962
9989
9912
9895
9896
9917
9929
9892
9890
9983
9899
9950
9933
9919
9853
9894
9960
9919
9954
9946
9940
9915
9768
9925
9831
9926
9969
9994
9910
9848
9961
9904
9884
9961
9963
9997
9859
9978
9895
9899
9929
9950
9863
9914
9903
9915
9913
9975
9918
9916
9999
9941
9975
9941
10000
9890
9932
9838
9961
9951
9921
9915
9875
9954
9896
9941
9888
9871
9964
9911
9984
9865
9747
9895
9930
9997
9908
9907
9950
9906
9977
9823
9942
9918
9926
9944
9924
9902
9905
9836
9879
9954
9909
9861
9941
9948
9908
9986
9918
9905
9940
9984
9767
9999
9984
9921
9836
9916
9961
9816
9942
9974
9932
9950
9939
9908
9993
9934
9929
9739
9953
9991
9974
9904
9843
9939
9943
9965
9969
9864
9936
9946
9901
9966
9996
9913
9821
9850
9906
9919
9995
9992
9965
9957
9903
9909
9874
9912
9939
9933
9976
9970
9948
9963
9939
9999
9931
9951
9976
9921
9938
9867
9958
9890
9903
9930
9808
9972
9867
9936
9933
9743
9900
9961
9918
9982
9860
9868
9985
9933
9914
9999
9943
9923
9963
9962
9958
9866
9963
9995
9991
9998
9910
9863
9896
9965
9704
9859
9930
9835
9936
9892
9945
9921
9936
9953
9962
9910
9986
9830
9956
9742
9994
9962
9917
9938
9874
9874
9895
9935
9929
9920
9980
9878
9936
9952
9826
9971
9948
9904
9956
9923
9956
9986
9852
9949
9956
9901
9906
9974
9940
9867
9922
9916
9986
9973
9939
9910
9880
9620
9899
9913
9786
9917
9720
9863
9693
9998
9915
9946
9977
9937
9919
9888
9980
9902
9862
9803
9979
9824
9965
9992
9923
9961
9868
9923
9947
9925
9868
9910
9875
9981
9920
9888
9989
9921
9946
9943
9916
9877
9974
9908
9946
9974
9961
9902
9877
9734
9927
9835
9911
9730
9929
9928
9998
9865
9989
9892
9931
9879
9944
9843
9778
9993
9930
9793
9904
9996
9941
9820
9963
9828
9936
9979
9863
9975
9934
9973
9849
9949
9936
9986
9924
9791
9965
9961
9923
9911
9986
9913
9956
9908
9944
9961
9950
9899
9937
9918
9762
9963
9987
9842
9997
9873
9984
9666
9985
9993
9884
9891
9957
9990
9842
9948
9892
9782
9913
9945
9859
9985
9862
9936
9906
9951
9803
9803
9868
9956
9983
9980
9898
9940
9899
9910
9995
9856
9957
9793
9866
9918
9842
9883
9859
9929
9942
9980
9975
9953
9781
9880
9988
9991
9923
9824
9936
9981
9990
9922
9811
9941
9920
9825
9982
9978
9917
9971
9935
9888
9975
9866
9878
9916
9963
9999
9845
9884
9922
9963
9855
9895
9971
9907
9972
9957
9910
9916
9898
9846
9945
9928
9940
9948
9811
9928
9982
9879
9841
9980
9934
9879
9947
9925
9848
9987
9984
9889
9901
9972
9863
9793
9923
9872
9964
9952
9913
9845
9896
9876
9980
9973
9962
9902
9895
9970
9959
9851
9998
9970
9962
9976
9953
9962
9852
9850
9944
9897
9876
9925
9984
9930
9942
9965
9919
9925
9864
9931
9960
9929
9939
9976
9974
9888
9935
9855
9835
9940
9959
9867
9938
9833
9899
9889
9947
9914
9932
9942
9871
9889
9857
9944
9936
9998
9865
9927
9980
9834
9850
9991
9941
9946
9944
9811
9945
9998
9957
9995
9918
9863
9960
10000
9984
9954
9941
9900
9949
9952
9965
9950
9981
9871
9963
9908
9980
9918
9994
9952
9923
9900
9997
9932
9998
9954
9908
9847
9958
9908
9943
9916
9893
9948
9953
9979
9844
9921
9935
9979
9884
9987
9993
9910
9885
9844
9888
9863
9980
9885
9908
9906
9962
9948
9923
9889
9886
9903
9986
9856
9958
9970
9934
9900
9983
9930
9885
9921
9911
9992
9913
9990
9847
9918
9852
9964
9864
9877
9929
9838
9969
9818
9913
9890
9953
9955
9994
9878
9958
9853
9895
9891
9898
9917
9986
9935
9981
10000
9911
9885
9903
9884
9884
9943
9815
9965
9937
9945
9981
9925
9890
9936
9782
9995
9870
9903
9929
9998
9931
9949
9924
9948
9889
9957
9887
9952
9892
9847
9786
9915
9940
9938
9917
9907
9938
9987
9886
9962
9942
9781
9899
9883
9965
9964
9930
9891
9809
9986
9681
9871
9930
9999
9918
9974
9928
10000
9992
9935
9995
9973
9963
9922
9948
9966
9906
9992
9880
9900
9913
9990
9787
9976
9930
9855
9933
9949
9998
9911
9759
9894
9856
9996
9900
9910
9966
9933
9978
9888
9996
9991
9862
9889
9933
9947
9951
9889
9735
9946
9989
9998
9949
9960
9892
9888
9954
9900
9924
9962
9884
9922
9896
9904
9990
9909
9901
9898
9971
9942
9914
9914
9871
9848
9884
9896
9902
9995
9907
9997
9994
9872
9827
9972
9878
9760
9917
9934
9942
9973
9946
9984
9861
9851
9855
9931
9719
9997
9928
9948
9859
9970
9995
9951
9829
9956
9787
9875
9907
9865
9940
9865
9734
9935
9920
9960
9888
9991
9904
9933
9867
9954
9995
9823
9860
9970
9912
9906
9839
9810
9889
9906
9882
9946
9755
9946
9938
9907
9977
9913
