9989
9873
9951
9837
9939
9975
9983
9941
9892
9971
9979
9891
9890
9931
9915
9894
9990
9857
9970
9960
9967
9922
9997
9944
9897
9970
9999
9916
9883
9918
9997
9927
9977
9965
9961
9881
9926
9943
9962
9953
9997
9897
9903
9932
9973
9991
9998
9983
9972
9972
9969
9897
9994
9898
9889
9901
9962
9935
9904
9923
9855
9894
9977
9951
9995
9972
9915
9966
9991
9957
9907
9981
9998
9835
9906
9996
9986
9944
9920
9991
9950
9982
9944
9935
9992
9982
9947
9747
9938
9967
9946
9975
9999
9861
9991
9889
9995
9969
9875
9931
9899
9899
9825
9937
9962
10000
9966
9934
9944
9900
9953
9974
9928
9857
9920
9905
9949
9868
9952
9978
9911
9947
9948
9838
9832
9869
9987
9996
9949
9964
9936
9948
9933
9849
9997
9999
9953
9982
9916
9960
9978
9966
9937
9928
9970
9970
9984
9912
9849
9997
9984
9996
9947
9947
9968
9989
9917
9886
9989
9969
9858
9956
9936
9963
9952
9931
9994
9994
9986
9998
9942
9886
9933
10000
9939
9942
9833
9993
9935
9865
9890
9934
9948
10000
10000
9997
9884
9968
9999
9949
9994
9903
9918
9832
9970
9991
9933
9716
9986
9999
9990
9996
9913
9955
9887
9869
9967
9935
9983
9965
9985
9999
9853
9949
9851
9953
9981
9974
9820
9742
9993
9916
9946
9924
9908
9985
9980
9915
9950
9968
9980
9995
10000
9788
9930
9941
9970
9924
9998
9956
9923
9951
9898
9977
9899
9918
9934
9932
9901
9958
9877
9876
9924
9998
9983
9978
9843
9955
9935
9939
9941
9987
9960
9927
9886
9865
9999
9955
9916
9937
9991
9784
9975
9963
9944
9974
9911
9823
9955
9946
9950
9944
9970
9909
9916
9960
9970
9941
9939
9977
10000
9994
9983
9979
9916
9889
9960
9931
9998
9996
9956
9842
9997
9926
9995
9931
9935
9993
9980
9979
9986
9907
9996
9999
9919
9963
9996
9950
9881
9996
9929
9928
9994
9991
9988
9977
9914
9962
9974
9985
9927
9805
9932
9978
9890
9993
9989
9920
9944
9851
9983
9858
9977
9954
9939
9913
10000
9941
9823
9988
9987
9996
9991
9970
9946
9957
9967
9912
9899
9902
9849
9955
9966
9991
9852
9884
9953
9864
9831
9923
9958
9736
9975
9875
9772
9913
9973
9991
9996
9991
9865
9835
9924
9980
9944
9878
9960
9959
9897
9892
9987
9998
9985
9955
9980
9971
9968
9806
9994
9950
9959
9922
9802
9796
9909
9967
9914
9972
9975
9908
9961
9961
9928
9978
9951
9991
9996
9981
9997
9939
9895
9977
9991
9947
9975
9906
9966
9997
9971
9901
9979
9970
9906
9912
9986
9990
9734
9898
9952
9965
9822
9941
9983
9954
9835
9827
9939
9935
9926
9987
9913
9997
9800
9983
9978
9961
9875
9938
9996
9905
9976
10000
9975
9964
9920
9880
9887
9925
9973
9982
9903
9996
9943
9982
9982
9966
9961
9977
10000
9997
9898
9994
9979
9873
9863
9976
9984
9967
9953
9965
9929
9920
9984
9925
9972
9938
9974
9937
9999
9880
9885
9957
9927
9927
9996
9933
9999
10000
9892
9841
9905
9882
9912
9960
9927
9939
9969
9945
9811
9990
9989
9920
9980
9906
9847
9876
9927
9999
9969
9915
9936
9775
9910
9896
9923
9940
9967
9935
9991
9948
9879
9897
9957
9986
9971
9828
9860
9909
9891
9990
9940
9967
9986
9961
9947
9981
9988
9967
9861
9933
9996
9908
9904
9990
9910
9874
9992
9979
9930
9997
9904
9927
9964
9920
9842
9990
9916
9906
9979
9842
9847
9999
9844
9863
9927
9941
9991
9999
9961
9939
9985
9980
9778
9986
9839
9958
9940
9926
9979
9996
9895
9992
9895
9916
9890
9853
9944
9984
9862
9996
10000
9992
9936
9855
9943
9928
9882
9940
9908
9858
9923
9849
9916
9843
9951
9967
9977
9827
9896
9892
9914
9945
9977
9970
9959
10000
9930
9990
9936
9906
9995
9977
9839
9926
9959
9942
9886
9940
9989
9962
9936
9890
9924
9891
9963
9962
9979
9931
9917
9972
9995
9988
9926
9834
9954
9894
9981
9990
9946
9965
9994
9968
9916
9944
9998
9883
9920
9940
9847
9903
9873
9976
9999
9925
9929
9938
9946
9922
9998
9882
9997
10000
9915
9874
9986
9967
9987
10000
9957
9887
9942
9996
9912
9996
9962
9882
9988
9986
9992
9887
9934
9962
9938
9941
9910
9877
9902
9917
9926
9789
9979
9979
9922
9867
9814
9985
9990
9985
9995
9947
10000
9973
10000
9990
9944
9993
9957
9999
9935
9940
9954
10000
9839
9995
9950
9886
9901
9967
9993
9990
9925
9982
9881
9994
9789
9999
9951
9925
9948
9959
9975
9872
9989
9915
9981
9914
9903
9869
9890
9990
9977
9920
9926
9896
9933
9942
9999
9933
9987
9903
9999
9994
9984
9917
9876
9890
9990
9956
9903
9949
9984
9915
9817
9851
9941
9949
9899
9917
9978
9927
9924
9991
9945
9957
9824
9994
9893
9930
9932
9904
9964
9988
9998
9984
9913
9909
9976
9944
9997
9961
10000
9963
9930
9939
9948
9886
9995
9993
9931
9958
9943
9991
9933
9999
9977
9940
9874
9909
9779
9936
9999
9929
9876
9894
9930
9966
9887
9990
9983
9885
9926
9844
9950
9920
9922
9960
9962
9944
9905
9997
9910
9954
9909
9951
9966
9948
9982
9949
9996
9775
9983
9923
9923
10000
9982
9921
9849
9800
9868
9876
9930
9996
9898
9937
9906
9933
9941
9918
9924
9930
9995
9864
9883
9943
9966
9963
9904
10000
9961
9963
9821
9975
9887
9931
9913
9993
9935
10000
9973
9975
9924
9931
9950
9963
9991
9955
9979
9951
9965
9935
9833
9940
9949
9916
9985
9978
9871
9984
9980
9929
9989
9926
9953
9968
9999
9923
9842
9983
9989
9817
9874
9980
9943
9997
9941
9890
9943
9993
9983
9999
9956
9927
9843
9924
9993
9789
9937
10000
9907
9819
9899
9989
9965
9863
9991
9965
9940
9950
9926
9992
9926
9946
9914
9932
9959
9941
9977
9942
9993
9998
9953
9895
9891
9949
9959
9993
9926
9983
9938
9878
9933
9861
9857
10000
9944
9914
9912
9961
9946
9914
