9995
10000
9993
9988
9978
9989
10000
10000
9975
9995
10000
9994
9999
10000
10000
9996
9996
10000
9982
9996
9989
9992
9965
9940
10000
9998
9996
9982
9997
9990
9991
9993
9995
9997
9974
9999
9998
10000
9986
9975
10000
9997
9991
9961
9979
9928
10000
9984
9987
9990
9999
10000
9992
9998
10000
10000
10000
9992
9999
9994
9995
9984
9999
9998
9982
9992
9997
9991
9980
9979
9986
9991
9985
9999
9985
10000
9946
9991
9892
10000
9977
10000
9909
9999
9936
9998
9999
9993
9997
10000
9986
9934
9996
9999
9985
9994
10000
9999
9997
9982
9982
9994
9996
10000
9921
9999
9933
9826
9975
9992
9985
9998
9968
9999
10000
9995
9899
9985
9974
9982
9983
9990
9990
9958
9995
9955
10000
9932
9988
9993
9962
9960
9994
9998
9978
9949
9992
9951
9998
9994
10000
9993
10000
10000
10000
9987
9999
9969
9995
9950
10000
10000
9933
9931
9997
9990
9975
9975
9999
9992
9989
9992
9976
9992
9991
9999
9997
9938
9978
9996
9999
9983
9983
9999
9982
9996
9984
9977
10000
9994
9966
9998
9994
10000
9998
10000
9979
9969
9993
10000
9981
9996
9980
10000
9998
10000
9984
10000
9961
9998
9932
9937
9993
9987
9988
9996
9991
9999
9997
9978
9999
10000
10000
9927
9999
9997
9998
9997
9983
9906
9975
9974
10000
9999
9995
9890
9979
10000
9976
10000
9988
10000
9999
9918
10000
9996
10000
9967
9955
9992
9990
9985
9997
9932
9973
9997
9979
9999
10000
9991
9999
9971
9924
9928
9994
9998
9989
9996
9960
10000
9994
9983
9988
9982
9920
9992
9996
9975
9998
9995
10000
9996
9998
9961
9997
9989
9994
10000
9966
9995
9970
9938
9997
10000
9987
9920
9999
9992
9966
9931
9969
9996
9951
9999
9994
9998
9998
9999
9999
9999
9979
10000
9997
9989
9999
9999
9918
9954
9990
9999
9991
9999
9992
9999
9994
10000
9970
9993
9939
9972
9998
9980
9997
9968
9998
9999
9993
9965
9999
9994
9995
9999
9998
9975
9999
9991
9980
9971
9992
9996
9999
9994
9998
9998
9986
9998
9989
9968
9980
9936
9993
10000
9995
9977
10000
9997
9999
9999
9980
10000
9998
9944
9998
9998
10000
9994
9985
9840
9991
9986
10000
9883
9989
9940
9931
9996
10000
9963
9991
9998
9994
9992
9966
9984
9982
9983
10000
9997
9988
9991
9951
10000
10000
9995
9996
9990
9994
9996
9974
9994
9998
9989
9993
9970
9987
9998
9996
9981
9992
9971
9999
9937
9991
10000
9985
9981
9985
9994
10000
9983
10000
9995
9995
9998
9981
9979
10000
9971
9866
10000
9993
9992
9991
9998
9999
9945
9966
9999
9999
10000
9999
9956
9999
9996
9992
9999
9998
9998
10000
9862
10000
9944
10000
9983
9993
9993
9970
10000
9999
9985
9992
9966
9983
9996
9926
10000
9984
9898
9998
9986
9989
9981
9988
9982
9992
9998
10000
10000
10000
9999
9994
9995
9943
9988
9986
9944
9996
10000
9955
9999
10000
9953
9912
9977
9998
9964
9990
9998
9960
9997
9973
10000
9972
9953
9927
9993
9956
9995
9989
9995
10000
9976
9975
9989
9965
9999
9982
9989
9999
9999
9985
10000
9991
9999
10000
9994
9831
9997
9999
9997
9953
9997
10000
9957
9992
9918
9992
9991
9999
9995
10000
9982
10000
9995
9982
9997
9939
9976
9927
9999
9990
9981
9987
9983
10000
9986
9999
9993
9999
9988
9973
9952
9961
9998
9994
9975
9989
9978
9995
9980
9999
9995
9966
9985
9998
9951
9999
9999
9994
9962
9933
9981
9999
9946
9997
9987
9988
9988
9989
9986
9994
9974
9989
9932
10000
9980
9981
9977
9997
9996
9991
10000
9940
9983
9995
9991
9977
9988
9967
9983
9941
9999
10000
9986
9989
9995
9999
10000
9985
9942
9996
9979
10000
9915
9989
10000
9992
9990
9996
10000
9969
9959
9990
9994
9975
9965
9997
10000
9987
9995
9995
10000
10000
9998
9945
9908
9999
9972
9992
9980
9998
9972
9967
9999
9933
9980
9986
9955
9967
9990
9997
9997
9973
9977
9990
9994
9998
9979
9998
9993
9993
9992
9986
9930
9993
9987
9980
9989
9998
9992
9911
9996
10000
9951
9997
9946
10000
9997
9997
9992
9989
9991
10000
10000
10000
9997
9994
9987
9999
9984
10000
10000
10000
9999
9969
10000
9992
9985
9996
9976
9997
9995
9977
9997
9985
10000
9969
10000
9998
9997
9999
9966
10000
9992
10000
9988
9990
10000
9979
9974
9918
9999
9970
9998
9981
9985
9994
9991
9932
9970
9966
9964
10000
9951
10000
9996
9964
9995
9991
9994
9990
9994
9990
9999
9948
10000
9897
9996
9995
9977
9969
10000
9998
9980
9990
10000
9998
9986
9992
9994
9971
10000
9995
9999
9994
9995
10000
9961
10000
9991
10000
9981
9977
9999
10000
9984
9995
9979
9992
9948
9971
9999
10000
9998
9999
9934
9963
10000
9987
9993
9987
9999
9997
9989
9998
9993
10000
9985
9964
9986
9998
9992
9964
9996
9937
9998
10000
9995
10000
9976
9970
9985
9993
9950
9887
9999
10000
9895
10000
9998
9984
9991
9996
9990
9999
9931
9997
9998
9998
9990
10000
9986
9901
9992
9966
9995
9995
9998
9995
9917
9998
9970
9992
9944
9973
9967
9960
9991
9957
9961
9998
9977
10000
9880
9999
9997
10000
9987
9989
9979
9997
9999
9928
10000
9995
9969
10000
9982
9999
9978
9935
9999
9998
9999
9985
9988
9980
9975
9972
9973
9999
9979
9998
10000
9916
9965
9986
9992
9936
9986
9883
9986
9865
9981
9967
9969
9993
9955
9954
9990
9999
10000
9983
10000
9994
9998
10000
9983
9996
10000
10000
9991
9956
9996
10000
9990
9996
9998
10000
9971
9998
9989
10000
10000
9997
9991
10000
9999
9980
9972
9999
9996
9988
9989
9999
9922
9997
9995
9997
10000
9999
9995
9747
9999
9999
9918
9999
10000
9996
9952
9975
9999
9999
9994
9987
9994
9985
10000
9997
10000
10000
9999
10000
9999
9995
10000
9979
9959
9910
9990
9995
9990
9998
9984
9969
10000
9919
9992
10000
9989
10000
9998
9990
10000
9999
9935
10000
9974
9986
9994
