9974
9890
9875
9985
9783
9921
9996
9843
9937
9889
9926
9962
9926
9926
9995
9901
9932
9967
9823
9923
9870
9762
9898
9957
9929
9932
9966
9939
9842
9992
9856
9996
9865
9877
9970
9983
9961
9856
9942
9926
9948
9880
9853
9915
9945
9677
9975
9771
9932
9865
9846
9925
9904
9854
9872
9949
9916
9918
9830
9941
9896
9874
9914
9941
9875
9831
9994
9935
9925
9859
9829
9842
9819
9920
9845
9891
9870
9882
9892
9898
9816
9897
9914
9746
9901
9832
9833
9869
9959
9848
9881
9802
9913
9809
9825
9860
9722
9831
9935
9997
9937
9830
9958
9865
9878
9887
9957
9995
9850
9927
9738
9816
9929
9814
9902
9743
9881
9928
9845
9866
9980
9808
9966
9971
9761
9852
9950
9883
9853
9857
9980
9990
9941
9788
9972
9862
9972
9845
9860
9914
9907
9843
9913
9946
9904
9884
9872
9997
9907
9899
9880
9869
9873
9910
9896
9917
9951
9909
9976
9961
9823
9825
9818
9736
9954
9983
9885
9969
9911
9921
9874
9830
9934
9853
9985
9908
9936
9851
9927
9928
9878
9992
9932
9817
9971
9938
9892
9888
9952
9923
9865
9910
9812
9845
9895
9927
9985
9957
9836
9916
9807
9915
9828
9829
9824
9878
9948
9974
9913
9973
9892
9945
9951
9992
9900
9961
9979
9950
9975
9916
9879
9806
9790
9927
9997
9873
9828
9929
9924
9826
9992
9765
9945
9846
9860
9940
9979
9843
9967
9808
9930
9916
9902
9838
9901
9988
9913
9899
9969
9879
9829
9853
9860
9947
9870
9900
9884
9948
9818
9886
9882
9940
9904
9912
9888
9893
9926
9831
9843
9918
9955
9989
9806
9929
9966
9959
9865
9880
9902
9989
9986
9973
9862
9930
9938
9910
9952
9930
9888
9851
9964
9978
9901
9932
9927
9923
9924
9739
9926
9948
9963
9942
9856
9810
9916
9831
9967
9908
9955
9966
9848
9962
9922
9760
9773
9971
9911
9961
9875
9877
9940
9807
9853
9845
9902
9954
9989
9921
9914
9979
9900
9966
9827
9998
9930
9949
9936
9997
9976
9842
9928
9857
9999
9934
9913
9912
9982
9916
9902
9859
9733
9959
9850
9863
9890
9905
9955
9784
9923
9966
9956
9988
9878
9953
9891
9925
9844
9965
9939
9863
9930
9962
9994
9948
9998
9902
9883
9961
9862
9826
9918
9980
9914
9956
9874
9969
9909
9959
9940
9882
9920
9885
9967
9813
9985
9898
9998
9871
9985
9905
9941
9892
9968
9926
9912
9972
9689
9948
9887
9950
9856
9910
9978
9993
9828
9881
9932
9969
9959
9882
9950
9900
9837
9956
9851
9948
9888
9933
9925
9944
9969
9919
9947
9938
9878
9887
9932
9907
9965
9959
9975
9896
9930
9872
9894
9849
9922
9933
9913
9815
9713
9876
9930
9947
9958
9919
9877
9969
9792
9908
9885
9879
9953
9876
9920
9924
9976
9831
9882
9911
9784
9868
9934
9873
9958
9916
9991
9895
9883
9929
9862
9825
9885
9934
9867
9961
9875
9903
9879
9958
9826
9987
9897
9865
9904
9933
9941
9989
9963
9932
9926
9878
9922
9846
9862
9917
9968
9805
9872
9940
9856
9899
9993
9940
9920
9895
9906
9852
9951
9969
9956
9903
9961
9989
9943
9950
9958
9933
9880
9968
9950
9949
9812
9810
9992
9902
9948
9927
9960
9922
9929
9849
9841
9797
9718
9982
9803
9981
9903
9950
9765
9897
9814
9883
9814
9872
9781
9874
9989
9876
9756
9862
9880
9916
9870
9879
9951
9930
9955
9919
9791
9804
9917
9840
9970
9912
9865
9877
9858
9817
9976
9960
9965
9935
9978
9946
9890
9986
9948
9886
9894
9832
9943
9971
9920
9927
9909
9986
9888
9925
9923
9929
9960
9881
9937
9884
9921
9935
9869
9896
9653
9946
9983
9873
9965
9834
9716
9876
9974
9991
9933
9965
9970
9827
9778
9951
9853
9963
9993
9969
9992
9940
9913
9794
9968
9965
9930
9825
9932
9873
9889
9914
9947
9907
9903
9956
9934
9998
9877
9992
9942
9868
9969
9936
9972
9849
9909
9883
9866
9899
9768
9924
9882
9841
9867
9918
9884
9998
9893
9822
9961
9900
9965
9995
9835
9954
9890
9934
9926
9942
9865
9838
9844
9932
9888
9877
9970
9872
9927
9941
9798
9789
9835
9963
9852
9873
9953
9998
9892
9957
9941
9956
9922
9910
9924
9819
9910
9910
9915
9876
9994
9942
9886
9835
9866
9934
9941
9858
9936
9964
9938
9894
9926
9843
9937
9934
9937
9914
9975
9880
9852
9942
9907
9896
9802
9910
9967
9933
9678
9921
9924
9780
9888
9916
9936
9949
9964
9938
9982
9946
9932
9776
9912
9908
9974
9971
9847
9964
9867
9856
9901
9912
9825
9929
9960
9808
9961
9913
9923
9844
9892
9860
9818
9850
9904
9856
9857
9913
9890
9940
9750
9861
9958
9964
9888
9927
9825
9969
9881
9844
9915
9953
9883
9951
9837
9965
9942
9885
9894
9938
9910
9782
9816
9839
9901
9879
9951
9985
9844
9899
9805
9982
9905
9827
9860
9806
9962
9885
9851
9877
9862
9871
9943
9890
9854
9923
9682
9899
9944
9889
9995
9879
9875
9956
9689
9896
9916
9957
9941
9885
9834
9932
9977
9990
9970
9914
9904
9940
9846
10000
9908
9843
9888
9895
9884
9899
9907
9968
9901
9939
9997
9928
9907
9982
9952
9904
9957
9937
9964
9907
9781
9878
9966
9976
9911
9927
9848
9917
9867
9843
9906
9983
9906
9866
9836
9914
9937
9924
9974
9930
9956
9718
9888
9896
9781
9881
9854
9911
9884
9924
9808
9987
9929
9850
9923
9751
9864
9929
9932
9868
9879
9884
9911
9967
9920
9949
9946
9929
9885
9969
9873
9837
9929
9937
9968
9997
9812
9916
9733
9906
9912
9877
9978
9795
9834
9971
9882
9945
9897
9922
9863
9988
9951
9886
9947
9916
9911
9854
10000
9882
9854
9714
9958
9897
9839
9889
9865
9828
9825
9917
9940
9990
9918
9910
9871
9947
9954
9836
9946
9924
9908
9969
9921
9960
9994
9979
9783
9921
9947
9829
9910
9900
9914
9930
9838
9888
9954
9915
9842
9819
9878
9909
9806
9901
9936
9897
9871
9941
9937
9923
