9901
9907
9924
9905
9896
9887
9931
10000
9996
9972
9990
9955
9862
9975
9935
9992
9926
9943
9970
9963
10000
9996
9884
10000
9964
9861
9902
9873
9928
9939
9838
9992
9875
9928
9886
9939
9985
9999
9905
9811
9987
9904
10000
9940
9865
9941
10000
9956
9997
9999
9996
9933
9810
9934
10000
9913
9926
9789
9996
9926
9974
10000
9998
9876
9990
9934
9998
9971
9921
9933
9979
9987
9989
9904
10000
9966
10000
9905
10000
9872
9877
9983
9879
9806
9997
9983
9930
9998
9980
9999
9911
10000
9998
9939
9961
9775
9999
9881
9999
10000
9998
9981
9999
9935
9912
9950
9999
9909
9927
9950
9921
9966
9913
9886
9992
9911
9937
9961
9976
9951
9931
9956
9999
9878
9948
10000
9838
9988
9963
9999
9873
9989
9943
9962
10000
9895
9976
9939
9992
9992
9999
9839
9826
9883
9911
9934
9895
9944
10000
9996
9842
9966
9903
9848
9995
9879
9899
9893
9832
10000
9968
9833
9881
9999
9819
9999
9993
9818
9933
9902
9936
9754
9904
9956
9987
9963
9854
9991
9982
9843
9968
9955
9888
9873
9953
9957
9869
9991
9999
10000
9970
9923
9995
9999
10000
9874
9993
9918
9974
9997
9996
9984
9918
9864
9939
9837
9988
9951
9924
9811
9968
9901
9992
9999
9867
9872
9976
9888
9805
9929
10000
9990
9853
9926
9983
10000
9978
9885
9895
9981
9978
9917
9932
9988
9857
9998
9990
9974
9864
9959
9873
9995
9903
9950
9910
9987
9994
9846
9995
9998
9748
9999
9985
9973
9941
9996
10000
9999
9880
9977
9948
9926
9962
9871
9815
9957
9910
9940
10000
9848
9917
9997
10000
9999
9992
9998
9930
9976
9913
9891
9992
9769
9914
9998
9913
9955
9899
9920
9919
9950
9888
9801
9937
9913
9825
10000
9999
9983
9871
9998
9963
9920
9928
9958
9913
9984
9969
9859
9936
9910
9983
10000
9956
10000
9871
9979
9869
9972
9991
9942
9999
9995
9809
9889
9999
9922
9948
9999
9918
9972
9994
9888
9979
9830
9995
9990
10000
9811
9994
9998
10000
9910
9963
9988
9956
9878
9922
9997
9999
9989
9889
9879
9932
10000
10000
9934
9950
9984
9979
9871
9986
9868
9959
9897
9954
9858
10000
9915
9982
9647
9890
9976
10000
9844
9842
9873
9937
9854
9987
9968
9877
9877
9820
9896
9996
9848
9999
9997
9955
9990
9909
9931
9965
9898
9938
9898
9997
10000
9888
9975
9959
9860
9964
9999
9812
9999
9874
9874
9869
9855
9896
9871
9862
9915
9996
10000
9991
9872
9873
9927
9939
9944
9899
9983
9999
9909
9991
10000
9999
10000
9896
9966
9920
9981
9926
9967
9983
9930
9998
9929
9974
9926
9882
9973
9945
9949
9924
9817
9987
9983
9956
10000
9890
9951
10000
9895
9999
9993
9925
9811
9978
9981
9962
9938
9928
9973
9972
9997
9985
9996
9929
9998
9846
9917
9917
10000
9929
9999
9859
9924
9995
9882
9812
9820
9994
9985
9985
10000
9821
9971
9953
9962
9831
9880
9868
9883
9984
9998
9998
9831
9989
9999
9936
9921
9994
9927
9891
9943
9886
9869
10000
9920
9952
9999
9997
9824
9942
9920
9967
10000
9978
9925
9959
9899
9976
9994
9938
9956
9971
9908
9861
9856
9921
9945
9892
9927
9965
9891
9900
9971
9924
9961
9969
9831
9998
9905
9932
9990
9957
9928
10000
10000
10000
9890
9909
9924
9941
9956
9978
9967
9918
9889
9982
9998
9997
9895
9922
9999
9980
9955
9996
9881
9839
10000
9976
9896
9931
9997
9917
9943
9952
9896
9848
9936
9843
9995
9999
9947
9946
9808
9927
9998
9938
9978
9838
9828
10000
9921
10000
9995
10000
9977
9952
9927
9985
9892
9990
9963
9977
9904
9904
9999
9966
9939
10000
9999
9995
9908
9983
9998
9997
9983
9957
9923
9825
9937
9928
9928
9953
9995
9964
9992
9943
9930
9997
9832
9924
9955
10000
9997
9997
10000
9965
9932
10000
9937
9979
9959
9985
9989
9967
9927
9997
9951
9970
9983
9823
9844
9912
9842
9971
9999
9989
9840
9981
9972
10000
9851
9987
9954
9962
9970
9892
9963
9878
9881
9879
9986
9878
9903
9998
9998
9992
9982
9920
9836
9999
9939
9836
10000
9999
9822
9921
9862
9991
9827
10000
9944
9938
9997
9877
9944
9893
9913
9797
9893
9954
9926
9971
9911
9960
9996
9759
9990
9949
9984
9982
9917
9968
9976
9945
9958
9884
10000
9954
9964
9933
9994
9967
9992
9981
9989
9873
10000
9917
9770
9944
9999
10000
9874
9918
9999
10000
9908
9958
9967
9998
9878
9934
9830
9998
9996
9796
9982
9970
10000
9800
9964
9924
9823
9908
9927
9909
9961
9954
9926
9961
9769
9943
9918
9946
9783
9966
9884
9994
9783
9871
9944
9997
9922
9988
9933
10000
9944
9995
9864
9946
9881
9937
10000
9918
9991
9931
9971
9999
9979
9992
9978
9873
9952
9954
10000
9836
9909
9875
9876
9960
9989
9866
9954
9996
9979
9882
9999
9937
9948
9961
10000
10000
9975
9979
9980
9821
10000
9983
9920
9876
9905
9961
9895
9990
9999
9948
9867
9961
9963
9778
9987
9952
9938
9993
9986
9966
9991
9838
9989
9977
9892
9858
10000
9918
9740
9969
9946
9993
9966
9906
9983
9870
9940
9986
9898
9997
10000
9986
9908
9903
9915
9977
9865
9856
9893
9894
9992
9939
10000
9981
9999
10000
9996
9946
9983
9933
9994
9975
9980
9929
9950
9999
9885
9732
10000
9928
9947
9950
9885
9921
9901
9917
9999
9949
9984
9940
9838
9799
9966
9958
9839
9891
9983
9908
9881
9946
9908
10000
9999
9938
9879
9950
9998
9943
9911
9995
9878
9973
9928
9925
9884
9953
9810
9935
9938
9905
9930
9870
9958
9953
9907
9918
10000
9986
9910
9941
9980
9998
9938
9752
9928
9991
9898
9999
9961
9970
9972
10000
10000
9810
9944
9909
10000
9940
9934
9999
9941
9999
9957
9846
9977
9865
9970
10000
9963
9929
9983
9876
9882
9849
9987
9896
9910
9982
9939
10000
9909
9935
9864
9871
9929
9929
9972
9981
9915
9999
9884
9988
9808
9983
9934
9887
9910
