9915
9971
9919
9923
9960
9896
9927
9838
9755
9794
9879
9982
9903
9852
9866
9931
9846
9920
9878
9952
10000
9960
9864
9781
9832
9847
9834
9856
9877
9912
9917
9910
9911
9862
9931
9730
9927
9953
9915
9805
9900
9938
9835
9973
9864
9810
9934
9957
9883
9898
9879
9841
9853
9880
9930
9995
9859
9951
9902
9929
9945
9954
9888
9792
9937
9882
9823
9871
9922
9944
9924
9924
9973
9883
9892
9953
9806
9957
9824
9955
9810
9898
9725
9833
9961
9933
9928
9889
9911
9916
9785
9836
9707
9750
9928
9909
9955
9961
9857
9933
9984
9930
9933
9869
9916
9878
9892
9909
9898
9885
9886
9950
9818
9891
9880
9920
9989
9850
9860
9831
9789
9862
10000
9972
9982
9946
9918
9930
9968
9937
9917
9899
9900
9993
9955
9854
9955
9942
9930
9860
9950
9901
9903
9853
9880
9936
9909
9961
9929
9924
9939
9978
9956
9970
9948
9946
9947
9939
9904
9931
9896
9943
9939
9902
9863
9952
9930
9776
9962
9936
9919
9940
9827
9927
9862
9871
9881
9990
9849
9901
9889
9857
9931
9838
9944
9929
9824
9933
9740
9891
9881
9867
9877
9943
9928
9903
9982
9896
9871
9931
9701
9957
9926
9916
9841
9893
9974
9937
9956
9846
9931
9881
9861
9700
9971
9830
9893
9870
9834
9926
9938
9994
9907
9933
9883
9902
9926
9873
9864
9848
9932
9966
9916
9919
9966
9898
9923
9881
9898
9952
9934
9917
9928
9808
9931
9894
9965
9924
9891
9976
9934
9919
9936
9761
9957
9824
9958
9892
9921
9811
9764
9851
9906
9890
9877
9981
9902
9953
9986
9944
9936
9932
9913
9947
9921
9872
9952
9867
9985
9834
9814
9890
9945
9881
9935
9992
9931
9916
9942
9908
9889
9959
9899
9996
9869
9907
9886
9915
9915
9971
9812
9853
9784
9848
9904
9939
9923
9990
9928
9883
9906
9962
9986
9954
9929
9950
9941
9984
9947
9959
9874
9982
9852
9955
9921
9966
9980
9998
9878
9855
9974
9865
9869
9891
9898
9913
9880
9928
9809
9841
9914
9940
9948
9865
9960
9967
9875
9903
9954
9885
9887
9914
9940
9889
9984
9832
9806
9939
9938
9941
9979
9817
9958
9804
9801
9859
9943
9927
9945
9786
9964
9962
9880
9868
9955
9983
9896
9896
9915
9908
9878
9873
9850
9710
9965
9901
9934
9935
9818
9939
9900
9812
9986
9873
9931
9758
9935
9923
9917
9854
9964
9930
9824
9811
9922
9935
9895
9849
9892
9941
9844
9788
9925
9995
9920
9809
9937
9911
9876
9941
9960
9880
9918
9936
9870
9888
9846
9914
9959
9914
9920
9980
9895
9937
9946
9934
9963
9892
9991
9881
9878
9736
9888
9908
9864
9968
9747
9831
9997
9968
9932
9922
9944
9970
9964
9979
9914
9967
9905
9872
9983
9878
9846
9855
9855
9947
9767
9823
9863
9924
9983
9981
9904
9972
9895
9852
9694
9899
9991
9882
9890
9959
10000
9845
9899
9928
9962
9848
9907
9874
9965
9937
9911
9854
9943
9836
9859
9930
9941
9939
9917
9934
9884
9899
9923
9888
9926
9889
9849
9917
9948
9966
9830
9929
9944
9898
9785
9950
9885
9960
9895
9943
9933
9923
9921
9951
9974
9903
9868
9899
9929
9968
9879
9905
9806
9879
9833
9930
9919
9953
9930
9834
9853
9877
9896
9875
9889
9922
9916
9885
9859
9825
9857
9996
9960
9887
9868
9923
9839
9940
9904
9851
9887
9808
9927
9907
9955
9940
9878
9872
9971
9802
9935
9938
9729
9832
9880
9941
9915
9962
9805
9698
9957
9972
9939
9703
9896
9883
9922
9980
9932
9916
9796
9951
9873
9924
9870
9883
9942
9911
9943
9887
9932
9981
9928
9901
9918
9707
9771
9798
9965
9919
9874
9852
9939
9914
9953
9863
9824
9912
9984
9905
9829
9992
9984
9902
9890
9972
9883
9903
9937
9929
9902
9969
9954
9896
9858
9978
9900
9961
9870
9834
9909
9972
9819
9950
9834
9774
9882
9908
9920
9935
9857
9833
9950
9896
9760
9924
9888
9911
9952
9923
9909
9946
9915
9960
9918
9900
9819
9826
9879
9943
9943
9824
9970
9903
9679
9939
9912
9856
9970
9935
9867
9882
9859
9945
9976
9978
9909
9992
9950
9970
9955
9998
9971
9954
9961
9927
9896
9752
9848
9963
9983
9896
9998
9939
9865
9772
9849
9947
9911
9895
9751
9826
9879
9956
9959
9994
9883
9921
9868
9851
9910
9945
9898
9929
9957
9958
9992
9917
9931
9949
9877
9937
9981
9932
9922
9908
9936
9887
9934
9870
9929
9950
9858
9868
9965
9991
9820
9936
9934
9914
9832
9978
9900
9837
9924
9856
9807
9896
9925
9787
9891
9937
9881
9916
9952
9981
9949
9836
9839
9959
9798
9871
9768
9859
9984
9944
9883
9907
9830
9916
9931
9767
9832
9974
9915
9833
9839
9845
9874
9997
9981
9838
9866
9936
9838
9876
9924
9952
9952
9872
9997
9836
9879
9994
9782
9913
9894
9970
9868
9844
9900
9936
9847
9843
9862
9962
9935
9929
9904
9930
9897
9949
9954
9908
9930
9782
9941
9940
9904
9944
9955
9963
9920
9910
9942
9955
9941
9893
9933
9951
9849
10000
9849
9816
9922
9881
9852
9826
9888
9942
9861
9951
9770
9932
9960
9916
9951
9945
9908
9931
9991
9865
9891
9835
9916
9839
9940
9911
9863
9946
9877
9911
9925
9876
9906
9870
9905
9987
9985
9801
9779
9891
9944
9889
9773
9901
9706
10000
9957
9798
9891
9869
9838
9968
9905
9940
9923
9931
9769
9933
9946
9833
9932
9809
9940
9953
9988
9685
9871
9926
9891
9928
9775
9885
9846
9948
9940
9967
9961
9959
9888
9919
9904
9972
9919
9767
9939
9892
9925
9741
9921
9947
9954
9740
9896
9950
9873
9875
9946
9911
9963
9951
9830
9826
9975
9858
9946
9937
9838
9772
9886
9777
9971
9934
9824
9910
9925
9935
9871
9883
9973
9850
9742
9986
9970
9879
9911
9955
9961
9857
9905
9966
9910
9952
9893
9922
9873
9850
9938
9960
9876
9919
9888
9902
9975
9932
9826
9890
9931
9743
9813
9919
9853
9970
9891
9936
9916
9868
