9932
9888
10000
9876
9834
9976
10000
9876
9974
9908
9943
10000
9997
9871
9958
10000
9929
9981
9922
9947
9947
9946
9883
9768
9836
9865
9809
9912
9966
9828
9955
9960
9936
9889
10000
9895
9905
10000
9940
9901
9945
9911
9958
9926
9896
9852
9905
9929
9742
9839
9965
9934
9916
10000
9830
9913
9962
9968
10000
9883
9976
9927
9991
9915
9836
9843
9961
9938
9895
9900
9978
9895
9956
9888
9951
9829
9843
9882
10000
9892
9891
9944
9925
10000
9929
9818
10000
9873
9847
9958
9774
9900
9901
9887
9891
10000
9943
9919
10000
9891
9814
10000
9934
9966
9950
9809
9963
9851
9871
9926
9918
9891
9669
9797
9940
9959
9829
9948
10000
9892
9979
9868
9996
9882
9848
9904
9896
9938
9966
9904
10000
9914
9931
9988
9815
9929
9977
10000
9885
9893
9876
9871
9999
9935
9895
9992
9882
9933
9890
9867
9943
9954
9871
10000
9942
9867
9943
9847
9945
9939
9818
9821
9854
9936
9886
9928
9892
9845
9876
9878
9913
9853
9873
9886
9968
10000
9954
9808
10000
9779
10000
9947
10000
9906
9987
9926
9969
9877
9925
9931
9871
10000
9909
10000
9905
9939
9781
10000
9869
9926
9895
9957
10000
10000
9986
9951
9841
9889
9815
9902
9976
9854
9937
9938
9835
9914
9961
9911
10000
9831
9853
9823
9960
9903
9959
9893
9891
10000
10000
9981
9983
9915
9940
9988
9831
9923
9767
9925
10000
10000
9981
10000
9834
9960
9931
9992
9993
10000
9858
9944
10000
9942
9978
9843
9958
9937
9858
9924
9978
9905
9896
9918
9851
9932
9941
9944
9988
9839
9920
9976
9911
10000
9911
9878
9909
9782
9902
9758
9959
10000
9966
9825
9855
9971
9924
9932
9932
9965
9803
9945
10000
9939
9920
9869
9936
9965
9961
9676
10000
9981
9947
9893
9924
9992
9878
10000
9913
9893
9807
9882
9913
9982
9795
9920
9926
9995
9878
9934
9999
9913
9701
10000
9900
9970
9835
9933
10000
9968
10000
9905
9852
9940
9910
9886
9855
9895
9841
9884
9933
9890
9926
9954
9947
9904
9864
9834
9891
9900
9857
9779
9808
9951
9943
10000
10000
9925
9919
9939
9763
10000
9915
9913
10000
9865
9905
9948
9798
9815
9942
10000
9903
9857
9940
9901
9926
9902
10000
9919
9923
9887
9960
9991
9962
9963
9859
9898
9912
9938
9912
9909
9898
9904
9830
9938
9941
9802
9797
9863
9962
9921
9835
10000
9940
9963
9887
9955
9857
9889
9901
9965
10000
10000
9924
9990
9907
9889
9895
9887
9894
9963
9943
9962
9853
9918
9856
9885
9923
10000
9919
9961
9897
10000
9972
9905
9897
10000
9874
9965
9921
9917
9974
9800
9918
9946
9802
9856
9851
9962
9948
9907
9926
10000
10000
9919
9855
9983
9921
9924
9794
9911
10000
9847
9950
9968
9746
9970
10000
9992
9929
9979
9902
9905
9950
9926
9827
9893
9941
9943
9889
9891
10000
9892
9908
9838
9874
9734
9853
10000
9936
9934
9930
9890
9940
9873
9796
9998
9913
9956
9849
9937
9898
9976
9935
9924
9852
9998
9839
9880
9861
10000
9907
9930
9915
9833
9919
9985
9856
9922
9915
9925
9934
9961
9894
9832
9988
9974
10000
10000
9866
9971
9965
9827
9908
9895
10000
9970
9929
9917
9766
9902
9808
9904
9999
9859
9924
9886
9959
9978
10000
9826
9982
9929
9984
9849
9999
10000
10000
9927
9789
9883
9898
9844
10000
9872
9939
9921
9950
9948
9875
10000
10000
9978
10000
9988
9968
9924
9948
10000
9909
9846
9998
9820
9780
9832
9869
9840
9885
9859
9731
9850
9990
9949
9955
9747
9872
9830
9989
9913
9918
9999
9955
9933
9891
9914
9914
9854
9810
9966
9897
9959
9931
9966
10000
9965
9968
9869
9997
9880
10000
10000
9961
10000
9804
9941
9883
9870
9849
9986
9922
9936
9949
9849
9805
9851
9938
9859
9832
9938
9765
9867
9858
9875
9871
9934
9889
9959
9989
9865
9875
9872
10000
9920
9861
9894
10000
10000
9964
9937
9936
9892
9998
9887
9946
9784
9883
9974
9999
9996
10000
9998
9974
9899
9855
9943
9887
9951
9881
10000
9968
10000
9933
9863
9863
9966
9778
9915
9953
9933
9903
10000
9905
9978
9993
9982
9869
9855
9969
9954
9867
9849
9877
9888
9938
9896
10000
9860
9882
9910
9813
9867
9818
9926
9841
9978
9903
9990
9891
9892
9997
9885
9977
10000
10000
9763
10000
9947
9915
9879
10000
9893
9879
9915
9970
9959
9838
9893
9918
9902
9953
9863
9795
9951
9911
9883
9880
9914
10000
10000
9884
9909
9941
9846
9912
9940
9905
9948
9893
9957
9932
9891
9853
9748
9990
9888
9906
9918
9892
9967
9897
9996
9831
9870
9862
9941
9897
9869
9904
9872
9909
9902
9969
9962
9883
9937
9967
9877
9924
9931
10000
9945
9995
9939
9877
9872
9795
9922
9965
9841
9965
9953
9902
9977
9920
9848
9778
9988
9877
9995
9883
9801
10000
9839
9901
10000
10000
10000
10000
9931
9993
9893
9977
9823
9922
9850
9822
10000
9991
9897
9987
9819
9940
9995
9896
9908
9976
9957
9920
9924
9896
9855
9914
9883
10000
9887
9916
9919
9856
9900
9833
9910
9925
10000
9854
9935
9929
9904
9759
9901
9940
9773
9759
9794
9944
9699
9949
9877
9920
9915
9864
10000
9877
10000
9855
9779
9953
10000
9892
9999
9941
9936
10000
9813
9709
9920
9996
9999
10000
9900
9951
9892
9775
10000
9972
9922
9933
9892
9967
9919
10000
9884
9819
9998
9888
9859
9875
9922
9904
10000
9916
9952
9958
9851
9895
9890
9897
9915
9977
9916
9892
9914
9996
9933
9877
9902
10000
9944
9724
9908
9914
9930
9931
9894
9919
9995
9895
9902
9851
9944
9978
9899
10000
10000
9917
10000
10000
10000
9820
9917
9888
9878
9878
9931
9843
9850
10000
10000
9803
9949
9953
9994
9856
9850
9872
9979
9746
9921
9879
9779
9899
9956
9916
9936
9907
9916
9904
9883
9855
9888
9948
10000
9905
9898
9964
9860
9916
9853
9949
9970
9961
9886
9941
9909
9849
9938
9943
9999
9896
9903
9825
9911
