9869
9849
10000
10000
9976
9963
9922
10000
9853
9999
9946
9843
9821
9849
9917
10000
9820
9914
9915
9910
9935
9799
9853
9882
9980
9914
10000
9981
10000
9946
9931
9795
9742
9942
9884
9929
10000
10000
10000
10000
9849
10000
9881
10000
10000
10000
9941
9850
9857
9841
9955
10000
9964
9906
10000
10000
9913
9982
10000
9885
9852
9934
9983
9835
10000
10000
9920
9877
9933
10000
9974
9960
9931
9994
9895
9906
10000
9851
9732
9876
9901
10000
9883
10000
9875
9942
9952
9788
9898
9934
9784
9999
10000
9937
9824
9864
9924
10000
9937
10000
9880
9957
9849
9819
10000
9968
10000
9977
10000
10000
10000
10000
10000
9922
10000
9844
10000
10000
9933
9932
9865
10000
10000
9891
9754
9945
9966
9873
9882
9930
9917
9850
9858
10000
10000
10000
10000
9937
9979
9812
9991
10000
10000
9807
10000
9918
9855
10000
9916
9966
10000
9799
10000
10000
9850
10000
10000
9998
9931
10000
9877
10000
10000
10000
10000
9757
10000
9912
9930
9854
9945
10000
9889
9915
10000
9825
9979
10000
9924
9820
9905
10000
9878
10000
9803
9914
10000
10000
9914
9931
9864
9882
9903
9786
10000
9912
9935
10000
9955
10000
9847
10000
9968
10000
9875
10000
10000
9853
10000
10000
9900
9937
9923
9927
9836
9945
9912
9863
9929
9883
9963
10000
10000
9900
9887
10000
9797
9930
9951
9956
9913
9979
9711
10000
9960
9989
9907
10000
9885
10000
9888
9962
10000
9918
9994
10000
9908
9811
10000
10000
9874
9924
10000
9907
10000
9811
9891
10000
9998
9996
9772
10000
10000
10000
9930
9914
9879
10000
9939
9994
9802
10000
10000
9922
9865
9889
9999
9964
9927
9857
10000
10000
9832
10000
10000
9844
9992
10000
10000
9920
9843
10000
9858
9934
9785
9923
9920
9903
10000
10000
10000
10000
10000
9925
9995
9778
10000
9840
9887
10000
9945
9922
10000
9919
10000
9852
9828
9886
10000
9838
9969
10000
9999
9847
9973
9893
9843
9996
9912
10000
9971
9949
9923
10000
9913
10000
9904
9990
9961
9956
10000
9908
9876
9872
10000
9890
9893
9808
10000
10000
10000
9953
10000
9898
9883
9838
10000
9846
9955
9811
9923
9898
9961
9913
9877
9918
10000
9864
10000
10000
10000
9920
10000
9881
9877
10000
9996
9893
10000
9838
9910
9865
9905
9792
9883
9957
10000
9897
10000
9921
9916
9786
9974
9864
10000
9986
9955
10000
9741
9914
9996
10000
9999
10000
9863
9947
10000
9863
9988
10000
9904
9935
9928
10000
10000
9916
10000
9951
9929
9973
9873
10000
9892
10000
10000
10000
9924
9880
9870
9931
9878
9852
9913
9961
9963
10000
10000
9792
9918
9836
10000
9954
9857
10000
9945
9900
10000
9876
9947
9971
9903
9952
10000
10000
9844
10000
9949
9852
9857
10000
9844
9808
10000
10000
10000
9914
9934
10000
9865
9999
9854
9957
9870
9923
9939
10000
10000
9900
9919
9858
9905
10000
9869
9813
9943
9930
10000
9898
9818
9882
9964
9921
9959
10000
9882
10000
10000
9784
9867
10000
9855
9926
10000
9975
9918
9890
9978
9902
9879
9931
9936
10000
9929
9960
10000
9977
9959
9907
10000
10000
10000
9953
10000
9941
9937
9940
9890
9810
10000
10000
10000
9869
9718
10000
9872
9925
9958
9897
10000
9967
9944
9926
9917
9993
9863
9905
10000
9939
10000
10000
10000
10000
9877
10000
9789
10000
9892
10000
9832
9791
9939
9891
9895
10000
10000
9903
9880
9929
9874
9971
10000
9907
9910
9888
9913
10000
9835
9805
9875
9961
9884
10000
9922
9994
9854
9998
9927
9834
9901
9918
10000
10000
9946
9884
9899
9838
9903
9868
9842
10000
9849
9837
9998
9954
9940
9897
9943
9896
9962
9899
9940
9877
9954
9869
9949
9961
9926
9967
10000
10000
9931
10000
9875
9969
9872
10000
9998
9894
10000
9928
9769
9994
9999
9738
9886
9897
9994
9969
9860
10000
9929
9850
9960
9777
10000
9822
9905
9885
10000
9888
9924
9999
9834
9862
9845
9978
9989
9906
9996
9832
10000
9883
9972
9998
9878
10000
9963
9923
9863
9999
9993
9858
9935
10000
10000
9895
10000
9901
9968
9811
9872
9963
9928
10000
9952
10000
9896
10000
9915
9957
9886
9983
9989
9921
9848
9823
9873
10000
9744
9974
10000
9965
9872
9879
10000
9755
9976
9926
9840
9930
9953
9896
9980
9997
9758
9926
10000
9939
9959
9973
9930
9927
10000
9854
9921
10000
9945
10000
9806
9872
9910
10000
10000
9898
9938
9927
9951
9998
9840
9901
9982
9992
9963
9957
9933
9871
10000
9910
9997
10000
9921
9941
9818
10000
9910
9953
9977
9801
9888
9888
9991
10000
10000
9965
9889
9898
9907
9997
10000
9932
10000
9854
9875
9942
9931
9861
9960
9940
10000
9981
9975
10000
10000
9936
9944
9888
9912
10000
9853
10000
9887
9940
10000
10000
9949
9884
9952
10000
9948
9903
9951
9904
9996
10000
9820
9931
10000
9910
9940
9995
9926
9852
9854
9843
9866
10000
10000
9838
9860
9941
9937
9830
9905
9979
9865
10000
9724
9814
9841
9844
9977
9852
9957
9757
10000
9942
10000
9896
10000
9877
9871
9863
10000
10000
10000
9899
10000
9782
10000
9948
10000
10000
10000
9931
10000
9914
9908
10000
9998
9955
9979
9984
9860
9917
10000
9929
9956
9852
9773
10000
9889
9930
9995
9879
10000
10000
10000
9962
9817
10000
9947
9830
9835
9985
9925
10000
9953
9856
9779
9998
9997
10000
9920
9623
9889
9996
9877
9407
9964
9890
9906
9820
9917
10000
9960
9945
9855
9825
10000
9900
9893
9912
10000
10000
9918
9862
9934
9865
9917
9915
9868
9953
9917
10000
10000
9937
9889
10000
9999
9851
9991
10000
9999
9982
9891
9999
10000
9975
9778
9843
9997
10000
10000
9860
9891
10000
9839
10000
9919
9915
10000
10000
9972
9861
9888
10000
9996
9837
10000
9969
9921
9764
10000
10000
9873
10000
10000
10000
9898
9917
10000
9975
9828
9932
9998
9862
9860
10000
9927
9989
9760
9958
9875
10000
9917
10000
10000
9939
9966
9949
9886
10000
9915
9991
9932
9931
10000
10000
9887
10000
