9514
9497
10000
10000
9895
9975
9919
9284
9504
9783
10000
9794
9414
9760
9522
9044
9888
10000
9558
9912
9933
9509
10000
9856
9963
9883
9821
9633
10000
9822
9593
9809
9773
9749
9493
9909
9868
9619
9977
10000
9107
9945
10000
10000
9587
9472
9861
10000
9441
9403
10000
8900
9890
10000
10000
9833
9432
9824
9882
9684
9098
9119
10000
9665
9955
9844
9862
9860
9569
9869
9380
9914
9711
9315
9501
9942
10000
9560
10000
9898
10000
9893
9877
9866
9764
9940
9681
9909
9848
9850
10000
9877
9972
9788
9996
9789
10000
9726
9379
9987
9611
9521
9868
9983
9875
9795
10000
9844
9901
9615
9747
9554
9804
9876
10000
9866
9944
9926
10000
10000
9839
10000
10000
10000
10000
9511
9758
10000
9497
9869
9425
9701
9343
10000
9358
10000
9866
9290
9749
10000
9834
9814
9908
9469
8792
9835
10000
9780
9379
9590
9922
9605
9338
9999
9822
10000
9829
9871
10000
9861
9256
9585
9570
9896
9754
9377
9050
9930
10000
9861
9247
9672
10000
9266
9550
10000
9877
9705
9791
9733
10000
9403
9866
9942
9240
9749
9435
9849
10000
9166
9645
9492
9546
9791
9680
10000
10000
9858
10000
9841
9639
10000
9158
9751
9980
9639
9914
9683
9617
10000
9842
9817
9708
9983
9544
9902
10000
10000
9960
9958
9657
9950
9829
10000
9661
9986
9847
9441
9641
9595
9371
9506
10000
10000
9754
9848
8688
9473
9928
9472
9856
9867
9841
9902
9816
9987
9994
9917
9415
9783
10000
9920
9744
10000
10000
9627
9703
9674
10000
9892
10000
9847
9513
9297
9907
9620
9546
9832
9893
9790
9832
10000
9873
9359
9762
9845
9852
10000
9837
8947
9966
9778
9777
9649
9407
9878
9976
8515
9900
9668
9714
9725
9766
9248
9960
9991
9649
9792
9727
9138
9906
9854
9882
9793
9927
9761
10000
10000
10000
10000
9792
9108
9627
9794
9100
9782
9644
9805
9893
9775
9873
9743
9783
9973
9446
9332
9801
9923
9096
9539
9454
9465
9909
9871
9708
9124
10000
9891
9835
9045
9632
10000
10000
9744
9999
9794
9945
9766
9460
8957
9860
9758
8465
9912
9935
9775
9738
9896
9861
9924
9875
9449
9648
9669
9720
9882
9640
9482
9860
10000
9896
9885
9138
9847
9747
9906
9709
9606
9538
10000
9159
10000
9811
10000
9687
9884
9780
9499
10000
9651
9904
9908
9705
9883
9483
9916
9663
9238
9852
9897
10000
9293
9553
9674
9437
9813
8800
9381
10000
10000
9922
9847
9722
9662
9785
9928
9143
9770
9732
9899
9503
10000
9941
9799
9929
9926
9963
9898
9847
9194
10000
9244
9843
9871
9710
9439
9984
9641
9411
9576
9747
9480
9952
9788
9894
9802
9585
10000
9407
10000
9975
10000
9731
9234
9725
9963
9595
9990
10000
9990
10000
9883
10000
10000
10000
9840
8924
9802
9814
9139
9930
9669
9818
9647
9886
9840
9878
9849
9862
9978
9880
9703
9763
10000
9902
10000
9633
9900
9763
10000
9834
10000
9867
9758
9758
9808
9853
10000
9980
9601
10000
10000
9684
9833
10000
9865
10000
9718
9819
9678
9737
9821
9935
9936
9860
10000
9975
9660
10000
9760
9990
9770
9942
9562
9115
9989
9406
9962
9807
10000
9809
9796
9658
9755
9865
9676
9920
9762
10000
9957
9931
9727
9607
9938
10000
9914
9950
9421
9648
9874
9908
9989
9849
9089
10000
10000
9472
9518
9894
9668
9822
9834
9835
9972
9671
9792
9366
9630
9867
10000
9654
9755
9865
9432
9951
9807
9926
10000
9987
10000
8860
9810
9750
9884
9791
9407
9863
10000
9758
9899
9713
9789
9681
9553
9229
9294
9022
9435
9872
9872
8917
9926
9554
9562
10000
9885
9861
9771
9214
9932
9842
9132
9992
9812
9856
10000
9753
9949
9438
9511
9217
9469
9777
9975
9690
9852
10000
10000
9457
9927
9983
9669
9880
9969
9807
9840
9979
9829
9307
9776
9861
9917
9878
10000
9850
10000
9914
10000
9868
9731
9480
9189
10000
9851
9696
9746
9053
10000
9688
9301
9518
9671
9531
9778
9427
9907
9250
9760
10000
9894
10000
9767
9597
9934
9883
9323
10000
9837
9563
10000
9786
9817
9519
9796
9774
9243
10000
9430
9757
9858
9710
9756
9889
9843
9628
9838
9823
9822
9644
9415
8260
10000
9875
10000
9904
9932
9480
9589
10000
10000
8954
10000
9168
9744
9649
9459
10000
9998
9766
9902
9606
9784
10000
9818
9893
9492
9739
9416
10000
10000
9625
10000
9909
9487
9521
10000
9867
9884
9914
9902
9933
9637
9650
9657
9993
10000
9630
9669
9918
9868
9571
9452
9751
9623
9860
9934
9870
9736
9850
9710
9891
9766
9835
9953
9780
9872
9223
9240
10000
9326
9452
9904
9920
9519
9820
9759
9907
9940
9706
9774
9897
9957
9419
9305
9929
9463
9687
9892
9168
9759
9488
9724
9241
9780
9912
10000
9233
9360
9959
9898
9699
9364
9602
9962
9918
9707
9986
8996
9973
9941
8625
9810
9299
9943
9970
9815
10000
10000
9938
9951
9757
9654
9507
10000
9216
9882
9424
9916
9883
10000
8628
9537
9932
9920
9560
10000
9724
9650
9856
9764
9422
10000
9847
9673
9905
9069
10000
9894
9236
9824
9039
9794
9968
9797
9405
9472
9460
9952
9597
9862
9358
10000
9898
8981
9860
9593
9977
9990
9851
9196
9871
10000
10000
9922
9924
9644
9808
9925
9758
10000
9771
9863
9739
10000
10000
9989
9823
9838
9538
9733
9937
9928
10000
9982
9312
9890
9619
9943
10000
10000
9578
9694
10000
9841
9746
9390
9923
9646
9639
9904
10000
9879
9989
9753
10000
10000
9789
9855
9943
9733
9897
9593
9939
9962
9936
9710
10000
9366
10000
9971
9790
9644
9960
9874
9509
10000
9875
10000
9937
10000
9786
9862
9746
8948
10000
9827
9912
10000
9640
9897
10000
10000
9641
9563
9820
9969
9384
9919
9288
9608
9564
9771
9969
9010
9870
9822
9615
9497
9692
9753
8915
10000
9637
9889
9497
9997
9547
9929
10000
9707
9929
10000
9916
9974
10000
9552
9715
9840
9430
9616
9597
9769
9771
9596
9892
9669
9615
9747
9925
9465
