9913
9811
9864
9890
9923
9924
9869
9915
9866
9921
9866
9980
9945
9871
9969
9959
9983
9939
9946
9921
9929
9803
9925
9939
9914
9970
9887
9918
9827
9950
9970
9915
9927
9867
9837
9831
9848
9855
9887
9921
9864
9858
9975
9852
9961
9865
9985
9935
9887
9880
9772
9896
9890
9776
9927
9984
9960
9941
9856
9833
9902
9983
9998
9925
9876
9944
9874
9879
9917
9971
10000
9967
9847
9901
9947
9930
9988
9977
9913
9981
9900
9943
9868
9987
9884
9938
9924
9944
9913
9980
9987
9893
9961
9882
9903
9913
9936
9960
9847
9908
9927
9979
9946
9957
9967
9879
9887
9904
9901
9764
9956
9974
9911
9880
9975
9870
9857
9884
9904
9950
9995
9790
9935
9908
9957
9799
9966
9947
9902
9976
9905
9928
9788
9647
9956
9901
9954
9949
9904
9938
9850
9853
9840
9919
9892
9870
9891
9870
9989
9958
9893
9942
9791
9917
9892
9758
9862
9949
9992
9891
9902
9862
9889
9834
9929
9976
9972
9846
9849
9959
9881
9890
9930
9880
9979
9887
9903
9866
9881
9975
9981
9910
9966
9979
9806
9928
9827
9928
9889
9872
9993
9873
9920
9970
9901
9962
9843
9902
9921
9887
9963
9788
9861
9988
9952
9860
9952
9869
9975
9993
9897
9921
9889
9987
9917
9893
9800
9915
9828
9984
9955
9903
9931
9886
9944
9899
9999
9955
9900
9928
9922
9923
9894
9938
9889
9960
9885
9937
9962
9702
9943
9951
9917
9936
9938
9922
9890
9855
9811
9891
9913
9995
9928
9889
9809
9916
9898
9836
9892
9925
9972
9886
9927
9943
9819
9948
9976
9888
9985
9958
9948
9947
9887
9913
9954
9852
9948
9953
9879
9898
9815
9888
9868
9882
9919
9807
9920
9754
9878
9853
9957
9978
9791
9950
9884
9915
9799
9813
9918
9933
9965
9920
9880
9943
9943
9993
9957
9937
9822
9959
9989
9797
9793
9944
9924
9892
9895
9894
9919
9847
9995
9895
9883
9774
9972
9946
9887
9952
9974
9895
9912
9925
9913
9978
9813
9997
9786
9885
9929
9835
9926
9884
9931
9871
9886
9859
9930
9930
9903
9891
9909
9851
9885
9869
9972
9951
9827
9852
9894
9880
9914
9920
9936
9956
9924
9877
9909
9993
9967
9920
9945
9857
9801
9948
9967
9786
9997
9922
9943
9814
9930
9937
9930
9947
9950
9951
9946
9850
9896
9880
9867
9932
9880
9958
9860
9879
9943
9999
9904
9877
9923
9810
9889
9892
9810
9929
9918
9854
9942
9954
9834
9924
9864
9906
9921
9900
9938
9913
9949
9946
9944
9675
9847
9921
9850
9854
9840
9931
9858
9970
9964
9885
9715
9975
9859
9915
9802
9948
9877
9866
9811
9913
9910
9830
9892
9846
9787
9941
9933
9785
9838
9965
9920
9896
9880
9918
9939
9965
9840
9930
9988
9826
9904
9965
9928
9966
9877
9836
9920
9879
9895
9931
9914
9924
9900
9960
9899
9974
9818
9771
9955
9901
9900
9977
9924
9937
9927
9886
9851
9969
9886
9953
9890
9931
9879
9851
9878
9947
9909
9850
9914
9888
9894
10000
9961
9851
9808
9984
9923
9960
9982
9899
9933
9853
9916
9928
9938
9920
9789
9877
9911
9921
9920
9970
9896
9848
9929
9928
9901
9867
9952
9953
9913
9916
9955
9937
9955
9882
9911
9877
9908
9846
9948
9894
9957
9944
9888
9826
9845
9861
9943
9929
9964
9815
9938
9915
9954
9832
9939
9924
9899
9882
9904
9941
9942
9773
9820
9967
9872
9978
9949
9884
9923
9909
9973
9901
9915
9973
9891
9976
9875
9988
9922
9880
9899
9891
9925
9972
9877
9967
9801
9947
9852
9930
9942
9948
9837
9878
9945
9906
9862
9938
9947
9977
9967
9879
9965
9848
9858
9946
9887
9864
9892
9912
9889
9905
9878
9845
9842
9915
9915
9917
9941
9936
9913
9947
9863
10000
9934
9960
9892
9865
9991
9957
9885
9887
9898
9895
9911
9920
9931
9977
9860
9934
9910
9903
9948
9892
9952
9904
9908
9981
9960
9934
9841
9947
9907
9950
9905
9955
9919
9914
9867
9926
9835
9972
9851
9876
9969
9927
9956
9873
9950
9942
9901
9942
9948
9890
9976
9891
9888
9952
9966
9944
9816
9785
9925
9904
9858
9895
9877
9937
9846
9939
9999
9892
9855
9838
9901
9878
9915
9932
9919
9916
9883
9946
9902
9906
9913
9970
9852
9938
9871
9895
9833
9912
9942
9954
9996
9856
9756
9923
9831
9892
9907
9882
9969
9965
9850
9911
9962
9923
9760
9830
9988
9899
9953
9975
9907
9925
9968
9966
9837
9970
9939
9807
9975
9855
9848
9928
9935
9945
9882
9958
9947
9904
9888
9935
9819
9969
9971
9771
9871
9939
9945
9975
9960
9846
9943
9906
9927
9956
9846
9951
9910
9879
9913
9886
9945
9819
9940
9946
9897
9936
9889
9988
9892
9921
9916
9887
9889
9816
9850
9872
9980
9820
9800
9932
9935
9983
9883
9824
9932
9858
9982
9925
9921
9778
9877
9885
9950
9920
9939
9838
9990
9888
9898
9972
9918
9905
9974
9903
9911
9880
9870
9840
9896
9885
9964
9964
9874
9943
9877
9964
9954
9946
9913
9871
9925
9780
9942
9945
9910
9953
9978
9893
9972
9938
9888
9798
9862
9901
9920
9878
9980
9864
9856
9861
9849
9882
9876
9908
9929
9858
9921
9874
9939
9974
9939
9897
9860
9898
9888
9798
9838
9874
9937
9952
9935
9742
9769
9966
9866
9835
9904
9950
9831
9914
9945
9960
9945
9887
9979
9900
9919
9895
9861
9815
9901
9899
9879
9932
9942
9933
9891
9946
9946
9934
9945
9927
9922
9865
9910
9934
9918
9901
9888
9977
9947
9957
9930
9866
9900
9958
9828
9900
9932
9873
9879
9926
9788
9906
9861
9964
9942
9958
9971
9893
9841
9905
9742
9858
9898
9857
9873
9859
9982
9940
9878
9939
9882
9971
9920
9986
9916
9847
9925
9936
9913
9901
9891
9754
9798
9758
9857
9885
9956
9912
9954
9843
9964
9943
9963
9859
9955
9965
9981
9862
9866
9821
9879
9939
9969
9785
9918
9960
9943
9890
9929
9945
9975
9884
9980
9855
9932
9885
9785
9982
9919
9936
