9867
9904
9987
9845
9982
9996
9907
9857
9876
9967
9911
9806
9850
9912
9818
9945
9668
9917
9956
9898
9947
9966
9823
9837
9835
9959
9924
9846
9887
9955
9808
9945
9874
9997
9935
9790
9885
9937
9951
9961
9904
9847
9855
9906
9999
9896
9912
9850
9908
9929
9964
9990
9891
9898
9908
9736
9955
9883
9980
9936
9913
9917
9954
9906
9922
9861
9875
9934
9897
9911
9944
9908
9919
9860
9925
9984
9866
9927
9786
9850
9955
9917
9907
9913
9923
9907
9826
9961
9867
9895
9863
9941
9930
9849
9895
9910
9922
9969
9876
9867
9791
9887
9931
9966
9949
9855
9966
9880
9966
9795
9971
9924
9756
9984
9894
9961
9880
9873
9872
9960
9944
9932
9954
9913
9876
9940
9866
9912
9913
9960
9895
9996
9926
9714
9860
9910
9908
9933
9956
9987
9768
9955
9869
9970
9954
9928
9914
9989
9881
9903
9977
9916
9954
9853
9903
9883
9938
9843
9943
9986
9833
9820
9913
9935
9841
9840
9944
9836
9950
9911
9863
9919
9952
9987
9850
9928
9816
9943
9920
9910
9903
9910
9939
9904
9866
9890
9805
9891
9942
9976
9938
9869
9927
9948
9907
9890
9908
9935
9911
9863
9903
9981
9872
9884
9882
9879
9942
9918
9893
9913
9911
9808
9971
9941
9923
9832
9900
9854
9923
9831
9910
9901
9949
9926
9797
9872
9940
9887
9884
9962
9873
9870
9884
9940
9803
9962
9910
9941
9767
9929
9878
9979
9755
9808
9935
9880
9974
9962
9959
9887
9940
9880
9868
9930
9957
9872
9874
9937
9974
9937
9865
9965
9891
9833
9992
9935
9785
9887
9805
9932
9927
9982
9950
9973
9840
9895
9959
9987
9892
9918
9927
9984
9962
9874
9857
9905
9954
9877
9831
9945
9949
9822
9672
9912
9962
9909
9812
9894
9859
9956
9955
9828
9946
9926
9856
9860
9913
9946
9900
9870
9859
9901
9931
9924
9894
9908
9914
9892
9823
9886
9933
9877
9944
9856
9837
9869
9840
9996
9969
9900
9928
9931
9870
9888
9852
9807
9915
9893
9931
9904
9896
9861
9941
9897
9784
9843
9905
9904
9948
9901
9956
9931
9864
9984
10000
9847
9725
9900
9794
9908
9921
9852
9897
9884
9823
9868
9950
9928
9942
9907
9903
9941
9915
9848
9945
9958
9726
9930
9877
9897
9953
9851
9866
9830
9932
9852
9897
9890
9848
9900
9830
9875
9870
9946
9911
9861
9811
9895
9816
9899
9842
9941
9945
9940
9858
9939
9893
9921
9933
9939
9972
9873
9893
9966
9775
9985
9819
9890
9878
9783
9972
9917
9985
9880
9905
9820
9895
9939
9936
9958
9884
9920
9939
9933
9804
9998
9966
9831
9946
9876
9725
9981
9901
9836
9952
9925
9948
9881
9999
9948
9912
9966
9897
9891
9910
9860
9864
9966
9935
9931
9844
9809
9834
9941
9883
9832
9946
9666
9922
9969
9929
9871
9991
9883
9880
9924
9848
9911
9936
9911
9910
9889
9847
9829
9855
9943
9864
9982
9941
9801
9922
9883
9896
9993
9853
9713
9934
9925
9827
9992
9904
9931
9875
9893
9946
9894
9933
9939
9874
9861
9888
9936
9954
9970
9840
9955
9857
9929
9918
9897
9907
9970
9795
9890
9679
9984
9951
9944
9951
9853
9849
9933
9947
9808
9920
9812
10000
9835
9921
9904
9810
9866
9827
9961
9871
9909
9934
9967
9850
9918
9811
9972
9955
9961
9806
9970
9952
9840
9889
9911
9923
9931
9959
9911
9909
9943
9933
9884
9758
9921
9917
9975
9870
9828
9918
9901
9954
9728
9903
9937
9856
9998
9878
9938
9912
9901
9926
9886
9932
9938
9856
9913
9927
9929
9906
9962
9873
9929
9936
9936
9908
9848
9935
9843
9870
9910
9891
9849
9958
9943
9894
9970
9909
9916
9970
9826
9931
9956
9965
9829
9929
9933
9830
9905
9971
9951
9959
9972
9953
9892
9917
9849
9964
9932
9938
9924
9944
9914
9926
9919
9994
9902
9829
9884
9833
9974
9979
9957
9856
9957
9672
9912
9930
9953
9961
9964
9936
9884
9937
9913
9993
9911
9929
9958
9917
9903
9936
9934
9912
9896
9946
9937
9899
9942
9934
9969
9931
9925
9878
9840
9914
9877
9940
9922
9826
9849
9791
9978
9916
9942
9978
9948
9949
9902
9909
9792
9905
9962
9829
9972
9916
9825
9925
9935
9854
9889
9923
9940
9916
9866
9932
9966
9916
9988
9993
9894
9861
9901
9983
9952
9889
9924
9920
9889
9961
9961
9947
9959
9951
9956
9949
9894
9904
9894
9904
9931
9903
9889
9874
9918
9851
9869
9891
9968
9873
9894
9874
9873
9872
9962
9949
9928
9886
9855
9963
9940
9931
9751
9926
9751
9915
9911
9987
9925
10000
9921
9886
9924
9888
9881
9990
9902
9891
9926
9895
9974
9897
9894
9802
9905
9901
9879
9965
9963
9963
9955
9999
9951
9819
9909
9978
9927
9751
9968
9978
9890
9922
9864
9891
9774
9573
9933
9891
9783
9924
9886
9868
9874
9905
9912
9861
9970
9850
9920
9836
9850
9989
9994
9946
9901
9839
9920
9912
9925
9933
9925
9852
9916
9884
9848
9824
9939
9799
9902
9883
9962
9873
9944
9915
9849
9941
9906
9869
9996
9849
9933
9963
9946
9935
9912
9911
9820
9860
9909
9986
9850
9931
9758
9877
9854
9903
9722
9912
9944
9958
9937
9879
9897
9579
9954
9864
9843
9918
9945
9867
9915
9834
9928
9904
9943
9882
9908
9912
9973
9956
9825
9941
9997
9930
9923
9878
9909
9945
9827
9968
9954
9914
9960
9889
9996
9985
9954
9927
9958
9874
9849
9936
9756
9957
9922
9989
9748
9863
9879
9959
9701
9966
9854
9910
9758
9900
9936
9790
9881
9954
9952
9907
9916
9973
9987
9964
9974
9958
9970
9938
9921
9916
9841
9976
9927
9872
9990
9914
9986
9829
9867
9925
9877
9956
9961
9950
9899
9883
9942
9807
9911
9889
9890
9915
9901
9939
9914
9845
9918
9906
9918
9910
9897
9878
9935
9958
9934
9847
9967
9885
9876
9899
9824
9948
9715
9759
9968
9882
9952
9963
9902
9933
9866
9905
9872
9953
9934
9892
9859
9953
9933
9923
9996
9856
9902
