9831
9981
9941
9751
9912
9953
9935
10000
9940
9950
9969
9905
9839
9873
9955
9997
9972
9942
10000
9920
9969
10000
9908
9913
10000
9865
10000
9971
9914
9881
9696
9972
9995
9854
9994
9829
9900
9891
9746
9984
9868
9857
10000
9975
9831
9962
9849
9662
9999
9640
9842
9936
10000
9999
9856
9983
10000
9997
9877
9867
9936
9863
9858
9990
9892
9882
9937
9929
9823
9985
9920
9958
10000
9898
9942
9927
9881
9896
9757
9936
9984
9883
9965
9912
9975
9886
9919
9889
9957
9851
9925
9935
9938
9948
9971
9914
10000
9781
9909
9756
9886
9934
9825
9818
9846
9870
9884
9997
9838
9916
9910
9957
9907
9991
9945
9828
9886
9848
9999
9997
9944
9884
9865
9935
9958
9978
9907
9993
9997
9939
9880
9892
9937
9994
9872
9910
9989
9937
9929
9921
9990
9930
9992
9977
9968
9921
9888
9971
9891
9920
9972
9964
9804
9917
9863
9808
9878
9936
9927
9955
9999
9974
9875
9999
9832
9940
9995
9958
9894
9849
9871
9834
9990
9850
9861
10000
9897
9888
9956
9952
9999
9855
9990
9903
9884
9990
9933
9949
9958
9825
9898
9948
9976
9943
9919
9996
9927
9947
9927
9996
9838
9936
9727
9988
9972
9917
9898
9850
9921
10000
9895
9949
9924
9856
9939
9918
9825
9909
9881
9942
9926
9943
9953
9948
9929
9944
9994
9963
9924
9954
9963
9886
9921
9889
10000
9914
9955
9932
9997
9905
9885
9900
9909
9984
9915
9830
9876
9832
9821
9941
10000
9918
9917
9944
9851
9999
9999
9956
9905
9998
9996
9901
9839
9992
9987
9863
9981
9825
10000
9779
9889
9901
9931
9999
9923
9962
9860
10000
9916
9912
9824
9945
9914
9957
9919
9890
9886
9867
9909
10000
9939
9986
9932
9902
9913
9959
9917
9915
9912
9988
9882
9944
9863
9935
9959
9943
9882
9941
9866
9966
9880
10000
10000
9806
9928
9992
9758
9916
9892
9949
9873
9835
9977
9884
9840
9908
9788
9941
9921
9867
9869
9997
9812
9984
9959
9911
9792
9926
9998
9872
9999
9849
9980
9995
9853
9887
9968
9971
9977
9997
9950
9830
9987
9967
9840
9916
9842
9958
9784
9870
9973
9892
9987
9810
9876
9924
9917
9956
9897
9845
9937
9972
9974
9822
9898
9888
9921
9947
9955
9786
9955
9996
9946
9938
9969
9994
9830
9900
9900
9925
9964
9981
9960
9896
9976
9863
9996
9826
9842
9845
9866
9917
9978
9864
9924
9951
9957
9948
9936
9861
9948
9909
9886
9769
9989
9975
9898
9890
9929
9932
9802
9923
9876
9995
9986
9862
9982
9971
10000
9950
9991
9956
9816
9932
9899
9958
9910
9826
9951
9970
9927
9939
9971
9922
9990
9874
9948
9948
9922
9979
10000
9929
9964
9962
9987
9984
9861
9942
9982
9947
10000
10000
9920
9774
9864
9914
9940
9955
9915
9943
9863
9906
9918
9955
9856
9911
9978
9859
9809
9939
9949
9937
9927
9992
9933
9822
9925
9830
9929
9993
10000
9982
9939
9962
9916
9901
9886
9969
9997
9937
9994
9964
9913
9833
9919
9937
9892
9936
9994
9945
9980
9927
9863
9890
9876
9896
9870
9924
9996
9918
9859
9907
9982
9968
9920
9938
9939
9961
9779
9808
9825
9917
9965
9938
9796
9983
9967
9862
9993
9875
9941
9827
9945
9912
9892
9990
9997
9930
9816
9986
9789
9878
9965
9944
9909
9895
9927
9804
9938
9889
9925
9908
9914
9835
9774
9903
9891
9971
9899
9971
9898
9956
9960
9927
9998
9958
9994
9805
9959
9972
9950
9906
9925
9784
9961
9937
9983
9969
9963
9856
9883
9929
9935
9916
9942
9930
9908
9973
9998
9946
9874
9973
9856
9854
9912
9936
9934
9954
10000
9834
9907
9998
9748
9937
9901
9770
9930
9994
9987
9982
10000
9997
9950
9956
9964
9973
9932
9926
9957
9816
9911
9932
9988
9854
9867
9945
9768
10000
9867
9974
10000
9994
9926
9959
9940
9930
9867
9912
9791
9925
9851
9930
9829
9898
9934
9856
9990
9906
9966
9998
9907
9948
9975
9992
9887
9852
9920
9920
9914
9910
10000
9997
9843
9950
9954
9922
9964
9865
10000
9924
9927
10000
9898
9925
9903
9929
9901
9932
9967
9975
9973
9852
9996
9999
9999
9881
9872
9908
9928
9926
9903
9873
9914
9915
9900
9823
9821
9991
9983
9796
9812
9937
9872
9817
9808
9842
10000
9958
9878
9873
9869
9995
9862
9829
10000
9938
10000
9979
9880
9949
9892
9922
9997
9897
9936
9848
9899
9962
9979
9912
10000
9891
9997
9921
9976
9871
9913
9943
9942
9961
9948
9920
9874
9804
9835
9953
9829
9927
9884
9836
9904
9891
9910
9914
9948
9962
9958
9973
10000
9976
9861
9965
9952
9991
9915
9948
9916
10000
9845
9967
9943
9952
9951
9898
9897
9871
9880
9908
9996
9879
10000
9868
9900
9995
9861
9857
9922
10000
9892
9934
9862
10000
9730
9875
9985
9919
9956
9966
9974
9852
9966
9858
9913
9966
9942
9884
9838
9971
9664
9959
9959
9870
9802
9930
9886
9984
9975
9978
10000
10000
9927
9906
9999
9820
9941
9999
9946
9990
9894
9957
9986
9942
9882
10000
9966
9957
9990
9997
9944
9998
9926
9904
9900
9973
10000
9731
9933
9937
9956
9998
9908
9996
9960
9767
9959
9834
9992
9892
10000
9927
10000
9928
9825
9901
9997
9906
10000
9889
9848
9979
10000
9922
9914
9989
9993
9993
10000
9999
9994
9999
9925
9910
9945
9996
9839
9798
9961
9966
9934
9891
9985
9925
10000
9967
9924
9908
9937
9908
9957
9904
9940
9994
9982
9900
9978
9997
9692
9978
9878
9949
9997
9929
9992
9931
9924
9944
9847
9993
9987
9756
9998
9918
9976
9992
9946
9999
9943
9977
9849
9889
9858
9933
9794
9962
9839
9958
9985
9796
9860
9985
9767
9990
9894
9953
9864
9909
9998
9900
9915
9951
9908
9971
9902
9877
9887
9901
9999
9849
9869
9929
9962
9947
9989
9959
9907
9917
9868
9971
9968
9774
9908
9887
9936
9918
9950
9939
9958
9917
9909
9968
9995
9988
9822
9995
9932
9913
9927
9917
9886
9932
