9931
9984
9965
9961
9891
9930
9897
9953
9774
9990
9946
9797
9838
9988
9901
9967
9872
9928
9930
9973
9827
9830
9856
9871
9964
9876
9932
9966
9863
9977
9989
9872
9898
9971
9879
9894
9959
9897
9940
9906
9932
9794
9876
9910
9944
9841
9972
9927
9966
9902
9915
9910
9884
9981
9765
9925
9880
9900
9953
9897
9974
9870
9919
9943
9896
9887
9933
9887
9879
9846
9964
9932
9934
9861
9920
9885
9833
9958
9764
9892
9973
9937
9901
9877
9890
9986
9816
9862
9918
9960
9951
9961
9922
10000
9963
9868
9887
9942
9880
9946
9955
9876
9924
9829
9962
9941
9970
9965
9915
9865
9912
9830
9988
9853
9936
9853
9846
9902
9965
9935
9908
9804
9873
9657
9933
9775
9928
9939
9899
9833
9872
9916
9910
9816
9911
9879
9840
9901
9752
9772
9964
9909
9948
9864
9951
9860
9974
9882
9994
9912
9843
9819
9894
9971
9917
9937
9801
9932
9847
9798
9828
9951
9947
9952
9931
9928
9961
9810
9925
9856
9944
9843
9941
9907
9923
9981
9834
9899
9932
9929
9975
9940
9879
9935
9913
9889
9874
9766
9837
9895
9999
9937
9915
9905
9906
9940
9818
9885
9879
9889
9929
9923
9779
9770
9863
9929
9928
9886
9946
9978
9889
9904
9954
9926
9861
9896
9990
9936
9919
9918
9967
9967
9888
9888
9914
9910
9853
9972
9815
9735
9938
9943
9912
9901
9839
9941
9867
9922
9959
9907
9818
9929
9872
9957
9936
9918
9854
9925
9966
9965
9880
9859
9917
9892
9751
9786
9977
9902
9895
9865
9977
9914
9963
9936
10000
9848
9915
9949
9973
9953
9905
9962
9957
9903
9864
9915
9861
9929
9815
9867
9946
9929
9942
9887
9868
9935
9911
9967
9988
9999
9838
9935
9888
9956
9896
9898
9745
9847
9943
9982
9929
9787
9966
9957
9846
9931
9860
9908
9899
9907
9893
9991
9894
9931
9942
9886
9913
9829
9978
9852
9891
9843
9897
9930
9846
9909
9927
9889
9864
9924
9969
9926
9973
9946
9889
9979
9883
9899
9862
9842
9984
9981
9924
9823
9879
9910
9914
9959
9811
9879
9932
9899
9826
9909
9988
9880
9796
9943
9859
9861
9895
9961
9913
9833
9844
9954
9887
9849
9824
9806
9862
9940
9935
9904
9799
9925
9932
9893
9977
9976
9932
9886
9984
9872
9930
9885
9949
9966
9894
9875
9906
9884
9817
9854
9884
9955
9885
9930
9996
9885
9923
9976
9906
9998
9946
10000
9912
9927
9875
9889
9861
9888
9914
9937
9910
9971
9953
9931
9827
9957
9920
9954
9849
9826
9940
9963
9876
9919
9920
9903
9981
9898
9751
9869
9826
9965
9922
9945
9929
9883
9940
9813
9981
9860
9894
9922
9951
9941
9950
9875
9979
9821
9849
9936
9871
9974
9851
9909
9929
9976
9930
9854
9897
9957
9965
9811
9891
9928
9914
9984
9833
9918
9910
9960
9891
9892
9942
9971
9934
9923
9867
9845
9941
9935
9868
9818
9902
9944
9865
9963
9918
9944
9947
9957
9965
9933
9965
9929
9949
9927
9754
9943
9940
9845
9920
9849
9908
9790
9804
9886
9786
9992
9890
9970
9909
9779
9914
9983
9958
9820
9904
9865
9895
9875
9838
9796
9952
9891
9973
9885
9934
9904
9820
9937
9987
9891
9928
9840
9955
9847
9928
9862
9957
9988
9880
9936
9815
9874
9999
9732
9973
9922
9827
9945
9914
9882
9900
9866
9966
9963
9826
9861
9970
9915
9965
9940
9942
9898
9922
9989
9857
9943
9893
9797
9930
9917
9954
9932
9875
9860
9924
9875
9731
9953
9940
9855
9987
9953
9954
9960
9943
9969
9853
9887
9864
9873
9882
9880
9952
9955
9913
9884
9856
9875
9820
9967
9918
9803
9868
9884
9783
9706
9909
9954
9998
9877
9871
9845
9944
9926
9944
9929
9913
9735
9879
9876
9964
9876
9918
9854
9929
9874
9842
9916
9940
9909
9902
9949
9841
9916
9878
9874
9960
9858
9906
9907
9954
9876
9900
9893
9899
9824
9931
9941
9849
9792
9923
9978
9959
9999
9902
9944
9992
9815
9827
9974
9977
9906
9974
9941
9955
9898
9937
9958
9790
9826
9778
9945
9927
9910
9875
9917
9727
9926
9899
9973
9883
9958
9937
9929
9926
9856
9942
10000
9937
9957
9998
9889
9891
9848
9824
9835
9757
9924
9904
9945
9904
9889
9861
9899
9981
9929
9867
9974
9929
9858
9959
9889
9886
9942
9956
9919
9820
9890
9966
9908
9814
9935
9955
9845
9886
9880
9860
9953
9905
9881
9817
9944
9847
9929
9942
9701
9845
9937
9912
9914
9962
9853
9869
9885
9771
9976
9829
9865
9848
9928
9829
9936
9956
9910
9902
9902
9856
9895
9841
9946
9995
9865
9875
9934
9644
9835
9932
9921
9963
9867
9956
9940
9865
9887
9957
9840
9847
9879
9931
9914
9914
9838
9936
9988
9887
9924
9968
9978
9853
9840
9891
10000
9944
9832
9946
9735
9923
9856
9823
9950
9931
9916
9885
9795
9986
9877
9917
9908
9927
9944
9934
9942
9912
9900
9824
9856
9839
9914
9918
9794
9797
9809
9947
9944
9948
9875
9947
9976
9890
9884
9833
9933
9823
9980
9887
9783
9776
9945
9965
9818
9848
9961
9966
9975
9920
9961
9890
9951
9985
9924
9895
9914
9965
9967
9904
9932
9849
9898
9857
9993
9996
9800
9947
9771
9950
9918
9962
9880
9994
9862
9891
9948
9944
9905
9870
9935
9958
9921
9924
9912
9955
9930
9896
9816
9950
9828
9947
9854
9908
9863
9853
9947
9778
9908
9949
9868
9918
9933
9960
9900
9935
9909
9835
9979
9963
9845
9861
9989
9940
9850
9843
9809
9940
9999
9980
9937
9955
9937
9941
9891
9879
9838
9910
9984
9861
9862
9803
9985
9780
9943
9964
9885
9998
9994
9916
9824
9964
9885
9928
9804
9952
9858
9939
9979
9913
9887
9957
9886
9879
9958
9880
9844
9946
9920
9868
9922
9933
9893
9852
9946
9940
9987
9897
9797
9973
9864
9946
9974
9780
9960
9882
9953
9863
9905
9906
9871
9928
9913
9885
9909
9870
9939
9861
9877
9965
9952
9949
9931
9946
9902
9974
9984
9962
9932
