9830
9936
9890
9982
9912
9863
9892
9780
9820
9834
9915
9916
9936
9997
9845
9823
9953
9802
9942
9962
9944
9927
9912
9824
9872
9953
9928
9917
9931
9952
9842
9973
9897
9957
9908
9842
9918
9901
9971
9953
9967
9989
9926
9906
9959
9910
9897
9899
9962
9867
9953
9906
9768
9873
9902
9872
9921
9974
9847
9828
9941
9952
9859
9964
9871
9847
9925
9844
9946
9961
9890
9918
9928
9862
9905
9943
9775
9902
9905
9873
9925
9913
9932
9875
9911
9978
9926
9929
9905
9984
9934
9868
9922
9950
9839
9954
9953
9907
9993
9833
9943
9895
10000
9971
9955
9924
9882
9848
9920
9878
9889
9969
9897
9929
9886
9950
9862
9989
9980
9885
9931
9817
9937
9885
9787
9782
9926
9875
9796
9933
9779
9777
9996
9899
9899
9957
9946
9943
9898
9853
9942
9906
9924
9892
9811
9928
9932
9926
9862
9874
9987
9850
9917
9788
9952
9895
9996
9930
9910
9950
9786
9640
9906
9925
9950
9982
9925
9938
9920
9900
9913
9902
9707
9927
9870
9947
9910
9848
9939
9870
9942
9840
9921
9965
9883
9993
9802
9892
9944
9932
9872
9863
9945
9833
9860
9870
9861
9919
9861
9806
9930
9925
9966
9954
9966
9885
9944
9892
9872
9916
9916
9918
9853
9991
9909
9944
9971
9988
9665
9916
9911
9887
9951
9899
9864
9910
9938
9902
9926
9997
9916
9970
9872
9983
9923
9940
9860
9866
9964
9830
9872
9881
9901
9897
9865
9900
9958
9896
9922
9918
9918
9848
9900
9809
9883
9873
9871
9900
9769
9969
9952
9913
9991
9796
9719
9901
9738
9845
9950
9765
9922
9917
9943
9935
9966
9928
9940
9938
9878
9890
9857
9914
9842
9956
9888
9909
9876
9840
9945
9909
9864
9952
9929
9965
9960
9807
9912
9899
9941
9905
9899
9932
9859
9893
9975
9899
9871
9882
9934
9892
9922
9917
9903
9896
9949
9946
9947
9947
9803
9922
9915
9922
9929
9962
9907
9656
9911
9908
9980
9909
9949
9890
9962
9914
9903
9900
9924
9916
9958
9899
9912
9989
9992
9861
9898
9920
9899
9963
9949
9951
9921
9935
9689
9828
9907
9838
9895
9904
9999
9866
9881
9848
9932
9871
9890
9947
9673
9917
9913
9922
9957
9918
9918
9947
9915
9928
9910
9938
9975
9849
9957
9887
9915
9909
9992
9931
9889
9822
9922
9891
9876
9905
9897
9908
9950
9942
9948
9860
9909
9931
9917
9998
9981
9890
9945
9888
9928
9890
9908
9956
9995
9856
9922
9936
9951
9912
9919
9826
9869
9786
9919
9845
9871
9849
9854
9942
9906
9950
9949
9960
10000
9943
9877
9936
9860
9942
9988
9984
9803
9987
9951
9770
9968
9957
9936
9968
9919
9924
9883
9955
9992
9820
9910
9842
9874
9921
9964
9960
9933
9987
9853
9935
9884
9891
9908
9780
9880
9915
9985
9650
9885
9913
9890
9952
9860
9941
9911
9908
9909
9954
9950
9942
9931
9964
9897
9758
9958
9866
9887
9950
9968
9963
9959
9833
9860
9959
9898
9802
9952
9919
9850
9918
9839
9907
9922
9925
9929
9983
9984
9900
9947
9958
9909
9888
9946
9872
9995
9905
9951
9917
9889
9973
9957
9866
9957
9940
9945
9980
9962
9833
9939
9984
9917
9881
9910
9911
9954
9849
9881
9843
9871
9832
9948
9841
9896
9930
9937
9957
9821
9872
9948
9946
9919
9887
9920
9857
9895
9890
9792
9865
9987
9778
9904
9932
9963
9839
9841
9925
9906
9983
9905
9919
9974
9934
9742
9861
9945
9910
9803
9887
9986
9952
9937
9923
9923
9857
9700
9832
9939
9937
9877
9936
9905
9956
9874
9850
9927
9914
9795
9793
9985
9944
9918
9832
9862
9883
9940
9925
9891
9871
9906
9941
9957
9963
9876
9834
9904
9959
9976
9870
9866
9922
9720
9994
9845
9964
9940
9958
9894
9842
9972
9930
9896
9955
9817
9905
9922
9797
9923
9946
9824
9888
9889
9968
9860
9925
9952
9889
9933
9767
9904
9948
9908
9966
9848
9946
9881
9904
9864
9909
9982
9906
9929
9992
9927
9836
9932
9905
9884
9904
9800
9965
9967
9990
9920
9769
9902
9836
9863
9924
9838
9675
9964
9845
9866
9844
9903
9962
9893
9869
9888
9889
9937
9948
9901
9950
9876
9901
9933
9839
9933
9983
9911
9859
9871
9935
9927
9962
9907
9933
9871
9865
9898
9933
9928
9958
9785
9908
9953
9916
9982
9873
9881
9919
9881
9890
9864
9936
9912
9931
9907
9756
9930
9927
9591
9899
9858
9976
9953
9888
9961
9942
9845
9815
10000
9966
9937
9896
9878
9888
9975
9883
9923
9928
9998
9860
9984
9878
9919
9961
9845
9948
9801
9871
9899
9854
9965
9833
9917
9858
9923
9956
9956
9906
9931
9871
9831
9928
9812
9895
9793
9848
9939
9929
9877
9972
9912
9700
9899
9953
9904
9867
9949
9865
9977
9853
9933
9744
9921
9892
9958
9963
9904
9953
9914
9952
9983
9835
9953
9869
9875
9986
9944
9964
9974
9943
9861
9990
9965
9824
9877
9893
9877
9879
9914
9914
9900
9904
9778
9835
9937
9915
9958
9816
9985
9956
9827
9936
9924
9874
9941
9976
9925
9867
9955
9890
9958
9964
9946
9802
9944
9930
9913
9937
9880
9966
9902
9936
9953
9909
9967
9948
9848
9951
9897
9917
9884
9924
9884
9955
9923
9860
9920
9883
9953
9743
9866
9867
9880
9911
9982
9961
9859
9958
9967
9855
9936
9910
9992
9930
9918
9949
9860
9722
9875
9904
9893
9942
9945
9993
9996
9935
9911
9927
9981
9939
9936
9930
9910
9945
9835
9815
9855
9905
9898
9911
9778
9853
9907
9940
9919
9847
9862
9941
9865
9845
9920
9906
9925
9851
9927
9971
9748
9932
9968
9811
9918
9884
9924
9919
9918
9925
9886
9877
9950
9880
9916
9914
9720
9895
9958
9913
9668
9848
9869
9865
9958
9811
9919
9871
9917
9842
9904
9916
9943
9909
9950
9723
9904
9952
9908
9949
9867
9871
9759
9944
9918
9871
9878
9969
9979
9922
9854
9886
9997
9933
9873
9861
9861
9944
9944
9905
9921
9876
9999
9852
9909
9864
9944
9939
