9937
9935
9944
9866
9984
10000
9994
9935
9912
9963
9995
10000
9790
9917
9891
9897
9959
9934
9998
9873
9883
9913
9857
9892
9916
9806
9932
9850
9903
9955
9934
9944
9942
9875
9903
9952
9956
9829
9895
9863
9992
9940
9930
9755
9943
9941
9999
9854
9901
9937
9850
9931
9883
9828
9946
9995
9894
9940
9881
9962
9912
9945
9837
9834
9906
9953
9889
9939
9923
9995
9988
9925
9919
9864
9993
9942
9921
9882
9894
9969
9889
9936
9837
9917
9868
9956
9955
10000
9859
9993
9887
9790
9980
9962
9697
9990
9789
10000
9992
9998
9916
9902
9950
9941
9766
9970
9795
9998
9941
9846
9859
9938
9792
9936
9822
9925
9907
9892
9976
9829
9933
9977
9973
9949
9909
10000
9905
9964
9933
9914
9861
9992
9894
9919
9950
9964
9864
9997
9924
9965
10000
9957
9931
9901
9931
9883
9986
9916
9892
9875
9910
9803
9823
9965
9943
9992
9790
9884
9946
9834
10000
9965
9905
9944
9937
9918
9987
9912
9912
9994
9930
9708
9979
9885
9887
9912
9905
9861
9919
10000
9953
9913
9941
9950
9877
9964
9933
9966
9944
9982
9993
9891
9971
9929
9938
9979
9985
9843
9970
9925
9964
9935
9915
9823
9904
9902
9907
9872
9968
10000
9982
9903
9949
9995
9997
9836
9952
9936
9882
9999
9927
9684
9905
9784
9857
9886
9920
9921
9953
9939
9869
9974
9927
9844
9959
9942
9905
9944
9953
9967
9911
9844
9864
9927
9869
9860
9992
9998
9821
9868
9894
9813
9995
9998
9900
9964
9888
9946
9911
9984
9913
9835
9929
9610
9912
9943
9887
9853
9823
9987
9921
9987
9989
9946
9992
9986
9879
9936
9936
9983
9946
9883
9978
9918
9893
9762
9925
9959
9959
9889
9938
9878
9971
9853
9965
9841
9851
9889
9931
9907
9947
9991
9977
9893
9873
9877
9912
9918
9955
9962
9906
9946
9849
9916
9969
9942
9916
9918
9917
9967
9952
9905
9926
9918
9715
9928
9893
9939
10000
9902
9835
9928
9845
9886
9922
9926
9838
9994
9843
9920
9996
9862
9950
9776
9945
9906
9839
9830
9976
9939
9884
9998
9961
9893
9996
9944
9772
9954
9964
9832
9906
9969
9969
9918
10000
9945
9961
9869
9869
9954
9933
9881
9871
9955
9989
9904
9970
9889
10000
9935
9996
9882
9989
9926
9961
9885
9974
9723
9851
9956
9981
9981
9914
9776
9998
9863
9952
9931
9930
9949
9932
9902
9993
9853
9994
9877
9914
9747
9924
9850
9746
9907
9860
9949
9917
9899
9888
9896
9984
9822
9858
9899
9835
9913
10000
9970
9959
9932
9884
9597
9891
9947
9850
9992
9937
9946
9935
9861
9930
9903
9926
9779
9967
9935
9970
9764
9979
9893
9999
9995
9876
10000
9946
9862
9999
9816
9933
9921
9849
9930
9978
9929
10000
9837
9996
9960
9995
9898
9890
9995
9899
9856
9982
9925
9862
10000
9903
9870
9888
9946
9849
9891
9901
9902
10000
9880
10000
9896
9950
9996
9947
9933
9857
9879
9790
9998
9891
9958
9956
9862
9900
9940
9888
9916
9943
9931
9938
9857
9944
9876
9870
9983
9893
9997
9833
9947
9998
10000
9942
10000
9941
9925
9956
9908
9986
9932
9986
9826
9991
9737
9936
9883
9855
9938
9852
9889
9830
9972
9960
9942
9940
9875
9895
9847
9964
9917
9805
9922
9967
9973
9894
9873
9841
9870
9892
9894
9991
9841
9940
9928
9893
9937
9852
9995
9955
9969
9902
9944
9816
9806
9955
9910
9981
9907
9978
9917
9824
9911
9956
10000
9982
9964
9927
9971
9844
9826
9813
9892
9991
9939
9875
9978
9922
9928
9870
9954
9928
10000
9928
9951
9917
9978
9882
9942
9851
9881
9947
9943
9831
9892
9985
9990
9882
9916
9915
9927
9986
9962
9905
9955
9894
9940
9921
9979
9835
9911
9789
9957
9967
9957
10000
9942
9890
9946
9905
9946
9927
9908
9917
9885
9894
9795
10000
9975
9929
9889
9949
9844
9913
9902
9935
9922
9957
9971
9852
9771
9998
9930
9891
10000
9911
9976
9876
9985
9978
9917
9861
9936
9890
10000
9949
9888
9946
9858
9949
9941
9996
9988
9906
9993
9879
9870
9951
9981
9892
9734
10000
9958
9827
9861
9860
9783
9959
9936
9919
9945
9971
9905
9826
9999
9825
9944
9891
9944
9930
9926
9843
9976
9941
9720
9945
9879
9915
9936
9955
9847
9885
9962
9901
9908
9676
9941
9803
9853
9953
9951
9866
9987
9904
9831
9991
9983
9867
9844
9932
9887
9942
9846
9919
9966
9991
9963
9779
9892
9986
9997
9929
9955
9876
9905
9857
9908
9951
9919
9885
9961
9734
9986
9916
9816
9890
9868
9990
9866
9876
9858
9924
9907
10000
9990
9915
9929
9998
9812
9928
9873
9854
9854
9881
9881
9933
9980
9928
9989
10000
9794
9832
9924
9883
9980
9894
9909
9996
9940
9907
9929
9963
9868
9984
9999
9976
9898
9965
9870
9968
9915
9870
9931
9882
9920
9921
9924
9870
9891
9999
9854
9864
9792
9956
9952
9998
9891
9992
9892
9888
9767
9817
9886
9739
9922
9875
9886
9871
9816
9932
9969
9981
9844
9979
9943
9870
9933
9848
9927
9893
9767
9816
9953
9997
9910
9999
9876
9996
9909
9943
9868
9952
9934
9828
9930
9871
9920
9907
9887
9917
9975
9894
9947
9935
9940
9913
9981
9914
9873
9902
10000
9974
9997
9890
9971
9941
9961
9945
9805
9877
9901
9948
9824
9891
9904
9981
9924
9927
9892
9898
9952
9947
9968
9861
9953
9983
9885
9876
9994
9883
10000
9934
9820
9949
9912
9991
9973
9896
9969
9961
9855
9905
9943
9990
9989
9953
9882
9899
9820
9987
9948
10000
9886
10000
9801
9846
9969
9861
10000
9982
10000
9982
9935
9951
9899
9905
9850
9862
9898
9937
9935
9928
9911
9958
9924
9768
9978
9973
9948
9802
9932
9958
9899
9894
9994
9915
10000
9995
9931
9981
9890
9832
9979
9793
9869
9961
9909
9859
9940
9925
9868
9929
9947
9873
9784
9957
9994
9818
9932
9931
9907
9941
9990
9985
9982
9892
9859
9790
9958
9906
9875
9951
9989
9998
9881
