9825
9916
9897
9879
9932
9902
9930
9946
9797
9897
9922
9860
9948
9985
9932
9969
9848
9870
9906
9854
9910
9807
9870
9907
9893
9831
9874
9922
9935
9914
9863
9801
9897
9786
9801
9952
9899
9947
9944
9929
9884
9832
9916
9968
9902
9861
9931
9923
9947
9899
9959
9925
9977
9819
9893
9841
9929
9891
9942
9937
9943
9965
9965
9830
9894
9944
9952
9936
9968
9990
9932
9961
9838
9960
9833
9778
9936
9915
9863
9925
9921
9882
9880
9826
9839
9917
9935
9926
9999
9943
9871
9965
9870
9867
9916
9855
9860
9780
9882
9998
9779
9978
9931
9804
9936
9878
9886
9966
9897
9928
9879
9956
9906
9970
9947
9954
9776
9866
9884
9935
9915
9823
9907
9914
9911
9833
9962
9808
9859
9953
9764
9889
9876
9892
9924
9853
9956
9974
9878
9892
9916
9887
9946
9922
9916
9934
9939
9915
9963
9922
9829
9873
9860
9852
9856
9892
9918
9987
9922
9910
9901
9871
9909
9991
9842
9904
10000
9968
9952
9821
9948
9875
9849
9951
9888
9934
9985
9848
9951
9937
9940
9869
9848
9679
9911
9904
9845
9912
9912
9880
9956
9968
9879
9823
9859
9895
9978
9903
9905
9939
9858
9890
9790
9794
9884
9945
9942
9860
9908
9895
9953
9956
9796
9844
9907
9911
9889
9938
9924
9894
9883
9969
9879
9934
9963
9882
9915
9942
9858
9790
9974
9867
9959
9826
9777
9942
9988
9909
9863
9879
9926
9920
9959
9951
9862
9868
9821
9963
9986
9947
9964
9941
9942
9935
9999
9908
9896
9950
9906
9999
9976
9873
9877
9885
9854
9903
9968
9927
9940
9971
9948
9863
9967
9903
9928
9904
9994
9998
9919
9928
9922
9883
9923
9949
9868
9897
9812
9955
9912
9922
9908
9955
9926
9929
9885
9969
9979
9787
9819
9878
9918
9827
9882
9886
9870
9916
9965
9932
9931
9929
9823
9922
9949
9866
9873
9881
9920
9920
9981
9902
9927
9898
9958
9977
9844
9930
9827
9918
9984
9936
9895
9873
9866
9865
9909
9996
9875
9889
9817
9942
9911
9871
9895
9885
9861
9911
9927
9880
9890
9922
9915
9945
9971
9890
9947
9783
9901
9890
9932
9945
9830
9937
9880
9977
9940
9993
9998
9950
9909
9897
9930
9819
9949
9947
9928
9799
9854
9948
9976
9940
9794
9957
9940
9946
9915
9753
9979
9980
9933
9997
9919
9862
9788
9893
9921
9971
9869
9822
9900
9917
9919
9848
9878
9939
9932
9921
9785
9943
9873
9803
9903
9960
9917
9961
9886
9919
9972
9918
9949
9920
9847
9898
9903
9965
9939
9921
9903
9872
9948
9831
9914
9899
9927
9823
9916
9984
9835
9889
9794
9962
9905
9958
9923
9977
9927
9975
9974
9923
9923
9941
9850
9997
9857
9871
9848
9900
9895
9919
9855
9946
9801
9924
9963
9975
9928
9995
9793
9869
9878
9885
9929
9963
9970
9842
9938
9935
9921
9898
9866
9843
9930
9872
9891
9891
9953
9979
9964
9909
9891
9959
9937
9856
9878
9898
9970
9984
9918
9934
9922
9808
9801
9962
9924
9984
9862
9889
9823
9935
9830
9876
9910
9908
9878
9932
9902
9876
9945
9861
9805
9858
9920
9929
9930
9928
9936
9773
9861
9931
9907
9819
9892
9732
9874
9801
9964
9887
9923
9913
9987
9884
9834
9979
9899
9939
9700
9954
9829
9898
9792
9911
9908
9936
9994
9798
9991
9939
9934
9936
9972
9887
9874
9920
9935
9840
9901
9952
9890
9987
9859
9924
9996
9920
9938
9905
9915
9879
9956
9985
9704
9898
9854
9904
9942
9792
9882
9947
9843
9875
9816
9910
9920
9945
9891
9960
9859
9906
9924
9707
9943
9879
9944
9783
9939
9942
9900
9883
9815
9930
9938
9864
9930
9881
9958
9756
9928
9931
9950
9909
9920
9930
9927
9924
9783
9900
9868
9857
9938
9916
9812
9850
10000
9943
9917
9861
9878
9867
9875
9899
9903
9892
9920
9939
9972
9954
9998
9955
9928
9824
9975
9905
9953
9985
9881
9827
9995
9942
9943
9941
9892
9871
9783
9836
9837
9821
9903
9944
9962
9836
9902
9745
9990
9890
9894
9819
9852
9917
9943
9905
9932
9909
9956
9941
9970
9974
9838
9856
9982
9962
9921
9774
9916
9897
9950
9963
9815
9919
9927
9733
9915
9948
9891
9928
9815
9749
9901
9875
9967
9862
9821
9943
9974
9903
9813
9842
9908
9806
9960
9907
9883
9861
9753
9905
9814
9889
9839
9836
9986
9870
9947
9926
9959
9958
9911
9925
9917
9925
9800
9889
9944
9979
9951
9945
9934
9974
9909
9968
9946
9926
9814
9939
9885
9955
9897
9963
9912
9914
9990
9882
9940
9837
9959
9804
9907
9937
9911
9875
9918
9966
9962
9954
9940
9995
9942
9909
9963
9976
9949
9904
9830
9892
9765
9906
9823
9961
9971
9865
9924
9919
9837
9876
9868
9866
9939
9939
9977
9915
9932
9944
9926
10000
9884
9812
9873
9948
9944
9927
9693
9969
9769
9830
9892
9943
9991
9916
9963
9946
9944
9908
9951
9955
9853
9763
9871
9982
10000
9897
9946
9964
9921
9923
9823
9926
9982
9949
9933
9843
9805
9806
9937
9878
9949
9854
9857
9864
9968
9931
9982
9932
9885
9962
9914
9801
9963
9960
9960
9943
9963
9832
9921
9921
9828
9904
9969
9910
9960
9914
9902
9864
9917
9933
9883
9937
9869
9972
9871
9923
9949
9938
9876
9952
9813
9877
9890
9905
9901
9910
9956
9975
9896
9898
9940
9891
9924
9958
9926
9835
9963
9900
9928
9829
9961
9888
9822
9790
9818
9876
9922
9943
9989
9951
9970
9920
9889
9935
9836
9905
9983
9855
9972
9936
9909
9985
9934
9927
9863
9927
9831
9952
9953
9951
9943
9676
9808
9904
9881
9962
9877
9917
9808
9804
9833
9834
9870
9823
9860
9825
9939
9957
9868
9908
9937
9855
9917
9894
9856
9977
9954
9912
9922
9838
9916
9961
9922
9944
9953
9865
9961
9875
9799
9907
9923
9843
9847
9927
9909
9947
9885
9928
9972
9965
9912
9914
9976
9883
9858
9911
9937
9905
9907
9927
9898
9952
9926
9951
9815
9935
9927
9911
9962
9938
