9947
9948
9786
9876
9947
9989
9896
9680
9808
9941
9923
9906
9995
9942
9941
9918
9997
10000
9874
9899
9887
9947
9949
9903
9891
9995
9930
9911
9976
9903
9876
9924
9981
9968
9835
9772
9763
9997
9884
9996
9896
9940
9882
9943
9904
9954
9895
9935
9996
9980
9938
9836
9961
9987
9962
9973
9962
9950
9801
9993
9944
9918
9994
9948
9822
10000
9831
9887
9948
9962
9911
9919
9944
9917
9993
9947
10000
9966
9996
9954
10000
9967
9882
10000
9974
9939
9782
9939
9931
9907
9835
9854
9904
9829
9942
9929
9929
10000
9919
9966
9877
9880
9903
9865
9998
9849
9900
9947
9916
9978
9870
9950
9849
9969
9993
9955
9947
9966
9940
9994
10000
9990
9920
9999
9992
9824
9868
9905
9999
9807
9923
9949
9924
9879
9961
9998
9879
9890
10000
9915
9942
10000
9987
9963
9914
9940
9918
10000
9912
9888
9859
9947
9834
9999
9832
9958
9853
9760
9855
9968
10000
9921
9787
9852
9815
9935
9834
9994
9868
9921
9907
9964
9959
9999
9854
9996
9859
9856
10000
9893
10000
9960
9838
9865
9975
9900
9925
9924
9781
9815
9989
9907
9812
9801
9995
9946
10000
9842
10000
9846
9988
9994
9984
9998
9949
9969
9950
9963
9877
9874
9988
9874
10000
10000
9967
9949
9786
9944
9829
9886
9969
9950
9920
9996
9951
9932
9840
9833
9915
9787
9992
9919
9917
9993
9971
9988
9912
9855
9994
9870
9944
9844
9962
9918
9995
9944
9945
9919
9952
9787
9989
9986
9909
9840
9950
9991
9940
9950
9978
9905
9898
10000
9904
9919
9949
9920
9892
9947
10000
9877
9995
9988
9999
9823
9825
9912
9837
9938
9843
9999
9951
9897
9978
9897
9903
10000
10000
9908
9996
9860
9891
9816
9824
9882
9913
9997
9842
9828
9981
9916
9953
9996
9870
9843
9842
9963
9839
9896
9960
9911
9851
9984
9999
9837
9929
9977
9886
9869
9958
9915
9959
9729
9851
9882
9815
9999
9748
9945
9844
9895
9931
9823
9963
9922
9997
9997
9951
9898
10000
10000
9846
9883
9998
9870
9844
9992
9945
9948
10000
9863
9999
9880
9990
9923
9965
9874
9979
9905
9926
9991
9953
9918
9990
9982
9949
9999
9935
9960
9979
9963
10000
9890
9904
9986
9927
10000
9940
9825
10000
9997
9889
9897
9744
10000
9942
9892
9967
9910
9858
9944
10000
9786
9850
9751
9873
10000
9999
9947
9999
9944
9864
9887
9918
9887
9791
9981
9931
10000
9950
9950
9869
9874
9944
9853
9994
9988
10000
10000
9998
9849
9924
9930
9909
9980
9951
9851
9892
10000
9842
9838
9994
9844
9949
9958
9937
9960
9868
9931
9820
9936
9966
9998
9810
9982
9827
9905
9933
9840
9981
9911
10000
9884
9947
9966
9942
9911
9906
9928
9895
9989
9848
9910
9785
9802
9993
9959
9887
9927
9923
9967
9913
9941
9884
9905
9873
10000
9901
10000
9961
9906
9783
9829
9993
9887
9967
9895
9969
9843
9889
9930
9975
9919
9883
9997
10000
9942
9921
9998
9958
9926
10000
9962
9979
9945
9730
9916
9802
9899
9996
10000
9842
9870
9983
9912
9999
9819
9950
9942
9944
10000
9912
9762
9850
9945
9841
9940
9964
9990
9840
9926
9965
9951
9886
9929
9934
9920
9865
10000
9954
9951
9999
9957
9826
9980
9961
9998
9998
9878
9912
9977
9945
9823
9894
9944
9997
9883
9990
9999
9925
10000
9920
9999
9969
10000
9829
9956
9926
9787
9991
9866
9928
9915
9933
9940
9929
9897
9801
9788
9923
9858
9883
9927
9991
9934
9960
9897
9933
9896
9917
9903
9979
9849
9958
10000
9891
9831
9944
9906
9865
9898
9931
9922
9931
9928
9920
10000
9943
9900
9955
9833
9996
9829
9947
9906
9915
9915
10000
9965
9938
9971
9936
9989
9749
9861
9998
9831
9998
10000
9980
9833
9860
10000
9941
9883
9993
9972
10000
9929
9939
9992
9998
9922
9827
9916
9889
9855
9950
9941
9940
9881
9942
9910
9907
9948
9883
9848
9873
9775
9937
9995
9976
9957
9900
9998
9965
9954
9874
9862
9912
9926
9883
9961
9887
9920
9849
9923
9921
9999
10000
9990
9821
9815
9988
9989
9829
9916
9966
9967
9836
9936
9942
9917
9990
9981
9846
9791
9883
10000
9607
9926
9866
9808
9842
9783
9850
9965
9865
9813
10000
9829
9872
9954
9876
9954
9979
10000
9983
9919
9798
9981
9920
9881
9921
9882
9999
9859
9978
9930
9984
9925
9996
9998
9880
9853
9910
9880
9899
9892
9951
10000
9848
9930
9999
9894
9871
9963
9862
9784
9889
9891
9875
9823
9997
9843
9930
9929
10000
9883
9909
9919
9913
9859
9936
9884
9748
9958
9879
9825
9949
10000
9935
9892
9994
9914
9969
9934
10000
9940
9914
9768
9645
9945
9851
9973
9882
9964
9839
9911
9925
9907
9963
9846
9845
9965
9951
9913
9973
9933
9889
9966
9902
9926
9993
9921
9886
9897
9828
9772
9975
9964
9880
9996
9974
9901
9943
10000
9888
10000
9865
9994
9981
9958
9910
9903
9913
9944
9999
9927
9884
9913
9942
9893
9897
9995
9884
9997
9777
9933
9950
9999
9963
10000
9969
9912
9877
9764
9930
9989
9877
9987
9999
9926
9970
9997
9954
9939
9995
9898
9959
9904
9959
9975
9986
9970
9963
9889
9895
9974
9991
9934
9922
9994
9834
9946
9919
9932
9987
9974
9935
9999
9943
9917
9908
9873
9928
9852
9997
9925
9922
9807
9958
9860
9907
9832
9906
9864
9919
9943
9916
9843
9909
9952
9921
9956
9840
9942
9985
9999
9989
9940
10000
9839
9958
9907
9920
9886
9934
9945
9887
9988
9861
9815
9952
9896
9810
9917
9832
9880
9999
9841
9960
9969
9937
9999
9920
9863
9998
9918
9998
10000
10000
9948
10000
9908
10000
9964
9997
9902
9805
9882
9942
9909
9972
9935
9894
9922
9991
9935
9906
10000
9825
9831
9984
9941
9887
9938
9965
9896
9996
9964
9919
9895
9999
9923
9894
9842
9954
9940
9801
9952
9992
9968
9859
9837
9985
9977
10000
9903
9854
9891
9873
9920
9954
9869
9960
9927
9860
9944
9998
9936
