9827
9851
9937
9977
9998
9929
9896
9989
9999
9857
9914
9784
9844
9823
9910
9900
9948
9848
9896
9915
9812
9945
9868
9865
9928
9784
9893
9737
9870
9942
9975
9996
9725
9867
9883
9990
9935
9953
9891
9869
9983
9991
9953
9891
9932
9898
9921
9854
9943
9880
9863
9929
9910
9933
9913
9932
9971
9861
9776
9928
9824
9884
9992
9887
9962
9844
9875
9939
9771
9883
9957
9845
9961
9974
9739
9920
9918
9887
9963
9862
9976
9934
9933
9973
9961
9888
9932
9819
9885
9925
9997
9989
9928
9864
9942
9839
9874
9930
9944
9867
9910
9903
9955
9780
9907
9928
9955
9970
9964
9830
9854
9911
9857
9963
9960
9861
9884
9946
9942
9902
9811
9851
9874
9918
9910
9950
9955
9899
9707
9743
9912
9964
9903
9903
9961
9902
10000
9932
9918
9926
9995
9920
9986
9912
9964
9896
9983
9896
9884
9978
9881
9887
10000
9793
9971
9756
9932
9874
9981
9983
9906
9881
9829
9858
9942
9946
9874
9995
9843
9765
9920
9978
9893
9893
9903
9911
9884
9905
9937
9939
9918
9864
9836
9860
9917
9959
9908
9958
9978
9913
9908
9860
9940
9862
9895
9880
9955
9892
9953
9993
9856
9888
9904
9901
9851
9904
9830
9918
9920
9890
9886
9982
9832
9875
9962
9915
9929
9888
9920
9876
9917
9963
9895
9892
9971
10000
9889
9848
9988
9918
9998
9894
9997
9793
9980
9931
9853
9954
9919
9861
9919
9936
9943
9860
9953
9910
9930
9884
9900
9931
9966
9902
9816
9933
9998
9933
9982
9933
9866
10000
9733
9950
9838
9831
9998
9930
9948
9861
9946
9948
9739
9914
9994
9906
9999
9900
9835
9925
9944
9845
9910
9933
9870
9970
9853
9987
9929
9639
9870
9956
9980
9943
9764
9941
9993
9880
9929
9888
9925
9890
9777
9858
9884
9878
9925
9846
9907
9957
9904
9944
9950
9792
9916
9999
9830
9779
9913
9923
9923
9917
9851
9978
9958
9953
9927
9866
9929
9954
9924
9962
9853
9856
9878
9845
9892
9937
9974
9955
9859
9942
9892
9913
9859
9929
9918
9759
9970
9930
9842
9756
9934
9948
9932
9894
9879
9911
9934
9939
9959
9903
9856
9941
9865
9858
9991
9954
9935
9865
9963
9867
9957
9908
9937
9858
9919
9933
9934
9955
9879
9943
9887
9984
9850
9949
9948
9995
9809
9944
9893
9962
9983
9937
9974
9940
10000
9893
9999
9870
9947
10000
9955
9913
9887
9958
9997
9999
9984
9865
9904
9916
9957
9948
9989
9933
9924
9920
10000
9817
9864
9785
9933
9855
9908
9852
9949
9990
9914
9866
9905
9916
9912
9923
9876
9836
9915
9821
9939
9915
9943
9946
9890
9913
9904
9938
9893
9995
9845
9917
9901
9961
9847
9895
9929
9853
9907
9907
9896
9810
9924
9852
10000
10000
9862
9994
9907
9901
9871
9986
9787
9958
9824
9997
9942
9944
9912
9897
9831
9962
9892
9963
9835
9915
9869
9897
9940
9924
9955
9885
9796
9833
9950
9758
9827
9884
9997
9896
9889
9944
9849
9848
9787
9996
9901
9957
9832
9891
9945
9920
9926
9947
9915
9915
9894
9866
9952
9990
9907
9910
9841
9942
9919
9890
9912
9895
9834
10000
9992
9965
9963
9881
9991
9925
10000
9892
9869
9959
9966
9871
9891
9703
9745
9904
9873
9789
9948
9866
9897
9936
9928
10000
9931
9819
9965
9861
9917
9951
9788
9983
9919
9785
9818
9920
9864
9933
9914
9917
9949
9969
9924
9871
9956
9899
9937
9999
9841
9942
9889
9907
9950
9985
9966
9904
9989
9843
9909
9816
9971
9965
9867
9888
9904
9943
9879
9750
9890
10000
9958
9884
9866
9848
9960
9898
9906
9897
9910
9853
9802
10000
9911
9832
9975
9874
9956
9892
9910
9897
9912
9950
9897
9928
9841
10000
9954
9946
9935
9960
9829
9924
9935
9991
9924
9843
9945
9928
9812
9969
9966
9879
9954
9882
9959
9887
9915
9884
9891
9943
10000
10000
9997
9936
9922
9855
9879
9996
9818
9963
9785
9951
9896
9882
9985
9915
9959
9909
9849
9939
9950
9918
9924
9908
9963
9991
9897
9889
9893
9917
9911
9875
9880
9784
9922
10000
9801
9936
9849
9870
9981
9833
9940
9987
9868
9910
9960
9825
9941
9893
9885
9860
9885
9918
9996
9930
9901
9920
9867
9888
9873
9888
9935
9841
9840
9968
9816
9992
9921
9977
9973
9865
9980
9963
9793
9986
9824
9957
9840
9962
9741
9944
9839
9944
9811
9931
9895
9987
9871
10000
9883
9921
9959
9853
10000
10000
9971
9862
9937
9939
9882
9950
9897
9984
9937
9957
9983
9913
9879
9911
9893
9991
10000
9881
9951
9914
9911
9907
9808
9922
9945
9966
9822
9879
9873
9865
9919
9958
9999
9985
9824
9967
9882
9839
9879
9955
9801
9941
9957
9835
9910
9961
9962
9909
9896
9936
9893
9862
9954
9944
9984
9901
9840
9944
9959
9952
9920
9844
9950
9937
9875
9860
9863
9962
9855
9881
9998
9898
9919
9994
9901
9770
9953
9836
9931
9879
9923
9934
9952
9871
9831
9911
9850
9974
9990
9951
9863
9988
9802
9932
9836
9782
9928
9852
9913
9902
9917
9874
9949
9993
10000
9776
9993
9832
9812
9876
9857
9942
9912
9930
9890
9920
9968
9943
9942
9768
9931
9892
9891
9995
9848
9863
9967
10000
9934
9944
9929
9899
9967
9968
9909
9835
9920
9981
9942
9908
9905
9993
9958
9888
9920
9904
9861
9927
9902
9896
9960
9970
9927
9778
9939
9790
9937
9920
9788
9904
9941
9890
10000
9981
9830
9975
9932
9831
9913
9935
9931
9942
9936
9817
9994
9910
9810
9872
9908
9984
9967
9852
9930
9969
9862
9864
9875
9890
9934
9900
9959
9913
9935
9943
9938
9744
9841
9788
9964
9956
9850
9856
9861
9944
9715
9952
9999
9826
9963
9917
9891
9902
9739
9972
9891
9972
9860
9837
9925
9921
9980
9891
9936
9961
9898
9892
9995
9834
9777
9993
9971
9880
10000
9928
9876
9836
10000
9931
9931
9924
9964
9931
9907
9884
9800
9874
9981
9795
9894
9968
9970
9837
9914
9935
9904
9880
9888
9824
