9912
9978
9925
9949
9977
10000
9968
9928
9993
9960
9990
9894
9978
9923
9989
9947
9937
10000
9986
9870
9982
9901
9899
10000
9971
9803
9936
9957
9927
9992
10000
9976
9949
9900
9950
9943
9991
9915
9965
9961
9926
9938
9959
9999
9873
9972
9987
9778
9981
9870
9859
9938
9904
9776
9966
9920
9926
9950
9834
9952
9999
9996
9993
9950
9988
9963
9956
9906
9963
9843
9943
9889
9881
10000
9993
9950
9979
9931
9929
9862
9997
9978
9914
9998
9950
9989
9941
9956
9949
9875
9941
9966
9900
10000
10000
9995
9963
9999
9904
9982
9870
9998
9996
9852
9891
9929
9878
9981
10000
9961
9992
10000
9989
9916
10000
9964
9992
9999
9897
9939
9961
9834
9947
9860
9884
9987
9955
9850
9992
9924
9924
9967
9942
9995
9901
9942
9976
9995
9984
9977
9884
9928
9903
9953
9880
9998
9905
9855
9971
9924
9906
9920
9999
9921
9986
9999
9941
9936
9912
9936
9930
9926
9948
10000
9977
9993
9976
9926
9979
9951
9952
9927
9924
9896
9982
9989
9976
9990
9988
9999
9995
9945
9999
9928
9928
9897
10000
9910
9999
9986
9829
9938
9938
9975
10000
9980
9949
9998
9853
9906
10000
9951
9983
9929
9892
9956
9914
9944
9912
9979
9872
9895
9999
9876
9997
10000
9956
9945
10000
9995
9930
9938
9892
9916
9995
9850
9929
9982
10000
9977
9870
9952
9983
9929
9963
9912
9997
9992
10000
9979
9917
9945
9934
9998
9955
9971
9829
9938
9998
9977
9950
9975
9987
9975
9900
9996
9998
9904
9990
10000
9944
9957
9937
10000
10000
9988
9948
9937
9984
9865
9935
9983
9963
10000
9950
9992
9952
9996
9935
9931
9979
9938
9850
9937
9926
9988
10000
9932
9952
9913
10000
9988
9995
9915
9963
9943
9899
9942
9977
10000
9996
9927
9938
9996
9979
9878
9945
9837
9845
9923
9896
9993
9928
9997
9931
9991
9996
9924
9928
9970
9981
9928
9989
9851
9983
9899
9996
9889
10000
9904
9913
9922
9999
9997
9883
9990
9989
9873
9927
9961
9984
9969
9874
9959
9904
9969
9994
9988
9907
9985
9971
10000
9991
9900
9998
9907
10000
9957
9906
9879
9977
9963
9923
9951
9935
9976
9988
9914
9942
9988
9968
9936
9878
10000
9994
9973
9970
9985
9892
9973
9872
9863
9935
9938
9986
9967
9891
9973
9953
9809
9999
9985
9872
10000
9955
9998
9863
10000
9965
9983
9990
9946
9929
9862
9799
9903
9982
9935
9828
10000
9998
9952
9973
9877
9968
9981
9957
9988
9876
9979
9997
9966
9955
9956
9904
9991
9987
9992
9970
9917
9804
9993
9992
9972
9896
9995
9981
10000
9999
9952
9913
10000
9974
9904
9969
9987
9938
9975
9990
9973
9961
9867
9884
10000
10000
9902
9982
9998
9895
9975
9934
9934
9958
9997
9984
9912
9986
9984
9931
9951
9989
9852
9991
9947
9930
9938
9928
9977
9940
9963
9781
9880
9928
9970
9970
9987
9962
9992
10000
9905
9961
9996
9770
9869
9964
9892
10000
9990
9941
9999
9990
9997
9986
9993
10000
9922
9993
9976
9956
9950
9987
9989
9967
9981
9928
10000
9909
9999
9998
9996
9931
9994
10000
10000
9999
9927
9999
9944
9963
9992
9959
9938
9951
9961
9973
9996
9935
9992
9940
9993
9993
9874
9793
9961
9952
10000
9856
9863
9983
9872
9953
9994
9914
9895
9998
9922
9974
9965
9891
9994
9964
9999
9936
9904
9947
9993
9996
9994
9916
9968
9989
9939
9941
9942
9969
10000
9937
9904
9887
9923
9990
9977
9926
9937
10000
9955
9951
9921
9925
9999
9918
9977
9884
9993
9903
9890
9994
10000
9853
9896
9803
9927
9870
9958
9999
10000
9801
9942
10000
9977
9984
9936
9983
9972
9925
10000
9925
9953
9924
9960
9983
9990
9955
9970
9978
9919
9956
9977
9963
9994
9974
9948
9948
9900
9967
9849
9920
9972
9879
9999
9953
9979
9999
9937
9909
9892
9984
9924
9997
9970
9965
9861
9877
9928
10000
9949
9984
9953
9891
9976
9952
9819
9972
9979
9883
9919
9970
9995
9965
9919
9975
9931
9897
9958
9924
9999
9847
9997
9938
9941
10000
9879
10000
9971
9994
9983
9921
9972
9954
9954
9894
9940
9965
9965
9905
9927
9866
9964
9972
9893
9928
9838
9923
9996
9921
9956
9923
9948
9920
9990
9990
9731
9959
9904
9913
9992
9994
9950
9999
9978
9932
9992
9921
9819
9968
9939
9909
9919
9884
9978
10000
9998
10000
9995
9974
9909
9962
9900
9891
9957
9998
9938
9993
10000
9940
9953
9921
9998
9995
9922
10000
9998
9976
9921
9911
9994
9940
9921
9961
9909
9862
9946
10000
9899
10000
9974
10000
9956
9989
9998
9973
9954
9940
9935
9952
9995
9997
9949
9959
9908
9939
9996
9989
9909
10000
10000
9902
9968
9883
9989
9985
9998
9998
9949
9978
9939
9853
9992
9973
9966
9982
9988
9984
10000
10000
9951
9998
9893
9992
9925
9985
9968
9920
9973
9928
9894
10000
9886
9908
9983
9879
10000
9991
9867
9991
9934
9789
9974
9946
9933
9940
9971
9859
9959
9937
9988
9845
9862
9998
9932
9969
9988
9936
9925
9922
9971
9999
9970
9899
9954
9989
9888
9978
9991
9971
9917
9936
10000
9998
9899
9998
10000
9974
9997
9983
9963
9978
9888
9960
9979
9989
9997
9959
9902
9999
10000
9934
9866
9974
9942
9955
9992
9962
9917
9960
9932
9900
9909
9916
9855
9912
9873
9879
9929
9998
9960
9997
9992
9991
9722
9997
9893
9979
9973
9998
9898
9951
9992
9949
9942
9848
9958
9951
9952
9952
9988
9951
9880
9887
9917
9920
9951
9943
9999
9958
10000
9911
9982
9939
9884
10000
9975
9959
9986
9954
9950
9973
9938
9992
9854
9999
9987
10000
9950
9906
9893
9995
9936
9993
9859
9903
9999
10000
9970
9855
9911
9988
9972
9883
9924
9908
9937
9974
9996
9790
9867
9898
9948
9938
9943
9999
10000
9962
9916
9973
9911
9951
9994
9979
9957
9929
9975
9959
9896
9907
9917
9981
9970
9982
9958
9894
9867
9961
9906
9949
9763
9995
9994
9997
9890
