9971
9932
9886
9995
9958
10000
9931
9961
9986
9835
9837
9994
9895
9935
9957
9902
9910
9886
9970
9836
9909
9898
9928
9952
9997
9913
9893
9977
9970
9988
9988
9783
9827
9927
9941
9995
9862
9934
9749
9962
9864
9991
9988
9950
9987
9974
9992
9943
9941
9970
9970
9945
9995
10000
9897
9956
10000
9934
9908
9953
9996
9817
9996
9894
9949
9977
9951
9994
9923
9976
9980
9928
9891
9997
9953
9853
9948
9984
9980
9753
9995
9994
9899
9923
9940
9931
9964
9886
9974
9911
9886
9975
9906
9877
9958
9899
9888
9997
9987
9993
9957
9872
9938
9987
9935
9936
9867
9961
9918
9990
9833
9892
9968
9802
9970
9916
9911
9921
9882
9931
9948
9973
9940
9935
9998
9928
9948
9949
9910
9904
9957
9901
9843
9877
9976
9889
9927
9960
9999
10000
9926
9825
9975
9886
9976
10000
9878
9963
9930
9854
9918
9936
9819
9848
9951
9810
9980
9962
9972
9995
9867
9917
9921
9966
10000
9938
10000
9876
9822
9958
9875
9884
9956
9998
9898
9916
9966
10000
10000
9873
9846
9905
9945
9981
9832
9962
9981
9959
9961
9924
9859
9954
9849
9961
9905
9989
9965
9907
9990
9943
9940
9953
9972
9880
9992
9992
9996
9994
9940
9917
9964
9967
9946
9992
9980
9960
9949
9946
9973
9852
9993
9996
9913
9930
9978
9971
9951
9909
9960
9934
9899
9893
9908
9972
9889
9999
9927
9880
10000
9954
9997
9870
9891
9863
9872
9967
9953
9885
9940
10000
9918
9930
9955
9908
9851
9969
9878
9828
9975
9974
9859
9884
9979
9964
9905
9946
9956
9800
9947
9992
9929
9831
9948
9943
9990
9881
9929
9888
9962
9966
9974
9935
9928
9973
10000
9943
9938
9893
9996
9889
9993
9865
9919
10000
9935
9992
9845
9860
9918
9949
9958
10000
9797
9885
9937
9913
9996
10000
9874
9964
9908
9938
9808
9905
9851
9990
10000
9950
9927
9977
9915
9999
9988
9940
9944
9978
9999
9882
9991
9937
9940
9915
9924
9912
9957
9953
9926
9837
9936
9966
9979
9995
9977
9898
9783
9917
9784
9875
9974
10000
9867
9928
9912
9896
9862
9944
10000
9996
9887
9906
9957
9914
10000
9904
9955
9940
9955
9994
9932
9959
9976
9932
9902
9923
9951
9871
9906
9857
9842
9853
9916
9999
9936
9947
9975
9925
9948
9885
9851
9885
9835
9894
9947
9938
9935
9998
9950
9952
9745
9709
9971
9953
9954
9939
9991
9879
9998
9949
9970
9929
9971
9993
9932
9986
9989
9868
9998
9927
9970
9995
9938
9935
9938
9916
9983
10000
9999
9999
9988
9913
9991
9999
9963
9938
9926
9835
9866
9990
10000
9989
9994
9848
9908
9920
9887
9999
9999
9932
10000
9932
10000
9870
9959
9960
9998
9941
9967
9904
9950
9969
9861
9835
9984
9949
9939
9977
9873
10000
9946
9953
9902
9999
9877
10000
9978
9991
9998
9980
9901
9990
9924
9960
9975
9977
9874
9909
9978
9994
9927
9821
9986
9946
9936
9934
9932
9990
9823
9935
9833
9814
9891
9961
9918
9915
9878
9987
9912
9935
9917
9996
9998
9897
9978
9894
9959
9996
9963
9884
9952
9913
9757
9928
9891
9962
9914
9879
9987
9917
9844
9913
9948
9968
9963
9977
9964
9871
9992
9936
9900
9999
9805
9991
9989
9990
9940
9910
9945
9983
9997
9961
9873
9914
9953
9888
9879
9913
9944
9999
9905
9959
9966
9986
9932
9820
9981
9900
9970
9781
9997
10000
9915
9991
9933
9929
9997
9938
9941
9927
9998
9983
9919
9938
9912
9921
9952
9981
9869
9908
9962
9924
9881
9998
9976
9942
9909
9999
9978
9874
9892
9999
9987
9990
9939
9893
9884
9904
9946
9987
9977
9820
9968
9916
9778
9863
9957
9937
9993
9914
9795
9940
9875
9942
9901
9820
9958
9999
9770
9971
9938
9744
9903
9859
9864
9967
9937
9907
9958
9944
9919
9769
9846
9968
9903
9961
9986
9998
9979
9924
10000
9864
9994
9915
9769
9783
9998
9947
9989
9923
9994
9899
9938
9996
9926
9952
9979
9922
9863
9997
9880
10000
9855
9867
9960
9853
9908
9743
9957
9953
9962
9821
9929
9976
9948
9913
9956
9937
9979
9927
9770
9973
9913
9860
9869
9958
9854
9724
9988
9886
9847
9896
9939
9802
10000
9952
9813
9942
9970
9966
9885
9976
9961
9996
9986
9959
9859
9877
9931
9987
9963
9951
9791
9897
9939
9923
9775
10000
9996
9823
9931
9959
9922
9943
9700
9978
9978
9962
9779
9909
9992
9943
9922
9979
9999
9900
9900
9924
9807
9999
9890
9897
9960
9880
9947
9946
9931
10000
9985
9897
9835
9995
9869
9798
9977
9913
9819
9931
9868
9926
10000
9995
9849
9968
9833
9762
9885
9907
10000
9804
9901
9922
9921
10000
9931
9914
9946
9843
9958
9853
9936
9930
9849
9881
9969
9837
9933
9933
9992
9903
9825
9999
9905
9981
10000
9888
9988
9729
9915
9930
9991
9922
9876
9994
9813
9889
9991
9958
10000
9935
9980
9947
9897
9839
9967
9999
9886
9901
9898
9913
9996
9989
10000
9996
9955
9930
9978
9964
9972
9978
9999
9868
9945
10000
9825
9995
9978
9909
9917
9991
9936
9985
9955
9944
9803
9959
9889
9859
9858
9908
9935
9999
9928
9995
9846
9915
9986
9989
9993
10000
9999
9915
9941
9886
9868
9939
9997
9945
9900
9904
9985
9925
9988
9976
9936
9994
9949
9980
9982
9965
9973
9873
9951
9951
9953
9897
9993
9999
9970
10000
10000
9865
9882
9988
9986
9822
9889
9921
9912
9886
9964
9922
9996
9943
9997
9945
9925
9996
9952
9956
9796
9806
9976
9897
9995
9908
9878
9899
9948
9991
9942
9956
10000
9990
9921
9953
9941
9834
9923
9946
9950
10000
9768
9889
9988
9938
9932
9943
9980
9997
9917
9916
9969
9941
9923
9854
9968
9952
10000
9984
9982
9969
9929
9866
9946
9923
9910
9993
9976
9977
9916
9899
9975
9903
9986
9959
9995
9988
9985
9974
9949
9968
9999
9918
9875
9972
9763
9901
9951
9954
10000
9954
9909
9993
9857
9919
9894
9924
9966
9885
9998
9909
