10000
9990
9997
10000
9998
9992
9987
9996
9994
10000
9901
9891
10000
9984
9917
10000
9983
9951
10000
9932
9861
10000
9855
10000
10000
9950
9990
9998
9997
9988
9989
9960
9994
9999
10000
10000
9999
9909
9990
9933
9952
9994
9907
10000
10000
9953
9999
9974
10000
9907
9999
10000
9999
9999
9999
9999
9727
9994
9995
9995
9997
9916
9982
9944
10000
9939
9982
9999
9975
9999
9899
10000
10000
9982
9997
9998
10000
9990
9878
10000
9996
9952
9998
9999
10000
9967
10000
9999
10000
9861
9999
9956
9999
9877
9935
10000
10000
9998
9978
10000
9859
9984
10000
10000
9998
9917
9980
10000
9999
9999
9888
9909
9953
9974
9935
10000
10000
10000
10000
10000
9991
10000
10000
10000
9965
9995
9969
10000
10000
10000
9999
9945
10000
10000
9941
9980
9968
9997
10000
9941
9931
9998
9967
10000
9974
9960
9923
9991
9910
9788
10000
9925
9899
9934
9997
10000
9999
10000
9998
10000
9997
10000
9923
10000
9831
10000
9992
9999
10000
9994
10000
9947
9989
9971
9851
10000
10000
9956
9987
9985
9964
9992
10000
9934
9955
9916
9892
10000
10000
9973
10000
9977
9991
10000
10000
10000
9925
9973
10000
10000
10000
9858
10000
9986
9996
10000
9937
10000
9992
10000
9999
10000
9947
10000
9957
9916
9991
9910
10000
9992
10000
10000
9982
9993
9984
9795
10000
10000
10000
9998
9911
10000
9886
9938
10000
9899
9963
9997
9995
9978
9999
9988
9989
9998
9979
9939
10000
9848
10000
9970
9898
9912
9960
10000
9988
9990
9961
9832
10000
10000
9928
9952
10000
9947
10000
9999
9932
10000
10000
9992
9991
9985
10000
9900
10000
9993
9997
9993
9996
10000
10000
9955
9966
9900
9901
9999
10000
10000
9928
9959
9969
9983
9990
10000
9965
10000
10000
10000
9890
9994
10000
9822
9974
9980
9963
10000
10000
9934
10000
9995
9998
10000
9997
10000
9840
9966
10000
9984
9988
9996
9926
9955
9976
9903
10000
9992
9919
9994
9946
10000
9988
9997
10000
9989
10000
9930
9966
9999
9966
9967
9999
9966
10000
9761
9965
10000
9853
9994
9996
9998
9928
9998
9913
10000
9998
9911
10000
10000
9999
10000
10000
9910
9999
9999
10000
9991
9992
9989
9993
9927
9919
9957
10000
9998
9995
10000
9998
10000
9999
10000
9993
9969
10000
9932
10000
9994
9997
10000
9875
9980
9999
9992
10000
10000
9994
10000
9947
10000
9999
9959
10000
9965
9997
9829
9933
10000
9998
9995
10000
9961
9995
9985
9953
10000
9999
9995
9930
10000
10000
9994
9842
9933
9873
10000
9939
9975
10000
10000
9997
9999
9999
9998
10000
10000
9994
10000
10000
10000
9991
9998
10000
10000
9999
9906
10000
9946
10000
9999
10000
9833
10000
9999
9989
9877
9834
9997
10000
9974
9998
10000
10000
10000
9989
9971
9918
9998
9949
10000
9817
9997
9948
9936
9824
9993
10000
10000
9998
9967
9966
10000
9999
9943
10000
9999
10000
10000
9869
9992
9991
10000
9985
9959
9988
9985
10000
9962
9919
10000
10000
9931
9990
9923
9921
9987
9994
10000
9988
10000
9924
9986
9982
9965
9996
9961
9999
9999
9995
10000
9999
10000
10000
10000
9997
9970
9996
9999
9997
9878
9999
9985
9916
9972
9992
9999
9997
9991
10000
9887
10000
9924
9918
10000
10000
9886
9991
10000
9957
9996
9971
9948
9999
9975
9998
9998
9990
10000
10000
9997
9998
10000
9953
9997
9973
9966
9993
9987
10000
9999
9896
9970
9999
9999
9995
9936
10000
9986
9983
9964
9925
9999
9889
9991
9994
10000
9998
10000
9934
9999
9998
10000
10000
9990
9888
10000
9999
10000
10000
9961
9984
9969
9834
10000
10000
10000
10000
9997
9884
9951
9996
9999
10000
10000
9922
10000
10000
10000
9990
10000
10000
9998
9991
9835
9982
10000
9973
10000
9986
9904
9995
9998
9904
9994
9997
9999
10000
10000
9984
10000
10000
9664
9999
10000
10000
9871
10000
10000
9961
9994
10000
9983
9950
9811
9850
9898
10000
9927
9998
9999
9920
9956
9999
9830
10000
10000
9939
9979
10000
9938
9999
10000
9931
9988
9919
9997
10000
9999
9991
10000
9964
10000
9952
9929
9970
9856
9955
9947
9979
9927
9973
9946
10000
10000
9997
10000
10000
10000
9901
9995
9996
10000
10000
10000
9993
10000
9843
10000
10000
9952
9926
9997
10000
10000
10000
10000
9965
10000
9966
9999
9966
9984
9898
9994
10000
9842
10000
9998
10000
9913
10000
10000
9998
10000
10000
9993
9872
10000
9999
10000
9962
9790
9973
10000
9996
10000
9985
9955
9999
9831
9999
9972
10000
9959
9899
10000
9974
10000
10000
10000
10000
9995
9920
9985
9907
9954
9996
10000
10000
10000
10000
10000
9998
9999
9947
9998
9997
10000
9997
9954
10000
9991
9934
9973
9993
9988
10000
9998
9977
9995
10000
9990
9727
10000
9911
10000
10000
9996
9999
9998
9903
9913
9954
9995
9869
10000
10000
9896
10000
9961
9986
9996
10000
9993
9996
10000
9944
9994
10000
10000
9999
10000
10000
9887
9971
10000
9997
9998
10000
9986
9916
10000
10000
9997
9945
9999
9964
9996
9995
9977
9992
9996
9980
9955
9986
10000
9921
10000
9992
10000
10000
9992
10000
9998
10000
10000
10000
9964
10000
9997
9986
9939
9999
9994
9972
10000
9921
9877
9999
9916
9999
9997
9978
9943
9999
9981
10000
9903
9998
9932
10000
9999
9904
9999
9997
9994
9918
9926
9998
9946
10000
10000
9921
10000
10000
10000
9999
9775
9999
10000
9991
9999
10000
9914
9999
10000
9831
9962
9993
9965
10000
9994
10000
9999
10000
10000
10000
9997
9901
9920
10000
9998
9997
9932
9865
10000
10000
9999
9964
9981
9995
9972
10000
9962
9999
10000
9983
9998
10000
10000
10000
9996
9952
10000
9963
9856
9992
9911
9999
9978
9999
10000
10000
9999
10000
9998
9998
10000
9996
9939
9990
10000
9998
10000
10000
9897
9999
10000
10000
9998
9995
10000
10000
9993
10000
10000
10000
9950
9873
9901
9845
9955
9997
9986
10000
10000
9801
10000
10000
10000
9958
9934
10000
9999
10000
9991
10000
9999
9896
9995
9977
9948
