9820
9976
9908
9926
9965
9895
9912
9944
9910
9984
9926
9981
9907
9837
9890
9907
9886
9883
9944
9909
9925
9900
9867
9939
9907
9941
9872
9955
9905
9828
9950
9861
9890
9906
9939
9857
9960
9967
9966
9860
9956
9981
9955
9958
9942
9922
9930
9840
9893
9942
9933
9947
9960
9861
9835
9948
9898
9928
9888
9959
9911
9870
9960
9836
9889
9955
9806
9980
9924
9919
9883
9905
9923
9869
9964
9970
9920
9997
9894
9882
9941
9955
9951
9879
9883
9961
9914
9921
9862
9983
9924
9902
9875
9861
9944
9820
9966
9973
9936
9996
9957
9967
9867
9882
9954
9946
9882
9936
9881
9870
9951
9945
9906
9821
9962
9965
9824
9871
9885
9961
9939
9843
9980
9954
9934
9913
9953
9895
9924
9913
9765
9869
9874
9813
9843
9970
9855
9934
9829
9871
9896
9954
9832
9874
9979
9919
9852
9950
9787
9849
9916
9881
9832
9940
9966
9965
9874
9805
9964
9957
9856
9893
9999
9920
9977
9917
9911
9955
9926
9773
9902
9941
9957
9894
9817
9992
9893
9735
9918
9970
9890
9933
9869
9951
9943
9871
9950
9769
9863
9905
9969
9858
9911
9886
9998
9872
9938
9707
9867
9861
9997
9820
9929
9859
9816
9998
9871
9926
9859
9855
9913
9922
9897
9950
9866
9759
9950
9883
9871
9922
9955
9999
9918
9980
9939
9906
9978
9852
9920
9961
9892
9906
9947
9953
9944
9871
9968
9837
9915
9939
9863
9967
9865
9968
9970
9942
9909
9858
9810
9869
9930
9929
9766
9888
9975
9926
9980
9848
9939
9816
9919
9971
9948
9937
9914
9857
9921
9885
9954
9906
9941
9917
9965
9904
9839
9916
9804
9766
9925
9852
9898
9956
9846
9911
9932
9933
9903
9899
9977
9829
9965
9974
9911
9962
9960
9975
9963
9920
9917
9916
9808
9918
9850
9916
9890
9949
9936
9849
9871
9975
9872
9956
9822
9956
9943
9934
9983
9842
9898
9849
9926
9958
9854
9938
9903
9908
9964
9955
9904
9859
9917
9761
9984
9933
9867
9841
9923
9869
9946
9954
9794
9872
9966
9934
9977
9965
9836
9891
9909
9784
9882
9941
9929
9926
9955
9809
9905
9907
9803
9872
9918
9906
9999
9927
9921
9856
9870
9771
9884
9846
9926
9897
9883
9927
9780
9939
9938
9891
9886
9868
9909
9965
9880
9833
9923
9915
9938
9831
9987
9878
9946
9890
9921
9883
9927
9850
9928
9831
9930
9992
9867
9937
9883
9903
9959
9905
9902
9896
9924
9865
9923
9915
9916
9954
9928
9946
9795
9933
9950
9897
9973
9800
9929
9912
9925
9949
9816
9987
9775
9937
9933
9791
9980
9875
9846
9911
9916
9904
9901
9959
9888
9938
9914
9830
9913
9963
9861
9955
9936
9932
9860
9831
9829
9965
9892
9964
9926
9874
9888
9963
9990
9925
9959
9960
9942
9912
9945
9877
9922
9937
9942
9949
9858
9897
9872
9879
9908
9943
9890
9882
9829
9995
9818
9967
9902
9890
9918
9870
9917
9973
9959
9984
9875
9859
9931
9865
9924
9910
9924
9916
9878
9927
9934
9922
9835
9871
9915
9943
9996
9878
9693
9931
9941
9907
9916
9884
9946
9869
9898
9959
9944
9852
9928
9850
9880
9961
9820
9859
9921
9922
9891
9918
9872
9877
9868
9950
9933
9926
9900
9888
9967
9869
9913
9770
9984
9915
9831
9984
9829
9988
9886
9916
9903
9949
9870
9970
9798
9977
9994
9928
9961
9954
9919
9925
9911
9981
9950
9902
9956
9902
9920
9891
9954
9883
9962
9729
9809
9814
9956
9873
9949
9892
9906
9824
9950
9914
9979
9923
9945
9931
9931
9932
9748
9898
9924
9878
9891
9943
9965
9870
9948
9911
9895
9925
9907
9735
9923
9964
9889
9980
9883
9961
9882
9917
9919
9955
9902
9957
9934
9995
9838
9954
9972
9858
9858
9854
9942
9938
9973
9907
9922
9955
9982
9962
9863
9962
9924
9875
9996
9953
9935
9940
9808
9850
9812
9938
9917
9945
9892
9803
9867
9845
9925
9901
9972
9888
9877
9888
9925
9842
9900
9926
9723
9901
9898
9884
9891
9908
9939
9900
9854
9876
9893
9929
9875
9887
9843
9865
9925
9886
9893
9970
10000
9885
9926
9999
9984
9837
9956
9873
9948
9919
9886
9906
9693
9809
9909
9901
9970
9946
9908
9699
9922
9903
9898
9929
9920
9870
9972
9916
9898
9973
9931
9897
9900
9947
9941
9923
9778
9917
9854
9951
9875
9931
9862
9889
9968
9921
9961
9869
9952
9999
9912
9953
9818
9932
9962
9950
9923
9917
9902
9968
9940
9861
9910
9918
9983
9930
9901
9924
9900
9928
9919
9815
9860
9843
9776
9946
9993
9982
9800
9924
9849
9898
9928
9953
9940
9816
9965
9945
9952
9966
10000
9862
9896
9903
9966
9969
9860
9878
9939
9920
9996
9948
9926
9900
9890
9910
9953
9937
9931
9899
9990
9875
9858
9960
9932
9923
9914
9900
9982
9894
9916
9972
9952
9871
9846
9864
9958
9946
9926
9861
9839
9967
9973
9815
9883
9968
9960
9969
9950
9774
9833
9895
9887
9963
9986
9970
9927
9884
9953
9850
9855
9793
9889
9843
9775
9964
9899
9937
9988
9898
9934
9927
9914
9791
9768
9937
9971
9733
9974
9914
9912
9850
9968
9904
9892
9955
10000
9917
9897
9908
9879
9920
9948
9997
9948
9956
9880
9903
9934
9866
9873
9863
9933
9897
9917
9854
9767
9882
9864
9983
9889
9819
9913
9901
9881
9812
9940
9917
9924
9866
9733
9942
9983
9976
9696
9932
9934
9869
9798
9878
9909
9869
9911
9970
9857
9969
9911
9788
9827
9935
9914
9868
9866
9868
9855
9935
9886
9856
9953
9826
9851
9888
9970
9837
9740
9967
9924
9961
9895
9891
9975
9902
9850
9939
9945
9877
9919
9853
9980
9866
9821
9870
9898
9878
9899
9921
9943
9864
9976
9762
9858
9946
9927
9896
9938
9917
9945
9874
9773
9903
10000
9904
9903
9949
9861
9928
9825
9866
9924
9860
9742
9921
9941
9872
9797
9929
9947
9959
9938
9977
9911
9982
9843
9913
9843
9960
9916
9934
9899
9940
9835
9892
9965
9929
9890
9949
9890
9961
