9966
9999
9947
9961
9984
9913
9931
9883
9825
9931
9925
9930
9920
9884
9951
9836
9998
9785
9986
9790
9956
9949
9991
9920
9896
9887
9927
9966
9979
9899
9747
9775
9934
9931
9888
9907
9937
9996
9875
9870
9972
9930
9984
9943
9874
9947
9839
9843
9977
9946
9998
9924
9646
9865
9998
9894
9900
9999
9942
9901
9987
9975
9865
9946
9872
10000
9848
9983
9944
9829
9850
9965
9891
9928
9816
9940
9878
9882
9862
9940
9947
9922
9932
9994
9978
9871
9961
9873
9928
9907
9868
9966
9806
9935
9907
9930
9949
9796
9948
9959
10000
9835
9929
9809
9974
9933
9952
9986
9964
9839
9950
9839
9990
9814
9988
9917
9975
9879
9891
9809
9886
9941
9932
9888
9872
9968
9857
9944
9940
9864
9809
9925
9903
9845
9956
9783
9955
9949
9855
9959
9979
9904
9873
9930
9982
9959
9966
9952
9800
9912
9990
10000
9866
9917
9990
9859
9905
9965
9927
9933
9908
9961
9872
9845
9986
9871
9910
9954
9929
9967
9922
9977
9911
9897
9895
9653
9880
9874
9896
9855
9892
9963
9909
9936
9920
9940
9909
9881
9953
9981
9994
9940
9983
9882
9935
9869
9934
9898
9885
9973
9884
9873
9991
9905
9870
9885
10000
9930
9841
9925
9727
9815
9806
9989
9906
9845
9982
9844
9881
9999
9893
9861
9950
9943
9884
9947
9932
9930
9888
9899
9996
9926
9970
9997
9961
9961
9938
9912
9927
9970
9922
9903
9824
9949
9976
9917
9853
9930
9900
9934
9910
9900
9970
9931
9786
9912
9892
9874
9914
9930
9922
9919
9828
9916
9902
9992
9970
9825
9951
9881
9839
9961
9826
9937
9834
9919
9992
9828
9983
9938
9977
9975
9835
9979
9852
9950
9933
10000
9940
9912
9985
9950
9950
9836
9970
9872
9931
9880
9920
9852
9985
9956
9892
9953
10000
9867
9856
9954
9983
9947
9959
9971
9882
9924
9974
9943
9918
9904
9962
9990
9954
9863
9982
9898
9918
9946
9864
9880
10000
9967
9920
9939
9950
9918
9993
9872
9859
9909
10000
9893
9848
9849
9961
10000
9895
9862
9865
9954
9876
9978
9946
9852
9965
9919
9876
9956
9992
9824
9899
9873
9885
9844
9926
9998
9900
9922
10000
9896
9904
9859
9987
9881
9959
9896
9949
9992
9926
9920
9921
9924
9867
9879
9983
9934
9844
9765
9860
9990
9874
9860
9956
9931
9889
9984
9960
9862
9968
9924
9944
9942
9935
9911
9821
9892
9927
9935
9892
9999
9883
9844
9789
9852
9945
9920
9952
9985
9938
9900
9969
9944
9905
9931
9945
9909
9876
9916
9955
9940
9981
9964
9834
9876
9947
10000
9919
9951
10000
9974
9922
9984
9951
9896
9899
9996
9866
10000
9918
9942
9923
9945
9963
9912
9926
9916
9923
9935
9888
9890
9920
9992
9953
9986
9972
9790
9860
9905
9835
9979
9995
9967
9972
9928
9869
9917
9994
9848
9973
9965
9983
9890
9949
9996
9850
9778
10000
9828
9836
9956
9915
9932
9932
9897
9998
9965
9896
9838
9890
9959
9957
9994
9921
9969
10000
9865
9792
9919
9995
9977
9980
9948
9878
9998
9974
9946
9957
9816
9980
9860
9926
9901
9975
9929
9925
9900
9901
9964
9933
9904
9999
9876
9882
9936
9895
9905
9974
9858
9966
9924
9941
9861
9929
9823
9953
9972
9904
9964
9897
9938
9940
9870
9980
9912
9973
9891
9921
9902
9943
9984
9990
9932
9988
9956
9884
9981
9889
9904
9871
9810
9945
9963
9993
9952
9962
9966
9953
9986
9811
9962
9934
10000
9904
9887
9917
9916
9980
9909
9973
9913
9839
9864
9926
9866
9858
9840
9914
9815
9745
9836
9876
9907
9962
9926
9901
9930
9943
9938
9993
9934
9996
9912
9989
9815
9910
9857
9823
9787
9794
9989
9932
9894
9846
9913
9983
9870
9891
9902
9960
9854
9923
9901
9944
9924
9931
9898
9827
9972
9923
9930
9872
9959
9954
9985
9972
9918
9933
9962
9939
9925
9958
9920
9928
9952
9859
9919
9871
9979
9941
9820
9951
9936
9905
9948
9955
9992
9917
9871
9966
9908
9964
9912
9964
9967
9736
9885
9869
9765
9850
10000
9894
10000
9971
9875
9950
9966
9920
9952
9884
9789
9884
9954
9990
9932
9904
9919
9945
9902
9927
9890
9924
9870
9925
9986
9973
9846
9905
9967
9933
9841
9948
9890
9953
9999
10000
9746
9854
9831
9932
9957
9868
10000
9862
9933
9940
9950
9920
9982
9841
9891
9978
9879
9892
9998
9939
9860
9955
9922
9900
9951
9920
9959
9997
9919
9967
9999
9972
9944
10000
9907
9934
9997
9997
9954
9975
9874
9917
9831
9963
9998
9886
9928
9939
9992
9891
9871
9911
9916
9786
9935
9964
9971
9874
9996
9950
9989
9979
9898
9898
9937
9905
9881
9864
9965
9985
9869
9997
9942
9719
9936
9977
9837
9966
9912
9852
9943
9906
9907
9898
9841
9794
9929
10000
9954
9887
9944
9996
9828
9933
9967
9959
9984
9869
9878
9923
9941
9861
9912
9866
9842
9972
9824
9912
9920
9927
9960
9899
9881
9955
9994
9829
9856
9972
9973
9846
9892
9864
9957
9998
9985
9907
9987
9917
9921
10000
9918
9916
9961
9860
9903
9896
9992
9951
10000
9932
9877
9963
9873
9944
9872
9835
9925
9978
9838
9888
9995
9867
9821
9895
9875
9872
9871
9938
9864
9874
9906
9908
9960
9921
9996
9922
9845
9990
9748
9953
9974
9789
9937
9933
9849
9962
9965
9927
9728
9913
9651
9793
9945
9849
9885
9950
9892
9902
9862
9942
9922
9944
9997
9993
9888
9957
9913
9978
9930
9955
9929
9948
9934
9903
9953
9867
10000
9999
9863
9858
9959
9885
9782
9921
9935
9917
9990
9881
9912
9890
9881
9991
9991
9920
9996
9812
9930
9960
9911
9995
9997
9950
9951
9907
10000
9863
9968
9963
9895
9890
9986
9784
9975
9861
9968
9933
9911
9843
9965
9970
9995
9870
9904
9963
9860
9998
9961
9956
9942
9987
9848
9964
9931
9970
10000
9814
9903
9868
9915
9833
9873
9872
9919
9905
9915
9995
9798
9977
9983
9942
9780
9918
9920
9918
9968
9909
9992
