9941
9908
9749
9952
9770
9894
9859
9906
9922
9854
9958
9837
9887
9839
9909
9936
9846
9998
9804
9763
9970
9881
9836
9960
9840
9938
9994
9858
9945
9881
9804
9924
9896
9899
9854
9928
9785
9914
9885
9913
9960
9903
9936
9903
9897
9916
9801
9884
9832
9851
9956
9966
9846
9885
9931
9958
9797
9977
9866
9894
9954
9812
9938
9960
9820
9918
9956
9855
9991
9950
9962
9881
10000
9815
9890
9813
9680
9941
9819
9877
9849
9964
9931
9939
9991
9938
9997
9894
9927
9982
9889
9849
9917
9872
9845
9849
9909
9815
9998
9926
9970
9998
9914
9930
9955
9896
9884
9927
9996
9881
9997
9898
9905
9950
9842
9931
9871
9867
9912
9973
9883
10000
9935
9859
9960
9847
9803
9836
9926
9871
9923
9901
9826
9794
9971
9928
9982
9896
9985
9943
9900
9940
9853
9966
9903
9913
9877
9867
9991
9869
9895
9858
9932
9957
9923
9823
9888
9928
9886
9828
9874
9874
9828
9813
9881
9895
9946
9815
9872
9822
9979
9941
9714
9934
9992
9972
9887
9939
9902
9889
9888
9899
9847
9940
9955
9850
9868
9786
9955
9891
9940
9981
9952
9847
9969
9996
9890
9891
9908
9907
9884
9948
9925
9936
9859
9891
9878
9886
9953
9800
9961
9973
9955
9897
9958
9965
9962
9910
9928
10000
9805
9981
9862
9846
9904
9959
9962
9929
9934
9979
9915
9878
9803
9839
9921
9818
9807
9944
9809
9960
9838
9951
9962
9896
9962
9985
9940
9889
9844
9926
9850
9885
9858
9941
9928
9943
9891
9896
9941
9892
9999
9912
9935
9972
9956
9848
9767
9874
9968
9938
9984
9899
9953
9945
9985
9886
9949
9877
10000
9953
9947
9939
9894
9958
9984
9845
9874
9936
9884
9996
9904
9856
9953
10000
9956
9899
9864
9891
9904
9929
9993
9864
9971
9900
9933
9829
10000
9967
9929
9909
9862
9876
9876
9862
9856
9794
9929
9836
9951
9950
9937
9872
9944
9958
9906
9793
9907
9878
9921
9946
9886
9971
9973
9961
9865
9997
9915
9884
9939
9817
9819
9877
9949
9898
9916
9966
9962
9988
9914
9920
9837
9802
9960
9915
9867
10000
9913
9988
9974
9858
9872
9965
9927
9942
9947
9971
9943
9891
9939
9931
9984
9983
9875
9924
9933
9892
9948
9998
9944
9973
9884
9915
9890
9868
9914
9897
9874
9944
9880
9936
9812
9946
9885
9995
9775
9907
9953
9988
9933
9915
9956
9812
9905
9912
9889
9874
9967
9941
9851
9988
9910
9994
9928
9906
9810
9854
9915
9853
9815
9781
9989
9937
9887
9794
9954
9955
9935
9999
9871
9900
10000
9911
9999
9976
9959
9923
9842
9948
9909
9946
9989
9967
9914
9680
9911
9898
9941
9950
10000
9888
9994
9983
9938
9929
9914
9992
9939
9924
9956
9928
10000
9854
9922
9949
9914
9916
9958
9719
9811
9865
9858
9935
9832
10000
9810
9933
9931
9922
9938
9963
9935
9909
9896
9916
9883
9858
9928
9966
9881
9921
9863
9858
9942
9911
9912
9905
9944
9873
9696
9991
9998
9935
9965
9959
9972
9869
9995
9865
9958
9938
9967
9914
9883
9848
9974
9936
9909
9895
9700
9891
9788
9912
9949
9845
9840
9934
9973
9883
9994
9861
9971
9938
9998
9859
9931
9919
9930
9892
9886
9874
9936
9912
9920
9950
9867
9851
9915
9970
9970
9760
9937
9955
9929
9860
9904
9964
9874
9960
9885
9840
9723
9882
9676
9855
9953
9888
9948
9791
9991
9858
9991
9934
9892
9944
9970
9958
9984
9963
9933
9843
9994
9893
9829
9860
9997
9952
9848
9850
9904
9875
9941
9926
9821
9928
10000
9797
9924
9987
9921
9906
9921
9887
9933
9883
9985
9908
9914
9979
9888
9990
9996
9875
9948
9933
9878
9867
10000
9991
9940
9905
9990
9953
9877
9947
9761
9913
9882
9935
9936
9937
9985
9920
9859
9915
9989
9805
9946
9896
9831
9935
9842
9955
9758
9895
9929
9997
9736
9942
9963
9874
9898
9925
9819
9917
9934
9941
9865
9967
9956
9969
9995
9865
9841
9878
9878
9901
9967
9878
9915
9993
9964
9884
9930
9729
9899
9928
9890
9883
9959
9999
9944
9781
9887
9896
9891
9789
9960
9944
9896
9860
9922
9936
9893
9948
9859
9908
9894
9747
9881
9884
9920
9949
9873
9957
9908
9940
9958
9941
10000
9994
9857
9782
9863
9962
9952
9886
9922
9847
9964
9933
9783
9852
9920
9949
10000
9933
9845
9915
9945
9899
9889
9900
9965
9948
9992
9950
9868
9986
9929
9901
9928
9885
9969
9997
9940
9878
9836
9998
9871
9957
9859
9805
9835
9929
9905
9904
9936
9890
9911
9946
9831
9982
9892
9869
9920
9954
9956
9959
9877
9702
9926
9915
9921
9862
9906
9909
9914
10000
9897
9939
9880
9957
9842
9960
9907
9890
9942
9945
9894
9975
9883
9878
9928
9928
9795
9945
9882
9884
9951
9918
9880
9887
9923
9937
9899
9930
9806
10000
9836
9876
9932
9913
9877
9832
9940
9891
9906
9908
9945
9892
9843
9956
9942
9869
9871
9806
9868
9978
9850
10000
9938
9959
9938
9876
9912
9928
9871
9910
9841
9900
9943
9768
9954
9970
9890
9957
9893
9876
9899
9928
9872
9916
9751
9859
9922
9811
9893
9872
9917
9924
9703
9980
9901
9870
9798
9929
9914
9958
9940
9873
9991
9929
9851
9909
9886
9847
9926
9908
9896
9921
9903
9967
9895
9892
9891
9759
9948
9907
9966
9809
9864
9960
9944
9862
9877
9758
9923
9909
9921
9863
9909
9988
9961
9913
9985
9935
9911
9970
9928
9930
9871
9885
9866
9850
9897
9987
9895
9943
10000
9926
9895
9799
9940
9934
9917
10000
9859
9920
9851
9907
9934
10000
9977
9843
9964
9892
9965
9899
9979
9915
9859
9939
9867
9830
9931
9926
9994
9873
9970
9952
9910
9950
9884
9919
9889
9862
9985
9912
9883
9947
9992
9889
9960
10000
9910
9875
9929
9975
9891
9881
9880
9930
9887
9936
9931
9906
9966
9802
9859
9990
9936
9963
9932
9920
9857
9871
9896
9974
9903
9870
9902
9994
9951
9993
9912
9914
10000
9975
9922
9962
