9870
9903
9905
9954
9964
9869
9959
9839
9849
9868
9773
9940
9958
9848
9981
9918
9955
9969
9877
9971
9953
9937
9801
9754
9985
9922
9944
9889
9938
9894
9923
9948
9994
9947
9960
9871
9969
9866
9888
9943
9964
9868
9789
9914
9935
9919
9908
9930
9786
9788
9906
9963
9904
9940
9948
9970
9863
9938
9954
9938
9920
9894
9854
9992
9913
9925
9967
9924
9948
9878
9945
9954
9938
9888
9896
9910
9887
9779
9887
9900
9831
9930
9940
9815
9903
9946
9962
9944
9892
9826
9848
9876
9874
9955
9858
9930
9957
9918
9944
9971
9911
9953
9946
9933
9863
9832
9929
9918
9964
9941
9977
9930
9893
9875
9863
9879
9948
9909
9918
9967
10000
9968
9899
9857
9930
9824
9767
9944
9878
9967
9885
9999
9847
9863
9779
9944
9953
9893
9922
9947
9982
9874
9921
9983
9920
9912
9900
9983
9850
9969
9935
9919
9819
9941
9905
9900
9903
9924
9967
9874
9919
9816
9986
9930
9868
9972
9914
9841
9961
9920
9941
9978
9884
9954
9889
9886
9928
9987
10000
9961
9965
9893
9931
9956
9971
9955
9913
9803
9908
9930
9953
9864
9913
9893
9909
9855
9944
9800
9962
9973
9955
9910
9895
9852
9917
9954
9899
9902
9952
9952
9918
9946
9833
9906
9916
9787
9960
9932
9810
9893
9885
9940
9883
9934
9919
9972
9957
9908
9969
9919
9810
9884
9925
9937
9951
9873
9933
9845
9817
9843
9944
9922
9914
9927
9885
9607
9879
9886
9806
9912
9916
9915
9966
9908
9949
9824
9814
9826
9786
9912
9833
9813
9919
9921
9942
9920
9919
9969
9858
9785
9954
9894
9999
9962
9805
9849
9919
9984
9943
9867
9930
9973
9792
9860
9921
9905
9833
9970
9969
9917
9807
9939
9925
9926
9868
9956
9846
9916
9886
9940
9954
9909
9864
9857
9934
9954
9911
9924
9894
9964
9842
9890
9903
9858
9904
9881
9827
9860
9942
9814
9997
9885
9920
9907
9973
9907
9948
9943
9945
9827
9945
9922
9970
9926
9853
9951
9885
9949
9860
9875
9844
9966
9920
9742
9875
9835
9931
9913
9919
9923
9931
9930
9908
9917
9952
9892
9874
9943
9930
9974
9870
9930
9820
9851
9887
9867
9897
9945
9838
9916
9832
9957
9948
9944
9977
9915
9924
9890
9876
9934
9857
9945
9822
9768
9874
9950
9888
9957
9822
9858
9792
9980
10000
9926
9864
9926
9953
9955
9948
9896
9984
9895
9983
9930
9884
9947
9908
9917
9916
9935
9703
9880
9938
9934
10000
9941
9935
9792
9899
9887
9865
9933
9949
9852
9960
9860
9942
9824
9926
9952
9996
9875
9903
9857
9792
9924
9937
9876
9896
9905
9951
9845
9941
9754
9748
9864
9922
9936
9959
9866
9995
9875
9858
9854
9866
9928
9913
9895
9772
9930
9880
9935
9933
9852
9947
9758
9975
9940
9939
9802
9879
9964
9892
9952
9978
9926
9911
9899
9894
9956
9769
9964
9956
9793
9954
9977
9893
9927
9878
9939
9884
9850
9904
9824
9917
9931
9767
9933
9940
9913
9980
9857
9941
9926
9961
9967
9872
9887
9894
9964
9933
9910
9890
9951
9814
9985
9736
9847
9993
9889
9906
9856
9911
9924
9864
9922
9748
9926
9924
9815
9918
9897
9858
9926
9903
9904
9789
9936
9935
9964
9962
9940
9937
9886
9860
9796
9869
9922
9859
9952
9972
9972
9973
9919
9973
9895
9931
9915
9970
9983
9954
9899
9944
9965
9979
9674
9951
9937
9949
9832
9952
9893
9948
9859
9874
9847
9792
9909
9970
9906
9892
9884
9910
9920
9948
9910
9820
9913
9927
9880
9950
9871
9880
9904
9907
9853
9989
9960
9966
9783
9906
9909
9959
9885
9887
9913
9881
9851
9830
9957
9940
9966
9986
9892
9939
9831
9913
9947
9989
9893
9929
9865
9967
9944
9959
9921
9885
9914
9868
9820
9793
9963
9999
9853
9912
9941
9946
9840
9950
9977
9975
9899
9836
9735
9906
9874
9885
9844
9889
9906
9967
9784
9944
9837
9954
9989
9967
9967
9952
9799
9919
9931
9978
9904
9935
9954
9812
9958
9839
9787
9875
9869
9861
9974
9928
9986
9952
9855
9952
9955
9963
9960
9891
9909
9982
9930
9913
9910
9841
9772
9917
9856
9931
9924
9876
9960
9844
9960
9889
9941
9890
9878
9788
9857
9886
9944
9957
9916
9977
9935
9925
9892
9939
9969
9930
9874
9932
9926
9913
9935
9904
9933
9913
9872
9869
9874
9868
9920
9826
9747
9888
9915
9866
9883
9893
9835
9865
9952
9959
9920
9890
9917
9938
9946
9877
9753
9910
9839
9953
9963
9944
9847
9898
9919
9890
9871
9944
9930
9813
9883
9906
9908
9876
9885
9898
9900
9928
9857
9932
9880
9898
9953
9882
9906
9865
9852
9996
9991
9847
9839
9886
9968
9865
9945
9981
9973
9892
9907
9961
9860
9999
9916
9901
9923
9880
9959
9915
9847
9881
9887
9818
9893
9735
9805
9892
9986
9864
9903
9860
9799
9930
9908
9928
9918
9938
9837
9899
9904
9899
9932
9939
9828
9954
9955
9819
9933
9869
9925
9964
9834
9879
9927
9814
9917
9839
9961
9751
9887
9818
9906
9888
9950
9795
9807
9758
9936
9849
9924
9897
9930
9988
9861
9883
9955
9970
9921
9959
9987
9803
9874
9979
9880
9800
9829
9966
9957
9919
9921
9876
9908
9792
9881
9948
9983
9979
9848
9875
9932
9955
9979
9920
9998
9958
9867
9972
9870
9917
9927
9811
9826
9948
9886
9927
9931
9896
9927
9906
9896
9929
9937
9971
9960
9891
9905
9921
9898
9927
9846
9953
9912
9980
9944
9974
9926
9839
9897
9971
9932
9909
9812
9952
9983
9875
9890
9848
9590
9863
9869
9898
9908
9875
9946
9978
9908
9865
9972
9878
9954
9943
9902
9775
9806
9973
9930
9841
9967
9895
9887
9979
9899
9979
9809
9783
9964
9883
9928
9937
9924
9856
9842
9914
9915
9951
9928
9907
9914
9931
9901
9812
9922
9970
9913
9915
9877
9884
9923
9931
9869
9985
9811
9915
9895
9938
9750
9920
9945
9846
9893
9893
9964
9814
9942
9949
9928
9962
9857
9848
9840
9930
9973
