10000
9999
9840
9958
9871
9890
9909
9858
9873
9815
9862
9855
9909
9869
9893
9857
9881
9874
9909
9889
9917
9915
9848
9926
9832
9870
9971
9906
9870
9957
9890
9928
9887
9960
9844
9924
9990
9974
9863
9976
9945
9912
10000
9934
9829
9890
9943
9935
9974
9982
9924
9890
9867
9933
9966
9941
9973
9949
9743
9926
9917
9866
9966
9930
9782
9954
9963
9887
9942
9977
9904
9957
9887
9935
9837
9901
9842
9814
9900
9861
9875
9935
9957
9866
9920
9988
9910
9956
9862
9930
9924
9950
9916
9923
9931
9865
9822
9983
9855
9905
9907
9946
9872
9813
10000
9963
9874
9855
9890
9890
9870
9921
9823
9927
9989
9966
9880
9958
9804
9870
9931
9892
9945
9846
9869
9950
9918
9878
9994
9923
9813
9917
9913
9870
9963
9815
9972
9993
9762
9838
9922
9765
9888
9814
9970
9958
9832
9879
9906
9928
9893
9949
9849
9821
9988
9870
9938
9933
9943
9985
9893
9974
9912
9927
9893
9863
9846
9915
9933
9839
9939
9976
9768
9906
9914
9885
9983
9931
9887
9955
9894
9961
9951
9977
9908
9833
9986
9811
9933
9964
9896
9910
9934
9950
9915
9940
9951
9907
9928
9960
9936
9835
9949
9883
9881
9970
9917
9850
9868
9808
9980
9919
9926
9933
9869
9885
9976
9849
9871
10000
9914
9951
9970
9891
9839
9989
9901
9913
9977
9746
9878
9975
9846
9863
9938
9871
9892
9845
9919
9952
9848
9914
9962
9909
9855
10000
9864
9788
9923
9942
9875
9903
9927
9936
9881
9958
9922
9676
9790
10000
9997
9882
9998
9892
9950
9967
9950
9844
9884
9862
9914
9963
9883
9894
9855
9909
9919
9879
9969
9962
9902
10000
9941
9769
9860
9867
9842
9841
9955
9869
9974
9825
9985
9953
9892
10000
9969
9868
9889
9832
9914
9877
9818
9849
9883
9845
9896
9993
9860
9940
9996
9974
9878
9951
9973
9710
9912
9967
9906
9817
10000
9946
9940
9797
9908
9915
9916
9988
9999
9894
9891
9948
9857
9929
9844
9826
9900
9922
9793
9937
9914
9899
9870
9957
9933
9952
9939
9899
9883
9938
9917
9986
9859
9850
9861
9938
9835
9905
9998
9957
9913
9902
9845
9873
9992
9893
9967
9896
9902
9948
9888
9871
9953
9963
9917
9992
9868
9870
9932
9870
9858
9997
9996
9865
9940
9904
9969
9984
9912
9943
9947
9903
9985
9982
9997
9993
9835
9874
9864
9934
9809
9902
10000
9837
9922
9816
9923
9948
9928
9849
9795
9961
9906
9914
9914
9966
9864
9941
9948
10000
9992
9923
9943
9787
9935
9919
9930
9947
9956
9837
9979
9963
9962
9874
9871
9929
9782
9869
9928
9912
10000
9993
9831
9901
9973
9841
9895
9958
9939
9850
9938
9999
9897
9934
9884
9839
9898
9862
9923
9930
9876
9873
9990
9993
9951
9930
9982
9910
9890
9893
9847
9831
9922
9855
9866
9904
9961
9918
9964
9841
9967
9900
9798
9861
9846
9852
9912
9878
9877
9933
9916
9996
9892
9824
9834
9999
9878
9965
9967
9925
9978
9868
9887
9893
9880
9914
9973
9992
9938
9886
9982
9849
9917
9972
9994
9943
9989
9820
9918
9870
9935
9730
9930
10000
9990
9998
9858
9819
9974
9872
9918
9927
9848
9914
9876
10000
9979
9926
9933
9957
9924
9886
9938
9971
9943
9978
9951
9909
9919
9942
9938
9856
9995
9924
9899
9895
9931
9911
9935
9996
9976
9867
9929
9914
9911
9894
9983
9935
9977
9873
9957
9865
9860
9952
9915
9919
9957
9867
9899
9893
9874
9816
9945
9951
9846
9912
9930
9907
9925
9772
9975
9830
9891
9925
9969
9949
9865
9962
9791
9917
9906
9799
9638
9895
9863
9820
9987
9975
9912
9764
9968
9929
9888
9985
9911
9983
9952
9798
9932
9967
9941
9776
9976
9869
9909
9913
9920
9863
9815
9929
9875
9946
9919
9986
9932
9917
9856
9997
9867
9895
9848
9849
9913
9911
9828
9918
9757
9988
9882
9954
9959
9883
9879
9887
9780
9939
9964
9906
9751
9950
9914
9921
10000
9920
9954
9985
10000
10000
9945
9844
9924
9889
9835
9983
9835
9906
9876
9844
9906
9963
9956
9920
9889
9910
9999
9972
9902
9978
10000
9859
9867
9886
9911
9912
9866
9995
9847
9837
9930
9956
9924
9935
9867
9880
9931
9943
10000
9863
9937
9923
9796
10000
9920
9908
9929
9847
9856
9950
9897
9948
9972
9883
9855
9885
10000
10000
9902
9881
9881
9952
9877
9900
9891
9852
10000
9900
9881
9995
9909
9977
9960
9930
9921
9973
10000
9926
9947
9791
9946
9957
9926
9848
9971
9933
9774
9937
9882
9894
9991
9729
9952
9951
9961
9981
9830
9904
9909
9915
9870
9885
9844
9984
9844
9853
9878
9931
9975
9834
9835
9930
9897
9911
9909
9933
9973
9906
9891
9867
9989
9772
9921
9969
9940
9910
9867
9858
9849
9835
9882
9890
9861
9919
10000
9868
9685
9794
9812
9967
9874
9945
9960
9885
9800
9868
9879
9909
9940
9815
9854
9887
9924
9958
9789
9861
9933
9927
10000
9949
9886
9880
9964
9756
9967
9998
9942
9924
9839
9919
9970
9974
9833
9914
9921
9997
9999
9901
9768
9794
9923
9930
9998
9889
9824
9890
9851
9860
9872
9953
9880
9998
9734
9981
9882
9856
9854
9907
9869
9858
9911
9907
9988
9925
9933
9858
9869
9865
9996
9999
9916
9903
9906
9907
10000
9887
9783
9947
9989
9938
9947
9869
9975
9828
9864
9967
9847
9969
9897
9998
9841
9969
9962
9896
9838
9865
9918
9810
9932
10000
9865
9929
9932
9888
9931
9853
9894
9905
9931
9928
9977
9837
9936
9981
9980
9898
9902
9955
9909
9943
9926
9860
9978
9929
9961
9943
9910
9996
9964
9925
9856
9885
9901
9958
9919
9941
9934
9909
9915
9914
9875
9998
9860
9825
9837
9752
9998
9999
9916
9779
9893
9930
9936
9839
9899
9896
9954
9944
9998
9868
9863
9884
9908
9735
9998
9912
9956
9915
9973
9871
9887
9973
9874
9966
9793
9865
9855
9908
9960
9895
9950
9943
9887
9873
9943
9982
9970
9869
9928
9882
9965
9908
