9826
9867
9950
9730
9852
9914
9953
9931
9927
9927
9937
9920
9862
9902
9864
9926
9845
9919
9924
9826
9782
9956
9928
9993
9895
9834
9890
9885
9802
9828
9938
9934
9916
9964
9926
9896
9901
9943
9932
9925
9953
9966
9921
9871
9803
9907
9930
9857
9912
9872
9879
9836
9897
9971
9928
9843
9925
9872
9865
9898
9868
9909
9994
9886
9852
9873
9903
9923
9860
9847
9926
9947
9931
9931
9949
9926
9929
9956
9899
9999
9855
9926
9836
9907
9791
9946
9849
9843
9928
9811
9911
9794
9907
9860
9968
9895
9961
9865
9769
9801
9915
9955
9984
9852
9844
9992
9873
9900
9971
9818
9909
9948
9937
9930
9937
9982
9873
9861
9747
9855
9914
9949
9952
9888
9943
9941
9909
9914
9932
9856
9864
9914
9908
9977
9951
9958
9942
9900
9905
9865
9910
9904
9972
9946
9888
9968
9810
9893
9954
9902
9855
9833
9870
9932
9885
9887
9930
9790
9895
9919
9960
9973
9892
9861
9927
9859
9837
9876
9943
9805
9898
9889
9805
9930
9836
9896
9831
9864
9785
9952
9870
9846
9833
9958
9902
9900
9838
9966
9840
9983
9891
9985
9871
9915
9861
9943
9939
9968
9945
9945
9894
9768
9891
9915
9857
9878
9974
9828
9796
9994
9928
9957
9900
9933
9874
9958
9891
9902
9891
9940
9917
9789
9850
9906
9854
9941
9955
9884
9938
9862
9931
9866
9942
9911
9942
9997
9984
9951
9923
9940
9955
9741
9940
9863
9802
9896
9932
9929
9957
9897
9999
9858
9897
9887
9945
9846
9948
9948
10000
9989
9883
9876
9978
9954
9847
9832
9913
9966
9777
9902
9965
9750
9811
9873
9920
9903
9785
9932
9912
9863
9898
9799
9976
9879
9946
9911
9985
9889
9917
9887
9845
9893
9867
9959
9959
9962
9777
9923
9925
9961
9939
9830
9968
9831
9969
9900
9810
9950
9926
10000
9817
9891
9893
9929
9824
9964
9920
9913
9758
9945
9986
9920
9920
9869
9878
9894
9834
9884
9856
9954
9806
9988
9920
9945
9966
9933
9939
9879
9936
9915
9896
9810
9987
9863
9894
9833
9975
9855
9921
9923
9979
9946
9920
9980
9933
9919
9957
9920
9926
9958
9925
9953
9761
9922
9760
9865
9922
9890
9794
9955
9935
9866
9919
9852
9907
9708
9897
9858
9956
9909
9943
9933
9931
9911
9938
9937
9992
9976
9916
9899
9924
9885
9933
9823
9944
9936
9982
9859
9886
9936
9937
9848
9965
9863
9898
9926
9951
9789
9979
9848
9994
9971
9953
9760
9981
9949
9880
9907
9922
9768
9922
9946
9977
9851
9944
9908
9983
9916
9933
9924
9775
9833
9896
9815
9912
9857
9907
9839
9978
9901
9965
9875
9915
9946
9958
9995
9977
9841
9973
9935
9987
9953
9844
9852
9888
9890
9936
9972
9936
9946
9987
9820
9744
9918
9948
9872
9983
9841
9965
9805
9900
9977
9884
9979
9972
9950
9905
9886
9893
9965
9916
9948
9999
9816
9888
9916
9945
9833
9783
9832
9932
9849
9830
9892
9980
9947
9954
9887
9924
9914
9991
9934
9898
9982
9932
9930
9902
9957
9934
9943
9901
9916
9885
9878
9846
9873
9925
9924
9913
9904
9859
9908
9983
9932
9968
9851
9952
9904
9947
9978
9907
9958
9921
9873
9938
9845
9880
9932
9974
9873
9941
9934
9883
9965
9934
9882
9868
9929
9910
9853
9894
9819
9905
9924
9906
9822
9979
9895
9943
9956
9887
9773
9718
9829
9709
9956
9874
9877
9898
9849
9905
9924
9941
9925
9971
9962
9956
9911
9912
9860
9939
9882
9895
9955
9975
9877
9950
9912
9898
9911
9865
9786
9938
9899
9848
9899
9917
9891
9849
9902
9824
9843
9841
9903
9893
9855
9910
9820
9932
9939
9907
9931
9885
9953
9839
9939
9964
9915
9950
9807
9978
9951
9845
9944
9809
9893
9864
9909
9794
9882
9927
9930
9905
9860
9869
9908
9923
9935
9837
9827
9844
9960
9923
9895
9892
9863
9899
9956
9953
9947
9898
9801
9848
9891
9896
9923
9827
9857
9885
9876
9933
9883
9946
9976
9886
9906
9941
9951
9979
9748
9927
9931
9863
9856
9907
9898
9884
9945
9871
9910
9934
9938
9900
9848
9942
9946
9963
9951
9941
9906
9972
9810
9958
9922
9815
9863
9993
9832
9931
9933
9918
9913
9785
9979
9959
9900
9935
9835
9913
9993
9888
9844
9899
9892
9808
9956
9880
9923
9811
9920
9948
9976
9755
9950
9962
9878
9882
9916
9940
9963
9857
9931
9924
9930
9964
9914
9940
9933
9858
9878
10000
9918
9771
9938
9918
9848
9966
9802
9834
9973
9917
9865
9785
9972
9936
9847
9878
9899
9921
9860
9870
9884
9916
9929
9839
9934
9919
9862
9940
9842
9915
9865
9924
9919
9930
9947
9910
9916
9870
9906
9868
9899
9940
9905
9947
9998
9838
9944
9995
9957
9912
9866
9763
9900
9909
9938
9928
9919
9891
9897
9946
9923
9915
9950
9879
9899
9912
9854
9886
9845
9890
9967
9898
9832
9989
9873
9878
9881
9892
9954
9904
9872
9960
9996
9942
9878
9966
9898
9957
9937
9917
9940
9842
9920
9890
9939
9845
9968
9970
9898
9883
9886
9920
9846
9974
9845
9871
9875
9747
9915
9893
9791
9891
9878
9776
9884
9883
9970
9816
9907
9926
9925
9962
9852
9870
9898
9938
9949
9913
9943
9896
9895
9928
9957
9949
9863
9938
9809
9932
9946
9937
9941
9937
9883
9886
9997
9955
9962
9957
9947
9889
9796
9932
9843
9914
9868
9894
9888
9962
9858
9912
9881
9992
9752
9920
9951
9944
9905
9904
9906
9864
9857
9900
9914
9919
9922
9858
9919
9916
9988
9986
9897
9874
9913
9958
9958
9934
9886
9999
9880
9950
9845
9820
9829
9980
9943
9903
9805
9896
9959
9832
9903
9987
9933
9951
9851
9859
9957
9942
9876
9955
9999
9837
9865
9863
9943
9956
9979
9832
9821
9937
9911
9937
9906
9937
9865
9929
9883
9891
9949
9940
9846
9906
9853
9833
9999
9871
9920
9910
9899
9935
9857
9848
9966
9874
9932
9827
9937
9884
9936
9934
9886
9885
9926
9939
9921
9755
9952
9973
9955
