9918
9980
9913
9879
9926
9841
9866
9823
9948
9908
9826
9995
9953
9894
9842
9799
9890
9892
9868
9895
9970
9970
9877
9948
9894
9988
9885
9858
9957
9910
9917
9984
9848
9904
9943
9942
9931
9900
9968
9916
9974
9936
9890
9854
9920
9936
9938
9965
9867
9884
9940
9897
9818
9949
9888
9933
9938
9927
9872
9970
9890
9977
9882
9892
9932
9900
9980
9820
9942
9948
9970
9970
9989
9878
9884
9855
9683
9873
9873
9871
9939
9825
9990
9917
9838
9928
9903
9945
9926
9921
9885
9946
9996
9952
9824
9949
9828
9879
9866
9950
9898
9908
9810
9945
9776
9908
9912
9900
9922
9923
9936
9938
9576
9947
9905
9771
9607
9969
9758
9937
9937
9857
9893
9968
9893
9854
9913
9948
9891
9998
9877
9848
9981
9899
9938
9949
9964
9914
9898
9962
9904
9890
9822
9980
9961
10000
9889
9972
9964
9839
9910
9839
9819
9959
9918
9943
9975
9872
9904
9940
9897
9930
9933
9792
9841
9905
9955
9987
9904
9886
9949
9768
9905
9898
9902
9873
9969
9993
9775
9885
9936
9918
9915
9947
9972
9953
9908
9897
9790
9916
9934
9919
9762
9829
9865
9810
9860
9907
9897
9893
9955
9894
9926
9946
9925
9828
9902
9948
9993
9782
9938
9919
9901
9876
9888
9925
9834
9906
9954
9874
9894
9984
9851
9901
9954
9875
9864
9918
9947
9894
9958
9898
9918
9951
9930
9966
9806
9913
9959
9952
9917
9861
9878
9958
9830
9953
9936
9956
9961
9879
9941
9908
9836
9920
9922
9954
9950
9883
9813
9870
9881
9918
9911
9922
9906
9944
9897
9926
9788
9938
9954
9954
9968
9925
9897
9791
9830
9932
9857
9954
9892
9930
9937
9835
9833
9905
9888
9916
9964
9886
9861
9712
9919
9801
9966
9948
9934
9957
9911
9888
9860
9932
9958
9873
9882
9875
9894
9894
9928
9915
9910
9885
9873
9978
9933
9897
9988
9906
9844
9935
9917
9853
9952
9940
9954
9984
9906
9836
9958
9858
9903
9887
9908
9892
9663
9947
9925
9886
9805
9932
9941
9941
9859
9956
9963
9897
9928
9909
9938
9844
9911
9948
9852
9872
9945
9756
9940
9956
9793
9893
9859
9864
9909
9915
9919
9922
9890
9944
9887
9920
9936
9982
9748
9780
9908
9879
9904
9915
9806
9953
9993
9928
9838
9940
9809
9898
9963
9898
9893
9888
9952
9794
9924
9847
9825
9864
9940
9934
9903
9921
9865
9822
9887
9860
9876
9975
9960
9893
9850
9858
9971
9876
9948
9929
9880
9893
9829
9940
9929
9930
9978
9961
9826
9952
9954
10000
9900
9972
9984
9886
9911
9943
9866
9889
9866
9872
9853
9943
9833
9981
9844
9834
9898
9940
9906
9997
9977
9845
9874
9907
9949
9843
9923
9934
9994
9832
9937
9733
9816
9905
9903
9866
9917
9968
9920
9860
9947
9912
9960
9997
9934
9833
9824
9835
9914
9894
9864
9816
9903
9948
9957
9880
9961
9931
9926
9855
9825
9820
9956
9930
9964
9931
9937
9897
9920
9980
9888
9868
9837
9891
9922
9879
9886
9897
9895
9880
9932
9911
9965
9681
9939
9917
9945
9960
9879
9816
9906
9936
9991
9830
9953
9962
9813
9886
9917
9850
9944
9827
9854
9894
9967
9904
9916
9859
9926
9978
9954
9957
9757
9958
9907
9885
9944
9925
9856
9960
9852
9956
9906
9942
9980
9796
9922
9899
9900
9857
9868
9953
9909
9910
9988
9944
9868
9880
9937
9955
9907
9902
9861
9933
9842
9863
9991
9863
9944
9946
9912
9911
9929
9943
9899
9919
9938
9857
9875
9898
9990
9937
9861
9986
9845
9859
9996
9913
9990
9947
9922
9882
9927
9832
9911
9926
9900
9939
9888
9859
9885
9893
9880
9914
9873
9870
9906
9915
9974
9894
9936
9900
9877
9822
9913
9925
9938
9956
9889
9886
9908
9922
9882
9837
9946
9976
9934
9804
9782
9929
9971
9924
9907
9835
9955
9822
9737
9823
9926
9861
9934
9937
9917
9885
9961
9952
9904
9836
9901
9933
9925
9873
9901
9900
9705
9900
9932
9934
9840
9917
9901
9916
9982
9872
9970
9831
9862
9861
9872
9835
9930
9823
9828
9874
9958
9919
9852
9946
9911
9916
9731
9875
9768
9957
9900
9970
9873
9962
9627
9956
9941
9918
9873
9937
9989
9933
9934
9851
9862
9940
9929
9839
9940
9929
9916
9942
9858
9886
9867
9856
9868
9830
9922
9947
9896
9935
9889
9883
9956
9851
9941
9848
9950
9847
9769
9963
9827
9998
9903
9859
9822
9909
9887
9986
9882
9890
9942
9912
9923
9859
9902
9957
9893
9986
9818
9968
9911
9879
9867
9929
9895
9794
9844
9859
9931
9951
9999
9937
9909
9976
9926
9961
9933
9944
9919
9847
9958
9943
9934
9891
9900
9860
9981
9948
9738
9930
9867
9984
9931
9958
9831
9986
9829
9887
9903
9902
9928
9876
9897
9876
9934
9914
9967
9878
9950
9943
9907
9909
9866
9944
9961
9781
9974
9922
9947
9864
9954
9935
9875
9829
9957
9972
9952
9953
9937
9977
9848
9890
9885
9979
9950
9954
9914
9912
9887
9926
9838
9915
9889
9922
9949
9933
9972
9962
9790
9852
9932
9844
9969
9961
9880
9927
9844
9937
9920
9880
9956
9954
9902
9851
9947
9955
9876
9783
9957
9911
9741
9924
9978
9944
9832
9948
9951
9775
9930
9997
9889
9980
9905
9864
9966
9844
9914
9908
9900
9908
9926
9926
9942
9787
9911
9995
9887
9921
9950
9902
9973
9876
9862
10000
9939
9931
9927
9829
9892
9927
9861
9898
9938
9953
9772
9895
9983
9941
9975
9983
9888
9953
9908
9876
9916
9976
9885
9984
9839
9922
9865
9957
9701
9811
9824
9946
9935
9834
9913
9875
9946
9928
9917
9989
9866
9910
9911
9843
9929
9904
9909
9949
9924
9949
9953
9857
9924
9957
9962
9987
9988
9878
9892
9803
9810
9907
9881
9962
9804
9817
9864
9862
9882
9957
9854
9964
9963
9935
9893
9876
9850
9868
9884
9766
9949
9918
9878
9846
9878
9824
9860
9958
9804
9931
9711
9895
9886
9929
9944
9916
9991
9889
9804
9924
9968
9949
9903
10000
