9895
9946
9890
10000
9901
9954
9930
9962
9880
9897
9784
9976
9983
9875
9810
9995
9889
9782
9886
9923
9792
9896
9931
9901
9828
9895
9951
9935
9937
9883
9994
9973
10000
9877
9974
10000
9864
9992
9906
9901
9879
9959
9913
9925
9932
9860
9914
9898
9875
9917
9842
9997
9994
9795
9958
9775
9898
9929
9878
9952
9994
9931
9820
9834
9975
9701
9937
9929
10000
9856
9855
9901
9882
9867
9902
9961
9961
9917
9879
9858
9959
9977
9957
9877
9998
9949
9962
9920
9911
9784
9777
9836
9922
9994
9866
9902
9876
10000
9958
9819
9984
9941
9996
9855
9921
9932
9955
9938
9920
9955
9978
9936
9922
9896
9903
9840
9868
9902
9778
9959
9969
9938
9871
9939
9964
9871
9961
9917
9859
9920
9841
9927
9997
9980
9949
9850
9857
9949
9928
9956
9823
9923
9938
9858
9891
9911
9846
9921
9917
9912
9934
9978
9923
10000
9941
9995
9984
9965
9869
9995
10000
9923
9922
10000
9944
9913
9926
9802
9947
9889
9953
9999
9911
9921
9828
9888
9851
9833
9862
9914
10000
9938
9989
9865
9919
9887
9822
9952
9840
9833
9851
9920
9999
9929
9994
9980
9905
9966
9894
9922
9994
9903
9943
9842
9996
9997
9876
9996
9998
9956
9924
9828
9871
9894
10000
9842
9974
9869
9859
9887
9961
9922
9983
9913
10000
9840
9814
9917
9901
10000
9844
9844
10000
9927
9922
9886
9950
9961
9791
10000
10000
9942
9955
9861
9799
9889
9905
9943
9907
9906
9945
9997
9924
9908
9992
9902
9916
9886
9864
10000
9858
9841
10000
9870
9951
9834
9983
9930
9948
9839
9911
10000
10000
9927
9957
9984
9867
9897
10000
9961
9799
9866
9831
9982
9844
9856
9936
9811
9887
9961
9911
9728
9855
9953
9863
9964
9896
9975
9928
9816
9943
9984
9819
9857
9907
9845
9903
9978
9807
9934
9923
9852
9996
9916
9957
9895
9851
9879
9956
9962
9900
9880
9762
9851
9810
9999
9940
9832
9916
9984
9886
9867
9902
9925
9927
9978
9879
9991
9910
9954
9988
9808
9941
9737
9840
9685
9839
9928
9855
9921
9908
9891
9936
9855
9892
9916
9947
9827
9957
9895
9996
9987
9902
9861
9964
9861
9897
9986
9894
9972
9893
10000
9891
9890
9980
9752
9947
9961
9923
9966
9924
9881
9923
9863
9907
10000
10000
9914
9941
9871
10000
9898
9883
9976
9945
9850
9874
9961
9976
9945
9919
9984
9903
9801
9948
9809
9956
9900
9791
9996
9910
9915
9785
9902
9925
9967
9732
9939
9884
9826
9943
9887
9825
9815
9997
9869
10000
9955
9960
9933
9842
9985
9947
9911
9866
9899
9755
9896
9910
9905
9789
9902
9950
9885
9869
9994
9913
9926
9974
9806
9867
9921
9871
9940
9940
9918
9949
9963
9958
9943
9937
9909
9959
9805
9886
9979
9987
9992
9755
9955
9999
9951
9861
10000
9860
9883
9984
9938
9997
9877
9786
9967
10000
9898
9943
9981
9983
9999
9889
9798
9965
9842
9895
9926
9860
9896
9973
9866
9896
9916
9881
9995
9927
9938
9949
9945
9818
9952
9983
9866
9851
9857
9937
9964
9968
9942
9895
9913
9938
9863
9955
9908
9915
9908
9897
10000
9809
9820
9917
9874
9937
9999
9804
9941
9869
9883
9931
9817
9956
9927
9963
9886
9901
9895
9994
9969
9893
9923
9895
9923
9845
9996
10000
9988
10000
9966
9891
9921
9859
9885
9914
9875
9890
10000
9941
9939
9943
9887
9727
9803
9834
9904
9817
9936
9868
9974
9953
9924
9961
9829
9936
9974
9899
9923
9879
9963
9937
9863
9925
9919
9936
9919
9876
9864
9922
9937
9823
9922
9871
10000
9883
9893
9816
9908
9827
9861
9908
9950
9890
9945
9892
9925
9921
9938
9944
9894
9891
9925
9859
9999
9821
9924
9897
9873
9925
9887
9845
9870
9859
9821
9994
9988
9986
9958
9940
9975
9864
9816
9848
9860
9872
9937
9887
9918
9880
9947
9830
9924
9939
9954
9830
9921
9965
9942
9894
9973
9862
9971
9862
9938
9947
9959
9953
9923
9945
9994
9963
9886
10000
9946
9948
9957
9995
9867
9902
9882
9916
9918
9937
9897
9946
9908
9792
9962
9986
9913
9895
9893
9899
10000
9875
9795
9935
9954
9939
9951
9841
9868
9857
9828
9844
9968
9824
9972
9882
9962
9845
9894
9942
9825
9909
9925
9992
9859
9924
9924
9812
9871
9929
9903
9939
9973
9795
9845
9824
9856
9937
9970
9924
9949
9896
9910
10000
9782
9835
9826
9795
9975
9893
9953
9897
9919
9899
9803
9877
9912
9963
9858
9913
9932
9957
9955
9913
9926
9951
9899
9903
9893
9891
9857
9950
9840
9915
9927
9937
9843
9947
9988
9966
9871
9950
9926
9941
9804
9966
9913
9944
9932
9856
9937
9880
9893
9835
9837
9807
9987
9867
9882
9962
10000
9969
9837
9867
9973
9949
9979
9964
9894
9964
9954
9852
9882
9952
9993
9978
9908
9980
9980
9917
9959
9860
9928
9989
9949
9861
9910
9834
9896
9801
9909
9878
9981
9934
9890
9998
10000
10000
9937
9969
9907
9942
9863
9907
9954
9932
9873
9846
9933
9919
9937
9957
9911
9843
9972
9947
9820
9823
9854
9997
9969
9982
9999
9903
9863
9897
9882
9805
9922
9969
9945
9884
9965
9870
9905
9965
9923
9910
9921
9987
9949
9982
9939
9890
9846
9945
10000
9910
9741
9931
9942
9943
9899
9923
9919
9921
10000
9958
9921
9896
9886
9962
9884
9872
9840
9902
9909
9866
9998
9921
9932
9916
9894
9960
9862
9957
9970
9890
9896
9889
9859
9877
9899
9839
9861
9928
9978
10000
9851
9958
9915
9983
9867
9954
9852
9851
9923
9991
9908
9922
9932
9974
9933
9855
9924
9884
9929
9864
10000
9919
10000
9865
9951
9943
9999
9860
9859
9917
9924
9980
9873
9927
9857
9938
9962
9919
9821
9871
9900
9968
9949
9922
9860
9976
9969
9946
9681
9846
9941
9891
9884
9794
9952
9895
9874
9978
9892
9916
9823
9996
9965
9876
9890
9858
9953
9994
9918
9908
9862
9837
9930
9659
9958
9868
9989
9957
9998
9889
9974
9922
9885
