9731
9955
9914
9883
9905
9921
9930
9847
9939
9943
9888
9954
9853
9895
9899
9922
9964
9935
9900
9920
9862
9926
9929
9995
9922
9864
9953
9703
9993
9946
9930
9888
9953
9926
9823
9927
9795
9897
9924
9927
9987
9935
9913
9902
9906
9939
9914
9841
9821
9861
9878
9894
9877
9883
9905
9807
9733
9878
9895
9997
9886
9817
9916
9928
9928
9916
9889
9919
9930
9951
9913
9980
9920
9891
9947
9884
9815
9971
9883
9857
9864
9919
9957
9863
9931
9820
9933
9995
9984
9990
9864
9837
9938
9877
9848
9933
9944
9882
9857
9933
9927
9878
9969
9946
9948
9884
9921
9924
9953
9939
9937
9989
9894
9859
9874
9924
9868
9971
9956
9907
9878
9834
9900
9888
9893
9957
9990
9899
9911
9842
9858
9921
9953
9924
9794
9781
9952
9884
9960
9933
9986
9804
9845
9811
9874
9831
9985
9854
9916
9865
9848
9949
9922
9917
9997
9962
9916
9869
9870
9804
9837
9945
9980
9941
9897
9947
9895
9961
9955
9796
9928
9830
9898
9908
9910
9925
9846
9882
9925
9993
9999
9938
9945
9959
9911
9856
9823
9975
9941
9929
9898
9869
9948
9911
9846
9916
9880
9848
9903
9869
9886
9881
9938
9778
9836
9900
9886
9871
9960
9897
9794
9883
9849
9815
9946
9919
9820
9936
9978
9857
9879
9928
9910
9912
9941
9801
9908
9796
9969
9994
9879
9919
9917
9841
9853
9852
9866
9910
9938
9937
10000
9936
9883
9956
9844
9990
9887
9960
9853
9736
9843
9914
9922
9900
9889
9874
9898
9845
9890
9957
9930
9968
9846
9942
9896
9825
9914
9871
9898
9877
9897
9849
9976
9960
9760
9885
9918
9833
9851
9897
9968
9918
9942
9887
9971
9945
9863
9800
9864
9912
9882
9960
9909
9903
9893
9716
9958
9944
9836
9904
9888
9907
9916
9940
9790
9910
9908
9766
9953
9849
9869
9963
9928
9693
9928
9944
9881
9886
9864
9968
9940
9881
9865
9670
9932
9830
9922
9901
9909
9855
9950
9913
9989
9896
9993
9868
9841
9981
9890
9982
9964
9877
9956
9830
9840
9960
9936
9840
9877
9722
9903
9930
9944
9959
9908
9947
9895
9880
9949
9972
9955
9941
9896
9831
9894
9911
9859
9970
9926
9889
9818
9985
9932
9953
9847
9861
9942
9976
9796
9967
9938
9976
9865
9936
9973
9950
9823
9879
9900
9966
9902
9865
9909
9991
9844
9918
9897
9971
9854
9859
9941
9795
9967
9848
9948
9801
9890
9907
9907
9891
9938
9934
9964
9936
9908
9946
9984
9840
9919
9847
9917
9862
9807
9856
9837
9918
9929
9985
9780
9963
9757
9834
9731
9910
9882
9906
9882
9973
9836
9996
10000
9914
9839
9918
9856
9938
9903
9964
9844
9909
9919
9941
9856
9938
9941
9933
9726
9922
9846
9889
9946
9916
9771
9938
9978
9812
9912
9926
9948
9994
9946
9929
9967
9929
9822
9906
9841
9966
9907
9853
9822
9825
9998
9885
9931
9915
9927
9950
9952
9891
9950
9904
9809
9994
9940
9900
9862
9998
9938
9940
9912
9879
9937
9999
9914
9949
9939
9892
9996
9917
9961
9984
9891
9930
9889
9947
9928
9771
9837
9915
9977
9933
9859
9875
9834
9952
9978
9887
9905
9916
9900
9992
9920
9929
9769
9865
9910
9935
9906
9982
9870
9893
9985
9929
9902
9872
9965
9873
9912
9883
9923
9753
9998
9988
9949
9873
9925
9917
9767
9939
9888
9966
9959
9916
9913
9891
9902
9830
9881
9952
9913
9941
9899
9891
9927
9947
9970
9851
9967
9998
9972
9882
9905
9891
9957
9906
9957
9805
9960
9730
9890
9851
9948
9777
9921
9893
9926
9885
9940
9826
9834
9952
9861
9850
9880
10000
9952
9858
9841
9777
9920
9958
9873
9917
9848
9918
9855
9721
9879
9917
9874
9993
9914
9860
9913
9844
9946
9851
9929
9943
9995
9958
9966
9846
9980
9894
9916
9944
9986
9981
9850
9881
9943
9917
9947
10000
9947
9892
9927
9934
9996
9856
9942
9954
9874
9894
9992
9861
9946
9933
9994
9878
9851
9919
9945
9922
9971
9867
9872
9856
9956
9910
9963
9944
9856
9932
9845
9956
9777
9890
9960
9997
9833
9916
9814
9858
9953
9936
9864
9927
9897
9976
9928
9857
9937
9937
9906
9954
9991
9838
9974
9883
9862
9770
9859
9941
9925
9928
9814
9901
9953
9999
9963
9895
9940
9948
9976
9959
9855
10000
9909
9927
9970
9946
9925
9879
9897
9939
9851
9887
9922
9871
9923
9857
9941
9990
9850
9845
9933
9890
9900
9945
9876
9754
9884
9909
9882
9954
9869
9925
9901
9909
9943
9864
9955
9946
9895
9919
9904
9867
9986
9855
9649
9941
9917
9750
9929
9916
9818
9971
9899
9874
9876
9990
9968
9829
9947
9824
9903
9943
9946
9949
9940
9939
9890
9862
9870
9909
9807
9808
9958
9902
9956
9815
9927
9914
9933
9854
9868
9913
9811
9943
9907
9912
9859
9933
9927
9852
9991
9914
9959
9931
9899
9899
9939
9943
9932
9930
9952
9962
9865
9850
9912
9973
9860
9956
9879
9981
9947
9812
9914
9965
9931
9959
9895
9953
10000
9949
9819
9924
9980
9942
9921
9761
9932
9825
9859
9951
9858
9865
9995
9808
9856
9963
9794
9963
9922
9880
9941
9813
9867
9970
9926
9899
9928
9825
9887
9856
9936
9947
9877
9934
9960
9973
9975
9941
9941
9941
9947
9939
9851
9909
9883
9939
9973
9922
9964
9939
9974
9956
9948
9976
9789
9958
9928
9882
9855
9846
9833
9870
9868
9976
9973
9982
9943
9957
9886
9992
9930
9964
9949
9905
9945
9884
9872
9952
9923
9900
9981
9910
9983
9863
9882
9860
9978
9974
9934
9933
9880
9963
9937
9837
9936
9844
9882
9759
9905
9960
9925
9823
9914
9851
9933
9766
9931
9897
10000
9854
9930
9942
9858
9903
9936
9956
9913
9886
9994
9877
9892
9895
9819
9947
9860
9929
9965
9958
9905
9946
9861
9953
9962
9818
9956
9998
9875
9907
9951
9930
9939
9901
9899
9835
9890
9919
9981
9927
9873
9917
9942
9920
9741
9925
9933
9979
9890
9853
9848
9804
9875
9931
