9773
9935
9915
9956
9933
9954
9978
9973
9919
9916
9795
9812
9978
9939
9929
9918
9947
9893
9863
9901
9841
9915
9974
9881
9981
9893
9911
9943
9991
9915
9914
9828
9946
9886
9816
9919
9930
9946
9862
9901
9969
9931
9915
9897
9796
9887
9940
9864
9993
9951
9852
9908
9927
9906
9914
9923
9963
9943
9880
9914
9908
9884
9933
9898
9963
9883
9875
9935
9839
9934
9967
9940
9974
9923
9905
9880
9871
9731
9973
9899
9961
9940
9932
9967
9944
9949
9939
9919
9954
9827
9885
9896
9889
9935
9982
9960
9971
9827
9862
9819
9875
9904
9872
9963
9941
9826
9851
9939
9950
9877
9908
9938
9911
9960
9922
9952
9943
9893
9935
9880
9872
9801
9931
9912
9908
9965
9947
9909
9972
9939
9901
9846
9900
9927
9768
9882
9905
9962
9940
9956
9892
9883
9949
9842
9935
9915
9937
9962
9969
9925
9947
9950
9910
9868
9859
9895
9850
9977
9953
9877
9834
9855
9824
9877
9964
9845
9863
9877
9887
9987
9916
9889
9902
9852
9963
9956
9986
9940
9876
9940
9894
9850
9903
9878
9909
9888
9822
9961
9934
9894
9822
9904
9949
9870
9884
9920
9889
9927
9919
9914
9933
9841
9906
9929
9965
9934
9915
9801
9877
9794
9900
9914
9935
9918
9856
9840
9896
9861
9757
9841
9878
9896
9936
9933
9849
9882
9888
9890
9888
9894
9806
9857
9938
9870
9901
9854
9894
9887
9745
9934
9816
9960
9907
9898
9893
9948
9973
9836
9864
9913
9850
9832
9871
9980
9917
9909
9925
9893
9880
9860
9887
9896
9867
9933
9815
9857
9904
9917
9960
9789
9873
9860
9946
9896
9853
9907
9974
9911
9809
9778
9946
9948
9983
9953
9925
9740
9938
9888
9871
9916
9920
9927
9878
9903
9950
9932
9962
9840
9995
9807
9820
9791
9969
9867
9952
9902
9815
9870
9857
9983
9863
9931
9969
9927
9935
9770
9967
9909
9930
9915
9862
9930
9897
9928
9938
9912
9955
9927
9901
9880
9963
9780
9948
9932
9940
9865
9803
9878
9881
9952
9923
9854
9766
9864
9839
9928
9956
9918
9955
9931
9917
9859
9889
9925
9915
9919
9905
9945
9990
9793
9846
9897
9891
9795
9840
9912
9906
9882
9892
9865
9833
10000
9908
9957
9968
9903
9921
9944
9843
9929
9883
9970
9952
9928
9850
9955
9989
9896
9848
9899
9965
9920
9972
9934
9929
9906
9929
9929
9920
9860
9986
9911
9970
9872
9985
9869
9945
9860
9950
9913
9839
9927
9827
9932
9900
9923
9890
9861
9682
9997
9897
9956
9850
9883
9929
9935
9926
9931
9900
9853
9778
9898
9933
9816
9969
9896
9891
9866
9835
9945
9997
9889
9933
9933
9937
9898
9951
9905
9999
9876
9859
9855
9923
9879
9837
9934
9770
9963
9966
9989
9915
9949
9957
9919
9818
9958
9958
9925
9950
9893
9900
9926
9710
9897
9904
9948
9955
9894
9960
9806
9925
9932
9823
9803
9969
9924
9928
9907
9947
9899
9885
9844
9892
9958
9916
9869
9924
9862
9869
9946
9975
9988
9893
9907
9933
9963
9921
9809
9871
9969
9920
9919
9921
9934
9777
9890
9941
9878
9998
9820
9918
9955
9884
9892
9877
9946
9934
9913
9905
9954
9892
9973
9913
9896
9818
9976
9897
9870
9957
9909
9878
9835
9878
9866
9980
9899
9884
9926
9906
9877
9939
9825
9913
9874
9816
9975
9885
9879
9968
9862
9938
9996
9892
9917
9914
9911
9895
9950
9954
9878
9895
9868
9927
9919
9906
9902
9921
9814
9934
9915
9879
9918
9878
9902
9945
9805
9904
9916
9911
9972
9905
9855
9869
9890
9920
9834
9947
9887
9908
9930
9811
9920
9881
9928
9793
9885
9910
9975
9920
9818
9942
9945
9905
9926
9930
9906
9945
9901
9774
9940
9900
9914
9981
9916
9910
9961
9870
9913
9866
9989
9865
9912
9913
9852
9929
9796
9951
9997
9874
9965
9898
9913
9867
9848
9746
9766
9982
9968
9918
9707
9972
9830
9925
9868
9869
9939
9834
9921
9882
9947
9854
9930
9950
9953
9946
9959
9811
9904
9852
9808
9886
9925
10000
9767
9773
9951
9921
9952
9952
9839
9884
9944
9905
9882
9922
9806
9929
9792
9902
9765
9917
9945
9955
9960
9846
9825
9887
9856
9906
9913
9908
9858
9879
9977
9911
9928
9879
9983
9915
9898
9933
9771
9812
9878
9929
9954
9798
9878
9904
9832
9917
9941
9945
9893
9856
9941
9950
9908
9928
9849
9787
9818
9960
9913
9954
9718
9916
9947
9842
9912
9831
9837
9931
9900
9829
9881
9837
9774
9828
9825
9811
9942
9889
9906
9809
9864
9849
9917
9901
9821
9967
9855
9925
9796
9988
9942
9977
9961
9922
9870
9859
9886
9891
9948
9912
9891
9744
9874
9795
9898
9722
9863
9923
9857
9933
9854
9836
9950
9845
9890
9954
9937
9798
9852
9896
9979
9950
9959
9939
9782
9934
9791
9969
9975
9703
9965
9896
9836
9879
9900
9946
9985
9939
9858
9905
9940
9857
9917
9858
9908
9961
9926
9952
9797
9939
9965
9925
9888
9828
9954
9917
9893
9965
9900
9942
9914
9945
9883
9859
9862
9935
9948
9947
9846
9875
9768
9937
9945
9965
9884
9967
9934
9867
9923
9883
9970
9948
9873
9873
9922
9931
9866
9852
9928
9978
9847
9881
9764
9972
9877
9899
9952
9874
9968
9886
9922
9889
9950
9926
9947
9891
9868
9860
9949
9958
9906
9889
9882
9904
9898
9892
9881
9930
9964
9912
9933
9858
9890
9969
9929
9893
9890
9907
9915
9839
9834
9918
9917
9889
9950
9878
9947
9909
9960
9914
9849
9938
9839
9949
9931
9909
9983
9900
9898
9937
9902
9929
9588
9845
9883
9949
9943
9773
9892
9940
9907
9905
9801
9964
9899
9893
9905
9889
9864
9930
9948
9894
9919
9984
9883
9997
9964
9869
9897
9900
9798
9994
9966
9865
9926
9996
9876
9833
9902
9913
9753
9920
9968
9912
9941
9929
9877
9931
9944
9987
9871
9931
9996
9996
9989
9944
9956
9877
9910
9968
9958
9918
9944
9949
9795
9891
9927
9823
9953
9950
9965
9994
9930
9824
9827
