9894
9980
9935
9879
10000
9922
9976
10000
9889
10000
9926
9853
9952
9983
10000
9999
9828
9949
9965
9915
9999
9999
9954
9921
9903
9995
9932
9961
9904
10000
9848
10000
9920
9898
9969
9948
9996
9947
9956
9950
9911
10000
9858
9943
9876
9973
10000
9905
9934
9974
9998
9870
9994
9817
9807
9801
9942
9980
9964
10000
9800
9878
9875
9978
9777
9956
9988
9935
9907
9905
9879
9910
9864
10000
9735
9955
9792
10000
9922
10000
9999
9928
9906
9992
9967
9870
9839
9879
9936
9961
9925
10000
9987
9901
9876
9926
9982
9810
9980
9950
9985
9941
9951
9926
9853
9754
9927
9936
9997
9886
9999
9982
9905
10000
9916
9888
9921
9875
9883
9992
9878
9912
9903
9892
9947
9926
9895
9847
9985
9910
9923
9961
9816
9948
9936
9999
9989
9937
9998
9947
9927
9911
9903
10000
9880
9910
9885
9917
9836
10000
9785
10000
9952
9893
9863
9937
10000
9972
9962
9910
9877
9959
9962
9925
10000
9900
9908
10000
9888
9931
9943
10000
9956
9959
10000
9999
9775
10000
9873
9919
9951
10000
9833
9917
9856
9891
9945
9917
9970
9786
9918
9998
10000
9935
9908
10000
10000
9755
9999
10000
10000
10000
9997
9981
10000
9999
10000
9762
9818
9899
9978
9949
9999
10000
9918
9883
9962
9998
9833
9919
9969
9854
9919
9913
9964
9990
9992
9952
9965
9930
9975
9963
9978
9900
9862
9999
9900
9893
9939
10000
9899
9907
9940
9977
9937
9913
9913
9832
9805
9695
9857
9903
9812
9969
9836
10000
9875
9995
9962
9986
9943
9896
10000
9982
9907
9993
9966
10000
10000
9913
9997
9932
10000
9971
9879
9952
9872
9936
10000
9910
9894
10000
9973
9997
9825
9939
10000
9999
9901
10000
9997
9998
9987
9928
9895
9916
9947
9964
10000
10000
9879
9865
9949
9976
9965
9811
10000
9961
9990
9992
9870
10000
9910
9930
10000
9957
9899
9919
9716
9936
9966
9808
10000
9984
9962
9923
9958
9996
9811
9890
10000
9966
9886
9929
9937
9921
9974
9831
9927
9891
10000
9863
9952
9936
9993
9981
10000
9997
9943
9981
9981
9968
9970
9949
9779
9952
9891
9851
9974
9997
9932
9811
9998
9925
9955
9902
9973
9657
9999
9820
9929
9944
9902
9918
9792
9874
9951
10000
9988
9658
9999
9825
9943
9844
9833
9930
10000
10000
10000
10000
9948
10000
9936
9996
9856
9821
9909
9963
9897
9848
9949
9967
9993
10000
9820
10000
9931
9850
10000
9991
9836
9968
9882
9999
9894
9833
9956
9899
9979
9961
9912
9994
9963
9998
9838
9923
9935
9971
9832
9983
9956
9872
9981
9903
9921
10000
9945
9814
9946
9904
10000
9801
10000
9919
9927
9998
9834
10000
9981
10000
9895
9960
9953
9912
9865
10000
9934
9954
9903
9911
9898
9908
9986
9903
10000
9929
9936
9997
9919
9917
9994
9782
9975
9943
10000
9963
9925
9954
10000
9913
9967
9932
10000
9747
9891
9909
9897
9834
9907
10000
9901
9993
9978
10000
9908
9979
10000
9903
9951
9922
9772
9846
9931
9946
9914
9998
10000
9936
9890
10000
9891
9989
9819
9919
9958
9899
9945
9921
9951
9932
9873
9908
9862
9767
9935
9876
10000
9853
9914
9983
9957
9737
9919
10000
9921
9931
9930
9979
9917
10000
10000
9952
9858
9985
10000
9921
9874
10000
9889
9976
9975
9912
9936
10000
9991
9978
9864
10000
9937
9887
10000
9944
9782
9937
9999
9865
9945
9875
9896
10000
9890
9905
9928
10000
9960
9884
9999
10000
9905
9888
9958
9826
9812
9974
9930
9999
9901
9923
9952
9918
10000
9920
9951
10000
9824
9948
9928
10000
9942
9938
9822
10000
9989
10000
9962
10000
9916
9815
9996
9948
9827
9995
9999
10000
9999
9798
9941
9945
9956
10000
9777
9906
9824
9889
10000
9883
9876
9834
10000
9761
9874
9920
9931
9895
9845
9858
9989
9997
9852
9972
9926
9999
9883
9892
9936
9998
9923
9946
9919
9895
9787
10000
9877
10000
9960
9901
9935
9947
9916
9927
10000
9971
9945
9974
10000
9893
10000
9931
9924
10000
9857
10000
9909
9874
10000
9950
9921
9904
9936
9783
9971
9879
9997
9897
9995
9921
9962
9910
9954
9988
9916
9898
9960
9829
9831
9950
9929
10000
9901
9890
9934
9950
10000
9882
10000
9997
10000
9902
9985
10000
10000
10000
9850
9971
9995
10000
10000
9866
10000
9929
9912
9923
9678
9829
9924
10000
10000
9904
9881
9979
9852
9968
9892
10000
9903
10000
10000
9874
9907
10000
10000
10000
9999
10000
10000
9842
9935
9931
9886
9994
9944
9892
9966
9930
9863
9957
9964
9979
9999
9988
9884
9920
9923
9923
9922
9839
9903
9900
9920
9926
9920
9946
10000
9876
9934
9987
10000
9930
9979
9856
9840
9842
9970
9856
9880
9817
10000
10000
9899
9912
10000
10000
9870
10000
9759
9841
9826
9996
9921
9965
9911
9825
9981
9910
9871
9816
10000
10000
9998
9982
9911
10000
9615
9896
9848
10000
9904
9992
9988
9958
9995
9958
9949
9781
9883
9958
10000
9968
9939
9877
9886
9891
9860
9933
9850
9923
9871
9972
9941
9865
9959
9923
9979
9774
9918
9915
9892
9979
10000
9908
9876
10000
9991
9926
10000
10000
9937
9894
9965
9960
9909
9919
9918
9876
9949
9800
10000
9779
9931
10000
10000
9974
10000
9895
10000
9899
9967
9956
9820
9779
9969
10000
9996
9879
9914
9871
9902
10000
9822
9903
9967
9930
9962
9969
9820
10000
9994
9660
9998
9877
10000
9906
10000
10000
9883
9975
9927
9923
10000
9962
9988
9797
9999
9908
9912
9986
9934
9915
9813
9900
9995
9944
9905
9947
9916
10000
9895
9832
9868
9915
9837
9838
9930
10000
9929
9880
10000
10000
9967
9901
10000
9958
10000
9996
9774
9927
9836
9900
9877
9986
9917
9920
9892
9928
9948
9801
9901
9914
9994
9942
9974
9967
9986
9995
9912
9799
9938
9897
9799
9976
10000
9997
9954
9901
9924
9998
10000
10000
10000
9922
10000
9921
9983
10000
9914
9810
10000
9786
10000
9952
9931
9947
9862
9854
10000
9887
9941
9804
9934
9855
