9880
9998
10000
9846
10000
9906
9839
9988
9999
9814
9923
9925
9989
10000
9918
9988
9907
9879
10000
9899
9968
10000
9898
9931
9842
9904
10000
9994
9994
9852
9925
9856
9856
9929
9871
9829
10000
9996
9958
9806
10000
9847
9719
9974
9821
9903
10000
9986
9844
9921
9895
9770
9940
9926
9919
9869
10000
9828
9825
9855
9941
9805
9999
9947
9788
9966
9991
9804
9969
9998
9839
9859
9906
10000
9805
9919
9925
9985
9855
9866
9923
10000
9932
9916
9980
9874
9940
9900
9985
9927
9916
9936
9998
9897
9753
9921
9918
9855
9910
9944
9911
9920
10000
9831
9823
10000
9886
10000
9904
10000
9906
10000
9862
9878
9720
9883
9878
9916
9916
9900
9966
9889
9839
9744
10000
9956
10000
9866
10000
9994
9948
9948
9854
9837
9825
9933
10000
9945
9871
9846
9915
9996
9919
9994
9833
9868
9943
9981
9900
9972
9904
10000
9902
10000
9988
9972
9817
9877
9904
9860
9980
10000
10000
10000
9870
9882
10000
9841
9890
9994
9952
9907
9816
9997
9999
9936
9929
10000
9912
9970
9907
9980
10000
9981
10000
9948
10000
9925
9860
9958
10000
9853
9902
9833
9851
9895
9977
9842
9910
9838
9865
9786
9960
9835
9878
9900
9985
9845
9977
9998
9954
9865
10000
9840
9915
10000
9882
9943
9856
9933
9981
9937
9845
9978
9934
9969
10000
9918
9826
9959
9940
9932
9832
9962
9762
9820
9908
10000
9917
9850
9968
9976
10000
10000
9886
9923
9818
9914
9964
9928
9941
9956
9989
9928
9874
9913
9952
9934
9988
9946
9946
9758
10000
9864
9881
10000
9999
9920
9818
10000
9840
9924
9819
9972
9889
9885
9854
9899
9985
9931
9938
9909
9870
9882
10000
9844
9949
9999
9730
9925
9956
9952
9988
9865
9854
9904
9693
9999
9924
9923
10000
9905
9853
9780
9937
10000
9815
9987
9885
9957
9909
9999
10000
10000
9957
9834
9893
9771
9883
9859
9919
9996
10000
10000
9963
9821
9923
9932
10000
10000
9964
9882
10000
9844
9973
9946
10000
9937
9939
9905
9911
9835
9935
10000
9947
9972
9910
9887
9840
9926
9919
9881
9861
9905
9819
9944
9955
9918
9948
10000
9930
10000
9973
9870
9866
9951
9914
9899
9947
9976
9908
9856
9997
9833
9797
10000
9919
9948
9896
9955
9962
9919
9989
9853
9802
9937
9974
9933
9923
9999
9880
9948
9942
9840
9967
9880
9997
9795
10000
9959
9949
9942
9997
9907
9909
9936
9724
9838
9905
9994
9965
10000
9955
9964
9913
9994
9870
9884
9945
9944
9919
9773
9808
9982
9956
9929
9966
10000
9995
9930
9882
9996
9942
10000
9999
9906
9926
9814
9931
9998
9912
9939
9912
9891
9945
9869
9949
9908
9846
9962
9940
9912
9938
9788
9866
9845
9804
9903
9922
9905
9973
9765
9922
9912
9970
9898
10000
9939
9942
9896
9939
10000
9925
9918
9971
9935
9919
9737
9873
9991
9992
9905
9888
9901
9854
9919
9958
9947
9952
10000
9998
9841
9954
9943
9918
9949
10000
9895
9832
9845
9877
9893
10000
9916
9934
10000
9964
9931
10000
9864
9881
9889
9851
9942
9883
9843
9934
9920
10000
9871
9981
9875
10000
9986
10000
9999
9865
9800
9858
9896
10000
10000
9934
9855
10000
9989
9884
9984
9879
10000
9976
9960
9916
9941
9924
9896
9945
9955
9850
9919
9805
9733
9865
9969
10000
9989
9914
9989
9789
9941
10000
9962
9839
9999
10000
9888
9995
9983
10000
9813
10000
9886
9974
9975
9838
9903
9899
9969
10000
9853
10000
9948
9877
9998
9672
9888
9871
10000
9828
9956
10000
10000
9867
10000
9913
9889
9885
9759
9959
9871
9791
9883
10000
9994
9795
9843
9999
10000
9917
9799
9894
9950
9932
9902
9920
9922
10000
10000
9995
9920
9895
9939
9845
9969
9998
9888
9963
9902
9796
9971
9910
9868
9892
9963
9998
9794
9936
9877
10000
9877
9912
9995
10000
9941
9854
9900
9910
9880
9926
9913
9928
9947
9864
9857
9888
9851
10000
9989
9990
10000
9944
9823
9881
9814
9991
10000
9960
9857
10000
9922
9838
10000
9962
9951
9780
9914
10000
9943
9972
9952
9992
9767
9989
9765
9996
9903
9861
9776
9936
9915
9979
10000
9862
9864
9736
9998
9953
9989
9941
9902
9937
9782
9870
10000
9771
9902
9910
9897
9948
9993
9994
10000
9953
9913
9994
9863
9963
9989
9947
9881
9871
10000
9864
9939
9870
9758
9939
9978
9848
9873
9920
10000
9961
9965
9982
9993
9892
9969
9939
9978
9931
10000
9835
9924
9943
9934
9925
9863
10000
9893
10000
9897
9950
9969
9922
9879
9860
9852
9950
9963
9849
9977
9982
9840
10000
9989
9982
9877
10000
10000
9999
9993
9960
9815
9999
9853
10000
9919
9995
9907
9838
10000
9950
9878
9980
9934
9959
9907
9935
9998
10000
9930
10000
9991
9959
9860
9946
9923
9774
9993
9956
9972
9811
10000
9884
10000
9856
9767
10000
9943
9888
9918
9944
9925
9739
9940
9722
9907
9957
9947
9911
9849
9924
9969
9893
9854
9930
9943
9941
9979
9994
9938
9932
9907
9795
9905
9999
9846
9801
9897
9982
9937
9928
9875
9882
9926
9892
9875
9855
9935
9938
9870
9907
9931
9846
10000
9873
9858
9833
9999
9998
9818
9898
9970
9986
9850
10000
9850
9837
9741
9955
9994
10000
9798
9880
9973
9774
9932
10000
9913
9952
9920
9900
9942
9946
9842
10000
9894
9913
9881
9974
9999
9854
9936
9937
9937
9975
9898
9878
9993
9973
10000
9906
9918
9911
9865
9926
9999
9907
9905
9868
9885
9968
9935
9844
9934
9994
9952
9928
9873
9868
10000
9949
9933
9965
9879
9955
9998
9828
9998
9978
9881
9892
9844
10000
10000
9863
9951
9880
10000
9919
9919
9941
9905
9753
9965
9995
9733
9933
10000
9978
9999
9947
10000
9933
9757
10000
9901
9896
9935
9919
9767
9918
9937
10000
9922
9982
10000
10000
9874
9991
9940
10000
9821
9861
10000
9828
9964
10000
9867
9888
9914
9911
9958
9994
9937
9986
9706
9933
9956
9899
9999
10000
9990
9811
10000
9995
10000
9863
9932
