9890
9926
9952
9961
9915
9925
9940
9916
9842
9884
9910
9870
9968
9908
9935
9876
9961
9765
9863
9863
9957
9890
9870
9838
9960
9954
9963
9974
9894
9908
9902
9912
9871
9880
9934
9911
9934
9938
9931
9844
9883
9888
9906
9999
9895
9875
9946
9842
9840
9916
9895
9889
9926
9862
9894
9904
9956
9966
9946
9963
9972
9907
9947
9978
9867
9865
9809
9929
9851
9950
9976
9905
9870
9954
9873
9845
9981
9876
9899
9864
9901
9901
9886
9938
9888
9929
9905
9972
9970
9916
9916
9910
9856
9904
9920
9989
9859
9996
9787
9970
9889
9839
9882
9841
9829
9873
9976
9982
9885
9840
9942
9887
9897
9885
9897
9918
9933
9973
9949
9888
9862
9909
9936
9754
9808
9837
9965
9964
9880
9976
9903
9867
9883
9881
9903
9845
9775
9936
9782
9944
9968
9918
9908
9848
9875
9941
9962
9955
9941
9908
9968
9932
9908
9856
9854
9906
9905
9933
9883
9960
9893
9985
9704
9947
9861
9883
9986
9853
9873
9813
9973
9905
9991
9924
9890
9768
9926
9980
9953
9995
9971
9960
9890
9829
9842
9862
9839
9926
9851
9753
9911
9914
9849
9951
9950
9867
9805
9851
9870
9914
9922
9885
9935
9893
9843
9872
9958
9825
9908
9849
9948
9863
9850
9901
9807
9871
9824
9905
9959
9935
9974
9912
9917
9889
9781
9926
9890
9915
9921
9938
9962
9933
9782
9971
9939
9925
9929
9845
9881
9949
9956
9918
9969
9891
9791
9990
9966
9908
9967
9955
9943
9911
9974
9977
9862
9872
9876
9850
9945
9966
9920
9871
9873
9762
9977
9900
9843
9865
9912
9906
9933
9914
9989
9962
9926
9922
9979
9853
9988
9927
9939
9853
9939
9977
9928
9949
9936
9981
9820
9953
9902
9901
9893
9940
9814
9918
9953
9948
9963
9853
9997
9935
9941
9964
9735
9978
9928
9982
9802
9777
9851
9901
9890
9927
9893
9979
9863
9853
9820
9932
9965
9941
9947
9926
9983
9923
9798
9740
10000
9843
9857
9929
9893
9943
9915
9981
9876
9903
9907
9921
9920
9967
9924
9829
9961
9835
9654
9874
9900
9866
9896
9819
9877
9954
9923
9962
9876
9956
9908
9975
9910
9936
9945
9888
9989
9931
9922
9889
9901
9693
9877
9898
9983
9915
9824
9878
9971
9868
9908
9853
9882
9959
9822
9921
9837
9915
9942
9878
9937
9929
9995
9963
9854
9922
9956
9845
9943
9929
9951
9907
9943
9980
9937
9955
9940
9909
9907
9974
9968
9906
9750
9944
9949
9902
9971
9962
9852
9899
9905
9801
9884
9910
9825
9819
9998
9930
9929
9957
9917
9860
9895
9896
9873
9920
9919
9839
9963
9913
9945
9908
9939
9968
9915
9859
9886
9958
9919
9916
9931
9953
9906
9893
9856
9892
9789
9911
9909
9994
9816
9867
9755
9877
9938
9922
9961
9909
9903
9927
9869
9900
9855
9788
9902
9881
9969
9925
9962
9922
9934
9957
9890
9813
9991
9863
9869
9898
9840
9902
9932
9946
9955
9986
9914
9835
9952
9972
9850
9918
9904
9905
9993
9924
9944
9900
9989
9899
9992
9930
9867
9995
9918
9909
9973
9930
9946
9832
9687
9850
9869
9997
9877
9965
9879
9888
9935
9777
9954
9875
9923
9990
9903
9983
9916
9899
9834
9847
9786
9923
9942
9961
9832
9880
9928
9961
9937
9968
9965
9886
9958
9896
9876
9933
9877
9873
9906
9963
9882
9914
9962
9811
9891
9861
9936
9938
9921
9828
9915
9913
9885
9823
9807
9822
9929
9967
9844
9834
9940
9944
9771
9865
9998
9989
9933
9828
9917
9907
9873
9984
9834
9926
9889
9915
9902
9956
9828
9890
9886
9940
9892
9831
9994
9987
9923
9923
9850
9919
9883
9925
9927
9799
9958
9825
9855
9878
9913
9796
9976
9858
9818
9856
9884
9887
9855
9907
9897
9888
9898
9911
9926
9943
9811
9924
9906
9965
9880
9973
9941
9918
9989
9844
9885
9842
9960
9959
9864
9879
9914
9897
9863
9928
9885
9885
9902
9876
9893
9872
9862
9910
9919
9817
9910
9979
9914
9953
9800
9928
9772
9932
9892
9853
9949
9859
9908
9927
9929
9804
9906
9883
9904
9881
9959
9863
9870
9782
9860
9938
9946
9908
9916
9780
9978
9887
9841
9746
9862
9843
9967
9843
9813
9941
9974
9985
9910
9901
9916
9851
9862
9950
9895
9952
9906
9877
9923
9922
9888
9874
9922
9911
9876
9891
9930
9979
9923
9792
9893
9792
9893
9706
9934
9908
9965
9915
9937
9912
9852
9862
9953
9906
9927
9973
9844
9816
9884
9931
9980
9939
9985
9887
9929
9913
9905
9923
9938
9917
9939
9919
9932
9960
9952
9914
9891
9873
9841
9949
9887
9912
9939
9956
9866
9935
9766
9977
9926
9769
9883
9856
9913
9884
9930
9867
9975
9781
9765
9942
9760
9968
9872
9951
9858
9888
9964
9907
9991
9999
9915
9908
9938
9920
9851
9929
9785
9801
9933
9963
9822
9866
9927
9882
9941
9971
9930
10000
9971
9936
9886
9889
9893
9969
9940
9769
9831
9888
9879
9859
9881
9881
9910
9890
9847
9900
9910
9902
9930
9863
9940
9957
9959
9760
9913
9926
9965
9894
9628
9772
9919
9772
9846
9900
9956
9888
9824
9948
9928
9965
9858
9943
9954
9937
9934
9930
9926
9959
9711
9971
9869
9974
9938
9886
9906
9965
9877
9831
9803
9925
9892
9887
9853
9926
9961
9837
9964
9949
9951
9905
9923
9898
9877
9965
9902
9891
9857
9936
9935
9932
9889
9926
9913
9935
9729
9854
9860
9931
9951
9899
9909
9903
9971
9856
9960
9973
9913
9912
9686
9869
9887
9828
9937
9918
9919
9930
9929
9952
9885
9853
9944
9902
9877
9944
9904
9950
9944
9984
9942
9962
9880
9857
9870
9860
9963
9974
9995
9942
9807
9864
9959
9940
9854
9901
9974
9970
9995
9837
9964
9891
9845
9898
9946
9897
9915
9928
9888
9863
9939
9808
9832
9793
9825
9927
9933
9796
9846
9962
9950
9944
9971
9943
9842
9924
9936
9882
9881
9811
9867
9863
9851
9928
9887
9920
9920
9948
9935
9997
9942
9912
9945
9907
9823
9906
9860
9938
