10000
10000
9999
9957
9991
9999
9924
10000
9996
9935
10000
9990
10000
10000
10000
10000
9978
10000
9997
9904
9999
9998
10000
9998
9986
9996
10000
9804
10000
10000
9998
9995
9999
10000
9919
9997
10000
9992
9999
9815
9961
9969
9996
10000
9994
10000
10000
9941
10000
9999
9999
10000
9933
10000
10000
9912
10000
9964
9999
9994
9990
10000
10000
10000
10000
10000
10000
10000
9958
10000
9943
10000
10000
9909
9878
9999
9973
9997
9974
9984
10000
9996
9896
9968
9997
9843
10000
10000
10000
9999
9971
9971
10000
9952
9998
9872
10000
9999
10000
10000
9983
9925
9983
10000
9847
10000
10000
9992
9898
10000
9910
9995
9961
9890
9724
10000
9917
10000
9922
9990
9988
10000
10000
9952
9996
9991
10000
10000
9846
10000
9993
10000
9996
9920
10000
9880
10000
10000
9881
9981
10000
9999
9999
10000
9979
9929
10000
9997
9951
10000
10000
9900
10000
9887
9989
10000
10000
10000
9765
10000
9878
10000
9901
10000
9865
10000
10000
10000
9793
10000
9903
9976
10000
10000
9868
9943
9875
10000
9999
10000
10000
10000
10000
10000
9871
10000
10000
10000
9991
10000
10000
10000
9998
9997
10000
10000
9934
9999
10000
10000
10000
9856
9920
9973
9991
9952
9993
9894
9856
9999
10000
9985
10000
9849
9957
10000
10000
9880
10000
9938
10000
10000
9997
9810
10000
9999
9891
10000
10000
10000
9998
9853
9858
10000
9944
9998
10000
9896
9955
9968
10000
10000
9997
10000
9978
9999
9907
9999
9984
9935
9966
10000
10000
10000
9998
10000
9999
10000
9997
10000
10000
9995
9928
9935
9907
10000
9976
9953
9982
9945
10000
9899
9995
9997
9969
9945
9958
9947
10000
9991
9995
9865
9907
9921
10000
9986
9887
9828
9988
9973
9929
10000
9953
9999
9997
9946
9876
9998
9856
9896
9984
9999
9996
10000
10000
9993
9995
9965
9931
9971
9978
9985
9976
10000
10000
9985
9983
9997
10000
10000
9964
9997
10000
10000
9992
10000
9839
9993
9868
10000
9951
9906
9999
9928
9929
10000
10000
10000
9994
9949
9988
9950
9950
9999
10000
10000
10000
9999
9999
10000
10000
9999
9990
9996
9889
10000
9907
9915
10000
9970
9924
9890
10000
9947
9989
9999
9981
9838
10000
10000
10000
9999
9951
9999
10000
9985
10000
9973
9923
9850
10000
9991
9995
9997
9999
9849
9987
10000
9906
9974
9892
10000
9982
9920
10000
10000
10000
9997
9999
9881
9999
10000
10000
9963
10000
10000
9998
9952
10000
9911
9997
9997
9999
10000
10000
9999
9730
9998
9975
9999
10000
9975
10000
9993
9999
9965
10000
9992
10000
9968
10000
9952
9996
10000
9999
9990
9964
10000
10000
9979
9980
10000
9859
9736
10000
10000
10000
9935
9997
9984
10000
9995
9989
9987
9980
9999
10000
10000
10000
9991
9988
9975
10000
10000
9971
9801
9973
9996
9972
9995
9998
9781
9902
10000
9995
9842
9985
9997
10000
10000
9946
9771
9923
9998
9979
9996
10000
9990
10000
9996
10000
9961
10000
9994
10000
9886
9999
10000
9877
10000
10000
9959
9997
9995
9994
10000
10000
9879
9997
9993
9867
10000
9999
10000
10000
10000
10000
9998
10000
9947
9988
9994
9948
9998
10000
10000
9998
9965
10000
9999
10000
10000
9950
10000
9999
10000
10000
10000
9995
9981
10000
9972
10000
9966
9988
10000
10000
9978
9981
9992
9978
9990
9912
9937
9962
9968
9937
9931
9910
10000
9816
10000
9981
9996
10000
10000
9887
9992
9885
10000
10000
10000
9978
10000
9961
10000
10000
9942
9926
9998
9979
9966
9850
9980
10000
10000
9999
10000
10000
10000
9998
9944
10000
10000
9985
9977
9987
9999
10000
9858
10000
10000
10000
10000
9922
10000
10000
10000
9997
10000
9999
9997
10000
9936
9851
9998
9943
9872
10000
10000
9982
9802
10000
9968
9991
10000
9939
9954
10000
10000
10000
9986
9999
10000
10000
10000
10000
9937
10000
10000
10000
9957
10000
9952
10000
9999
9979
9942
9961
9895
9994
9999
9942
9998
9984
9896
10000
9998
9960
10000
9989
10000
9999
9998
10000
10000
9924
9947
10000
10000
9988
9943
9971
9952
9806
10000
10000
10000
10000
9911
10000
9999
9960
9855
10000
9997
9943
9998
10000
9999
9996
10000
9988
9963
10000
10000
9981
10000
9999
9812
9945
10000
10000
9991
9999
9870
9999
10000
9955
10000
9996
10000
10000
10000
10000
9982
10000
9961
9981
9921
9999
10000
10000
10000
10000
10000
9761
10000
9981
9954
10000
10000
9980
10000
9876
10000
9951
9900
9967
9917
9987
10000
9906
9982
9916
9906
9895
9979
9962
10000
9999
9996
9972
10000
9984
9999
9927
9999
10000
9998
9985
10000
10000
9997
9941
10000
10000
9756
9999
10000
9998
9998
10000
9996
10000
9910
9976
9998
9942
9857
9937
10000
10000
10000
9999
9986
9925
9998
10000
10000
9904
10000
9915
10000
10000
9998
9993
9989
9952
9968
9917
9890
9997
9984
10000
10000
9914
10000
9836
10000
9920
9923
9933
10000
10000
10000
9976
9908
9907
10000
10000
9994
9993
10000
10000
9952
9997
9941
9995
10000
9999
9929
9992
10000
10000
9999
9999
10000
10000
9940
10000
10000
9998
9966
10000
9996
10000
10000
9942
10000
10000
10000
9999
10000
10000
9915
10000
10000
9940
9999
9998
9924
9951
10000
9775
9999
10000
10000
9887
10000
9994
9955
9995
10000
9986
10000
9985
10000
9938
10000
9984
9999
9999
9989
9955
10000
9992
9977
9998
9934
9981
9886
10000
10000
10000
9999
10000
9989
9989
10000
9927
9986
10000
10000
9781
9996
9999
9952
9982
9976
10000
9934
9917
9999
9990
9900
9925
9904
9930
10000
9783
9998
9956
10000
9832
10000
9955
9998
9890
10000
10000
9998
9827
10000
9984
9999
9996
9982
9997
10000
10000
10000
10000
9946
9989
10000
9895
10000
10000
9998
9920
10000
9999
9999
9998
9995
10000
10000
10000
9999
9972
10000
10000
9998
9994
9783
9787
9943
9963
10000
10000
10000
9902
10000
10000
10000
9997
9986
10000
9923
10000
9918
9999
10000
10000
10000
9915
10000
9998
9998
9999
9999
9960
10000
10000
10000
10000
9850
9975
10000
