9896
9844
9819
9715
9720
9695
9982
9783
9871
9988
10000
9895
9921
9962
9871
9875
9533
9974
9739
9926
9880
9897
10000
9900
9961
9879
9945
9793
9472
9902
9991
9833
9999
9654
9443
9883
9611
9893
9933
9876
9938
9990
9867
9522
9829
9966
10000
10000
9367
9959
9964
9895
9566
9723
9842
9807
9995
9959
9945
9752
9883
9472
9864
9557
9937
9868
9412
9871
9835
9375
9536
9478
9852
9762
9813
9942
9803
9918
9902
9902
9891
9405
9967
9667
9930
9908
9917
9953
9744
9891
9889
9819
9885
9835
9894
9947
9911
9994
9679
9530
9928
9891
9840
9786
9942
9687
9898
9827
9956
9843
9742
9764
9872
9969
9931
10000
9822
9887
9968
9590
9955
9867
9928
9611
9865
9695
9808
9905
10000
10000
9852
10000
9527
10000
9746
9509
10000
9864
9612
9822
9963
9674
9979
9856
9743
9840
9729
9650
9976
10000
9890
9942
9935
9729
9870
9877
9484
9295
9868
9711
9775
9850
9673
9760
9520
9980
9915
9704
10000
9821
9865
9794
9904
9578
9924
9915
9845
10000
9884
9894
9978
9552
9818
9904
9818
9768
9865
9893
9911
9659
9780
9990
9867
9587
9929
10000
9729
9857
9499
9669
9971
9679
9700
9969
9833
9789
9900
9883
9906
9830
9725
9891
9783
9774
9892
9931
9911
9967
9876
9983
9848
10000
9955
9597
9587
9761
9827
9958
9942
9532
10000
9853
9868
9652
9697
9824
9506
9868
9751
9803
9741
9829
9840
9850
10000
9904
9891
9778
9934
9352
9794
9825
9713
9439
9871
9655
9884
9848
9750
9967
9945
9825
9814
9645
9724
9272
10000
9841
10000
9973
9854
9872
9922
9792
9872
9943
9841
9629
9881
10000
9607
9795
9959
9990
9901
9856
9828
9795
9844
9900
9735
9839
9965
9817
9529
9801
9666
9944
9940
9937
9820
9994
9813
9712
9607
9500
9872
9928
9837
9897
9748
9417
9671
10000
9870
9852
9864
9734
9943
10000
9957
10000
9717
9810
10000
9560
9844
9664
9980
9922
10000
9726
9913
9815
9254
9985
9930
9963
9961
9997
9648
9873
9646
9984
9918
9902
9760
9938
9947
9397
9895
9812
10000
9893
9823
9979
9422
9907
9529
9798
9465
9926
9544
9983
9755
9819
9861
9842
9832
9798
9986
9938
9631
9891
9595
9883
9950
9765
9681
9634
9774
9732
9947
9677
9551
9954
9918
9808
9962
9499
9642
9902
9820
9591
9696
9776
9274
9630
10000
9862
9541
10000
10000
9895
9883
9757
9800
9916
9855
9833
10000
9957
9706
9843
9778
9474
9487
9883
9805
9762
9573
9926
9807
9917
9814
9964
9705
9575
9852
9847
9995
9521
9793
9849
9937
9847
9723
9926
10000
9893
9870
9743
9725
9912
9860
9970
9794
9897
9882
9836
9884
9959
9765
9924
9924
9862
9225
9908
10000
9319
9822
9783
9428
9949
9787
9859
10000
9968
9530
9892
9721
9895
9818
9381
9929
9730
9826
9938
9826
10000
9951
9784
9917
10000
9711
9913
9902
9982
10000
9785
9755
9795
9813
9892
9895
9853
9871
9750
9945
9626
9838
9949
9921
9937
9684
9294
9925
9858
9837
10000
9845
9972
9649
9750
9744
9908
9704
9761
9629
10000
9867
9877
9957
10000
9891
9871
9728
9903
9772
9986
9823
9878
9964
9908
9247
9494
9709
9976
9893
9817
9698
9800
9331
10000
9699
9907
9768
9933
9919
9887
9864
10000
9848
9760
9982
9878
9802
10000
9926
9632
9773
9905
9923
9882
9914
10000
10000
9891
9863
9914
10000
9625
9792
9545
9842
9965
9921
9836
9870
9732
9613
9794
10000
9945
9892
9955
9521
9862
9541
9769
9571
9304
9913
9303
9758
9455
9668
9844
9390
9986
9934
9569
9601
9876
9680
9798
9840
9627
9840
9569
9404
9937
9943
9875
9876
9755
10000
9821
9816
9823
9906
9940
9871
9866
9711
9831
9730
10000
9854
9659
9795
9867
9763
9937
9923
9816
9842
9868
9977
9951
9848
9923
9799
9912
9954
9857
9769
9802
9726
9885
9910
9872
9732
9851
9942
9860
9954
9858
9932
9801
9921
9964
9791
9953
10000
9894
9753
9272
9727
9916
9920
9941
9789
9483
9876
9634
9596
9894
9863
9914
9957
9884
9462
9844
9853
9829
9940
9957
9421
9932
9415
9879
9968
10000
9869
9955
9713
9659
9823
9866
10000
9984
9176
9896
9928
9915
9642
9719
9946
9811
9909
9851
9889
9897
9880
9829
9957
9736
9993
9965
9677
9936
9898
9688
9857
9883
9895
9887
9757
9823
10000
9790
9928
9954
9855
9907
9948
9715
9500
9905
9691
9915
9845
9406
9775
9724
9983
10000
9333
9879
9973
9930
9909
9867
9910
9956
9895
9888
9635
9892
9877
9837
9902
9760
9747
9620
9972
9730
9876
9895
9805
9795
9940
9638
9309
9865
9639
9768
9966
9715
9873
9878
9482
9900
9758
9740
9916
9894
10000
9831
9716
9726
9916
10000
9753
9949
9916
9911
9569
9739
9832
9762
9946
9939
9579
9674
9886
9800
9954
9692
9944
9841
9833
9876
9858
9931
9907
9911
9945
9939
9921
9933
9815
9840
9914
9983
9701
9625
9687
10000
9875
10000
9784
9746
9481
9910
9933
9836
10000
9895
9861
9956
9997
9937
9722
9940
9981
9478
9891
9855
9884
9694
9879
9889
9865
9973
9824
9791
9724
9901
9713
9898
9954
9936
9866
9942
9910
9952
9708
9946
9726
9922
9844
9940
9885
9907
9743
9725
9904
9896
9955
9784
9945
9732
9947
9907
9874
9934
9836
9836
9573
9780
9906
9976
10000
9963
9970
9442
9749
9809
9841
9687
9959
9649
9922
9987
9873
9977
9748
9875
9753
9917
9851
9617
9877
9607
10000
9804
9827
9775
9866
9886
9498
9804
9723
9783
9592
9776
9961
9920
9859
9908
9591
9877
9825
9573
9938
9404
9734
9897
9890
10000
9904
9536
9996
9596
9754
9921
10000
9915
10000
10000
9800
9869
9732
9956
9768
9939
9799
9845
9784
9788
9947
9527
9738
9926
9716
9923
9845
9881
9838
9726
9680
9842
9880
9937
9843
9866
9799
9879
9711
9945
9771
9994
9848
9707
9830
9593
9896
10000
9868
9918
9864
9613
9998
9537
9875
9947
9834
9899
