10000
9998
10000
9893
9951
9919
9912
9797
9890
9991
9916
9853
9929
9990
9805
9857
9870
9916
9918
10000
9940
9901
9887
9891
9905
9951
9848
10000
10000
10000
9926
9830
9865
10000
9960
9928
9997
9902
9967
9895
9906
9945
9920
9960
9992
9924
10000
9825
10000
9923
10000
9912
9968
9941
9872
9985
9999
9917
10000
9943
9957
10000
9898
9894
10000
9898
10000
9948
9999
10000
9951
10000
9735
9904
9920
9949
9983
9890
9967
9999
10000
9912
9925
9916
10000
9986
9992
10000
9913
9782
9889
9909
9850
9911
9831
9863
9942
10000
9801
9895
10000
9883
9912
10000
9976
9815
9945
9861
9977
9885
9867
9910
9926
9874
9913
9926
9934
9900
9994
9890
9930
9859
9918
9918
9853
9964
9887
9895
9969
9964
9896
9769
9997
9952
9998
9945
10000
9994
9968
9907
9850
9945
10000
9984
9980
9891
9998
9798
9833
9906
9887
9868
9923
9940
9957
9965
9837
9878
9908
9921
9998
9900
9993
9958
9807
9968
9939
9939
9909
9856
9861
9930
9765
9929
9861
10000
9900
9904
10000
9885
9997
9974
9913
9963
9936
9903
9822
10000
9798
9961
9993
9889
9998
9843
9960
9906
9763
9866
10000
10000
9916
9890
9907
9940
9942
9944
9964
9990
10000
9927
9998
9809
9893
9914
9925
9940
9999
9930
9952
9849
9862
9898
9858
9939
10000
9965
9920
9928
9941
9999
9898
10000
9952
10000
9807
10000
9881
9991
10000
9930
10000
9854
9891
9932
9960
9922
9948
9994
9898
9946
9942
9923
9957
9883
10000
9981
9854
9906
9999
9900
9867
9884
9959
9922
9942
9775
9954
9847
9886
9879
9950
9861
10000
9926
9836
10000
9881
9934
9818
9955
10000
9886
9964
9976
9972
9992
9921
9912
9804
9926
9973
9906
9918
9810
9990
9921
9928
9987
10000
9946
9870
9892
9875
9955
10000
10000
9956
9989
9920
9918
9895
9947
9889
9956
9948
9874
9933
9878
9893
9941
9944
9879
9785
9993
9865
9977
9875
9929
9731
9753
9900
9962
9895
9971
9934
9826
9961
9946
9994
9979
10000
9926
10000
9940
9932
9998
9866
9930
10000
9840
9838
10000
9972
9872
10000
9911
9899
9980
9989
9994
9869
9969
9981
9829
10000
9982
9979
9966
9938
9987
9927
9933
9876
9956
9708
9921
9914
9812
9945
9992
9937
9915
9796
9924
9975
9783
9902
9921
10000
9999
10000
9800
9960
9960
9952
9949
9940
9965
9918
9895
9921
10000
9936
10000
9985
9999
9874
9942
9998
9925
9909
9866
9988
9860
9714
9941
9880
9891
9965
9889
9940
10000
10000
9847
9883
10000
9906
10000
9999
9848
9889
9985
9888
9774
9898
9921
9956
9881
9864
9895
9858
10000
9788
9859
9942
10000
9845
9647
9867
9819
9861
9867
10000
9908
9975
9889
9914
9835
10000
9939
9951
9996
9960
9902
9896
10000
10000
9940
9823
9940
9812
9941
10000
10000
9942
9771
9938
10000
10000
9938
9932
9899
9872
9963
10000
9952
10000
9921
9776
10000
9827
9963
9887
9843
9909
9758
9842
9972
9939
10000
9753
9925
9962
9994
9868
9950
9960
9909
9926
9910
10000
9819
9742
10000
10000
9950
10000
9919
9931
10000
9928
10000
10000
9979
9777
9845
9797
9978
9905
9999
9923
10000
9913
9888
10000
10000
9927
9914
9839
9984
9850
9903
9943
9970
9923
9879
9997
9882
9925
9981
9925
9996
9816
9923
9864
10000
9946
9825
9881
9999
9805
9817
9983
9853
9860
9949
9822
9817
9768
10000
9854
9933
9947
9914
9979
10000
9964
9915
9926
9969
9963
9776
9955
9969
9910
10000
9999
9856
10000
9797
9979
9894
9946
9917
9927
9980
9868
9972
9851
10000
9890
9923
9816
9999
9951
9857
10000
9970
9844
9990
9996
9964
9850
10000
9848
9939
10000
9926
9971
9954
9779
9998
9978
9853
9812
9980
9864
9870
9883
9941
9958
9918
9809
9873
9805
9997
9966
9975
10000
9979
9886
9996
9846
9865
9973
9965
9910
9882
9881
9879
9962
9921
9925
9968
9897
9836
9807
10000
9946
9866
9902
9913
9939
9934
9909
9943
9989
9930
9994
9966
9959
10000
10000
9939
9948
9893
9847
9934
10000
9914
10000
9898
9835
9928
9903
10000
9999
9960
9819
9980
9889
9900
9837
10000
10000
9931
10000
9910
9962
9880
9999
9979
9867
9784
9921
9952
9937
9859
9774
9948
9997
9950
9998
9556
9932
9920
9879
9900
9899
9998
9968
9930
9979
9975
10000
9949
9776
9868
9998
9864
9978
9913
9951
9906
9928
10000
9928
9757
9804
10000
9965
9998
9935
9710
9999
9800
9983
9998
9840
9936
10000
9863
9886
9999
9901
9946
9975
9987
9938
9956
9913
10000
9946
10000
9966
9962
9858
9927
9836
9900
9938
9888
9897
9971
9922
9904
9869
9914
10000
10000
9999
10000
9948
9891
9751
9975
9991
9803
10000
9918
9901
9895
9959
9943
9998
9998
9979
9933
9833
9908
9940
9937
10000
9969
9951
10000
9944
9976
9910
9951
9911
9777
9916
10000
9991
9969
9802
9997
9931
10000
9979
9988
9913
9979
9886
9911
9852
9849
9972
9879
9906
9914
10000
9966
9955
9922
10000
9898
9910
9913
10000
9918
10000
9936
9864
10000
10000
9879
9837
9943
10000
9901
9911
9928
10000
9938
10000
9979
10000
9922
9933
9911
9979
9841
9783
9907
9936
9905
10000
9909
9937
9899
9976
9848
9905
9987
9899
9935
10000
9999
9905
9803
9965
9938
10000
10000
9916
9769
9932
9894
10000
9857
9960
9926
9930
9869
9942
9996
9862
10000
9913
9879
9859
9998
9835
9926
9831
9958
9893
9948
9904
9828
9942
9945
9884
9997
10000
9891
9864
9925
9849
9894
9927
9820
9877
9942
9972
9900
9935
9861
10000
9836
10000
9991
9958
9945
9892
9959
9890
9993
10000
9875
9911
9951
9998
9928
9901
9822
9848
9969
9861
9963
10000
9958
9890
9774
9894
9921
9868
10000
9970
9997
9841
9993
9797
10000
9927
9906
9804
9990
9935
9978
9859
9905
9901
9854
9914
9926
9937
9891
9933
9949
9911
9926
9998
9906
9749
9815
9998
9920
9895
10000
9899
9921
9837
9971
9887
9890
9735
10000
