9937
9828
10000
9985
10000
9814
9914
9893
9927
9840
9925
9990
9929
10000
10000
9891
9900
9857
9907
9974
9971
9858
9880
9998
9902
9899
9824
9952
9994
9949
9908
9999
9856
9939
9856
9813
10000
10000
10000
9996
9857
10000
9896
9881
9975
9938
9955
9721
10000
9976
9987
9840
10000
9916
9759
9877
10000
9988
9894
9908
9855
10000
9815
9978
9958
9922
9926
9915
9973
9862
9853
9917
9940
9920
9934
9932
9907
9840
9997
9966
9913
9905
9999
9946
9949
9821
9956
9962
9895
9892
10000
10000
9990
9861
10000
9986
9858
9807
9808
9852
9927
9979
9941
9861
9922
9826
9999
9977
9908
10000
9938
9943
9959
9890
10000
9839
10000
9838
9933
9971
9959
9925
9951
9923
9932
10000
9967
9817
9943
9827
9999
10000
9929
10000
9858
9978
9851
9903
10000
9942
9879
9888
9734
9999
9996
9859
9943
9844
9918
9921
9861
9921
9944
10000
9916
9955
9813
9890
9925
10000
9789
9890
10000
9891
9927
9862
9965
9890
9984
9957
9973
10000
9990
10000
9888
9923
9892
9965
9932
9915
9996
9946
9897
9893
9998
9894
9803
9903
9853
9996
9952
9979
9975
9782
10000
10000
9719
10000
10000
9968
9937
9890
9847
9888
9833
9931
10000
9734
9973
9887
9908
9857
9875
9890
9868
9848
9962
9953
9787
9874
9918
9841
9871
9953
9938
9999
10000
9942
9961
9807
9953
9859
9892
9815
9828
9934
9860
9807
10000
9974
10000
9895
10000
9965
9847
9922
9899
10000
9808
9983
9993
9845
9780
9898
9918
9906
9938
9950
9898
9942
10000
9898
9998
9867
9934
10000
9905
9920
9842
9914
9912
9880
9967
10000
9873
9927
9919
9995
9991
9789
9942
9996
9977
9898
9864
9832
9919
9948
9999
9919
9713
9942
9908
9993
9902
10000
9911
9885
9908
9943
9963
9897
9842
10000
9784
9926
9925
9886
9999
9907
10000
9892
9841
9940
9994
9993
10000
9932
9903
9960
9877
9999
9914
9970
9943
9999
10000
9998
9904
9978
9894
9861
9922
9826
9966
9842
9936
10000
9823
9991
9876
9858
9964
10000
9881
9852
9915
9882
9897
10000
10000
9960
9995
9923
9826
9778
9948
9998
9962
9939
9957
9995
9861
9922
10000
9939
9812
10000
10000
10000
10000
9975
9965
9908
9996
9927
10000
9906
10000
9926
10000
9927
9954
9925
10000
9884
9881
10000
9890
9839
9975
9985
9898
10000
9847
9949
10000
9973
9876
10000
9985
9880
9882
9853
9876
9908
9995
9931
9929
9969
9904
9914
9999
9954
9831
9999
9800
9939
9914
9986
9810
10000
9913
9857
9866
9990
9925
9919
9808
9885
9937
9895
9898
10000
9884
9996
9914
9995
9950
9826
9936
9973
9932
9912
9863
9994
9909
9858
9923
9924
10000
9954
9972
9842
9898
9887
9951
9940
9887
10000
9932
9911
9999
9957
9900
9886
9999
9932
9932
9991
9999
9999
9792
9869
10000
9998
9934
9928
9805
9894
10000
9970
9964
9877
9789
9950
9961
9862
9998
9973
9980
9909
9996
9885
10000
9944
9992
10000
9962
10000
9959
10000
9885
9911
10000
9930
9950
9916
9937
9957
9912
9845
9957
9928
9859
9979
9900
9926
9946
9912
9992
9884
9952
9850
10000
9936
9907
9993
9870
9865
9880
9953
9871
9874
9951
9824
9990
9909
9960
9820
9812
9976
9917
10000
9984
10000
9944
10000
9854
9834
9847
9959
9954
9988
10000
9908
9893
9855
9893
9998
9885
9960
9931
9879
9752
9826
9991
9947
9865
9903
9889
10000
9869
9932
9913
9930
10000
9921
9834
9913
9873
9920
10000
9999
10000
9841
9971
9944
10000
9861
10000
9906
9894
9858
9913
9919
9765
9834
9961
9881
9865
9877
9938
9916
9914
9928
9927
9861
9922
9897
9999
9990
10000
9870
9944
9957
9884
9938
9928
10000
9907
9841
9904
9926
9952
9870
9970
9932
10000
9910
9966
9899
10000
9921
9962
9857
9888
9998
9922
10000
9990
9938
9796
9953
10000
9890
9920
9964
9908
10000
9909
9898
9910
9893
9962
9860
9814
9857
9982
9923
9934
9999
9868
9836
9992
10000
9942
10000
9896
9972
9921
9944
9941
9891
9928
9995
9973
9817
9951
9887
9930
10000
9904
10000
10000
9907
9988
9958
9861
9881
9991
9912
9947
9911
9934
9941
9919
9934
9846
9953
9957
9872
9923
9973
10000
10000
10000
9893
9963
9944
9787
9922
10000
9815
9907
9948
9933
9997
10000
9925
9856
9858
9977
9982
10000
9875
9909
9889
9901
9880
9951
9937
10000
9904
9834
9990
9966
9997
9925
9919
9916
9921
10000
9836
9972
9856
9970
9894
9876
9892
9823
9891
9919
9916
9882
9988
10000
9928
9999
9988
9888
9946
9999
9937
10000
9690
9903
10000
9824
10000
9853
9999
9813
9960
9972
9908
9923
9945
9935
9971
9935
10000
9902
9999
9864
9921
9948
9995
9883
10000
9850
9814
9822
9940
9989
9907
9948
9809
9951
9838
9940
10000
9891
9882
9930
9955
9989
9977
10000
9912
10000
9795
9892
9885
9901
10000
9929
9833
9957
9892
9874
9958
9916
9990
9907
9933
9913
9921
10000
9844
9864
10000
10000
9951
9951
9987
9913
9943
9905
9929
9893
9969
9888
9925
9917
10000
9915
9856
10000
9939
10000
9904
9824
9986
9964
9897
9937
10000
9985
9875
9928
10000
9841
9999
9852
10000
9880
9909
9894
9915
9898
10000
9851
9817
9976
9983
9889
9961
9905
9997
9774
9952
9836
9985
9997
9807
9986
9990
9924
9787
9834
9985
9914
9876
9998
9924
9890
9891
9900
9971
9999
9913
9951
9935
9737
10000
9708
10000
9818
9860
9957
10000
9950
9949
9974
9957
9818
9966
9936
10000
9927
9904
9982
10000
9962
9850
9908
9944
10000
10000
9814
10000
9904
9963
9942
9966
9851
9986
10000
9815
9999
9888
9918
9942
9961
9866
9928
9856
9892
9996
9976
9919
10000
9776
9999
9997
9941
10000
9932
9929
9923
10000
9940
9955
9916
9847
9812
9707
10000
9945
9985
10000
9824
10000
9932
9951
9854
9842
9984
9962
9967
9898
10000
9933
9950
9880
9893
9910
9852
9941
9978
9926
9856
9996
9961
9908
9872
9994
10000
10000
