9938
9914
9983
9909
9909
9906
9846
9958
9902
9952
9719
9903
9960
9818
9825
9840
9902
9832
9913
9947
9960
9992
9949
9943
9945
9928
9867
9947
9740
9916
9937
9955
9877
9889
9897
9855
9912
9969
9833
9837
9813
9856
9964
9932
9924
9873
9891
9946
9949
9907
9945
9945
9887
9807
9937
9912
9936
9877
9991
9940
9878
9863
9918
9824
9898
9895
9881
9942
9907
9935
9919
9926
9858
9895
9946
9843
9893
9918
9858
9920
9910
9917
9939
9877
9807
9810
9914
9873
9939
9904
9950
9932
9953
9872
9919
9824
9823
9929
9932
9954
9897
9857
9942
9770
9738
9957
9933
9934
9882
9900
9860
9931
9892
9954
9840
9867
9986
9950
9916
9807
9842
9902
9906
9854
9900
9932
9880
9923
9942
9818
9953
9917
9925
9936
9904
9960
9963
9927
9878
9953
9966
9937
9917
9917
9920
9926
9938
9991
9916
9883
9840
9876
9961
9839
9840
9901
9923
9919
9909
9924
9882
9895
9932
9954
9827
9832
9972
9978
9956
9963
9815
9903
9945
9865
9913
9909
9908
9917
9965
9824
9905
9845
9936
10000
9909
9840
9769
9902
9914
9813
9978
9890
9943
9956
9837
9950
9956
9892
9879
9918
9900
9914
9977
9768
9917
9971
9946
9928
9933
9979
9920
9916
9862
9969
9920
9917
9978
9923
9970
9788
9860
9907
9899
9807
9770
9980
9834
9964
9885
9873
9955
9987
9930
9919
9852
9912
9948
9952
9911
9944
9941
9872
9944
9902
9990
9962
9886
9906
9928
9942
9980
9894
9961
9859
9928
9960
9880
9929
9949
9848
9931
9912
9974
9841
9912
9972
9979
9823
9958
9928
9944
9825
9889
9924
9853
9911
9882
9920
9922
9801
9895
9853
9873
9937
9865
9887
9939
9973
9855
9993
9894
9891
9890
9831
9925
9858
9911
9969
9915
9892
9895
9820
9883
9901
9930
9852
9972
9925
9920
9929
9961
9889
9894
9981
9920
9919
9866
9921
9955
9929
9901
9839
9817
9883
9920
9966
9964
9870
9939
9995
9844
9930
9890
9920
9806
9839
9907
9930
9946
9815
9887
9890
9918
9948
9973
9915
9948
9921
9954
9938
9867
9926
9932
9972
9917
9886
9896
9911
9961
9832
9909
9915
9909
9856
9931
9865
9924
9913
9822
9941
9965
9959
9880
9871
9876
9943
9940
9933
9922
9885
9841
9951
9928
9835
9923
9963
9905
9948
9932
9914
9839
9954
9987
9919
9845
9883
9801
9891
9824
9799
9964
9919
9902
9860
9942
9806
9900
9930
9962
9902
9920
9915
9933
9957
9911
9898
9852
9845
9927
9950
9933
9902
9975
9910
9923
9976
9894
9987
9942
9930
9900
9876
9887
9928
9891
9942
9953
9901
9952
9891
9945
9927
9988
9998
9860
9968
9822
9962
9953
9880
9887
9823
9967
9935
9895
9843
9920
9868
9933
9859
9886
9970
9916
9886
9943
9882
9936
9905
9961
9911
9912
9892
9940
9939
9982
9969
9982
9870
9891
9937
9860
9928
9985
9847
9790
9914
9781
9873
9869
9958
9931
9943
9960
9850
9924
9824
9968
9908
9953
9915
9721
9918
9916
9742
9872
9925
9917
9878
9888
9943
9856
9912
9909
9937
9863
9836
9949
9836
9858
9974
9950
9869
9929
9919
9951
9870
9864
9907
9967
9954
9875
9930
9753
9945
9986
9901
9946
9886
9975
9977
9927
9815
9878
9896
9955
9874
9882
9979
9846
9934
9966
9821
9751
9928
9898
9888
9942
9962
9788
9772
9915
9910
9920
9861
9842
9964
9947
9908
9950
9894
9844
9897
9984
9875
9831
9824
9877
9836
9941
9866
9889
9894
9908
9928
9836
9863
9958
9936
9892
9988
9951
9851
9765
9974
9904
9885
9929
9942
9904
9829
9879
9952
9727
9879
9871
9980
9934
9905
9961
9932
9906
9878
9916
9944
9921
9863
9962
9872
9976
9842
9897
9858
9884
9968
9920
9836
9865
9728
9900
9952
9793
9946
9943
9984
9961
9941
9824
9861
9844
9919
9934
9859
9924
9933
9845
9873
9941
9933
9852
9888
9883
9936
9918
9859
9943
9841
9959
9808
9987
9910
9800
9897
9966
9851
9897
9938
9918
9762
9948
9915
9953
9924
9896
9973
9837
9799
9931
9893
9917
9810
9942
9917
9870
9919
9910
9846
9916
9912
9877
9905
9904
9972
9949
9905
9992
9967
9728
9963
9986
10000
9975
9946
9823
9886
9940
9925
9801
9754
9907
9991
9957
9871
9708
9905
9895
9944
9883
9927
9934
9928
9902
9743
9903
9940
9904
9878
9818
9898
9964
9890
9931
9885
9959
9771
9935
9862
9972
9910
9601
9818
9912
9892
9889
9903
9968
9822
9932
9946
9819
9877
9867
9921
9740
9868
9927
9861
9974
9953
9927
9889
9937
9826
9762
9889
9892
9823
9902
9808
9942
9862
9951
9921
9825
9993
9834
9934
9869
9963
9887
9925
9946
9864
9945
9877
9907
9813
9952
9928
9932
9945
9859
9831
9899
9923
9920
9934
9967
9838
9960
9917
9958
9889
9924
9915
9899
9948
9909
9928
9920
9943
9955
9898
9911
9875
9932
9986
9920
9902
9968
9862
9999
9947
9926
9928
9901
9851
9700
9936
9852
9963
9831
9929
9992
9939
9942
9907
9966
9944
9847
9908
9945
9814
9907
9973
9913
9893
9888
9849
9928
9874
9955
9774
9926
9959
9986
9860
9871
9878
9965
9843
9981
9969
9893
9972
9912
9965
9911
9889
9901
9789
9898
9885
9843
9932
9856
9907
9929
9965
9904
9861
9910
9921
9882
9901
9896
9834
9983
9917
9903
9802
9939
9952
9910
9958
9887
9900
9961
9971
9878
9973
9855
9853
9961
9934
9783
9917
9650
9946
9820
9852
9873
9915
9969
9784
9914
9967
9912
9873
9788
9923
9897
9873
9983
9999
9900
9893
9837
9976
9933
9911
9963
9843
9920
9969
9895
9914
9970
9748
9953
9916
9974
9925
9924
9941
9886
9906
9963
9825
10000
9934
9957
9861
9978
9922
9976
9778
9897
9660
9962
9876
9933
9819
9862
9964
9972
9918
9939
9949
9905
9760
9854
9962
9877
9960
9910
9900
9957
9957
9901
9913
9912
9937
9878
9943
9932
9680
9969
9915
9887
9954
9769
9928
9948
9824
9984
9896
9976
9955
9921
9911
