9882
10000
10000
10000
9780
9972
9881
9927
10000
9899
9901
9964
9980
9958
9901
9953
9876
9941
10000
9987
10000
9869
9906
9967
9914
9943
9971
9888
9929
9675
9999
9965
10000
9835
9858
9998
9957
9883
9906
9950
9930
9901
9999
10000
9857
9997
9980
9852
9783
9983
9922
9882
9875
9912
10000
9967
9948
9881
9908
9803
9966
9995
9908
9791
9953
9847
9909
9945
9935
9758
10000
9995
9929
10000
9894
9852
9934
9998
9771
9966
9938
9952
9859
9998
9987
9782
9935
9999
9963
9908
9836
9863
10000
9945
9945
9822
10000
9974
9908
9881
9933
9876
9927
9906
10000
9927
9862
10000
9764
9929
10000
9945
9877
10000
10000
9919
9971
9839
9829
9992
9959
9922
9946
9753
9825
9939
9880
9998
9955
9885
9978
9907
9941
9956
9985
9894
9959
10000
10000
10000
9946
10000
9939
10000
9896
9985
9987
9876
9916
9998
9999
9963
9957
9870
9967
9930
9946
9961
9989
9834
9973
9831
9991
9920
9892
9824
9849
9990
10000
9920
9916
9923
10000
9999
9891
9910
10000
9863
9869
9854
9940
9959
9946
9921
9991
9867
9955
9918
10000
10000
9995
9931
10000
10000
9887
9942
9850
9768
9838
9980
9876
9893
9993
9932
9913
9913
9887
9949
9997
9931
9971
9895
10000
10000
9999
9847
9792
9983
9967
9897
9990
9951
9922
9975
9850
10000
9912
10000
9769
9970
9912
9955
10000
10000
9902
9970
9984
10000
9950
9985
9978
9968
10000
9936
9974
9884
9930
9957
9714
9998
9766
9989
10000
10000
9899
9946
10000
9962
10000
9912
9908
9920
9990
9936
9916
9865
10000
9848
9930
9853
9915
9975
10000
9999
9918
9946
9877
9974
9762
9947
9935
9899
9821
9998
9938
9833
10000
9821
9906
9544
10000
10000
9874
9894
9937
9917
9893
9942
9936
9913
9863
9875
9958
9744
9942
9993
9797
9993
9981
9916
9941
9917
9879
9926
9917
9909
10000
10000
9961
9897
10000
9905
9962
9837
9867
9862
9935
9871
9895
9964
10000
9900
10000
10000
9997
9888
9950
9864
9947
10000
9832
9865
9901
9822
9911
10000
9860
9983
10000
9947
9952
9969
9952
9922
9999
9889
10000
10000
9990
9984
9939
9949
9880
9947
9928
9866
9970
9904
9863
9832
9817
10000
10000
10000
9928
9943
9872
9789
10000
9888
9949
10000
9850
9976
9932
9821
9939
9847
9881
10000
9857
9902
9994
9945
9896
9878
9908
9961
9966
9929
9830
9935
9942
9928
9998
9987
9887
9993
9833
9938
9934
10000
9979
9961
9998
9858
9930
9982
9940
9829
9868
9910
9902
9891
9878
9827
9971
9999
9752
9974
9933
9995
9872
9894
9995
9892
10000
9874
9997
9898
9891
9887
9954
9998
9876
9999
9991
9816
9949
9999
9894
9865
9943
9857
9854
9949
10000
9963
9907
10000
9949
9944
9937
9931
9910
9881
9843
10000
9828
10000
9877
10000
9907
9939
9889
9859
9961
9820
9997
9868
10000
9929
10000
9894
9916
9761
9925
9974
9943
9984
9996
9954
9969
9880
9898
9990
10000
9856
9966
10000
10000
9827
10000
9933
9889
10000
9839
9988
9899
9823
9910
9851
9825
9955
9979
9956
9943
9946
9930
9893
9927
9918
9931
9930
10000
9929
9843
9991
10000
9890
9996
9999
9813
9975
9844
9872
9974
9924
9906
9906
9984
9940
10000
9935
9878
9813
9897
10000
9882
9926
9806
10000
9944
9902
9892
10000
9923
10000
9980
9908
9958
10000
9992
10000
9828
9942
9994
9916
9774
9923
9927
9904
9856
9964
9844
9918
9907
9999
9863
9907
9852
9902
9954
9861
9997
9935
9971
9922
9861
10000
9857
10000
9813
9998
9919
9737
9940
9970
10000
9954
9868
9861
9998
9910
9901
9999
9996
9978
9720
9980
9776
9997
10000
10000
9988
9964
9937
9970
9971
9997
9936
9883
9992
9867
9939
10000
10000
9850
10000
9888
9922
10000
10000
9974
9979
9867
9782
9903
9963
9909
9954
9901
9996
9975
9918
9883
9995
9985
9965
9931
9773
9920
9975
9909
9991
9982
9948
9979
9999
9999
9953
9908
9791
9998
9944
10000
9943
9910
9994
9928
9867
10000
9912
9990
9943
9999
9944
9949
10000
9860
9952
9854
9936
9884
9898
9943
9920
9894
9929
9921
9878
9927
9892
9998
10000
10000
9938
10000
9907
9886
9986
9937
9946
9947
10000
9944
9993
9897
9958
9881
9978
9997
9892
9986
9992
9968
9828
9921
9898
9915
9989
9813
9925
9852
9956
9974
9939
9976
9899
9998
9913
9945
9934
9884
9986
9953
10000
9795
9896
9926
9957
9787
10000
10000
10000
9980
9999
9906
10000
9964
10000
9963
10000
9871
10000
9780
9920
9985
9977
10000
9950
9983
10000
9866
9947
9941
9984
10000
9896
9970
9912
10000
10000
9955
9905
9882
9835
9913
9996
10000
9850
9869
9850
10000
9999
9863
9984
9998
9913
9946
10000
10000
9959
9984
9910
10000
9970
9918
10000
9849
9919
9843
9856
9784
9846
9915
9999
9936
10000
9924
9861
9908
10000
9832
9882
9900
9879
9873
9900
9917
9947
9871
9869
10000
9924
9955
10000
9925
10000
9997
9875
10000
9944
9946
9910
9898
9889
9837
9853
9947
10000
9925
9831
9999
9870
9878
9932
9933
9856
9955
9899
9924
9981
9992
9854
9943
9888
9997
10000
9783
10000
9790
9848
9986
9847
9855
9990
9932
9937
9992
9973
9787
10000
9941
9890
9902
9817
9986
10000
9849
9936
9937
10000
10000
9978
9802
9956
9938
9942
9912
9833
9998
10000
9863
9895
9922
9798
9899
9989
9931
9945
9877
9844
9950
9999
9998
9919
9926
9959
9915
10000
10000
9866
9981
9882
9846
9891
9899
9997
9908
9913
9820
10000
9991
9970
9971
9972
9831
9948
9899
9721
9935
9873
9815
9807
10000
9833
9928
9870
9960
9955
9917
9892
9957
9979
10000
9945
10000
9970
10000
9740
9999
9998
10000
9710
9918
9977
9983
9890
10000
9949
9924
9967
9897
9992
9925
9927
9868
9888
9910
9865
10000
9928
10000
9999
9899
9998
10000
9982
9936
9842
10000
9994
9980
9949
10000
9861
9901
9879
9888
9931
10000
9891
9896
9915
9959
10000
9967
9880
9926
