9720
9902
9831
10000
9988
9999
9931
9980
10000
9999
9980
9810
10000
9926
9917
9999
9998
9998
9992
9974
9973
9925
9928
9986
9995
9569
10000
9988
9745
9527
9871
9977
9579
10000
9993
9995
9514
9461
9999
9999
9786
9942
9862
9845
9973
9883
9855
9556
9978
9725
9400
9892
9957
9965
9905
9974
9367
9978
9947
9997
9962
9995
9956
9993
10000
9999
9958
9998
9995
9954
9966
9975
9647
9898
10000
9634
9383
9993
9994
9534
9460
9999
9956
9983
9709
9784
9955
9867
9931
9886
9977
9763
9977
9731
9459
9993
9998
9948
9987
9999
