10000
9629
9996
9720
9601
9863
9714
9546
10000
9777
9948
9647
9924
9736
9805
10000
9640
10000
9244
9933
9481
9970
9903
10000
9255
9922
9891
10000
9583
10000
9999
9862
10000
9999
9982
9953
10000
10000
9801
9277
9944
9822
9592
9669
9729
9596
9750
9879
9807
9888
9505
9466
10000
10000
9780
9999
9988
9674
9890
9715
9549
10000
9761
9559
9878
10000
9741
9377
9742
9794
9998
10000
9745
9769
9792
10000
10000
9565
9701
9817
10000
9999
9593
9995
10000
10000
9761
9234
9663
10000
9960
10000
9655
10000
9735
9820
9724
9680
9893
9567
