10000
9835
10000
9987
10000
9896
10000
9942
9474
9989
9972
9985
10000
10000
10000
10000
9997
9637
9998
10000
10000
10000
10000
9952
9744
9998
9911
9999
9925
9994
10000
9999
9868
10000
9898
9988
9932
10000
10000
9663
9999
9881
9985
10000
9899
10000
9926
9995
9987
10000
10000
10000
10000
10000
10000
9986
9985
9918
9880
9994
10000
9992
10000
9996
9997
9995
9994
9993
9999
9987
9808
10000
9936
9990
9995
10000
9979
10000
9998
9997
9998
9988
10000
10000
10000
9993
10000
9997
10000
10000
10000
9930
10000
9838
9999
10000
9927
9985
9997
10000
