9703
9597
9908
9854
9863
9882
9904
9808
9405
9880
9794
9662
9527
9732
9812
9849
9790
9749
9704
9942
9679
9582
9812
9544
9969
9650
9853
9089
9396
9797
9911
9731
9738
9899
9949
9907
9683
9550
9806
9596
9644
9958
9999
9712
9647
9995
9589
9968
9671
9907
9688
9785
9797
9324
9909
9787
9486
9813
9599
9567
9527
9686
9775
9562
9430
9814
9670
9853
9625
9490
9794
9761
9712
9587
9905
9653
9927
9882
9918
9753
9923
9816
9312
9570
9841
9758
9826
9722
9900
9488
9870
9820
9840
9951
9830
9750
9762
9583
9808
9777
