9653
9358
9816
9706
9650
9765
9890
9567
9512
9767
9736
9486
9959
9448
9276
9402
9728
9794
9823
9793
9862
9843
9934
9799
9959
9740
9905
9815
9920
9875
9995
9914
9739
9720
9910
9632
9473
9885
9970
9811
9203
9829
9984
9995
9903
9618
9469
9762
9525
9556
9909
9870
9758
9711
9872
9806
9782
9880
9803
9884
9990
9711
9793
9725
9965
9710
9993
9474
9789
9793
9716
9565
9673
9977
9877
9836
9666
9689
9792
9927
9794
9911
9726
9642
9902
9550
9633
9950
9940
9992
9988
9592
9841
9947
9649
9907
9465
9573
9349
9976
