9711
9827
9687
9454
9655
9426
9515
9687
9618
9632
9692
9821
9611
9289
9595
9811
9692
9894
9728
9897
9946
9878
9791
9759
9430
9655
9680
9865
9962
9807
9990
9917
9715
9604
9666
9835
9977
9885
9895
9598
9636
9705
9606
9981
9861
9527
9640
9601
9840
9976
9437
9481
9872
9837
9520
9986
9654
9849
9496
9774
9623
9982
9967
9671
9820
9906
9842
9595
9569
9354
9623
9593
9923
9877
9302
9852
9862
9759
9882
9574
9749
9666
9549
9868
9639
9890
9972
9802
9811
9704
9490
9630
9958
9560
9461
9996
9837
9453
9889
9272
