9884
9765
9939
9842
9691
9921
9704
9769
9754
9525
9916
9617
9993
9852
9541
9963
9705
9591
9605
9980
9703
9804
9835
9885
9243
9700
9387
9740
9932
9898
9815
9304
9740
9299
9326
9826
9581
9860
9613
9660
9688
9497
9734
9318
9789
9724
9768
9946
9775
9366
9844
9872
9577
9820
9734
9836
9932
9716
9767
9402
9827
9773
9636
9834
9686
9785
9783
9715
9726
9575
9994
9786
9880
9673
9732
9596
9821
9822
9796
9495
9726
9725
9973
9643
9972
9902
9363
9610
9820
9798
9781
9638
9878
9738
9555
9782
9623
9634
9474
9395
