9139
9839
9844
9545
9436
9718
9838
9703
9458
9648
9873
9740
9728
9911
9747
9751
9828
9833
9770
9741
9556
9965
9969
9607
9362
9657
9441
9611
9776
9459
9625
9398
9833
9596
9883
9570
9894
9566
9711
9804
9605
9598
9671
9593
9979
9791
9596
9605
9422
9272
9789
9649
9739
9722
9854
9784
9727
9990
9932
9588
9662
9790
9619
9752
9598
9433
9471
9792
9790
9532
9864
9580
9830
9929
9672
9337
9745
9631
9713
9478
9993
9764
9585
9790
9548
9451
9921
9889
9652
9583
9720
9520
9553
9563
9455
9881
9622
9747
9940
9813
